4 0.43515625 0.28515625 0.090625 0.06875
3 0.2671875 0.82890625 0.084375 0.0625
2 0.2328125 0.215625 0.1109375 0.0578125
3 0.4109375 0.39765625 0.115625 0.0984375
1 0.62890625 0.50625 0.0359375 0.0203125
1 0.6765625 0.475 0.034375 0.0203125
1 0.084375 0.41328125 0.034375 0.01875
1 0.6953125 0.89609375 0.0359375 0.021875
1 0.63203125 0.484375 0.034375 0.01875
4 0.77578125 0.8375 0.08125 0.0609375
1 0.2390625 0.52890625 0.0359375 0.0203125
2 0.7546875 0.23125 0.1140625 0.05
1 0.28125 0.49921875 0.0359375 0.0203125
1 0.76796875 0.571875 0.034375 0.0203125
1 0.10078125 0.36171875 0.0328125 0.015625
1 0.2265625 0.87890625 0.034375 0.0203125
1 0.29453125 0.54609375 0.0359375 0.021875
1 0.27890625 0.44921875 0.034375 0.0171875
1 0.27265625 0.5515625 0.0359375 0.0234375
1 0.3359375 0.390625 0.0328125 0.015625
1 0.7234375 0.4828125 0.034375 0.01875
1 0.984375 0.4765625 0.03125 0.01875
1 0.90234375 0.46875 0.0359375 0.01875
1 0.25859375 0.49140625 0.034375 0.0171875
1 0.85703125 0.38046875 0.0328125 0.015625
1 0.88515625 0.9578125 0.04375 0.0359375
1 0.803125 0.86328125 0.03125 0.0140625
1 0.33984375 0.865625 0.034375 0.0171875
1 0.78671875 0.91328125 0.0390625 0.0234375
1 0.8109375 0.91484375 0.0390625 0.025
1 0.17265625 0.33828125 0.03125 0.0140625
1 0.284375 0.48125 0.034375 0.0171875
1 0.69296875 0.4984375 0.034375 0.0203125
1 0.83125 0.921875 0.0375 0.025
1 0.34921875 0.46015625 0.034375 0.0171875
1 0.684375 0.40625 0.0328125 0.015625
1 0.18671875 0.42109375 0.0328125 0.0171875
1 0.25234375 0.5609375 0.0359375 0.0234375
1 0.6640625 0.440625 0.034375 0.01875
1 0.30078125 0.41875 0.034375 0.0171875
1 0.915625 0.92265625 0.0375 0.025
1 0.3171875 0.40078125 0.0328125 0.015625
1 0.72421875 0.90625 0.0375 0.0171875
1 0.978125 0.446875 0.034375 0.01875
1 0.15234375 0.86171875 0.03125 0.015625
1 0.35078125 0.4453125 0.0328125 0.0140625
1 0.875 0.9125 0.0390625 0.0234375
1 0.72578125 0.85703125 0.03125 0.0125
1 0.946875 0.44453125 0.0359375 0.01875
1 0.66796875 0.38671875 0.0328125 0.015625
1 0.646875 0.4375 0.0328125 0.0171875
1 0.70234375 0.49140625 0.034375 0.0171875
1 0.8578125 0.34765625 0.03125 0.0125
1 0.66953125 0.62109375 0.0359375 0.0234375
1 0.06796875 0.3203125 0.034375 0.015625
1 0.61640625 0.4421875 0.034375 0.01875
1 0.70859375 0.515625 0.0359375 0.0203125
1 0.63515625 0.43203125 0.0328125 0.0171875
1 0.62578125 0.90234375 0.0375 0.0171875
1 0.359375 0.396875 0.0328125 0.0171875
1 0.321875 0.38984375 0.0328125 0.0140625
1 0.01484375 0.98515625 0.0296875 0.0109375
1 0.30390625 0.390625 0.0328125 0.015625
1 0.84765625 0.3125 0.03125 0.0125
1 0.55859375 0.42109375 0.03125 0.0140625
1 0.95703125 0.42890625 0.0328125 0.015625
1 0.125 0.5625 0.0328125 0.01875
1 0.7484375 0.9046875 0.0359375 0.0234375
1 0.76796875 0.96953125 0.04375 0.0375
1 0.22578125 0.8421875 0.03125 0.0125
1 0.6546875 0.38515625 0.0328125 0.015625
1 0.28828125 0.43671875 0.034375 0.0171875
1 0.9390625 0.93828125 0.0390625 0.0296875
1 0.621875 0.31953125 0.03125 0.0125
1 0.990625 0.47578125 0.01875 0.0171875
1 0.40390625 0.31875 0.0328125 0.0140625
1 0.89140625 0.921875 0.0390625 0.025
1 0.28828125 0.4203125 0.034375 0.015625
1 0.65859375 0.35234375 0.03125 0.0140625
1 0.28828125 0.8484375 0.034375 0.015625
1 0.2703125 0.48984375 0.034375 0.0171875
1 0.971875 0.5921875 0.0328125 0.015625
1 0.1625 0.29765625 0.0296875 0.0125
1 0.66640625 0.37578125 0.0328125 0.0125
1 0.3234375 0.36328125 0.0328125 0.015625
4 0.81640625 0.34609375 0.0515625 0.065625
1 0.4421875 0.33125 0.0328125 0.015625
1 0.171875 0.83671875 0.03125 0.0109375
1 0.25859375 0.46953125 0.0328125 0.0140625
1 0.10546875 0.31875 0.0328125 0.0140625
1 0.60859375 0.90546875 0.0359375 0.0125
1 0.55703125 0.8484375 0.0328125 0.0140625
1 0.67734375 0.37890625 0.034375 0.01875
1 0.8609375 0.32890625 0.03125 0.0140625
1 0.759375 0.9015625 0.034375 0.0203125
1 0.6 0.31953125 0.03125 0.0125
1 0.0296875 0.340625 0.0328125 0.015625
1 0.3203125 0.37734375 0.0328125 0.0125
1 0.56015625 0.30078125 0.03125 0.0125
1 0.925 0.3890625 0.034375 0.0171875
1 0.71640625 0.50390625 0.034375 0.01875
1 0.6015625 0.2984375 0.03125 0.0140625
1 0.09609375 0.84609375 0.0328125 0.0125
1 0.0140625 0.63515625 0.028125 0.0203125
1 0.984375 0.5796875 0.03125 0.021875
1 0.190625 0.8484375 0.0328125 0.0125
1 0.5796875 0.303125 0.0328125 0.0125
1 0.371875 0.29375 0.0328125 0.0125
1 0.05703125 0.8703125 0.034375 0.0140625
1 0.53984375 0.84453125 0.03125 0.0125
0 0.29140625 0.6984375 0.03125 0.0125
1 0.2015625 0.8359375 0.03125 0.0109375
1 0.15390625 0.2984375 0.034375 0.0125
1 0.65625 0.31171875 0.03125 0.0125
1 0.5296875 0.85234375 0.03125 0.0109375
4 0.0328125 0.8921875 0.065625 0.190625
1 0.81328125 0.8890625 0.0359375 0.01875
1 0.4828125 0.63125 0.03125 0.015625
1 0.3453125 0.3125 0.03125 0.0125
1 0.653125 0.3328125 0.0328125 0.0125
1 0.628125 0.3046875 0.0328125 0.0125
1 0.453125 0.33046875 0.0359375 0.015625
1 0.15078125 0.840625 0.0296875 0.0125
1 0.0765625 0.84296875 0.0296875 0.0125
1 0.8265625 0.846875 0.0296875 0.009375
1 0.90390625 0.3375 0.0328125 0.0140625
1 0.42109375 0.3234375 0.034375 0.015625
1 0.7953125 0.97421875 0.0375 0.028125
1 0.8328125 0.88125 0.034375 0.01875
1 0.3984375 0.3078125 0.03125 0.0140625
1 0.8328125 0.98671875 0.0484375 0.0265625
1 0.65078125 0.31640625 0.03125 0.0125
1 0.08828125 0.30703125 0.034375 0.0140625
1 0.54140625 0.8546875 0.03125 0.009375
1 0.775 0.8921875 0.034375 0.0171875
1 0.9578125 0.48671875 0.0296875 0.0125
1 0.353125 0.30078125 0.0328125 0.0125
1 0.94375 0.646875 0.0375 0.0265625
1 0.30390625 0.375 0.0328125 0.0125
1 0.8 0.9953125 0.0421875 0.009375
1 0.5734375 0.303125 0.0296875 0.0125
1 0.84765625 0.8859375 0.0328125 0.015625
1 0.09921875 0.3015625 0.034375 0.0171875
1 0.91796875 0.38203125 0.0328125 0.0140625
1 0.78359375 0.8890625 0.034375 0.0203125
1 0.90625 0.3546875 0.0328125 0.0171875
1 0.959375 0.9828125 0.0421875 0.034375
1 0.7125 0.4078125 0.03125 0.015625
1 0.88203125 0.334375 0.034375 0.0140625
1 0.8140625 0.84453125 0.03125 0.009375