2 0.7671875 0.2203125 0.10625 0.0625
4 0.44453125 0.25234375 0.0828125 0.0734375
2 0.25234375 0.2046875 0.1125 0.05625
1 0.32265625 0.4640625 0.028125 0.015625
1 0.26875 0.53984375 0.0296875 0.0203125
1 0.6 0.3578125 0.0265625 0.015625
1 0.08046875 0.59921875 0.03125 0.01875
1 0.32265625 0.42734375 0.028125 0.015625
1 0.30546875 0.51328125 0.0296875 0.0171875
3 0.328125 0.325 0.0625 0.0859375
1 0.56171875 0.4296875 0.028125 0.015625
1 0.23828125 0.56015625 0.0296875 0.0203125
4 0.4171875 0.55 0.1078125 0.1515625
1 0.27890625 0.4625 0.028125 0.0171875
1 0.66640625 0.45703125 0.028125 0.0171875
1 0.7125 0.48515625 0.028125 0.01875
1 0.278125 0.51171875 0.0296875 0.01875
1 0.621875 0.41015625 0.028125 0.0171875
1 0.03515625 0.41328125 0.028125 0.015625
1 0.3296875 0.371875 0.0265625 0.0140625
1 0.78203125 0.43984375 0.028125 0.0171875
1 0.44140625 0.47734375 0.0296875 0.0171875
1 0.45859375 0.4234375 0.028125 0.0171875
1 0.05078125 0.44609375 0.028125 0.0171875
1 0.5 0.35546875 0.0265625 0.0140625
1 0.41171875 0.425 0.028125 0.0171875
1 0.68515625 0.375 0.0265625 0.0140625
4 0.2703125 0.8546875 0.0765625 0.0609375
1 0.1875 0.91484375 0.03125 0.021875
1 0.8359375 0.9109375 0.0296875 0.01875
1 0.58125 0.440625 0.028125 0.0171875
1 0.39921875 0.30234375 0.025 0.0125
1 0.3546875 0.37890625 0.0265625 0.015625
1 0.10234375 0.3265625 0.0265625 0.0125
1 0.64296875 0.41015625 0.028125 0.0171875
1 0.3046875 0.484375 0.0296875 0.0171875
1 0.94921875 0.36796875 0.028125 0.0140625
1 0.3578125 0.48515625 0.028125 0.0171875
1 0.671875 0.33359375 0.025 0.0125
1 0.54140625 0.40859375 0.0265625 0.0171875
1 0.9390625 0.33828125 0.0265625 0.0125
1 0.33125 0.4984375 0.028125 0.0171875
1 0.29296875 0.5125 0.0296875 0.01875
1 0.9109375 0.928125 0.03125 0.0203125
1 0.42109375 0.4 0.028125 0.015625
1 0.35625 0.46484375 0.028125 0.0140625
1 0.340625 0.45078125 0.028125 0.015625
1 0.48125 0.44140625 0.0265625 0.015625
1 0.0125 0.53125 0.025 0.021875
1 0.2390625 0.63671875 0.03125 0.0203125
1 0.14453125 0.328125 0.0265625 0.0140625
1 0.4125 0.3703125 0.0265625 0.0140625
1 0.52421875 0.34609375 0.0265625 0.0140625
1 0.34375 0.89296875 0.0296875 0.0203125
1 0.37890625 0.375 0.028125 0.015625
1 0.66171875 0.27109375 0.025 0.0109375
1 0.43125 0.3984375 0.028125 0.015625
1 0.15234375 0.27421875 0.025 0.0109375
1 0.3453125 0.49375 0.028125 0.0171875
1 0.33984375 0.59375 0.028125 0.0171875
1 0.47109375 0.31953125 0.025 0.0125
1 0.43359375 0.3453125 0.0265625 0.0140625
1 0.45703125 0.3234375 0.0265625 0.0125
1 0.55078125 0.33984375 0.0265625 0.0140625
1 0.5671875 0.3453125 0.0265625 0.0140625
1 0.19140625 0.39375 0.0265625 0.015625
1 0.784375 0.97890625 0.0375 0.0328125
1 0.93984375 0.41875 0.028125 0.0171875
1 0.9125 0.31171875 0.0265625 0.0125
1 0.2890625 0.48515625 0.0296875 0.0171875
1 0.50859375 0.3359375 0.0265625 0.0140625
1 0.38515625 0.34453125 0.0265625 0.015625
1 0.62578125 0.878125 0.0265625 0.0140625
1 0.1625 0.63125 0.03125 0.021875
1 0.3828125 0.30234375 0.025 0.0125
1 0.2671875 0.6296875 0.028125 0.0125
1 0.846875 0.309375 0.025 0.0109375
1 0.88671875 0.31640625 0.0265625 0.0125
1 0.840625 0.88046875 0.025 0.0125
1 0.3890625 0.4359375 0.028125 0.0171875
1 0.409375 0.2828125 0.025 0.0125
1 0.38203125 0.32265625 0.025 0.0140625
1 0.11171875 0.30703125 0.0265625 0.0125
1 0.97265625 0.36953125 0.028125 0.0140625
1 0.4671875 0.4484375 0.028125 0.0171875
1 0.325 0.54296875 0.028125 0.0203125
1 0.8296875 0.98203125 0.0375 0.034375
1 0.4640625 0.39765625 0.0265625 0.015625
1 0.92421875 0.35390625 0.0265625 0.0125
1 0.44140625 0.3578125 0.0265625 0.0125
1 0.28828125 0.4359375 0.028125 0.0140625
1 0.53828125 0.35 0.0265625 0.0140625
1 0.9203125 0.3671875 0.0265625 0.0140625
1 0.1453125 0.64140625 0.0296875 0.015625
1 0.45234375 0.290625 0.0265625 0.0109375
1 0.2 0.878125 0.025 0.0125
1 0.92734375 0.31640625 0.0265625 0.0125
1 0.1859375 0.259375 0.025 0.009375
1 0.64296875 0.26640625 0.025 0.0125
1 0.4515625 0.36953125 0.028125 0.015625
1 0.35390625 0.3015625 0.0265625 0.0125
1 0.29921875 0.42734375 0.0265625 0.015625
1 0.86484375 0.87734375 0.025 0.0125
1 0.471875 0.2921875 0.025 0.0109375
1 0.85703125 0.290625 0.025 0.0109375
1 0.171875 0.26796875 0.025 0.0140625
1 0.065625 0.36484375 0.028125 0.0140625
1 0.35 0.440625 0.028125 0.015625
1 0.4875 0.2875 0.025 0.0109375
3 0.92421875 0.58125 0.09375 0.0953125
1 0.3390625 0.25625 0.025 0.0125
1 0.31015625 0.88203125 0.028125 0.015625
1 0.18203125 0.609375 0.028125 0.0109375
1 0.84140625 0.32578125 0.0265625 0.0125
1 0.89296875 0.28203125 0.0265625 0.0109375
1 0.3703125 0.37578125 0.028125 0.015625
1 0.26640625 0.61484375 0.028125 0.0109375
1 0.15859375 0.25625 0.025 0.0109375
1 0.89296875 0.89140625 0.0265625 0.0125
1 0.890625 0.2984375 0.025 0.0109375
1 0.9328125 0.9390625 0.03125 0.0234375
1 0.39609375 0.2671875 0.025 0.0125
1 0.83125 0.278125 0.025 0.0109375
1 0.86015625 0.28046875 0.0265625 0.009375
1 0.4640625 0.3078125 0.025 0.0125
1 0.18203125 0.86015625 0.025 0.0078125
1 0.76484375 0.8703125 0.025 0.0109375
1 0.94609375 0.9546875 0.028125 0.0140625
1 0.0328125 0.37109375 0.028125 0.0171875
1 0.4625 0.88984375 0.0234375 0.009375
1 0.121875 0.2734375 0.0265625 0.0109375
1 0.12578125 0.26015625 0.0265625 0.0125
1 0.0078125 0.62265625 0.015625 0.0171875
1 0.440625 0.8796875 0.0234375 0.0109375
1 0.9328125 0.9125 0.028125 0.015625
1 0.9859375 0.38828125 0.025 0.0109375
1 0.1125 0.284375 0.0265625 0.0125
1 0.096875 0.31484375 0.025 0.0109375
1 0.4859375 0.25859375 0.025 0.009375
1 0.82890625 0.8625 0.025 0.009375
1 0.11171875 0.26484375 0.0265625 0.0109375
1 0.13671875 0.26328125 0.0265625 0.0109375
1 0.78359375 0.85859375 0.0234375 0.009375
1 0.58671875 0.26015625 0.025 0.0125
1 0.45390625 0.8890625 0.025 0.0109375
1 0.5953125 0.2609375 0.025 0.0109375
1 0.90234375 0.871875 0.0234375 0.0109375
1 0.91171875 0.89453125 0.0265625 0.0125
1 0.98828125 0.57265625 0.0234375 0.0140625
1 0.02265625 0.38359375 0.028125 0.0109375
1 0.0671875 0.33203125 0.0265625 0.015625
1 0.8109375 0.8734375 0.0234375 0.009375
1 0.01015625 0.375 0.0203125 0.0125
1 0.05625 0.35859375 0.0265625 0.0140625
1 0.00859375 0.36171875 0.0171875 0.0109375
1 0.93671875 0.98984375 0.03125 0.01875
1 0.79921875 0.8703125 0.0234375 0.0109375
1 0.47578125 0.259375 0.0265625 0.0125
1 0.18203125 0.62421875 0.0265625 0.009375
1 0.55859375 0.8734375 0.025 0.0109375
1 0.590625 0.86640625 0.025 0.0109375
1 0.33515625 0.85625 0.021875 0.009375
1 0.01796875 0.3453125 0.0265625 0.0125
1 0.57890625 0.8640625 0.0234375 0.009375
1 0.9296875 0.89765625 0.0265625 0.0125
1 0.01875 0.40390625 0.03125 0.021875
1 0.390625 0.98671875 0.0328125 0.0203125