3 0.50546875 0.42421875 0.084375 0.10703125
3 0.84609375 0.37578125 0.07421875 0.08671875
1 0.34609375 0.44765625 0.0109375 0.01875
3 0.72890625 0.84296875 0.07265625 0.07734375
2 0.771875 0.221875 0.0859375 0.05859375
1 0.33359375 0.44609375 0.0109375 0.0171875
1 0.7390625 0.49296875 0.0109375 0.01640625
1 0.15390625 0.44296875 0.01015625 0.0171875
1 0.76015625 0.5125 0.01171875 0.01875
4 0.83828125 0.8328125 0.04296875 0.0484375
1 0.33515625 0.39296875 0.00859375 0.015625
1 0.1734375 0.565625 0.01328125 0.0234375
1 0.67109375 0.478125 0.0109375 0.01953125
1 0.5296875 0.5671875 0.01328125 0.02109375
1 0.02265625 0.446875 0.0109375 0.01796875
1 0.31875 0.87890625 0.009375 0.0171875
1 0.37421875 0.353125 0.0078125 0.0140625
1 0.30234375 0.45546875 0.01015625 0.0171875
0 0.23359375 0.7375 0.01640625 0.028125
1 0.3578125 0.36875 0.00859375 0.0140625
1 0.9953125 0.46796875 0.00859375 0.01875
1 0.57109375 0.44453125 0.01015625 0.01640625
2 0.24921875 0.22734375 0.09140625 0.04921875
1 0.2625 0.4609375 0.01015625 0.01875
1 0.653125 0.40625 0.01015625 0.015625
1 0.3828125 0.3984375 0.009375 0.0171875
1 0.55078125 0.5140625 0.01171875 0.0203125
1 0.7390625 0.5125 0.0125 0.01953125
1 0.153125 0.38203125 0.00859375 0.01484375
1 0.06015625 0.39765625 0.009375 0.015625
1 0.93125 0.43984375 0.0109375 0.01640625
1 0.8859375 0.91875 0.0140625 0.025
1 0.684375 0.365625 0.009375 0.0140625
1 0.16640625 0.8953125 0.0125 0.021875
4 0.58046875 0.390625 0.07578125 0.08203125
1 0.31484375 0.44609375 0.01015625 0.0171875
1 0.30703125 0.85625 0.0078125 0.0140625
1 0.37265625 0.334375 0.0078125 0.01328125
1 0.6640625 0.5734375 0.0125 0.0203125
1 0.49765625 0.32890625 0.00859375 0.01484375
1 0.64765625 0.8671875 0.01171875 0.01796875
1 0.17265625 0.33984375 0.0078125 0.0125
1 0.071875 0.3953125 0.009375 0.01484375
1 0.54921875 0.49453125 0.01171875 0.0171875
1 0.14140625 0.92734375 0.015625 0.028125
1 0.6703125 0.41796875 0.01015625 0.0140625
1 0.8171875 0.40859375 0.00859375 0.0171875
1 0.140625 0.57109375 0.0125 0.02109375
1 0.8671875 0.94609375 0.01875 0.03125
0 0.04765625 0.1203125 0.01640625 0.02421875
1 0.97578125 0.41640625 0.0109375 0.01796875
1 0.9671875 0.4375 0.01171875 0.0171875
1 0.7578125 0.8859375 0.0125 0.01953125
1 0.16953125 0.640625 0.01484375 0.0203125
1 0.7578125 0.9171875 0.01640625 0.02578125
0 0.11484375 0.7828125 0.01796875 0.03359375
1 0.78515625 0.896875 0.01328125 0.0203125
0 0.246875 0.21796875 0.01015625 0.01640625
0 0.15859375 0.75546875 0.01640625 0.02578125
0 0.17734375 0.75234375 0.0171875 0.02734375
1 0.5890625 0.87734375 0.0109375 0.01875
1 0.13515625 0.353125 0.009375 0.01328125
0 0.1546875 0.721875 0.0171875 0.03125
1 0.8125 0.96015625 0.0203125 0.03671875
1 0.7375 0.890625 0.01328125 0.02109375
1 0.659375 0.34453125 0.00859375 0.0140625
1 0.3265625 0.86015625 0.01015625 0.01484375
1 0.1828125 0.35078125 0.0078125 0.01328125
1 0.54375 0.32890625 0.00703125 0.01328125
1 0.353125 0.5921875 0.009375 0.0109375
1 0.67734375 0.390625 0.009375 0.01484375
1 0.81796875 0.88671875 0.01015625 0.01875
1 0.62265625 0.37578125 0.00859375 0.01640625
1 0.31953125 0.6140625 0.0140625 0.02109375
1 0.11953125 0.32890625 0.00859375 0.0140625
1 0.34609375 0.64140625 0.01328125 0.0203125
1 0.97578125 0.534375 0.0140625 0.02265625
1 0.73984375 0.93671875 0.015625 0.02890625
1 0.37421875 0.31484375 0.0078125 0.0140625
1 0.2125 0.865625 0.0078125 0.015625
1 0.3296875 0.346875 0.00703125 0.01328125
0 0.0609375 0.734375 0.015625 0.03125
1 0.8390625 0.88828125 0.0109375 0.01875
1 0.02109375 0.4296875 0.01171875 0.01484375
1 0.11484375 0.9578125 0.01640625 0.03515625
1 0.3421875 0.37578125 0.0078125 0.01484375
1 0.11875 0.36015625 0.00859375 0.0140625
1 0.88515625 0.31875 0.00859375 0.01171875
1 0.14921875 0.309375 0.00703125 0.01171875
1 0.68125 0.4046875 0.009375 0.01484375
1 0.05859375 0.9078125 0.01484375 0.025
1 0.04453125 0.396875 0.0109375 0.015625
1 0.23515625 0.84453125 0.00625 0.0109375
1 0.4609375 0.31328125 0.00625 0.0109375
0 0.12109375 0.115625 0.015625 0.0234375
1 0.68203125 0.428125 0.009375 0.01484375
1 0.55390625 0.4453125 0.01015625 0.01640625
1 0.95078125 0.4109375 0.01171875 0.01640625
1 0.58984375 0.90546875 0.009375 0.009375
1 0.55234375 0.47734375 0.0109375 0.0171875
1 0.9265625 0.40703125 0.01015625 0.015625
1 0.15625 0.853125 0.00625 0.01171875
1 0.7953125 0.88359375 0.0140625 0.01953125
1 0.1875 0.340625 0.00703125 0.0125
1 0.15 0.634375 0.0140625 0.0234375
1 0.82890625 0.9359375 0.01796875 0.02890625
1 0.6640625 0.29765625 0.0078125 0.01171875
1 0.69375 0.40234375 0.00859375 0.01484375
1 0.45859375 0.32890625 0.0078125 0.01328125
1 0.65234375 0.3765625 0.009375 0.01484375
1 0.69375 0.4234375 0.00859375 0.01484375
1 0.1296875 0.8859375 0.01171875 0.0203125
1 0.65390625 0.32734375 0.00703125 0.0140625
1 0.8484375 0.9296875 0.01484375 0.025
1 0.61328125 0.43203125 0.009375 0.0140625
1 0.9390625 0.42578125 0.01015625 0.01640625
1 0.02890625 0.42265625 0.00859375 0.0140625
1 0.521875 0.315625 0.009375 0.0140625
1 0.5015625 0.3640625 0.00859375 0.01328125
1 0.48046875 0.32421875 0.00703125 0.01015625
1 0.08046875 0.378125 0.0109375 0.01484375
1 0.58203125 0.44375 0.0109375 0.0171875
1 0.628125 0.3953125 0.0078125 0.01171875
1 0.18828125 0.3078125 0.0078125 0.01484375
1 0.07109375 0.36875 0.0078125 0.01328125
1 0.89609375 0.89296875 0.01171875 0.01875
1 0.07578125 0.89296875 0.0125 0.01640625
1 0.97734375 0.64140625 0.01484375 0.02265625
1 0.93828125 0.40859375 0.0109375 0.01328125
1 0.48359375 0.31328125 0.0078125 0.01328125
1 0.92578125 0.4265625 0.01015625 0.015625
3 0.54140625 0.8171875 0.0453125 0.05234375
1 0.67578125 0.8671875 0.01015625 0.01640625
1 0.171875 0.84921875 0.00703125 0.0109375
1 0.94140625 0.33984375 0.00859375 0.01484375
1 0.88359375 0.30234375 0.009375 0.0125
1 0.80625 0.84921875 0.00703125 0.01171875
1 0.18046875 0.3046875 0.00625 0.01171875
4 0.425 0.81796875 0.028125 0.0328125
1 0.65 0.42265625 0.01015625 0.0125
1 0.85234375 0.31796875 0.00625 0.0109375
1 0.2046875 0.85078125 0.00703125 0.0109375
1 0.13203125 0.31796875 0.0078125 0.01171875
1 0.88203125 0.8921875 0.01328125 0.01875
1 0.446875 0.85 0.0078125 0.0125
0 0.81015625 0.11171875 0.0109375 0.01796875
1 0.90625 0.9421875 0.01484375 0.02421875
1 0.4515625 0.321875 0.0078125 0.0171875
1 0.8640625 0.3078125 0.00625 0.01328125
1 0.040625 0.64921875 0.009375 0.01328125
1 0.64140625 0.2984375 0.0078125 0.01171875
1 0.471875 0.33359375 0.01015625 0.01328125
1 0.603125 0.4375 0.01015625 0.01796875
1 0.7796875 0.88203125 0.009375 0.0125
1 0.1359375 0.58515625 0.01015625 0.0140625
1 0.828125 0.64453125 0.009375 0.0140625
1 0.7015625 0.3921875 0.01171875 0.0140625
1 0.4921875 0.3140625 0.00625 0.0125
1 0.25859375 0.90859375 0.0203125 0.04296875
1 0.1640625 0.61953125 0.0125 0.015625
1 0.79609375 0.84765625 0.00859375 0.01171875
1 0.86953125 0.8890625 0.01015625 0.01640625
1 0.4421875 0.64765625 0.0109375 0.01171875
1 0.696875 0.85078125 0.00859375 0.0125
1 0.396875 0.3390625 0.00703125 0.0125
1 0.55 0.459375 0.0109375 0.0140625
1 0.66640625 0.3375 0.00859375 0.0140625
1 0.43359375 0.8515625 0.0078125 0.0109375
1 0.0359375 0.9953125 0.01328125 0.00859375
1 0.66328125 0.32265625 0.01015625 0.0125
1 0.50390625 0.29921875 0.00703125 0.01171875
1 0.89453125 0.87265625 0.00859375 0.01484375
1 0.915625 0.32578125 0.009375 0.01328125
1 0.59375 0.440625 0.00859375 0.0171875
1 0.103125 0.33203125 0.0078125 0.01171875
1 0.9703125 0.959375 0.01171875 0.025
1 0.840625 0.29296875 0.00859375 0.0140625
1 0.2046875 0.8390625 0.00625 0.009375
1 0.62109375 0.4078125 0.00703125 0.01171875
1 0.08984375 0.9890625 0.0234375 0.02109375
1 0.9375 0.3296875 0.0109375 0.01171875
1 0.56953125 0.84453125 0.0109375 0.01484375
1 0.54140625 0.2953125 0.0078125 0.0125
1 0.11796875 0.8640625 0.00859375 0.0140625
1 0.48984375 0.29453125 0.00859375 0.01171875
1 0.6609375 0.86484375 0.01171875 0.01640625