4 0.590625 0.4015625 0.1203125 0.109375
2 0.76953125 0.22265625 0.121875 0.065625
3 0.42734375 0.25078125 0.096875 0.08125
4 0.16796875 0.29296875 0.103125 0.09375
4 0.14921875 0.83671875 0.0859375 0.06875
2 0.25234375 0.20390625 0.1171875 0.0703125
1 0.90625 0.4015625 0.040625 0.0203125
1 0.2984375 0.58203125 0.0453125 0.028125
3 0.08359375 0.43046875 0.1234375 0.115625
1 0.57890625 0.45546875 0.040625 0.021875
1 0.23515625 0.6015625 0.04375 0.0234375
1 0.4484375 0.365625 0.040625 0.0203125
1 0.915625 0.50390625 0.0421875 0.0234375
1 0.89375 0.45703125 0.0421875 0.0234375
1 0.38203125 0.4109375 0.040625 0.021875
1 0.92265625 0.403125 0.040625 0.0203125
0 0.16796875 0.21015625 0.0421875 0.0265625
1 0.3109375 0.40625 0.040625 0.021875
1 0.09609375 0.9203125 0.0453125 0.0265625
1 0.35703125 0.896875 0.040625 0.0171875
1 0.25625 0.5921875 0.04375 0.028125
1 0.946875 0.40234375 0.040625 0.0203125
1 0.728125 0.52890625 0.0421875 0.0234375
4 0.31640625 0.8484375 0.1046875 0.103125
1 0.36484375 0.5640625 0.04375 0.0265625
1 0.7171875 0.5 0.04375 0.025
1 0.6484375 0.48671875 0.0421875 0.0234375
1 0.4625 0.3203125 0.0390625 0.0203125
1 0.39921875 0.4453125 0.0421875 0.0234375
1 0.61484375 0.48359375 0.0421875 0.0234375
1 0.6734375 0.471875 0.0421875 0.0234375
1 0.82109375 0.61796875 0.04375 0.028125
1 0.96953125 0.45546875 0.0421875 0.021875
1 0.15078125 0.346875 0.0421875 0.021875
0 0.22265625 0.13515625 0.0421875 0.025
1 0.121875 0.48359375 0.0390625 0.021875
0 0.18828125 0.10546875 0.0421875 0.025
1 0.24453125 0.4171875 0.040625 0.021875
1 0.7015625 0.434375 0.0390625 0.0234375
1 0.61171875 0.4625 0.040625 0.021875
1 0.57109375 0.515625 0.0421875 0.025
1 0.73828125 0.93359375 0.04375 0.028125
1 0.41171875 0.378125 0.040625 0.0203125
1 0.65546875 0.44140625 0.040625 0.021875
4 0.16953125 0.40703125 0.115625 0.1125
1 0.4625 0.47890625 0.0421875 0.0234375
1 0.69609375 0.9 0.040625 0.0203125
1 0.6765625 0.40703125 0.040625 0.021875
1 0.0890625 0.36640625 0.0421875 0.0234375
1 0.8265625 0.35234375 0.040625 0.0203125
1 0.759375 0.91171875 0.0421875 0.0234375
1 0.37578125 0.4765625 0.0421875 0.025
3 0.1984375 0.8375 0.0671875 0.059375
1 0.075 0.31796875 0.0390625 0.01875
1 0.50546875 0.29140625 0.0375 0.01875
1 0.87734375 0.503125 0.040625 0.0234375
1 0.04609375 0.89296875 0.04375 0.025
1 0.8640625 0.34140625 0.0375 0.01875
1 0.82890625 0.3765625 0.040625 0.021875
1 0.5265625 0.3859375 0.040625 0.021875
1 0.2109375 0.60703125 0.0421875 0.0203125
0 0.18671875 0.13203125 0.0421875 0.025
1 0.3625 0.29765625 0.0390625 0.01875
1 0.828125 0.2890625 0.0375 0.01875
1 0.75078125 0.540625 0.0421875 0.025
1 0.9828125 0.471875 0.034375 0.021875
1 0.42578125 0.5046875 0.0421875 0.0265625
1 0.83828125 0.6640625 0.0421875 0.021875
1 0.053125 0.3578125 0.0390625 0.0203125
1 0.84609375 0.46875 0.040625 0.0234375
1 0.4125 0.3609375 0.040625 0.0203125
1 0.06640625 0.3734375 0.0390625 0.0203125
1 0.328125 0.36171875 0.0390625 0.0203125
1 0.0296875 0.91640625 0.04375 0.0265625
0 0.19921875 0.2171875 0.0421875 0.025
1 0.67578125 0.32421875 0.0375 0.01875
1 0.375 0.3875 0.0390625 0.0171875
1 0.603125 0.2828125 0.0375 0.01875
1 0.0921875 0.29765625 0.040625 0.0234375
0 0.23046875 0.17890625 0.040625 0.0234375
1 0.6234375 0.44609375 0.0390625 0.01875
1 0.72265625 0.8953125 0.0375 0.01875
1 0.4578125 0.4609375 0.0421875 0.021875
1 0.3578125 0.3515625 0.040625 0.021875
0 0.178125 0.17265625 0.0421875 0.025
1 0.696875 0.4046875 0.0390625 0.0203125
1 0.34765625 0.33671875 0.0390625 0.0203125
0 0.20234375 0.16640625 0.0421875 0.0234375
1 0.91328125 0.45234375 0.0421875 0.0203125
1 0.13125 0.31328125 0.0390625 0.0203125
1 0.5453125 0.45 0.040625 0.025
1 0.371875 0.3765625 0.0390625 0.0203125
1 0.90390625 0.353125 0.0390625 0.01875
1 0.3546875 0.28359375 0.0390625 0.0171875
1 0.8875 0.48203125 0.040625 0.0234375
1 0.9875 0.45859375 0.025 0.0203125
1 0.0296875 0.89609375 0.0421875 0.0234375
1 0.03984375 0.96796875 0.0484375 0.021875
1 0.85546875 0.30625 0.0375 0.01875
1 0.94140625 0.446875 0.0421875 0.021875
1 0.51953125 0.32109375 0.0390625 0.01875
1 0.36875 0.334375 0.040625 0.0203125
0 0.31640625 0.75390625 0.0421875 0.0296875
1 0.30078125 0.428125 0.040625 0.0234375
1 0.1015625 0.27421875 0.0390625 0.01875
1 0.37265625 0.5484375 0.0421875 0.025
1 0.63984375 0.26796875 0.0390625 0.01875
1 0.6296875 0.89609375 0.0421875 0.021875
1 0.553125 0.45546875 0.040625 0.0203125
1 0.88203125 0.31171875 0.0375 0.0171875
1 0.665625 0.4296875 0.040625 0.021875
1 0.57265625 0.2890625 0.0375 0.01875
1 0.91015625 0.32734375 0.0390625 0.01875
1 0.3265625 0.33515625 0.0390625 0.01875
1 0.928125 0.45859375 0.040625 0.0234375
1 0.9640625 0.44140625 0.040625 0.01875
1 0.6515625 0.65390625 0.0421875 0.01875
1 0.825 0.9625 0.046875 0.0328125
1 0.86328125 0.96875 0.046875 0.0359375
1 0.29375 0.315625 0.040625 0.021875
1 0.12578125 0.26953125 0.0390625 0.01875
1 0.4796875 0.33828125 0.0390625 0.0171875
1 0.625 0.2828125 0.0390625 0.0171875
1 0.87578125 0.48203125 0.04375 0.021875
1 0.6484375 0.3375 0.040625 0.01875
1 0.9875 0.42734375 0.025 0.0203125
1 0.3453125 0.3671875 0.040625 0.01875
1 0.915625 0.3703125 0.0390625 0.0203125
1 0.63046875 0.30625 0.0390625 0.0203125
1 0.78046875 0.95859375 0.046875 0.0328125
1 0.3359375 0.33125 0.040625 0.0203125
1 0.8953125 0.33046875 0.0390625 0.01875
0 0.290625 0.709375 0.0390625 0.0203125
1 0.45703125 0.265625 0.0359375 0.015625
1 0.378125 0.26953125 0.0390625 0.01875
1 0.65390625 0.3078125 0.0390625 0.0203125
1 0.7359375 0.50078125 0.040625 0.021875
1 0.978125 0.39453125 0.040625 0.0203125
1 0.97734375 0.4265625 0.0421875 0.021875
1 0.6703125 0.303125 0.0375 0.01875
1 0.80390625 0.9859375 0.0484375 0.028125
1 0.69765625 0.39296875 0.0390625 0.0171875
1 0.509375 0.26796875 0.0375 0.0171875
1 0.78671875 0.89609375 0.0375 0.01875
1 0.8640625 0.30703125 0.0375 0.01875
1 0.08046875 0.8703125 0.0421875 0.0234375
1 0.91640625 0.35234375 0.0390625 0.0203125
1 0.38984375 0.26640625 0.0390625 0.0203125
1 0.90703125 0.9515625 0.0453125 0.028125
1 0.8234375 0.93828125 0.04375 0.025
1 0.9828125 0.4421875 0.034375 0.021875
1 0.92890625 0.37265625 0.0390625 0.0203125
1 0.05859375 0.31171875 0.0390625 0.01875
1 0.93828125 0.378125 0.040625 0.01875
1 0.625 0.46875 0.0421875 0.021875
1 0.628125 0.2609375 0.0375 0.0171875
1 0.14296875 0.87890625 0.040625 0.0234375
1 0.47734375 0.2578125 0.0390625 0.01875
1 0.49609375 0.88828125 0.0390625 0.0203125
1 0.1140625 0.26328125 0.0390625 0.0171875
1 0.3453125 0.31015625 0.0390625 0.01875
1 0.125 0.88125 0.0421875 0.0234375
1 0.47734375 0.328125 0.0390625 0.0171875
1 0.7625 0.94765625 0.0453125 0.0296875
1 0.33515625 0.290625 0.0390625 0.0171875
1 0.796875 0.94609375 0.0453125 0.0265625
1 0.3890625 0.865625 0.0375 0.0140625
1 0.46328125 0.25546875 0.0390625 0.0171875
1 0.27109375 0.6359375 0.0390625 0.015625
1 0.52265625 0.88984375 0.0375 0.015625
1 0.85859375 0.46171875 0.0421875 0.0265625
1 0.6703125 0.28984375 0.0359375 0.0171875
1 0.5140625 0.88984375 0.0375 0.0171875
1 0.0625 0.86015625 0.0375 0.0203125
1 0.7453125 0.8828125 0.0390625 0.0171875
1 0.51796875 0.26328125 0.0375 0.0171875
1 0.61328125 0.4484375 0.0390625 0.015625
1 0.34609375 0.29453125 0.0375 0.0171875
1 0.9859375 0.403125 0.028125 0.021875
1 0.32109375 0.615625 0.040625 0.015625
1 0.64609375 0.28203125 0.0390625 0.0171875
1 0.490625 0.25859375 0.040625 0.0203125
1 0.1390625 0.60703125 0.040625 0.0140625
1 0.84453125 0.93359375 0.0453125 0.0296875
1 0.64140625 0.30546875 0.0390625 0.01875
1 0.5484375 0.259375 0.0390625 0.01875
1 0.728125 0.51328125 0.040625 0.01875
1 0.78125 0.9109375 0.040625 0.01875
1 0.94453125 0.3625 0.040625 0.021875
1 0.134375 0.87578125 0.0390625 0.0203125
1 0.95625 0.3921875 0.040625 0.01875
1 0.06328125 0.35234375 0.0375 0.01875
1 0.12421875 0.25390625 0.0390625 0.0171875
1 0.04140625 0.8578125 0.0390625 0.0171875
1 0.70859375 0.88359375 0.040625 0.0203125
1 0.9296875 0.36015625 0.0390625 0.0171875
1 0.3203125 0.2875 0.040625 0.01875
1 0.3734375 0.8640625 0.0359375 0.015625
1 0.2296875 0.63046875 0.0421875 0.015625
1 0.36640625 0.2640625 0.0390625 0.0203125
1 0.834375 0.9125 0.0421875 0.021875
1 0.8125 0.99609375 0.05 0.0078125
1 0.38125 0.25546875 0.040625 0.01875
1 0.7 0.8828125 0.0390625 0.01875
1 0.38828125 0.8484375 0.0359375 0.015625
1 0.8828125 0.290625 0.0390625 0.0171875
0 0.30234375 0.20859375 0.040625 0.0203125
1 0.6390625 0.896875 0.0390625 0.0203125
1 0.5 0.29765625 0.040625 0.0203125
0 0.203125 0.2484375 0.0375 0.015625
1 0.32109375 0.63515625 0.040625 0.0125
1 0.1140625 0.8703125 0.0390625 0.0203125
1 0.13203125 0.253125 0.0375 0.0171875
1 0.78203125 0.9328125 0.0453125 0.021875
1 0.8921875 0.29609375 0.0390625 0.0171875
1 0.61328125 0.9125 0.0390625 0.0140625
1 0.1140625 0.8578125 0.0375 0.0140625
1 0.51484375 0.86953125 0.0375 0.0140625
1 0.35546875 0.2703125 0.0390625 0.0171875
1 0.91171875 0.3109375 0.0390625 0.01875
1 0.42734375 0.84375 0.034375 0.0140625
1 0.5328125 0.88828125 0.0359375 0.0140625
1 0.884375 0.93671875 0.04375 0.0265625
1 0.1375 0.6265625 0.040625 0.0140625
1 0.90546875 0.9921875 0.0515625 0.015625
1 0.153125 0.24765625 0.0421875 0.025
1 0.01328125 0.94921875 0.0265625 0.0359375
1 0.89609375 0.3140625 0.040625 0.01875