4 0.9 0.86640625 0.1375 0.121875
1 0.35546875 0.43125 0.0296875 0.0125
1 0.15703125 0.44765625 0.0296875 0.0125
3 0.82890625 0.28984375 0.0625 0.0609375
1 0.09140625 0.47265625 0.0296875 0.0125
1 0.01484375 0.49296875 0.0296875 0.0140625
1 0.83125 0.55625 0.0328125 0.01875
2 0.75625 0.2046875 0.1109375 0.0625
1 0.971875 0.4578125 0.0328125 0.015625
1 0.70234375 0.4078125 0.0296875 0.0109375
0 0.7734375 0.15703125 0.03125 0.015625
1 0.30390625 0.44296875 0.0296875 0.0109375
1 0.8609375 0.37265625 0.0296875 0.0109375
1 0.553125 0.46484375 0.0296875 0.015625
1 0.340625 0.5203125 0.03125 0.0171875
1 0.9765625 0.39140625 0.03125 0.0125
1 0.26875 0.52109375 0.03125 0.015625
1 0.57578125 0.36328125 0.028125 0.0109375
0 0.8828125 0.746875 0.0359375 0.025
4 0.79375 0.8109375 0.0734375 0.0484375
0 0.803125 0.11796875 0.03125 0.0140625
1 0.778125 0.85703125 0.0296875 0.0125
1 0.7125 0.425 0.03125 0.0140625
1 0.33046875 0.4015625 0.0296875 0.0109375
1 0.28984375 0.4953125 0.03125 0.0125
1 0.29921875 0.47890625 0.03125 0.0140625
1 0.7203125 0.89140625 0.034375 0.0109375
2 0.23125 0.23984375 0.1140625 0.046875
1 0.38125 0.42109375 0.0296875 0.0140625
1 0.33984375 0.45859375 0.0296875 0.0140625
1 0.72734375 0.43828125 0.0296875 0.0140625
1 0.05859375 0.4609375 0.03125 0.0125
1 0.36484375 0.3625 0.0265625 0.009375
3 0.83984375 0.8125 0.0609375 0.05
0 0.75625 0.15390625 0.0296875 0.0109375
1 0.32734375 0.44375 0.0296875 0.0125
1 0.7234375 0.84375 0.0265625 0.009375
0 0.015625 0.14765625 0.03125 0.0171875
1 0.26875 0.56328125 0.03125 0.0171875
1 0.80625 0.54921875 0.0328125 0.01875
1 0.87265625 0.32421875 0.028125 0.009375
1 0.915625 0.328125 0.028125 0.009375
1 0.4859375 0.3484375 0.028125 0.0109375
1 0.67265625 0.41875 0.0296875 0.0125
1 0.27734375 0.49453125 0.03125 0.0125
1 0.87109375 0.54296875 0.03125 0.0140625
1 0.653125 0.34375 0.028125 0.009375
1 0.89453125 0.334375 0.028125 0.009375
1 0.37109375 0.33671875 0.0265625 0.009375
1 0.02421875 0.42578125 0.0296875 0.0125
1 0.3453125 0.3515625 0.0265625 0.009375
1 0.8828125 0.30546875 0.0265625 0.0078125
1 0.53203125 0.39140625 0.028125 0.009375
1 0.85 0.31875 0.028125 0.009375
1 0.74609375 0.83828125 0.025 0.0078125
1 0.60703125 0.31875 0.0265625 0.009375
1 0.6 0.35546875 0.028125 0.009375
1 0.625 0.32265625 0.028125 0.0078125
1 0.65703125 0.3875 0.03125 0.0125
1 0.29609375 0.43046875 0.028125 0.009375
1 0.14765625 0.36640625 0.0265625 0.009375
1 0.56328125 0.34609375 0.028125 0.0109375
0 0.01328125 0.05 0.0265625 0.01875
1 0.82421875 0.89375 0.034375 0.021875
1 0.0546875 0.4234375 0.0296875 0.009375
1 0.0984375 0.38515625 0.028125 0.009375
1 0.0796875 0.44921875 0.0296875 0.0125
1 0.45390625 0.3046875 0.025 0.0078125
1 0.36328125 0.30859375 0.0265625 0.0078125
1 0.41640625 0.3359375 0.028125 0.009375
1 0.75703125 0.83125 0.025 0.0078125
1 0.32734375 0.375 0.028125 0.009375
1 0.2890625 0.4578125 0.028125 0.009375
1 0.65625 0.3671875 0.028125 0.0109375
1 0.09921875 0.4515625 0.0296875 0.0125
1 0.34375 0.390625 0.0296875 0.009375
1 0.52578125 0.38125 0.028125 0.009375
0 0.02890625 0.0328125 0.034375 0.0125
0 0.7625 0.9609375 0.0375 0.03125
1 0.07421875 0.42109375 0.028125 0.0109375
0 0.75625 0.11328125 0.0296875 0.0125
1 0.42578125 0.303125 0.0265625 0.0078125
1 0.4765625 0.303125 0.028125 0.0078125
1 0.77734375 0.8375 0.028125 0.0078125
0 0.22578125 0.19609375 0.03125 0.015625
1 0.89921875 0.3109375 0.028125 0.009375
1 0.2984375 0.4640625 0.028125 0.009375
1 0.23515625 0.62265625 0.03125 0.0125
1 0.11171875 0.44453125 0.0296875 0.0125
1 0.4890625 0.30546875 0.028125 0.009375
1 0.540625 0.89296875 0.0359375 0.0203125
1 0.11875 0.43125 0.0296875 0.0125
1 0.86875 0.5671875 0.0296875 0.0140625
0 0.72734375 0.2203125 0.028125 0.0109375
1 0.146875 0.3484375 0.028125 0.009375
1 0.66640625 0.33828125 0.028125 0.009375
1 0.91171875 0.31484375 0.0296875 0.0109375
1 0.40625 0.31796875 0.0265625 0.0078125
1 0.159375 0.32421875 0.0265625 0.0078125
1 0.6671875 0.4078125 0.028125 0.0109375
1 0.278125 0.47109375 0.028125 0.0078125
1 0.38125 0.30625 0.0265625 0.0078125
1 0.83515625 0.625 0.0296875 0.0125
0 0.77265625 0.70546875 0.0265625 0.009375
1 0.54453125 0.2953125 0.0265625 0.0078125
0 0.75703125 0.13359375 0.0296875 0.009375
4 0.97109375 0.86796875 0.0578125 0.1828125
1 0.8453125 0.0828125 0.0328125 0.015625
1 0.065625 0.4453125 0.0328125 0.015625
1 0.60859375 0.34296875 0.0265625 0.0078125
1 0.15703125 0.34296875 0.0265625 0.0078125
1 0.93203125 0.31953125 0.0296875 0.0109375
1 0.1015625 0.3546875 0.028125 0.009375
0 0.828125 0.08359375 0.0328125 0.0140625
1 0.39453125 0.309375 0.0265625 0.0078125
1 0.0484375 0.41015625 0.0265625 0.0078125
1 0.58359375 0.84140625 0.025 0.0078125
1 0.33125 0.35859375 0.028125 0.0109375
1 0.8984375 0.321875 0.0296875 0.00625
1 0.98046875 0.353125 0.03125 0.009375
1 0.4375 0.85390625 0.025 0.0046875
1 0.06484375 0.42109375 0.028125 0.009375
1 0.11484375 0.35078125 0.0296875 0.009375
1 0.93125 0.96796875 0.0375 0.0140625
1 0.92109375 0.31015625 0.028125 0.009375
1 0.56875 0.82734375 0.028125 0.00625
1 0.84140625 0.60390625 0.0359375 0.01875
1 0.984375 0.9625 0.03125 0.01875
0 0.03125 0.1359375 0.0328125 0.0125
0 0.7578125 0.190625 0.0296875 0.0109375
1 0.89921875 0.03984375 0.0265625 0.00625
1 0.34453125 0.3765625 0.028125 0.0078125
0 0.74140625 0.16484375 0.0265625 0.0078125
1 0.94140625 0.32109375 0.0296875 0.0109375
1 0.8765625 0.03984375 0.028125 0.00625
1 0.06875 0.3984375 0.0296875 0.009375
0 0.938016278125 0.08021286875 0.9426311796875 0.087687834375 0.958453625 0.088479034375 0.971563328125 0.0828404421875 0.9720064203125001 0.0741933125 0.962982003125 0.0721982015625 0.9587346015625 0.07875498125 0.938016278125 0.08021286875
0 0.987193271875 0.07623830312499999 0.9834877640625 0.054573078124999994 0.9593439 0.060677828125 0.9573026953125 0.07328808125 0.987193271875 0.07623830312499999
0 0.7606535875 0.025798990625 0.73706514375 0.030328234375000002 0.73489339375 0.03860001875 0.762750140625 0.039142301562499995 0.7690289140625 0.0349156359375 0.7606535875 0.025798990625
0 0.0869147890625 0.074550846875 0.09346630781250001 0.0712006890625 0.09215379375 0.06260480625 0.0844538171875 0.0584335640625 0.0598008140625 0.058877017187500005 0.06721644375 0.0727503015625 0.0869147890625 0.074550846875
0 0 0.0828429609375 0.0236863015625 0.08250140624999999 0.005953996875 0.0748007421875 0 0.0748865984375 0 0.0828429609375