2 0.7828125 0.234375 0.0953125 0.06875
1 0.165625 0.39609375 0.0140625 0.0171875
1 0.32734375 0.446875 0.015625 0.0203125
3 0.2109375 0.83203125 0.059375 0.0546875
1 0.128125 0.4015625 0.0140625 0.0171875
1 0.73515625 0.6296875 0.01875 0.025
1 0.00703125 0.49453125 0.0140625 0.0234375
1 0.30859375 0.48359375 0.015625 0.0203125
1 0.5578125 0.37109375 0.0140625 0.015625
1 0.0703125 0.46171875 0.015625 0.01875
1 0.19765625 0.38515625 0.0125 0.0171875
1 0.7046875 0.4796875 0.015625 0.01875
1 0.40390625 0.36484375 0.0140625 0.0171875
1 0.29765625 0.45703125 0.015625 0.01875
1 0.9015625 0.54921875 0.0171875 0.021875
1 0.8609375 0.46484375 0.015625 0.0171875
1 0.11953125 0.37109375 0.0140625 0.0171875
1 0.1421875 0.3484375 0.0140625 0.015625
1 0.10078125 0.47734375 0.015625 0.01875
1 0.50625 0.61484375 0.0171875 0.021875
1 0.64140625 0.3671875 0.0140625 0.015625
1 0.34921875 0.52890625 0.0171875 0.021875
1 0.11328125 0.53046875 0.015625 0.01875
3 0.10703125 0.88984375 0.16875 0.171875
1 0.35 0.46796875 0.015625 0.01875
1 0.08515625 0.453125 0.015625 0.01875
1 0.28984375 0.40703125 0.0140625 0.015625
1 0.5375 0.43359375 0.0140625 0.015625
1 0.61875 0.3875 0.0140625 0.015625
1 0.3359375 0.49609375 0.015625 0.015625
1 0.6171875 0.4265625 0.0140625 0.0171875
1 0.4015625 0.4203125 0.0140625 0.01875
0 0.28828125 0.203125 0.0125 0.015625
1 0.9765625 0.4546875 0.015625 0.0171875
1 0.40546875 0.48046875 0.015625 0.0203125
1 0.4109375 0.38359375 0.0125 0.015625
1 0.9453125 0.36484375 0.0140625 0.015625
1 0.11015625 0.49140625 0.015625 0.0203125
1 0.39140625 0.39765625 0.0140625 0.0171875
1 0.7015625 0.40390625 0.0140625 0.0171875
1 0.165625 0.3453125 0.0125 0.0140625
1 0.22890625 0.93515625 0.021875 0.0296875
1 0.6578125 0.396875 0.0140625 0.015625
1 0.19921875 0.2703125 0.0109375 0.0125
1 0.6109375 0.3234375 0.0125 0.015625
1 0.01328125 0.4265625 0.0171875 0.0171875
1 0.07421875 0.37890625 0.0140625 0.0171875
1 0.8578125 0.33046875 0.0125 0.0140625
1 0.26015625 0.4921875 0.015625 0.01875
1 0.29453125 0.484375 0.0171875 0.0203125
1 0.35 0.37890625 0.0140625 0.0171875
1 0.1015625 0.440625 0.015625 0.01875
1 0.6953125 0.3421875 0.0125 0.0140625
1 0.3 0.44140625 0.0140625 0.0140625
1 0.99453125 0.459375 0.0109375 0.01875
1 0.32734375 0.53671875 0.015625 0.0203125
1 0.1046875 0.346875 0.0140625 0.015625
1 0.675 0.40625 0.0140625 0.015625
1 0.184375 0.3 0.0125 0.0140625
1 0.8765625 0.96015625 0.0171875 0.025
1 0.31171875 0.38046875 0.0140625 0.015625
1 0.390625 0.45546875 0.015625 0.01875
1 0.56953125 0.33828125 0.0140625 0.015625
0 0.2484375 0.1625 0.015625 0.01875
1 0.51796875 0.346875 0.0125 0.015625
1 0.83515625 0.32265625 0.0125 0.0140625
1 0.29609375 0.4203125 0.0140625 0.015625
1 0.68828125 0.54140625 0.015625 0.0203125
0 0.13125 0.7203125 0.0296875 0.0453125
1 0.51953125 0.328125 0.0140625 0.015625
1 0.65546875 0.35078125 0.0125 0.015625
1 0.9 0.384375 0.0125 0.015625
1 0.70078125 0.45 0.0140625 0.015625
1 0.05546875 0.42265625 0.015625 0.01875
1 0.6 0.39375 0.0125 0.0171875
1 0.16953125 0.27578125 0.0109375 0.0140625
1 0.69296875 0.371875 0.0140625 0.015625
1 0.053125 0.50234375 0.0125 0.01875
0 0.23671875 0.13828125 0.015625 0.01875
1 0.51015625 0.3203125 0.0125 0.0140625
1 0.26796875 0.46484375 0.0140625 0.0140625
1 0.02734375 0.44375 0.015625 0.01875
0 0.24765625 0.14296875 0.0140625 0.0171875
1 0.35625 0.36328125 0.0140625 0.015625
1 0.63515625 0.32890625 0.0140625 0.0140625
1 0.2859375 0.42421875 0.0140625 0.015625
1 0.30859375 0.5140625 0.015625 0.0203125
1 0.3359375 0.5609375 0.0140625 0.021875
1 0.56171875 0.3515625 0.0140625 0.015625
1 0.26640625 0.8703125 0.0140625 0.015625
1 0.6046875 0.34375 0.0140625 0.015625
1 0.31640625 0.89140625 0.015625 0.0140625
1 0.37578125 0.37265625 0.0140625 0.0140625
1 0.50078125 0.37421875 0.0140625 0.015625
1 0.465625 0.37578125 0.0125 0.015625
1 0.23359375 0.88515625 0.015625 0.01875
0 0.21875 0.153125 0.01875 0.0234375
1 0.28203125 0.47265625 0.015625 0.01875
1 0.12109375 0.3140625 0.0125 0.0140625
1 0.03046875 0.4234375 0.015625 0.015625
1 0.70390625 0.4375 0.0125 0.0140625
1 0.3359375 0.5171875 0.0171875 0.01875
1 0.9828125 0.39296875 0.0140625 0.015625
1 0.45859375 0.35 0.0140625 0.015625
1 0.98984375 0.42734375 0.0140625 0.0140625
1 0.02578125 0.39921875 0.015625 0.015625
1 0.1734375 0.24375 0.0109375 0.0125
1 0.9 0.36015625 0.0125 0.0140625
1 0.9328125 0.3453125 0.0125 0.0140625
2 0.26640625 0.19296875 0.0984375 0.0640625
1 0.8328125 0.29609375 0.0140625 0.0171875
1 0.3203125 0.27890625 0.0125 0.0140625
1 0.81640625 0.42109375 0.0140625 0.0171875
1 0.0078125 0.4109375 0.0109375 0.015625
1 0.6203125 0.3578125 0.0125 0.015625
1 0.37421875 0.28515625 0.0125 0.0140625
1 0.6296875 0.39765625 0.0171875 0.0171875
1 0.053125 0.38203125 0.015625 0.0203125
1 0.18984375 0.91015625 0.0203125 0.0234375
1 0.4734375 0.334375 0.0125 0.015625
1 0.628125 0.36171875 0.0125 0.0140625
1 0.8375 0.9359375 0.015625 0.0203125
1 0.95625 0.40390625 0.015625 0.015625
1 0.34375 0.2875 0.0125 0.0140625
1 0.80234375 0.43984375 0.015625 0.0171875
1 0.47734375 0.3515625 0.0140625 0.0140625
1 0.18984375 0.23984375 0.0125 0.0125
0 0.190625 0.19609375 0.015625 0.0203125
1 0.00546875 0.44765625 0.0109375 0.0171875
1 0.1609375 0.45859375 0.015625 0.0171875
1 0.478125 0.278125 0.0125 0.0125
1 0.125 0.2609375 0.0140625 0.0140625
1 0.13046875 0.31015625 0.0140625 0.015625
1 0.4734375 0.378125 0.0125 0.0140625
1 0.50234375 0.3390625 0.0140625 0.015625
0 0.75234375 0.99453125 0.0265625 0.0109375
1 0.01640625 0.46328125 0.0140625 0.01875
1 0.61875 0.2828125 0.0109375 0.0140625
1 0.33984375 0.3765625 0.0140625 0.0171875
1 0.89296875 0.31640625 0.0109375 0.0125
1 0.365625 0.340625 0.0140625 0.015625
4 0.96328125 0.58515625 0.0734375 0.1453125
1 0.15234375 0.32421875 0.0140625 0.0125
1 0.1234375 0.2828125 0.0140625 0.015625
1 0.2765625 0.8890625 0.0140625 0.0125
1 0.69296875 0.6609375 0.0125 0.0109375
1 0.86171875 0.9078125 0.0125 0.0125
0 0.23828125 0.01171875 0.0140625 0.01875
1 0.534375 0.26015625 0.0109375 0.0125
1 0.96171875 0.38125 0.0125 0.015625
1 0.378125 0.35078125 0.0140625 0.015625
0 0.36640625 0.7015625 0.0140625 0.01875
1 0.134375 0.27890625 0.0125 0.0125
1 0.7953125 0.88046875 0.0140625 0.015625
1 0.9609375 0.3671875 0.0140625 0.0140625
1 0.265625 0.4796875 0.0140625 0.0140625
1 0.1015625 0.328125 0.0140625 0.015625
1 0.86484375 0.30078125 0.0125 0.0125
1 0.375 0.2640625 0.0125 0.0140625
1 0.48828125 0.365625 0.0125 0.0140625
1 0.67578125 0.3625 0.0125 0.015625
1 0.91171875 0.3640625 0.0125 0.0140625
1 0.03828125 0.309375 0.0125 0.0140625
1 0.096875 0.309375 0.0140625 0.015625
1 0.2421875 0.875 0.0125 0.0140625
1 0.025 0.32421875 0.0125 0.015625
1 0.90546875 0.93984375 0.015625 0.0171875
1 0.67734375 0.34609375 0.0125 0.0125
1 0.20546875 0.87265625 0.0140625 0.015625
1 0.87890625 0.90625 0.0109375 0.0109375
0 0.040625 0.06875 0.01875 0.025
1 0.07265625 0.29765625 0.0140625 0.0125
1 0.3375 0.8890625 0.015625 0.0171875
1 0.31484375 0.8765625 0.0140625 0.0140625
1 0.86015625 0.94296875 0.0171875 0.0203125
1 0.1765625 0.62421875 0.0171875 0.0171875
1 0.36484375 0.37265625 0.0140625 0.0140625
1 0.221875 0.87421875 0.015625 0.015625
1 0.88671875 0.928125 0.0140625 0.0171875
1 0.3625 0.2640625 0.0125 0.0140625
1 0.91953125 0.3546875 0.0125 0.0125
1 0.165625 0.33125 0.0125 0.0109375
1 0.178125 0.87109375 0.0125 0.0125
1 0.984375 0.4421875 0.0109375 0.0109375
1 0.39609375 0.253125 0.0109375 0.0109375
1 0.3671875 0.275 0.0109375 0.0140625
1 0.2078125 0.91953125 0.021875 0.028125
1 0.3359375 0.33828125 0.0140625 0.015625
1 0.03984375 0.4109375 0.015625 0.0171875
1 0.35546875 0.34609375 0.0140625 0.0125
1 0.45625 0.25 0.0109375 0.0140625
1 0.33828125 0.97890625 0.021875 0.021875
0 0.1609375 0.18515625 0.015625 0.0203125
1 0.1578125 0.24453125 0.0125 0.0109375
1 0.1953125 0.88515625 0.015625 0.015625
1 0.13828125 0.3328125 0.0109375 0.0125
1 0.66328125 0.3390625 0.0140625 0.0125
1 0.896875 0.96015625 0.0140625 0.0171875
1 0.31015625 0.28359375 0.015625 0.0171875
1 0.4796875 0.2625 0.0125 0.0140625
1 0.9171875 0.31953125 0.0125 0.0125
1 0.41875 0.2546875 0.0109375 0.0125
1 0.41015625 0.25625 0.0125 0.0125
1 0.096875 0.29140625 0.0125 0.0125
1 0.0609375 0.296875 0.0140625 0.0140625
1 0.13203125 0.38515625 0.015625 0.0125
0 0.23359375 0.7984375 0.0109375 0.015625
1 0.8703125 0.8921875 0.0125 0.0109375
1 0.88828125 0.3015625 0.0125 0.015625
1 0.0671875 0.36484375 0.015625 0.0125
0 0.259375 0.025 0.0140625 0.0171875
1 0.3265625 0.37265625 0.0140625 0.0171875
1 0.81484375 0.89296875 0.0109375 0.0109375
1 0.225 0.91328125 0.0125 0.0125
0 0.334375 0.74921875 0.0140625 0.015625
1 0.66796875 0.32890625 0.0125 0.0125
1 0.35078125 0.33515625 0.0125 0.0125
1 0.37265625 0.24921875 0.0140625 0.0140625
1 0.29140625 0.89140625 0.015625 0.0125
1 0.196875 0.86796875 0.0140625 0.015625
1 0.17734375 0.85 0.0140625 0.0140625
0 0.259375 0.6875 0.0125 0.0171875
1 0.7125 0.4046875 0.015625 0.0171875
0 0.2484375 0.0140625 0.015625 0.0171875
1 0.14296875 0.24140625 0.0140625 0.0125
1 0.25625 0.8375 0.0109375 0.0125
1 0.121875 0.97109375 0.0109375 0.0078125
1 0.33828125 0.36015625 0.0171875 0.0171875
1 0.909375 0.31171875 0.0140625 0.0171875
4 0.76171875 0.021875 0.0671875 0.0140625