2 0.7890625 0.2390625 0.128125 0.059375
3 0.75390625 0.8484375 0.0921875 0.05
1 0.63359375 0.47578125 0.05 0.0125
3 0.18203125 0.3203125 0.10625 0.084375
1 0.6734375 0.47890625 0.05 0.0125
1 0.85625 0.4546875 0.0484375 0.0109375
1 0.38828125 0.446875 0.05 0.0125
3 0.12109375 0.3953125 0.1265625 0.0953125
1 0.3 0.41953125 0.05 0.0109375
1 0.7484375 0.5765625 0.0515625 0.0171875
2 0.265625 0.209375 0.1359375 0.05
1 0.1984375 0.41171875 0.0484375 0.0109375
3 0.17421875 0.8140625 0.096875 0.0609375
1 0.62265625 0.56171875 0.0515625 0.0140625
1 0.0921875 0.50390625 0.0515625 0.0171875
1 0.66640625 0.58359375 0.053125 0.01875
1 0.4125 0.44765625 0.05 0.0125
1 0.66328125 0.44609375 0.05 0.0125
1 0.94765625 0.51171875 0.0515625 0.0140625
1 0.98359375 0.49453125 0.0328125 0.0140625
1 0.8265625 0.46953125 0.05 0.0125
1 0.396875 0.8921875 0.0515625 0.0171875
1 0.621875 0.403125 0.0484375 0.0109375
1 0.77109375 0.878125 0.046875 0.009375
1 0.578125 0.42421875 0.0484375 0.0109375
1 0.45546875 0.88984375 0.05 0.0171875
1 0.60078125 0.44609375 0.05 0.0125
3 0.2375 0.840625 0.1265625 0.0921875
1 0.73671875 0.515625 0.05 0.015625
1 0.1328125 0.834375 0.0453125 0.00625
1 0.89609375 0.36171875 0.046875 0.0078125
1 0.49453125 0.3875 0.0484375 0.0109375
1 0.634375 0.44765625 0.0484375 0.0125
1 0.7140625 0.859375 0.046875 0.00625
4 0.715625 0.8359375 0.0796875 0.040625
1 0.90703125 0.3796875 0.0484375 0.0109375
1 0.328125 0.3796875 0.0515625 0.0125
1 0.73828125 0.92578125 0.0546875 0.021875
1 0.73125 0.5765625 0.0515625 0.0171875
1 0.85625 0.35546875 0.046875 0.00625
1 0.31875 0.4390625 0.0484375 0.0109375
1 0.3125 0.85859375 0.0484375 0.0109375
1 0.4921875 0.43359375 0.0484375 0.0078125
1 0.47265625 0.38125 0.0484375 0.009375
0 0.25546875 0.14140625 0.0484375 0.0109375
0 0.2453125 0.12421875 0.05 0.0109375
1 0.79375 0.91171875 0.0515625 0.015625
1 0.3421875 0.32890625 0.046875 0.0078125
1 0.6390625 0.41875 0.0484375 0.0109375
1 0.40546875 0.33984375 0.046875 0.0078125
0 0.19921875 0.10859375 0.05 0.0109375
1 0.79609375 0.89296875 0.0484375 0.0078125
0 0.1875 0.12890625 0.05 0.0109375
1 0.34921875 0.35546875 0.046875 0.0078125
1 0.16484375 0.84453125 0.046875 0.0078125
1 0.046875 0.4890625 0.046875 0.0125
1 0.86171875 0.38515625 0.046875 0.009375
1 0.54921875 0.31875 0.046875 0.0078125
1 0.56875 0.40390625 0.05 0.0109375
1 0.97421875 0.45546875 0.0515625 0.0140625
1 0.92265625 0.41484375 0.0484375 0.0109375
1 0.4578125 0.54296875 0.05 0.0171875
1 0.7921875 0.9546875 0.05625 0.025
1 0.4703125 0.3265625 0.0453125 0.0078125
1 0.4078125 0.41484375 0.0453125 0.00625
1 0.809375 0.8734375 0.046875 0.0078125
1 0.68828125 0.440625 0.0484375 0.009375
1 0.4921875 0.44921875 0.05 0.0109375
1 0.43828125 0.3 0.046875 0.00625
1 0.3859375 0.34375 0.0484375 0.0078125
1 0.678125 0.44765625 0.05 0.0125
1 0.94375 0.40625 0.0484375 0.0109375
1 0.8703125 0.59453125 0.05 0.009375
1 0.83828125 0.95546875 0.0578125 0.0234375
1 0.80703125 0.9109375 0.05 0.0125
1 0.98828125 0.459375 0.0234375 0.009375
1 0.203125 0.56484375 0.05 0.009375
1 0.04375 0.965625 0.05 0.0015625
1 0.07421875 0.3609375 0.0484375 0.0078125
1 0.45859375 0.3671875 0.0484375 0.0078125
1 0.97578125 0.421875 0.0484375 0.009375
1 0.96484375 0.60859375 0.05 0.0125
1 0.6578125 0.41171875 0.0484375 0.0109375
1 0.503125 0.3640625 0.046875 0.0078125
1 0.67890625 0.42890625 0.05 0.0109375
1 0.084375 0.94765625 0.0609375 0.0359375
1 0.66875 0.39453125 0.0484375 0.0078125
1 0.64140625 0.35859375 0.0484375 0.0078125
1 0.38828125 0.3640625 0.046875 0.0078125
1 0.51328125 0.8859375 0.05 0.0140625
1 0.5671875 0.31015625 0.0453125 0.00625
1 0.6734375 0.4078125 0.0484375 0.0078125
1 0.86953125 0.90625 0.0484375 0.009375
1 0.86484375 0.34140625 0.046875 0.00625
1 0.07578125 0.83671875 0.046875 0.0078125
1 0.65234375 0.3453125 0.046875 0.00625
1 0.43359375 0.3671875 0.0453125 0.0046875
1 0.8546875 0.33671875 0.046875 0.00625
1 0.94296875 0.49453125 0.046875 0.0078125
1 0.37734375 0.33125 0.046875 0.0078125
1 0.98515625 0.4421875 0.0296875 0.009375
1 0.878125 0.340625 0.046875 0.00625
1 0.85234375 0.92421875 0.0515625 0.015625
1 0.0921875 0.84296875 0.0484375 0.009375
1 0.08671875 0.32421875 0.046875 0.00625
1 0.06328125 0.35078125 0.0484375 0.00625
1 0.37265625 0.2875 0.0453125 0.00625
1 0.4890625 0.32734375 0.0484375 0.0078125
1 0.4609375 0.59453125 0.05 0.00625
1 0.69921875 0.3953125 0.046875 0.0078125
1 0.7125 0.3390625 0.0484375 0.009375
1 0.64765625 0.40625 0.0484375 0.0078125
1 0.83046875 0.44765625 0.05 0.0109375
1 0.17421875 0.58515625 0.0515625 0.0109375
0 0.28359375 0.21640625 0.05 0.0109375
1 0.75703125 0.66328125 0.0484375 0.0046875
1 0.4234375 0.40234375 0.046875 0.0109375
1 0.1375 0.3203125 0.046875 0.0078125
1 0.82109375 0.94140625 0.0515625 0.015625
1 0.53125 0.309375 0.046875 0.0078125
1 0.67890625 0.3828125 0.0484375 0.009375
1 0.95390625 0.390625 0.0484375 0.0109375
1 0.5140625 0.84765625 0.046875 0.0078125
0 0.14375 0.21015625 0.05 0.0125
1 0.6796875 0.3609375 0.046875 0.00625
1 0.65546875 0.359375 0.046875 0.0078125
1 0.825 0.88359375 0.046875 0.009375
1 0.89609375 0.60703125 0.0515625 0.0109375
1 0.6859375 0.40078125 0.046875 0.0078125
0 0.98671875 0.24921875 0.0265625 0.0078125
1 0.66328125 0.36875 0.0453125 0.009375
1 0.9515625 0.36640625 0.046875 0.0078125
1 0.81484375 0.45703125 0.0484375 0.0109375
1 0.13984375 0.334375 0.046875 0.00625
1 0.09375 0.31171875 0.046875 0.00625
1 0.9625 0.4015625 0.046875 0.0078125
1 0.9421875 0.3796875 0.0484375 0.00625
1 0.1125 0.3109375 0.0484375 0.00625
0 0.22109375 0.96484375 0.0640625 0.0296875
1 0.3375 0.89609375 0.0484375 0.003125
1 0.3234375 0.42734375 0.05 0.0078125
1 0.68671875 0.4171875 0.0484375 0.0078125
1 0.82578125 0.91328125 0.05 0.009375
1 0.39453125 0.3484375 0.046875 0.00625
1 0.7 0.3046875 0.0453125 0.00625
1 0.0625 0.36484375 0.04375 0.0046875
1 0.67421875 0.84296875 0.04375 0.0046875
1 0.68984375 0.31015625 0.0484375 0.00625
1 0.44140625 0.84140625 0.04375 0.0046875
1 0.46953125 0.3125 0.046875 0.0078125
1 0.109375 0.8234375 0.04375 0.0046875
1 0.45859375 0.2984375 0.046875 0.00625
1 0.40546875 0.84609375 0.04375 0.003125
1 0.89921875 0.33671875 0.0453125 0.00625
1 0.92109375 0.33984375 0.046875 0.00625
1 0.66953125 0.30703125 0.046875 0.0078125
1 0.0625 0.33828125 0.0484375 0.00625
1 0.93671875 0.35859375 0.05 0.009375
1 0.85234375 0.8765625 0.046875 0.0078125
1 0.53359375 0.8296875 0.04375 0.0046875
1 0.53984375 0.85 0.0453125 0.00625
1 0.89453125 0.3515625 0.046875 0.0046875
1 0.50703125 0.453125 0.0484375 0.00625
1 0.1359375 0.29609375 0.046875 0.00625
1 0.48984375 0.88984375 0.0484375 0.0140625
1 0.85703125 0.95625 0.0515625 0.0171875
1 0.97578125 0.659375 0.0484375 0.015625
1 0.7875 0.86484375 0.0484375 0.00625
1 0.30234375 0.98046875 0.059375 0.0078125
1 0.4609375 0.609375 0.05 0.00625
1 0.52890625 0.84765625 0.0453125 0.00625
1 0.97578125 0.40859375 0.046875 0.00625
0 0.2671875 0.19296875 0.046875 0.00625
1 0.146875 0.81484375 0.04375 0.003125
1 0.84296875 0.909375 0.0484375 0.009375
1 0.290625 0.85078125 0.046875 0.00625
1 0.55390625 0.3015625 0.0484375 0.00625