4 0.54609375 0.43828125 0.1046875 0.128125
4 0.409375 0.34375 0.08125 0.0921875
2 0.2390625 0.21015625 0.1015625 0.065625
4 0.759375 0.8421875 0.065625 0.0640625
1 0.765625 0.57890625 0.0265625 0.0265625
3 0.3875 0.86796875 0.1421875 0.1296875
1 0.1234375 0.4171875 0.0234375 0.0203125
3 0.05390625 0.4796875 0.1078125 0.140625
1 0.62734375 0.47578125 0.0234375 0.021875
1 0.5625 0.5578125 0.0265625 0.0265625
1 0.2921875 0.525 0.025 0.025
1 0.70703125 0.49921875 0.0234375 0.01875
1 0.15078125 0.4078125 0.021875 0.0203125
1 0.66875 0.49453125 0.0234375 0.025
1 0.95546875 0.4953125 0.025 0.021875
1 0.28125 0.4953125 0.025 0.0234375
1 0.0703125 0.36484375 0.0234375 0.01875
1 0.25703125 0.4859375 0.025 0.021875
1 0.303125 0.41484375 0.0234375 0.0203125
1 0.240625 0.525 0.025 0.025
1 0.07578125 0.4046875 0.0234375 0.0203125
1 0.596875 0.44609375 0.0234375 0.0203125
1 0.271875 0.54765625 0.0265625 0.0265625
1 0.2796875 0.44375 0.0234375 0.0203125
1 0.671875 0.40234375 0.021875 0.0203125
1 0.9234375 0.52109375 0.025 0.0234375
1 0.9546875 0.59453125 0.021875 0.0203125
1 0.64453125 0.39921875 0.021875 0.01875
4 0.82265625 0.35234375 0.0484375 0.0734375
1 0.103125 0.3546875 0.021875 0.01875
1 0.425 0.425 0.0234375 0.0203125
1 0.36875 0.446875 0.025 0.021875
1 0.803125 0.9203125 0.028125 0.028125
1 0.93984375 0.53828125 0.025 0.025
1 0.7796875 0.91796875 0.028125 0.0265625
1 0.8921875 0.40625 0.021875 0.01875
1 0.8234375 0.928125 0.028125 0.028125
1 0.9875 0.48671875 0.025 0.021875
1 0.77890625 0.8921875 0.0234375 0.021875
1 0.6578125 0.4375 0.021875 0.0203125
1 0.634375 0.50703125 0.0234375 0.0234375
1 0.6359375 0.43359375 0.021875 0.0203125
1 0.25 0.55703125 0.0265625 0.0265625
1 0.46171875 0.39453125 0.0234375 0.0203125
1 0.178125 0.340625 0.021875 0.01875
1 0.9375 0.659375 0.025 0.025
1 0.40859375 0.38515625 0.021875 0.01875
1 0.5375 0.34609375 0.021875 0.0171875
1 0.91484375 0.90625 0.025 0.025
0 0.7265625 0.234375 0.0234375 0.01875
2 0.759375 0.2328125 0.1 0.0578125
1 0.740625 0.90859375 0.0265625 0.0265625
0 0.7890625 0.23359375 0.021875 0.0171875
1 0.6359375 0.41328125 0.021875 0.01875
1 0.8796875 0.94609375 0.0296875 0.0328125
1 0.41171875 0.44765625 0.0234375 0.021875
1 0.946875 0.478125 0.0234375 0.0203125
1 0.45859375 0.37890625 0.021875 0.0171875
0 0.67890625 0.24296875 0.021875 0.01875
1 0.34921875 0.45625 0.0234375 0.0234375
1 0.8671875 0.90234375 0.025 0.0234375
1 0.66796875 0.3796875 0.021875 0.01875
1 0.07109375 0.31328125 0.0234375 0.01875
1 0.30859375 0.3828125 0.021875 0.01875
1 0.4984375 0.41796875 0.021875 0.01875
1 0.71875 0.91015625 0.0265625 0.021875
1 0.359375 0.38125 0.021875 0.01875
1 0.275 0.47734375 0.0234375 0.021875
1 0.290625 0.43046875 0.0234375 0.0203125
1 0.440625 0.378125 0.021875 0.0171875
1 0.903125 0.40703125 0.021875 0.0171875
1 0.3421875 0.36328125 0.0234375 0.0171875
1 0.87578125 0.3890625 0.021875 0.0171875
0 0.69140625 0.23515625 0.021875 0.0171875
0 0.75546875 0.80546875 0.021875 0.01875
1 0.3265625 0.375 0.021875 0.0171875
1 0.8484375 0.36875 0.0203125 0.0171875
1 0.68359375 0.38203125 0.021875 0.01875
1 0.61875 0.90390625 0.0265625 0.0203125
1 0.9453125 0.45234375 0.0234375 0.01875
1 0.759375 0.9734375 0.034375 0.040625
1 0.48671875 0.3984375 0.021875 0.0203125
1 0.259375 0.46328125 0.021875 0.01875
1 0.825 0.29453125 0.021875 0.0171875
1 0.83359375 0.3203125 0.021875 0.0203125
1 0.6625 0.3546875 0.0203125 0.0171875
1 0.92265625 0.41171875 0.021875 0.0171875
1 0.35625 0.36796875 0.021875 0.015625
3 0.6 0.33359375 0.078125 0.0828125
1 0.51015625 0.33203125 0.021875 0.0171875
1 0.2859375 0.47734375 0.021875 0.021875
1 0.99375 0.48515625 0.0125 0.0203125
1 0.28984375 0.41640625 0.0234375 0.0171875
1 0.55390625 0.36015625 0.0234375 0.01875
1 0.63359375 0.3 0.0203125 0.015625
1 0.859375 0.34296875 0.0203125 0.0140625
1 0.4515625 0.30234375 0.0203125 0.015625
1 0.16640625 0.2921875 0.01875 0.015625
1 0.65 0.32109375 0.0203125 0.015625
1 0.5578125 0.31875 0.021875 0.015625
1 0.4265625 0.37109375 0.0234375 0.021875
1 0.49609375 0.33125 0.021875 0.015625
0 0.74375 0.78671875 0.0234375 0.01875
1 0.91171875 0.4390625 0.0234375 0.0203125
1 0.45703125 0.34140625 0.021875 0.01875
1 0.9859375 0.5890625 0.0265625 0.025
1 0.86875 0.37109375 0.0203125 0.0140625
1 0.89921875 0.39453125 0.0203125 0.015625
1 0.88359375 0.9171875 0.0265625 0.0203125
1 0.465625 0.89375 0.0296875 0.028125
1 0.54296875 0.33203125 0.0203125 0.0203125
1 0.6015625 0.90703125 0.025 0.015625
1 0.94453125 0.4140625 0.0234375 0.0171875
1 0.48828125 0.35703125 0.0203125 0.015625
1 0.94609375 0.43671875 0.021875 0.015625
1 0.4703125 0.3484375 0.021875 0.0171875
1 0.44921875 0.36796875 0.021875 0.0171875
1 0.0328125 0.3328125 0.021875 0.01875
1 0.10859375 0.31171875 0.021875 0.0171875
1 0.63125 0.321875 0.021875 0.015625
1 0.50390625 0.36484375 0.0234375 0.0171875
1 0.3453125 0.346875 0.021875 0.015625
1 0.6484375 0.4390625 0.021875 0.021875
1 0.5203125 0.36328125 0.0203125 0.0140625
1 0.9359375 0.44296875 0.0234375 0.021875
1 0.60234375 0.41171875 0.021875 0.01875
1 0.484375 0.34765625 0.0203125 0.015625
1 0.8984375 0.36875 0.0203125 0.015625
0 0.27734375 0.1734375 0.0234375 0.021875
1 0.97421875 0.41875 0.021875 0.0171875
1 0.5078125 0.38125 0.0203125 0.0171875
1 0.821875 0.315625 0.0203125 0.015625
1 0.6515625 0.275 0.021875 0.015625
1 0.47578125 0.30234375 0.0203125 0.015625
1 0.49140625 0.37578125 0.021875 0.0171875
1 0.99453125 0.45390625 0.0109375 0.0203125
1 0.9203125 0.4359375 0.0234375 0.021875
0 0.72734375 0.734375 0.021875 0.01875
1 0.52421875 0.32578125 0.0203125 0.0171875
1 0.075 0.534375 0.021875 0.0203125
1 0.85078125 0.31796875 0.021875 0.015625
1 0.88984375 0.38359375 0.021875 0.0140625
1 0.1578125 0.29296875 0.0234375 0.015625
1 0.09140625 0.83828125 0.0203125 0.015625
1 0.55234375 0.85 0.0234375 0.01875
1 0.59140625 0.62265625 0.0203125 0.01875
1 0.34375 0.33515625 0.0203125 0.0171875
1 0.83984375 0.3671875 0.021875 0.01875
0 0.7203125 0.74765625 0.021875 0.01875
1 0.5703125 0.36953125 0.0203125 0.015625
1 0.93203125 0.4125 0.021875 0.015625
1 0.98515625 0.4203125 0.021875 0.0171875
1 0.44609375 0.34609375 0.0203125 0.0171875
1 0.7875 0.978125 0.028125 0.0328125
1 0.91328125 0.3859375 0.021875 0.015625
3 0.20390625 0.91171875 0.2234375 0.1671875
1 0.8640625 0.3640625 0.021875 0.015625
1 0.490625 0.309375 0.0203125 0.0140625
0 0.6953125 0.74296875 0.0234375 0.021875
1 0.7984375 0.89765625 0.025 0.0203125
1 0.93203125 0.39921875 0.021875 0.0171875
1 0.503125 0.90625 0.0203125 0.0125
1 0.81328125 0.2703125 0.0203125 0.01875
1 0.3328125 0.36328125 0.021875 0.0171875
1 0.921875 0.59921875 0.0234375 0.0171875
1 0.82265625 0.9875 0.0390625 0.025
1 0.103125 0.29453125 0.0234375 0.0203125
1 0.54296875 0.30078125 0.0203125 0.0140625
1 0.5671875 0.84765625 0.0203125 0.015625
1 0.7921875 0.996875 0.034375 0.00625
1 0.5609375 0.61328125 0.021875 0.0203125
1 0.09140625 0.29921875 0.0234375 0.0171875
1 0.48046875 0.63125 0.0203125 0.01875
1 0.81015625 0.89375 0.0234375 0.021875
1 0.91171875 0.36015625 0.021875 0.015625
1 0.8515625 0.2953125 0.0203125 0.015625
1 0.9078125 0.346875 0.0234375 0.01875
1 0.8578125 0.884375 0.0265625 0.0234375
1 0.82578125 0.88984375 0.021875 0.0203125
0 0.784375 0.78671875 0.021875 0.0171875
1 0.52734375 0.84296875 0.0234375 0.0171875
1 0.96328125 0.40390625 0.021875 0.0171875