4 0.7421875 0.45859375 0.096875 0.1171875
3 0.09140625 0.35 0.1015625 0.09375
1 0.29375 0.5 0.03125 0.0203125
1 0.88203125 0.41953125 0.0296875 0.0171875
4 0.91328125 0.31484375 0.0890625 0.103125
1 0.953125 0.45234375 0.0296875 0.01875
2 0.753125 0.20390625 0.1078125 0.0703125
1 0.33203125 0.596875 0.034375 0.0234375
1 0.2265625 0.91484375 0.03125 0.0203125
1 0.28515625 0.54140625 0.0296875 0.021875
1 0.64609375 0.890625 0.0296875 0.0171875
1 0.3421875 0.41171875 0.028125 0.015625
1 0.59453125 0.415625 0.028125 0.015625
1 0.8796875 0.45859375 0.0296875 0.01875
1 0.5765625 0.4421875 0.0296875 0.01875
1 0.62265625 0.4875 0.03125 0.0203125
3 0.7828125 0.84296875 0.078125 0.059375
0 0.9234375 0.2078125 0.0296875 0.01875
1 0.17421875 0.9625 0.0375 0.0296875
1 0.5453125 0.4203125 0.028125 0.0171875
1 0.53984375 0.4 0.0265625 0.015625
1 0.6171875 0.35546875 0.028125 0.015625
1 0.5921875 0.31953125 0.028125 0.015625
1 0.378125 0.60078125 0.0328125 0.0234375
1 0.846875 0.96484375 0.0390625 0.034375
1 0.909375 0.92265625 0.034375 0.025
1 0.03046875 0.4171875 0.03125 0.0171875
1 0.81015625 0.87109375 0.028125 0.0140625
1 0.68515625 0.89765625 0.0296875 0.0125
1 0.36796875 0.38359375 0.028125 0.015625
1 0.275 0.5375 0.0296875 0.0203125
1 0.83359375 0.4359375 0.0296875 0.01875
1 0.93203125 0.41171875 0.0296875 0.0171875
1 0.46171875 0.44921875 0.0296875 0.01875
1 0.5390625 0.38046875 0.028125 0.015625
1 0.6046875 0.3375 0.028125 0.015625
1 0.63828125 0.32421875 0.0265625 0.0140625
1 0.04765625 0.41640625 0.03125 0.0171875
1 0.871875 0.32109375 0.028125 0.0140625
1 0.61328125 0.4015625 0.028125 0.0140625
1 0.9125 0.3734375 0.0296875 0.01875
0 0.76328125 0.1421875 0.03125 0.0203125
0 0.796875 0.16171875 0.0328125 0.025
0 0.81328125 0.2015625 0.03125 0.0203125
1 0.278125 0.51484375 0.03125 0.0171875
1 0.30625 0.41015625 0.0296875 0.015625
1 0.35 0.2875 0.0265625 0.0140625
1 0.66015625 0.41484375 0.0296875 0.01875
1 0.834375 0.378125 0.028125 0.0171875
1 0.8078125 0.35859375 0.0296875 0.015625
1 0.278125 0.4984375 0.0296875 0.0171875
1 0.2484375 0.88828125 0.028125 0.0140625
1 0.3546875 0.8953125 0.0296875 0.0171875
1 0.31640625 0.546875 0.03125 0.021875
0 0.259375 0.2125 0.028125 0.015625
1 0.7921875 0.91171875 0.0328125 0.0234375
0 0.91796875 0.12421875 0.03125 0.0203125
1 0.94375 0.365625 0.0296875 0.015625
1 0.65625 0.33984375 0.028125 0.015625
1 0.75234375 0.89375 0.03125 0.01875
3 0.046875 0.51328125 0.09375 0.0953125
1 0.828125 0.30390625 0.028125 0.0140625
4 0.58515625 0.83984375 0.0875 0.0703125
1 0.70859375 0.87890625 0.0296875 0.0171875
1 0.37421875 0.37265625 0.0265625 0.015625
1 0.9671875 0.353125 0.028125 0.0140625
1 0.6125 0.2734375 0.0265625 0.0140625
0 0.21484375 0.20390625 0.03125 0.0203125
1 0.0703125 0.409375 0.0296875 0.0171875
0 0.19921875 0.14296875 0.03125 0.0203125
1 0.45078125 0.3171875 0.0265625 0.0140625
0 0.8625 0.740625 0.0296875 0.01875
1 0.17890625 0.33125 0.028125 0.0140625
0 0.7484375 0.1625 0.028125 0.0140625
1 0.33359375 0.3375 0.028125 0.0140625
1 0.90859375 0.4578125 0.0296875 0.0203125
0 0.89453125 0.21328125 0.028125 0.0171875
1 0.1453125 0.29140625 0.028125 0.0140625
1 0.8328125 0.340625 0.028125 0.0140625
4 0.90234375 0.8515625 0.0953125 0.075
1 0.66484375 0.33671875 0.028125 0.015625
1 0.64609375 0.371875 0.0296875 0.015625
0 0.21640625 0.1546875 0.0296875 0.01875
1 0.6125 0.38828125 0.028125 0.0140625
1 0.51015625 0.45234375 0.03125 0.0171875
1 0.02890625 0.38515625 0.028125 0.015625
1 0.84375 0.3203125 0.028125 0.0140625
0 0.92109375 0.26640625 0.028125 0.015625
1 0.390625 0.37265625 0.028125 0.015625
1 0.3453125 0.62578125 0.0296875 0.0125
1 0.13984375 0.96484375 0.0375 0.0296875
0 0.834375 0.02109375 0.03125 0.01875
0 0.225 0.23828125 0.028125 0.0140625
0 0.36640625 0.71328125 0.028125 0.0171875
0 0.7234375 0.15546875 0.028125 0.0203125
1 0.79921875 0.40859375 0.0296875 0.015625
0 0.6921875 0.7125 0.028125 0.015625
1 0.43515625 0.31171875 0.0265625 0.015625
1 0.37109375 0.65 0.0328125 0.015625
1 0.35390625 0.353125 0.028125 0.015625
1 0.6671875 0.35859375 0.0296875 0.0171875
1 0.20078125 0.91875 0.03125 0.021875
0 0.79296875 0.05 0.03125 0.01875
1 0.69296875 0.2984375 0.028125 0.0140625
1 0.465625 0.3734375 0.028125 0.0171875
1 0.6875 0.3453125 0.028125 0.015625
0 0.7046875 0.69453125 0.0296875 0.0203125
1 0.12734375 0.28125 0.028125 0.0125
1 0.0234375 0.403125 0.0296875 0.0140625
1 0.81171875 0.3375 0.0265625 0.0140625
1 0.82421875 0.27578125 0.028125 0.0125
1 0.01015625 0.41953125 0.0203125 0.0171875
1 0.82734375 0.8984375 0.0296875 0.0203125
1 0.66171875 0.31796875 0.028125 0.01875
1 0.7421875 0.8640625 0.0296875 0.015625
1 0.84765625 0.8953125 0.0296875 0.01875
1 0.3359375 0.359375 0.0296875 0.015625
1 0.45 0.38828125 0.028125 0.01875
1 0.83125 0.2609375 0.0265625 0.0125
1 0.821875 0.36484375 0.0296875 0.015625
1 0.0484375 0.39609375 0.028125 0.015625
0 0.640625 0.7 0.028125 0.0140625
0 0.89140625 0.04453125 0.028125 0.0125
1 0.1140625 0.303125 0.0265625 0.0125
1 0.95390625 0.97578125 0.0375 0.015625
1 0.4578125 0.3671875 0.028125 0.01875
1 0.31015625 0.321875 0.028125 0.015625
2 0.2328125 0.2203125 0.1125 0.0609375
1 0.93984375 0.9171875 0.0328125 0.0234375
0 0.91171875 0.2375 0.028125 0.015625
1 0.53984375 0.2609375 0.028125 0.0140625
3 0.1546875 0.8734375 0.071875 0.06875
1 0.69140625 0.88125 0.028125 0.015625
1 0.31796875 0.4046875 0.028125 0.015625
1 0.28671875 0.33515625 0.028125 0.0140625
0 0.85546875 0.01328125 0.03125 0.01875
1 0.28203125 0.8875 0.0265625 0.0140625
1 0.33515625 0.32421875 0.0265625 0.0125
1 0.6859375 0.37265625 0.0296875 0.0171875
1 0.04296875 0.3578125 0.028125 0.0140625
1 0.85859375 0.26015625 0.0265625 0.0125
1 0.834375 0.8546875 0.025 0.0109375
1 0.6859375 0.640625 0.028125 0.0109375
1 0.89921875 0.88046875 0.0296875 0.015625
1 0.18671875 0.91875 0.0265625 0.01875
1 0.878125 0.2625 0.028125 0.0140625
0 0.853125 0.7171875 0.03125 0.0203125
1 0.45859375 0.38671875 0.0296875 0.015625
1 0.1578125 0.91328125 0.028125 0.0171875
1 0.64296875 0.3015625 0.0296875 0.0140625
1 0.31640625 0.35859375 0.028125 0.0171875
1 0.14765625 0.946875 0.0328125 0.01875
1 0.10703125 0.98828125 0.0390625 0.0234375
1 0.40859375 0.2609375 0.0265625 0.0140625
1 0.45234375 0.27265625 0.028125 0.0140625
1 0.3234375 0.3203125 0.028125 0.0140625
0 0.828125 0.00625 0.03125 0.0125
1 0.24765625 0.87734375 0.025 0.0109375
1 0.82265625 0.8453125 0.025 0.0109375
1 0.30390625 0.3796875 0.028125 0.015625
1 0.52578125 0.25625 0.028125 0.0140625
1 0.103125 0.284375 0.028125 0.0109375
1 0.2296875 0.84609375 0.0265625 0.0125
0 0.6625 0.70234375 0.03125 0.01875
1 0.93515625 0.88984375 0.0296875 0.01875
1 0.01328125 0.409375 0.0265625 0.015625
1 0.79921875 0.39140625 0.028125 0.0109375
1 0.8515625 0.86484375 0.028125 0.0140625
1 0.9359375 0.390625 0.028125 0.015625
0 0.89375 0.03046875 0.0296875 0.0171875
1 0.3140625 0.38828125 0.0296875 0.015625
1 0.96328125 0.92578125 0.03125 0.0203125
1 0.7 0.3390625 0.028125 0.015625
1 0.72109375 0.9 0.025 0.009375
1 0.34609375 0.63984375 0.03125 0.0125
1 0.1453125 0.2734375 0.0265625 0.0125
1 0.86796875 0.85234375 0.025 0.0109375
1 0.8203125 0.34609375 0.0296875 0.0125
1 0.6078125 0.37578125 0.0296875 0.0125
1 0.321875 0.37890625 0.0296875 0.015625
1 0.98984375 0.38828125 0.0203125 0.0140625
1 0.28984375 0.2921875 0.028125 0.015625
1 0.13671875 0.90546875 0.028125 0.0140625
1 0.09921875 0.29453125 0.0265625 0.0125
1 0.41875 0.26171875 0.0296875 0.0125
0 0.8453125 0.70625 0.028125 0.015625
1 0.984375 0.959375 0.03125 0.03125
1 0.27578125 0.88125 0.028125 0.0125
1 0.76796875 0.87734375 0.03125 0.01875
0 0.90625 0.09765625 0.0296875 0.015625
3 0.1953125 0.875 0.059375 0.0671875
1 0.43984375 0.25859375 0.0296875 0.0125
0 0.86328125 0.0671875 0.025 0.015625
1 0.78671875 0.87109375 0.0296875 0.0140625
1 0.11484375 0.278125 0.0265625 0.0140625
1 0.85703125 0.89140625 0.0296875 0.01875
1 0.140625 0.28046875 0.0265625 0.0125
1 0.1109375 0.94921875 0.034375 0.021875
1 0.86953125 0.2609375 0.028125 0.0140625
1 0.0140625 0.38984375 0.028125 0.0171875
1 0.00703125 0.38828125 0.0140625 0.0203125
1 0.0828125 0.9453125 0.0296875 0.0203125
1 0.02890625 0.5515625 0.03125 0.0171875
1 0.31484375 0.265625 0.0265625 0.0109375
1 0.4703125 0.83359375 0.0265625 0.0140625
1 0.084375 0.99296875 0.0375 0.0140625
1 0.24140625 0.66015625 0.0296875 0.0109375
1 0.84921875 0.88046875 0.028125 0.0125