2 0.24296875 0.209375 0.0875 0.065625
4 0.353125 0.2890625 0.065625 0.08125
2 0.759375 0.21484375 0.0890625 0.05625
0 0.2390625 0.1671875 0.0078125 0.0140625
1 0.29921875 0.425 0.0109375 0.0171875
4 0.97578125 0.46875 0.0484375 0.11875
4 0.19765625 0.840625 0.0359375 0.0421875
3 0.06875 0.3765625 0.0921875 0.09375
1 0.55625 0.4203125 0.0109375 0.01875
1 0.7109375 0.42265625 0.009375 0.0140625
1 0.70625 0.4359375 0.0078125 0.0171875
1 0.38671875 0.32734375 0.009375 0.015625
1 0.89453125 0.3625 0.009375 0.015625
1 0.3875 0.86875 0.0078125 0.0125
1 0.5203125 0.3015625 0.0078125 0.015625
1 0.9484375 0.43125 0.0125 0.0171875
1 0.7125 0.4390625 0.0109375 0.0171875
1 0.58046875 0.3359375 0.0078125 0.0171875
1 0.64765625 0.30625 0.009375 0.0140625
1 0.375 0.33125 0.009375 0.0140625
1 0.515625 0.37734375 0.009375 0.0171875
3 0.15546875 0.86875 0.0734375 0.090625
1 0.77109375 0.49921875 0.0109375 0.0203125
1 0.4 0.26640625 0.00625 0.0140625
1 0.9734375 0.378125 0.009375 0.0140625
1 0.60859375 0.37890625 0.009375 0.01875
1 0.16328125 0.26484375 0.0078125 0.0140625
1 0.9453125 0.39921875 0.0109375 0.0140625
1 0.91171875 0.32578125 0.009375 0.0125
1 0.56015625 0.34765625 0.0078125 0.015625
1 0.93125 0.3453125 0.0078125 0.0140625
1 0.59140625 0.2953125 0.00625 0.015625
1 0.06171875 0.91171875 0.0140625 0.025
1 0.9046875 0.65390625 0.0140625 0.0171875
1 0.59609375 0.4375 0.0109375 0.01875
1 0.875 0.9375 0.015625 0.021875
1 0.9125 0.33984375 0.0109375 0.0140625
1 0.70625 0.421875 0.0078125 0.0078125
1 0.5015625 0.334375 0.0078125 0.015625
1 0.89921875 0.30859375 0.009375 0.0140625
1 0.58046875 0.2796875 0.00625 0.0125
1 0.934375 0.55703125 0.0125 0.0234375
1 0.48828125 0.64296875 0.0078125 0.015625
1 0.9359375 0.51875 0.0125 0.0203125
1 0.06953125 0.88046875 0.0078125 0.0140625
1 0.596875 0.26796875 0.00625 0.0125
0 0.23671875 0.1359375 0.0078125 0.015625
1 0.809375 0.42890625 0.0078125 0.0171875
1 0.86796875 0.3328125 0.0109375 0.0140625
1 0.0390625 0.9171875 0.0125 0.0234375
1 0.553125 0.27578125 0.009375 0.0125
1 0.0953125 0.934375 0.015625 0.0234375
1 0.70234375 0.4015625 0.0109375 0.0171875
1 0.96171875 0.40625 0.0109375 0.015625
1 0.8125 0.94609375 0.015625 0.0265625
1 0.92734375 0.38359375 0.0109375 0.015625
1 0.871875 0.54140625 0.0109375 0.0203125
1 0.3109375 0.3984375 0.0109375 0.0171875
1 0.77265625 0.47265625 0.0109375 0.0203125
1 0.51796875 0.265625 0.00625 0.0109375
1 0.8703125 0.30234375 0.0078125 0.015625
4 0.721875 0.92734375 0.128125 0.1453125
1 0.81484375 0.42734375 0.0109375 0.0171875
1 0.8609375 0.296875 0.0078125 0.0140625
1 0.13046875 0.2703125 0.0078125 0.015625