4 0.31875 0.44609375 0.1203125 0.1140625
2 0.24609375 0.20625 0.11875 0.065625
2 0.7640625 0.2171875 0.121875 0.0609375
3 0.50546875 0.37578125 0.1078125 0.1140625
3 0.4734375 0.25859375 0.0984375 0.0828125
1 0.43203125 0.3984375 0.0390625 0.0171875
1 0.428125 0.60234375 0.0453125 0.025
1 0.4921875 0.4921875 0.0421875 0.01875
1 0.36796875 0.553125 0.04375 0.0234375
1 0.19453125 0.40703125 0.040625 0.0171875
1 0.80546875 0.4328125 0.040625 0.01875
1 0.15546875 0.434375 0.040625 0.01875
1 0.253125 0.59140625 0.0453125 0.0234375
1 0.45390625 0.53359375 0.0421875 0.021875
1 0.2390625 0.49921875 0.040625 0.01875
1 0.403125 0.4 0.040625 0.015625
1 0.1046875 0.45546875 0.040625 0.01875
1 0.46796875 0.49296875 0.040625 0.0171875
1 0.65 0.4765625 0.0421875 0.01875
1 0.3390625 0.55703125 0.0421875 0.01875
1 0.4296875 0.9015625 0.0390625 0.0125
1 0.45390625 0.428125 0.040625 0.0171875
1 0.64296875 0.44375 0.040625 0.01875
1 0.46328125 0.45234375 0.040625 0.01875
1 0.18203125 0.33515625 0.0390625 0.015625
1 0.465625 0.5109375 0.0421875 0.01875
1 0.70859375 0.4375 0.040625 0.015625
1 0.81796875 0.94921875 0.0484375 0.0265625
1 0.69140625 0.5140625 0.0421875 0.015625
1 0.44140625 0.60078125 0.04375 0.021875
1 0.5828125 0.39375 0.0390625 0.015625
1 0.39765625 0.5734375 0.0421875 0.021875
1 0.2640625 0.48359375 0.0421875 0.01875
1 0.4453125 0.44609375 0.040625 0.01875
1 0.60078125 0.40546875 0.0390625 0.015625
1 0.29453125 0.5265625 0.0421875 0.0203125
1 0.6984375 0.43515625 0.040625 0.0171875
1 0.44765625 0.5765625 0.0421875 0.021875
4 0.19140625 0.884375 0.165625 0.1296875
1 0.675 0.35703125 0.0390625 0.015625
1 0.5984375 0.90390625 0.040625 0.015625
1 0.9296875 0.409375 0.040625 0.0171875
1 0.6453125 0.8953125 0.040625 0.0171875
1 0.63125 0.396875 0.0390625 0.015625
1 0.64453125 0.403125 0.040625 0.01875
1 0.959375 0.43984375 0.040625 0.01875
1 0.275 0.5265625 0.0421875 0.0203125
1 0.059375 0.340625 0.0390625 0.0140625
1 0.27109375 0.459375 0.040625 0.01875
1 0.30625 0.53984375 0.0421875 0.021875
1 0.3953125 0.371875 0.040625 0.0171875
1 0.9828125 0.43671875 0.034375 0.0171875
1 0.89296875 0.546875 0.0390625 0.0203125
1 0.3375 0.3640625 0.0390625 0.0140625
1 0.44375 0.378125 0.0390625 0.015625
1 0.61953125 0.33515625 0.0375 0.0140625
1 0.4359375 0.33671875 0.0390625 0.015625
1 0.2875 0.8890625 0.040625 0.0171875
1 0.15625 0.4203125 0.040625 0.0140625
1 0.753125 0.9296875 0.0484375 0.025
1 0.325 0.51953125 0.0421875 0.01875
1 0.634375 0.31171875 0.0390625 0.0140625
1 0.690625 0.5296875 0.0421875 0.01875
1 0.39296875 0.396875 0.040625 0.015625
1 0.3375 0.54140625 0.040625 0.015625
1 0.6640625 0.515625 0.0375 0.0203125
1 0.665625 0.54375 0.0421875 0.021875
1 0.26875 0.50703125 0.040625 0.0171875
1 0.83515625 0.95 0.0484375 0.028125
1 0.7734375 0.93359375 0.04375 0.021875
1 0.7 0.415625 0.0390625 0.0140625
1 0.4484375 0.30390625 0.0375 0.0140625
1 0.08984375 0.29140625 0.0390625 0.0140625
1 0.378125 0.30390625 0.0390625 0.0140625
1 0.12421875 0.5375 0.040625 0.0203125
1 0.3453125 0.3390625 0.040625 0.015625
1 0.6671875 0.31015625 0.0375 0.0140625
1 0.4515625 0.4015625 0.040625 0.0171875
1 0.3265625 0.35 0.0375 0.0140625
1 0.60078125 0.36171875 0.0375 0.0140625
1 0.57578125 0.36875 0.0390625 0.015625
1 0.734375 0.64453125 0.0421875 0.01875
1 0.37890625 0.34375 0.0390625 0.0140625
1 0.43125 0.28984375 0.0375 0.0125
1 0.525 0.26796875 0.0375 0.0125
1 0.43515625 0.35625 0.0390625 0.0171875
1 0.66015625 0.28984375 0.0390625 0.0125
1 0.2953125 0.50390625 0.040625 0.015625
1 0.60625 0.39296875 0.0390625 0.015625
1 0.86640625 0.91328125 0.040625 0.01875
1 0.58046875 0.346875 0.0390625 0.015625
1 0.31328125 0.375 0.040625 0.015625
1 0.6109375 0.28984375 0.0390625 0.0140625
1 0.30078125 0.3125 0.0390625 0.015625
1 0.46015625 0.32109375 0.0390625 0.0140625
1 0.36015625 0.36796875 0.0390625 0.0203125
1 0.0796875 0.92578125 0.0453125 0.0234375
1 0.559375 0.40703125 0.0390625 0.015625
1 0.3578125 0.3328125 0.0390625 0.0140625
1 0.2765625 0.4953125 0.0421875 0.0171875
1 0.428125 0.459375 0.040625 0.01875
1 0.9453125 0.4421875 0.040625 0.0171875
1 0.59609375 0.33359375 0.040625 0.015625
1 0.54609375 0.39609375 0.0390625 0.015625
1 0.52734375 0.309375 0.0375 0.0140625
1 0.73125 0.8875 0.0375 0.0125
1 0.4203125 0.3546875 0.0375 0.0125
1 0.33671875 0.52265625 0.0421875 0.0203125
4 0.625 0.5703125 0.1171875 0.165625
1 0.17890625 0.3578125 0.040625 0.015625
1 0.5421875 0.321875 0.0375 0.0140625
1 0.0359375 0.34296875 0.0390625 0.0171875
1 0.4296875 0.37265625 0.0390625 0.015625
1 0.940625 0.39921875 0.0390625 0.015625
1 0.54609375 0.37578125 0.0375 0.0125
1 0.421875 0.30625 0.0375 0.0125
1 0.84296875 0.915625 0.040625 0.0171875
1 0.709375 0.4171875 0.0390625 0.0140625
1 0.10390625 0.9296875 0.0421875 0.0171875
4 0.05390625 0.41953125 0.1078125 0.1203125
1 0.62578125 0.32265625 0.0375 0.0125
1 0.87265625 0.2734375 0.0375 0.0140625
1 0.3484375 0.278125 0.0375 0.0125
1 0.46328125 0.3046875 0.0375 0.0125
1 0.34453125 0.38046875 0.0390625 0.015625
1 0.60546875 0.31875 0.0390625 0.0140625
1 0.28828125 0.6390625 0.0421875 0.0125
1 0.3078125 0.8921875 0.040625 0.0171875
1 0.38125 0.28203125 0.0375 0.0140625
1 0.15703125 0.3234375 0.040625 0.015625
1 0.90234375 0.2875 0.0375 0.0125
1 0.446875 0.3578125 0.0390625 0.015625
1 0.97109375 0.41875 0.040625 0.0171875
1 0.3953125 0.340625 0.0375 0.0109375
1 0.36171875 0.31875 0.0390625 0.0125
1 0.54609375 0.3046875 0.040625 0.0125
1 0.12109375 0.27890625 0.0375 0.0125
1 0.86015625 0.2734375 0.0375 0.0125
1 0.39375 0.86640625 0.0375 0.0125
1 0.503125 0.3 0.0375 0.0109375
1 0.5984375 0.28046875 0.0390625 0.0125
1 0.4 0.35 0.0390625 0.0140625
1 0.8921875 0.28125 0.0375 0.0125
1 0.046875 0.34453125 0.0390625 0.015625
1 0.67265625 0.5640625 0.0421875 0.015625
1 0.4015625 0.3296875 0.0375 0.0140625
1 0.446875 0.2890625 0.0390625 0.0109375
1 0.521875 0.29921875 0.0375 0.0140625
1 0.459375 0.38046875 0.040625 0.015625
1 0.90078125 0.3078125 0.0390625 0.0140625
1 0.35234375 0.3046875 0.0375 0.0125
1 0.4 0.3125 0.0375 0.0140625
1 0.9421875 0.3546875 0.040625 0.015625
1 0.55859375 0.39140625 0.0390625 0.0140625
1 0.63984375 0.29140625 0.0375 0.0125
1 0.50390625 0.315625 0.0375 0.0109375
1 0.98515625 0.64765625 0.0296875 0.0171875
1 0.9234375 0.946875 0.0453125 0.028125
3 0.4234375 0.84296875 0.08125 0.0625
1 0.775 0.909375 0.040625 0.0125
1 0.51484375 0.25703125 0.0375 0.0125
1 0.115625 0.9421875 0.0453125 0.028125
1 0.07890625 0.90390625 0.0421875 0.015625
1 0.8859375 0.93203125 0.04375 0.0234375
1 0.34921875 0.26328125 0.0375 0.0125
1 0.42265625 0.33515625 0.040625 0.015625
1 0.790625 0.88125 0.0375 0.0109375
1 0.06015625 0.91875 0.04375 0.021875
1 0.97890625 0.36015625 0.0390625 0.0140625
1 0.6015625 0.3796875 0.0390625 0.0140625
1 0.37421875 0.26328125 0.0390625 0.015625
1 0.3203125 0.36484375 0.0390625 0.0109375
1 0.384375 0.321875 0.0390625 0.0140625
1 0.14296875 0.959375 0.05 0.03125
1 0.0796875 0.85625 0.0375 0.0125
1 0.6375 0.278125 0.0375 0.0109375
1 0.95 0.41796875 0.0421875 0.01875
1 0.19453125 0.9359375 0.04375 0.021875
1 0.72578125 0.87734375 0.0375 0.0109375
1 0.5640625 0.37890625 0.0390625 0.015625
1 0.40625 0.29921875 0.040625 0.0140625
1 0.6765625 0.55078125 0.040625 0.0171875
1 0.25390625 0.86171875 0.0375 0.0140625
1 0.7921875 0.925 0.0421875 0.01875
1 0.6734375 0.27109375 0.0375 0.0125
1 0.52421875 0.25625 0.0375 0.0125
1 0.98359375 0.3984375 0.0328125 0.0125
1 0.62734375 0.384375 0.040625 0.0125
1 0.0765625 0.87265625 0.0390625 0.0140625
1 0.10234375 0.27734375 0.040625 0.0140625
1 0.9125 0.30625 0.0390625 0.0125
1 0.3390625 0.325 0.0390625 0.0140625
1 0.1328125 0.259375 0.040625 0.0125
1 0.86484375 0.896875 0.0390625 0.0140625
1 0.46171875 0.29296875 0.0390625 0.0125
1 0.81171875 0.91953125 0.040625 0.0203125
1 0.30625 0.87890625 0.0390625 0.0125
1 0.46796875 0.36328125 0.0390625 0.01875
1 0.7640625 0.8765625 0.0375 0.0109375
1 0.071875 0.9765625 0.0453125 0.0171875
1 0.36171875 0.2953125 0.0375 0.0125
1 0.98203125 0.41875 0.0359375 0.0125
1 0.43046875 0.25703125 0.0375 0.0125
1 0.41484375 0.25859375 0.0390625 0.0140625
1 0.2640625 0.86171875 0.0390625 0.0125
1 0.3578125 0.26328125 0.040625 0.0140625
1 0.65 0.27421875 0.0390625 0.0140625
1 0.93046875 0.30859375 0.0390625 0.0140625
1 0.1171875 0.2625 0.0390625 0.0125
1 0.83046875 0.9203125 0.04375 0.0234375
1 0.55 0.38515625 0.0375 0.0109375
1 0.659375 0.6265625 0.0390625 0.0125
1 0.1578125 0.93359375 0.0453125 0.0265625
1 0.54453125 0.29296875 0.0390625 0.0109375
1 0.96015625 0.403125 0.0390625 0.0140625
1 0.0828125 0.8890625 0.0390625 0.0125
1 0.9390625 0.43203125 0.040625 0.015625
1 0.05390625 0.89921875 0.040625 0.015625
1 0.01640625 0.359375 0.0328125 0.015625
1 0.81796875 0.29296875 0.0359375 0.0109375
1 0.75 0.8765625 0.0375 0.0109375
1 0.28359375 0.84140625 0.0359375 0.0109375