2 0.24921875 0.20859375 0.1109375 0.0640625
2 0.76484375 0.203125 0.0984375 0.0625
4 0.878125 0.371875 0.0890625 0.0828125
4 0.49921875 0.5359375 0.115625 0.1796875
4 0.35390625 0.28828125 0.075 0.0859375
3 0.8796875 0.87890625 0.0875 0.0859375
3 0.96796875 0.36640625 0.0640625 0.0921875
3 0.5328125 0.32734375 0.0875 0.0953125
3 0.0734375 0.503125 0.13125 0.1328125
4 0.7375 0.87109375 0.0953125 0.0796875
3 0.5328125 0.85546875 0.04375 0.046875
1 0.783342625 0.60643191875 0.7854921546875 0.6203459609374999 0.804613825 0.6191618046875 0.8076318328125 0.6025249453125 0.7899402140625 0.598168028125 0.783342625 0.60643191875
1 0.7714263031249999 0.5824699015625 0.7747219046875 0.5630556859375 0.755895540625 0.5586987703124999 0.752557934375 0.5795016609375 0.7714263031249999 0.5824699015625
1 0.7112001375 0.4842807890625 0.7056791375 0.4897809578125 0.70664396875 0.5022926890625 0.7239640953125 0.5052472953125 0.7281879265625 0.49834481249999996 0.7258428453125 0.4872081234375 0.7112001375 0.4842807890625
1 0.6223647531250001 0.4730465953125 0.6233083875000001 0.48694700312499994 0.638273753125 0.489874340625 0.6425057453125 0.4857492125 0.644213609375 0.474653428125 0.6389106078125 0.46904418124999997 0.6223647531250001 0.4730465953125
1 0.3050512296875 0.58831220625 0.2983329859375 0.593798740625 0.301696696875 0.6132811296875 0.31345591875 0.6147925187500001 0.32152594843750004 0.6079309390625001 0.3207030703125 0.5912531765625 0.3050512296875 0.58831220625
1 0.463110984375 0.464710409375 0.475858984375 0.4703878296875 0.48169313437500005 0.467665015625 0.4836642125 0.451014521875 0.4664737453125 0.449462228125 0.463110984375 0.464710409375
1 0.3607412296875 0.4629106296875 0.3590024046875 0.4753950921875 0.364270571875 0.4810043390625 0.3793485296875 0.4769882890625 0.3810451765625 0.4658925046875 0.375777009375 0.46028325625 0.3607412296875 0.4629106296875
1 0.2911894421875 0.4658768078125 0.3074689578125 0.46881777968750005 0.3131352578125 0.4619289328125 0.310704115625 0.452180921875 0.29301860468749996 0.45061499375 0.2911894421875 0.4658768078125
1 0.2680171015625 0.49738007812499996 0.262268825 0.5112123125 0.27135579375 0.51963981875 0.27939883593750003 0.51833295 0.2848988125 0.5128327796875001 0.283937653125 0.5003210499999999 0.2680171015625 0.49738007812499996
1 0.25500098437499996 0.53468348125 0.2729575046875 0.529306021875 0.27462291250000004 0.5195989156249999 0.2693199109375 0.5139896671875 0.2527740546875 0.5179920828125 0.25500098437499996 0.53468348125
1 0.2423229203125 0.5400064 0.2493688609375 0.54146325 0.2595147890625 0.5346153078125 0.25707482812500004 0.5220899421875 0.238640978125 0.521912690625 0.2423229203125 0.5400064
1 0.333801359375 0.3971655796875 0.3393511375 0.4041635046875 0.3509433984375 0.40288390625000003 0.35423339062500003 0.3904130796875 0.33848999218750003 0.386097065625 0.333801359375 0.3971655796875
1 0.7319295140625 0.4484478703125 0.7217152984374999 0.45112978281249994 0.7171967171875 0.45664358906249997 0.71977524375 0.46639159843750005 0.73419386875 0.46791662343749996 0.7375802703125001 0.452668440625 0.7319295140625 0.4484478703125
1 0.740898709375 0.4416135609375 0.7397607796875 0.42910183125 0.7223440531249999 0.4303405265625 0.7281206499999999 0.4456705171875 0.740898709375 0.4416135609375
1 0.73145241875 0.44561597812500003 0.7254626515625 0.4372293734375 0.7128008046875001 0.4398976515625 0.7169763484375 0.45521400625 0.73145241875 0.44561597812500003
1 0.7056741765625001 0.43266793750000004 0.7061356453125 0.4187811625 0.6868031109375 0.41860391249999995 0.6863877875 0.43110200781249997 0.7056741765625001 0.43266793750000004
1 0.717549415625 0.4370793921875 0.7224424390624999 0.42462220000000006 0.7106445265625 0.4203470921875 0.7027673 0.43277701406249997 0.717549415625 0.4370793921875
1 0.71689163125 0.4203607265625 0.7171926765625 0.4120286609375 0.7010236812499999 0.41189231406250004 0.699055559375 0.421599421875 0.71689163125 0.4203607265625
1 0.7078654125 0.40633760625 0.7112587421875001 0.393866778125 0.6950208484375 0.3895507640625 0.6915351234375 0.404798946875 0.7078654125 0.40633760625
1 0.693123053125 0.403273921875 0.6921231328124999 0.3879848359375 0.6738115046875001 0.390598575 0.6778947671875 0.40452625312499996 0.693123053125 0.403273921875
1 0.6962421078125 0.3588771515625 0.6932003375 0.3477404625 0.679201234375 0.35040873906250003 0.6856619546875 0.362961375 0.6962421078125 0.3588771515625
1 0.656920840625 0.354056653125 0.6606009546875 0.3415858265625 0.6445552203125 0.338672125 0.6424395984375 0.35254526406250003 0.656920840625 0.354056653125
1 0.6296326421875 0.352231665625 0.6180791 0.3604546515625 0.6234179140625 0.3702299328125 0.6332535390625 0.37171405156250004 0.6390741078125 0.3662138828125 0.637925534375 0.357868184375 0.6296326421875 0.352231665625
1 0.6346054765625 0.353633978125 0.6286313578125 0.34524737499999997 0.6159053828125 0.35069300625 0.6203130578125 0.359065975 0.6346054765625 0.353633978125
1 0.48067899531249997 0.3898581796875 0.48262974999999997 0.375985040625 0.46634565781250004 0.37305770312500003 0.46290613125 0.3869172078125 0.48067899531249997 0.3898581796875
1 0.490901609375 0.3497365171875 0.48976519375 0.3372247859375 0.47232271406250004 0.339852159375 0.4766126984375 0.352391159375 0.490901609375 0.3497365171875
1 0.4569923953125 0.3227517203125 0.45423026406250006 0.31161503281249997 0.4384134984375 0.31286736406250004 0.44112670156249995 0.3253927296875 0.4569923953125 0.3227517203125
1 0.46550262187499997 0.3048898015625 0.470804890625 0.292432609375 0.45306916875000003 0.29089394999999996 0.45266777343750003 0.30200336875 0.46550262187499997 0.3048898015625
1 0.45219754375 0.2907712375 0.4577680578125 0.278314046875 0.4443366 0.2740389359375 0.44041207031249996 0.287898440625 0.45219754375 0.2907712375
1 0.42444545468749995 0.32083129062500004 0.42835718125 0.30697178593749996 0.41317128593749997 0.305460396875 0.410952715625 0.31933353593749997 0.42444545468749995 0.32083129062500004
1 0.4168880796875 0.337331803125 0.413894978125 0.3248064375 0.39987144531249996 0.3274747140625 0.40112509999999996 0.3399864453125 0.4168880796875 0.337331803125
1 0.60445516875 0.31284421562500003 0.606624728125 0.3003597546875 0.5914140625 0.298848365625 0.589244503125 0.3113328265625 0.60445516875 0.31284421562500003
1 0.637001540625 0.29255944375 0.637428190625 0.281450025 0.6202418796875 0.28131367812499997 0.623145828125 0.295227721875 0.637001540625 0.29255944375
1 0.6645198296875 0.3111167328125 0.6668202953125 0.2986322703125 0.652434303125 0.29852319375 0.6502454390625 0.3082303015625 0.6645198296875 0.3111167328125
1 0.67854555 0.3266376078125 0.6806140187499999 0.31415314687499996 0.6661622703125001 0.3112530796875 0.6624769015624999 0.32372390625 0.67854555 0.3266376078125
1 0.674861034375 0.273772425 0.6751891125 0.2668290390625 0.66032195625 0.2681222734375 0.6619771515624999 0.27785665000000004 0.674861034375 0.273772425
1 0.6487261875 0.260974365625 0.6610146859375 0.26802683125 0.66742628125 0.26391533749999996 0.66610288125 0.2569583171875 0.652102115625 0.25405825000000004 0.6487261875 0.260974365625
1 0.6510448281250001 0.270599665625 0.6534386421875 0.2595038796875 0.6399549796875 0.260797115625 0.637620678125 0.2705042234375 0.6510448281250001 0.270599665625
1 0.6413804265625 0.2676723296875 0.6456515703125 0.2579788578125 0.6322268796875 0.2564947375 0.6298820859375 0.26620184375 0.6413804265625 0.2676723296875
1 0.63347071875 0.2647449921875 0.6371560875 0.252274165625 0.6209870921875 0.25213781874999996 0.6190189703125 0.261844925 0.63347071875 0.2647449921875
1 0.5700522390625 0.26501562500000003 0.5722494953124999 0.25530851875 0.5596695015625001 0.25382439843750004 0.55572311875 0.2621291921875 0.5700522390625 0.26501562500000003
1 0.5643867328125001 0.280195634375 0.5665634234375 0.267711171875 0.5529514625 0.2676020953125 0.5492316765624999 0.2759068890625 0.5643867328125001 0.280195634375
1 0.5372339765625 0.27553875156249996 0.5377100546875 0.2644293328125 0.52236816875 0.26432025625 0.521892090625 0.275429675 0.5372339765625 0.27553875156249996
1 0.5464286046875 0.275716003125 0.5483421046875 0.2729522828125 0.5486216500000001 0.26600889687499996 0.54513009375 0.263204271875 0.53792335625 0.2631497328125 0.532350578125 0.2672748625 0.5320710328125 0.2742182484375 0.5338168109375 0.2756205609375 0.5373642703125 0.2770365078125 0.5427693265625 0.2770774109375 0.5464286046875 0.275716003125
1 0.51886985625 0.258547390625 0.5192053046875 0.2502153265625 0.5174595265625 0.248813015625 0.508451103125 0.24874484218749998 0.5047918234375001 0.25010625000000003 0.5028783234375 0.2528699703125 0.5026546890625 0.25842467812500003 0.5044004671875 0.25982699062500003 0.5115512984375 0.2612702078125 0.51886985625 0.258547390625
1 0.522950796875 0.2600451453125 0.5266456859375 0.2586837375 0.5270408546875001 0.248962996875 0.5252780875 0.247560684375 0.5143627765625001 0.2474788765625 0.5106114359375 0.2502289625 0.5123177484375 0.2530199515625 0.5121483921875 0.2571859828125 0.5139111562500001 0.2585882953125 0.5174931421875 0.2600042421875 0.522950796875 0.2600451453125
1 0.5418828296875 0.263177003125 0.547794784375 0.2604405515625 0.548034434375 0.25488584375 0.5462235453125001 0.252094853125 0.5424220390625 0.25067890625 0.5404314171875 0.25205394999999997 0.5346392828125001 0.2520130453125 0.5326486609375001 0.2533880890625 0.5322891890625 0.2617201515625 0.534159984375 0.2631224640625 0.5418828296875 0.263177003125
1 0.39965149218749996 0.314867540625 0.4029544609375 0.3135061328125 0.40635835781249996 0.3093673703125 0.40650975312500004 0.3052013375 0.404984428125 0.3024103484375 0.400206603125 0.2995920890625 0.39202488281250003 0.30091259375 0.3886714515625 0.3036626796875 0.38846959375 0.3092173875 0.389994915625 0.312008378125 0.394772740625 0.3148266375 0.39965149218749996 0.314867540625
1 0.4026830890625 0.33575223906249996 0.4058924140625 0.333002153125 0.4091983328125 0.3274747140625 0.4092949234375 0.324697359375 0.40477071249999996 0.3204904234375 0.4017062734375 0.3190744765625 0.39548080625000004 0.3190199375 0.39227148125 0.3217700234375 0.3906185203125 0.32453374375 0.390473634375 0.3286997765625 0.39490125468750004 0.335684065625 0.4026830890625 0.33575223906249996
1 0.39079248906249997 0.327229290625 0.3941099828125 0.3258678828125 0.3992129390625 0.32035407656250003 0.3977315953125 0.3161744109375 0.3945661609375 0.3133697859375 0.3847657390625 0.31328797812500003 0.3813468703125 0.31742673906249996 0.3812454984375 0.32020409375000003 0.3843095609375 0.3257860734375 0.38920977031250004 0.325826978125 0.39079248906249997 0.327229290625
1 0.386087790625 0.3354522765625 0.391103396875 0.3313271484375 0.391304671875 0.3257724390625 0.386590978125 0.321565503125 0.38664129687500004 0.320176825 0.38177665 0.3201359203125 0.37858386718750003 0.3187199734375 0.3768616828125 0.32148369374999997 0.3732160328125 0.33256584375 0.3748375828125 0.332579478125 0.37798004375 0.335384103125 0.386087790625 0.3354522765625
1 0.3797861703125 0.3297748546875 0.3834838375 0.3228587375 0.38359031875 0.3200813828125 0.380265340625 0.31727675781250003 0.3716866859375 0.317208584375 0.3663797703125 0.3213337125 0.3678825328125 0.32690205781250004 0.371207515625 0.3297066796875 0.37635470625 0.329747584375 0.3780171984375 0.331149896875 0.3797861703125 0.3297748546875
1 0.35278131875 0.344668534375 0.35925819375 0.344723071875 0.3642665859375 0.3405979453125 0.36598629531250004 0.33783422500000004 0.36618728125 0.332279515625 0.36461831093749997 0.330877203125 0.36143011875000003 0.32946125625 0.35333402812500003 0.3293930828125 0.3500453453125 0.330754490625 0.3483256359375 0.3335182109375 0.3480744046875 0.3404615984375 0.3495931296875 0.3432525875 0.35278131875 0.344668534375
1 0.3516431859375 0.365471425 0.3548086203125 0.3682760484375 0.356442025 0.3682896828125 0.36149429375 0.36416455625 0.3632290734375 0.3614008359375 0.36343181874999997 0.35584612656250003 0.3618997859375 0.3530551375 0.3586836671875 0.351639190625 0.34888324531250003 0.3515573828125 0.34883255625 0.35294606093750003 0.3454643765625 0.35569614375 0.346996409375 0.358487134375 0.3486298109375 0.35850076875000003 0.3516431859375 0.365471425
1 0.3434604125 0.3736807765625 0.3543829734375 0.3737762203125 0.355991759375 0.3724011765625 0.3576489640625 0.36963745625 0.357794225 0.365471425 0.356282278125 0.3640691140625 0.3564275390625 0.35990308125000003 0.3549155921875 0.35850076875000003 0.3439930328125 0.3584053265625 0.34082388125 0.359766734375 0.3391666734375 0.3625304546875 0.3390214125 0.36669648593750004 0.3404365203125 0.370876153125 0.3434604125 0.3736807765625
1 0.347652290625 0.355655240625 0.350601878125 0.3542938328125 0.3565911859375 0.3487936625 0.3581335765625 0.3460299421875 0.356771446875 0.3432389515625 0.3539570546875 0.3404343296875 0.34964533750000004 0.3390047484375 0.342384028125 0.338936575 0.33784698281250003 0.344450378125 0.33902885 0.352796078125 0.3418432421875 0.3556007015625 0.347652290625 0.355655240625
1 0.3470164359375 0.337547896875 0.3503895875 0.3347978109375 0.3521269234375 0.332034090625 0.35064339218749996 0.327854425 0.34420165625 0.32502253125 0.34103154999999996 0.32221790625 0.334437528125 0.3235520453125 0.334183721875 0.33049543125 0.33735382812500003 0.33330005625000003 0.338837359375 0.3374797234375 0.3470164359375 0.337547896875
1 0.3216295359375 0.3455254578125 0.3284132203125 0.345579996875 0.33530215937499996 0.34285718125 0.335723171875 0.3317477625 0.3340798796875 0.33034545 0.3290447390625 0.32891586875 0.327296190625 0.33029091093749996 0.322208428125 0.3302500078125 0.32045988125 0.33162505000000003 0.318606078125 0.3357774484375 0.318342946875 0.342720834375 0.3216295359375 0.3455254578125
1 0.3353097390625 0.33037271874999996 0.3371744921875 0.3289976765625 0.3374551109375 0.322054290625 0.33570260625000004 0.320651978125 0.324850846875 0.3205701703125 0.32112134531250003 0.32332025625 0.3209529734375 0.32748628750000003 0.322705478125 0.32888859843749996 0.3299399828125 0.3289431375 0.3316924875 0.33034545 0.3353097390625 0.33037271874999996
1 0.335324978125 0.335995603125 0.3432818890625 0.331884109375 0.343704159375 0.3221633671875 0.341820496875 0.32076105625 0.3321608984375 0.3193042046875 0.330156590625 0.320679246875 0.32803163125 0.32483164531250003 0.32991529375 0.32623395781250003 0.329673996875 0.331788665625 0.33338099374999997 0.33598196874999997 0.335324978125 0.335995603125
1 0.1969359328125 0.30711558437500003 0.1985365140625 0.305740540625 0.1987773828125 0.2987971546875 0.19732131875 0.29600616562500004 0.1912080296875 0.293174271875 0.183397815625 0.2944947765625 0.18014847812499998 0.2986335390625 0.1799076125 0.305576925 0.1860209015625 0.30840881875 0.1937829421875 0.3084769921875 0.1969359328125 0.30711558437500003
1 0.179439015625 0.306856525 0.1860761703125 0.30274503125 0.186327765625 0.2958016453125 0.18318530156249999 0.29299702031249997 0.1783206546875 0.29295611718750003 0.175127871875 0.2915401703125 0.16849071875 0.2956516640625 0.1682391265625 0.30259505 0.1697600375 0.3053860390625 0.1729528203125 0.3068019859375 0.179439015625 0.306856525
1 0.17289763281249998 0.25945060937500003 0.1683791875 0.2552436734375 0.160607275 0.2551755 0.15419680468750002 0.2606756703125 0.154052103125 0.26484170156250003 0.1585705453125 0.2690486390625 0.1678968453125 0.269130446875 0.1726564609375 0.26639399531249996 0.17289763281249998 0.25945060937500003
1 0.150322996875 0.2910084171875 0.15061389375 0.282676353125 0.1475376125 0.28126040625000004 0.142898953125 0.279830825 0.1350870484375 0.2797626515625 0.131865321875 0.2825127375 0.1331852875 0.2894697578125 0.136164603125 0.293663059375 0.1471012703125 0.29375850312499996 0.150322996875 0.2910084171875
1 0.101679503125 0.3375280765625 0.110312721875 0.3389985625 0.11763423906249999 0.3362893828125 0.1191703546875 0.3335256625 0.1193498828125 0.3279709515625 0.1151454765625 0.3237640171875 0.10795860625 0.322307165625 0.106467375 0.323682209375 0.10212832187500001 0.3236413046875 0.100637090625 0.325016346875 0.0991009765625 0.3277800671875 0.0989663296875 0.3319460984375 0.101679503125 0.3375280765625
1 0.1012485 0.337419 0.10429272812499998 0.33605759375 0.105884609375 0.333293871875 0.10607065468750002 0.3277391625 0.10026126718749999 0.32212991562500004 0.0927669734375 0.3220617421875 0.088177375 0.32479819062500004 0.08803784375 0.3289642234375 0.0864924734375 0.3303392671875 0.0908030015625 0.33593488125 0.093754209375 0.3373508265625 0.1012485 0.337419
1 0.0863132375 0.3302029203125 0.0895225625 0.327452834375 0.089812340625 0.31912077031249997 0.0867962 0.31631614531249996 0.080619025 0.3148729296875 0.07590163125 0.316220703125 0.072692303125 0.3189707890625 0.07099105 0.3231231859375 0.072402528125 0.327302853125 0.0754186703125 0.3301074765625 0.0863132375 0.3302029203125
1 0.0912415546875 0.33593488125 0.095557709375 0.3373644609375 0.10137273437500001 0.337419 0.10437046875 0.334668915625 0.105824225 0.33468255 0.10609489375 0.32635048437499997 0.1046862515625 0.32494817343750004 0.1048215875 0.3207821421875 0.10204941249999999 0.3165888390625 0.088965609375 0.31646612812499997 0.0859227609375 0.32060489062499997 0.0858325390625 0.32338224531250004 0.087241184375 0.32478455624999997 0.0870156234375 0.33172794375 0.0912415546875 0.33593488125
1 0.1132013921875 0.3028793171875 0.1150055171875 0.300115596875 0.11526908281249999 0.2931722109375 0.1136230953125 0.2917698984375 0.10348360937500001 0.2902994125 0.100033496875 0.2916608203125 0.0982820859375 0.29303586406250004 0.0979130953125 0.3027566046875 0.10125778437499999 0.3041725515625 0.10805258124999999 0.30422709062500003 0.1132013921875 0.3028793171875
1 0.11464265 0.2904902984375 0.1227857609375 0.290558471875 0.126144084375 0.2878083859375 0.1264473109375 0.279476321875 0.12329114375000001 0.2766716984375 0.11687773125 0.27383980625 0.1135194109375 0.276589890625 0.1134688734375 0.2779785671875 0.108431390625 0.2821036953125 0.10985786093750001 0.2876720390625 0.1114359453125 0.2890743515625 0.11464265 0.2904902984375
1 0.9067261484375001 0.52107225625 0.907942309375 0.523863246875 0.913008128125 0.528083815625 0.9168980265625001 0.5281247203125 0.9181544203125 0.5295270328125 0.92467781875 0.528206528125 0.9300655265625 0.52131768125 0.93030694375 0.5129856171875 0.9277941515625001 0.5101809937499999 0.9278343874999999 0.5087923156249999 0.9240249640625 0.50597405625 0.917541803125 0.5059058828125 0.9162049359375001 0.5072809265625 0.9123150375 0.5072400218750001 0.9096815375 0.5086014296875 0.906967565625 0.51274019375 0.9067261484375001 0.52107225625
1 0.9040136953125 0.497410203125 0.9064476687499999 0.50299218125 0.9089621671874999 0.5057968046875 0.9193422734375 0.5059058828125 0.9232750781249999 0.504558109375 0.9259506312499999 0.5018080234375 0.9273286703125001 0.4990443046875 0.9275702515625 0.490712240625 0.9237985015625 0.48650530468750003 0.9212437375 0.48508935781250007 0.9147561718749999 0.485021184375 0.9134183953124999 0.48639622656250003 0.9095258546875 0.4863553234375 0.905512525 0.49048045 0.905351471875 0.49603516093750005 0.9040136953125 0.497410203125
1 0.9611144453125 0.5386908140625 0.96345095625 0.5442727921875 0.9708083500000001 0.5485206328125 0.9745450203124999 0.5485615359375 0.9820956687500001 0.5458659890625001 0.9859482937499999 0.5417408609375001 0.9862575031249999 0.5306314421875 0.9850892484375 0.5278404531249999 0.9838436906249999 0.52782681875 0.9814298796875001 0.5250221953125 0.968974303125 0.5248858484375 0.9664445359375 0.52624725625 0.9625919109375 0.5303723828125 0.9612304 0.53452478125 0.9611144453125 0.5386908140625
1 0.963447515625 0.47756173906250005 0.9736310796875 0.4776708171875 0.9762164734375001 0.4763094109375 0.9801538125 0.47218428125 0.9803908171875 0.46385221874999993 0.975457040625 0.45824296875000003 0.9729506515624999 0.456827021875 0.9665859203125 0.45675884843750003 0.9613756359375 0.4608703421875 0.9601026890625001 0.4608567078125 0.9561258499999999 0.4663705125 0.9572407921874999 0.4719388578125 0.963447515625 0.47756173906250005
1 0.952673584375 0.45656796406250005 0.9553250875 0.4593725875 0.9607129984375 0.46220448125 0.9718709437499999 0.455370171875 0.9720407718749999 0.4498154625 0.9707574765625001 0.4470244734375 0.9681059781249999 0.4442198484375 0.9544239062500001 0.4440835015625 0.9502343703125 0.446819953125 0.9501919140625 0.44820862968749997 0.9515176656250001 0.44961094218750003 0.95139029375 0.4537769734375 0.952673584375 0.45656796406250005
1 0.9384315750000001 0.46048857187500003 0.942248790625 0.46330683125 0.9461466453125 0.463347734375 0.9474056125000001 0.46475004531249997 0.9500445 0.46338863906250005 0.9552416375 0.463443178125 0.9592604453125 0.4593180484375 0.959542675 0.4495973078125 0.9557657765625001 0.445390371875 0.9492693546875 0.44532219843750004 0.9480103874999999 0.4439198859375 0.946670784375 0.44529492812499993 0.9427729328125001 0.445254025 0.94013404375 0.44661543281249994 0.9360345984375 0.45351791406249997 0.9384315750000001 0.46048857187500003
1 0.8655146515625001 0.46478888906250004 0.8679939624999999 0.46898219062499996 0.8731139703125 0.47181408437499994 0.88091501875 0.4718958921875 0.8862367546875 0.4677843984375 0.8889984890625 0.462256959375 0.8879000453125 0.4552999375 0.8853803859375 0.45249531249999997 0.8815202093750001 0.45106573125000005 0.8737191609374999 0.4509839234375 0.8683974250000001 0.4550954171875 0.8670165593749999 0.4578591375 0.8668551750000001 0.46341384531249996 0.8655146515625001 0.46478888906250004
1 0.8370057624999999 0.4544682203125 0.8411256015624999 0.453120446875 0.8439283984375001 0.4503703609375 0.8453719749999999 0.4476066421875 0.8456672234375 0.43788590000000005 0.841716096875 0.43367896562499997 0.837680615625 0.4322493828125 0.8322437328125 0.43219484531249996 0.8281238953125 0.43354261875000005 0.8239196968750001 0.43766774531249997 0.8236244515625 0.44738848750000004 0.82889261875 0.45299773437499996 0.8370057624999999 0.4544682203125
1 0.819087646875 0.3568926703125 0.8220611124999999 0.354142584375 0.8235925890625 0.3513788640625 0.823905815625 0.341658121875 0.8211113390625 0.3388534984375 0.81101744375 0.33875805468750003 0.8051152640625 0.3428695484375 0.803583784375 0.34563326875 0.80344954375 0.34979930000000004 0.806199275 0.35399260312499997 0.8133197078125001 0.35683813125 0.819087646875 0.3568926703125
1 0.9240700953125 0.38520003125 0.9282372109375 0.3866296125 0.9338514328124999 0.3866841515625 0.9367456515624999 0.383934065625 0.9381492078125 0.3839477 0.9396398703125 0.3811839796875 0.9384105296874999 0.37561563750000004 0.935734084375 0.371422334375 0.9245056375 0.3713132578125 0.9186736421875 0.37820210468750004 0.9184994265625 0.383756815625 0.9198158734374999 0.3865478046875 0.9226229859374999 0.3865750734375 0.9240700953125 0.38520003125
1 0.9370625718750001 0.357576465625 0.9432976625 0.35068761875 0.9419833515624999 0.34511927343750004 0.9404827875 0.34510563906249997 0.937574778125 0.3423010140625 0.930071940625 0.34223284062500003 0.9239299781250001 0.346344334375 0.9237437203125 0.35189904375 0.9310603000000001 0.3575219265625 0.9370625718750001 0.357576465625
1 0.92894516875 0.4046687828125 0.9317829453125 0.40330737499999997 0.9318263046874999 0.401918696875 0.936148003125 0.3977935703125 0.93632143125 0.392238859375 0.9350109375000001 0.3894478703125 0.9295088140625 0.386615978125 0.9225227640625 0.3865478046875 0.919684990625 0.3879092125 0.9153199328125 0.3934230171875 0.9150597890625001 0.40175508125 0.9191647062499999 0.404573340625 0.92894516875 0.4046687828125
1 0.946911384375 0.4063710578125 0.9541033796875 0.40088452343750003 0.9541904859375 0.39810716875 0.9514704828125 0.39530254375 0.9487069265624999 0.393886596875 0.9388820359375 0.39379115468750003 0.9331371515625 0.3979026484375 0.9330500421875 0.400680003125 0.9344535984375 0.40069363750000003 0.9385336046875 0.404900571875 0.946911384375 0.4063710578125
1 0.9539329984375 0.42317153437500005 0.9569703328125 0.4218101265625 0.9617351624999999 0.41351896562499996 0.960425321875 0.407950621875 0.958976265625 0.406548309375 0.9455170859375001 0.406425596875 0.9424797500000001 0.40778700468749995 0.9421085015624999 0.4188964234375 0.943511153125 0.42168741406250004 0.9479511421875 0.42311699531249997 0.9539329984375 0.42317153437500005
1 0.9475960499999999 0.42163287499999996 0.9506682796874999 0.416105434375 0.9508478078125 0.41055072499999995 0.9480448718750001 0.4077461015625 0.9365189484374999 0.4062483453125 0.933536484375 0.40899843125 0.9304642546874999 0.4145258703125 0.9317310781250001 0.420094215625 0.9359803640625 0.42291247500000007 0.9446584671875 0.4229942828125 0.9475960499999999 0.42163287499999996
1 0.928029190625 0.415832740625 0.934847584375 0.41590091406249996 0.9446472390625 0.40766429375 0.9406831515625 0.40345735625 0.939319471875 0.403443721875 0.9366767484375 0.4006390984375 0.9284946734374999 0.400557290625 0.9242766859374999 0.40468241718750003 0.92291300625 0.4046687828125 0.9227014234375 0.41161217031249997 0.928029190625 0.415832740625
1 0.902060153125 0.32091183125 0.9140922375 0.321020909375 0.91564291875 0.3196458671875 0.9157829328125 0.315479834375 0.9144189359375 0.31130016875 0.9115042593749999 0.30849554375 0.9115509296875001 0.307106865625 0.9070855703125 0.305677284375 0.901069528125 0.3056227453125 0.896464153125 0.308359196875 0.8962774687499999 0.31391390625 0.902060153125 0.32091183125
1 0.8991093640625 0.3179844953125 0.9007860796875 0.316609453125 0.9010384015625 0.309666065625 0.8978363609375 0.30825011875 0.8881293203125 0.306779634375 0.884826353125 0.3081410421875 0.8831496375000001 0.309516084375 0.8829982421875 0.313682115625 0.8845235640625001 0.31647310625 0.8893013890624999 0.3192913640625 0.8991093640625 0.3179844953125
1 0.840616778125 0.29199297031250004 0.845941690625 0.2878678421875 0.8444338312499999 0.2822994984375 0.8410975734375 0.2794948734375 0.8342113781249999 0.2794403359375 0.8307148578125 0.28080174375 0.8287796203125 0.28634281875 0.8303409046875 0.290522484375 0.8320090328124999 0.291924796875 0.840616778125 0.29199297031250004
1 0.8475431 0.29218385625 0.8540481046874999 0.2922383953125 0.8590782546875 0.288113265625 0.8607045078125 0.2881269015625 0.8608558984375 0.2839608703125 0.8593305765625001 0.2811698796875 0.8561790046875 0.27836525624999997 0.8496739968749999 0.2783107171875 0.8447447796875001 0.27965849062500003 0.8430680609375001 0.2810335328125 0.8428157390625 0.28797691875 0.8443410640625 0.290767909375 0.8475431 0.29218385625
1 0.8581233765625 0.299290859375 0.8643811843749999 0.297956721875 0.8692311015625 0.292442915625 0.869375621875 0.2882768828125 0.8678713859375 0.286874571875 0.8632141609374999 0.2868336671875 0.860157515625 0.2854177203125 0.8554521156250001 0.28676549375 0.8506022 0.2922792984375 0.8505058515625 0.29505665468750003 0.8535143250000001 0.29786127812499996 0.8581233765625 0.299290859375
1 0.8745286906249999 0.3009522296875 0.8807462203125 0.30100676875 0.8839514546875 0.29825668437499997 0.8841443921875 0.292701975 0.8811320968749999 0.28989735 0.8780715671875001 0.288481403125 0.871854034375 0.2884268640625 0.868697034375 0.289788271875 0.8653953328125 0.2953157125 0.8652988625000001 0.29809306874999997 0.872926075 0.30232727187499997 0.8745286906249999 0.3009522296875
1 0.8876307484374999 0.3108774921875 0.8924324921875 0.3067523640625 0.8941294187500001 0.30259996718750004 0.8926733578125001 0.299808978125 0.8896648875000001 0.297004353125 0.8772937890625 0.2955065984375 0.877149271875 0.29967263125 0.8755486906250001 0.30104767187500003 0.87525965 0.3093797375 0.8783162921875001 0.310795684375 0.8876307484374999 0.3108774921875
1 0.89487943125 0.2985702828125 0.9041447843749999 0.30142944374999997 0.9089711453125 0.2973043171875 0.9091648250000001 0.29174960625 0.9061409312500001 0.28894498281250003 0.9015082546875 0.287515403125 0.8998994687499999 0.28889044375 0.8952183687499999 0.2888495390625 0.89516995 0.2902382171875 0.891952378125 0.292988303125 0.8903920125000001 0.29297466875 0.89487943125 0.2985702828125
1 0.829227025 0.27380381875 0.8320719656250001 0.2752197640625 0.8378515234374999 0.275274303125 0.8422758640625 0.272537853125 0.8425000468749999 0.265594465625 0.8440346078125 0.2628307453125 0.8426793937499999 0.2600397578125 0.839834453125 0.2586238109375 0.8340548953125 0.258569271875 0.8326548453125 0.257166959375 0.8267856140625 0.259889775 0.8238061640625001 0.262639859375 0.8236268171875001 0.2681945703125 0.829227025 0.27380381875
1 0.83677721875 0.2753424765625 0.8432793390625 0.2767856921875 0.8499339718750001 0.27406287812499996 0.851724721875 0.2699104796875 0.8486515875 0.2643285 0.843889378125 0.260121565625 0.838923821875 0.2614693390625 0.8355456703125 0.2642194234375 0.8338057593749999 0.26698314375 0.8353931609374999 0.26838545625 0.8351898140625 0.273940165625 0.83677721875 0.2753424765625
1 0.856508465625 0.264437578125 0.8517742125 0.26023064218749997 0.843631103125 0.26016246875000004 0.8402727796875 0.262912553125 0.8384925453125 0.2670649515625 0.8431762578124999 0.27266056562499996 0.8513193703124999 0.2727287390625 0.8563063124999999 0.2699922875 0.856508465625 0.264437578125
1 0.8515588046874999 0.2741583203125 0.8530470296875 0.27278327812500003 0.8588207640625001 0.2728378171875 0.8617524234375 0.2714764078125 0.8619763828125 0.2645330203125 0.8606225296875 0.2617420328125 0.8592238890624999 0.2603397203125 0.846232984375 0.2602170078125 0.8432565328124999 0.2629670921875 0.8446103828125 0.2657580828125 0.8415443515625001 0.2712855234375 0.8472285015625 0.2741174171875 0.8515588046874999 0.2741583203125
1 0.8889590015625 0.28029932031250004 0.8907085531250001 0.274758246875 0.8876924125000001 0.2719536234375 0.8846279750000001 0.2705376765625 0.8768461390625 0.2704695015625 0.8720321515625 0.27459463125 0.8718872624999999 0.2787606625 0.879475915625 0.2843835453125 0.8873543390625 0.2816743640625 0.8889590015625 0.28029932031250004
1 0.8676761359375 0.2674603578125 0.8693861203125 0.2674739921875 0.8729122171875 0.26472390625000003 0.87136141875 0.260544240625 0.8646276125 0.257712346875 0.8577346125 0.2590464859375 0.8559715671875001 0.260421528125 0.8556531875 0.2687535921875 0.8590200937500001 0.27016953906249996 0.8641500437499999 0.27021044375000003 0.8676761359375 0.2674603578125
1 0.9078207171875 0.2792242421875 0.9064019468750001 0.275044575 0.9033702265624999 0.27223995156249997 0.8955967390625 0.2707831 0.8908549734375001 0.2721308734375 0.889096384375 0.277671946875 0.8951112828125 0.2846698734375 0.9044977218750001 0.28475168281249996 0.9078207171875 0.2792242421875
1 0.8955014718750001 0.26374427031250003 0.89717575625 0.26236922812499996 0.8956022562499999 0.26096691562499996 0.8859092828125 0.25949643125 0.8809872078125001 0.2608442046875 0.8807856421875 0.26639891250000003 0.8791113578124999 0.2677739546875 0.8870292609374999 0.2733968390625 0.8951487296874999 0.2734650125 0.8955014718750001 0.26374427031250003
1 0.900747890625 0.3096933359375 0.9042072843750001 0.3041658953125 0.9043083624999999 0.301388540625 0.9027302765625 0.2999862296875 0.8963168640625 0.2971543359375 0.8914310000000001 0.29711343125 0.8863429796875 0.3026272359375 0.8862924421875 0.3040159140625 0.889448609375 0.3068205375 0.894334478125 0.3068614421875 0.900747890625 0.3096933359375
1 0.8935179640625 0.292865590625 0.89047833125 0.290060965625 0.8905270015625 0.28867228906250003 0.8827819015625 0.2858267625 0.8748421109375 0.2885359421875 0.8762645828125001 0.29271560937499996 0.8793042171875 0.2955202328125 0.8840096859375001 0.2955611375 0.8917061140625 0.29979534375 0.8935179640625 0.292865590625
1 0.923511596875 0.31283882812499997 0.92376391875 0.30589544062499996 0.9221376671874999 0.3058818046875 0.9189860937500001 0.30307718125 0.9092285859375 0.302995371875 0.9058751546874999 0.3057454578125 0.9057237593749999 0.309911490625 0.908723940625 0.316882146875 0.9184309828125 0.31835263125 0.9217339499999999 0.31699122343749997 0.923511596875 0.31283882812499997
1 0.9450505890625 0.3424237265625 0.9497226046874999 0.336909921875 0.9498618234375 0.33274388906249996 0.948459171875 0.3299529 0.9470101124999999 0.3285505875 0.9380837328125 0.3270801015625 0.93196265625 0.33119159531250003 0.93037438125 0.333955315625 0.9302351625 0.33812134843749997 0.936077803125 0.34234191875 0.9450505890625 0.3424237265625
1 0.9351882765624999 0.3353030890625 0.93818910625 0.332553003125 0.9397798390625001 0.32840060625 0.9384149 0.3256096171875 0.9355947015625 0.32280499375 0.9297736765625 0.3227504546875 0.928363578125 0.3213481421875 0.9195417234375001 0.3240436890625 0.92222644375 0.33101434375 0.9279119953125001 0.33523491562499996 0.9351882765624999 0.3353030890625
1 0.939382421875 0.303390778125 0.9394834968750001 0.300613425 0.9379054140624999 0.2992111125 0.9314920015625001 0.29637921875 0.926606134375 0.296338315625 0.9215686546875 0.30046344375 0.9214675765625 0.303240796875 0.9278809890625 0.30607269062500003 0.9343954796875 0.3061272296875 0.939382421875 0.303390778125
1 0.94312215 0.311831921875 0.9478577765624999 0.3104841484375 0.947954740625 0.30770679218749997 0.9434130453125 0.30349985625000003 0.9403367671874999 0.30208390937499996 0.93408724375 0.3020293703125 0.9293031359375 0.304765821875 0.9292061687500001 0.30754317656249996 0.9306715828125001 0.310334165625 0.9337478640624999 0.3117501125 0.94312215 0.311831921875
1 0.9499630765625 0.32861876093750003 0.9500557828125 0.3258414078125 0.95467618125 0.321716278125 0.95481524375 0.317550246875 0.9534141734375 0.31475925625 0.9490255421875 0.3119409984375 0.9400628671875 0.311859190625 0.9369825984375 0.314609275 0.9367508296875 0.3215526625 0.93516434375 0.3243163828125 0.9468364546875 0.3327575234375 0.9499630765625 0.32861876093750003