4 0.49375 0.390625 0.08125 0.11484375
2 0.76328125 0.215625 0.0875 0.06171875
2 0.24609375 0.20859375 0.090625 0.05625
3 0.1265625 0.32578125 0.078125 0.0875
3 0.07890625 0.46640625 0.096875 0.10859375
3 0.22265625 0.86328125 0.0640625 0.06640625
1 0.37421875 0.46484375 0.0109375 0.01875
1 0.6109375 0.89609375 0.009375 0.0171875
1 0.971875 0.43203125 0.0109375 0.01640625
1 0.621875 0.4921875 0.01171875 0.01953125
1 0.29296875 0.60859375 0.0125 0.0203125
1 0.8359375 0.43203125 0.01015625 0.0171875
1 0.55546875 0.50078125 0.0109375 0.01953125
1 0.88515625 0.43125 0.0109375 0.0171875
1 0.621875 0.46171875 0.01171875 0.0171875
1 0.4234375 0.59921875 0.01328125 0.0234375
1 0.94140625 0.453125 0.0109375 0.01484375
1 0.328125 0.5984375 0.0125 0.021875
1 0.35078125 0.44296875 0.0109375 0.01796875
1 0.4453125 0.5171875 0.01171875 0.01875
1 0.10546875 0.37109375 0.00859375 0.015625
1 0.70546875 0.45703125 0.009375 0.01875
1 0.103125 0.57421875 0.01328125 0.021875
1 0.33046875 0.425 0.01015625 0.01796875
1 0.3296875 0.56328125 0.01328125 0.02109375
1 0.29453125 0.41640625 0.01015625 0.01640625
1 0.846875 0.91796875 0.0125 0.021875
1 0.69375 0.89453125 0.01015625 0.01796875
1 0.60859375 0.4703125 0.01171875 0.01875
1 0.275 0.5078125 0.01171875 0.02109375
1 0.378125 0.50859375 0.01171875 0.0203125
1 0.51015625 0.44765625 0.0109375 0.0171875
1 0.59921875 0.434375 0.01015625 0.0171875
1 0.91953125 0.46171875 0.0109375 0.01796875
1 0.6078125 0.51015625 0.01171875 0.02109375
1 0.95546875 0.38515625 0.01015625 0.01640625
1 0.93515625 0.4265625 0.01015625 0.0171875
1 0.31640625 0.403125 0.01015625 0.01640625
1 0.83046875 0.9765625 0.01875 0.03515625
1 0.45078125 0.54921875 0.0125 0.02109375
1 0.55625 0.90390625 0.00859375 0.01171875
1 0.5984375 0.3234375 0.00859375 0.015625
1 0.59921875 0.40546875 0.009375 0.015625
1 0.37578125 0.60078125 0.0125 0.0234375
1 0.65625 0.40390625 0.01015625 0.01640625
1 0.3234375 0.51171875 0.01171875 0.021875
1 0.5703125 0.41015625 0.01015625 0.01640625
1 0.40078125 0.39453125 0.00859375 0.015625
1 0.82265625 0.34609375 0.009375 0.015625
1 0.621875 0.359375 0.00859375 0.015625
1 0.40859375 0.4171875 0.0109375 0.01640625
1 0.0734375 0.3953125 0.0109375 0.015625
1 0.340625 0.88984375 0.0109375 0.01640625
3 0.7703125 0.85078125 0.0625 0.0546875
1 0.62265625 0.44453125 0.0109375 0.0140625
1 0.4609375 0.59609375 0.0125 0.02265625
1 0.5609375 0.45234375 0.01015625 0.01796875
1 0.41953125 0.37890625 0.00859375 0.0140625
1 0.375 0.37109375 0.009375 0.015625
1 0.740625 0.9015625 0.01171875 0.01796875
1 0.70234375 0.5796875 0.0125 0.0234375
1 0.90625 0.4 0.01015625 0.015625
1 0.37578125 0.4140625 0.01015625 0.01796875
1 0.4484375 0.37890625 0.009375 0.01484375
1 0.340625 0.478125 0.0109375 0.0140625
1 0.97109375 0.3703125 0.01015625 0.0140625
1 0.82734375 0.38046875 0.0109375 0.01640625
1 0.425 0.42734375 0.01015625 0.015625
1 0.34765625 0.515625 0.0109375 0.015625
1 0.43515625 0.5359375 0.0125 0.01875
1 0.359375 0.3296875 0.01015625 0.0140625
1 0.48515625 0.2921875 0.0078125 0.0140625
1 0.18515625 0.3203125 0.00859375 0.0140625
1 0.8453125 0.89375 0.009375 0.015625
1 0.44609375 0.39296875 0.00859375 0.01328125
1 0.35625 0.521875 0.0109375 0.02109375
1 0.128125 0.4390625 0.00859375 0.01640625
1 0.36875 0.3875 0.009375 0.01640625
1 0.58125 0.3875 0.009375 0.015625
1 0.5390625 0.465625 0.01171875 0.0171875
1 0.8234375 0.30390625 0.00859375 0.0125
1 0.03125 0.403125 0.0109375 0.0171875
1 0.4296875 0.51796875 0.01015625 0.01640625
1 0.653125 0.34296875 0.0078125 0.01484375
1 0.64921875 0.3078125 0.00859375 0.0140625
1 0.90390625 0.33359375 0.00859375 0.01484375
1 0.43046875 0.37109375 0.00859375 0.0140625
1 0.12734375 0.40703125 0.009375 0.0171875
1 0.4390625 0.4390625 0.009375 0.01875
1 0.528125 0.446875 0.0109375 0.0171875
1 0.99296875 0.41015625 0.0109375 0.01640625
1 0.57109375 0.44765625 0.01015625 0.01796875
1 0.78828125 0.87890625 0.0078125 0.0140625
1 0.90703125 0.921875 0.0125 0.01953125
1 0.22578125 0.9203125 0.01328125 0.021875
1 0.353125 0.29375 0.00859375 0.0171875
1 0.88984375 0.29609375 0.0078125 0.01328125
1 0.60859375 0.32578125 0.009375 0.01484375
1 0.7296875 0.8734375 0.01171875 0.015625
1 0.91796875 0.38671875 0.009375 0.0171875
1 0.88828125 0.940625 0.0140625 0.02265625
1 0.83125 0.28046875 0.00703125 0.01171875
1 0.1625 0.9359375 0.015625 0.02578125
1 0.915625 0.321875 0.00859375 0.0140625
1 0.4015625 0.3203125 0.0078125 0.0140625
1 0.34375 0.259375 0.0078125 0.0125
1 0.8359375 0.896875 0.01015625 0.0171875
1 0.5390625 0.4484375 0.0109375 0.01640625
1 0.6671875 0.3265625 0.00859375 0.015625
1 0.640625 0.340625 0.009375 0.01484375
1 0.753125 0.92578125 0.0125 0.02421875
1 0.8125 0.371875 0.01015625 0.01484375
1 0.54375 0.42578125 0.01015625 0.01640625
1 0.453125 0.34140625 0.00859375 0.0140625
1 0.38046875 0.29375 0.00859375 0.01328125
1 0.46875 0.278125 0.0078125 0.0125
1 0.1421875 0.93671875 0.01640625 0.02578125
1 0.6390625 0.365625 0.01015625 0.01640625
1 0.26796875 0.87890625 0.0078125 0.0125
1 0.5703125 0.26875 0.0078125 0.01328125
1 0.628125 0.3765625 0.0078125 0.01328125
1 0.4578125 0.325 0.00859375 0.0140625
1 0.53515625 0.2703125 0.0078125 0.01328125
1 0.55078125 0.40078125 0.01171875 0.0171875
1 0.3921875 0.315625 0.0078125 0.01328125
1 0.79765625 0.4015625 0.0109375 0.015625
1 0.428125 0.32421875 0.0078125 0.0140625
1 0.425 0.40859375 0.01015625 0.01328125
1 0.20625 0.89375 0.009375 0.0140625
1 0.19140625 0.91015625 0.01171875 0.02109375
1 0.3 0.903125 0.01328125 0.01484375
1 0.86640625 0.27265625 0.0078125 0.0125
1 0.40078125 0.2765625 0.00859375 0.01328125
1 0.83984375 0.871875 0.00703125 0.0109375
1 0.8421875 0.2921875 0.00859375 0.0125
1 0.58515625 0.434375 0.01171875 0.0171875
1 0.925 0.9328125 0.01328125 0.02109375
1 0.60859375 0.2578125 0.0078125 0.0125
1 0.36484375 0.50234375 0.0125 0.0171875
1 0.421875 0.31640625 0.0078125 0.01328125
1 0.64296875 0.32578125 0.00859375 0.01328125
1 0.11953125 0.55703125 0.0078125 0.0140625
1 0.8109375 0.91171875 0.0125 0.0203125
1 0.690625 0.37890625 0.009375 0.015625
1 0.53046875 0.4296875 0.01015625 0.01484375
1 0.50234375 0.321875 0.00703125 0.01328125
1 0.503125 0.2671875 0.00625 0.0109375
1 0.3734375 0.32578125 0.00859375 0.015625
1 0.46328125 0.3015625 0.0078125 0.01328125
1 0.15078125 0.64921875 0.0109375 0.01328125
1 0.89296875 0.89375 0.009375 0.0140625
1 0.17421875 0.90703125 0.0109375 0.021875
1 0.428125 0.353125 0.00859375 0.0125
1 0.2140625 0.63046875 0.0109375 0.01171875
1 0.66171875 0.35546875 0.01015625 0.01328125
1 0.81484375 0.89453125 0.009375 0.01328125
1 0.33828125 0.5015625 0.01015625 0.01875
1 0.43671875 0.29375 0.009375 0.01328125
1 0.115625 0.26875 0.00703125 0.0125
1 0.584375 0.3578125 0.00859375 0.01328125
1 0.89453125 0.88046875 0.0078125 0.01171875
1 0.10546875 0.2734375 0.0078125 0.0125
1 0.08203125 0.92890625 0.015625 0.0234375
1 0.8640625 0.86484375 0.00703125 0.01171875
1 0.65703125 0.38828125 0.00859375 0.0125
1 0.89140625 0.2765625 0.00859375 0.01328125
1 0.56328125 0.39609375 0.009375 0.0140625
1 0.11171875 0.91953125 0.0140625 0.02421875
1 0.596875 0.37890625 0.0125 0.01640625
1 0.671875 0.36484375 0.009375 0.015625
1 0.70234375 0.31015625 0.009375 0.01484375
1 0.05234375 0.40703125 0.01328125 0.021875
1 0.13515625 0.2609375 0.00625 0.0125
1 0.67890625 0.378125 0.009375 0.01484375
1 0.57109375 0.3859375 0.00859375 0.0140625
1 0.9375 0.99140625 0.0171875 0.01640625
1 0.8390625 0.27265625 0.0078125 0.01171875
1 0.57265625 0.3703125 0.01015625 0.01484375
1 0.2078125 0.91796875 0.0125 0.01953125
1 0.0609375 0.93203125 0.01484375 0.02890625
1 0.14765625 0.26015625 0.00859375 0.0125
1 0.9875 0.38671875 0.0109375 0.0171875
1 0.9484375 0.346875 0.01015625 0.015625
1 0.834375 0.484375 0.00703125 0.01171875
1 0.696875 0.88203125 0.00859375 0.01171875
1 0.0484375 0.3875 0.00859375 0.01171875
1 0.11875 0.415625 0.009375 0.015625
1 0.7703125 0.8765625 0.00859375 0.01328125
1 0.45234375 0.26640625 0.00703125 0.0125
1 0.40078125 0.63984375 0.01015625 0.0140625
1 0.37109375 0.2921875 0.00859375 0.015625
1 0.45078125 0.3609375 0.00859375 0.0125
1 0.59140625 0.41953125 0.00859375 0.0109375
1 0.48984375 0.275 0.00859375 0.0109375
1 0.028125 0.34375 0.00859375 0.01484375
1 0.571875 0.87265625 0.0078125 0.01015625
1 0.5703125 0.33828125 0.00859375 0.0125
1 0.21484375 0.61640625 0.009375 0.01015625
1 0.04453125 0.3328125 0.01015625 0.0171875
1 0.915625 0.98984375 0.0171875 0.01875
1 0.759375 0.884375 0.009375 0.0125
1 0.61171875 0.29765625 0.01015625 0.0140625
1 0.81640625 0.859375 0.00625 0.01015625
1 0.44296875 0.2625 0.0078125 0.01328125
1 0.06328125 0.32734375 0.0109375 0.0140625
1 0.2625 0.8734375 0.00859375 0.01015625
1 0.41796875 0.259375 0.00703125 0.01328125
1 0.09375 0.2921875 0.0078125 0.0125
1 0.57265625 0.35234375 0.009375 0.0125
1 0.371875 0.26171875 0.00859375 0.0125
1 0.578125 0.3453125 0.0078125 0.01328125
1 0.53671875 0.39921875 0.0109375 0.0171875
1 0.93203125 0.91015625 0.0109375 0.0171875
1 0.32265625 0.259375 0.00625 0.0109375
1 0.3828125 0.28125 0.009375 0.01171875
1 0.8796875 0.27265625 0.00859375 0.0125
1 0.3421875 0.86484375 0.00546875 0.009375
1 0.05625 0.99375 0.00859375 0.0109375
1 0.74765625 0.8828125 0.0109375 0.01484375
1 0.60390625 0.85625 0.00703125 0.01171875
1 0.0765625 0.29375 0.0078125 0.01328125
1 0.0625 0.6125 0.01015625 0.0125
1 0.890625 0.865625 0.00703125 0.01171875
1 0.1890625 0.28203125 0.00625 0.01015625
1 0.5515625 0.26171875 0.01015625 0.0125
3 0.54140625 0.34296875 0.05703125 0.0859375
1 0.46484375 0.32890625 0.0078125 0.015625
1 0.840625 0.28203125 0.00859375 0.0109375
1 0.27109375 0.86953125 0.00859375 0.0109375
1 0.9953125 0.38359375 0.00703125 0.01796875
1 0.46875 0.25703125 0.0078125 0.0125
1 0.19296875 0.28671875 0.00546875 0.01015625
1 0.82109375 0.3703125 0.009375 0.0140625
1 0.534375 0.25703125 0.0078125 0.0125
1 0.35078125 0.5015625 0.0109375 0.01875