2 0.77265625 0.22578125 0.1015625 0.06875
2 0.25625 0.2 0.1046875 0.0625
3 0.18515625 0.31015625 0.05625 0.0765625
1 0.81328125 0.46796875 0.021875 0.021875
1 0.690625 0.62265625 0.025 0.0234375
1 0.6609375 0.4390625 0.021875 0.021875
1 0.20625 0.5984375 0.025 0.0234375
1 0.61171875 0.396875 0.0203125 0.0203125
1 0.109375 0.37421875 0.021875 0.0234375
1 0.384375 0.4625 0.021875 0.021875
1 0.20390625 0.55859375 0.025 0.0265625
1 0.15390625 0.38203125 0.021875 0.01875
1 0.13671875 0.42734375 0.021875 0.0203125
1 0.58046875 0.57578125 0.025 0.0265625
1 0.81328125 0.45 0.021875 0.0203125
1 0.51015625 0.41953125 0.0203125 0.0203125
1 0.38359375 0.4390625 0.021875 0.0203125
1 0.54140625 0.39765625 0.021875 0.0203125
1 0.27734375 0.48828125 0.021875 0.0234375
1 0.0609375 0.4015625 0.021875 0.0203125
3 0.41328125 0.53671875 0.0890625 0.115625
1 0.9171875 0.5921875 0.025 0.025
1 0.615625 0.37734375 0.0203125 0.0203125
1 0.534375 0.9046875 0.021875 0.0171875
1 0.69765625 0.465625 0.021875 0.021875
1 0.13203125 0.40625 0.0203125 0.01875
1 0.26328125 0.590625 0.025 0.025
1 0.5515625 0.3421875 0.0203125 0.01875
3 0.2328125 0.8578125 0.0765625 0.0671875
1 0.12109375 0.50625 0.0234375 0.01875
1 0.07734375 0.3828125 0.021875 0.0203125
1 0.7296875 0.5265625 0.0234375 0.021875
1 0.83984375 0.46015625 0.021875 0.021875
1 0.08984375 0.32890625 0.0203125 0.0171875
1 0.078125 0.421875 0.021875 0.021875
1 0.0359375 0.4140625 0.0234375 0.0203125
1 0.6234375 0.55078125 0.0234375 0.0265625
1 0.74453125 0.528125 0.021875 0.01875
1 0.9515625 0.3859375 0.021875 0.01875
1 0.19453125 0.39296875 0.0203125 0.01875
1 0.69921875 0.41015625 0.0203125 0.01875
1 0.1953125 0.34765625 0.0203125 0.01875
1 0.58671875 0.3796875 0.0203125 0.01875
1 0.38671875 0.3515625 0.0203125 0.01875
1 0.16328125 0.43359375 0.021875 0.0203125
1 0.60859375 0.90625 0.021875 0.01875
1 0.15859375 0.8828125 0.01875 0.01875
1 0.16484375 0.33671875 0.0203125 0.0171875
1 0.928125 0.39765625 0.021875 0.01875
4 0.32421875 0.559375 0.1078125 0.1671875
1 0.578125 0.32421875 0.0203125 0.01875
1 0.92109375 0.38359375 0.0203125 0.0171875
1 0.128125 0.353125 0.021875 0.01875
1 0.703125 0.5203125 0.021875 0.0234375
1 0.18046875 0.91015625 0.0234375 0.0171875
1 0.7359375 0.559375 0.0234375 0.021875
1 0.9515625 0.45390625 0.021875 0.0203125
1 0.4328125 0.6015625 0.0203125 0.0234375
1 0.18046875 0.93125 0.028125 0.03125
1 0.534375 0.35390625 0.0203125 0.01875
1 0.1234375 0.52578125 0.0234375 0.021875
1 0.61171875 0.3109375 0.01875 0.0171875
1 0.6140625 0.353125 0.0203125 0.01875
1 0.353125 0.27890625 0.01875 0.0171875
1 0.02265625 0.41796875 0.0234375 0.021875
1 0.8953125 0.36328125 0.0203125 0.0171875
1 0.17109375 0.41171875 0.0203125 0.0203125
1 0.425 0.2921875 0.01875 0.0171875
1 0.32890625 0.89609375 0.021875 0.01875
1 0.07890625 0.353125 0.021875 0.01875
1 0.35546875 0.2609375 0.01875 0.015625
1 0.51640625 0.3203125 0.0203125 0.0171875
1 0.6609375 0.371875 0.0203125 0.01875
1 0.72578125 0.50703125 0.021875 0.0203125
1 0.5859375 0.32265625 0.01875 0.0171875
1 0.9453125 0.4171875 0.021875 0.0203125
1 0.2078125 0.38125 0.01875 0.0171875
1 0.6328125 0.28984375 0.01875 0.0171875
1 0.878125 0.37109375 0.01875 0.0171875
1 0.45390625 0.271875 0.01875 0.0171875
1 0.115625 0.28515625 0.0203125 0.015625
1 0.2515625 0.52890625 0.0234375 0.0234375
1 0.903125 0.3828125 0.021875 0.01875
1 0.70390625 0.4796875 0.021875 0.021875
1 0.8265625 0.28046875 0.01875 0.0171875
1 0.69140625 0.89453125 0.021875 0.0203125
1 0.62265625 0.32265625 0.01875 0.015625
1 0.5484375 0.3171875 0.01875 0.0171875
1 0.79609375 0.89765625 0.0203125 0.0203125
1 0.71015625 0.89375 0.0203125 0.0203125
1 0.89609375 0.33671875 0.0203125 0.0171875
1 0.2625 0.56796875 0.0234375 0.01875
1 0.63984375 0.31328125 0.0203125 0.0171875
1 0.8703125 0.3796875 0.0203125 0.01875
1 0.1359375 0.2828125 0.0203125 0.0171875
1 0.81328125 0.4328125 0.0234375 0.01875
1 0.846875 0.5140625 0.01875 0.01875
1 0.39296875 0.36796875 0.021875 0.01875
1 0.65546875 0.334375 0.0203125 0.01875
1 0.665625 0.8953125 0.021875 0.0203125
1 0.22890625 0.89140625 0.021875 0.0203125
1 0.14453125 0.39296875 0.021875 0.0171875
1 0.6453125 0.89609375 0.0203125 0.0203125
1 0.13828125 0.90390625 0.025 0.0265625
1 0.20078125 0.91484375 0.028125 0.0265625
1 0.90390625 0.57421875 0.0234375 0.021875
1 0.54609375 0.87421875 0.01875 0.015625
1 0.4390625 0.29609375 0.01875 0.0171875
1 0.5 0.26796875 0.01875 0.0171875
1 0.68359375 0.35234375 0.0203125 0.0171875
1 0.06328125 0.35 0.0203125 0.0203125
1 0.82109375 0.40234375 0.0203125 0.0171875
1 0.50625 0.2953125 0.0203125 0.0171875
1 0.95546875 0.41953125 0.021875 0.01875
1 0.815625 0.41328125 0.0203125 0.0171875
1 0.671875 0.3515625 0.0203125 0.01875
1 0.7125 0.5 0.0234375 0.01875
1 0.6296875 0.309375 0.0203125 0.015625
1 0.67578125 0.3296875 0.01875 0.0171875
1 0.140625 0.3390625 0.021875 0.0171875
1 0.51015625 0.27890625 0.0203125 0.015625
1 0.8890625 0.2859375 0.01875 0.015625
1 0.278125 0.88125 0.0203125 0.0203125
1 0.434375 0.878125 0.01875 0.0171875
1 0.81328125 0.896875 0.021875 0.01875
1 0.4375 0.26171875 0.01875 0.015625
1 0.8859375 0.56171875 0.0234375 0.0234375
1 0.74375 0.5484375 0.021875 0.021875
1 0.69453125 0.384375 0.0203125 0.01875
4 0.93359375 0.33203125 0.0640625 0.0953125
1 0.4921875 0.265625 0.0203125 0.01875
1 0.61640625 0.896875 0.0203125 0.01875
1 0.61171875 0.3296875 0.01875 0.0171875
1 0.18515625 0.39921875 0.021875 0.0203125
1 0.42265625 0.2515625 0.0171875 0.0140625
1 0.715625 0.51484375 0.0234375 0.021875
1 0.096875 0.88125 0.0234375 0.021875
1 0.15859375 0.3078125 0.0203125 0.015625
1 0.64140625 0.33359375 0.021875 0.0171875
1 0.02734375 0.3640625 0.021875 0.01875
1 0.096875 0.909375 0.0265625 0.028125
1 0.14765625 0.31953125 0.0203125 0.015625
1 0.15078125 0.2625 0.01875 0.015625
1 0.18984375 0.87109375 0.021875 0.01875
1 0.65234375 0.30390625 0.01875 0.015625
1 0.54140625 0.3015625 0.01875 0.015625
1 0.540625 0.28359375 0.01875 0.015625
1 0.65546875 0.3515625 0.0203125 0.0171875
1 0.4328125 0.28046875 0.0203125 0.015625
1 0.89609375 0.59375 0.025 0.025
1 0.1515625 0.2859375 0.0203125 0.0171875
1 0.54765625 0.903125 0.025 0.0171875
1 0.12890625 0.26484375 0.0203125 0.0171875
1 0.6703125 0.26953125 0.01875 0.015625
1 0.896875 0.2875 0.01875 0.015625
1 0.153125 0.42421875 0.021875 0.0203125
1 0.16484375 0.396875 0.0203125 0.015625
1 0.6796875 0.38125 0.021875 0.0203125
1 0.5609375 0.26484375 0.01875 0.0171875
1 0.15390625 0.334375 0.0203125 0.01875
1 0.1734375 0.2515625 0.0203125 0.015625
1 0.14296875 0.97578125 0.03125 0.0265625
1 0.0625 0.96171875 0.028125 0.0390625
3 0.4375 0.44765625 0.1015625 0.1140625
1 0.9375 0.396875 0.0203125 0.0171875
1 0.07109375 0.3109375 0.021875 0.01875
1 0.1375 0.86171875 0.0203125 0.0140625
1 0.05703125 0.3609375 0.0203125 0.01875
1 0.08671875 0.278125 0.01875 0.0171875
1 0.9921875 0.3875 0.015625 0.015625
1 0.58671875 0.90234375 0.0234375 0.0171875
1 0.3765625 0.90234375 0.01875 0.0140625
1 0.45 0.25625 0.01875 0.015625
1 0.09921875 0.28203125 0.01875 0.015625
1 0.11015625 0.88515625 0.0234375 0.0203125
1 0.66640625 0.31171875 0.0203125 0.0171875
1 0.52890625 0.3109375 0.021875 0.015625
1 0.6625 0.26640625 0.0171875 0.015625
1 0.2078125 0.87578125 0.0203125 0.01875
1 0.32734375 0.8828125 0.01875 0.01875
1 0.67421875 0.3109375 0.01875 0.015625
1 0.2921875 0.89453125 0.028125 0.01875
1 0.65390625 0.9 0.0234375 0.025
1 0.66796875 0.3265625 0.0203125 0.015625
1 0.6703125 0.36875 0.021875 0.01875
1 0.9078125 0.30078125 0.01875 0.015625
1 0.83359375 0.9 0.021875 0.01875
1 0.90078125 0.30078125 0.01875 0.0171875
1 0.01328125 0.39296875 0.0203125 0.01875
1 0.15859375 0.86328125 0.0171875 0.015625
1 0.52578125 0.259375 0.01875 0.015625
1 0.0265625 0.3515625 0.0203125 0.0140625
1 0.54140625 0.26875 0.01875 0.015625
1 0.8375 0.87734375 0.01875 0.0140625
1 0.56171875 0.871875 0.0203125 0.0140625
1 0.58359375 0.2625 0.0203125 0.015625
1 0.9953125 0.4140625 0.009375 0.01875
1 0.8734375 0.559375 0.021875 0.0234375
1 0.08046875 0.30703125 0.021875 0.015625
1 0.11796875 0.2640625 0.021875 0.01875
1 0.82265625 0.29140625 0.0203125 0.0140625
1 0.53671875 0.65 0.0203125 0.0125
1 0.56875 0.90234375 0.025 0.0171875
1 0.0453125 0.63515625 0.021875 0.015625
1 0.5796875 0.86015625 0.01875 0.015625
1 0.55234375 0.87421875 0.0171875 0.015625
1 0.81328125 0.88046875 0.0203125 0.0140625
1 0.659375 0.29296875 0.0203125 0.015625
1 0.93046875 0.38671875 0.021875 0.0171875
1 0.1078125 0.26484375 0.021875 0.01875
1 0.90390625 0.32421875 0.0203125 0.015625
1 0.16171875 0.278125 0.01875 0.0125
1 0.5140625 0.26640625 0.0203125 0.0140625
1 0.02109375 0.9734375 0.0328125 0.0234375
1 0.8375 0.91328125 0.01875 0.01875
1 0.3359375 0.88984375 0.021875 0.01875
1 0.5109375 0.25859375 0.01875 0.0140625
4 0.79375 0.95625 0.153125 0.0875
1 0.05859375 0.30859375 0.021875 0.01875
1 0.4015625 0.484375 0.0203125 0.015625