2 0.775 0.22421875 0.1171875 0.06875
3 0.496875 0.475 0.115625 0.121875
1 0.65 0.4953125 0.0390625 0.028125
4 0.221875 0.82265625 0.0703125 0.0515625
1 0.73984375 0.46015625 0.0390625 0.0265625
2 0.253125 0.22109375 0.1203125 0.0609375
1 0.9484375 0.40390625 0.0390625 0.025
3 0.653125 0.3421875 0.084375 0.090625
1 0.8265625 0.57890625 0.0421875 0.03125
1 0.77265625 0.56171875 0.040625 0.0296875
1 0.6984375 0.89296875 0.040625 0.0296875
1 0.359375 0.4671875 0.040625 0.028125
1 0.37578125 0.4671875 0.0390625 0.028125
1 0.34921875 0.86953125 0.040625 0.0265625
1 0.83359375 0.453125 0.0390625 0.0265625
1 0.31640625 0.49296875 0.0390625 0.025
1 0.67578125 0.59140625 0.0421875 0.028125
4 0.43125 0.81796875 0.078125 0.0609375
4 0.4109375 0.371875 0.1203125 0.1296875
1 0.73984375 0.53515625 0.040625 0.0296875
1 0.90546875 0.3625 0.0375 0.021875
1 0.56953125 0.89765625 0.0421875 0.0296875
1 0.72734375 0.4875 0.0390625 0.0265625
4 0.59375 0.45625 0.121875 0.125
1 0.88828125 0.38515625 0.0390625 0.025
1 0.9171875 0.453125 0.0390625 0.0265625
1 0.29296875 0.465625 0.0390625 0.0265625
1 0.8671875 0.5953125 0.0421875 0.0265625
1 0.66328125 0.39921875 0.0375 0.0234375
1 0.01640625 0.45703125 0.0328125 0.0265625
1 0.346875 0.44296875 0.0375 0.0234375
1 0.309375 0.41328125 0.0375 0.0234375
1 0.55078125 0.35234375 0.0375 0.0234375
1 0.50078125 0.58828125 0.040625 0.028125
1 0.6796875 0.49296875 0.040625 0.0265625
1 0.6734375 0.4203125 0.0390625 0.025
1 0.86796875 0.57109375 0.0421875 0.0296875
1 0.05078125 0.41328125 0.0390625 0.025
1 0.61640625 0.3828125 0.0375 0.021875
1 0.9625 0.38515625 0.040625 0.025
1 0.828125 0.9 0.040625 0.028125
1 0.1578125 0.45390625 0.0390625 0.028125
1 0.36875 0.4265625 0.0390625 0.025
1 0.61953125 0.87734375 0.0390625 0.0265625
1 0.98359375 0.43515625 0.0328125 0.0265625
1 0.534375 0.4 0.0390625 0.025
1 0.10546875 0.378125 0.0375 0.0234375
1 0.8796875 0.36328125 0.0375 0.0234375
1 0.68359375 0.39765625 0.0375 0.021875
1 0.76328125 0.5109375 0.040625 0.0296875
1 0.30859375 0.3484375 0.0375 0.0234375
1 0.98359375 0.49453125 0.0328125 0.0296875
1 0.5171875 0.4203125 0.0375 0.0203125
1 0.7015625 0.47578125 0.0390625 0.028125
1 0.3546875 0.42578125 0.0390625 0.025
1 0.17734375 0.8640625 0.0390625 0.0265625
1 0.61171875 0.34453125 0.0359375 0.0203125
1 0.878125 0.89296875 0.0390625 0.0265625
1 0.10703125 0.3578125 0.0359375 0.021875
1 0.984375 0.38203125 0.03125 0.0234375
1 0.690625 0.57265625 0.0421875 0.0296875
1 0.6515625 0.39609375 0.0390625 0.0234375
1 0.734375 0.5671875 0.0421875 0.0296875
1 0.80078125 0.875 0.0359375 0.0234375
1 0.83046875 0.3140625 0.0359375 0.021875
1 0.0828125 0.39375 0.0390625 0.0234375
1 0.715625 0.43125 0.0390625 0.025
1 0.5 0.38671875 0.0375 0.0234375
1 0.725 0.85546875 0.0359375 0.0203125
1 0.36875 0.62734375 0.0421875 0.034375
1 0.70390625 0.51953125 0.040625 0.0265625
1 0.33984375 0.459375 0.040625 0.025
1 0.34375 0.3953125 0.0375 0.0234375
1 0.57421875 0.3265625 0.0359375 0.021875
1 0.27890625 0.8515625 0.0375 0.021875
1 0.85625 0.30546875 0.0359375 0.0203125
1 0.065625 0.93671875 0.046875 0.0421875
1 0.071875 0.39609375 0.0375 0.021875
1 0.30078125 0.45078125 0.0375 0.025
1 0.3265625 0.4625 0.040625 0.0265625
1 0.33359375 0.32578125 0.0375 0.021875
1 0.6859375 0.3359375 0.0375 0.0234375
1 0.17578125 0.32734375 0.0375 0.0203125
1 0.71953125 0.553125 0.0421875 0.028125
1 0.6796875 0.55625 0.040625 0.0265625
1 0.35078125 0.32890625 0.0375 0.021875
1 0.13515625 0.340625 0.0375 0.0234375
1 0.471875 0.3015625 0.0359375 0.0203125
1 0.4875 0.646875 0.0390625 0.0203125
1 0.190625 0.9015625 0.0421875 0.0328125
1 0.61875 0.90625 0.040625 0.0203125
1 0.16796875 0.96953125 0.05 0.0484375
1 0.628125 0.56796875 0.0375 0.0265625
1 0.584375 0.30859375 0.0359375 0.021875
1 0.0953125 0.90859375 0.04375 0.0328125
1 0.47421875 0.36875 0.0375 0.021875
1 0.1859375 0.3234375 0.0359375 0.021875
1 0.31484375 0.45 0.040625 0.025
1 0.02890625 0.41796875 0.040625 0.0265625
1 0.32890625 0.36484375 0.0375 0.021875
1 0.68359375 0.41875 0.0375 0.0234375
1 0.703125 0.9078125 0.040625 0.01875
1 0.08359375 0.3625 0.0375 0.021875
1 0.57734375 0.35625 0.0375 0.021875
1 0.215625 0.94921875 0.046875 0.0328125
0 0.8359375 0.24609375 0.0375 0.021875
1 0.01875 0.39453125 0.0375 0.0234375
1 0.5484375 0.85078125 0.034375 0.01875
1 0.60859375 0.2984375 0.0359375 0.0203125
1 0.34375 0.425 0.0390625 0.0234375
1 0.70390625 0.40703125 0.0390625 0.021875
1 0.16171875 0.32421875 0.0375 0.0203125
1 0.33515625 0.4328125 0.040625 0.0234375
1 0.51328125 0.89453125 0.04375 0.03125
1 0.36015625 0.38671875 0.0359375 0.021875
1 0.9484375 0.9421875 0.04375 0.0359375
1 0.88046875 0.328125 0.0375 0.0203125
1 0.8484375 0.928125 0.04375 0.0390625
1 0.734375 0.5125 0.040625 0.025
1 0.64453125 0.46953125 0.0359375 0.021875
1 0.121875 0.34296875 0.0375 0.021875
1 0.9046875 0.3296875 0.0375 0.0265625
1 0.69453125 0.54140625 0.0390625 0.028125
1 0.03125 0.396875 0.0390625 0.0234375
1 0.696875 0.41796875 0.0375 0.0234375
1 0.39296875 0.3046875 0.0359375 0.0203125
1 0.565625 0.846875 0.0375 0.0203125
1 0.9234375 0.55625 0.0390625 0.0265625
1 0.55 0.83984375 0.0359375 0.0203125
1 0.80546875 0.846875 0.0359375 0.01875
1 0.6546875 0.3828125 0.0375 0.021875
1 0.5390625 0.53125 0.0390625 0.021875
1 0.9890625 0.409375 0.021875 0.01875
0 0.83203125 0.2234375 0.0375 0.021875
1 0.41328125 0.8453125 0.0359375 0.021875
1 0.0734375 0.38046875 0.0375 0.021875
1 0.89375 0.31015625 0.0375 0.021875
1 0.0375 0.3703125 0.0375 0.021875
1 0.3125 0.3203125 0.0390625 0.0234375
1 0.87734375 0.30625 0.0375 0.0203125
1 0.453125 0.3859375 0.0375 0.025
1 0.86328125 0.27578125 0.0390625 0.021875
1 0.715625 0.51875 0.0390625 0.0265625
1 0.4921875 0.37578125 0.0375 0.01875
1 0.83515625 0.86171875 0.0375 0.021875
1 0.884375 0.8765625 0.0359375 0.0234375
1 0.1390625 0.878125 0.0375 0.025
1 0.63046875 0.378125 0.0359375 0.0203125
1 0.70546875 0.54921875 0.040625 0.028125
1 0.515625 0.85 0.0375 0.0203125
1 0.89609375 0.91171875 0.040625 0.0265625
1 0.68671875 0.38359375 0.0375 0.0203125
0 0.80390625 0.76640625 0.0359375 0.021875
1 0.19140625 0.3046875 0.0359375 0.0203125
1 0.32109375 0.43515625 0.0375 0.021875
1 0.08671875 0.86640625 0.0390625 0.0234375
1 0.40546875 0.29375 0.0359375 0.0203125
1 0.0859375 0.89453125 0.0390625 0.028125
1 0.975 0.35703125 0.0375 0.021875
1 0.15703125 0.86875 0.0390625 0.025
1 0.540625 0.64765625 0.0390625 0.0203125
1 0.353125 0.353125 0.0375 0.021875
1 0.53984375 0.29609375 0.0359375 0.0203125
1 0.49296875 0.29921875 0.0375 0.0203125
1 0.3875 0.33203125 0.0359375 0.0203125
1 0.12578125 0.8640625 0.0390625 0.021875
1 0.87890625 0.34921875 0.0375 0.0203125
1 0.1265625 0.32578125 0.0390625 0.0234375
0 0.83515625 0.765625 0.0359375 0.0203125
1 0.928125 0.32734375 0.0375 0.021875
1 0.3734375 0.33125 0.0359375 0.01875
1 0.884375 0.9375 0.040625 0.0328125
1 0.109375 0.32890625 0.0359375 0.0203125
0 0.76796875 0.78515625 0.0359375 0.021875
1 0.62265625 0.34609375 0.034375 0.0203125
1 0.1625 0.8375 0.0359375 0.0203125
1 0.1734375 0.30078125 0.0359375 0.01875
1 0.10625 0.86640625 0.040625 0.025
1 0.7234375 0.53359375 0.040625 0.025
1 0.91171875 0.9359375 0.040625 0.0328125
1 0.9515625 0.3453125 0.0390625 0.0234375
1 0.89765625 0.94921875 0.0453125 0.0296875
1 0.3578125 0.3671875 0.0359375 0.0203125
1 0.534375 0.8359375 0.034375 0.0203125
1 0.6140625 0.55390625 0.0359375 0.01875
1 0.81796875 0.8703125 0.0390625 0.0203125
1 0.9375 0.334375 0.0390625 0.0234375
1 0.16953125 0.31171875 0.0375 0.0234375
1 0.84140625 0.8375 0.0359375 0.0203125
1 0.4609375 0.6484375 0.0375 0.0171875
1 0.565625 0.81875 0.034375 0.0171875
1 0.36796875 0.3421875 0.0375 0.021875
1 0.73203125 0.84765625 0.0359375 0.01875
1 0.7484375 0.853125 0.0359375 0.0203125
1 0.12421875 0.846875 0.0375 0.0203125
1 0.5765625 0.30546875 0.0390625 0.0203125
1 0.6734375 0.8375 0.034375 0.01875
0 0.784375 0.77890625 0.034375 0.01875
1 0.86640625 0.93125 0.04375 0.0328125
1 0.32890625 0.4421875 0.0390625 0.0234375
1 0.9140625 0.3203125 0.0375 0.021875
1 0.87734375 0.91875 0.0390625 0.0265625