4 0.3890625 0.35625 0.0921875 0.0953125
2 0.775 0.22421875 0.1 0.059375
3 0.70546875 0.5140625 0.1125 0.1125
4 0.86640625 0.88671875 0.0984375 0.128125
3 0.22109375 0.82109375 0.05 0.0421875
1 0.16171875 0.4234375 0.021875 0.0140625
1 0.015625 0.45859375 0.021875 0.0171875
1 0.89609375 0.41015625 0.021875 0.015625
1 0.61796875 0.53359375 0.025 0.0203125
1 0.62734375 0.45390625 0.021875 0.015625
1 0.8265625 0.57890625 0.025 0.021875
2 0.25390625 0.221875 0.103125 0.05
1 0.89921875 0.36328125 0.0203125 0.0140625
1 0.71171875 0.42734375 0.021875 0.015625
1 0.9265625 0.40390625 0.021875 0.015625
1 0.15234375 0.384375 0.0203125 0.0140625
4 0.18125 0.8234375 0.059375 0.0484375
1 0.65859375 0.39609375 0.0203125 0.015625
1 0.546875 0.39296875 0.0203125 0.0140625
1 0.72734375 0.5859375 0.025 0.0203125
1 0.86796875 0.57109375 0.025 0.0203125
1 0.490625 0.453125 0.021875 0.0171875
1 0.26796875 0.5046875 0.0234375 0.01875
1 0.8484375 0.36484375 0.0203125 0.015625
1 0.8671875 0.5953125 0.0265625 0.0171875
1 0.73125 0.45234375 0.0203125 0.015625
1 0.68515625 0.3875 0.0203125 0.015625
1 0.55625 0.459375 0.021875 0.01875
1 0.38359375 0.5625 0.0234375 0.0234375
1 0.4484375 0.36875 0.01875 0.0140625
1 0.3 0.45234375 0.0234375 0.0171875
1 0.07578125 0.440625 0.021875 0.0171875
1 0.9765625 0.43203125 0.0234375 0.0171875
1 0.11015625 0.42109375 0.021875 0.015625
1 0.78359375 0.56796875 0.025 0.021875
1 0.3375 0.38984375 0.0203125 0.0140625
1 0.27890625 0.85234375 0.01875 0.0125
1 0.3078125 0.43125 0.021875 0.015625
1 0.6015625 0.36015625 0.0203125 0.0140625
1 0.23203125 0.88671875 0.0234375 0.01875
1 0.125 0.41015625 0.021875 0.015625
1 0.69609375 0.43125 0.021875 0.015625
1 0.3109375 0.47421875 0.0234375 0.0171875
1 0.871875 0.38125 0.0203125 0.015625
1 0.28984375 0.48046875 0.0234375 0.01875
1 0.34765625 0.53359375 0.0234375 0.021875
1 0.178125 0.384375 0.0203125 0.0140625
1 0.9890625 0.43515625 0.021875 0.0171875
1 0.15625 0.36328125 0.01875 0.0125
1 0.33203125 0.4921875 0.0203125 0.0140625
1 0.68125 0.4203125 0.0203125 0.0140625
1 0.25 0.859375 0.01875 0.0125
1 0.53359375 0.64140625 0.021875 0.01875
1 0.61875 0.353125 0.01875 0.0140625
1 0.63984375 0.59765625 0.0234375 0.0140625
1 0.19765625 0.9015625 0.0265625 0.0234375
1 0.18515625 0.85 0.01875 0.0125
1 0.18125 0.33828125 0.01875 0.0125
1 0.46640625 0.6421875 0.025 0.015625
1 0.75703125 0.578125 0.025 0.01875
1 0.278125 0.47890625 0.021875 0.0171875
1 0.70390625 0.58125 0.025 0.021875
1 0.909375 0.3609375 0.0203125 0.0140625
1 0.05859375 0.39375 0.0203125 0.0140625
1 0.67578125 0.61875 0.021875 0.0125
1 0.29375 0.87109375 0.021875 0.015625
1 0.53359375 0.37109375 0.0203125 0.0140625
1 0.5453125 0.3734375 0.0203125 0.0140625
1 0.30234375 0.41640625 0.0203125 0.0125
1 0.846875 0.34921875 0.0203125 0.0125
1 0.03046875 0.3921875 0.021875 0.0171875
1 0.76640625 0.88125 0.021875 0.0171875
1 0.05859375 0.43046875 0.021875 0.015625
1 0.2109375 0.87734375 0.021875 0.015625
1 0.21640625 0.959375 0.03125 0.0359375
1 0.1578125 0.34140625 0.01875 0.0125
1 0.6375 0.33203125 0.0203125 0.0125
1 0.93515625 0.9359375 0.028125 0.025
1 0.2796875 0.45078125 0.0203125 0.0140625
1 0.075 0.41640625 0.021875 0.01875
1 0.103125 0.92734375 0.0296875 0.0296875
1 0.1671875 0.96953125 0.0328125 0.0390625
1 0.09453125 0.89921875 0.025 0.0203125
1 0.578125 0.33828125 0.0203125 0.0140625
1 0.72421875 0.85546875 0.01875 0.0109375
1 0.66171875 0.596875 0.0234375 0.015625
1 0.0921875 0.39609375 0.021875 0.0140625
1 0.4875 0.646875 0.0234375 0.0125
1 0.84375 0.325 0.0203125 0.0140625
1 0.10703125 0.3578125 0.01875 0.0125
1 0.67109375 0.5828125 0.025 0.0171875
1 0.09453125 0.41875 0.021875 0.0140625
1 0.63046875 0.31015625 0.0171875 0.0109375
1 0.21640625 0.86171875 0.01875 0.0125
1 0.421875 0.30703125 0.01875 0.0109375
1 0.875 0.9453125 0.0296875 0.0203125
1 0.6296875 0.57734375 0.0203125 0.0171875
1 0.78515625 0.86953125 0.0203125 0.015625
1 0.77265625 0.53359375 0.0203125 0.0125
1 0.1609375 0.84453125 0.01875 0.0109375
1 0.87421875 0.3078125 0.0203125 0.0109375
1 0.690625 0.5828125 0.025 0.021875
1 0.8921875 0.34375 0.01875 0.0125
1 0.07109375 0.39375 0.021875 0.015625
1 0.66875 0.5671875 0.0234375 0.0140625
1 0.15234375 0.8671875 0.01875 0.0140625
1 0.74453125 0.5625 0.0234375 0.01875
1 0.81953125 0.89609375 0.0234375 0.0171875
1 0.1765625 0.3234375 0.0203125 0.0125
1 0.84296875 0.30625 0.01875 0.009375
1 0.6921875 0.65 0.021875 0.009375
1 0.9421875 0.3484375 0.021875 0.0140625
1 0.1765625 0.8765625 0.021875 0.015625
1 0.1671875 0.86875 0.0203125 0.0140625
1 0.809375 0.859375 0.01875 0.0109375
1 0.4140625 0.8484375 0.0171875 0.0078125
1 0.76875 0.56015625 0.025 0.0203125
1 0.67734375 0.35 0.021875 0.0125
1 0.15859375 0.32421875 0.0203125 0.0109375
1 0.0578125 0.3796875 0.0203125 0.0125
1 0.89453125 0.33125 0.01875 0.009375
1 0.80859375 0.8828125 0.021875 0.015625
1 0.4828125 0.30234375 0.01875 0.0109375
1 0.6234375 0.29921875 0.01875 0.0109375
1 0.8453125 0.33828125 0.01875 0.009375
1 0.46953125 0.30078125 0.01875 0.0109375
1 0.9890625 0.38671875 0.021875 0.0140625
1 0.125 0.8671875 0.0203125 0.015625
1 0.125 0.846875 0.0203125 0.0109375
1 0.559375 0.2984375 0.01875 0.0109375
1 0.08515625 0.41796875 0.0203125 0.0171875
1 0.228125 0.8671875 0.0203125 0.0109375
1 0.290625 0.4640625 0.0234375 0.0109375
1 0.1125 0.328125 0.0203125 0.0125
1 0.340625 0.33828125 0.01875 0.0109375
1 0.20078125 0.875 0.0203125 0.015625
1 0.090625 0.8640625 0.0203125 0.015625
1 0.8234375 0.85859375 0.01875 0.0109375
1 0.18046875 0.31015625 0.01875 0.009375
1 0.49453125 0.2953125 0.01875 0.0109375
1 0.11640625 0.86484375 0.021875 0.0140625
1 0.15390625 0.83671875 0.01875 0.0109375
1 0.08125 0.39375 0.0234375 0.0171875
1 0.33359375 0.35 0.01875 0.0109375
4 0.9796875 0.51015625 0.040625 0.0578125
1 0.7484375 0.853125 0.01875 0.0109375
1 0.240625 0.97734375 0.034375 0.03125
1 0.29140625 0.45234375 0.01875 0.0109375
1 0.8015625 0.84765625 0.01875 0.009375
1 0.278125 0.46171875 0.021875 0.0109375
1 0.93125 0.33515625 0.021875 0.0125
1 0.1265625 0.3234375 0.021875 0.0125
1 0.34140625 0.37265625 0.0203125 0.0125
1 0.4265625 0.85078125 0.01875 0.0078125
1 0.88984375 0.309375 0.021875 0.0109375
1 0.29296875 0.509375 0.0171875 0.0109375
1 0.36796875 0.6234375 0.0234375 0.0203125
1 0.77734375 0.85078125 0.01875 0.0109375
1 0.7328125 0.846875 0.01875 0.0109375
1 0.91875 0.32578125 0.021875 0.0125
1 0.9453125 0.9890625 0.0265625 0.0203125
4 0.975 0.89375 0.05 0.159375
1 0.45625 0.85234375 0.0203125 0.009375
1 0.35859375 0.3265625 0.0203125 0.0109375
1 0.07578125 0.36796875 0.021875 0.0125