3 0.45390625 0.35 0.084375 0.096875
1 0.68046875 0.503125 0.025 0.0234375
2 0.784375 0.234375 0.1 0.065625
3 0.87734375 0.32578125 0.0890625 0.0859375
1 0.228125 0.5546875 0.025 0.0265625
1 0.009375 0.4421875 0.01875 0.021875
1 0.88828125 0.40234375 0.021875 0.01875
1 0.32109375 0.471875 0.021875 0.01875
1 0.159375 0.39921875 0.021875 0.0203125
1 0.18671875 0.43046875 0.021875 0.01875
1 0.9765625 0.44609375 0.0234375 0.0203125
1 0.66171875 0.45703125 0.021875 0.021875
1 0.971875 0.54765625 0.0265625 0.0265625
1 0.73046875 0.51171875 0.0234375 0.025
1 0.64140625 0.521875 0.0234375 0.025
4 0.14296875 0.31328125 0.065625 0.0671875
1 0.08515625 0.465625 0.0234375 0.0234375
1 0.3578125 0.409375 0.021875 0.0203125
1 0.84921875 0.9171875 0.025 0.025
1 0.16171875 0.55078125 0.025 0.0265625
1 0.66640625 0.50234375 0.0234375 0.0234375
3 0.896875 0.86953125 0.0734375 0.08125
1 0.04921875 0.45390625 0.0234375 0.0203125
1 0.33671875 0.865625 0.0234375 0.021875
1 0.3140625 0.88828125 0.025 0.0234375
1 0.865625 0.58515625 0.0265625 0.028125
1 0.615625 0.39765625 0.021875 0.0203125
1 0.71328125 0.4453125 0.021875 0.0203125
1 0.809375 0.90625 0.0234375 0.0234375
1 0.68828125 0.86640625 0.0203125 0.01875
1 0.253125 0.859375 0.021875 0.0203125
1 0.70625 0.46953125 0.021875 0.021875
1 0.26875 0.49609375 0.0234375 0.0234375
2 0.26484375 0.215625 0.1015625 0.053125
1 0.67578125 0.428125 0.0234375 0.0203125
1 0.64921875 0.4734375 0.0234375 0.021875
1 0.56640625 0.4671875 0.021875 0.021875
1 0.953125 0.40078125 0.021875 0.01875
1 0.653125 0.88359375 0.0234375 0.0234375
1 0.7046875 0.43046875 0.0234375 0.0203125
1 0.06171875 0.42421875 0.021875 0.021875
1 0.83046875 0.91328125 0.025 0.0234375
4 0.69375 0.5890625 0.1328125 0.1328125
1 0.284375 0.4796875 0.0234375 0.0203125
1 0.503125 0.40234375 0.021875 0.0203125
1 0.57734375 0.45625 0.0234375 0.0203125
1 0.8515625 0.45078125 0.0234375 0.0203125
1 0.43671875 0.5859375 0.025 0.021875
1 0.66875 0.36171875 0.0203125 0.0171875
3 0.98125 0.37421875 0.0375 0.1046875
1 0.6546875 0.37578125 0.0203125 0.0171875
1 0.45078125 0.41875 0.021875 0.01875
1 0.2140625 0.8875 0.0234375 0.025
1 0.58046875 0.42890625 0.0234375 0.0203125
3 0.825 0.853125 0.0453125 0.059375
1 0.6375 0.8953125 0.025 0.0265625
1 0.3765625 0.33359375 0.01875 0.0171875
1 0.54375 0.39296875 0.021875 0.01875
1 0.0515625 0.49765625 0.025 0.0234375
1 0.653125 0.44296875 0.021875 0.0203125
1 0.51328125 0.39140625 0.021875 0.01875
1 0.775 0.88515625 0.0203125 0.01875
1 0.24140625 0.8921875 0.025 0.028125
1 0.26328125 0.84453125 0.01875 0.0171875
1 0.4703125 0.4140625 0.0203125 0.01875
1 0.31015625 0.4234375 0.021875 0.0203125
1 0.59296875 0.3265625 0.01875 0.015625
1 0.16796875 0.89140625 0.0265625 0.028125
1 0.11015625 0.875 0.025 0.025
1 0.35390625 0.896875 0.021875 0.0140625
0 0.78984375 0.20703125 0.021875 0.0203125
1 0.49296875 0.4015625 0.021875 0.01875
1 0.3390625 0.35703125 0.01875 0.0171875
1 0.05078125 0.43515625 0.021875 0.015625
1 0.59296875 0.44453125 0.0234375 0.0203125
1 0.6328125 0.43359375 0.021875 0.0203125
1 0.64140625 0.59765625 0.0203125 0.0203125
1 0.0828125 0.9125 0.028125 0.034375
1 0.8390625 0.35546875 0.01875 0.015625
1 0.58125 0.909375 0.0234375 0.015625
1 0.58671875 0.4015625 0.0234375 0.0203125
1 0.29140625 0.46015625 0.0234375 0.0203125
1 0.05390625 0.9296875 0.03125 0.040625
1 0.04296875 0.55859375 0.021875 0.015625
1 0.5640625 0.38359375 0.021875 0.0203125
1 0.6734375 0.39140625 0.021875 0.0203125
1 0.99453125 0.45078125 0.0109375 0.0203125
1 0.3046875 0.41015625 0.0203125 0.0171875
1 0.60625 0.43828125 0.0234375 0.0203125
1 0.7375 0.86640625 0.01875 0.0171875
1 0.30234375 0.446875 0.0203125 0.01875
1 0.11015625 0.85234375 0.0234375 0.021875
1 0.75234375 0.85390625 0.0171875 0.0140625
1 0.546875 0.33828125 0.0203125 0.01875
1 0.6359375 0.3953125 0.0203125 0.01875
1 0.6578125 0.4015625 0.0203125 0.0171875
1 0.08671875 0.37578125 0.0203125 0.01875
1 0.40234375 0.36328125 0.01875 0.0171875
1 0.2 0.94921875 0.0328125 0.040625
1 0.440625 0.4140625 0.0203125 0.0140625
1 0.590625 0.38359375 0.0203125 0.01875
1 0.696875 0.39453125 0.021875 0.01875
1 0.0421875 0.86953125 0.0234375 0.0265625
1 0.08203125 0.88359375 0.025 0.0203125
1 0.6359375 0.3359375 0.0171875 0.0171875
1 0.29921875 0.43515625 0.0203125 0.015625
1 0.19765625 0.87890625 0.025 0.0234375
1 0.034375 0.378125 0.0203125 0.01875
1 0.06484375 0.37578125 0.021875 0.0171875
1 0.20078125 0.3046875 0.01875 0.015625
1 0.615625 0.5640625 0.0203125 0.015625
1 0.5671875 0.40078125 0.0234375 0.01875
1 0.5875 0.3515625 0.0203125 0.01875
1 0.09765625 0.35078125 0.0203125 0.0171875
1 0.56484375 0.30625 0.01875 0.0140625
0 0.88125 0.80078125 0.01875 0.01875
1 0.0703125 0.4046875 0.021875 0.021875
1 0.49921875 0.8953125 0.0265625 0.0265625
1 0.06015625 0.39765625 0.0203125 0.015625
1 0.64296875 0.459375 0.021875 0.0203125
1 0.51796875 0.31953125 0.01875 0.015625
1 0.06015625 0.409375 0.021875 0.015625
1 0.7125 0.33671875 0.021875 0.0203125
1 0.02265625 0.37734375 0.0203125 0.01875
1 0.4734375 0.3953125 0.0234375 0.0171875
1 0.509375 0.3328125 0.021875 0.01875
1 0.1875 0.865625 0.021875 0.0203125
1 0.08515625 0.3984375 0.021875 0.0203125
1 0.67421875 0.4828125 0.021875 0.0171875
1 0.634375 0.3765625 0.0203125 0.0203125
1 0.00703125 0.41953125 0.0140625 0.0171875
1 0.46640625 0.303125 0.0171875 0.0125
1 0.6828125 0.35703125 0.0203125 0.0171875
1 0.09453125 0.40390625 0.021875 0.0203125
1 0.61796875 0.434375 0.021875 0.021875
1 0.178125 0.2921875 0.021875 0.0203125
1 0.06640625 0.975 0.0234375 0.009375
1 0.61171875 0.3734375 0.021875 0.01875
1 0.5375 0.321875 0.021875 0.0171875
1 0.08359375 0.353125 0.01875 0.0171875
1 0.92109375 0.56953125 0.0203125 0.01875
1 0.6671875 0.41171875 0.021875 0.0171875
0 0.9140625 0.2421875 0.021875 0.01875
1 0.52734375 0.63125 0.0234375 0.0203125
1 0.62421875 0.35546875 0.01875 0.015625
1 0.778125 0.86640625 0.0203125 0.015625
1 0.49453125 0.64140625 0.021875 0.0203125
1 0.55390625 0.8515625 0.01875 0.015625
1 0.28203125 0.446875 0.01875 0.015625
1 0.5125 0.85546875 0.021875 0.01875
1 0.49921875 0.334375 0.0203125 0.0203125
1 0.01640625 0.371875 0.0203125 0.01875
1 0.63828125 0.4484375 0.021875 0.01875
0 0.871875 0.76171875 0.0203125 0.021875
1 0.6046875 0.30390625 0.01875 0.015625
1 0.2921875 0.446875 0.01875 0.0171875
1 0.5765625 0.3640625 0.021875 0.0203125
1 0.61171875 0.4265625 0.0203125 0.0140625
1 0.04609375 0.3640625 0.021875 0.0171875
1 0.55390625 0.83828125 0.01875 0.01875
1 0.07109375 0.384375 0.0203125 0.015625
1 0.62109375 0.3078125 0.0203125 0.015625
1 0.6 0.375 0.021875 0.0171875
1 0.0609375 0.36015625 0.0203125 0.01875
1 0.85390625 0.890625 0.021875 0.01875
3 0.40625 0.81953125 0.04375 0.046875
1 0.646875 0.33828125 0.01875 0.01875
1 0.57734375 0.35078125 0.021875 0.0171875
1 0.52265625 0.85 0.01875 0.015625
1 0.93828125 0.35625 0.021875 0.01875
1 0.1671875 0.2890625 0.01875 0.015625
1 0.496875 0.30234375 0.021875 0.0171875
1 0.7921875 0.8578125 0.0234375 0.0171875
1 0.13515625 0.9640625 0.034375 0.0375
1 0.075 0.375 0.0203125 0.0171875
1 0.94296875 0.98828125 0.0265625 0.0234375
1 0.0859375 0.85234375 0.021875 0.0171875
1 0.72890625 0.85234375 0.0203125 0.0140625
0 0.91171875 0.28515625 0.0203125 0.0171875
1 0.66015625 0.8390625 0.0171875 0.0140625
1 0.03203125 0.3640625 0.0203125 0.0171875
1 0.1921875 0.57578125 0.0203125 0.0125
1 0.62734375 0.64140625 0.0203125 0.0171875
3 0.0109375 0.8921875 0.021875 0.146875
1 0.553125 0.81640625 0.0203125 0.015625
1 0.00625 0.53046875 0.0125 0.0359375
1 0.68515625 0.38828125 0.0203125 0.0171875
1 0.165625 0.8640625 0.0234375 0.0234375