3 0.1671875 0.396875 0.0984375 0.096875
2 0.74296875 0.1984375 0.1171875 0.0671875
2 0.2265625 0.228125 0.1171875 0.059375
3 0.32421875 0.26171875 0.0859375 0.0703125
3 0.34609375 0.884375 0.1125 0.0875
3 0.15625 0.6171875 0.14375 0.121875
4 0.65078125 0.24609375 0.0890625 0.0765625
1 0.56796875 0.515625 0.0390625 0.01875
1 0.440625 0.52109375 0.0375 0.0171875
4 0.82890625 0.559375 0.128125 0.1328125
1 0.53203125 0.51484375 0.0390625 0.01875
1 0.55546875 0.5171875 0.0390625 0.01875
1 0.45703125 0.52578125 0.034375 0.015625
1 0.43203125 0.509375 0.0359375 0.01875
1 0.0140625 0.634375 0.028125 0.025
1 0.55390625 0.41015625 0.034375 0.0125
1 0.5140625 0.51484375 0.0390625 0.0171875
4 0.4875 0.84453125 0.0671875 0.034375
1 0.43359375 0.4578125 0.0359375 0.0140625
1 0.43046875 0.47421875 0.0328125 0.0109375
1 0.03203125 0.36015625 0.034375 0.0140625