4 0.634375 0.3515625 0.07578125 0.09140625
3 0.64375 0.86640625 0.0875 0.1109375
1 0.70703125 0.49296875 0.01171875 0.0203125
3 0.5703125 0.30703125 0.06796875 0.0765625
4 0.753125 0.87265625 0.1046875 0.134375
3 0.909375 0.4671875 0.1015625 0.11796875
1 0.071875 0.44296875 0.0109375 0.01640625
1 0.871875 0.565625 0.01484375 0.0234375
1 0.74375 0.55703125 0.01328125 0.02265625
1 0.1265625 0.4296875 0.01015625 0.01640625
1 0.73828125 0.59140625 0.0125 0.0171875
1 0.72734375 0.44296875 0.0109375 0.01796875
1 0.440625 0.5328125 0.0125 0.02265625
2 0.771875 0.21875 0.09140625 0.06171875
1 0.33125 0.4515625 0.01015625 0.0171875
1 0.77265625 0.5625 0.0140625 0.0234375
1 0.3546875 0.459375 0.0109375 0.01875
1 0.5359375 0.390625 0.009375 0.01640625
1 0.3671875 0.5625 0.0125 0.02421875
1 0.13359375 0.396875 0.009375 0.015625
1 0.73828125 0.496875 0.01171875 0.0203125
1 0.9390625 0.37265625 0.009375 0.015625
1 0.534375 0.37265625 0.009375 0.015625
1 0.32421875 0.4328125 0.01015625 0.0171875
1 0.47109375 0.41953125 0.0109375 0.01640625
1 0.54140625 0.47265625 0.0109375 0.01953125
1 0.50390625 0.46015625 0.009375 0.015625
0 0.20703125 0.1921875 0.009375 0.015625
1 0.1484375 0.3578125 0.00859375 0.0140625
1 0.4015625 0.45078125 0.0109375 0.01796875
0 0.2171875 0.16484375 0.009375 0.01640625
0 0.9734375 0.128125 0.015625 0.02265625
0 0.79375 0.2234375 0.0125 0.0203125
1 0.06796875 0.421875 0.01015625 0.01484375
1 0.49609375 0.371875 0.009375 0.01484375
1 0.34765625 0.3578125 0.009375 0.015625
1 0.378125 0.3546875 0.00859375 0.01484375
1 0.19375 0.34453125 0.00703125 0.01328125
1 0.55 0.43203125 0.0109375 0.0171875
1 0.3375 0.878125 0.01171875 0.01796875
1 0.90859375 0.3875 0.0109375 0.0171875
1 0.8375 0.5734375 0.0125 0.02109375
2 0.24609375 0.2265625 0.090625 0.0453125
1 0.821875 0.41875 0.0109375 0.01640625
0 0.7546875 0.77890625 0.01328125 0.0203125
1 0.853125 0.59296875 0.01171875 0.0140625
1 0.86875 0.346875 0.00859375 0.015625
1 0.29140625 0.49140625 0.0109375 0.0203125
1 0.09375 0.39765625 0.00859375 0.015625
1 0.4703125 0.353125 0.00859375 0.01328125
1 0.8125 0.5890625 0.0140625 0.01875
1 0.134375 0.8796875 0.0109375 0.01875
1 0.271875 0.8765625 0.01328125 0.02109375
1 0.128125 0.36640625 0.0078125 0.0140625
0 0.990625 0.1859375 0.015625 0.02421875
1 0.31875 0.38046875 0.00703125 0.01328125
1 0.70625 0.45703125 0.01015625 0.01796875
0 0.18828125 0.19765625 0.009375 0.01640625
1 0.3875 0.47734375 0.0109375 0.01875
1 0.07734375 0.4078125 0.009375 0.015625
1 0.23515625 0.85078125 0.009375 0.01484375
1 0.6828125 0.39765625 0.01015625 0.0171875
0 0.109375 0.7828125 0.01015625 0.0171875
1 0.425 0.334375 0.00859375 0.0140625
1 0.16015625 0.45 0.0109375 0.01640625
1 0.30859375 0.86640625 0.009375 0.01484375
1 0.471875 0.375 0.009375 0.01640625
1 0.4875 0.42421875 0.0109375 0.01796875
1 0.3859375 0.41171875 0.01015625 0.01875
1 0.02734375 0.42578125 0.01015625 0.015625
1 0.853125 0.9375 0.01875 0.03125
1 0.9296875 0.3265625 0.00859375 0.01328125
1 0.81484375 0.43125 0.009375 0.01640625
1 0.48671875 0.4046875 0.01015625 0.0140625
1 0.3328125 0.41484375 0.01015625 0.01640625
1 0.34375 0.33125 0.0078125 0.01328125
1 0.1875 0.39375 0.01015625 0.01484375
1 0.81171875 0.87421875 0.00859375 0.0171875
1 0.309375 0.39921875 0.009375 0.01640625
1 0.834375 0.89609375 0.0125 0.02109375
1 0.47734375 0.4375 0.01015625 0.0171875
1 0.4 0.4 0.01015625 0.015625
1 0.509375 0.3921875 0.00859375 0.01328125
1 0.85546875 0.33125 0.0078125 0.01328125
1 0.1921875 0.32265625 0.00625 0.0125
1 0.17890625 0.34375 0.00703125 0.0125
1 0.5078125 0.375 0.01015625 0.015625
1 0.3484375 0.39921875 0.01015625 0.0171875
1 0.17578125 0.39765625 0.009375 0.015625
1 0.09453125 0.37890625 0.00859375 0.0140625
1 0.70859375 0.43203125 0.01015625 0.01484375
1 0.44375 0.3484375 0.00703125 0.01328125
1 0.8453125 0.31796875 0.0078125 0.0125
1 0.1703125 0.8765625 0.0109375 0.01796875
1 0.53828125 0.8859375 0.0109375 0.021875
1 0.1671875 0.43828125 0.009375 0.01796875
0 0.228125 0.1515625 0.01015625 0.0171875
1 0.925 0.38671875 0.01015625 0.01640625
1 0.19765625 0.40703125 0.01015625 0.01640625
1 0.5734375 0.884375 0.01171875 0.0203125
1 0.10859375 0.884375 0.0109375 0.01875
1 0.45625 0.36953125 0.00859375 0.01484375
1 0.328125 0.39921875 0.0078125 0.01328125
1 0.8203125 0.94765625 0.01875 0.03203125
1 0.50625 0.40625 0.01015625 0.01328125
0 0.234375 0.75625 0.01015625 0.0171875
1 0.7140625 0.446875 0.01015625 0.0171875
1 0.825 0.57578125 0.0125 0.021875
1 0.55703125 0.3609375 0.00859375 0.015625
1 0.3328125 0.3796875 0.0078125 0.01328125
1 0.565625 0.37578125 0.00859375 0.01640625
0 0.86015625 0.109375 0.0140625 0.021875
1 0.446875 0.325 0.00859375 0.01171875
1 0.45703125 0.3296875 0.00859375 0.01171875
1 0.8296875 0.875 0.00859375 0.01640625
1 0.46953125 0.3390625 0.00859375 0.0125
1 0.48984375 0.35234375 0.00859375 0.01484375
1 0.55859375 0.84921875 0.00703125 0.0109375
1 0.3265625 0.35703125 0.01015625 0.0171875
1 0.50078125 0.41796875 0.0109375 0.01328125
0 0.2390625 0.70625 0.01015625 0.01953125
1 0.1484375 0.33828125 0.0109375 0.01484375
1 0.8671875 0.30078125 0.00703125 0.01171875
1 0.0140625 0.41171875 0.0109375 0.01640625
1 0.67265625 0.37265625 0.009375 0.01640625
1 0.4984375 0.2953125 0.00859375 0.0125
1 0.296875 0.85546875 0.00859375 0.01171875
0 0.103125 0.73671875 0.009375 0.0171875
0 0.2125 0.79296875 0.01015625 0.0171875
1 0.81484375 0.640625 0.01015625 0.021875
1 0.8078125 0.9171875 0.01484375 0.02578125
0 0.16171875 0.7765625 0.01015625 0.015625
0 0.1640625 0.20234375 0.01015625 0.015625
1 0.54140625 0.8484375 0.00625 0.01171875
1 0.40625 0.309375 0.00859375 0.01328125
1 0.8890625 0.58515625 0.01171875 0.01953125
1 0.88515625 0.30234375 0.00859375 0.01328125
1 0.8515625 0.30703125 0.00703125 0.01171875
1 0.440625 0.39453125 0.00859375 0.01328125
1 0.57890625 0.3421875 0.00859375 0.01328125
1 0.4953125 0.33671875 0.009375 0.01484375
0 0.7234375 0.19296875 0.009375 0.015625
0 0.2125 0.76171875 0.01015625 0.01875
1 0.17578125 0.36015625 0.009375 0.0140625
4 0.97421875 0.44140625 0.05078125 0.12421875
1 0.69453125 0.38671875 0.009375 0.0140625
0 0.18125 0.72734375 0.01015625 0.01640625
1 0.13515625 0.34140625 0.009375 0.0171875
1 0.7078125 0.41796875 0.009375 0.0140625
1 0.034375 0.38515625 0.00859375 0.01484375
1 0.821875 0.91640625 0.01328125 0.021875
1 0.32578125 0.87578125 0.0109375 0.01796875
1 0.43671875 0.29609375 0.00859375 0.01171875
1 0.21796875 0.83203125 0.009375 0.0171875
1 0.909375 0.31640625 0.009375 0.0171875
1 0.53671875 0.29453125 0.00859375 0.01171875
1 0.5921875 0.34375 0.00859375 0.01328125
1 0.9 0.31875 0.009375 0.0140625
1 0.69375 0.646875 0.01015625 0.0109375
0 0.11171875 0.28359375 0.01015625 0.01640625
1 0.7015625 0.3734375 0.0109375 0.01484375
1 0.20625 0.86484375 0.009375 0.015625
1 0.33828125 0.34375 0.01015625 0.01328125
1 0.24921875 0.9875 0.0234375 0.0234375
1 0.2578125 0.83828125 0.0078125 0.0109375
1 0.44765625 0.85078125 0.00859375 0.0109375
1 0.02890625 0.63046875 0.01640625 0.0234375
1 0.83046875 0.85546875 0.00703125 0.01171875
1 0.725 0.64375 0.01171875 0.01484375
4 0.465625 0.815625 0.028125 0.0328125
1 0.215625 0.853125 0.0078125 0.01328125
1 0.359375 0.29609375 0.00859375 0.01171875
4 0.125 0.309375 0.075 0.08359375
1 0.1546875 0.30703125 0.00859375 0.0125
1 0.42421875 0.85 0.00703125 0.009375
0 0.27109375 0.7015625 0.009375 0.01640625
1 0.7390625 0.640625 0.0125 0.01484375
1 0.934375 0.9375 0.01484375 0.025
0 0.1734375 0.76484375 0.009375 0.015625
1 0.00625 0.38828125 0.00703125 0.0125
1 0.41875 0.296875 0.00703125 0.0140625
1 0.134375 0.35703125 0.009375 0.01484375
0 0.0609375 0.278125 0.009375 0.01328125
1 0.42734375 0.3203125 0.009375 0.01171875
1 0.0421875 0.4015625 0.00703125 0.01015625
0 0.8234375 0.2515625 0.01171875 0.01875
0 0.12265625 0.74375 0.0078125 0.01015625
0 0.77421875 0.7921875 0.01015625 0.0140625
1 0.56328125 0.240625 0.00859375 0.01015625
1 0.6671875 0.3 0.0078125 0.01015625
1 0.58828125 0.35546875 0.00859375 0.0109375
0 0.16640625 0.81015625 0.00703125 0.0140625
1 0.1609375 0.9828125 0.02265625 0.03359375
0 0.1578125 0.7921875 0.009375 0.01484375
1 0.7 0.4078125 0.009375 0.0171875
0 0.22734375 0.7 0.0078125 0.0125
1 0.834375 0.93125 0.015625 0.0234375
1 0.81171875 0.840625 0.0078125 0.01015625
1 0.68984375 0.36640625 0.0109375 0.01640625
1 0.71328125 0.625 0.01171875 0.015625
1 0.42734375 0.30625 0.009375 0.0109375
1 0.29609375 0.99140625 0.01875 0.015625
1 0.17265625 0.8421875 0.00859375 0.0125
1 0.84375 0.85234375 0.00703125 0.0109375
1 0.640625 0.30234375 0.00859375 0.01171875
1 0.8671875 0.44453125 0.00625 0.01328125
1 0.6828125 0.37578125 0.009375 0.01484375
1 0.5703125 0.84921875 0.00859375 0.0109375
0 0.16015625 0.26015625 0.0125 0.01796875
1 0.615625 0.30703125 0.00625 0.0109375
1 0.33828125 0.3015625 0.009375 0.01015625
1 0.32890625 0.296875 0.00625 0.009375