4 0.12421875 0.4265625 0.065625 0.09609375
3 0.8484375 0.321875 0.06484375 0.08203125
1 0.215625 0.56796875 0.01328125 0.0234375
3 0.82578125 0.8359375 0.0640625 0.06171875
1 0.69921875 0.4328125 0.01015625 0.01796875
1 0.37421875 0.4015625 0.009375 0.015625
1 0.615625 0.4515625 0.01015625 0.0171875
3 0.42890625 0.45234375 0.078125 0.140625
1 0.06171875 0.4828125 0.0109375 0.01875
1 0.60859375 0.39375 0.00859375 0.015625
2 0.24921875 0.2265625 0.09140625 0.046875
1 0.33515625 0.90234375 0.0125 0.01640625
1 0.05859375 0.52421875 0.0125 0.02109375
4 0.340625 0.853125 0.078125 0.09765625
4 0.72265625 0.57421875 0.115625 0.14375
1 0.8203125 0.42578125 0.0109375 0.01796875
1 0.596875 0.428125 0.009375 0.01640625
1 0.5703125 0.38359375 0.009375 0.01484375
1 0.678125 0.4359375 0.01015625 0.0171875
1 0.684375 0.40234375 0.009375 0.01484375
1 0.38359375 0.446875 0.01015625 0.01875
1 0.23515625 0.940625 0.01796875 0.0296875
1 0.309375 0.421875 0.01015625 0.01640625
2 0.77109375 0.22109375 0.0859375 0.0578125
1 0.3671875 0.44140625 0.01015625 0.0171875
1 0.5421875 0.440625 0.01015625 0.01640625
1 0.3 0.43671875 0.01015625 0.0171875
1 0.6546875 0.371875 0.009375 0.015625
1 0.34453125 0.38984375 0.009375 0.015625
0 0.86640625 0.24453125 0.0125 0.01953125
1 0.33359375 0.4375 0.0109375 0.01796875
1 0.4703125 0.38359375 0.009375 0.01484375
1 0.665625 0.3890625 0.009375 0.015625
1 0.18828125 0.39453125 0.00859375 0.015625
1 0.32265625 0.3890625 0.009375 0.015625
1 0.02578125 0.4828125 0.0109375 0.015625
0 0.33125 0.73515625 0.0171875 0.0296875
1 0.90234375 0.36875 0.009375 0.0140625
1 0.1359375 0.56484375 0.0125 0.02265625
0 0.1671875 0.815625 0.015625 0.025
1 0.9671875 0.40234375 0.01171875 0.01640625
0 0.33046875 0.78828125 0.01484375 0.025
1 0.284375 0.88046875 0.01015625 0.015625
0 0.821875 0.04375 0.0109375 0.0171875
1 0.63515625 0.40859375 0.0109375 0.0171875
1 0.42734375 0.9046875 0.0109375 0.01171875
1 0.02734375 0.45390625 0.00859375 0.01484375
1 0.9265625 0.540625 0.01328125 0.021875
1 0.67734375 0.41953125 0.01015625 0.01328125
1 0.56953125 0.43203125 0.01015625 0.0171875
1 0.93828125 0.38359375 0.01015625 0.015625
1 0.6359375 0.3171875 0.00859375 0.015625
1 0.5953125 0.38984375 0.00859375 0.01484375
1 0.5890625 0.88046875 0.01171875 0.01953125
0 0.85703125 0.12421875 0.0109375 0.01796875
1 0.7671875 0.4609375 0.0109375 0.02109375
1 0.1140625 0.359375 0.009375 0.0140625
1 0.996875 0.4234375 0.00625 0.015625
1 0.53046875 0.4015625 0.01015625 0.01640625
1 0.93671875 0.3703125 0.009375 0.01328125
1 0.07109375 0.37265625 0.01015625 0.01640625
1 0.68515625 0.33046875 0.01015625 0.01484375
1 0.17265625 0.92734375 0.015625 0.02578125
1 0.665625 0.30703125 0.00625 0.01171875
1 0.559375 0.8875 0.0140625 0.0234375
1 0.5125 0.45546875 0.01015625 0.01640625
0 0.8671875 0.215625 0.009375 0.0171875
1 0.70703125 0.85234375 0.00703125 0.01328125
1 0.47890625 0.37109375 0.0078125 0.0140625
1 0.6203125 0.35546875 0.0109375 0.01640625
1 0.5421875 0.89765625 0.01484375 0.01953125
1 0.07734375 0.4390625 0.0109375 0.0171875
0 0.84609375 0.72421875 0.00859375 0.01640625
1 0.65546875 0.409375 0.01015625 0.0171875
0 0.85546875 0.7546875 0.00859375 0.0140625
1 0.5828125 0.4265625 0.0109375 0.01484375
1 0.07578125 0.41015625 0.009375 0.01484375
1 0.3515625 0.36015625 0.0078125 0.015625
1 0.521875 0.4421875 0.01015625 0.01640625
1 0.65859375 0.8703125 0.01015625 0.0171875
1 0.6171875 0.31796875 0.00703125 0.0125
1 0.05390625 0.45078125 0.009375 0.015625
1 0.55625 0.40625 0.0109375 0.015625
1 0.61015625 0.37578125 0.00859375 0.01484375
1 0.64921875 0.4171875 0.00859375 0.01640625
0 0.8578125 0.0890625 0.01015625 0.01796875
1 0.58359375 0.41015625 0.01015625 0.0125
1 0.5609375 0.428125 0.01015625 0.0171875
1 0.8421875 0.8671875 0.00859375 0.0140625
1 0.509375 0.309375 0.0078125 0.0140625
1 0.09609375 0.36875 0.009375 0.0140625
1 0.23515625 0.9078125 0.015625 0.01953125
1 0.1265625 0.6453125 0.0125 0.01640625
1 0.36796875 0.303125 0.00625 0.01171875
1 0.9078125 0.3546875 0.0078125 0.0125
1 0.18984375 0.3578125 0.0078125 0.01328125
1 0.0921875 0.928125 0.01484375 0.028125
1 0.06171875 0.40703125 0.0109375 0.015625
1 0.55234375 0.38046875 0.009375 0.0140625
1 0.34921875 0.428125 0.0109375 0.01640625
1 0.72890625 0.84375 0.00859375 0.0125
1 0.18515625 0.30390625 0.00859375 0.01171875
1 0.528125 0.3671875 0.009375 0.01484375
1 0.14140625 0.93359375 0.01796875 0.0265625
1 0.49921875 0.57734375 0.0109375 0.0234375
1 0.51640625 0.35703125 0.009375 0.015625
1 0.62265625 0.33671875 0.009375 0.0140625
1 0.921875 0.3359375 0.009375 0.01484375
1 0.909375 0.33046875 0.009375 0.01328125
1 0.1890625 0.34375 0.0078125 0.0125
1 0.9078125 0.31640625 0.0078125 0.01328125
1 0.5125 0.4296875 0.01015625 0.01640625
1 0.54296875 0.409375 0.01015625 0.015625
1 0.03515625 0.41328125 0.009375 0.01640625
1 0.21484375 0.90546875 0.01484375 0.01875
1 0.05546875 0.4375 0.0125 0.01640625
0 0.8359375 0.025 0.01171875 0.0203125
1 0.18125 0.36015625 0.0078125 0.0140625
1 0.15546875 0.64921875 0.01171875 0.01171875
1 0.17265625 0.28515625 0.01171875 0.01796875
1 0.10546875 0.38125 0.009375 0.0140625
1 0.66796875 0.86015625 0.01015625 0.01796875
1 0.1546875 0.33984375 0.00703125 0.0125
1 0.54140625 0.39296875 0.009375 0.01328125
1 0.9578125 0.38984375 0.01015625 0.01328125
1 0.16875 0.98984375 0.021875 0.01953125
1 0.56953125 0.84765625 0.00859375 0.0109375
0 0.76796875 0.22109375 0.009375 0.0125
1 0.67890625 0.83359375 0.00546875 0.009375
1 0.97890625 0.3984375 0.01171875 0.015625
1 0.8484375 0.8828125 0.0109375 0.015625
1 0.675 0.50859375 0.0109375 0.015625
1 0.55703125 0.3921875 0.009375 0.0125
0 0.2203125 0.26953125 0.009375 0.015625
0 0.86953125 0.2640625 0.01015625 0.0125
1 0.1796875 0.9 0.01328125 0.01953125
1 0.27109375 0.90078125 0.0109375 0.0171875
1 0.2125 0.9390625 0.0234375 0.03515625
1 0.1640625 0.32734375 0.01015625 0.01171875
1 0.04921875 0.41953125 0.0109375 0.01484375
1 0.70078125 0.353125 0.01015625 0.0171875
0 0.8328125 0.75625 0.00859375 0.01328125
1 0.5671875 0.40859375 0.0125 0.015625
1 0.46484375 0.8484375 0.0078125 0.01171875
1 0.34296875 0.3 0.00625 0.0125
1 0.1140625 0.37890625 0.009375 0.01328125
1 0.715625 0.31875 0.00859375 0.015625
1 0.75546875 0.83984375 0.00625 0.0109375
1 0.7734375 0.55 0.00859375 0.015625
0 0.85078125 0.046875 0.01015625 0.01328125
1 0.4328125 0.3296875 0.00625 0.01171875
1 0.21640625 0.60703125 0.0125 0.01484375
1 0.2359375 0.87578125 0.01015625 0.01640625
1 0.88046875 0.3234375 0.009375 0.01640625
1 0.2625 0.85625 0.009375 0.01328125
1 0.76640625 0.8453125 0.00703125 0.01171875
1 0.29296875 0.85390625 0.0078125 0.0109375
1 0.253125 0.88984375 0.01484375 0.021875
4 0.890625 0.8296875 0.03359375 0.059375
1 0.05234375 0.36796875 0.009375 0.01484375
1 0.94140625 0.33828125 0.009375 0.0171875
1 0.1171875 0.32890625 0.009375 0.015625
1 0.04609375 0.34296875 0.01171875 0.0171875
0 0.753125 0.23515625 0.00859375 0.0171875
1 0.55 0.365625 0.0109375 0.0140625
1 0.096875 0.34375 0.01015625 0.0140625
1 0.1703125 0.303125 0.00859375 0.01171875
1 0.1953125 0.890625 0.0171875 0.02109375
1 0.64296875 0.409375 0.00859375 0.01875
0 0.74453125 0.21875 0.01015625 0.01484375
0 0.8484375 0.03203125 0.01171875 0.01640625
1 0.09765625 0.2890625 0.01171875 0.01796875
1 0.64296875 0.596875 0.00546875 0.0109375
1 0.31484375 0.88203125 0.01953125 0.03671875
1 0.96875 0.38046875 0.01015625 0.0125
1 0.95234375 0.340625 0.0125 0.01796875
1 0.14453125 0.32578125 0.0078125 0.0125
1 0.99296875 0.3890625 0.01171875 0.01640625
1 0.06640625 0.9890625 0.021875 0.0203125
1 0.27421875 0.85546875 0.01015625 0.01640625
1 0.78984375 0.84375 0.00625 0.0109375
1 0.996875 0.37265625 0.00625 0.01171875
1 0.8609375 0.8875 0.0109375 0.015625
1 0.22734375 0.88984375 0.0109375 0.015625
1 0.0078125 0.91640625 0.0140625 0.02109375
4 0.98359375 0.2984375 0.0328125 0.090625
1 0.2453125 0.8734375 0.01015625 0.01640625
1 0.03046875 0.4375 0.0109375 0.0140625
1 0.153125 0.3265625 0.00859375 0.0125