2 0.7625 0.21484375 0.0859375 0.0640625
4 0.6515625 0.28984375 0.0625 0.075
1 0.290625 0.4203125 0.009375 0.01875
1 0.40390625 0.48125 0.0109375 0.0203125
1 0.1171875 0.3421875 0.00859375 0.01640625
1 0.3296875 0.3796875 0.0078125 0.015625
1 0.22734375 0.90234375 0.01484375 0.02265625
4 0.2203125 0.853125 0.04765625 0.04921875
4 0.49296875 0.38515625 0.07890625 0.09765625
1 0.328125 0.35078125 0.00859375 0.01640625
1 0.70859375 0.46796875 0.0109375 0.0203125
1 0.55703125 0.38046875 0.00859375 0.0171875
1 0.44765625 0.540625 0.0125 0.02265625
1 0.40625 0.50390625 0.0109375 0.02109375
3 0.8265625 0.34296875 0.05390625 0.075
1 0.6078125 0.33125 0.0078125 0.01484375
1 0.1546875 0.28671875 0.0078125 0.01328125
1 0.40625 0.44609375 0.01015625 0.01875
1 0.53046875 0.4546875 0.01015625 0.01953125
1 0.353125 0.34140625 0.00703125 0.01484375
1 0.31875 0.35625 0.0078125 0.01484375
1 0.43203125 0.42734375 0.009375 0.01640625
1 0.09375 0.39375 0.01015625 0.015625
1 0.2359375 0.56640625 0.01328125 0.0234375
1 0.3859375 0.90546875 0.009375 0.01328125
1 0.0734375 0.37421875 0.01015625 0.015625
2 0.24921875 0.2109375 0.09140625 0.05234375
1 0.65546875 0.371875 0.009375 0.01484375
1 0.55078125 0.4546875 0.0109375 0.01953125
1 0.6140625 0.446875 0.0109375 0.01875
1 0.50078125 0.44453125 0.01015625 0.0171875
1 0.0953125 0.321875 0.009375 0.01328125
1 0.390625 0.33046875 0.00859375 0.0140625
1 0.1765625 0.29375 0.00859375 0.0140625
1 0.40546875 0.30390625 0.0078125 0.0140625
1 0.584375 0.4171875 0.009375 0.01796875
1 0.4484375 0.4421875 0.01015625 0.0171875
1 0.1671875 0.43828125 0.0109375 0.01875
1 0.12421875 0.4546875 0.0109375 0.01953125
1 0.47734375 0.45390625 0.01015625 0.0171875
1 0.51640625 0.4765625 0.01015625 0.01953125
1 0.54921875 0.42421875 0.01015625 0.01796875
1 0.509375 0.64296875 0.0078125 0.01484375
1 0.38046875 0.46875 0.01171875 0.0171875
1 0.56640625 0.36640625 0.0078125 0.01640625
1 0.06015625 0.3796875 0.00703125 0.0140625
1 0.121875 0.90234375 0.0125 0.01875
3 0.76875 0.86015625 0.05390625 0.06640625
1 0.3859375 0.43984375 0.00859375 0.01796875
1 0.15234375 0.371875 0.01015625 0.015625
1 0.265625 0.878125 0.00859375 0.009375
1 0.4953125 0.30703125 0.00859375 0.015625
1 0.4546875 0.6078125 0.01328125 0.025
1 0.3296875 0.33125 0.00703125 0.0140625
1 0.93125 0.91875 0.0140625 0.02578125
1 0.840625 0.2703125 0.0078125 0.01328125
1 0.40234375 0.3515625 0.0078125 0.0140625
1 0.0484375 0.52109375 0.0140625 0.01953125
1 0.13671875 0.30703125 0.0046875 0.015625
1 0.27421875 0.8921875 0.01015625 0.01640625
1 0.23203125 0.9328125 0.0140625 0.02265625
1 0.64921875 0.3390625 0.0078125 0.0140625
1 0.4078125 0.2640625 0.00625 0.01171875
1 0.053125 0.3984375 0.0109375 0.01484375
1 0.09296875 0.9 0.01171875 0.01875
1 0.01953125 0.446875 0.0109375 0.01640625
1 0.39453125 0.44453125 0.009375 0.0171875
1 0.82734375 0.30390625 0.00859375 0.01171875
1 0.0921875 0.2890625 0.0078125 0.0109375
1 0.0234375 0.4171875 0.01171875 0.0171875
1 0.14921875 0.56640625 0.0078125 0.01640625
1 0.67421875 0.540625 0.01171875 0.021875
1 0.08125 0.5109375 0.0125 0.021875
1 0.3140625 0.88203125 0.0046875 0.01171875
1 0.17578125 0.91796875 0.0140625 0.02109375
1 0.38203125 0.3296875 0.0078125 0.0140625
1 0.10234375 0.3078125 0.009375 0.015625
1 0.140625 0.2890625 0.0109375 0.01171875
1 0.184375 0.95234375 0.01796875 0.03203125
1 0.89375 0.33671875 0.00859375 0.01328125
1 0.0765625 0.90078125 0.01171875 0.0203125
1 0.0796875 0.98125 0.02265625 0.034375
1 0.83515625 0.8703125 0.0078125 0.01171875
1 0.42421875 0.3796875 0.00703125 0.0140625
1 0.18125 0.26015625 0.0078125 0.01328125
1 0.3265625 0.44765625 0.01015625 0.01796875
1 0.0921875 0.64921875 0.01171875 0.0125
1 0.4609375 0.4453125 0.01015625 0.01796875
1 0.7515625 0.59765625 0.01171875 0.021875
1 0.74140625 0.6453125 0.00703125 0.0125
1 0.16484375 0.43828125 0.01015625 0.01484375
1 0.12578125 0.290625 0.00859375 0.0125
1 0.34609375 0.26015625 0.00703125 0.01171875
1 0.896875 0.303125 0.00859375 0.0125
1 0.57265625 0.34296875 0.009375 0.015625
1 0.62578125 0.32890625 0.00859375 0.0140625
1 0.925 0.33125 0.01015625 0.0140625
1 0.415625 0.34296875 0.009375 0.0140625
1 0.66328125 0.35390625 0.01015625 0.01484375
1 0.4609375 0.428125 0.01171875 0.01484375
1 0.95390625 0.925 0.0109375 0.021875
1 0.58515625 0.3640625 0.0109375 0.0140625
1 0.1296875 0.2765625 0.00859375 0.01328125
1 0.93828125 0.87578125 0.01015625 0.0140625
1 0.00625 0.39296875 0.009375 0.015625
1 0.675 0.3421875 0.01015625 0.0140625
3 0.11328125 0.859375 0.05546875 0.071875
1 0.5859375 0.36015625 0.0078125 0.01171875
1 0.54921875 0.3140625 0.01015625 0.01484375
1 0.49375 0.2578125 0.00703125 0.01171875
1 0.896875 0.8796875 0.0078125 0.0140625
1 0.3828125 0.3640625 0.009375 0.01328125
1 0.09140625 0.3015625 0.009375 0.0109375
1 0.02578125 0.459375 0.01171875 0.0171875
1 0.271875 0.86796875 0.00625 0.0109375
1 0.096875 0.3703125 0.01171875 0.015625
1 0.62109375 0.33203125 0.00703125 0.01484375
1 0.12734375 0.31015625 0.01171875 0.015625
1 0.10546875 0.2875 0.00859375 0.01328125
1 0.42421875 0.4140625 0.0078125 0.01484375
1 0.66484375 0.534375 0.01171875 0.02109375
1 0.9078125 0.33671875 0.009375 0.015625
1 0.26015625 0.940625 0.01484375 0.02890625
1 0.04921875 0.9671875 0.01875 0.0359375
1 0.90625 0.31796875 0.00859375 0.0140625
1 0.5703125 0.8734375 0.00625 0.01015625
1 0.6640625 0.35625 0.00625 0.01171875
1 0.13984375 0.30625 0.0109375 0.0140625
1 0.378125 0.265625 0.00703125 0.01171875
1 0.73359375 0.64453125 0.01015625 0.01328125
1 0.375 0.45859375 0.009375 0.01640625
1 0.32421875 0.9046875 0.009375 0.01171875
1 0.33046875 0.8859375 0.0078125 0.01328125
1 0.45078125 0.26015625 0.01015625 0.01328125
1 0.0625 0.38515625 0.01171875 0.01640625
1 0.90546875 0.87890625 0.00625 0.015625
1 0.3765625 0.396875 0.01015625 0.0171875
1 0.4 0.4203125 0.0109375 0.0140625
1 0.109375 0.26796875 0.00703125 0.01640625
1 0.171875 0.87578125 0.00546875 0.01171875
1 0.5671875 0.8578125 0.00546875 0.01171875
1 0.8734375 0.2765625 0.0078125 0.015625
1 0.93515625 0.3296875 0.00859375 0.015625
1 0.12421875 0.42734375 0.01171875 0.01796875
1 0.6140625 0.32109375 0.00859375 0.009375
1 0.465625 0.8796875 0.00703125 0.0140625
1 0.86484375 0.29296875 0.01015625 0.01328125
1 0.51484375 0.64375 0.00625 0.01171875
1 0.60625 0.31015625 0.00703125 0.0125
1 0.17890625 0.8953125 0.0109375 0.015625
1 0.078125 0.93046875 0.00859375 0.0140625
1 0.1109375 0.90078125 0.01171875 0.01953125
1 0.9234375 0.878125 0.00703125 0.015625
1 0.08515625 0.515625 0.01171875 0.01796875
1 0.92421875 0.315625 0.00859375 0.0140625
1 0.32421875 0.31328125 0.00859375 0.01328125