1 0.62578125 0.371875 0.009375 0.0140625
2 0.75859375 0.2125 0.09296875 0.06953125
1 0.6171875 0.4796875 0.0109375 0.0203125
1 0.64765625 0.265625 0.00703125 0.0125
3 0.2 0.865625 0.0671875 0.06953125
1 0.53125 0.26953125 0.00625 0.0125
2 0.24140625 0.20625 0.096875 0.0625
1 0.40234375 0.35078125 0.0078125 0.0140625
1 0.38984375 0.3453125 0.0078125 0.01484375
1 0.4015625 0.48359375 0.01015625 0.01640625
1 0.60234375 0.38984375 0.01015625 0.015625
1 0.42265625 0.46796875 0.01015625 0.015625
3 0.12734375 0.3265625 0.0765625 0.07578125
1 0.38203125 0.4859375 0.0125 0.01875
1 0.40546875 0.30703125 0.00703125 0.01015625
1 0.778125 0.85546875 0.00703125 0.01015625
1 0.38203125 0.46796875 0.0109375 0.01484375
3 0.459375 0.3015625 0.05546875 0.08125
1 0.56796875 0.35625 0.0046875 0.01015625
1 0.42265625 0.3953125 0.00703125 0.01328125
0 0.403125 0.71796875 0.00625 0.0109375
0 0.17421875 0.1203125 0.0140625 0.021875
1 0.55546875 0.35625 0.00703125 0.01171875
1 0.60546875 0.3515625 0.0078125 0.01796875
1 0.59296875 0.38203125 0.00625 0.01328125
1 0.575 0.340625 0.01015625 0.0125
0 0.2265625 0.2265625 0.01015625 0.015625
1 0.60234375 0.3703125 0.009375 0.0140625
3 0.4625 0.8578125 0.04296875 0.05078125
1 0.39140625 0.45390625 0.0078125 0.0140625
1 0.1171875 0.88046875 0.009375 0.0171875
1 0.43046875 0.32109375 0.00625 0.01015625
1 0.403125 0.31953125 0.0078125 0.0109375
4 0.55625 0.45234375 0.0828125 0.1109375
1 0.4296875 0.44921875 0.01015625 0.01953125
1 0.42421875 0.3015625 0.01015625 0.01484375
1 0.4203125 0.31953125 0.00703125 0.01171875
1 0.40625 0.43125 0.00703125 0.01171875
1 0.41875 0.35625 0.0078125 0.0140625
1 0.971875 0.94453125 0.0125 0.01328125
4 0.5171875 0.31796875 0.05625 0.08828125
1 0.91796875 0.94609375 0.01171875 0.015625
1 0.5796875 0.3703125 0.0078125 0.0140625
1 0.5984375 0.39375 0.0125 0.0125
1 0.43125 0.33046875 0.00703125 0.0125
1 0.9515625 0.9453125 0.01015625 0.0140625
1 0.04453125 0.3265625 0.009375 0.01796875
1 0.40390625 0.46640625 0.009375 0.01171875
0 0.77578125 0.184375 0.01171875 0.01796875
1 0.09375 0.8796875 0.0109375 0.01796875
1 0.4015625 0.33203125 0.009375 0.01328125
0 0.8140625 0.08671875 0.01171875 0.01953125
1 0.5453125 0.35625 0.00703125 0.01171875
1 0.7671875 0.85546875 0.01015625 0.0125
0 0.39296875 0.70390625 0.00859375 0.01484375
1 0.5796875 0.38125 0.00859375 0.01484375
1 0.55703125 0.846875 0.00859375 0.01640625
1 0.59609375 0.85390625 0.00859375 0.0125
1 0.39609375 0.44375 0.0109375 0.01015625
1 0.39609375 0.46640625 0.01015625 0.01171875
1 0.55625 0.853125 0.00859375 0.01640625
1 0.1078125 0.8796875 0.01015625 0.01875
1 0.4421875 0.34296875 0.00859375 0.009375
1 0.55703125 0.39453125 0.00703125 0.01328125
1 0.9078125 0.9875 0.015625 0.0203125
1 0.4296875 0.35703125 0.009375 0.01328125
1 0.48359375 0.34453125 0.0078125 0.01171875
1 0.93203125 0.98671875 0.0109375 0.01796875
1 0.43125 0.43203125 0.01015625 0.01328125
1 0.41875 0.41875 0.01015625 0.01328125
1 0.60625 0.853125 0.00703125 0.01171875
3 0.475 0.4359375 0.071875 0.11953125
4 0.7265625 0.58125 0.0828125 0.134375