2 0.746875 0.20234375 0.1 0.065625
4 0.4890625 0.428125 0.103125 0.103125
2 0.23203125 0.221875 0.1 0.0578125
4 0.36171875 0.27421875 0.0796875 0.075
3 0.3671875 0.37578125 0.0890625 0.1046875
1 0.30078125 0.45546875 0.01875 0.01875
1 0.27578125 0.465625 0.01875 0.0171875
1 0.728125 0.6046875 0.021875 0.01875
1 0.6296875 0.5421875 0.021875 0.0203125
1 0.69921875 0.421875 0.01875 0.015625
1 0.95625 0.4390625 0.0203125 0.0171875
1 0.3484375 0.4625 0.0203125 0.0171875
1 0.590625 0.36640625 0.0171875 0.0140625
1 0.70390625 0.871875 0.01875 0.015625
1 0.00703125 0.5140625 0.0140625 0.01875
1 0.7890625 0.56875 0.021875 0.021875
1 0.46171875 0.58828125 0.021875 0.0234375
3 0.55625 0.27265625 0.065625 0.08125
1 0.65078125 0.3640625 0.01875 0.0140625
1 0.58046875 0.59296875 0.021875 0.021875
1 0.8171875 0.9453125 0.028125 0.03125
1 0.86953125 0.396875 0.01875 0.015625
1 0.03046875 0.440625 0.0203125 0.015625
1 0.3828125 0.42578125 0.01875 0.015625
1 0.86640625 0.3703125 0.01875 0.015625
1 0.2421875 0.45 0.01875 0.01875
3 0.28359375 0.5921875 0.090625 0.0828125
1 0.14765625 0.3765625 0.01875 0.015625
1 0.0625 0.4203125 0.0203125 0.015625
1 0.7890625 0.85625 0.015625 0.0125
1 0.15234375 0.325 0.0171875 0.0125
1 0.1328125 0.46640625 0.0203125 0.0171875
1 0.3671875 0.896875 0.0171875 0.0140625
1 0.39453125 0.909375 0.01875 0.0140625
1 0.29375 0.88984375 0.0171875 0.0125
1 0.940625 0.4171875 0.0203125 0.015625
1 0.6203125 0.59921875 0.0203125 0.021875
1 0.27734375 0.903125 0.0171875 0.0140625
1 0.315625 0.89296875 0.015625 0.0140625
1 0.65 0.39921875 0.0171875 0.015625
1 0.7765625 0.8828125 0.01875 0.0171875
1 0.12109375 0.34921875 0.015625 0.0125
1 0.546875 0.41484375 0.01875 0.015625
1 0.415625 0.33359375 0.015625 0.0125
1 0.628125 0.3796875 0.01875 0.015625
1 0.184375 0.34609375 0.0140625 0.0125
1 0.5578125 0.37109375 0.01875 0.015625
1 0.56640625 0.5546875 0.0203125 0.021875
1 0.89609375 0.3859375 0.01875 0.015625
1 0.6609375 0.45625 0.0203125 0.0171875
1 0.53984375 0.3390625 0.0171875 0.0125
1 0.93203125 0.39609375 0.01875 0.0125
1 0.11484375 0.52109375 0.0203125 0.0171875
1 0.109375 0.36171875 0.0171875 0.0140625
1 0.0578125 0.37890625 0.01875 0.015625
1 0.32734375 0.33984375 0.0171875 0.0125
1 0.9765625 0.41484375 0.0203125 0.015625
1 0.5671875 0.33984375 0.0171875 0.0140625
1 0.46953125 0.2828125 0.015625 0.0125
1 0.1703125 0.90859375 0.01875 0.015625
1 0.58984375 0.31171875 0.0171875 0.0125
1 0.80390625 0.9125 0.0234375 0.0234375
1 0.52265625 0.3390625 0.0171875 0.0140625
1 0.665625 0.39609375 0.01875 0.0125
1 0.89375 0.35703125 0.01875 0.0140625
1 0.328125 0.36875 0.0171875 0.0140625
1 0.9296875 0.4109375 0.0203125 0.0140625
1 0.5546875 0.6421875 0.0203125 0.0125
1 0.51796875 0.27890625 0.0140625 0.0109375
1 0.50625 0.296875 0.015625 0.0125
1 0.0984375 0.31015625 0.015625 0.0125
1 0.05 0.42890625 0.0203125 0.015625
1 0.53828125 0.325 0.0171875 0.0109375
1 0.096875 0.3578125 0.0171875 0.0140625
1 0.17109375 0.44296875 0.0203125 0.0171875
1 0.646875 0.31015625 0.015625 0.0125
1 0.2671875 0.66171875 0.01875 0.0109375
1 0.5171875 0.61796875 0.01875 0.0140625
1 0.59765625 0.3 0.015625 0.0125
1 0.15546875 0.35078125 0.0171875 0.0125
1 0.421875 0.396875 0.01875 0.015625
1 0.090625 0.9890625 0.0296875 0.0203125
1 0.80625 0.8765625 0.01875 0.015625
1 0.42265625 0.26015625 0.015625 0.0109375
1 0.66640625 0.38046875 0.0171875 0.0125
1 0.6375 0.2734375 0.0171875 0.0109375
1 0.31015625 0.39609375 0.01875 0.015625
1 0.25 0.896875 0.0171875 0.0125
1 0.54609375 0.35625 0.0203125 0.015625
1 0.83828125 0.63125 0.0171875 0.009375
1 0.81875 0.9015625 0.021875 0.021875
1 0.64453125 0.28203125 0.015625 0.0109375
1 0.60546875 0.26953125 0.015625 0.0125
1 0.3265625 0.325 0.0171875 0.0125
1 0.2140625 0.93125 0.0234375 0.021875
1 0.86015625 0.9734375 0.028125 0.015625
1 0.1140625 0.3265625 0.01875 0.0125
1 0.3578125 0.89453125 0.0171875 0.015625
1 0.92109375 0.3671875 0.01875 0.015625
1 0.840625 0.26328125 0.015625 0.0109375
1 0.890625 0.26875 0.0171875 0.0140625
1 0.8515625 0.8875 0.0203125 0.0171875
1 0.22734375 0.92421875 0.025 0.0203125
1 0.8234375 0.87890625 0.0171875 0.0109375
1 0.3359375 0.309375 0.01875 0.015625
1 0.846875 0.93671875 0.0234375 0.025
1 0.05 0.365625 0.0171875 0.0125
1 0.47109375 0.8859375 0.01875 0.015625
1 0.08671875 0.95546875 0.0234375 0.028125
4 0.3640625 0.5703125 0.0921875 0.16875
1 0.68828125 0.4078125 0.01875 0.015625
0 0.6 0.98515625 0.0265625 0.01875
1 0.640625 0.26328125 0.015625 0.0109375
1 0.93359375 0.36796875 0.01875 0.0140625
1 0.51171875 0.321875 0.0171875 0.0125
4 0.60078125 0.821875 0.046875 0.0328125
1 0.59375 0.35 0.0171875 0.0109375
1 0.5234375 0.32421875 0.015625 0.0109375
1 0.98671875 0.40546875 0.01875 0.0140625
1 0.66328125 0.359375 0.0171875 0.0109375
1 0.88203125 0.95546875 0.0296875 0.0375
1 0.67578125 0.39921875 0.01875 0.0140625
1 0.08515625 0.3125 0.0171875 0.015625
1 0.5 0.89296875 0.015625 0.009375
1 0.8140625 0.25234375 0.0171875 0.0109375
1 0.67109375 0.36875 0.0171875 0.0109375
1 0.16171875 0.278125 0.0171875 0.0109375
1 0.6546875 0.3171875 0.0171875 0.0125
1 0.94140625 0.3796875 0.0203125 0.0125
0 0.5765625 0.98671875 0.0296875 0.01875
1 0.2109375 0.90234375 0.01875 0.015625
1 0.9625 0.40234375 0.021875 0.01875
1 0.52421875 0.25703125 0.015625 0.0109375
1 0.14140625 0.90546875 0.01875 0.015625
1 0.94375 0.396875 0.021875 0.0140625
1 0.72265625 0.83984375 0.0140625 0.0078125
1 0.85234375 0.2578125 0.01875 0.0125
1 0.7875 0.98046875 0.025 0.009375
1 0.2296875 0.8828125 0.015625 0.009375
1 0.68828125 0.3953125 0.0171875 0.0109375
1 0.68671875 0.3703125 0.01875 0.0125
1 0.9359375 0.35390625 0.01875 0.0125
1 0.86953125 0.2609375 0.015625 0.0125
1 0.95390625 0.37890625 0.01875 0.0140625
1 0.9296875 0.3796875 0.01875 0.0125
1 0.85546875 0.91640625 0.021875 0.0171875
1 0.48984375 0.8921875 0.0171875 0.0109375
1 0.02265625 0.37578125 0.015625 0.0109375
1 0.8203125 0.62890625 0.0203125 0.0109375
1 0.81953125 0.609375 0.01875 0.0078125
1 0.66171875 0.3328125 0.0171875 0.0109375
1 0.50234375 0.8828125 0.015625 0.0109375
1 0.99296875 0.44140625 0.0140625 0.0109375
1 0.61796875 0.865625 0.015625 0.009375
1 0.34765625 0.3296875 0.0171875 0.0140625
1 0.9046875 0.91875 0.025 0.021875
1 0.67109375 0.35625 0.0171875 0.0109375
1 0.6859375 0.38203125 0.01875 0.0125
1 0.3359375 0.3328125 0.01875 0.0125
1 0.571875 0.865625 0.015625 0.009375
1 0.94921875 0.859375 0.015625 0.0109375
1 0.03515625 0.353125 0.0171875 0.0125
1 0.3546875 0.49453125 0.0203125 0.015625
1 0.91328125 0.8453125 0.0140625 0.009375
1 0.95234375 0.3578125 0.01875 0.0125
1 0.2578125 0.8890625 0.01875 0.0109375
1 0.62265625 0.26875 0.01875 0.0125
1 0.1140625 0.28203125 0.0171875 0.0109375