2 0.78125 0.23359375 0.125 0.0734375
3 0.3203125 0.86015625 0.1109375 0.084375
2 0.2671875 0.19375 0.125 0.0640625
3 0.1984375 0.3515625 0.0921875 0.0859375
3 0.26484375 0.83828125 0.0859375 0.0484375
4 0.73515625 0.85546875 0.078125 0.0546875
1 0.5640625 0.52265625 0.0484375 0.025
1 0.534375 0.51953125 0.0453125 0.021875
1 0.43125 0.509375 0.046875 0.021875
1 0.55234375 0.52109375 0.046875 0.021875
3 0.56796875 0.83046875 0.0765625 0.0375
4 0.446875 0.84296875 0.0640625 0.0296875
1 0.44453125 0.51328125 0.046875 0.0234375
3 0.1515625 0.565625 0.1609375 0.1546875
4 0.85 0.615625 0.1421875 0.1375
4 0.9296875 0.615625 0.1359375 0.1515625