4 0.5875 0.37265625 0.06953125 0.09609375
3 0.0953125 0.3578125 0.0703125 0.07890625
3 0.225 0.88359375 0.11875 0.1421875
3 0.84453125 0.33125 0.05703125 0.0734375
1 0.6984375 0.54296875 0.01328125 0.021875
0 0.834375 0.19140625 0.009375 0.01640625
1 0.12109375 0.40625 0.009375 0.01640625
1 0.2828125 0.48125 0.01171875 0.01875
1 0.94375 0.54296875 0.0140625 0.02265625
1 0.73125 0.5796875 0.01328125 0.02265625
1 0.75390625 0.503125 0.01171875 0.01953125
1 0.81640625 0.4421875 0.0109375 0.01796875
1 0.1828125 0.41953125 0.009375 0.015625
1 0.9484375 0.39296875 0.0109375 0.015625
1 0.64921875 0.384375 0.00859375 0.015625
1 0.6578125 0.88515625 0.0125 0.02109375
0 0.771875 0.16875 0.01015625 0.01796875
3 0.803125 0.83203125 0.06484375 0.0625
1 0.54765625 0.89921875 0.01328125 0.01875
1 0.34140625 0.43515625 0.00859375 0.0171875
1 0.6609375 0.4359375 0.009375 0.0171875
1 0.4359375 0.5765625 0.01171875 0.02265625
1 0.39765625 0.4984375 0.0125 0.01953125
1 0.421875 0.55703125 0.0125 0.02265625
1 0.20546875 0.42890625 0.00859375 0.01640625
1 0.7421875 0.54765625 0.0125 0.0203125
0 0.78203125 0.21171875 0.0109375 0.0203125
1 0.66796875 0.453125 0.0109375 0.02109375
1 0.38203125 0.54375 0.009375 0.01953125
1 0.403125 0.40234375 0.01015625 0.0171875
1 0.0734375 0.421875 0.01015625 0.01640625
1 0.43359375 0.4046875 0.009375 0.0140625
1 0.66640625 0.52265625 0.01171875 0.02109375
1 0.10078125 0.4359375 0.01015625 0.01796875
1 0.38359375 0.390625 0.009375 0.01484375
1 0.35703125 0.38515625 0.00859375 0.015625
1 0.690625 0.51796875 0.0109375 0.02109375
1 0.73203125 0.4578125 0.01015625 0.01796875
0 0.809375 0.17109375 0.009375 0.0171875
1 0.4984375 0.340625 0.00859375 0.0140625
0 0.20703125 0.23125 0.009375 0.0171875
1 0.46796875 0.5078125 0.01171875 0.0203125
1 0.2890625 0.440625 0.009375 0.01640625
1 0.340625 0.86875 0.009375 0.01640625
1 0.45234375 0.5453125 0.01328125 0.02109375
0 0.11953125 0.1953125 0.0109375 0.01796875
1 0.715625 0.8515625 0.00703125 0.01328125
1 0.65859375 0.31953125 0.0078125 0.0125
1 0.85703125 0.89765625 0.0140625 0.02421875
0 0.7828125 0.23984375 0.009375 0.015625
4 0.4390625 0.86171875 0.08203125 0.0921875
1 0.6234375 0.8859375 0.01171875 0.021875
1 0.72109375 0.46171875 0.0109375 0.01796875
1 0.28828125 0.5828125 0.0125 0.01875
1 0.88828125 0.92578125 0.01484375 0.0265625
1 0.4203125 0.4671875 0.009375 0.01328125
1 0.66875 0.384375 0.009375 0.01328125
1 0.39140625 0.45546875 0.01015625 0.0140625
1 0.309375 0.41484375 0.01015625 0.01875
0 0.809375 0.140625 0.0109375 0.0171875
1 0.33046875 0.47890625 0.0109375 0.01875
1 0.7453125 0.53046875 0.0109375 0.0140625
1 0.6234375 0.50859375 0.0109375 0.02109375
1 0.91953125 0.3734375 0.00859375 0.0109375
1 0.12578125 0.96328125 0.0203125 0.03828125
1 0.53671875 0.640625 0.0125 0.01875
0 0.79609375 0.12890625 0.01171875 0.01875
0 0.721875 0.215625 0.01015625 0.0171875
1 0.5328125 0.390625 0.00859375 0.01484375
1 0.459375 0.384375 0.009375 0.015625
1 0.459375 0.5296875 0.01171875 0.01796875
0 0.83359375 0.15078125 0.01015625 0.01796875
1 0.446875 0.48984375 0.0109375 0.0171875
1 0.44296875 0.45078125 0.0109375 0.01796875
1 0.82890625 0.45703125 0.00859375 0.0171875
1 0.15234375 0.471875 0.009375 0.01640625
1 0.66796875 0.4 0.009375 0.015625
1 0.4203125 0.64453125 0.01015625 0.01640625
0 0.828125 0.16796875 0.009375 0.015625
1 0.92109375 0.38671875 0.009375 0.0171875
1 0.6109375 0.875 0.01328125 0.01953125
1 0.1640625 0.43203125 0.01015625 0.01640625
1 0.31875 0.85703125 0.0078125 0.01328125
1 0.3875 0.51875 0.01171875 0.02109375
1 0.64453125 0.34375 0.0078125 0.0140625
1 0.8921875 0.37265625 0.01015625 0.01796875
1 0.88125 0.8734375 0.00859375 0.015625
1 0.43671875 0.5015625 0.01171875 0.01796875
0 0.1703125 0.13125 0.009375 0.015625
1 0.43984375 0.534375 0.0125 0.01953125
1 0.62421875 0.8703125 0.0109375 0.0140625
1 0.6234375 0.403125 0.01015625 0.015625
1 0.703125 0.45 0.0109375 0.01796875
1 0.06875 0.4 0.01015625 0.01484375
1 0.4703125 0.33125 0.0078125 0.01328125
1 0.70078125 0.4296875 0.0109375 0.0171875
0 0.22421875 0.228125 0.01015625 0.015625
1 0.9421875 0.33984375 0.0078125 0.0140625
0 0.13203125 0.14296875 0.009375 0.01640625
0 0.7359375 0.20703125 0.0109375 0.01796875
1 0.48671875 0.50546875 0.0078125 0.015625
1 0.52109375 0.38203125 0.00859375 0.01328125
1 0.415625 0.48671875 0.0109375 0.01640625
1 0.4515625 0.4328125 0.009375 0.0171875
0 0.1859375 0.11484375 0.0109375 0.01796875
1 0.90859375 0.38671875 0.009375 0.0171875
1 0.8359375 0.93515625 0.01640625 0.03125
0 0.21640625 0.2140625 0.009375 0.01640625
1 0.49140625 0.44375 0.01015625 0.015625
1 0.540625 0.35234375 0.00859375 0.0140625
1 0.9234375 0.8890625 0.0109375 0.0203125
1 0.50234375 0.41953125 0.0109375 0.01640625
1 0.88984375 0.346875 0.0078125 0.0140625
1 0.46484375 0.48046875 0.01171875 0.01953125
1 0.51953125 0.34296875 0.00859375 0.01328125
1 0.5203125 0.37109375 0.009375 0.01171875
1 0.30859375 0.9046875 0.0125 0.01171875
1 0.38203125 0.48671875 0.01171875 0.0171875
1 0.48203125 0.44921875 0.01015625 0.01875
0 0.77734375 0.72578125 0.00703125 0.0140625
1 0.29375 0.46953125 0.0109375 0.0171875
1 0.30546875 0.87421875 0.01171875 0.01953125
0 0.81484375 0.21875 0.01015625 0.015625
0 0.8265625 0.20859375 0.01015625 0.01484375
1 0.3296875 0.34453125 0.0078125 0.0140625
0 0.78359375 0.71015625 0.00859375 0.0171875
1 0.88046875 0.3421875 0.0078125 0.01171875
1 0.365625 0.34296875 0.009375 0.0140625
1 0.3609375 0.90078125 0.0140625 0.015625
1 0.4796875 0.36953125 0.00859375 0.01328125
0 0.75546875 0.171875 0.009375 0.01875
1 0.390625 0.47109375 0.0109375 0.015625
1 0.8796875 0.3578125 0.009375 0.0171875
1 0.509375 0.30390625 0.00859375 0.01171875
1 0.46953125 0.38359375 0.01015625 0.015625
1 0.98984375 0.3875 0.0109375 0.015625
1 0.35 0.4796875 0.0125 0.01875
1 0.9078125 0.8890625 0.01171875 0.01796875
0 0.20390625 0.1296875 0.0109375 0.0171875
2 0.25078125 0.225 0.09375 0.046875
1 0.48046875 0.42890625 0.0109375 0.01796875
1 0.67265625 0.29765625 0.00859375 0.0125
1 0.8484375 0.87734375 0.0109375 0.01640625
1 0.36953125 0.48125 0.01015625 0.015625
1 0.378125 0.465625 0.009375 0.01484375
1 0.38203125 0.365625 0.0078125 0.01328125
1 0.33515625 0.384375 0.0078125 0.01484375
1 0.815625 0.87265625 0.009375 0.01796875
1 0.3265625 0.39921875 0.0109375 0.01484375
1 0.47734375 0.46953125 0.0109375 0.01875
1 0.31171875 0.4640625 0.01171875 0.021875
1 0.74609375 0.83984375 0.0078125 0.01015625
0 0.15234375 0.125 0.01015625 0.01640625
1 0.315625 0.44453125 0.00859375 0.0140625
1 0.46171875 0.4296875 0.01015625 0.0171875
0 0.8140625 0.1171875 0.0109375 0.01640625
1 0.4 0.48125 0.0109375 0.01640625
1 0.625 0.3875 0.009375 0.0140625
1 0.13125 0.30546875 0.0078125 0.01171875
0 0.81640625 0.1875 0.01015625 0.015625
1 0.45390625 0.3703125 0.0078125 0.01484375
1 0.53828125 0.33984375 0.00703125 0.01328125
1 0.68046875 0.40078125 0.00859375 0.015625
1 0.4453125 0.3046875 0.00859375 0.0125
1 0.571875 0.8484375 0.00859375 0.01171875
0 0.14375 0.11796875 0.00859375 0.01484375
1 0.44921875 0.384375 0.0109375 0.01484375
1 0.2875 0.61796875 0.01328125 0.0203125
1 0.41640625 0.3578125 0.00859375 0.01484375
1 0.05078125 0.9765625 0.0171875 0.028125
1 0.05234375 0.38203125 0.009375 0.01328125
1 0.4921875 0.425 0.01015625 0.01640625
1 0.51953125 0.3 0.0078125 0.0140625
1 0.36875 0.3203125 0.00625 0.0125
1 0.46171875 0.45625 0.0109375 0.01484375
1 0.271875 0.646875 0.0125 0.0140625
1 0.34140625 0.496875 0.00859375 0.0125
0 0.8125 0.078125 0.01171875 0.01640625
1 0.32421875 0.45625 0.0109375 0.015625
1 0.375 0.89296875 0.01015625 0.0171875
1 0.0984375 0.86484375 0.01015625 0.01796875
1 0.85234375 0.85703125 0.00703125 0.01171875
1 0.459375 0.30390625 0.00859375 0.0125
1 0.4359375 0.35 0.0078125 0.01171875
0 0.80546875 0.78828125 0.00625 0.0125
1 0.425 0.37109375 0.00859375 0.0109375
1 0.50078125 0.37109375 0.01015625 0.01328125
1 0.6953125 0.39375 0.01171875 0.01484375
1 0.28515625 0.64765625 0.01171875 0.01171875
1 0.46171875 0.3671875 0.01015625 0.01328125
1 0.4359375 0.3703125 0.0078125 0.01328125
1 0.67578125 0.36484375 0.00859375 0.0125
1 0.4890625 0.36953125 0.0109375 0.01328125
1 0.453125 0.4703125 0.0109375 0.01796875
0 0.22578125 0.7875 0.01640625 0.02421875
1 0.40625 0.3484375 0.0078125 0.01328125
1 0.31171875 0.31953125 0.009375 0.0171875
1 0.8265625 0.87421875 0.0109375 0.01640625
1 0.46875 0.35078125 0.0078125 0.01328125
1 0.39765625 0.34453125 0.00859375 0.01171875
1 0.88515625 0.315625 0.00859375 0.0125
2 0.76796875 0.2234375 0.09140625 0.05390625
0 0.790625 0.0515625 0.00859375 0.01328125
1 0.44765625 0.61015625 0.01015625 0.015625
1 0.8703125 0.978125 0.0171875 0.03515625
1 0.51875 0.3328125 0.0078125 0.009375
1 0.4953125 0.38046875 0.01171875 0.0125
1 0.12109375 0.31640625 0.00859375 0.01171875
0 0.003125 0.19765625 0.00625 0.01796875
1 0.553125 0.35234375 0.00625 0.0125
1 0.66484375 0.35859375 0.009375 0.01640625
1 0.3 0.44375 0.01015625 0.01484375
1 0.05390625 0.9453125 0.015625 0.0296875
1 0.62265625 0.35078125 0.00859375 0.0125
1 0.484375 0.3921875 0.009375 0.01328125
1 0.2921875 0.33359375 0.009375 0.015625
1 0.48046875 0.34296875 0.0078125 0.01171875
1 0.46015625 0.44375 0.0109375 0.01171875
1 0.03984375 0.38046875 0.0109375 0.0140625
1 0.99609375 0.37109375 0.00703125 0.01328125
1 0.43984375 0.29609375 0.00859375 0.0125
1 0.92734375 0.32578125 0.009375 0.0125
0 0.821875 0.1046875 0.01171875 0.01953125
1 0.49609375 0.403125 0.01171875 0.01484375
1 0.4453125 0.59765625 0.01015625 0.0125
1 0.48984375 0.29765625 0.009375 0.01171875
1 0.528125 0.61640625 0.01171875 0.01796875
1 0.91640625 0.32109375 0.009375 0.0140625
1 0.8984375 0.99375 0.01171875 0.0109375