2 0.76328125 0.215625 0.0875 0.06171875
4 0.66875 0.3734375 0.07421875 0.10390625
4 0.4609375 0.2578125 0.06953125 0.07890625
1 0.56953125 0.56640625 0.01328125 0.02109375
1 0.37421875 0.44765625 0.0109375 0.01796875
1 0.63125 0.59296875 0.0140625 0.0234375
1 0.87421875 0.421875 0.01015625 0.01796875
1 0.65 0.48125 0.0109375 0.01953125
1 0.08125 0.43046875 0.01015625 0.015625
1 0.35390625 0.51015625 0.0125 0.0203125
1 0.83984375 0.44375 0.01015625 0.01796875
1 0.05390625 0.45625 0.0109375 0.01875
1 0.446875 0.39609375 0.009375 0.01640625
1 0.72578125 0.5421875 0.01171875 0.01875
1 0.6453125 0.50234375 0.01171875 0.01953125
1 0.99140625 0.48203125 0.0125 0.01875
1 0.61015625 0.5703125 0.0125 0.021875
1 0.22109375 0.94296875 0.01640625 0.028125
2 0.24140625 0.21171875 0.09453125 0.05390625
1 0.48125 0.4171875 0.009375 0.01640625
1 0.3734375 0.421875 0.01015625 0.015625
1 0.61796875 0.60859375 0.01328125 0.02265625
1 0.3953125 0.3984375 0.01015625 0.01796875
1 0.040625 0.3953125 0.0109375 0.01640625
1 0.0703125 0.390625 0.0109375 0.01640625
1 0.69140625 0.484375 0.0109375 0.01953125
1 0.45625 0.47734375 0.0109375 0.01875
1 0.42265625 0.32421875 0.00859375 0.01484375
1 0.1328125 0.45 0.0109375 0.01875
1 0.05625 0.41484375 0.01171875 0.01953125
1 0.48125 0.39140625 0.009375 0.01640625
1 0.15703125 0.33984375 0.00859375 0.0140625
1 0.61484375 0.47265625 0.01015625 0.01953125
1 0.08359375 0.39453125 0.0109375 0.015625
1 0.3421875 0.4453125 0.01015625 0.0171875
1 0.29765625 0.40234375 0.0109375 0.01796875
1 0.13203125 0.31796875 0.0078125 0.0125
1 0.67578125 0.5453125 0.01171875 0.0203125
1 0.6 0.446875 0.0109375 0.01875
1 0.2828125 0.4578125 0.0109375 0.0171875
1 0.10390625 0.93671875 0.015625 0.02734375
1 0.340625 0.528125 0.01171875 0.01796875
1 0.1734375 0.31796875 0.00859375 0.0125
1 0.0171875 0.37109375 0.009375 0.01484375
1 0.2859375 0.425 0.01015625 0.0171875
1 0.69140625 0.55546875 0.01171875 0.01640625
1 0.3359375 0.50703125 0.01171875 0.01875
1 0.79296875 0.42265625 0.00546875 0.0140625
1 0.34609375 0.4890625 0.0125 0.01953125
1 0.54921875 0.59921875 0.0125 0.0234375
1 0.02421875 0.41875 0.0109375 0.0171875
1 0.25859375 0.921875 0.01796875 0.02578125
1 0.003125 0.459375 0.00625 0.01640625
1 0.95234375 0.396875 0.0109375 0.015625
1 0.6640625 0.3046875 0.009375 0.0140625
1 0.18671875 0.41953125 0.01015625 0.01796875
1 0.678125 0.6140625 0.01328125 0.0203125
1 0.54296875 0.38671875 0.009375 0.0171875
1 0.50078125 0.40703125 0.01015625 0.01640625
1 0.3578125 0.38671875 0.0109375 0.0171875
1 0.27578125 0.47734375 0.0109375 0.01875
1 0.11328125 0.3375 0.009375 0.0171875
1 0.37578125 0.90078125 0.0109375 0.015625
1 0.9515625 0.91953125 0.0125 0.02109375
1 0.5703125 0.328125 0.009375 0.01484375
1 0.28515625 0.440625 0.0109375 0.01484375
1 0.559375 0.27421875 0.0078125 0.0140625
1 0.296875 0.42890625 0.0109375 0.0171875
1 0.23046875 0.884375 0.009375 0.015625
1 0.4203125 0.35234375 0.01015625 0.01484375
1 0.95546875 0.98359375 0.015625 0.02109375
1 0.50390625 0.33984375 0.0078125 0.0140625
1 0.06328125 0.43359375 0.0109375 0.01640625
1 0.35 0.89140625 0.01015625 0.01640625
1 0.3359375 0.4328125 0.009375 0.01484375
1 0.83828125 0.32421875 0.00859375 0.0140625
1 0.4046875 0.32265625 0.00859375 0.01484375
1 0.65390625 0.2671875 0.00703125 0.0125
1 0.4 0.45 0.01015625 0.01796875
1 0.19296875 0.35 0.00859375 0.0140625
1 0.45078125 0.4265625 0.01015625 0.0171875
1 0.68984375 0.57265625 0.01171875 0.01953125
1 0.3859375 0.346875 0.00859375 0.01484375
1 0.090625 0.3703125 0.009375 0.0140625
1 0.91484375 0.3609375 0.01015625 0.01640625
1 0.29140625 0.8875 0.01015625 0.01796875
1 0.215625 0.64765625 0.01171875 0.0140625
1 0.0546875 0.3421875 0.01015625 0.015625
1 0.45703125 0.29453125 0.00859375 0.01328125
1 0.40390625 0.3765625 0.00859375 0.0140625
1 0.6046875 0.334375 0.00859375 0.0140625
1 0.9359375 0.34296875 0.00859375 0.0125
1 0.06484375 0.34609375 0.009375 0.01484375
1 0.29921875 0.46015625 0.0109375 0.01796875
1 0.4 0.35625 0.01015625 0.015625
1 0.5640625 0.3484375 0.00859375 0.015625
1 0.58203125 0.3375 0.00859375 0.01484375
1 0.3140625 0.88671875 0.009375 0.0171875
1 0.94375 0.35859375 0.00859375 0.0140625
1 0.40859375 0.26796875 0.00703125 0.0125
1 0.128125 0.63046875 0.0125 0.01484375
1 0.53359375 0.38828125 0.01015625 0.01640625
1 0.12734375 0.29609375 0.0078125 0.01328125
1 0.10234375 0.32421875 0.009375 0.01328125
1 0.07890625 0.37890625 0.009375 0.01328125
1 0.92421875 0.91484375 0.01171875 0.01953125
1 0.10546875 0.89453125 0.009375 0.0171875
1 0.3859375 0.3234375 0.00859375 0.01484375
1 0.4609375 0.3703125 0.01015625 0.015625
1 0.2171875 0.915625 0.01328125 0.0203125
0 0.22421875 0.21953125 0.0109375 0.01640625
1 0.5171875 0.9046875 0.00859375 0.01171875
1 0.83828125 0.2765625 0.009375 0.01328125
1 0.096875 0.2921875 0.00859375 0.01328125
1 0.30625 0.41953125 0.009375 0.01484375
1 0.1328125 0.88828125 0.009375 0.0171875
1 0.62890625 0.26796875 0.00703125 0.0125
1 0.95625 0.384375 0.009375 0.01171875
1 0.15 0.88125 0.0078125 0.0140625
1 0.51328125 0.278125 0.00859375 0.0125
1 0.62734375 0.34921875 0.00859375 0.015625
1 0.2921875 0.3265625 0.01015625 0.015625
1 0.17890625 0.91953125 0.01328125 0.021875
1 0.4921875 0.28203125 0.0109375 0.015625
1 0.89453125 0.88125 0.0078125 0.01171875
1 0.6140625 0.34453125 0.00859375 0.0140625
1 0.4265625 0.375 0.0109375 0.015625
1 0.97265625 0.36484375 0.01015625 0.01640625
1 0.9921875 0.3765625 0.0109375 0.01640625
1 0.35859375 0.421875 0.01015625 0.0171875
1 0.3046875 0.29140625 0.0078125 0.0140625
1 0.81875 0.3015625 0.0078125 0.01328125
1 0.08828125 0.41796875 0.01015625 0.01640625
1 0.2265625 0.90546875 0.0125 0.0203125
1 0.67578125 0.64453125 0.0125 0.0125
1 0.071875 0.421875 0.009375 0.01328125
1 0.34921875 0.4203125 0.01171875 0.015625
1 0.0859375 0.3125 0.009375 0.01328125
1 0.39296875 0.38125 0.009375 0.01484375
1 0.3984375 0.2578125 0.009375 0.0109375
1 0.909375 0.34453125 0.01015625 0.0140625
1 0.24765625 0.87890625 0.01015625 0.01484375
1 0.1109375 0.28203125 0.00859375 0.01328125
1 0.91796875 0.94453125 0.0109375 0.01328125
1 0.90078125 0.28984375 0.00859375 0.01328125
1 0.61640625 0.2671875 0.00703125 0.0109375
1 0.003125 0.60234375 0.00625 0.02265625
1 0.2890625 0.30703125 0.00859375 0.015625
1 0.3984375 0.33828125 0.01015625 0.0140625
1 0.30078125 0.34453125 0.00859375 0.015625
1 0.12890625 0.27734375 0.00859375 0.01328125
1 0.071875 0.3140625 0.009375 0.0140625
1 0.140625 0.2953125 0.009375 0.0125
1 0.9390625 0.92578125 0.0140625 0.0234375
1 0.23984375 0.865625 0.00625 0.01015625
1 0.17578125 0.884375 0.01015625 0.01484375
1 0.190625 0.8921875 0.01015625 0.0140625
1 0.39140625 0.36484375 0.00859375 0.0140625
1 0.32890625 0.4046875 0.0109375 0.01796875
1 0.07890625 0.29375 0.0078125 0.01171875
1 0.3953125 0.31484375 0.0078125 0.0109375
1 0.8921875 0.28515625 0.009375 0.01796875
1 0.58203125 0.2578125 0.0078125 0.0125
1 0.3484375 0.4015625 0.01015625 0.01484375
1 0.8859375 0.89453125 0.00859375 0.0125
1 0.10078125 0.59140625 0.01171875 0.01953125
1 0.878125 0.27265625 0.00703125 0.01171875
1 0.625 0.33359375 0.009375 0.01328125
1 0.89765625 0.89609375 0.01015625 0.015625
1 0.9234375 0.9828125 0.00859375 0.0140625
1 0.0421875 0.33046875 0.0078125 0.0125
1 0.15703125 0.27578125 0.0078125 0.01328125
1 0.171875 0.86484375 0.00703125 0.0109375
1 0.97265625 0.96796875 0.01640625 0.03125
1 0.94765625 0.890625 0.01015625 0.01796875
1 0.6015625 0.2640625 0.009375 0.01171875
1 0.190625 0.25859375 0.0078125 0.0125
1 0.84375 0.871875 0.00859375 0.01328125
1 0.05625 0.3125 0.01015625 0.01484375
1 0.94140625 0.9453125 0.0109375 0.01171875
1 0.1203125 0.2796875 0.009375 0.0140625
1 0.91796875 0.8875 0.00859375 0.01484375
1 0.890625 0.86484375 0.00546875 0.01015625
1 0.1828125 0.84765625 0.009375 0.015625
3 0.4296875 0.578125 0.08671875 0.1359375
1 0.49609375 0.265625 0.009375 0.0125
1 0.38515625 0.37890625 0.009375 0.01328125
1 0.86875 0.859375 0.00625 0.01015625
1 0.203125 0.91015625 0.0140625 0.021875
1 0.42421875 0.25703125 0.00859375 0.01171875
1 0.17265625 0.903125 0.00859375 0.01484375
1 0.9390625 0.3296875 0.009375 0.01171875
3 0.0109375 0.30390625 0.02109375 0.09609375
1 0.58359375 0.32578125 0.00859375 0.01171875
1 0.553125 0.85625 0.00625 0.009375
1 0.3421875 0.859375 0.00546875 0.01015625
1 0.91640625 0.96953125 0.0078125 0.0125
1 0.459375 0.9953125 0.0140625 0.009375
1 0.96640625 0.346875 0.009375 0.01015625
1 0.36640625 0.4015625 0.009375 0.01484375
3 0.3390625 0.35546875 0.06484375 0.0890625