4 0.4375 0.45625 0.08359375 0.1375
2 0.76875 0.2203125 0.08671875 0.059375
3 0.5515625 0.37734375 0.06640625 0.0890625
4 0.37578125 0.3859375 0.0578125 0.096875
3 0.1609375 0.30234375 0.04296875 0.0609375
4 0.1171875 0.328125 0.053125 0.0625
1 0.6984375 0.89140625 0.0125 0.021875
1 0.38203125 0.53203125 0.0125 0.0203125
1 0.61015625 0.43984375 0.0109375 0.0171875
1 0.303125 0.50390625 0.01171875 0.0203125
1 0.96875 0.421875 0.0109375 0.0171875
1 0.94296875 0.446875 0.01171875 0.01796875
1 0.88359375 0.390625 0.01015625 0.01640625
1 0.44140625 0.89375 0.0125 0.021875
1 0.35859375 0.4890625 0.01171875 0.0203125
1 0.7421875 0.50390625 0.01015625 0.01484375
1 0.0296875 0.44609375 0.0109375 0.0171875
1 0.06953125 0.478125 0.01171875 0.01953125
1 0.9015625 0.50546875 0.01015625 0.01953125
1 0.228125 0.49609375 0.0109375 0.01953125
1 0.60859375 0.90390625 0.0109375 0.01171875
1 0.33125 0.45390625 0.01171875 0.01875
1 0.30703125 0.403125 0.009375 0.015625
1 0.2921875 0.5453125 0.01171875 0.021875
1 0.64921875 0.59375 0.0125 0.01640625
1 0.4796875 0.40625 0.009375 0.01640625
1 0.6828125 0.46640625 0.0109375 0.01796875
1 0.76015625 0.92890625 0.0171875 0.0296875
1 0.359375 0.57734375 0.0125 0.01796875
1 0.7390625 0.89453125 0.0125 0.021875
1 0.40078125 0.58359375 0.0125 0.01796875
1 0.915625 0.45234375 0.0109375 0.01796875
1 0.71015625 0.43828125 0.0109375 0.0171875
1 0.9546875 0.39609375 0.01015625 0.01640625
1 0.98671875 0.53125 0.0140625 0.0203125
1 0.07578125 0.40703125 0.01015625 0.015625
3 0.66953125 0.35546875 0.0578125 0.07265625
1 0.709375 0.51875 0.0125 0.0203125
1 0.11484375 0.50859375 0.01171875 0.01953125
1 0.9671875 0.49765625 0.0109375 0.01796875
1 0.79140625 0.928125 0.01640625 0.02890625
1 0.33515625 0.89921875 0.01328125 0.01875
1 0.6484375 0.43203125 0.01015625 0.0171875
1 0.38359375 0.58359375 0.01328125 0.01640625
1 0.8328125 0.4265625 0.0109375 0.01796875
1 0.75625 0.53515625 0.01171875 0.0203125
1 0.38125 0.509375 0.009375 0.01640625
1 0.89453125 0.9171875 0.015625 0.0265625
2 0.240625 0.225 0.10390625 0.04765625
1 0.715625 0.496875 0.01015625 0.01640625
1 0.7 0.378125 0.01015625 0.01484375
1 0.85078125 0.88125 0.01015625 0.0171875
1 0.0484375 0.41875 0.01015625 0.0171875
1 0.109375 0.5359375 0.0109375 0.0171875
1 0.73203125 0.5171875 0.0109375 0.01328125
1 0.67890625 0.4359375 0.01015625 0.01796875
1 0.15234375 0.9296875 0.015625 0.028125
1 0.66796875 0.87265625 0.01015625 0.01875
1 0.28984375 0.4421875 0.009375 0.01484375
1 0.034375 0.4203125 0.01015625 0.015625
1 0.7328125 0.5375 0.0125 0.01953125
1 0.9921875 0.509375 0.0125 0.015625
1 0.37421875 0.3046875 0.0078125 0.01328125
1 0.909375 0.340625 0.009375 0.01484375
1 0.21015625 0.8796875 0.01015625 0.015625
1 0.34140625 0.86796875 0.00703125 0.01328125
1 0.8796875 0.9390625 0.0171875 0.02421875
1 0.13046875 0.9140625 0.01484375 0.0234375
1 0.93828125 0.4109375 0.01015625 0.01796875
1 0.5140625 0.45390625 0.0109375 0.01875
1 0.88046875 0.91484375 0.0140625 0.02109375
1 0.54765625 0.321875 0.00703125 0.0140625
1 0.8359375 0.3765625 0.009375 0.015625
1 0.334375 0.35859375 0.00859375 0.01484375
1 0.21796875 0.8984375 0.01171875 0.02109375
1 0.80625 0.88515625 0.0109375 0.01953125
1 0.71171875 0.3328125 0.009375 0.01640625
1 0.11640625 0.95546875 0.01875 0.034375
1 0.696875 0.5125 0.01171875 0.01953125
1 0.09921875 0.35859375 0.00859375 0.01484375
1 0.653125 0.90390625 0.0125 0.0125
1 0.60546875 0.4234375 0.00859375 0.015625
1 0.815625 0.4015625 0.00859375 0.01484375
1 0.690625 0.865625 0.01015625 0.01640625
1 0.92890625 0.34453125 0.01015625 0.015625
1 0.365625 0.55078125 0.01171875 0.0203125
4 0.1625 0.834375 0.04296875 0.05078125
1 0.521875 0.3234375 0.009375 0.01328125
1 0.465625 0.37109375 0.0078125 0.015625
4 0.4609375 0.8265625 0.034375 0.05
1 0.9375 0.92890625 0.01484375 0.02578125
1 0.5703125 0.5125 0.0125 0.0203125
1 0.28203125 0.4703125 0.0125 0.01953125
1 0.2734375 0.85546875 0.0078125 0.0125
1 0.71015625 0.42109375 0.0109375 0.01484375
1 0.6203125 0.4015625 0.01171875 0.01796875
1 0.034375 0.40078125 0.0109375 0.01484375
1 0.7109375 0.31796875 0.00859375 0.01328125
1 0.54453125 0.48984375 0.0109375 0.01796875
1 0.196875 0.90703125 0.01328125 0.02265625
1 0.12265625 0.88203125 0.009375 0.0171875
1 0.78125 0.87265625 0.009375 0.015625
1 0.8859375 0.3015625 0.009375 0.0125
1 0.3359375 0.34296875 0.00859375 0.01328125
1 0.29296875 0.85859375 0.0078125 0.01328125
1 0.675 0.49921875 0.01171875 0.0203125
1 0.64375 0.40390625 0.01015625 0.015625
1 0.634375 0.4265625 0.01015625 0.01796875
1 0.30234375 0.46328125 0.0109375 0.0171875
1 0.75703125 0.8640625 0.0078125 0.0140625
1 0.53125 0.46171875 0.009375 0.01171875
1 0.82578125 0.88984375 0.0109375 0.01953125
1 0.31640625 0.45546875 0.0109375 0.01640625
1 0.203125 0.4015625 0.009375 0.015625
1 0.590625 0.4046875 0.00859375 0.01640625
1 0.59140625 0.30859375 0.00703125 0.0125
1 0.865625 0.3453125 0.00859375 0.0140625
1 0.39375 0.30390625 0.01015625 0.0140625
1 0.584375 0.89296875 0.0109375 0.01953125
1 0.575 0.90078125 0.01328125 0.01640625
1 0.69375 0.61640625 0.0125 0.01640625
1 0.38125 0.6125 0.01015625 0.01796875
1 0.9703125 0.51640625 0.00859375 0.01640625
1 0.74296875 0.51953125 0.01015625 0.01484375
0 0.1703125 0.2234375 0.0078125 0.0125
1 0.603125 0.3265625 0.00703125 0.0125
1 0.503125 0.38125 0.00859375 0.01484375
1 0.1671875 0.9921875 0.01953125 0.01484375
1 0.32109375 0.84921875 0.00546875 0.0109375
1 0.06171875 0.39140625 0.0109375 0.0140625
1 0.1953125 0.35859375 0.00703125 0.0125
3 0.55234375 0.77265625 0.04375 0.0484375
1 0.31484375 0.43828125 0.01015625 0.0140625
1 0.63515625 0.378125 0.0109375 0.01640625
1 0.028125 0.38359375 0.00859375 0.0140625
1 0.84765625 0.36640625 0.01015625 0.0140625
1 0.671875 0.42265625 0.0109375 0.01796875
1 0.83125 0.85625 0.00859375 0.01484375
0 0.21015625 0.18515625 0.01171875 0.02421875
1 0.69921875 0.4703125 0.01015625 0.015625
1 0.48359375 0.35625 0.00703125 0.01171875
1 0.3546875 0.33359375 0.0078125 0.0125
1 0.365625 0.534375 0.0109375 0.01484375
1 0.87578125 0.3421875 0.0109375 0.01328125
1 0.003125 0.459375 0.00625 0.01484375
1 0.55546875 0.49140625 0.0109375 0.01796875
1 0.9453125 0.903125 0.015625 0.02265625
1 0.5171875 0.3703125 0.009375 0.015625
1 0.66015625 0.41484375 0.01015625 0.0140625
1 0.584375 0.35078125 0.009375 0.01328125
1 0.61015625 0.3453125 0.00859375 0.0140625
1 0.28046875 0.4546875 0.0109375 0.01171875
1 0.7046875 0.484375 0.01015625 0.01328125
1 0.86640625 0.33203125 0.00859375 0.01328125
1 0.48671875 0.37421875 0.009375 0.0140625
1 0.88828125 0.33046875 0.01015625 0.01328125
1 0.64140625 0.39296875 0.00859375 0.01171875
1 0.41875 0.303125 0.0078125 0.0125
1 0.9234375 0.32890625 0.01015625 0.015625
1 0.34375 0.33046875 0.00703125 0.0109375
1 0.765625 0.8484375 0.00703125 0.01171875
1 0.3453125 0.3453125 0.00859375 0.01328125
1 0.0703125 0.39140625 0.01015625 0.01484375
1 0.4921875 0.30546875 0.00625 0.01328125
1 0.5640625 0.30625 0.0078125 0.0125
1 0.85 0.3375 0.009375 0.0140625
1 0.52109375 0.8484375 0.01015625 0.015625
1 0.9875 0.37421875 0.0109375 0.015625
1 0.30078125 0.8484375 0.00703125 0.0109375
1 0.540625 0.46875 0.009375 0.01328125
1 0.3484375 0.53671875 0.01015625 0.01484375
1 0.57265625 0.4828125 0.0109375 0.01796875
1 0.78984375 0.859375 0.0078125 0.0140625
1 0.18046875 0.88515625 0.01171875 0.01875
1 0.85 0.85625 0.009375 0.0140625
1 0.29609375 0.81796875 0.00703125 0.0109375
1 0.4953125 0.378125 0.0078125 0.01484375
0 0.0484375 0.24296875 0.01015625 0.015625
1 0.4640625 0.29921875 0.00625 0.01171875
1 0.9 0.31875 0.009375 0.01328125
1 0.278125 0.64921875 0.009375 0.0109375
0 0.11796875 0.2578125 0.00859375 0.01484375
1 0.09921875 0.34296875 0.009375 0.0140625
1 0.69765625 0.41015625 0.01015625 0.0171875
1 0.15078125 0.87734375 0.0109375 0.015625
1 0.59765625 0.3453125 0.00859375 0.01328125
1 0.95625 0.34140625 0.009375 0.015625
1 0.703125 0.496875 0.00859375 0.0140625
1 0.2703125 0.840625 0.00625 0.009375
1 0.075 0.38125 0.01015625 0.01171875
1 0.746875 0.97578125 0.0234375 0.0390625
1 0.2640625 0.99453125 0.01640625 0.01015625
1 0.62421875 0.36015625 0.0109375 0.0140625
1 0.58046875 0.29453125 0.0078125 0.0125
1 0.50234375 0.36640625 0.00859375 0.01171875
1 0.6015625 0.3796875 0.0109375 0.0140625
1 0.81484375 0.98515625 0.0234375 0.0296875
1 0.60390625 0.39453125 0.00859375 0.0125
1 0.60078125 0.40703125 0.01171875 0.0140625
1 0.484375 0.296875 0.009375 0.0125
1 0.478125 0.37578125 0.00859375 0.01328125
1 0.540625 0.30078125 0.00859375 0.0140625
1 0.91328125 0.9375 0.015625 0.02578125
1 0.57421875 0.30703125 0.0109375 0.0125
1 0.88046875 0.85390625 0.00703125 0.01171875
1 0.55234375 0.4703125 0.009375 0.01328125
1 0.02109375 0.9390625 0.01328125 0.02109375
1 0.98828125 0.99609375 0.0140625 0.00703125
0 0.16953125 0.253125 0.00859375 0.0140625
1 0.51875 0.33984375 0.00859375 0.0125
1 0.81640625 0.84765625 0.00703125 0.01015625
1 0.80390625 0.84765625 0.00859375 0.0109375
1 0.4265625 0.303125 0.0109375 0.01171875
1 0.11953125 0.74296875 0.00703125 0.0125
1 0.56328125 0.4734375 0.01015625 0.01328125
1 0.93203125 0.884375 0.00859375 0.015625
1 0.9296875 0.98984375 0.015625 0.01796875
1 0.68359375 0.3953125 0.01015625 0.0125
1 0.07265625 0.36796875 0.009375 0.01328125
1 0.08203125 0.35234375 0.01015625 0.01484375
1 0.8890625 0.85703125 0.00859375 0.01328125
1 0.91171875 0.31484375 0.009375 0.0140625
1 0.67265625 0.396875 0.01015625 0.0125
1 0.228125 0.8453125 0.0078125 0.0109375
1 0.4859375 0.89453125 0.0078125 0.01875
1 0.70625 0.40546875 0.00859375 0.0125
1 0.88671875 0.990625 0.0140625 0.01875
1 0.6109375 0.375 0.009375 0.01171875
0 0.32734375 0.71953125 0.0078125 0.0140625
1 0.68359375 0.4125 0.00859375 0.01484375