4 0.0890625 0.3046875 0.09375 0.1125
2 0.778125 0.22890625 0.096875 0.06875
4 0.51953125 0.34921875 0.075 0.0953125
1 0.05859375 0.50859375 0.0171875 0.0203125
1 0.33828125 0.415625 0.0140625 0.01875
1 0.69765625 0.475 0.015625 0.01875
3 0.834375 0.33203125 0.05 0.075
1 0.0671875 0.36015625 0.0140625 0.015625
1 0.815625 0.43828125 0.0140625 0.0171875
1 0.87734375 0.42734375 0.0140625 0.0171875
1 0.9453125 0.50703125 0.015625 0.01875
2 0.2640625 0.19765625 0.096875 0.0609375
1 0.29453125 0.4921875 0.015625 0.0203125
1 0.16640625 0.40078125 0.0140625 0.0171875
1 0.6296875 0.5 0.015625 0.01875
1 0.971875 0.51484375 0.0171875 0.01875
1 0.80546875 0.590625 0.0171875 0.021875
1 0.8015625 0.6140625 0.0171875 0.021875
1 0.365625 0.35 0.0140625 0.015625
1 0.1671875 0.340625 0.0140625 0.01875
1 0.10546875 0.54296875 0.01875 0.021875
3 0.78046875 0.8671875 0.0671875 0.065625
1 0.09765625 0.3875 0.0140625 0.01875
1 0.93515625 0.49140625 0.015625 0.01875
4 0.19375 0.55859375 0.134375 0.1578125
1 0.95 0.44765625 0.015625 0.01875
1 0.7328125 0.61640625 0.0171875 0.0234375
1 0.89609375 0.54375 0.015625 0.021875
1 0.684375 0.38046875 0.0109375 0.015625
1 0.6640625 0.53203125 0.015625 0.021875
1 0.896875 0.40390625 0.0125 0.015625
1 0.27890625 0.478125 0.015625 0.01875
1 0.9328125 0.45078125 0.015625 0.0171875
1 0.7359375 0.54765625 0.015625 0.0171875
1 0.3078125 0.43203125 0.015625 0.0171875
1 0.08203125 0.53984375 0.0171875 0.021875
4 0.178125 0.8515625 0.06875 0.078125
1 0.74453125 0.56640625 0.015625 0.0203125
1 0.315625 0.3828125 0.0140625 0.0171875
1 0.2921875 0.440625 0.0140625 0.0171875
1 0.58984375 0.403125 0.0140625 0.01875
1 0.99140625 0.4859375 0.0171875 0.01875
1 0.87890625 0.47421875 0.0140625 0.0171875
1 0.6171875 0.37421875 0.0125 0.0140625
1 0.84140625 0.4359375 0.0140625 0.0171875
1 0.58828125 0.90390625 0.0140625 0.015625
1 0.84609375 0.946875 0.01875 0.0234375
1 0.86796875 0.9390625 0.0171875 0.021875
1 0.87109375 0.39296875 0.0140625 0.015625
1 0.3796875 0.38203125 0.0140625 0.0171875
1 0.84375 0.5125 0.0140625 0.015625
1 0.34375 0.34375 0.0125 0.0140625
0 0.23515625 0.15625 0.0109375 0.0140625
1 0.23984375 0.8953125 0.015625 0.0203125
1 0.6140625 0.90859375 0.0140625 0.0140625
1 0.65859375 0.38046875 0.0140625 0.0171875
1 0.99453125 0.5125 0.0109375 0.01875
1 0.72109375 0.95234375 0.0203125 0.028125
1 0.16796875 0.94609375 0.025 0.034375
1 0.38046875 0.4171875 0.015625 0.0171875
1 0.9171875 0.46484375 0.0171875 0.0203125
1 0.03984375 0.384375 0.0140625 0.0171875
1 0.68125 0.33515625 0.0125 0.015625
1 0.659375 0.43046875 0.0140625 0.0171875
1 0.72421875 0.8953125 0.0140625 0.015625
1 0.68046875 0.41796875 0.0140625 0.0171875
1 0.66875 0.2859375 0.0109375 0.0140625
1 0.4828125 0.28671875 0.0125 0.0140625
1 0.659375 0.31484375 0.0125 0.0140625
1 0.59921875 0.3703125 0.0125 0.015625
1 0.1359375 0.315625 0.0109375 0.015625
1 0.83125 0.9703125 0.0203125 0.0296875
1 0.39453125 0.35078125 0.0140625 0.015625
1 0.43125 0.39453125 0.0140625 0.01875
1 0.85625 0.390625 0.0125 0.015625
1 0.609375 0.38515625 0.0125 0.0140625
1 0.33046875 0.37890625 0.0140625 0.0171875
1 0.621875 0.278125 0.0109375 0.0140625
1 0.81171875 0.925 0.015625 0.01875
1 0.1578125 0.92265625 0.01875 0.025
1 0.87578125 0.4875 0.015625 0.015625
1 0.80390625 0.9484375 0.01875 0.025
1 0.67109375 0.43046875 0.0140625 0.0171875
1 0.3484375 0.36875 0.0125 0.015625
1 0.8 0.90859375 0.0140625 0.0171875
1 0.73828125 0.909375 0.015625 0.01875
1 0.32109375 0.46015625 0.0140625 0.0171875
1 0.3703125 0.41328125 0.0140625 0.0171875
1 0.4421875 0.31640625 0.0109375 0.0140625
0 0.26640625 0.74140625 0.0171875 0.0234375
1 0.15859375 0.8984375 0.0171875 0.01875
1 0.31875 0.44453125 0.0140625 0.015625
1 0.91953125 0.31640625 0.0125 0.0140625
1 0.34765625 0.31875 0.0125 0.015625
1 0.946875 0.41875 0.0140625 0.015625
1 0.35234375 0.8578125 0.0140625 0.015625
1 0.64453125 0.303125 0.0125 0.0140625
1 0.2921875 0.41953125 0.0125 0.0125
1 0.16640625 0.29609375 0.0109375 0.0140625
1 0.01484375 0.35 0.015625 0.0171875
1 0.3078125 0.321875 0.0140625 0.015625
1 0.2625 0.86171875 0.0109375 0.0125
1 0.88515625 0.5015625 0.015625 0.0203125
1 0.55078125 0.26171875 0.0109375 0.0140625
1 0.76796875 0.97890625 0.0203125 0.0328125
1 0.1265625 0.92421875 0.021875 0.028125
1 0.8359375 0.39375 0.0125 0.015625
1 0.02890625 0.37421875 0.0140625 0.0171875
1 0.45 0.3203125 0.0109375 0.0140625
1 0.38984375 0.2671875 0.0109375 0.0140625
1 0.1984375 0.28359375 0.0140625 0.0171875
1 0.76875 0.9015625 0.0125 0.015625
1 0.19296875 0.265625 0.0109375 0.0125
1 0.82109375 0.3921875 0.0125 0.015625
1 0.9359375 0.35078125 0.0125 0.015625
1 0.3125 0.36875 0.0140625 0.015625
1 0.32734375 0.3296875 0.0109375 0.0140625
3 0.1125 0.8359375 0.0546875 0.0796875
1 0.72421875 0.51640625 0.015625 0.01875
1 0.16015625 0.2578125 0.0109375 0.0140625
1 0.3296875 0.46796875 0.0140625 0.015625
1 0.734375 0.50625 0.0125 0.0140625
1 0.54375 0.40078125 0.015625 0.015625
1 0.34921875 0.29140625 0.0125 0.0140625
1 0.7828125 0.92421875 0.015625 0.0203125
1 0.740625 0.89609375 0.0125 0.0125
1 0.0828125 0.91796875 0.0203125 0.0265625
1 0.94921875 0.3515625 0.009375 0.0125
1 0.8203125 0.6625 0.015625 0.0140625
1 0.1484375 0.2453125 0.0109375 0.0140625
1 0.99765625 0.45625 0.0046875 0.0125
1 0.2375 0.95 0.01875 0.0328125
1 0.53125 0.26015625 0.0109375 0.0140625
0 0.5546875 0.77734375 0.015625 0.0234375
1 0.965625 0.40859375 0.0140625 0.0171875
1 0.325 0.34375 0.0109375 0.0125
1 0.1609375 0.21953125 0.0125 0.0140625
1 0.8359375 0.91640625 0.0203125 0.0234375
1 0.35 0.24609375 0.009375 0.0125
1 0.05546875 0.6078125 0.0171875 0.01875
1 0.32578125 0.3625 0.015625 0.015625
0 0.24140625 0.19453125 0.0140625 0.0109375
1 0.73515625 0.5265625 0.015625 0.015625
1 0.16953125 0.28046875 0.0109375 0.0109375
1 0.58203125 0.875 0.0125 0.0125
1 0.10546875 0.9265625 0.021875 0.0265625
1 0.93671875 0.415625 0.0125 0.0140625
1 0.87734375 0.9140625 0.015625 0.01875
1 0.15546875 0.8796875 0.0140625 0.0140625
1 0.325 0.85703125 0.009375 0.0109375
1 0.7859375 0.990625 0.025 0.01875
1 0.12734375 0.23984375 0.0125 0.0140625
1 0.4296875 0.86171875 0.0125 0.0125
1 0.60078125 0.26484375 0.0109375 0.0125
0 0.2609375 0.796875 0.0125 0.0140625
0 0.24453125 0.81953125 0.0109375 0.015625
1 0.07734375 0.88671875 0.015625 0.0171875
1 0.0375 0.94453125 0.01875 0.025
1 0.6359375 0.2890625 0.0125 0.0140625
1 0.64140625 0.90859375 0.015625 0.015625
1 0.38359375 0.24609375 0.0125 0.0140625
1 0.9546875 0.396875 0.0140625 0.015625
1 0.0515625 0.91171875 0.01875 0.025
1 0.83359375 0.996875 0.0234375 0.00625
1 0.13203125 0.8890625 0.0171875 0.021875
1 0.8640625 0.30390625 0.0125 0.0140625
1 0.30703125 0.2859375 0.0140625 0.0171875
1 0.2421875 0.85703125 0.0109375 0.0125
1 0.80859375 0.89375 0.009375 0.0125
1 0.8953125 0.93125 0.015625 0.0171875
1 0.675 0.91171875 0.0140625 0.0140625
0 0.215625 0.7234375 0.0109375 0.0140625
0 0.23203125 0.778125 0.0140625 0.0171875
1 0.340625 0.36171875 0.0140625 0.0140625
1 0.8546875 0.2953125 0.0125 0.015625
1 0.54140625 0.8765625 0.0125 0.0109375
1 0.203125 0.35546875 0.0125 0.0125
1 0.7828125 0.903125 0.015625 0.015625
1 0.878125 0.3109375 0.0125 0.0140625
1 0.22109375 0.85234375 0.009375 0.009375
1 0.19765625 0.2578125 0.0125 0.0109375
1 0.840625 0.28828125 0.0109375 0.0125
1 0.08359375 0.61875 0.0171875 0.025
1 0.6546875 0.9921875 0.015625 0.0140625
1 0.15234375 0.97109375 0.028125 0.025
1 0.6921875 0.90390625 0.015625 0.0171875
1 0.93125 0.40546875 0.015625 0.0171875
1 0.55234375 0.85859375 0.0109375 0.0109375
1 0.98125 0.39765625 0.0125 0.0140625
1 0.7109375 0.38203125 0.0109375 0.0140625
1 0.6390625 0.27109375 0.0109375 0.0125
0 0.2140625 0.809375 0.0140625 0.0140625
1 0.040625 0.6265625 0.015625 0.0125
1 0.6609375 0.89765625 0.0140625 0.0171875
0 0.2890625 0.69921875 0.0125 0.015625
1 0.034375 0.3359375 0.0125 0.0125
4 0.54765625 0.83984375 0.046875 0.04375
1 0.05625 0.9734375 0.0125 0.0078125
1 0.89609375 0.91328125 0.0140625 0.015625
1 0.82109375 0.6453125 0.0125 0.009375
1 0.2125 0.82890625 0.0109375 0.0109375
1 0.73828125 0.88671875 0.0109375 0.0109375
1 0.8734375 0.96328125 0.015625 0.015625
1 0.09375 0.86875 0.0171875 0.021875
1 0.43984375 0.865625 0.0125 0.0125
1 0.90234375 0.9 0.0109375 0.0125
1 0.86875 0.88671875 0.0125 0.0140625
1 0.68828125 0.9140625 0.015625 0.0109375
1 0.56484375 0.871875 0.0140625 0.0125
1 0.38125 0.8359375 0.015625 0.0234375
1 0.534375 0.87890625 0.0078125 0.0109375