4 0.115625 0.4125 0.0859375 0.0953125
3 0.8546875 0.30078125 0.0625 0.0640625
1 0.3859375 0.88359375 0.0125 0.0203125
1 0.8453125 0.5609375 0.015625 0.0234375
1 0.61015625 0.87734375 0.0125 0.0203125
1 0.028125 0.4734375 0.0140625 0.0171875
4 0.465625 0.35703125 0.0734375 0.0859375
1 0.88984375 0.44140625 0.0125 0.01875
4 0.15 0.9125 0.1734375 0.175
1 0.98515625 0.47421875 0.0125 0.0140625
1 0.146875 0.57734375 0.015625 0.0234375
1 0.72421875 0.8828125 0.0140625 0.021875
1 0.9375 0.4328125 0.0125 0.0171875
1 0.4359375 0.5421875 0.015625 0.021875
1 0.740625 0.5015625 0.0125 0.0203125
2 0.74609375 0.22109375 0.09375 0.05
1 0.3828125 0.43515625 0.0109375 0.0171875
1 0.4765625 0.43125 0.0125 0.0171875
1 0.35078125 0.428125 0.0109375 0.0171875
1 0.62421875 0.48125 0.0125 0.0203125
3 0.55546875 0.2953125 0.0484375 0.06875
2 0.22109375 0.2265625 0.0890625 0.0609375
1 0.33125 0.54140625 0.015625 0.021875
1 0.2984375 0.3234375 0.0109375 0.015625
1 0.20234375 0.4984375 0.0125 0.01875
1 0.02109375 0.42734375 0.0140625 0.0171875
1 0.40703125 0.4703125 0.0125 0.01875
1 0.58046875 0.5421875 0.0140625 0.021875
3 0.534375 0.41796875 0.0890625 0.1015625
1 0.28359375 0.45859375 0.0125 0.0171875
1 0.3703125 0.49609375 0.0109375 0.0203125
1 0.31953125 0.43984375 0.0125 0.01875
1 0.29140625 0.90390625 0.015625 0.0171875
1 0.39609375 0.45625 0.0140625 0.01875
1 0.7 0.496875 0.0125 0.0203125
1 0.64765625 0.42734375 0.0125 0.0171875
1 0.91953125 0.6375 0.015625 0.0203125
1 0.33984375 0.453125 0.0125 0.01875
1 0.6078125 0.4203125 0.0109375 0.0140625
1 0.79921875 0.8828125 0.0140625 0.0203125
1 0.76875 0.9140625 0.0171875 0.028125
1 0.703125 0.43203125 0.0125 0.0171875
1 0.4625 0.4296875 0.0109375 0.0171875
1 0.134375 0.46953125 0.0125 0.0171875
1 0.375 0.53671875 0.0109375 0.01875
1 0.72734375 0.48046875 0.0125 0.01875
1 0.4109375 0.5671875 0.0140625 0.0203125
0 0.1703125 0.79296875 0.021875 0.0375
1 0.0515625 0.3546875 0.0109375 0.0140625
1 0.8921875 0.909375 0.015625 0.025
0 0.1796875 0.1609375 0.0140625 0.01875
1 0.36484375 0.37421875 0.0125 0.015625
1 0.45625 0.634375 0.015625 0.025
1 0.6390625 0.45703125 0.0125 0.01875
1 0.4484375 0.55703125 0.0140625 0.0234375
1 0.9203125 0.38984375 0.0109375 0.015625
1 0.61015625 0.49921875 0.0140625 0.0203125
1 0.93984375 0.38359375 0.0125 0.015625
1 0.2640625 0.621875 0.0140625 0.01875
1 0.3875 0.3859375 0.0125 0.015625
1 0.61484375 0.38125 0.0109375 0.015625
1 0.3046875 0.384375 0.0125 0.0140625
1 0.9328125 0.40078125 0.0125 0.0171875
1 0.43984375 0.5125 0.0140625 0.0203125
3 0.8890625 0.82421875 0.046875 0.046875
1 0.3203125 0.353125 0.009375 0.0140625
0 0.34609375 0.73046875 0.0140625 0.01875
1 0.01015625 0.3859375 0.0125 0.015625
1 0.23828125 0.6 0.0140625 0.015625
1 0.59296875 0.4765625 0.0140625 0.0140625
1 0.403125 0.4296875 0.0109375 0.0171875
1 0.60390625 0.36953125 0.0109375 0.015625
1 0.31953125 0.4203125 0.0109375 0.0171875
1 0.29453125 0.4078125 0.0109375 0.015625
1 0.33828125 0.59765625 0.0140625 0.0171875
1 0.52734375 0.340625 0.0109375 0.0171875
1 0.3265625 0.3203125 0.009375 0.0140625
1 0.42265625 0.4546875 0.0125 0.015625
1 0.35 0.5484375 0.0140625 0.0234375
4 0.29765625 0.85390625 0.10625 0.0890625
1 0.4390625 0.49453125 0.0125 0.0140625
1 0.8125 0.2984375 0.009375 0.0125
1 0.709375 0.47734375 0.0125 0.0203125
1 0.93046875 0.91171875 0.0171875 0.025
1 0.87421875 0.89609375 0.0140625 0.0203125
1 0.5734375 0.36796875 0.009375 0.0125
1 0.67421875 0.4921875 0.0140625 0.01875
1 0.56328125 0.3453125 0.009375 0.0140625
1 0.71328125 0.44921875 0.0109375 0.0140625
1 0.62265625 0.440625 0.0125 0.01875
1 0.5703125 0.47734375 0.0109375 0.0171875
1 0.04375 0.36484375 0.009375 0.0140625
1 0.4 0.39921875 0.0125 0.0171875
1 0.28359375 0.44296875 0.0125 0.0140625
1 0.875 0.33203125 0.009375 0.0140625
0 0.1953125 0.16484375 0.0140625 0.0203125
1 0.9046875 0.35234375 0.009375 0.0140625
1 0.64609375 0.3921875 0.0109375 0.015625
1 0.43984375 0.43515625 0.0125 0.0171875
1 0.15390625 0.32265625 0.0109375 0.0125
1 0.14375 0.321875 0.009375 0.0140625
1 0.12421875 0.35703125 0.0125 0.0171875
1 0.47734375 0.39453125 0.0109375 0.015625
1 0.58515625 0.49765625 0.0140625 0.01875
1 0.3078125 0.421875 0.0125 0.0203125
1 0.41953125 0.3921875 0.0109375 0.0140625
1 0.3890625 0.4015625 0.0125 0.0171875
1 0.8890625 0.3234375 0.009375 0.0140625
1 0.64140625 0.30546875 0.009375 0.0125
1 0.60703125 0.39921875 0.009375 0.015625
1 0.15859375 0.42109375 0.0109375 0.015625
1 0.48828125 0.40390625 0.0125 0.0171875
1 0.6078125 0.43828125 0.0125 0.0171875
1 0.44921875 0.428125 0.0125 0.015625
1 0.84765625 0.871875 0.009375 0.0140625
1 0.35078125 0.3859375 0.0109375 0.0125
1 0.67421875 0.41953125 0.0109375 0.015625
1 0.45859375 0.5125 0.0109375 0.01875
0 0.20859375 0.23046875 0.0125 0.0171875
1 0.3796875 0.46875 0.0109375 0.0140625
1 0.40703125 0.38359375 0.0109375 0.0140625
1 0.43515625 0.40234375 0.0125 0.0171875
1 0.18828125 0.64609375 0.0140625 0.021875
1 0.15859375 0.2859375 0.0125 0.0171875
0 0.14765625 0.1078125 0.0140625 0.01875
1 0.54140625 0.33671875 0.0109375 0.0140625
0 0.05078125 0.1203125 0.015625 0.01875
1 0.33125 0.38828125 0.0109375 0.015625
1 0.5953125 0.39375 0.009375 0.0109375
1 0.6625 0.47890625 0.0140625 0.01875
1 0.3921875 0.35859375 0.0125 0.0171875
1 0.36875 0.40078125 0.0125 0.0171875
1 0.28671875 0.4265625 0.0109375 0.0140625
0 0.040625 0.2109375 0.0109375 0.015625
1 0.59296875 0.42109375 0.009375 0.0125
1 0.37109375 0.33984375 0.0109375 0.015625
1 0.296875 0.44296875 0.0125 0.0171875
1 0.8890625 0.8625 0.0109375 0.015625
1 0.6296875 0.62734375 0.0140625 0.0234375
1 0.34765625 0.37421875 0.0109375 0.0140625
1 0.4046875 0.3671875 0.0109375 0.0140625
1 0.99609375 0.43515625 0.0078125 0.0171875
1 0.54140625 0.3546875 0.0109375 0.0140625
1 0.8640625 0.9828125 0.0234375 0.0203125
0 0.17890625 0.0703125 0.0140625 0.01875
1 0.51875 0.32421875 0.0109375 0.0140625
1 0.934375 0.35859375 0.0109375 0.0140625
1 0.415625 0.44375 0.0109375 0.0140625
1 0.5125 0.30390625 0.0109375 0.0140625
1 0.65078125 0.4625 0.0140625 0.01875
1 0.44921875 0.4046875 0.0109375 0.0140625
1 0.38046875 0.40234375 0.0125 0.0171875
1 0.4265625 0.44140625 0.0125 0.0140625
1 0.32109375 0.39609375 0.0125 0.015625
1 0.90390625 0.8640625 0.0109375 0.0140625
1 0.3390625 0.29921875 0.009375 0.0125
1 0.42265625 0.3671875 0.0109375 0.0140625
1 0.5953125 0.30234375 0.009375 0.0109375
1 0.996875 0.571875 0.00625 0.0125
0 0.2359375 0.2328125 0.0125 0.0171875
1 0.48046875 0.31953125 0.009375 0.0125
1 0.56328125 0.45703125 0.0109375 0.015625
1 0.66796875 0.4578125 0.0125 0.0171875
1 0.98515625 0.43046875 0.009375 0.0125
1 0.93203125 0.9703125 0.0234375 0.040625
1 0.3328125 0.30078125 0.0109375 0.0125
1 0.32421875 0.79375 0.0140625 0.0203125
1 0.13203125 0.353125 0.0109375 0.015625
1 0.08125 0.37890625 0.009375 0.0109375
1 0.3203125 0.30234375 0.009375 0.0125
0 0.1234375 0.1046875 0.0140625 0.0203125
1 0.6640625 0.4390625 0.0125 0.0171875
1 0.43046875 0.42265625 0.0125 0.015625
1 0.48671875 0.84765625 0.0109375 0.015625
1 0.590625 0.36953125 0.0125 0.015625
1 0.7015625 0.41796875 0.0109375 0.0109375
1 0.9578125 0.3859375 0.0109375 0.0140625
0 0.253125 0.22578125 0.0125 0.0140625
1 0.4296875 0.3109375 0.0078125 0.0109375
1 0.3703125 0.3875 0.009375 0.0109375
1 0.91484375 0.34140625 0.009375 0.015625
1 0.5625 0.6453125 0.0109375 0.0140625
1 0.4828125 0.2953125 0.0109375 0.0125
1 0.60234375 0.3078125 0.0109375 0.0140625
1 0.45703125 0.85 0.0109375 0.0125
1 0.09375 0.36640625 0.009375 0.009375
1 0.67421875 0.4390625 0.0125 0.0171875
1 0.66875 0.40390625 0.009375 0.0125
1 0.925 0.34140625 0.0109375 0.015625
1 0.49609375 0.3953125 0.0078125 0.0125
1 0.46875 0.3078125 0.0109375 0.0140625
1 0.58125 0.4296875 0.0109375 0.0125
1 0.084375 0.99453125 0.0171875 0.0109375
1 0.803125 0.8375 0.0109375 0.009375
1 0.61875 0.29609375 0.0109375 0.0125
1 0.59921875 0.44375 0.0125 0.0171875
0 0.003125 0.09609375 0.00625 0.0234375
1 0.29453125 0.7953125 0.0109375 0.0140625
1 0.69765625 0.46875 0.0125 0.015625
1 0.64375 0.61796875 0.0125 0.021875
1 0.27265625 0.33828125 0.0125 0.015625
1 0.00234375 0.35390625 0.0046875 0.0171875
1 0.46015625 0.4109375 0.009375 0.0125
1 0.60546875 0.29375 0.0109375 0.0125
1 0.86328125 0.88046875 0.0109375 0.015625