2 0.75859375 0.21015625 0.103125 0.0609375
4 0.0859375 0.4953125 0.10625 0.1171875
4 0.45625 0.2578125 0.0828125 0.0765625
3 0.60390625 0.378125 0.0828125 0.1015625
2 0.24296875 0.21328125 0.10625 0.05625
1 0.46796875 0.37421875 0.0234375 0.0140625
1 0.7203125 0.428125 0.025 0.015625
1 0.7296875 0.53203125 0.025 0.0171875
1 0.54765625 0.45234375 0.025 0.015625
1 0.87265625 0.415625 0.025 0.015625
1 0.68125 0.38125 0.0234375 0.0140625
1 0.44140625 0.490625 0.0265625 0.015625
1 0.38515625 0.51953125 0.025 0.0171875
1 0.70390625 0.41640625 0.0234375 0.0140625
1 0.73046875 0.553125 0.0265625 0.01875
1 0.5609375 0.57578125 0.028125 0.021875
1 0.275 0.48359375 0.025 0.015625
3 0.31640625 0.425 0.084375 0.0984375
1 0.98828125 0.471875 0.0234375 0.015625
1 0.6703125 0.378125 0.0234375 0.0125
1 0.48046875 0.46484375 0.0234375 0.015625
1 0.428125 0.3796875 0.0234375 0.0140625
1 0.42578125 0.490625 0.0265625 0.0171875
1 0.1375 0.9328125 0.0296875 0.021875
1 0.57890625 0.4484375 0.025 0.0171875
1 0.9375 0.559375 0.025 0.0171875
1 0.45625 0.40390625 0.025 0.0125
1 0.4921875 0.375 0.0234375 0.0140625
1 0.32421875 0.5421875 0.0265625 0.0171875
1 0.55078125 0.39140625 0.0234375 0.0125
1 0.34453125 0.3609375 0.0234375 0.0125
1 0.34609375 0.54140625 0.028125 0.0171875
1 0.35703125 0.89375 0.025 0.0125
1 0.390625 0.49921875 0.025 0.015625
1 0.5109375 0.484375 0.025 0.0171875
1 0.01484375 0.3796875 0.0234375 0.0125
1 0.45859375 0.4234375 0.025 0.0140625
1 0.4203125 0.29296875 0.021875 0.009375
4 0.625 0.8609375 0.1109375 0.1015625
1 0.453125 0.54140625 0.025 0.015625
1 0.49921875 0.5078125 0.025 0.015625
1 0.2890625 0.4828125 0.0265625 0.015625
1 0.4828125 0.28203125 0.0234375 0.0109375
1 0.49765625 0.46953125 0.025 0.0140625
1 0.4515625 0.4703125 0.021875 0.0140625
1 0.740625 0.59453125 0.025 0.01875
1 0.06015625 0.39609375 0.025 0.0125
1 0.15 0.346875 0.0234375 0.0125
1 0.37734375 0.4578125 0.025 0.0125
1 0.234375 0.88984375 0.0234375 0.0125
1 0.55625 0.27578125 0.0234375 0.0125
1 0.56171875 0.3578125 0.0234375 0.0125
1 0.428125 0.35859375 0.0234375 0.0125
1 0.3734375 0.47265625 0.025 0.0140625
1 0.42109375 0.340625 0.0234375 0.0125
1 0.0828125 0.4015625 0.0234375 0.0125
1 0.5671875 0.3265625 0.0234375 0.0109375
1 0.32578125 0.50390625 0.0265625 0.0171875
1 0.38359375 0.37109375 0.0234375 0.0125
4 0.815625 0.4390625 0.1125 0.1078125
1 0.71328125 0.53203125 0.0265625 0.0171875
1 0.18515625 0.425 0.025 0.015625
1 0.95078125 0.3890625 0.025 0.0125
1 0.95859375 0.91171875 0.0265625 0.01875
1 0.11015625 0.34453125 0.0234375 0.0140625
1 0.1859375 0.92421875 0.028125 0.0203125
1 0.4546875 0.30546875 0.021875 0.0109375
1 0.340625 0.47109375 0.0265625 0.0125
1 0.365625 0.53125 0.0265625 0.015625
1 0.86171875 0.3140625 0.0234375 0.0109375
1 0.65 0.26484375 0.021875 0.009375
1 0.37265625 0.35234375 0.025 0.0125
1 0.9640625 0.97578125 0.0296875 0.01875
1 0.0421875 0.46640625 0.0265625 0.015625
1 0.42265625 0.44453125 0.0234375 0.0125
1 0.08828125 0.378125 0.0234375 0.0125
1 0.525 0.90546875 0.0234375 0.0078125
1 0.37578125 0.51015625 0.0265625 0.015625
1 0.32890625 0.48203125 0.0265625 0.015625
1 0.40859375 0.43125 0.025 0.0125
1 0.190625 0.35546875 0.0234375 0.0109375
1 0.396875 0.340625 0.025 0.0125
1 0.91484375 0.353125 0.0234375 0.0125
1 0.4015625 0.37578125 0.025 0.0140625
1 0.2984375 0.89140625 0.0234375 0.015625
1 0.346875 0.490625 0.025 0.015625
1 0.42109375 0.4203125 0.0234375 0.0125
1 0.05234375 0.35 0.025 0.0140625
1 0.6609375 0.3015625 0.0234375 0.0109375
1 0.9328125 0.33515625 0.0234375 0.009375
1 0.2359375 0.6359375 0.025 0.009375
1 0.38984375 0.31796875 0.0234375 0.0125
1 0.490625 0.3140625 0.0234375 0.0125
1 0.83828125 0.31640625 0.021875 0.0109375
1 0.1125 0.9015625 0.0234375 0.0140625
1 0.4046875 0.26953125 0.021875 0.009375
1 0.221875 0.6515625 0.0265625 0.0109375
1 0.09921875 0.33125 0.0234375 0.0109375
1 0.32109375 0.88984375 0.0234375 0.0140625
1 0.0625 0.35390625 0.0234375 0.0125
1 0.153125 0.290625 0.021875 0.0109375
1 0.35 0.51796875 0.025 0.015625
1 0.94140625 0.35078125 0.0234375 0.0109375
1 0.4140625 0.38984375 0.025 0.0140625
1 0.0328125 0.4578125 0.0234375 0.0140625
1 0.2625 0.93984375 0.03125 0.021875
1 0.37578125 0.321875 0.021875 0.0109375
1 0.3578125 0.4828125 0.025 0.015625
1 0.95390625 0.3765625 0.0234375 0.009375
1 0.271875 0.4578125 0.025 0.0140625
1 0.12421875 0.30234375 0.021875 0.0109375
1 0.93125 0.90703125 0.0265625 0.0171875
1 0.625 0.26484375 0.021875 0.009375
1 0.63203125 0.34609375 0.0234375 0.0125
1 0.40703125 0.30703125 0.0234375 0.0109375
1 0.8296875 0.60625 0.028125 0.01875
1 0.3015625 0.4828125 0.0265625 0.0171875
1 0.4375 0.42734375 0.025 0.0140625
1 0.14140625 0.89296875 0.0234375 0.0140625
1 0.35703125 0.32265625 0.025 0.0109375
1 0.3640625 0.34765625 0.0234375 0.0125
1 0.15703125 0.8875 0.0234375 0.0109375
1 0.9703125 0.35625 0.025 0.0140625
1 0.3171875 0.48203125 0.028125 0.015625
1 0.246875 0.8703125 0.0203125 0.00625
1 0.45390625 0.29375 0.021875 0.009375
1 0.834375 0.2703125 0.0234375 0.0109375
1 0.98828125 0.36796875 0.0234375 0.0140625
1 0.509375 0.278125 0.0234375 0.009375
1 0.078125 0.315625 0.0234375 0.0125
1 0.0765625 0.38515625 0.0234375 0.009375
1 0.90078125 0.8734375 0.0234375 0.009375
1 0.815625 0.296875 0.021875 0.009375
1 0.62265625 0.3296875 0.0234375 0.009375
1 0.31953125 0.521875 0.025 0.0125
1 0.23359375 0.90859375 0.0265625 0.015625
1 0.83984375 0.30234375 0.021875 0.0109375
1 0.3890625 0.34375 0.025 0.0125
1 0.28203125 0.42578125 0.021875 0.009375
1 0.3921875 0.35625 0.0234375 0.009375
1 0.6125 0.2640625 0.0203125 0.0078125
1 0.896875 0.2828125 0.0234375 0.009375
1 0.13671875 0.3015625 0.0234375 0.0109375
1 0.41875 0.36015625 0.025 0.0140625
1 0.39453125 0.259375 0.0234375 0.009375
1 0.90625 0.33828125 0.025 0.0109375
1 0.08125 0.42578125 0.025 0.0125
1 0.92578125 0.9375 0.025 0.0109375
1 0.2234375 0.92265625 0.0265625 0.015625
1 0.39296875 0.375 0.0234375 0.0140625
1 0.125 0.284375 0.0234375 0.0109375
1 0.1828125 0.88984375 0.025 0.0109375
1 0.56171875 0.34453125 0.021875 0.0078125
1 0.2375 0.621875 0.0234375 0.009375
1 0.56328125 0.31640625 0.0234375 0.009375
1 0.06875 0.321875 0.0234375 0.0125
1 0.3828125 0.3515625 0.0234375 0.0125
1 0.7078125 0.37890625 0.0234375 0.0109375
1 0.94609375 0.91875 0.028125 0.0203125
1 0.40703125 0.3546875 0.0234375 0.0109375
1 0.49765625 0.28125 0.0234375 0.0109375
1 0.02265625 0.42578125 0.025 0.0125
1 0.578125 0.25625 0.021875 0.009375
1 0.56328125 0.30078125 0.021875 0.00625
1 0.8796875 0.86796875 0.021875 0.009375
1 0.88828125 0.27734375 0.0234375 0.015625
1 0.0390625 0.33828125 0.021875 0.0109375
1 0.5890625 0.3234375 0.0203125 0.0078125
1 0.98046875 0.96015625 0.03125 0.028125
1 0.60625 0.3234375 0.021875 0.0078125
1 0.9046875 0.88984375 0.025 0.0140625
1 0.93203125 0.97421875 0.0234375 0.0109375
1 0.89296875 0.8890625 0.0234375 0.0109375
1 0.896875 0.8578125 0.0203125 0.0078125
1 0.87421875 0.26640625 0.021875 0.009375
1 0.1875 0.2640625 0.021875 0.009375
1 0.49140625 0.26484375 0.0234375 0.009375
1 0.94921875 0.9375 0.025 0.009375
1 0.071875 0.30078125 0.021875 0.0078125
1 0.065625 0.42890625 0.021875 0.009375
1 0.48671875 0.89375 0.021875 0.0078125
1 0.86484375 0.865625 0.0234375 0.009375
1 0.28359375 0.40859375 0.0234375 0.0125
1 0.59765625 0.2625 0.0234375 0.009375
1 0.9546875 0.8828125 0.025 0.0140625
1 0.053125 0.3203125 0.025 0.0125
1 0.4203125 0.2578125 0.021875 0.009375
1 0.1171875 0.28515625 0.0234375 0.0125
1 0.925 0.88046875 0.0234375 0.0125
1 0.9359375 0.32109375 0.0234375 0.009375
1 0.10703125 0.2921875 0.0234375 0.0109375
1 0.06328125 0.4390625 0.0234375 0.0109375
1 0.16171875 0.2765625 0.021875 0.0109375
1 0.95546875 0.35078125 0.025 0.0125
1 0.19375 0.90703125 0.0265625 0.0125
1 0.178125 0.8703125 0.0203125 0.0078125
1 0.46875 0.9953125 0.0296875 0.00625
1 0.21171875 0.92109375 0.025 0.015625
1 0.25234375 0.91953125 0.0234375 0.0109375
1 0.12265625 0.89375 0.0265625 0.0140625
1 0.14296875 0.2765625 0.0234375 0.009375
1 0.92421875 0.9625 0.021875 0.009375