4 0.37734375 0.39921875 0.0875 0.11875
2 0.23203125 0.2203125 0.090625 0.0640625
4 0.553125 0.2515625 0.06875 0.075
3 0.63984375 0.25546875 0.0546875 0.075
1 0.7203125 0.4625 0.0125 0.01875
1 0.0515625 0.3671875 0.0125 0.015625
1 0.05859375 0.425 0.0125 0.0171875
1 0.6015625 0.32109375 0.0109375 0.015625
1 0.8265625 0.4140625 0.0125 0.0171875
1 0.98359375 0.49140625 0.015625 0.021875
1 0.3328125 0.45703125 0.0125 0.01875
1 0.33046875 0.5625 0.015625 0.021875
3 0.93828125 0.42109375 0.1 0.115625
1 0.69296875 0.38828125 0.0109375 0.015625
1 0.62578125 0.365625 0.0109375 0.015625
1 0.5328125 0.42265625 0.0109375 0.01875
1 0.990625 0.53125 0.015625 0.021875
1 0.08203125 0.41015625 0.0125 0.015625
1 0.88984375 0.36796875 0.0125 0.0171875
1 0.1734375 0.61796875 0.015625 0.025
1 0.43125 0.38046875 0.0109375 0.0171875
4 0.41953125 0.84140625 0.053125 0.0625
1 0.89765625 0.3265625 0.0109375 0.015625
1 0.64921875 0.31796875 0.0109375 0.0140625
1 0.3046875 0.4484375 0.0109375 0.0171875
1 0.0671875 0.93359375 0.015625 0.021875
0 0.7671875 0.203125 0.0125 0.0171875
1 0.02890625 0.38984375 0.0125 0.0171875
1 0.65 0.36875 0.0109375 0.015625
1 0.59140625 0.38671875 0.0140625 0.0171875
1 0.1 0.2953125 0.0109375 0.0140625
0 0.78515625 0.1375 0.0125 0.0171875
1 0.628125 0.31953125 0.009375 0.015625
1 0.08046875 0.36640625 0.0109375 0.015625
1 0.93671875 0.5609375 0.0140625 0.021875
1 0.85546875 0.328125 0.0109375 0.015625
1 0.0265625 0.36796875 0.0140625 0.01875
1 0.69453125 0.33203125 0.0109375 0.0171875
1 0.46484375 0.38828125 0.0109375 0.0171875
1 0.8484375 0.27421875 0.009375 0.0125
1 0.37421875 0.29609375 0.009375 0.0140625
1 0.4375 0.275 0.009375 0.0140625
1 0.6015625 0.3015625 0.0109375 0.0140625
0 0.79921875 0.115625 0.0125 0.01875
1 0.834375 0.90078125 0.009375 0.01875
1 0.33828125 0.27109375 0.009375 0.0125
1 0.15234375 0.309375 0.009375 0.0125
1 0.1671875 0.9125 0.0125 0.0203125
1 0.80859375 0.39375 0.0109375 0.0171875
1 0.30390625 0.4328125 0.0109375 0.0140625
1 0.440625 0.87109375 0.009375 0.0140625
1 0.5296875 0.31953125 0.009375 0.0140625
1 0.12265625 0.31171875 0.0109375 0.0140625
1 0.07265625 0.334375 0.0109375 0.0140625
1 0.69296875 0.3046875 0.0109375 0.015625
1 0.38671875 0.33359375 0.0125 0.015625
1 0.79921875 0.87734375 0.009375 0.0140625
1 0.16015625 0.8796875 0.009375 0.0140625
1 0.0875 0.31171875 0.0109375 0.0140625
2 0.75390625 0.20703125 0.096875 0.0578125
1 0.54296875 0.32421875 0.0109375 0.0140625
1 0.659375 0.35 0.0109375 0.015625
0 0.90234375 0.15390625 0.0140625 0.0203125
1 0.7671875 0.93671875 0.01875 0.0296875
1 0.046875 0.39609375 0.0125 0.015625
1 0.87578125 0.3078125 0.0109375 0.015625
1 0.665625 0.33515625 0.009375 0.0140625
1 0.10859375 0.34609375 0.0109375 0.0171875
1 0.05390625 0.9546875 0.0125 0.015625
1 0.13515625 0.87734375 0.009375 0.0140625
1 0.0890625 0.89921875 0.0125 0.01875
1 0.115625 0.90390625 0.0109375 0.0171875
1 0.31953125 0.38984375 0.0109375 0.015625
1 0.809375 0.89765625 0.0140625 0.0203125
1 0.3921875 0.2890625 0.009375 0.0125
1 0.8140625 0.259375 0.009375 0.0125
1 0.603125 0.346875 0.0109375 0.0140625
1 0.4109375 0.31015625 0.0109375 0.0140625
1 0.8609375 0.640625 0.0140625 0.0171875
1 0.32734375 0.4125 0.0125 0.0171875
1 0.35703125 0.26640625 0.009375 0.0140625
1 0.34375 0.33515625 0.0109375 0.015625
1 0.88828125 0.30703125 0.0109375 0.0140625
1 0.07265625 0.31640625 0.0109375 0.0140625
1 0.66171875 0.30703125 0.009375 0.0140625
0 0.81875 0.1171875 0.0140625 0.01875
1 0.61015625 0.29140625 0.009375 0.0140625
1 0.828125 0.2671875 0.009375 0.015625
1 0.6125 0.35546875 0.0109375 0.0140625
1 0.5125 0.28671875 0.009375 0.0125
0 0.70546875 0.70625 0.0125 0.0203125
1 0.7859375 0.88984375 0.0109375 0.0171875
1 0.14296875 0.290625 0.009375 0.0125
3 0.7234375 0.88671875 0.1265625 0.125
1 0.528125 0.29140625 0.009375 0.0125
1 0.15859375 0.32578125 0.0109375 0.0140625
1 0.42265625 0.87265625 0.0109375 0.0109375
1 0.7046875 0.3046875 0.0125 0.0171875
1 0.6484375 0.8984375 0.0125 0.015625
1 0.315625 0.37421875 0.0109375 0.0140625
1 0.896875 0.39375 0.0125 0.015625
1 0.93671875 0.9484375 0.01875 0.0328125
1 0.3359375 0.3453125 0.0109375 0.015625
1 0.00546875 0.3859375 0.0109375 0.015625
0 0.8359375 0.1796875 0.0125 0.0203125
1 0.10703125 0.28203125 0.0109375 0.0125
1 0.11171875 0.8796875 0.009375 0.0125
1 0.059375 0.89765625 0.0109375 0.0171875
1 0.84140625 0.25625 0.009375 0.0125
1 0.8171875 0.86015625 0.009375 0.0109375
1 0.54296875 0.2859375 0.009375 0.0125
0 0.78203125 0.11875 0.0109375 0.015625
1 0.0578125 0.33671875 0.0109375 0.0125
1 0.16875 0.278125 0.009375 0.0125
1 0.5515625 0.8703125 0.0078125 0.0109375
1 0.13984375 0.28046875 0.0109375 0.0109375
1 0.5375 0.30546875 0.0109375 0.0140625
1 0.171875 0.8625 0.009375 0.0109375
1 0.87890625 0.27265625 0.0109375 0.0125
1 0.934375 0.36328125 0.0125 0.0140625
1 0.109375 0.29453125 0.0125 0.0140625
0 0.625 0.7078125 0.0109375 0.015625
1 0.903125 0.31484375 0.009375 0.0125
1 0.509375 0.26171875 0.0109375 0.0140625
1 0.09765625 0.8734375 0.0078125 0.0125
1 0.18203125 0.90546875 0.0140625 0.01875
0 0.859375 0.0953125 0.015625 0.025
1 0.4140625 0.26015625 0.009375 0.0140625
1 0.3296875 0.36015625 0.0109375 0.0140625
0 0.74921875 0.203125 0.009375 0.0140625
1 0.87421875 0.26015625 0.0109375 0.015625
1 0.99453125 0.6234375 0.0109375 0.01875
1 0.8875 0.284375 0.0109375 0.0140625
1 0.4046875 0.2609375 0.009375 0.0125
1 0.88828125 0.26484375 0.0109375 0.0125
1 0.0609375 0.990625 0.0140625 0.01875
1 0.5265625 0.871875 0.009375 0.0125
1 0.94375 0.35859375 0.0109375 0.015625
1 0.071875 0.89921875 0.0109375 0.0171875
1 0.9328125 0.3328125 0.0109375 0.01875
1 0.875 0.5390625 0.0109375 0.0140625
1 0.3828125 0.3234375 0.009375 0.0125
1 0.3234375 0.37109375 0.0125 0.0140625
1 0.59296875 0.2734375 0.0109375 0.0140625
1 0.86328125 0.26328125 0.0109375 0.0125
0 0.8953125 0.82734375 0.0109375 0.0171875
1 0.40625 0.871875 0.0125 0.0109375
0 0.95078125 0.97421875 0.021875 0.0359375
1 0.85078125 0.903125 0.0125 0.025
1 0.52421875 0.25859375 0.0125 0.0140625
1 0.5359375 0.8515625 0.009375 0.0109375
1 0.1890625 0.8734375 0.0078125 0.0109375
3 0.27265625 0.93125 0.115625 0.1375
1 0.603125 0.26015625 0.009375 0.0125
0 0.7765625 0.209375 0.0109375 0.0140625
1 0.9546875 0.64375 0.0125 0.0109375
1 0.7125 0.3484375 0.0109375 0.0125
1 0.078125 0.8859375 0.009375 0.0109375
1 0.871875 0.87421875 0.0109375 0.0125
1 0.9109375 0.9125 0.0140625 0.021875
1 0.02578125 0.996875 0.01875 0.00625
1 0.21484375 0.859375 0.0078125 0.0109375
1 0.83515625 0.86015625 0.0078125 0.009375
1 0.609375 0.98671875 0.01875 0.021875