3 0.16484375 0.39609375 0.0890625 0.0953125
2 0.7609375 0.21015625 0.0953125 0.0625
3 0.33515625 0.8515625 0.084375 0.0796875
4 0.2671875 0.83984375 0.05625 0.0484375
4 0.8796875 0.434375 0.1125 0.1203125
3 0.97265625 0.54453125 0.0546875 0.0921875
1 0.28203125 0.45546875 0.01875 0.01875
4 0.85078125 0.27734375 0.078125 0.0703125
1 0.12421875 0.59296875 0.0203125 0.01875
1 0.81953125 0.5734375 0.021875 0.021875
1 0.2609375 0.58984375 0.0203125 0.01875
1 0.2421875 0.559375 0.021875 0.021875
1 0.3046875 0.49609375 0.0203125 0.0203125
1 0.028125 0.4640625 0.0203125 0.01875
1 0.6296875 0.434375 0.01875 0.0171875
1 0.56796875 0.40078125 0.01875 0.0171875
1 0.64609375 0.37421875 0.0171875 0.015625
1 0.4671875 0.5296875 0.0203125 0.0234375
1 0.73515625 0.54140625 0.021875 0.0234375
1 0.51015625 0.40390625 0.01875 0.0171875
0 0.18203125 0.1640625 0.01875 0.0203125
1 0.18984375 0.57734375 0.021875 0.0234375
1 0.35 0.4703125 0.01875 0.0203125
4 0.640625 0.84921875 0.109375 0.1125
1 0.8859375 0.3296875 0.015625 0.0140625
1 0.75859375 0.53125 0.0203125 0.021875
1 0.26953125 0.5078125 0.0203125 0.021875
1 0.34375 0.4359375 0.01875 0.015625
1 0.62890625 0.41875 0.01875 0.0140625
1 0.23515625 0.90859375 0.021875 0.0234375
1 0.384375 0.42890625 0.0203125 0.01875
1 0.7421875 0.84765625 0.015625 0.015625
1 0.1359375 0.9140625 0.021875 0.0234375
1 0.66015625 0.6125 0.021875 0.01875
1 0.40625 0.88671875 0.01875 0.01875
1 0.85 0.55859375 0.01875 0.01875
1 0.0078125 0.58359375 0.015625 0.0171875
1 0.290625 0.57578125 0.021875 0.0234375
1 0.675 0.5484375 0.021875 0.0234375
1 0.1671875 0.9375 0.0234375 0.028125
1 0.578125 0.38046875 0.0171875 0.0171875
1 0.475 0.39453125 0.0171875 0.015625
0 0.1703125 0.165625 0.0203125 0.0203125
1 0.95625 0.37734375 0.01875 0.015625
0 0.21328125 0.2 0.021875 0.0203125
1 0.27578125 0.56484375 0.021875 0.0203125
1 0.66328125 0.41015625 0.0171875 0.015625
1 0.15390625 0.47265625 0.01875 0.01875
1 0.5640625 0.33046875 0.0171875 0.0140625
1 0.66484375 0.3890625 0.0171875 0.015625
1 0.50390625 0.3203125 0.0171875 0.0140625
1 0.44296875 0.38515625 0.0171875 0.015625
1 0.51796875 0.45546875 0.01875 0.0171875
1 0.8609375 0.33515625 0.01875 0.01875
1 0.34765625 0.4125 0.0171875 0.015625
1 0.4484375 0.43984375 0.01875 0.01875
1 0.35390625 0.45 0.01875 0.01875
1 0.33125 0.45546875 0.021875 0.0234375
1 0.971875 0.3890625 0.01875 0.0171875
1 0.11484375 0.9359375 0.0234375 0.028125
1 0.07578125 0.39765625 0.01875 0.015625
1 0.2375 0.63828125 0.021875 0.025
1 0.61953125 0.434375 0.01875 0.01875
1 0.69375 0.3953125 0.0171875 0.0140625
1 0.49375 0.421875 0.01875 0.015625
1 0.7 0.35078125 0.0171875 0.0171875
1 0.60625 0.38984375 0.01875 0.0140625
1 0.38515625 0.3875 0.0171875 0.015625
1 0.38203125 0.8828125 0.01875 0.0171875
0 0.203125 0.21484375 0.0203125 0.0171875
0 0.1921875 0.203125 0.01875 0.0171875
1 0.6140625 0.34375 0.0171875 0.0140625
0 0.20078125 0.18671875 0.0203125 0.0203125
1 0.1859375 0.89140625 0.01875 0.01875
1 0.3140625 0.42109375 0.0171875 0.015625
1 0.8734375 0.88984375 0.021875 0.0234375
1 0.37109375 0.3984375 0.0171875 0.0171875
1 0.64765625 0.31875 0.015625 0.0140625
1 0.81484375 0.6140625 0.0234375 0.0234375
1 0.6234375 0.378125 0.01875 0.0140625
1 0.3375 0.3890625 0.01875 0.0140625
1 0.44765625 0.8875 0.0203125 0.021875
1 0.475 0.4390625 0.01875 0.01875
1 0.41484375 0.43515625 0.0140625 0.0140625
1 0.90078125 0.88359375 0.0203125 0.0203125
1 0.54921875 0.340625 0.0171875 0.0140625
1 0.9875 0.38359375 0.0203125 0.015625
1 0.38984375 0.40859375 0.015625 0.0140625
1 0.57890625 0.33828125 0.01875 0.0140625
1 0.86640625 0.87109375 0.0171875 0.0171875
1 0.3375 0.3734375 0.0171875 0.0140625
1 0.3 0.42578125 0.01875 0.0203125
0 0.24921875 0.228125 0.0171875 0.0140625
1 0.50546875 0.35390625 0.01875 0.0140625
1 0.478125 0.890625 0.01875 0.021875
0 0.62890625 0.77734375 0.021875 0.0234375
1 0.27890625 0.8640625 0.015625 0.0125
1 0.6125 0.41796875 0.0171875 0.015625
1 0.36484375 0.37734375 0.01875 0.015625
1 0.0609375 0.39921875 0.0203125 0.015625
1 0.4625 0.36171875 0.0171875 0.015625
1 0.1625 0.453125 0.01875 0.01875
1 0.509375 0.43046875 0.0203125 0.01875
1 0.34453125 0.45390625 0.01875 0.01875
1 0.190625 0.44375 0.0171875 0.015625
1 0.4546875 0.3171875 0.015625 0.0125
0 0.2671875 0.2359375 0.0203125 0.0171875
1 0.33828125 0.40390625 0.0171875 0.0140625
1 0.428125 0.87109375 0.0171875 0.0171875
1 0.1078125 0.38359375 0.0171875 0.0140625
0 0.2203125 0.246875 0.0171875 0.0140625
1 0.534375 0.3765625 0.01875 0.015625
1 0.459375 0.32890625 0.015625 0.0125
0 0.17421875 0.13671875 0.01875 0.0203125
1 0.4 0.3359375 0.015625 0.0140625
1 0.17890625 0.97109375 0.028125 0.0375
0 0.81328125 0.003125 0.01875 0.00625
1 0.5265625 0.325 0.015625 0.015625
1 0.5953125 0.3671875 0.01875 0.0125
1 0.35390625 0.39921875 0.0203125 0.015625
1 0.60546875 0.41171875 0.0171875 0.015625
1 0.6125 0.37578125 0.0171875 0.015625
1 0.428125 0.34375 0.015625 0.0125
0 0.2140625 0.22265625 0.01875 0.01875
1 0.43671875 0.8734375 0.01875 0.01875
1 0.525 0.428125 0.01875 0.0171875
1 0.44609375 0.34453125 0.0171875 0.0140625
1 0.4359375 0.30859375 0.015625 0.0109375
1 0.8796875 0.54375 0.01875 0.0140625
1 0.5515625 0.3140625 0.0171875 0.0140625
1 0.2375 0.41015625 0.01875 0.01875
1 0.30625 0.403125 0.01875 0.015625
1 0.60390625 0.37421875 0.0171875 0.015625
1 0.37734375 0.34140625 0.015625 0.0125
1 0.2015625 0.43359375 0.015625 0.01875
1 0.475 0.303125 0.015625 0.0125
1 0.1 0.35703125 0.015625 0.0125
1 0.17109375 0.44921875 0.0171875 0.01875
1 0.62734375 0.3671875 0.015625 0.0125
1 0.54296875 0.32578125 0.01875 0.0140625
1 0.13125 0.6578125 0.021875 0.01875
1 0.1109375 0.54921875 0.0140625 0.0140625
1 0.79609375 0.82890625 0.015625 0.0109375
0 0.22421875 0.21875 0.0171875 0.0171875
0 0.8421875 0.16875 0.0171875 0.0171875
1 0.68125 0.384375 0.01875 0.0140625
1 0.915625 0.30859375 0.0171875 0.0140625
1 0.31328125 0.38984375 0.0171875 0.0140625
1 0.896875 0.86796875 0.01875 0.0140625
1 0.571875 0.31171875 0.0171875 0.015625
1 0.93046875 0.92421875 0.021875 0.021875
1 0.14453125 0.34296875 0.0171875 0.0125
1 0.4171875 0.34296875 0.015625 0.0140625
1 0.39296875 0.87421875 0.01875 0.0171875
1 0.49453125 0.89765625 0.0203125 0.021875
1 0.45078125 0.37421875 0.015625 0.0125
1 0.8828125 0.86640625 0.015625 0.0140625
1 0.36171875 0.35078125 0.0171875 0.015625
1 0.15546875 0.3171875 0.0171875 0.0109375
1 0.625 0.2921875 0.0171875 0.0125
1 0.05 0.41953125 0.015625 0.0125
1 0.1671875 0.3296875 0.0171875 0.0125
1 0.30390625 0.37734375 0.0171875 0.015625
1 0.18203125 0.33046875 0.015625 0.0125
1 0.17109375 0.8828125 0.0171875 0.0140625
1 0.9828125 0.35703125 0.01875 0.0140625
1 0.2421875 0.61875 0.021875 0.0171875
1 0.6171875 0.33125 0.0171875 0.0125
1 0.990625 0.35625 0.015625 0.015625
1 0.040625 0.66484375 0.01875 0.01875
1 0.40234375 0.83515625 0.01875 0.015625
1 0.5921875 0.29375 0.0171875 0.0140625
0 0.33203125 0.7671875 0.01875 0.01875
1 0.1109375 0.371875 0.015625 0.0125
1 0.6734375 0.63828125 0.01875 0.0109375
1 0.1796875 0.9984375 0.0265625 0.003125
1 0.3421875 0.34765625 0.0171875 0.0125
1 0.32890625 0.30546875 0.0171875 0.0125
1 0.30078125 0.65390625 0.0171875 0.0140625
1 0.33984375 0.30546875 0.0171875 0.0140625
1 0.4984375 0.40546875 0.0171875 0.015625
1 0.89375 0.29140625 0.0171875 0.0171875
1 0.45078125 0.3578125 0.015625 0.0109375
1 0.34921875 0.37578125 0.015625 0.0140625
1 0.1359375 0.3578125 0.0171875 0.015625
1 0.41796875 0.359375 0.0171875 0.0140625
1 0.30859375 0.3296875 0.0171875 0.015625
1 0.36875 0.33203125 0.01875 0.0125
1 0.4046875 0.37421875 0.0171875 0.0125
1 0.36953125 0.35703125 0.01875 0.0140625
1 0.94453125 0.90078125 0.0234375 0.0234375
1 0.50390625 0.29609375 0.01875 0.0140625
1 0.778125 0.83671875 0.0140625 0.0109375
1 0.5828125 0.834375 0.015625 0.0140625
1 0.3546875 0.3875 0.0171875 0.009375
0 0.621875 0.71640625 0.01875 0.0140625
1 0.69453125 0.3828125 0.01875 0.0140625
1 0.18359375 0.459375 0.01875 0.015625
1 0.93203125 0.315625 0.01875 0.0140625
1 0.6421875 0.29140625 0.0171875 0.0109375
1 0.33515625 0.290625 0.015625 0.0125
1 0.565625 0.8375 0.0171875 0.015625
1 0.8265625 0.04453125 0.0171875 0.0140625
1 0.16640625 0.29453125 0.0171875 0.015625
1 0.98203125 0.34140625 0.01875 0.0109375
1 0.1796875 0.65234375 0.0234375 0.0234375
1 0.440625 0.29765625 0.015625 0.0125
1 0.21875 0.85625 0.0140625 0.0109375
1 0.58359375 0.29609375 0.015625 0.0125
1 0.29765625 0.34140625 0.0171875 0.015625
1 0.41484375 0.3265625 0.0140625 0.0109375
1 0.4078125 0.87421875 0.01875 0.0125
1 0.1828125 0.31640625 0.015625 0.0109375
1 0.1640625 0.42890625 0.01875 0.0234375
1 0.296875 0.31328125 0.0171875 0.015625
1 0.54765625 0.84453125 0.015625 0.0140625
0 0.23359375 0.25703125 0.01875 0.0125
1 0.17421875 0.315625 0.015625 0.0109375
1 0.38203125 0.33359375 0.01875 0.0140625