1 0.98515625 0.471875 0.0296875 0.0125
4 0.765625 0.8234375 0.08125 0.0390625
3 0.890625 0.87734375 0.15 0.128125
3 0.596875 0.290625 0.0765625 0.0578125
3 0.1484375 0.3265625 0.096875 0.0703125
1 0.37890625 0.44453125 0.0421875 0.0125
3 0.1828125 0.840625 0.1015625 0.0578125
1 0.60703125 0.54140625 0.04375 0.0171875
1 0.0953125 0.44609375 0.0421875 0.0125
1 0.60390625 0.503125 0.04375 0.0140625
1 0.934375 0.471875 0.0421875 0.0125
1 0.18125 0.453125 0.0421875 0.0125
2 0.7453125 0.221875 0.125 0.04375
1 0.1203125 0.3765625 0.040625 0.009375
1 0.98515625 0.45078125 0.0296875 0.0109375
1 0.69140625 0.43203125 0.0421875 0.0125
1 0.87578125 0.434375 0.0421875 0.0109375
1 0.67265625 0.47890625 0.0421875 0.0140625
1 0.62734375 0.44453125 0.0421875 0.0109375
1 0.2890625 0.55390625 0.04375 0.0171875
1 0.65 0.51484375 0.04375 0.015625
1 0.7140625 0.87578125 0.0421875 0.0109375
1 0.2984375 0.4703125 0.0421875 0.0125
1 0.71953125 0.484375 0.0421875 0.0140625
1 0.25546875 0.54140625 0.0453125 0.015625
1 0.18125 0.415625 0.040625 0.0125
1 0.54453125 0.3828125 0.040625 0.009375
1 0.5078125 0.43203125 0.0421875 0.0109375
1 0.33984375 0.6 0.0421875 0.009375
1 0.9484375 0.41015625 0.0421875 0.009375
1 0.85703125 0.42890625 0.040625 0.009375
1 0.82578125 0.89453125 0.04375 0.0171875
1 0.4140625 0.390625 0.040625 0.0078125
1 0.69765625 0.45703125 0.0421875 0.0125
1 0.51171875 0.38671875 0.040625 0.009375
1 0.65859375 0.44296875 0.0421875 0.0109375
1 0.221875 0.59453125 0.0453125 0.0109375
1 0.2375 0.53359375 0.04375 0.0140625
1 0.671875 0.43046875 0.0421875 0.0125
0 0.2109375 0.21328125 0.040625 0.009375
1 0.19375 0.87265625 0.040625 0.0078125
4 0.39609375 0.921875 0.1953125 0.15
1 0.70859375 0.4453125 0.0421875 0.0125
1 0.27578125 0.4890625 0.0421875 0.0140625
2 0.22265625 0.2265625 0.121875 0.0515625
1 0.3734375 0.396875 0.040625 0.009375
1 0.72734375 0.8484375 0.0390625 0.0078125
1 0.240625 0.62578125 0.04375 0.0140625
1 0.35390625 0.3734375 0.040625 0.0078125
1 0.71640625 0.8953125 0.046875 0.0125
1 0.90546875 0.44375 0.0421875 0.0125
1 0.61875 0.8828125 0.0421875 0.0140625
1 0.646875 0.43125 0.0421875 0.0125
1 0.52734375 0.38359375 0.040625 0.0078125
0 0.1796875 0.19921875 0.0421875 0.0125
1 0.52890625 0.3515625 0.040625 0.0078125
1 0.30390625 0.3484375 0.040625 0.009375
1 0.96015625 0.93203125 0.05 0.0296875
1 0.5078125 0.36484375 0.040625 0.0078125
1 0.61484375 0.44765625 0.0421875 0.0109375
1 0.60390625 0.35546875 0.040625 0.009375
1 0.6234375 0.4171875 0.0421875 0.009375
1 0.3875 0.3421875 0.040625 0.0078125
1 0.61171875 0.4828125 0.0421875 0.0125
1 0.334375 0.396875 0.040625 0.009375
1 0.28828125 0.42890625 0.040625 0.0109375
1 0.39765625 0.36875 0.0421875 0.0078125
1 0.4078125 0.41171875 0.040625 0.009375
1 0.98046875 0.41953125 0.0390625 0.0109375
1 0.34609375 0.3984375 0.040625 0.00625
1 0.89453125 0.4421875 0.0421875 0.0109375
1 0.7390625 0.8859375 0.04375 0.0140625
1 0.1203125 0.8859375 0.0421875 0.0109375
1 0.4484375 0.31953125 0.040625 0.00625
1 0.79296875 0.9109375 0.0453125 0.0203125
1 0.65 0.29453125 0.0390625 0.00625
1 0.61640625 0.38984375 0.0390625 0.0078125
1 0.29453125 0.89140625 0.04375 0.015625
1 0.08125 0.34765625 0.040625 0.009375
1 0.678125 0.33515625 0.0390625 0.009375
1 0.48359375 0.35703125 0.0390625 0.00625
1 0.49296875 0.3828125 0.0390625 0.0078125
1 0.54140625 0.35234375 0.0390625 0.0078125
1 0.3046875 0.403125 0.0421875 0.0078125
1 0.75703125 0.534375 0.040625 0.0125
1 0.4671875 0.33046875 0.0390625 0.0078125
1 0.43203125 0.36640625 0.040625 0.009375
1 0.29375 0.4078125 0.040625 0.0078125
1 0.3 0.38828125 0.040625 0.0109375
1 0.6640625 0.39140625 0.040625 0.009375
1 0.384375 0.38125 0.0421875 0.009375
0 0.2125 0.24609375 0.040625 0.0078125
1 0.4875 0.39609375 0.0421875 0.0078125
0 0.05703125 0.1296875 0.0453125 0.0140625
1 0.3296875 0.8703125 0.040625 0.0109375
1 0.44140625 0.3671875 0.0390625 0.0078125
1 0.90390625 0.36953125 0.040625 0.009375
1 0.21875 0.62109375 0.0453125 0.0109375
1 0.425 0.3390625 0.040625 0.0078125
1 0.5359375 0.3171875 0.040625 0.0078125
0 0.2015625 0.18671875 0.0453125 0.0125
1 0.81953125 0.3171875 0.0375 0.0078125
1 0.34921875 0.38515625 0.0390625 0.0078125
1 0.63828125 0.353125 0.0421875 0.009375
1 0.56640625 0.41640625 0.040625 0.00625
1 0.63203125 0.40546875 0.040625 0.009375
1 0.590625 0.50390625 0.04375 0.0140625
1 0.4875 0.4390625 0.0421875 0.009375
1 0.553125 0.40546875 0.0390625 0.0078125
1 0.33671875 0.3703125 0.040625 0.00625
1 0.05625 0.340625 0.040625 0.009375
1 0.94609375 0.98359375 0.0515625 0.0109375
1 0.8671875 0.334375 0.040625 0.00625
1 0.0671875 0.33203125 0.040625 0.0078125
1 0.39375 0.38984375 0.040625 0.0078125
1 0.6078125 0.396875 0.0390625 0.009375
1 0.85546875 0.36953125 0.040625 0.009375
1 0.56953125 0.43671875 0.0421875 0.0109375
1 0.46953125 0.35078125 0.040625 0.0078125
0 0.84609375 0.7640625 0.0453125 0.0171875
1 0.65859375 0.36640625 0.040625 0.0078125
4 0.1125 0.284375 0.090625 0.0640625
1 0.265625 0.6359375 0.0453125 0.01875
1 0.703125 0.85703125 0.0390625 0.009375
1 0.32890625 0.35 0.040625 0.0078125
1 0.91796875 0.37734375 0.0421875 0.0078125
1 0.86875 0.359375 0.0390625 0.0078125
1 0.490625 0.33515625 0.0390625 0.00625
1 0.51875 0.496875 0.04375 0.0171875
1 0.6375 0.378125 0.0421875 0.009375
1 0.6234375 0.36171875 0.040625 0.0078125
1 0.60546875 0.3828125 0.040625 0.0046875
1 0.63125 0.3171875 0.040625 0.00625
1 0.315625 0.39296875 0.040625 0.009375
1 0.021875 0.39765625 0.0421875 0.0109375
1 0.8515625 0.3234375 0.0390625 0.0078125
1 0.58984375 0.40859375 0.0390625 0.0046875
1 0.48515625 0.4265625 0.040625 0.0078125
1 0.88515625 0.34765625 0.040625 0.0078125
1 0.64453125 0.4140625 0.040625 0.0078125
1 0.33671875 0.328125 0.0390625 0.0078125
1 0.071875 0.3484375 0.04375 0.0078125
1 0.9328125 0.37890625 0.040625 0.0078125
1 0.0734375 0.95234375 0.0390625 0.0125
1 0.59140625 0.3484375 0.0390625 0.0078125
4 0.10546875 0.8265625 0.090625 0.075
1 0.39296875 0.328125 0.0375 0.00625
1 0.6234375 0.30703125 0.0375 0.00625
1 0.49921875 0.325 0.0390625 0.0078125
1 0.94453125 0.378125 0.040625 0.009375
1 0.421875 0.31796875 0.040625 0.0078125
1 0.3390625 0.384375 0.0421875 0.009375
1 0.97109375 0.4125 0.040625 0.009375
1 0.31875 0.35 0.040625 0.0078125
1 0.65390625 0.3875 0.0390625 0.00625
1 0.815625 0.8578125 0.0390625 0.0078125
1 0.6 0.4625 0.04375 0.0109375
1 0.08046875 0.3296875 0.040625 0.0078125
1 0.11484375 0.86484375 0.0390625 0.00625
1 0.0703125 0.8828125 0.040625 0.0125
1 0.44296875 0.3515625 0.0390625 0.0046875
1 0.584375 0.4703125 0.04375 0.0125
1 0.80859375 0.29921875 0.040625 0.00625
1 0.615625 0.3234375 0.0390625 0.0078125
1 0.0109375 0.39453125 0.021875 0.0078125
1 0.31953125 0.36328125 0.040625 0.009375
1 0.48046875 0.33046875 0.0390625 0.00625
1 0.65625 0.340625 0.0390625 0.00625
1 0.01875 0.0640625 0.0375 0.009375
1 0.29765625 0.42421875 0.0421875 0.009375
1 0.6078125 0.3359375 0.040625 0.0078125
1 0.8953125 0.34765625 0.0421875 0.0078125
1 0.23984375 0.6484375 0.0421875 0.0046875
1 0.08515625 0.86015625 0.0390625 0.0078125
1 0.58046875 0.45234375 0.040625 0.009375
1 0.4625 0.3 0.0390625 0.00625
1 0.95625 0.5296875 0.0375 0.0078125
1 0.0265625 0.37890625 0.040625 0.0078125
1 0.484375 0.30703125 0.0421875 0.00625
1 0.4953125 0.30703125 0.0390625 0.00625
1 0.07890625 0.94140625 0.0421875 0.0078125
1 0.5953125 0.64609375 0.040625 0.00625
1 0.590625 0.41875 0.0390625 0.0046875
1 0.08359375 0.95390625 0.040625 0.0125
1 0.6578125 0.39609375 0.040625 0.00625
1 0.43359375 0.815625 0.040625 0.009375
1 0.84765625 0.303125 0.0390625 0.0046875
1 0.57109375 0.465625 0.040625 0.00625
1 0.8125 0.32109375 0.0390625 0.00625
1 0.8828125 0.33515625 0.040625 0.00625
1 0.8421875 0.30859375 0.0375 0.0046875
1 0.515625 0.309375 0.040625 0.009375
1 0.56171875 0.32109375 0.0390625 0.0046875
1 0.51015625 0.35078125 0.0421875 0.00625
1 0.5578125 0.43671875 0.0421875 0.0125
4 0.03515625 0.9015625 0.0703125 0.178125
1 0.2328125 0.8484375 0.040625 0.0046875
1 0.6234375 0.29375 0.0375 0.0046875
1 0.37265625 0.33203125 0.0421875 0.0078125
1 0.15234375 0.85703125 0.0390625 0.00625
1 0.61328125 0.90625 0.040625 0.0015625
1 0.10625 0.865625 0.0421875 0.00625
1 0.95703125 0.371875 0.040625 0.00625
1 0.078125 0.8625 0.0390625 0.0078125
1 0.67265625 0.3734375 0.0421875 0.009375
1 0.48515625 0.38515625 0.040625 0.0078125
1 0.58125 0.490625 0.0421875 0.0046875
1 0.0953125 0.88359375 0.04375 0.009375
1 0.66796875 0.35078125 0.0375 0.0046875
1 0.97578125 0.5828125 0.0421875 0.0046875
1 0.57109375 0.50625 0.0375 0.00625
1 0.009375 0.38203125 0.01875 0.0078125
1 0.01796875 0.38046875 0.0359375 0.0109375
1 0.69609375 0.36640625 0.0390625 0.0078125
3 0.9765625 0.8953125 0.046875 0.178125