4 0.4640625 0.34765625 0.10625 0.1234375
1 0.6015625 0.8765625 0.03125 0.0234375
2 0.78359375 0.23515625 0.1109375 0.06875
1 0.19140625 0.553125 0.034375 0.028125
1 0.4359375 0.4765625 0.03125 0.025
1 0.7265625 0.59609375 0.034375 0.028125
1 0.9765625 0.44296875 0.03125 0.021875
1 0.8203125 0.46328125 0.0296875 0.0234375
1 0.72109375 0.4984375 0.03125 0.025
1 0.0125 0.4421875 0.025 0.021875
1 0.353125 0.38359375 0.028125 0.0203125
1 0.728125 0.528125 0.03125 0.025
4 0.44609375 0.82109375 0.0578125 0.053125
1 0.3828125 0.4515625 0.0296875 0.0234375
1 0.40859375 0.45703125 0.03125 0.0234375
4 0.25078125 0.81953125 0.06875 0.0515625
1 0.378125 0.3671875 0.028125 0.0203125
1 0.71875 0.5421875 0.0328125 0.025
1 0.184375 0.40078125 0.0296875 0.021875
3 0.7859375 0.84609375 0.0734375 0.0625
1 0.60859375 0.44296875 0.0296875 0.0234375
1 0.75390625 0.4984375 0.03125 0.025
2 0.26171875 0.21328125 0.115625 0.0578125
1 0.665625 0.40234375 0.0296875 0.0203125
1 0.70703125 0.49921875 0.03125 0.025
1 0.83671875 0.91328125 0.0328125 0.025
1 0.08671875 0.396875 0.03125 0.021875
1 0.4171875 0.8765625 0.0296875 0.0234375
4 0.51953125 0.81328125 0.05625 0.046875
1 0.95234375 0.3921875 0.028125 0.01875
1 0.16015625 0.9375 0.0390625 0.0390625
1 0.36171875 0.46640625 0.0296875 0.025
1 0.6171875 0.32734375 0.0265625 0.01875
1 0.54453125 0.33046875 0.0265625 0.01875
1 0.99296875 0.44765625 0.0140625 0.0203125
1 0.13984375 0.56015625 0.028125 0.0234375
1 0.98671875 0.403125 0.0265625 0.01875
1 0.67578125 0.40625 0.0296875 0.0203125
1 0.68046875 0.4359375 0.0296875 0.021875
1 0.15234375 0.4359375 0.028125 0.0203125
1 0.96171875 0.41640625 0.03125 0.025
1 0.19140625 0.90234375 0.034375 0.0296875
1 0.815625 0.90625 0.03125 0.025
1 0.321875 0.86328125 0.028125 0.0203125
1 0.10390625 0.39609375 0.03125 0.021875
1 0.06015625 0.940625 0.0390625 0.04375
1 0.21484375 0.9015625 0.034375 0.028125
1 0.6578125 0.86875 0.0296875 0.021875
3 0.5484375 0.81484375 0.0453125 0.04375
1 0.83203125 0.35390625 0.028125 0.0203125
1 0.75859375 0.86328125 0.0265625 0.0171875
1 0.35546875 0.87734375 0.03125 0.025
1 0.63125 0.390625 0.028125 0.0203125
1 0.76171875 0.53515625 0.03125 0.025
1 0.6328125 0.37421875 0.028125 0.0203125
1 0.52578125 0.32109375 0.0265625 0.0171875
1 0.0265625 0.4203125 0.0328125 0.021875
1 0.31484375 0.39609375 0.0296875 0.021875
1 0.4015625 0.34921875 0.0265625 0.01875
1 0.55859375 0.31796875 0.028125 0.01875
1 0.0671875 0.41171875 0.03125 0.025
1 0.34296875 0.33359375 0.0265625 0.01875
1 0.72734375 0.4625 0.03125 0.021875
1 0.653125 0.32734375 0.0265625 0.0171875
1 0.65546875 0.3546875 0.028125 0.0203125
1 0.66953125 0.35546875 0.0296875 0.0203125
1 0.61796875 0.3875 0.0296875 0.0203125
1 0.59375 0.30703125 0.0265625 0.0171875
1 0.64140625 0.340625 0.028125 0.01875
1 0.88828125 0.3484375 0.0265625 0.01875
1 0.85234375 0.31875 0.0265625 0.0171875
1 0.50234375 0.90390625 0.03125 0.01875
1 0.91171875 0.34296875 0.028125 0.01875
1 0.6546875 0.38359375 0.0296875 0.0203125
1 0.390625 0.88203125 0.0328125 0.0265625
1 0.846875 0.98359375 0.034375 0.0328125
1 0.9921875 0.39375 0.015625 0.01875
1 0.58203125 0.3140625 0.028125 0.01875
1 0.12109375 0.3203125 0.028125 0.01875
1 0.14609375 0.903125 0.0359375 0.03125
1 0.41484375 0.34453125 0.028125 0.01875
1 0.515625 0.853125 0.0265625 0.015625
1 0.12109375 0.90078125 0.0359375 0.0296875
1 0.63125 0.3421875 0.0296875 0.01875
1 0.42890625 0.87890625 0.03125 0.025
1 0.85859375 0.93125 0.034375 0.025
1 0.3828125 0.640625 0.0296875 0.0171875
1 0.36796875 0.6390625 0.0296875 0.0203125
1 0.125 0.871875 0.0328125 0.0234375
1 0.64765625 0.6484375 0.03125 0.0171875
1 0.675 0.390625 0.0296875 0.0171875
1 0.35703125 0.36796875 0.028125 0.01875
1 0.92578125 0.33671875 0.028125 0.0171875
1 0.10625 0.325 0.028125 0.0171875
1 0.9453125 0.3546875 0.0296875 0.01875
1 0.4359375 0.29609375 0.028125 0.0171875
1 0.1703125 0.30703125 0.028125 0.0203125
1 0.609375 0.3625 0.028125 0.0171875
1 0.01015625 0.4125 0.0203125 0.021875
1 0.97578125 0.38984375 0.028125 0.01875
1 0.1265625 0.31171875 0.0265625 0.0171875
1 0.228125 0.865625 0.0296875 0.021875
1 0.82265625 0.9828125 0.0390625 0.034375
1 0.30234375 0.8390625 0.025 0.0171875
1 0.14296875 0.875 0.0328125 0.0234375
1 0.19140625 0.44375 0.0265625 0.0203125
1 0.05546875 0.4203125 0.03125 0.0234375
1 0.5125 0.83828125 0.025 0.0171875
1 0.86484375 0.31953125 0.0265625 0.0171875
1 0.18671875 0.878125 0.0296875 0.021875
1 0.69140625 0.39921875 0.028125 0.01875
1 0.1859375 0.2984375 0.028125 0.0171875
1 0.66796875 0.3078125 0.0265625 0.0171875
1 0.6546875 0.34140625 0.0296875 0.0171875
1 0.20625 0.878125 0.0296875 0.021875
1 0.80234375 0.9640625 0.040625 0.0390625
3 0.12578125 0.8296875 0.0765625 0.0796875
1 0.4515625 0.28203125 0.025 0.0171875
1 0.83359375 0.8953125 0.0265625 0.0171875
1 0.90390625 0.32734375 0.03125 0.0203125
1 0.67890625 0.3546875 0.0296875 0.0203125
1 0.71015625 0.44375 0.028125 0.0203125
1 0.86796875 0.89140625 0.028125 0.0203125
1 0.4296875 0.33125 0.025 0.015625
1 0.62421875 0.37578125 0.028125 0.01875
1 0.7890625 0.8671875 0.0296875 0.01875
1 0.43515625 0.62578125 0.034375 0.025
1 0.15390625 0.2890625 0.0265625 0.01875
1 0.153125 0.453125 0.0296875 0.0203125
1 0.696875 0.43125 0.03125 0.0203125
1 0.07890625 0.3453125 0.028125 0.01875
1 0.1984375 0.86015625 0.0265625 0.0171875
1 0.37578125 0.33515625 0.028125 0.0203125
1 0.9765625 0.42421875 0.0296875 0.0171875
1 0.03203125 0.4015625 0.0296875 0.0203125
1 0.359375 0.3296875 0.0265625 0.01875
1 0.825 0.94921875 0.034375 0.021875
1 0.32734375 0.51015625 0.0265625 0.021875
1 0.859375 0.87109375 0.0265625 0.0171875
1 0.7171875 0.45546875 0.0296875 0.0234375
1 0.63515625 0.33046875 0.028125 0.015625
1 0.27734375 0.83671875 0.028125 0.01875
1 0.88046875 0.31875 0.028125 0.0171875
1 0.059375 0.9734375 0.03125 0.0109375
1 0.15703125 0.86953125 0.03125 0.0234375
1 0.22265625 0.8796875 0.0296875 0.0203125
1 0.38515625 0.33515625 0.0296875 0.01875
1 0.93359375 0.95390625 0.034375 0.0296875
1 0.8890625 0.89609375 0.0296875 0.021875
1 0.090625 0.85625 0.03125 0.0234375
1 0.16015625 0.29609375 0.028125 0.01875
1 0.04140625 0.41875 0.034375 0.0234375
1 0.29453125 0.39453125 0.0265625 0.01875
1 0.40546875 0.86796875 0.0296875 0.01875
1 0.00859375 0.46484375 0.0171875 0.0140625
1 0.19921875 0.83046875 0.025 0.0140625
1 0.5328125 0.2984375 0.028125 0.015625
1 0.6203125 0.359375 0.03125 0.01875
1 0.36015625 0.3140625 0.0265625 0.0171875
1 0.15625 0.8921875 0.0328125 0.0265625
1 0.35 0.32734375 0.028125 0.0203125
1 0.884375 0.33671875 0.0296875 0.0171875
1 0.640625 0.3046875 0.028125 0.0171875
1 0.253125 0.83671875 0.0265625 0.015625
1 0.70546875 0.40390625 0.028125 0.01875
1 0.94140625 0.6015625 0.025 0.015625
1 0.5515625 0.85 0.0296875 0.0171875
3 0.28828125 0.81328125 0.0578125 0.0453125
1 0.6546875 0.36875 0.028125 0.0171875
1 0.5109375 0.334375 0.025 0.015625
1 0.67890625 0.38046875 0.028125 0.0171875
1 0.65625 0.3078125 0.0265625 0.0171875
1 0.1015625 0.31328125 0.0265625 0.0171875
1 0.2078125 0.98203125 0.03125 0.0109375
1 0.08359375 0.328125 0.0296875 0.021875
1 0.91796875 0.95390625 0.034375 0.028125
1 0.5 0.8515625 0.0265625 0.015625
1 0.71484375 0.43203125 0.028125 0.01875
1 0.84453125 0.31953125 0.028125 0.015625