3 0.6328125 0.278125 0.0703125 0.08125
4 0.53984375 0.2578125 0.0734375 0.08125
4 0.83515625 0.34140625 0.0734375 0.078125
2 0.7546875 0.209375 0.0953125 0.05625
3 0.55703125 0.5546875 0.096875 0.1375
1 0.70546875 0.46640625 0.015625 0.01875
1 0.4921875 0.50390625 0.015625 0.01875
2 0.23515625 0.215625 0.0953125 0.0625
1 0.86796875 0.928125 0.0203125 0.025
1 0.12578125 0.421875 0.0140625 0.0171875
1 0.71484375 0.503125 0.0171875 0.0203125
1 0.40234375 0.39296875 0.0140625 0.015625
1 0.76640625 0.60859375 0.0171875 0.021875
1 0.1796875 0.575 0.0171875 0.021875
1 0.628125 0.384375 0.0140625 0.0171875
1 0.16015625 0.44375 0.0140625 0.01875
1 0.575 0.390625 0.0140625 0.015625
1 0.43984375 0.3734375 0.0140625 0.015625
1 0.00859375 0.48125 0.0171875 0.01875
4 0.7359375 0.86328125 0.0765625 0.0703125
1 0.7453125 0.53125 0.0171875 0.0203125
1 0.6828125 0.43359375 0.0140625 0.0171875
1 0.446875 0.4578125 0.0140625 0.01875
1 0.4828125 0.478125 0.015625 0.01875
1 0.45546875 0.5 0.0171875 0.0203125
1 0.2765625 0.52265625 0.015625 0.01875
1 0.38984375 0.3296875 0.0140625 0.0140625
1 0.70390625 0.4453125 0.015625 0.0171875
0 0.23359375 0.215625 0.0140625 0.015625
1 0.3015625 0.4890625 0.015625 0.0203125
1 0.4640625 0.38984375 0.0140625 0.015625
1 0.65 0.89140625 0.0140625 0.0171875
1 0.95703125 0.45546875 0.0171875 0.0234375
1 0.1046875 0.3578125 0.0140625 0.015625
1 0.5828125 0.61171875 0.0171875 0.021875
1 0.0828125 0.4015625 0.0140625 0.015625
1 0.7109375 0.43125 0.0140625 0.015625
1 0.94375 0.415625 0.0171875 0.01875
1 0.9484375 0.434375 0.015625 0.01875
1 0.33984375 0.3 0.0140625 0.0140625
1 0.2734375 0.48984375 0.015625 0.01875
1 0.41796875 0.29375 0.0125 0.0140625
1 0.29765625 0.4421875 0.0140625 0.0171875
1 0.92109375 0.3296875 0.0140625 0.0125
1 0.73671875 0.56328125 0.0171875 0.021875
1 0.48359375 0.38828125 0.0140625 0.015625
1 0.51875 0.4484375 0.0140625 0.01875
1 0.4890625 0.3578125 0.0140625 0.015625
1 0.50703125 0.396875 0.0140625 0.01875
1 0.8890625 0.33671875 0.0140625 0.015625
1 0.51953125 0.48359375 0.0140625 0.015625
1 0.9828125 0.37109375 0.0140625 0.015625
1 0.20703125 0.42265625 0.0109375 0.0140625
1 0.57890625 0.328125 0.0125 0.0125
1 0.34765625 0.39765625 0.0140625 0.015625
1 0.97578125 0.41796875 0.015625 0.0171875
1 0.0484375 0.91953125 0.0171875 0.021875
1 0.37734375 0.32890625 0.0140625 0.0140625
1 0.1484375 0.3171875 0.0125 0.0140625
1 0.51328125 0.28203125 0.0140625 0.0125
1 0.35 0.3 0.0140625 0.0125
1 0.4890625 0.64453125 0.015625 0.015625
1 0.31484375 0.40546875 0.0140625 0.015625
1 0.82109375 0.91875 0.01875 0.021875
1 0.04765625 0.396875 0.015625 0.015625
1 0.30390625 0.29609375 0.0140625 0.015625
1 0.0453125 0.98359375 0.0203125 0.0203125
1 0.365625 0.34921875 0.0140625 0.015625
1 0.37578125 0.56953125 0.0171875 0.0234375
1 0.93828125 0.3890625 0.0140625 0.015625
1 0.43984375 0.2984375 0.0125 0.015625
1 0.49921875 0.4453125 0.0140625 0.0171875
4 0.30546875 0.5890625 0.0953125 0.11875
1 0.32421875 0.35 0.0140625 0.0140625
1 0.9171875 0.41796875 0.015625 0.015625
1 0.428125 0.34296875 0.0140625 0.0140625
1 0.909375 0.3703125 0.0140625 0.015625
1 0.5046875 0.37578125 0.0140625 0.0125
1 0.509375 0.34453125 0.0125 0.015625
1 0.33125 0.38203125 0.0125 0.0125
1 0.60546875 0.33203125 0.0140625 0.015625
1 0.91796875 0.39375 0.0171875 0.015625
1 0.0828125 0.359375 0.0140625 0.015625
1 0.46640625 0.4078125 0.0140625 0.0171875
1 0.44609375 0.4265625 0.0140625 0.01875
1 0.78046875 0.64765625 0.0171875 0.0140625
1 0.934375 0.34609375 0.0140625 0.015625
1 0.4875 0.61171875 0.01875 0.021875
1 0.0640625 0.34296875 0.0140625 0.0125
1 0.390625 0.4328125 0.0140625 0.01875
1 0.9453125 0.3421875 0.0140625 0.015625
1 0.89453125 0.89453125 0.0140625 0.0171875
1 0.07578125 0.91484375 0.0171875 0.01875
1 0.87265625 0.2953125 0.0109375 0.0140625
1 0.584375 0.2890625 0.0109375 0.0125
1 0.4484375 0.35078125 0.0140625 0.015625
1 0.92578125 0.43359375 0.015625 0.015625
1 0.05546875 0.3578125 0.0140625 0.0140625
1 0.740625 0.9359375 0.0203125 0.0265625
1 0.92109375 0.37734375 0.0140625 0.0109375
1 0.3984375 0.36953125 0.0140625 0.015625
1 0.68515625 0.8875 0.0140625 0.015625
1 0.30859375 0.39296875 0.0125 0.0125
1 0.13828125 0.88671875 0.0125 0.015625
1 0.02734375 0.36484375 0.015625 0.015625
1 0.16171875 0.2765625 0.0140625 0.0125
1 0.45546875 0.41640625 0.0140625 0.015625
1 0.5921875 0.26796875 0.0125 0.0125
1 0.50859375 0.35859375 0.0125 0.0125
1 0.57109375 0.3015625 0.0140625 0.0140625
1 0.4078125 0.87109375 0.0109375 0.009375
1 0.58984375 0.321875 0.0140625 0.0125
1 0.090625 0.3453125 0.0140625 0.0140625
1 0.04375 0.384375 0.0140625 0.0125
1 0.18125 0.30078125 0.0125 0.0140625
1 0.48671875 0.278125 0.0140625 0.0125
1 0.0078125 0.3765625 0.015625 0.015625
1 0.4421875 0.27734375 0.0140625 0.0125
1 0.7734375 0.903125 0.0171875 0.01875
1 0.10546875 0.88125 0.0125 0.0125
1 0.090625 0.2984375 0.0140625 0.0125
1 0.359375 0.271875 0.0140625 0.0125
1 0.68203125 0.2984375 0.0109375 0.0125
1 0.5703125 0.2875 0.0109375 0.0125
1 0.33515625 0.36640625 0.0140625 0.0125
1 0.15546875 0.86953125 0.0140625 0.0125
1 0.08125 0.94453125 0.015625 0.0125
1 0.1328125 0.87265625 0.0109375 0.0109375
1 0.859375 0.29453125 0.0140625 0.0140625
1 0.4984375 0.28125 0.0140625 0.0125
1 0.91875 0.30859375 0.0140625 0.015625
1 0.66171875 0.8671875 0.0109375 0.009375
1 0.82578125 0.88515625 0.0140625 0.0140625
1 0.8671875 0.88671875 0.0140625 0.0171875
1 0.53984375 0.8921875 0.0109375 0.0109375
1 0.34765625 0.2609375 0.0140625 0.0125
1 0.78359375 0.91875 0.0171875 0.0171875
1 0.0609375 0.9265625 0.01875 0.0234375
1 0.9328125 0.42109375 0.0140625 0.0140625
1 0.553125 0.8828125 0.0109375 0.0109375
1 0.1140625 0.89609375 0.0140625 0.0140625
1 0.44765625 0.26640625 0.0125 0.0125
1 0.92734375 0.3140625 0.0140625 0.015625
1 0.5 0.34453125 0.015625 0.0140625
1 0.10234375 0.89609375 0.0140625 0.015625
1 0.9578125 0.33046875 0.0125 0.0125
1 0.10703125 0.28515625 0.0140625 0.0171875
1 0.02734375 0.96875 0.0203125 0.03125
1 0.859375 0.27890625 0.0140625 0.0125
1 0.52890625 0.890625 0.0140625 0.0109375
1 0.43984375 0.875 0.0125 0.0109375
1 0.79609375 0.9109375 0.015625 0.01875
1 0.05234375 0.88984375 0.015625 0.01875
1 0.7609375 0.9265625 0.01875 0.021875
1 0.121875 0.27265625 0.0125 0.0125
1 0.05859375 0.9453125 0.015625 0.0109375
1 0.425 0.33046875 0.0140625 0.0109375
1 0.828125 0.86484375 0.0109375 0.0109375
1 0.3875 0.2703125 0.015625 0.0125
1 0.92265625 0.29296875 0.0125 0.0125
1 0.87734375 0.27890625 0.0140625 0.015625
1 0.80859375 0.25859375 0.0125 0.0125
1 0.94375 0.31171875 0.0140625 0.015625
1 0.109375 0.86484375 0.0109375 0.0109375
1 0.53671875 0.87109375 0.0125 0.009375
1 0.58984375 0.309375 0.0140625 0.0125
1 0.0765625 0.9828125 0.0140625 0.0140625
1 0.5046875 0.265625 0.0140625 0.0125
1 0.0421875 0.35859375 0.015625 0.015625
1 0.41796875 0.25859375 0.0125 0.0125
1 0.6640625 0.2984375 0.0140625 0.0125
1 0.5765625 0.25625 0.0109375 0.0125
1 0.08203125 0.8875 0.0140625 0.015625
1 0.0609375 0.32890625 0.0140625 0.0125
1 0.8890625 0.28515625 0.0140625 0.0140625
1 0.81328125 0.90234375 0.015625 0.015625
1 0.86875 0.278125 0.0140625 0.015625
1 0.48359375 0.89375 0.0140625 0.015625
1 0.08359375 0.96953125 0.0125 0.0125
0 0.330859375 0.7166666671875 0.33203125 0.70694444375 0.321484375 0.70694444375 0.31796875 0.7166666671875 0.330859375 0.7166666671875