4 0.03515625 0.41328125 0.0703125 0.1046875
4 0.15 0.428125 0.1046875 0.10625
2 0.75859375 0.2140625 0.1078125 0.05625
2 0.24375 0.21015625 0.1046875 0.0671875
4 0.0796875 0.33046875 0.0859375 0.0890625
3 0.915625 0.3234375 0.0890625 0.0796875
1 0.35078125 0.48984375 0.028125 0.01875
3 0.15234375 0.3296875 0.096875 0.0921875
4 0.31171875 0.86484375 0.0875 0.0921875
1 0.384375 0.50078125 0.028125 0.0203125
1 0.6484375 0.5203125 0.028125 0.021875
1 0.04375 0.528125 0.0296875 0.021875
1 0.84375 0.39921875 0.025 0.0171875
1 0.6171875 0.359375 0.025 0.0171875
1 0.39453125 0.32734375 0.025 0.015625
1 0.54765625 0.43359375 0.025 0.01875
1 0.71640625 0.51640625 0.028125 0.021875
1 0.6703125 0.5359375 0.028125 0.021875
1 0.50234375 0.43984375 0.0265625 0.0171875
1 0.93203125 0.5078125 0.028125 0.0203125
1 0.340625 0.375 0.0265625 0.015625
1 0.28828125 0.4984375 0.028125 0.01875
0 0.16484375 0.02109375 0.028125 0.0203125
0 0.17734375 0.075 0.028125 0.0171875
1 0.55390625 0.559375 0.028125 0.0234375
1 0.31953125 0.54921875 0.028125 0.021875
1 0.43984375 0.4546875 0.0265625 0.01875
1 0.69375 0.38515625 0.025 0.0171875
1 0.33125 0.4953125 0.028125 0.0203125
1 0.6078125 0.46015625 0.0265625 0.0203125
1 0.4421875 0.5 0.028125 0.021875
1 0.40625 0.45625 0.0265625 0.0203125
0 0.07109375 0.1953125 0.028125 0.0203125
1 0.88671875 0.40390625 0.0265625 0.0171875
1 0.40625 0.43046875 0.0265625 0.0171875
1 0.62421875 0.41953125 0.025 0.0171875
1 0.63046875 0.38828125 0.025 0.0171875
0 0.06171875 0.15703125 0.0296875 0.0234375
1 0.76484375 0.896875 0.025 0.0171875
1 0.72734375 0.90546875 0.0265625 0.01875
1 0.934375 0.40546875 0.0265625 0.0171875
1 0.26015625 0.45390625 0.025 0.0171875
1 0.2953125 0.43203125 0.0265625 0.01875
1 0.4953125 0.390625 0.025 0.015625
3 0.85859375 0.865625 0.0703125 0.06875
1 0.08203125 0.56796875 0.028125 0.021875
1 0.28359375 0.57734375 0.028125 0.0234375
1 0.9671875 0.42421875 0.0265625 0.0171875
1 0.2546875 0.4375 0.025 0.015625
1 0.4703125 0.39609375 0.025 0.0171875
0 0.1703125 0.05 0.028125 0.01875
1 0.7015625 0.8875 0.0265625 0.015625
1 0.64765625 0.8921875 0.028125 0.015625
0 0.18359375 0.02265625 0.0265625 0.0171875
0 0.059375 0.23046875 0.028125 0.0171875
1 0.3421875 0.3 0.025 0.0140625
1 0.41953125 0.34765625 0.025 0.015625
1 0.10078125 0.3734375 0.025 0.015625
1 0.4265625 0.43828125 0.0265625 0.0171875
1 0.98671875 0.528125 0.0265625 0.021875
1 0.68671875 0.88515625 0.025 0.015625
1 0.065625 0.396875 0.0265625 0.015625
1 0.3546875 0.3015625 0.0234375 0.0140625
0 0.22421875 0.0359375 0.028125 0.021875
1 0.33125 0.415625 0.0265625 0.015625
1 0.3734375 0.32734375 0.0234375 0.0140625
1 0.346875 0.5203125 0.028125 0.0203125
1 0.44140625 0.36640625 0.0265625 0.0171875
1 0.38046875 0.4125 0.0265625 0.0171875
1 0.3609375 0.3765625 0.025 0.0171875
1 0.35703125 0.3984375 0.025 0.015625
0 0.2140625 0.009375 0.028125 0.01875
0 0.1828125 0.11015625 0.028125 0.01875
0 0.80703125 0.72265625 0.0265625 0.0203125
0 0.8765625 0.05703125 0.0265625 0.01875
1 0.334375 0.565625 0.028125 0.0234375
1 0.57265625 0.33984375 0.025 0.015625
0 0.1984375 0.07109375 0.0265625 0.01875
1 0.50859375 0.89375 0.0234375 0.0125
1 0.4390625 0.38984375 0.0265625 0.015625
1 0.71328125 0.46015625 0.0265625 0.0203125
1 0.6859375 0.90078125 0.0265625 0.01875
1 0.53984375 0.371875 0.025 0.0171875
1 0.4078125 0.3328125 0.025 0.015625
1 0.4078125 0.290625 0.0234375 0.0125
0 0.17578125 0.09609375 0.0265625 0.01875
1 0.48828125 0.3234375 0.025 0.015625
0 0.89921875 0.1375 0.0265625 0.0171875
1 0.35078125 0.32109375 0.025 0.0140625
1 0.846875 0.3125 0.0234375 0.0140625
1 0.4859375 0.37890625 0.025 0.0140625
0 0.190625 0.0515625 0.0265625 0.0171875
0 0.10703125 0.125 0.028125 0.0203125
1 0.65 0.2921875 0.0234375 0.0140625
1 0.94609375 0.41328125 0.0265625 0.015625
1 0.60859375 0.26796875 0.0234375 0.0125
1 0.32578125 0.290625 0.025 0.015625
0 0.20234375 0.70703125 0.0296875 0.025
1 0.878125 0.371875 0.0265625 0.015625
1 0.48828125 0.29375 0.0234375 0.015625
0 0.3140625 0.77109375 0.028125 0.021875
1 0.378125 0.28671875 0.025 0.0140625
1 0.63671875 0.27890625 0.021875 0.0125
1 0.11328125 0.37890625 0.025 0.015625
1 0.553125 0.35 0.0265625 0.01875
0 0.13984375 0.0203125 0.03125 0.028125
1 0.45234375 0.36953125 0.0265625 0.015625
0 0.08828125 0.16015625 0.028125 0.0171875
1 0.80546875 0.88203125 0.0234375 0.0140625
1 0.97734375 0.35078125 0.025 0.0140625
1 0.85 0.3 0.0234375 0.0125
1 0.571875 0.2578125 0.0234375 0.0125
0 0.30234375 0.709375 0.025 0.01875
1 0.453125 0.38671875 0.025 0.015625
1 0.80078125 0.92109375 0.0296875 0.0234375
1 0.46953125 0.3671875 0.025 0.0140625
0 0.33671875 0.70625 0.0265625 0.0171875
1 0.77578125 0.8765625 0.021875 0.0109375
0 0.81640625 0.75859375 0.025 0.01875
1 0.7875 0.9140625 0.0328125 0.021875
0 0.1671875 0.8046875 0.0296875 0.025
1 0.509375 0.88359375 0.0234375 0.0109375
1 0.94140625 0.98125 0.0359375 0.0375
0 0.12265625 0.22578125 0.028125 0.0203125
0 0.17578125 0.00390625 0.0265625 0.0078125
0 0.1296875 0.10390625 0.028125 0.01875
0 0.15625 0.0890625 0.028125 0.01875
1 0.6328125 0.26171875 0.0234375 0.0125
0 0.21328125 0.04765625 0.025 0.0109375
1 0.3203125 0.40703125 0.0265625 0.0171875
1 0.3875 0.3921875 0.025 0.015625
1 0.30703125 0.42109375 0.0265625 0.015625
1 0.41875 0.30703125 0.025 0.015625
1 0.92890625 0.9421875 0.0296875 0.028125
1 0.2859375 0.48671875 0.0265625 0.0140625
1 0.43046875 0.33515625 0.0265625 0.0140625
1 0.859375 0.26953125 0.0234375 0.0125
1 0.8859375 0.3 0.0234375 0.0125
0 0.3203125 0.7203125 0.025 0.0171875
1 0.3296875 0.31953125 0.0265625 0.015625
1 0.653125 0.31640625 0.025 0.0140625
0 0.26953125 0.21171875 0.0265625 0.015625
1 0.459375 0.2578125 0.0234375 0.0125
1 0.9578125 0.33671875 0.025 0.0140625
1 0.3296875 0.3421875 0.025 0.0125
0 0.90546875 0.121875 0.0265625 0.0171875
1 0.41171875 0.30546875 0.025 0.015625
1 0.54140625 0.884375 0.0234375 0.0125
0 0.14140625 0.0953125 0.028125 0.0203125
0 0.0953125 0.14609375 0.0296875 0.01875
1 0.3890625 0.2734375 0.0234375 0.0125
1 0.90859375 0.89296875 0.025 0.0171875
1 0.1296875 0.38125 0.025 0.0140625
1 0.4125 0.8703125 0.0234375 0.0109375
1 0.29765625 0.41171875 0.0265625 0.0171875
1 0.33203125 0.3734375 0.025 0.0171875
1 0.4734375 0.353125 0.025 0.0125
1 0.3171875 0.38828125 0.0265625 0.0171875
0 0.875 0.03359375 0.0296875 0.0203125
1 0.71015625 0.38515625 0.0234375 0.0140625
1 0.3625 0.81328125 0.028125 0.021875
1 0.78828125 0.87421875 0.021875 0.0109375
1 0.0625 0.384375 0.025 0.0125
1 0.48203125 0.25625 0.025 0.0125
1 0.30703125 0.3859375 0.025 0.0171875
1 0.0359375 0.31484375 0.0265625 0.01875
1 0.603125 0.259375 0.025 0.0109375
1 0.33828125 0.3546875 0.0234375 0.0125
1 0.8765625 0.27109375 0.0234375 0.0140625
1 0.625 0.98984375 0.0328125 0.0203125
1 0.03125 0.359375 0.0265625 0.0140625
1 0.16171875 0.2671875 0.0265625 0.0125
1 0.33125 0.4 0.0265625 0.0109375
1 0.65234375 0.86171875 0.021875 0.0109375
1 0.95546875 0.4140625 0.0265625 0.015625
1 0.06015625 0.3734375 0.025 0.0125
1 0.04375 0.359375 0.025 0.0109375
1 0.0984375 0.8203125 0.0296875 0.0171875
1 0.16171875 0.253125 0.028125 0.015625
1 0.12109375 0.38046875 0.0265625 0.0171875