4 0.6515625 0.290625 0.0984375 0.0921875
3 0.8421875 0.8546875 0.0921875 0.0703125
3 0.84375 0.30625 0.0921875 0.0828125
1 0.703125 0.42890625 0.0421875 0.028125
4 0.784375 0.8421875 0.0796875 0.0609375
2 0.24921875 0.21015625 0.1234375 0.0640625
0 0.7453125 0.2265625 0.0390625 0.0234375
2 0.76171875 0.21484375 0.1203125 0.075
1 0.290625 0.41875 0.0421875 0.0265625
1 0.61640625 0.3296875 0.0421875 0.0265625
1 0.02578125 0.43203125 0.04375 0.0296875
1 0.49140625 0.30546875 0.040625 0.025
1 0.2890625 0.43515625 0.0421875 0.028125
1 0.44609375 0.41953125 0.0421875 0.0296875
1 0.8734375 0.88203125 0.0390625 0.025
1 0.27109375 0.5421875 0.0453125 0.0296875
1 0.60625 0.86953125 0.040625 0.0234375
1 0.48671875 0.37734375 0.0421875 0.0265625
1 0.29296875 0.54140625 0.0453125 0.034375
0 0.76171875 0.16953125 0.0421875 0.028125
1 0.41875 0.28984375 0.0390625 0.0203125
1 0.05625 0.390625 0.0421875 0.0265625
1 0.1078125 0.35546875 0.0421875 0.0265625
1 0.62890625 0.33359375 0.0421875 0.025
1 0.0296875 0.36953125 0.0421875 0.0265625
1 0.4234375 0.334375 0.0390625 0.028125
1 0.05390625 0.4234375 0.0453125 0.028125
1 0.09140625 0.31875 0.0421875 0.0234375
1 0.68203125 0.3671875 0.0421875 0.0265625
1 0.30703125 0.4984375 0.0453125 0.0296875
1 0.225 0.91875 0.0453125 0.0328125
0 0.74453125 0.1890625 0.0390625 0.0234375
1 0.4046875 0.26640625 0.040625 0.0234375
1 0.4421875 0.346875 0.040625 0.0265625
1 0.071875 0.3375 0.040625 0.025
1 0.40859375 0.3 0.0390625 0.025
1 0.38359375 0.259375 0.0390625 0.0203125
1 0.39375 0.37734375 0.0421875 0.028125
1 0.4046875 0.4359375 0.04375 0.0296875