4 0.3703125 0.33515625 0.1015625 0.0921875
2 0.215625 0.234375 0.115625 0.0703125
4 0.30078125 0.52734375 0.1390625 0.14375
1 0.05 0.42890625 0.0390625 0.0234375
1 0.128125 0.43828125 0.0375 0.0234375
1 0.0265625 0.4640625 0.0390625 0.025
1 0.8765625 0.4125 0.0375 0.0234375
1 0.51171875 0.42890625 0.0375 0.0234375
1 0.46875 0.58671875 0.040625 0.028125
1 0.75703125 0.5609375 0.040625 0.03125
1 0.43984375 0.42265625 0.0375 0.0234375
1 0.19921875 0.8984375 0.0390625 0.025
1 0.43515625 0.56171875 0.040625 0.0296875
1 0.3875 0.4546875 0.0390625 0.0265625
1 0.96484375 0.446875 0.0390625 0.025
1 0.51953125 0.5765625 0.0421875 0.03125
2 0.7359375 0.2125 0.1203125 0.0640625
1 0.45703125 0.39609375 0.0375 0.0234375
1 0.321875 0.60234375 0.040625 0.0234375
3 0.91171875 0.34453125 0.090625 0.08125
1 0.64921875 0.50703125 0.0390625 0.028125
1 0.92109375 0.4328125 0.0390625 0.025
1 0.4078125 0.565625 0.040625 0.0296875
1 0.47109375 0.55 0.040625 0.0265625
1 0.49765625 0.5546875 0.0390625 0.028125
1 0.40546875 0.4453125 0.0375 0.0234375
0 0.8375 0.12421875 0.0375 0.0234375
1 0.096875 0.91484375 0.0390625 0.028125
1 0.39375 0.55078125 0.0375 0.025
1 0.8625 0.3609375 0.0359375 0.021875
1 0.2359375 0.9109375 0.040625 0.0296875
1 0.31875 0.41640625 0.0375 0.021875
1 0.15078125 0.91328125 0.040625 0.028125
1 0.140625 0.39140625 0.0359375 0.0234375
1 0.96171875 0.546875 0.0390625 0.028125
1 0.7125 0.47578125 0.0390625 0.0265625
1 0.14453125 0.32578125 0.034375 0.0203125
1 0.67109375 0.46875 0.0390625 0.025
1 0.45859375 0.33125 0.034375 0.0203125
1 0.62265625 0.42109375 0.0390625 0.0234375
0 0.73828125 0.15859375 0.0375 0.0234375
1 0.63359375 0.47734375 0.0375 0.0265625
1 0.1109375 0.8984375 0.0375 0.021875
1 0.609375 0.871875 0.0375 0.0234375
1 0.72578125 0.50625 0.0390625 0.0265625
1 0.94375 0.43359375 0.0375 0.0234375
1 0.55078125 0.43984375 0.0375 0.025
1 0.790625 0.38671875 0.0359375 0.021875
4 0.309375 0.29921875 0.084375 0.0703125
4 0.77734375 0.890625 0.1703125 0.16875
1 0.80625 0.365625 0.0359375 0.021875
1 0.00703125 0.4109375 0.0140625 0.021875
0 0.8734375 0.17578125 0.0390625 0.025
0 0.81484375 0.1125 0.0375 0.021875
1 0.60703125 0.4125 0.0375 0.0234375
1 0.74296875 0.5265625 0.0390625 0.025
1 0.34765625 0.42265625 0.0375 0.0234375
1 0.115625 0.321875 0.0359375 0.0203125
1 0.428125 0.540625 0.0390625 0.028125
1 0.50625 0.384375 0.0375 0.0234375
1 0.2875 0.86328125 0.034375 0.0203125
1 0.88828125 0.375 0.0375 0.021875
1 0.93984375 0.9109375 0.0453125 0.0390625
1 0.38203125 0.378125 0.0375 0.021875
1 0.28671875 0.4296875 0.0359375 0.025
1 0.3828125 0.5609375 0.034375 0.0171875
0 0.82109375 0.68671875 0.0390625 0.025
0 0.88828125 0.23828125 0.0375 0.021875
1 0.69375 0.43125 0.0359375 0.0203125
1 0.5578125 0.46171875 0.034375 0.021875
1 0.1625 0.3328125 0.034375 0.0203125
0 0.7109375 0.20390625 0.0375 0.0234375
1 0.0890625 0.3234375 0.0359375 0.01875
1 0.07578125 0.340625 0.0359375 0.0203125
0 0.8046875 0.1 0.0390625 0.025
1 0.64140625 0.41953125 0.0375 0.025
1 0.3453125 0.4 0.0390625 0.021875
1 0.87421875 0.36640625 0.0359375 0.0203125
1 0.45234375 0.8453125 0.034375 0.01875
1 0.2390625 0.87890625 0.0359375 0.021875
1 0.984375 0.45703125 0.03125 0.0234375
4 0.5703125 0.8125 0.0625 0.0390625
1 0.30703125 0.8859375 0.0390625 0.025
1 0.315625 0.38046875 0.0359375 0.0203125
1 0.296875 0.384375 0.0375 0.0234375
1 0.3390625 0.4140625 0.034375 0.021875
1 0.69609375 0.44375 0.0375 0.01875
1 0.66328125 0.4359375 0.0375 0.021875
1 0.6125 0.35859375 0.0359375 0.0203125
1 0.934375 0.4109375 0.0375 0.021875
1 0.503125 0.30390625 0.0359375 0.01875
1 0.29609375 0.41875 0.0375 0.0203125
1 0.69453125 0.46796875 0.0375 0.0203125
1 0.10078125 0.32265625 0.034375 0.0203125
1 0.6984375 0.41484375 0.0375 0.0234375
1 0.91875 0.86875 0.0390625 0.0265625
1 0.64140625 0.346875 0.0359375 0.0203125
1 0.68046875 0.4328125 0.0359375 0.0203125
1 0.365625 0.39140625 0.0390625 0.025
0 0.76171875 0.11015625 0.0375 0.021875
1 0.8421875 0.3015625 0.0359375 0.0203125
1 0.83046875 0.29140625 0.034375 0.01875
1 0.625 0.38828125 0.0359375 0.0203125
1 0.42890625 0.65 0.0375 0.01875
1 0.625 0.34921875 0.0390625 0.021875
1 0.60390625 0.39140625 0.034375 0.0203125
1 0.559375 0.44296875 0.0375 0.021875
1 0.33046875 0.334375 0.034375 0.01875
1 0.49296875 0.35234375 0.0390625 0.021875
1 0.5796875 0.290625 0.0359375 0.01875
1 0.178125 0.8640625 0.034375 0.01875
1 0.2953125 0.43359375 0.0390625 0.025
1 0.625 0.33359375 0.0359375 0.01875
1 0.51328125 0.33671875 0.0359375 0.0203125
1 0.35234375 0.38203125 0.0359375 0.0203125
1 0.92578125 0.396875 0.0359375 0.021875
1 0.54765625 0.29296875 0.0328125 0.0171875
1 0.440625 0.30546875 0.0375 0.01875
1 0.271875 0.86484375 0.0359375 0.01875
1 0.41015625 0.30234375 0.034375 0.0203125
1 0.875 0.31171875 0.0359375 0.0203125
1 0.90234375 0.37734375 0.0375 0.021875
1 0.48359375 0.29609375 0.034375 0.01875
1 0.715625 0.51796875 0.0375 0.021875
1 0.684375 0.471875 0.0390625 0.0234375
1 0.6140625 0.33125 0.0375 0.0234375
1 0.64296875 0.36484375 0.0375 0.01875
1 0.309375 0.40625 0.0375 0.01875
3 0.88125 0.8703125 0.0953125 0.0953125
1 0.19140625 0.85859375 0.0359375 0.0171875
1 0.64375 0.39921875 0.0359375 0.01875
1 0.3015625 0.36640625 0.0359375 0.0171875
1 0.6234375 0.375 0.0359375 0.0171875
1 0.47265625 0.83203125 0.0328125 0.0171875
1 0.24453125 0.85390625 0.0359375 0.015625
1 0.859375 0.3015625 0.0359375 0.0203125
1 0.12265625 0.86640625 0.034375 0.01875
1 0.98359375 0.56484375 0.0328125 0.0171875
1 0.49921875 0.83828125 0.034375 0.01875
1 0.46796875 0.30078125 0.0359375 0.01875
1 0.640625 0.33359375 0.034375 0.0171875
1 0.3171875 0.36640625 0.0359375 0.0171875
1 0.328125 0.8578125 0.0375 0.0203125
1 0.3984375 0.303125 0.034375 0.01875
1 0.678125 0.41875 0.0375 0.0203125
1 0.29765625 0.396875 0.0359375 0.0171875
1 0.85390625 0.97734375 0.0453125 0.0171875
1 0.56171875 0.29609375 0.0359375 0.01875
1 0.65390625 0.4078125 0.0375 0.01875
1 0.65390625 0.43203125 0.0375 0.0234375
1 0.91796875 0.3859375 0.0390625 0.0234375
1 0.61484375 0.38203125 0.0359375 0.01875
1 0.675 0.453125 0.0390625 0.0203125
1 0.26484375 0.85078125 0.0359375 0.0171875
1 0.45078125 0.8296875 0.0328125 0.015625
1 0.6484375 0.39140625 0.0359375 0.0203125
1 0.74609375 0.50625 0.0375 0.0234375
1 0.4578125 0.82109375 0.03125 0.0140625
1 0.9625 0.40078125 0.0390625 0.0234375