2 0.75859375 0.21015625 0.0984375 0.0671875
4 0.56640625 0.38125 0.0953125 0.0984375
3 0.10859375 0.27734375 0.071875 0.0671875
1 0.8953125 0.5359375 0.0234375 0.0203125
1 0.38515625 0.58203125 0.0234375 0.021875
4 0.6078125 0.3109375 0.0703125 0.0859375
1 0.32109375 0.39921875 0.01875 0.0171875
1 0.8703125 0.4015625 0.0203125 0.0171875
1 0.13125 0.390625 0.0203125 0.0171875
3 0.19765625 0.91328125 0.140625 0.13125
1 0.79296875 0.6046875 0.0234375 0.0234375
1 0.81171875 0.56953125 0.0234375 0.0234375
1 0.484375 0.4046875 0.01875 0.0171875
1 0.715625 0.4609375 0.0203125 0.0171875
0 0.21796875 0.19296875 0.021875 0.0203125
1 0.74609375 0.5015625 0.0203125 0.0203125
1 0.071875 0.4640625 0.0203125 0.0171875
1 0.35390625 0.56484375 0.0234375 0.021875
1 0.33515625 0.9046875 0.0203125 0.0171875
1 0.4421875 0.6078125 0.0234375 0.025
3 0.79140625 0.8484375 0.071875 0.0625
1 0.853125 0.4328125 0.0203125 0.0171875
0 0.225 0.1625 0.0203125 0.01875
1 0.9453125 0.41640625 0.0203125 0.01875
1 0.32734375 0.43671875 0.0203125 0.01875
1 0.92421875 0.4421875 0.0203125 0.0171875
1 0.37421875 0.4734375 0.0203125 0.0203125
3 0.0203125 0.4328125 0.040625 0.1
1 0.65390625 0.4203125 0.01875 0.0171875
1 0.934375 0.4859375 0.0203125 0.0171875
1 0.56640625 0.45546875 0.0203125 0.01875
1 0.3953125 0.390625 0.01875 0.015625
1 0.45625 0.3828125 0.01875 0.0171875
1 0.71875 0.5125 0.021875 0.0203125
1 0.44453125 0.334375 0.01875 0.015625
1 0.703125 0.49140625 0.021875 0.0203125
1 0.66640625 0.52421875 0.021875 0.0203125
1 0.928125 0.4203125 0.0203125 0.0171875
1 0.66015625 0.446875 0.0203125 0.01875
1 0.8796875 0.475 0.01875 0.0171875
1 0.95546875 0.478125 0.021875 0.01875
1 0.72578125 0.61484375 0.0234375 0.01875
1 0.75546875 0.56640625 0.0234375 0.021875
1 0.89921875 0.43515625 0.0203125 0.0171875
1 0.67578125 0.36796875 0.0171875 0.015625
1 0.14296875 0.34609375 0.01875 0.0140625
1 0.72109375 0.48984375 0.021875 0.015625
1 0.1109375 0.4078125 0.0203125 0.0171875
1 0.071875 0.415625 0.0203125 0.0171875
1 0.165625 0.35234375 0.01875 0.015625
1 0.15546875 0.4125 0.01875 0.015625
1 0.84375 0.4890625 0.01875 0.015625
1 0.684375 0.46015625 0.0203125 0.01875
1 0.18046875 0.2625 0.021875 0.01875
1 0.43515625 0.415625 0.0203125 0.0171875
1 0.8390625 0.3390625 0.01875 0.015625
1 0.43984375 0.38046875 0.01875 0.015625
1 0.28828125 0.45546875 0.0203125 0.0171875
1 0.86328125 0.9453125 0.025 0.0296875
1 0.30703125 0.35625 0.0203125 0.015625
1 0.7390625 0.54765625 0.021875 0.01875
1 0.69375 0.61796875 0.021875 0.0171875
0 0.19765625 0.13828125 0.0203125 0.0171875
0 0.2 0.15859375 0.021875 0.01875
1 0.8140625 0.425 0.0203125 0.0171875
1 0.1015625 0.3359375 0.01875 0.0140625
1 0.6265625 0.4296875 0.01875 0.0171875
1 0.81171875 0.903125 0.021875 0.0203125
1 0.89765625 0.51328125 0.021875 0.01875
1 0.06875 0.35234375 0.01875 0.015625
1 0.92421875 0.4609375 0.0203125 0.0171875
1 0.0453125 0.4234375 0.0203125 0.015625
1 0.11328125 0.35 0.01875 0.015625
1 0.840625 0.9015625 0.021875 0.01875
1 0.50625 0.38046875 0.0203125 0.015625
1 0.98828125 0.4515625 0.0234375 0.01875
1 0.61640625 0.89609375 0.0203125 0.015625
1 0.63203125 0.35625 0.0203125 0.015625
1 0.765625 0.88984375 0.0203125 0.015625
1 0.3578125 0.35703125 0.0203125 0.015625
1 0.8765625 0.9203125 0.0234375 0.0234375
1 0.8125 0.3390625 0.01875 0.015625
1 0.93046875 0.38515625 0.01875 0.015625
1 0.31015625 0.90234375 0.0203125 0.0171875
1 0.8390625 0.434375 0.0203125 0.0171875
1 0.38828125 0.36796875 0.01875 0.0140625
1 0.14296875 0.29140625 0.01875 0.0140625
1 0.08671875 0.97890625 0.028125 0.0296875
1 0.44609375 0.40859375 0.0203125 0.0171875
1 0.4609375 0.4109375 0.0203125 0.0171875
1 0.73359375 0.490625 0.021875 0.0140625
1 0.14609375 0.65390625 0.021875 0.0140625
1 0.89765625 0.91328125 0.021875 0.0234375
1 0.11796875 0.96328125 0.0265625 0.03125
1 0.13125 0.3265625 0.01875 0.0125
1 0.84140625 0.27421875 0.0171875 0.0125
1 0.61171875 0.3984375 0.01875 0.015625
1 0.66484375 0.38125 0.01875 0.0171875
1 0.5125 0.40390625 0.01875 0.015625
1 0.728125 0.47734375 0.01875 0.0140625
1 0.89453125 0.334375 0.0203125 0.0171875
1 0.70546875 0.89453125 0.0203125 0.01875
1 0.1453125 0.3046875 0.01875 0.0140625
1 0.353125 0.3796875 0.01875 0.01875
1 0.66953125 0.32265625 0.0171875 0.015625
1 0.33828125 0.325 0.01875 0.015625
1 0.08671875 0.546875 0.021875 0.021875
1 0.50546875 0.2796875 0.0171875 0.0125
1 0.65 0.37109375 0.01875 0.015625
0 0.4578125 0.76796875 0.01875 0.01875
1 0.76484375 0.9125 0.0234375 0.021875
1 0.64609375 0.340625 0.01875 0.0140625
1 0.61796875 0.36875 0.01875 0.015625
1 0.91484375 0.503125 0.021875 0.0203125
1 0.8078125 0.40078125 0.01875 0.015625
1 0.3390625 0.37109375 0.01875 0.0140625
1 0.6171875 0.43359375 0.0203125 0.0171875
0 0.26328125 0.2109375 0.01875 0.0171875
1 0.0625 0.4046875 0.0203125 0.015625
1 0.73828125 0.53046875 0.021875 0.015625
1 0.74765625 0.90390625 0.0203125 0.01875
1 0.4390625 0.275 0.0171875 0.0140625
0 0.21640625 0.14140625 0.021875 0.0203125
1 0.65703125 0.303125 0.01875 0.0140625
1 0.86796875 0.290625 0.01875 0.0140625
1 0.14921875 0.4 0.0203125 0.0140625
1 0.56015625 0.321875 0.01875 0.0140625
1 0.37265625 0.3609375 0.01875 0.0171875
1 0.425 0.3671875 0.0203125 0.015625
1 0.834375 0.94296875 0.025 0.028125
1 0.503125 0.40234375 0.01875 0.015625
1 0.65703125 0.275 0.01875 0.0140625
1 0.940625 0.3875 0.01875 0.015625
1 0.090625 0.41640625 0.021875 0.0171875
1 0.35078125 0.271875 0.0171875 0.0125
0 0.790625 0.80078125 0.01875 0.0140625
1 0.315625 0.33671875 0.0171875 0.0140625
0 0.77265625 0.78828125 0.0203125 0.01875
0 0.2703125 0.18359375 0.0203125 0.0171875
1 0.06484375 0.39140625 0.01875 0.0125
1 0.36875 0.30859375 0.0171875 0.0125
1 0.18671875 0.31015625 0.015625 0.0125
1 0.74765625 0.93046875 0.0234375 0.025
1 0.85390625 0.46484375 0.01875 0.0109375
1 0.32734375 0.32421875 0.0171875 0.0140625
0 0.22578125 0.27109375 0.01875 0.015625
1 0.99375 0.43515625 0.0125 0.0140625
1 0.328125 0.340625 0.01875 0.015625
1 0.3921875 0.35 0.01875 0.0140625
1 0.90625 0.3109375 0.0203125 0.0140625
1 0.71328125 0.875 0.025 0.0171875
1 0.665625 0.9 0.01875 0.0125
1 0.9328125 0.3328125 0.01875 0.015625
1 0.33203125 0.88515625 0.0203125 0.0140625
1 0.63984375 0.89921875 0.0203125 0.0140625
0 0.8234375 0.771875 0.021875 0.0234375
0 0.45078125 0.72578125 0.021875 0.0203125
1 0.65234375 0.33203125 0.0171875 0.0125
1 0.7546875 0.5515625 0.021875 0.0140625
1 0.8765625 0.31875 0.01875 0.015625
1 0.29921875 0.29296875 0.0171875 0.0140625
1 0.29609375 0.321875 0.0203125 0.015625
1 0.9296875 0.30859375 0.01875 0.015625
1 0.84375 0.29375 0.0203125 0.0140625
1 0.26328125 0.890625 0.01875 0.015625
1 0.36484375 0.28203125 0.0171875 0.0125
1 0.0328125 0.39296875 0.01875 0.0171875
1 0.64609375 0.3046875 0.01875 0.015625
1 0.05 0.359375 0.01875 0.015625
1 0.39765625 0.3421875 0.01875 0.0140625
1 0.95703125 0.37734375 0.0203125 0.0171875
0 0.178125 0.065625 0.021875 0.0203125
3 0.5703125 0.8375 0.0546875 0.0546875
1 0.8015625 0.4203125 0.0203125 0.0171875
1 0.37421875 0.27578125 0.0171875 0.0125
0 0.840625 0.82578125 0.0203125 0.0171875
1 0.5015625 0.26640625 0.0171875 0.0125
1 0.78515625 0.875 0.0171875 0.0140625
1 0.6859375 0.89296875 0.0203125 0.01875
1 0.890625 0.30859375 0.01875 0.0125
1 0.86328125 0.89296875 0.025 0.01875
1 0.09609375 0.303125 0.0171875 0.0140625
1 0.2859375 0.878125 0.0171875 0.0125
1 0.3625 0.321875 0.01875 0.0140625
1 0.1234375 0.315625 0.0171875 0.0140625
1 0.29453125 0.44609375 0.01875 0.015625
1 0.33046875 0.36328125 0.01875 0.015625
1 0.01640625 0.6171875 0.0203125 0.0125
1 0.86796875 0.98203125 0.0296875 0.0234375
0 0.0109375 0.24453125 0.0203125 0.01875
1 0.26796875 0.91953125 0.0203125 0.0171875
1 0.65234375 0.9859375 0.0265625 0.021875
1 0.90546875 0.3390625 0.021875 0.015625
0 0.0171875 0.29453125 0.021875 0.01875
0 0.8234375 0.796875 0.0203125 0.0171875
0 0.11875 0.0765625 0.021875 0.0203125
0 0.80859375 0.7828125 0.021875 0.0171875
1 0.921875 0.334375 0.0203125 0.015625
0 0.32578125 0.1765625 0.01875 0.015625
1 0.94609375 0.36640625 0.0203125 0.015625
1 0.58984375 0.8640625 0.01875 0.0140625
1 0.06875 0.95234375 0.0234375 0.021875
0 0.11875 0.0578125 0.021875 0.01875
0 0.4296875 0.715625 0.0203125 0.0203125
1 0.67890625 0.8859375 0.0203125 0.0171875
0 0.4 0.00859375 0.01875 0.0140625
1 0.075 0.32265625 0.01875 0.0140625
1 0.7375 0.50703125 0.0203125 0.015625
0 0.75234375 0.78515625 0.0203125 0.0171875
1 0.37421875 0.328125 0.01875 0.0140625
0 0.0671875 0.1953125 0.0203125 0.0171875
1 0.8640625 0.27109375 0.0171875 0.0125
1 0.34921875 0.86796875 0.015625 0.009375
1 0.57578125 0.87265625 0.0171875 0.009375
0 0.25625 0.22421875 0.0171875 0.0125
1 0.890625 0.2734375 0.01875 0.0140625
0 0.09453125 0.0375 0.0234375 0.021875
1 0.12421875 0.9359375 0.021875 0.0203125
0 0.40625 0.71484375 0.0171875 0.015625
0 0.06640625 0.02109375 0.0234375 0.0203125
1 0.60546875 0.85390625 0.0203125 0.0125
1 0.05625 0.325 0.0203125 0.015625
1 0.90546875 0.8875 0.0203125 0.015625
1 0.834375 0.9203125 0.0234375 0.0140625
1 0.65390625 0.89921875 0.0203125 0.0140625
1 0.9328125 0.47109375 0.0203125 0.0140625
0 0.02265625 0.01484375 0.021875 0.0125
1 0.99375 0.421875 0.0125 0.0125
1 0.915625 0.29140625 0.01875 0.01875
0 0.16328125 0.11171875 0.0203125 0.015625
1 0.29609375 0.8796875 0.0171875 0.0125
1 0.6171875 0.2578125 0.0171875 0.0125
0 0.8609375 0.796875 0.025 0.015625
1 0.659375 0.25625 0.0171875 0.0109375
1 0.37421875 0.259375 0.0171875 0.0125
1 0.94765625 0.31171875 0.0203125 0.015625
0 0.15625 0.0625 0.0203125 0.015625
1 0.06953125 0.309375 0.01875 0.0140625
0 0.8140625 0.215625 0.01875 0.0140625
1 0.59609375 0.2578125 0.01875 0.0125
1 0.05 0.3484375 0.01875 0.0125
1 0.70234375 0.878125 0.021875 0.0171875
0 0.18515625 0.18984375 0.0171875 0.0125
1 0.2671875 0.8515625 0.0171875 0.0171875
1 0.859375 0.64140625 0.0203125 0.0109375
1 0.9125 0.63984375 0.0203125 0.0109375