3 0.61484375 0.3140625 0.065625 0.07578125
2 0.7703125 0.21953125 0.09140625 0.059375
4 0.32734375 0.86328125 0.08828125 0.10078125
4 0.4875 0.28515625 0.053125 0.0734375
3 0.73671875 0.8328125 0.059375 0.0703125
1 0.74140625 0.48203125 0.0109375 0.01875
1 0.95390625 0.46640625 0.0125 0.01953125
1 0.8421875 0.4453125 0.01015625 0.015625
4 0.06484375 0.46640625 0.06953125 0.1
1 0.8953125 0.35625 0.009375 0.015625
1 0.878125 0.42109375 0.01015625 0.0171875
1 0.50859375 0.41796875 0.009375 0.015625
1 0.30859375 0.44453125 0.0109375 0.01640625
1 0.78984375 0.43515625 0.01015625 0.01796875
1 0.453125 0.43203125 0.009375 0.0171875
1 0.546875 0.37109375 0.00859375 0.01484375
0 0.51015625 0.17890625 0.009375 0.015625
1 0.0546875 0.56328125 0.0140625 0.021875
1 0.7421875 0.45546875 0.01015625 0.01796875
1 0.0421875 0.41953125 0.009375 0.015625
1 0.515625 0.4453125 0.009375 0.01796875
1 0.27890625 0.4515625 0.0109375 0.0171875
1 0.07578125 0.53671875 0.01171875 0.0203125
1 0.1703125 0.64453125 0.01328125 0.015625
2 0.24609375 0.22734375 0.090625 0.0453125
1 0.878125 0.89921875 0.0125 0.02109375
1 0.45390625 0.48671875 0.01015625 0.01953125
1 0.70859375 0.8984375 0.0140625 0.01953125
1 0.09375 0.5046875 0.009375 0.01875
1 0.54453125 0.42734375 0.0109375 0.0171875
1 0.57265625 0.88828125 0.0109375 0.02421875
3 0.1484375 0.465625 0.096875 0.1140625
1 0.7 0.88515625 0.01015625 0.01875
1 0.721875 0.8765625 0.0109375 0.01953125
1 0.55703125 0.44765625 0.01015625 0.01796875
1 0.7578125 0.509375 0.0125 0.0203125
1 0.05546875 0.53671875 0.0125 0.02109375
1 0.4234375 0.90078125 0.01328125 0.01640625
1 0.4859375 0.440625 0.0109375 0.0203125
1 0.4015625 0.53046875 0.0125 0.02109375
1 0.5484375 0.4609375 0.01171875 0.01796875
0 0.4953125 0.22421875 0.00859375 0.015625
1 0.778125 0.50546875 0.0125 0.02109375
1 0.6453125 0.8734375 0.01171875 0.02421875
1 0.6 0.85078125 0.009375 0.01640625
3 0.4046875 0.859375 0.0890625 0.09765625
1 0.4859375 0.328125 0.0078125 0.0125
1 0.76953125 0.85390625 0.0078125 0.01484375
1 0.4609375 0.4546875 0.0109375 0.01796875
1 0.93671875 0.35078125 0.009375 0.01484375
1 0.85703125 0.92109375 0.015625 0.02578125
1 0.4109375 0.5546875 0.01171875 0.02265625
1 0.47734375 0.503125 0.0109375 0.02109375
1 0.95546875 0.3546875 0.0078125 0.01328125
1 0.34140625 0.41015625 0.009375 0.01640625
1 0.78125 0.615625 0.0140625 0.015625
1 0.45546875 0.6453125 0.01328125 0.0140625
1 0.4296875 0.50859375 0.0078125 0.015625
1 0.2359375 0.57578125 0.0140625 0.0234375
1 0.40859375 0.409375 0.0078125 0.015625
1 0.66796875 0.39921875 0.009375 0.01640625
1 0.3453125 0.30390625 0.0078125 0.01171875
1 0.753125 0.59453125 0.0125 0.01328125
1 0.53203125 0.8859375 0.0109375 0.02265625
1 0.61171875 0.5390625 0.0125 0.01875
1 0.728125 0.4671875 0.01015625 0.0171875
1 0.85546875 0.3328125 0.00859375 0.0140625
1 0.89921875 0.44296875 0.0109375 0.01640625
0 0.93046875 0.25703125 0.00859375 0.01328125
1 0.3515625 0.33203125 0.0078125 0.01328125
1 0.8953125 0.33671875 0.00859375 0.0125
1 0.290625 0.4625 0.01015625 0.01796875
1 0.50234375 0.34296875 0.00703125 0.0140625
0 0.96796875 0.23203125 0.0109375 0.01484375
1 0.31796875 0.4296875 0.00859375 0.0140625
1 0.97578125 0.3828125 0.0109375 0.015625
0 0.8109375 0.728125 0.00859375 0.0140625
1 0.2640625 0.50625 0.0109375 0.0203125
1 0.83125 0.8828125 0.0125 0.0203125
1 0.63515625 0.3828125 0.01015625 0.01484375
1 0.88515625 0.3171875 0.00859375 0.01328125
4 0.3453125 0.528125 0.07890625 0.13828125
1 0.58515625 0.35703125 0.00859375 0.01484375
1 0.89453125 0.87578125 0.009375 0.015625
1 0.84453125 0.86484375 0.00859375 0.01484375
1 0.728125 0.5796875 0.01171875 0.015625
1 0.38359375 0.303125 0.00703125 0.01171875
1 0.32890625 0.4015625 0.01015625 0.01640625
1 0.1421875 0.9203125 0.01328125 0.0234375
1 0.60703125 0.371875 0.0078125 0.01484375
1 0.5328125 0.32265625 0.0078125 0.0125
1 0.5984375 0.371875 0.009375 0.0140625
1 0.38984375 0.5203125 0.0109375 0.0203125
1 0.68515625 0.3625 0.0078125 0.015625
1 0.9859375 0.3578125 0.01015625 0.01484375
1 0.95234375 0.40546875 0.01171875 0.01953125
1 0.27578125 0.471875 0.0109375 0.01953125
1 0.8421875 0.9015625 0.0140625 0.021875
1 0.31875 0.40546875 0.009375 0.015625
0 0.93046875 0.24140625 0.00859375 0.0125
1 0.33828125 0.35546875 0.009375 0.0140625
1 0.18984375 0.3140625 0.00546875 0.01171875
1 0.77890625 0.634375 0.01328125 0.02109375
1 0.153125 0.6421875 0.0140625 0.01953125
1 0.94140625 0.9015625 0.0140625 0.02578125
1 0.14296875 0.8796875 0.0109375 0.01796875
1 0.36015625 0.37421875 0.01015625 0.015625
1 0.80703125 0.6234375 0.01484375 0.02265625
1 0.51953125 0.309375 0.0078125 0.01328125
1 0.67265625 0.34375 0.01015625 0.01796875
1 0.4046875 0.30078125 0.00703125 0.01171875
1 0.81171875 0.84453125 0.00703125 0.01015625
1 0.46015625 0.90390625 0.009375 0.0125
1 0.67578125 0.38046875 0.009375 0.015625
1 0.8828125 0.875 0.01015625 0.01640625
1 0.34140625 0.34296875 0.0078125 0.01171875
1 0.91875 0.90390625 0.0140625 0.025
1 0.55625 0.31953125 0.0078125 0.01171875
1 0.54609375 0.3328125 0.01171875 0.0171875
1 0.92265625 0.33671875 0.01015625 0.01328125
1 0.72421875 0.59375 0.01484375 0.01640625
0 0.51953125 0.16015625 0.00859375 0.0140625
1 0.7671875 0.49609375 0.009375 0.0140625
1 0.56953125 0.83046875 0.00625 0.01015625
1 0.93046875 0.92421875 0.0140625 0.0203125
1 0.7921875 0.503125 0.009375 0.0140625
1 0.309375 0.4203125 0.01015625 0.01171875
1 0.93671875 0.3296875 0.01015625 0.01328125
1 0.5609375 0.33984375 0.009375 0.0140625
1 0.02109375 0.61875 0.0125 0.0171875
1 0.18984375 0.6453125 0.00859375 0.0140625
1 0.55234375 0.85 0.009375 0.01015625
0 0.45390625 0.1578125 0.00859375 0.01484375
1 0.30234375 0.43046875 0.00703125 0.0125
1 0.8359375 0.303125 0.01015625 0.0125
1 0.8390625 0.83359375 0.00703125 0.01015625
0 0.853125 0.2109375 0.009375 0.01640625
1 0.540625 0.3171875 0.00703125 0.01015625
1 0.1421875 0.30859375 0.0078125 0.0140625
1 0.95078125 0.94453125 0.01328125 0.01796875
1 0.16015625 0.840625 0.00703125 0.01015625
1 0.384375 0.89765625 0.0109375 0.01875
1 0.86953125 0.315625 0.00703125 0.0125
1 0.81171875 0.815625 0.00703125 0.01015625
1 0.5984375 0.34609375 0.00859375 0.0125
1 0.03125 0.97890625 0.01875 0.0328125
1 0.14765625 0.9890625 0.01171875 0.0203125
1 0.5171875 0.83203125 0.00625 0.01171875
1 0.828125 0.28671875 0.00625 0.01171875
1 0.67421875 0.3671875 0.0109375 0.0125
1 0.875 0.64453125 0.0140625 0.01640625
0 0.909375 0.2578125 0.00703125 0.01171875
1 0.6015625 0.35625 0.009375 0.0109375
1 0.53515625 0.85234375 0.00859375 0.0109375
1 0.67734375 0.83046875 0.00625 0.0109375
1 0.07421875 0.96171875 0.01640625 0.02734375
1 0.57890625 0.33203125 0.0078125 0.01484375
1 0.95234375 0.98828125 0.0171875 0.0234375
1 0.78515625 0.8296875 0.009375 0.01171875
1 0.97578125 0.35234375 0.0109375 0.01328125
1 0.30859375 0.46796875 0.01171875 0.01484375
1 0.89765625 0.3203125 0.01015625 0.0140625
1 0.071875 0.35625 0.00859375 0.01484375
1 0.33125 0.346875 0.0078125 0.0125
1 0.840625 0.81953125 0.00703125 0.01171875
1 0.10859375 0.33203125 0.00859375 0.0125
1 0.125 0.928125 0.015625 0.0234375
1 0.20234375 0.9875 0.02265625 0.025
1 0.9359375 0.9453125 0.00859375 0.01796875
0 0.9125 0.78046875 0.00703125 0.0140625
1 0.85078125 0.31484375 0.0078125 0.01328125
1 0.5609375 0.8140625 0.0046875 0.00859375
1 0.865625 0.89609375 0.0109375 0.01796875
1 0.92421875 0.32265625 0.01015625 0.01484375
0 0.4890625 0.253125 0.01015625 0.01328125
1 0.56640625 0.30390625 0.0109375 0.01640625
1 0.003125 0.43515625 0.00625 0.01171875
1 0.54375 0.81640625 0.0046875 0.00703125
1 0.40078125 0.9046875 0.01171875 0.0109375
0 0.9078125 0.27265625 0.0078125 0.0125
1 0.91328125 0.96796875 0.00703125 0.0140625
0 0.5609375 0.71484375 0.00546875 0.01171875
1 0.53359375 0.29921875 0.0078125 0.01171875
1 0.0140625 0.43359375 0.0078125 0.01015625
1 0.996875 0.6453125 0.00625 0.02109375
1 0.93046875 0.746875 0.0078125 0.0140625
1 0.40078125 0.2640625 0.009375 0.0125
1 0.89375 0.284375 0.00859375 0.0140625
1 0.07890625 0.8875 0.01015625 0.01953125
1 0.05625 0.96484375 0.01796875 0.02890625
1 0.88046875 0.84609375 0.00859375 0.01328125