2 0.24375 0.20625 0.096875 0.0625
1 0.32734375 0.50546875 0.0171875 0.0203125
3 0.578125 0.30078125 0.075 0.075
1 0.35703125 0.38828125 0.015625 0.0171875
1 0.34140625 0.446875 0.0171875 0.0203125
1 0.40859375 0.43515625 0.015625 0.0171875
1 0.615625 0.4984375 0.0171875 0.0203125
1 0.34375 0.4265625 0.0171875 0.01875
1 0.9015625 0.5640625 0.01875 0.021875
1 0.1703125 0.43046875 0.0171875 0.0171875
1 0.365625 0.53203125 0.01875 0.0234375
2 0.76640625 0.2390625 0.1 0.053125
1 0.38828125 0.403125 0.015625 0.0171875
1 0.49453125 0.4078125 0.0140625 0.0171875
1 0.31015625 0.4234375 0.015625 0.0171875
1 0.43984375 0.4390625 0.015625 0.01875
1 0.03125 0.4859375 0.0203125 0.021875
1 0.403125 0.89140625 0.01875 0.021875
1 0.5953125 0.46953125 0.0171875 0.01875
1 0.63125 0.4109375 0.015625 0.015625
1 0.45078125 0.415625 0.015625 0.0171875
1 0.34375 0.53046875 0.01875 0.021875
4 0.7265625 0.840625 0.071875 0.05625
1 0.01796875 0.4015625 0.0171875 0.01875
1 0.14453125 0.87578125 0.0171875 0.021875
1 0.39609375 0.390625 0.015625 0.015625
1 0.72734375 0.53203125 0.0203125 0.021875
1 0.97421875 0.459375 0.015625 0.0171875
1 0.1671875 0.55703125 0.0171875 0.021875
1 0.6109375 0.45078125 0.015625 0.0171875
1 0.3546875 0.86796875 0.0171875 0.01875
1 0.2890625 0.490625 0.0171875 0.0203125
1 0.3140625 0.38359375 0.0140625 0.015625
1 0.92265625 0.40625 0.015625 0.01875
1 0.26953125 0.49453125 0.0171875 0.0171875
1 0.4890625 0.32890625 0.0125 0.0140625
1 0.07421875 0.3046875 0.015625 0.0140625
1 0.40703125 0.41875 0.015625 0.015625
1 0.5703125 0.4140625 0.015625 0.0171875
1 0.39765625 0.34453125 0.0140625 0.0140625
1 0.56171875 0.88671875 0.015625 0.0203125
3 0.6984375 0.47265625 0.1140625 0.121875
1 0.465625 0.37265625 0.0140625 0.015625
1 0.6296875 0.45234375 0.015625 0.0171875
1 0.1046875 0.29765625 0.0125 0.0125
1 0.0125 0.459375 0.01875 0.021875
1 0.4640625 0.3453125 0.0125 0.0140625
1 0.39765625 0.32578125 0.0140625 0.0140625
1 0.32734375 0.4890625 0.0140625 0.0125
1 0.85078125 0.32421875 0.0125 0.0125
1 0.603125 0.41015625 0.015625 0.0140625
1 0.3390625 0.34453125 0.0125 0.0125
1 0.61484375 0.43203125 0.015625 0.0171875
1 0.6421875 0.490625 0.0171875 0.01875
1 0.2515625 0.8390625 0.0125 0.0125
1 0.2765625 0.525 0.0171875 0.021875
1 0.56953125 0.50625 0.0140625 0.01875
1 0.628125 0.34375 0.0125 0.0140625
1 0.828125 0.32421875 0.0140625 0.0140625
1 0.825 0.6609375 0.0203125 0.0171875
1 0.46484375 0.3125 0.0125 0.0140625
1 0.43046875 0.38515625 0.015625 0.015625
1 0.415625 0.3640625 0.0140625 0.0140625
1 0.6625 0.32734375 0.0140625 0.0125
1 0.5390625 0.890625 0.0234375 0.03125
1 0.5515625 0.33125 0.0125 0.0125
1 0.559375 0.36796875 0.0140625 0.0125
1 0.38828125 0.48046875 0.0171875 0.0203125
1 0.646875 0.37890625 0.015625 0.015625
1 0.26796875 0.89296875 0.0171875 0.0125
1 0.68828125 0.40546875 0.0125 0.0140625
1 0.36640625 0.36953125 0.0140625 0.015625
1 0.534375 0.3828125 0.015625 0.0140625
1 0.5484375 0.62734375 0.0203125 0.025
1 0.353125 0.896875 0.0171875 0.0125
1 0.653125 0.45 0.0140625 0.0140625
1 0.4375 0.3203125 0.0140625 0.0140625
1 0.503125 0.31953125 0.0109375 0.0125
1 0.65 0.3984375 0.015625 0.0140625
1 0.11953125 0.2796875 0.0125 0.0125
1 0.40703125 0.4 0.015625 0.0140625
1 0.60859375 0.475 0.0171875 0.01875
1 0.878125 0.340625 0.0140625 0.0140625
1 0.5984375 0.33671875 0.0140625 0.0140625
1 0.659375 0.40859375 0.0140625 0.0140625
1 0.3984375 0.3125 0.0140625 0.0125
1 0.6734375 0.42421875 0.0140625 0.0171875
1 0.04453125 0.8515625 0.015625 0.0171875
1 0.9359375 0.40390625 0.0140625 0.015625
1 0.50859375 0.35546875 0.015625 0.0140625
1 0.6828125 0.41875 0.015625 0.015625
0 0.4390625 0.2125 0.015625 0.015625
1 0.12265625 0.903125 0.0203125 0.028125
1 0.62421875 0.396875 0.0140625 0.0140625
4 0.54453125 0.825 0.0796875 0.0703125
1 0.38828125 0.3265625 0.0125 0.0140625
1 0.35390625 0.3203125 0.0125 0.0140625
1 0.69453125 0.35 0.0109375 0.0140625
1 0.52890625 0.30703125 0.0125 0.0140625
1 0.459375 0.89296875 0.0203125 0.0234375
1 0.021875 0.909375 0.0203125 0.028125
1 0.84453125 0.553125 0.0203125 0.025
1 0.7515625 0.521875 0.015625 0.01875
1 0.875 0.3296875 0.0109375 0.0109375
1 0.68125 0.3390625 0.0125 0.0125
1 0.36953125 0.309375 0.015625 0.015625
1 0.4078125 0.2765625 0.0125 0.0140625
1 0.684375 0.39453125 0.015625 0.0125
1 0.44296875 0.2921875 0.0125 0.0125
1 0.41328125 0.390625 0.01875 0.0171875
1 0.7671875 0.853125 0.0140625 0.0109375
1 0.346875 0.33671875 0.0140625 0.0140625
1 0.22734375 0.834375 0.0109375 0.0125
1 0.58984375 0.89296875 0.0125 0.01875
1 0.5921875 0.36328125 0.0125 0.0125
1 0.43046875 0.31953125 0.0125 0.0140625
1 0.7921875 0.6046875 0.0140625 0.0125
1 0.65546875 0.475 0.015625 0.015625
1 0.61640625 0.4046875 0.015625 0.015625
0 0.4609375 0.24453125 0.0125 0.0140625
1 0.521875 0.85546875 0.0125 0.009375
1 0.68359375 0.35546875 0.0140625 0.015625
1 0.48203125 0.29921875 0.0140625 0.0125
1 0.16640625 0.6125 0.0140625 0.0171875
1 0.6921875 0.3609375 0.0125 0.0140625
1 0.65859375 0.30703125 0.0125 0.0140625
1 0.62421875 0.30546875 0.0140625 0.0125
1 0.62578125 0.48359375 0.015625 0.0171875
1 0.63828125 0.3109375 0.0125 0.0125
0 0.54609375 0.76640625 0.0109375 0.0109375
1 0.3828125 0.3421875 0.015625 0.0140625
1 0.2796875 0.49453125 0.015625 0.021875
1 0.24375 0.83046875 0.0125 0.0125
1 0.27109375 0.51015625 0.015625 0.0171875
1 0.41640625 0.84296875 0.0125 0.0109375
1 0.61875 0.465625 0.015625 0.0171875
0 0.4578125 0.14765625 0.015625 0.0171875
1 0.0859375 0.909375 0.01875 0.025
1 0.11171875 0.28046875 0.015625 0.0140625
1 0.34375 0.3125 0.0109375 0.0125
4 0.87265625 0.94140625 0.11875 0.1171875
0 0.55546875 0.728125 0.0109375 0.0109375
1 0.30546875 0.82421875 0.0109375 0.009375
1 0.453125 0.8421875 0.0140625 0.0140625
1 0.46171875 0.2953125 0.0140625 0.0109375
1 0.54609375 0.32109375 0.0125 0.0109375
1 0.6703125 0.84765625 0.0125 0.0109375
1 0.55703125 0.35390625 0.0140625 0.0109375
1 0.01015625 0.3484375 0.0109375 0.0109375
1 0.9890625 0.41796875 0.015625 0.015625
1 0.28828125 0.3796875 0.0125 0.0125
1 0.4328125 0.840625 0.0140625 0.0125
1 0.34609375 0.32421875 0.0125 0.0125
0 0.56484375 0.7125 0.0125 0.0109375
1 0.05859375 0.90625 0.0171875 0.0265625
1 0.05390625 0.83125 0.0125 0.0109375
1 0.78515625 0.99765625 0.01875 0.0046875
1 0.071875 0.91640625 0.021875 0.025
1 0.57421875 0.37578125 0.0109375 0.0109375
1 0.046875 0.97421875 0.015625 0.00625
1 0.41328125 0.24765625 0.0140625 0.0125
1 0.62421875 0.6328125 0.015625 0.01875
1 0.5234375 0.8453125 0.0140625 0.015625
1 0.43984375 0.83828125 0.0125 0.0140625
1 0.990625 0.62890625 0.0109375 0.009375