4 0.35703125 0.3875 0.1109375 0.096875
2 0.74609375 0.1984375 0.1203125 0.0625
1 0.2125 0.58046875 0.0453125 0.0203125
4 0.8671875 0.2609375 0.1015625 0.071875
3 0.60390625 0.86171875 0.1625 0.1265625
1 0.1875 0.42265625 0.040625 0.015625
1 0.37734375 0.42734375 0.040625 0.015625
1 0.6921875 0.4625 0.0421875 0.0203125
3 0.9421875 0.4703125 0.115625 0.128125
1 0.7859375 0.559375 0.046875 0.0203125
1 0.771875 0.5109375 0.04375 0.021875
1 0.35703125 0.884375 0.040625 0.015625
1 0.38984375 0.45 0.040625 0.015625
1 0.8453125 0.6140625 0.04375 0.015625
1 0.7984375 0.54453125 0.0453125 0.021875
1 0.534375 0.453125 0.0421875 0.0171875
1 0.6390625 0.3671875 0.040625 0.0140625
1 0.2484375 0.55 0.04375 0.021875
1 0.73203125 0.47578125 0.0421875 0.015625
1 0.621875 0.3703125 0.040625 0.0140625
1 0.6015625 0.38828125 0.040625 0.0171875
0 0.85078125 0.121875 0.040625 0.015625
1 0.746875 0.5265625 0.04375 0.021875
1 0.36875 0.5328125 0.04375 0.0203125
1 0.3859375 0.65546875 0.04375 0.015625
0 0.8546875 0.14453125 0.040625 0.0140625
1 0.90703125 0.30859375 0.040625 0.0140625
4 0.48046875 0.8671875 0.1109375 0.1046875
1 0.459375 0.4265625 0.0421875 0.015625
1 0.54765625 0.453125 0.0421875 0.015625
1 0.16640625 0.46015625 0.040625 0.0140625
1 0.0234375 0.49765625 0.0421875 0.0171875
1 0.1515625 0.4328125 0.040625 0.0140625
1 0.978125 0.35234375 0.0421875 0.0171875
1 0.53515625 0.421875 0.040625 0.0171875
1 0.50625 0.44609375 0.040625 0.0171875
1 0.19140625 0.47734375 0.04375 0.0171875
1 0.18046875 0.5875 0.04375 0.021875
1 0.4875 0.4375 0.0421875 0.0171875
1 0.5390625 0.378125 0.040625 0.0140625
1 0.5875 0.3765625 0.040625 0.0140625
1 0.17265625 0.9765625 0.05 0.034375
1 0.890625 0.92109375 0.0515625 0.034375
1 0.0890625 0.965625 0.0484375 0.028125
1 0.21484375 0.45703125 0.040625 0.0125
3 0.10625 0.415625 0.103125 0.0890625
1 0.684375 0.3921875 0.040625 0.0171875
1 0.15625 0.38828125 0.040625 0.0171875
1 0.40078125 0.88515625 0.04375 0.0203125
1 0.0515625 0.43203125 0.0390625 0.0140625
1 0.96875 0.3328125 0.040625 0.0140625
0 0.159375 0.140625 0.04375 0.021875
0 0.1359375 0.1578125 0.0484375 0.0203125
1 0.434375 0.53515625 0.040625 0.01875
1 0.03515625 0.52734375 0.040625 0.015625
0 0.14453125 0.19140625 0.046875 0.0203125
0 0.78046875 0.00390625 0.04375 0.00625
1 0.06953125 0.4796875 0.0421875 0.0171875
1 0.4640625 0.44375 0.0421875 0.01875
1 0.9234375 0.84609375 0.040625 0.0171875
0 0.10859375 0.29453125 0.0453125 0.021875
1 0.7328125 0.82578125 0.0375 0.0125
1 0.56328125 0.334375 0.040625 0.015625
2 0.225 0.2484375 0.11875 0.05625
0 0.76875 0.0203125 0.0421875 0.0171875
1 0.1546875 0.90234375 0.0390625 0.0140625
1 0.93046875 0.30703125 0.040625 0.015625
1 0.6546875 0.39453125 0.040625 0.0171875
1 0.8234375 0.6171875 0.04375 0.0171875
1 0.54609375 0.3640625 0.0390625 0.0125
1 0.36640625 0.32890625 0.0375 0.0109375
1 0.49609375 0.4171875 0.040625 0.015625
1 0.67734375 0.85390625 0.0421875 0.0171875
1 0.57109375 0.35234375 0.0390625 0.0140625
1 0.49765625 0.38125 0.040625 0.0125
1 0.5671875 0.390625 0.0421875 0.0171875
1 0.515625 0.42890625 0.040625 0.0140625
1 0.4796875 0.32421875 0.0390625 0.0125
1 0.05546875 0.471875 0.040625 0.015625
1 0.6875 0.3078125 0.040625 0.0140625
1 0.453125 0.4453125 0.0421875 0.0203125
1 0.22109375 0.47109375 0.0421875 0.0171875
1 0.03671875 0.4578125 0.0453125 0.021875
1 0.3171875 0.87734375 0.040625 0.0125
1 0.2046875 0.9109375 0.0421875 0.0171875
1 0.31875 0.89609375 0.040625 0.0140625
1 0.65390625 0.3734375 0.040625 0.0140625
1 0.55859375 0.37265625 0.040625 0.0140625
1 0.73671875 0.4921875 0.04375 0.01875
1 0.68671875 0.3796875 0.0390625 0.0109375
0 0.21328125 0.2515625 0.0421875 0.0140625
1 0.45234375 0.4046875 0.040625 0.015625
1 0.25859375 0.4 0.04375 0.01875
1 0.58359375 0.421875 0.0421875 0.0171875
1 0.42109375 0.4875 0.0390625 0.0140625
1 0.83515625 0.28828125 0.0375 0.0109375
1 0.378125 0.62421875 0.0421875 0.01875
1 0.128125 0.45703125 0.0390625 0.0125
1 0.3296875 0.88828125 0.040625 0.0171875
0 0.775 0.1453125 0.0421875 0.0203125
1 0.46015625 0.3890625 0.040625 0.0140625
1 0.29296875 0.425 0.040625 0.015625
1 0.73671875 0.6234375 0.0421875 0.015625
1 0.4453125 0.45390625 0.0421875 0.01875
3 0.24609375 0.87265625 0.1234375 0.08125
1 0.3015625 0.4421875 0.040625 0.0140625
1 0.475 0.421875 0.04375 0.0140625
1 0.4734375 0.37890625 0.040625 0.0125
1 0.91875 0.290625 0.0421875 0.015625
4 0.92578125 0.7875 0.0953125 0.078125
1 0.56640625 0.41484375 0.0421875 0.0171875
1 0.56171875 0.31796875 0.0390625 0.0125
1 0.815625 0.81875 0.0375 0.009375
1 0.33828125 0.33046875 0.0390625 0.0109375
1 0.790625 0.821875 0.0375 0.009375
1 0.32734375 0.9203125 0.040625 0.0109375
1 0.2296875 0.925 0.0453125 0.021875
1 0.43515625 0.4296875 0.0390625 0.0125
0 0.1609375 0.22421875 0.0421875 0.0171875
1 0.9484375 0.8375 0.040625 0.015625
1 0.30625 0.37265625 0.0390625 0.0140625
0 0.23515625 0.25546875 0.0421875 0.015625
1 0.06953125 0.45 0.0421875 0.01875
1 0.4484375 0.36953125 0.0390625 0.0140625
1 0.1125 0.46484375 0.040625 0.015625
1 0.58515625 0.29140625 0.0375 0.0109375
1 0.125 0.4703125 0.040625 0.0140625
1 0.3015625 0.9203125 0.04375 0.01875
1 0.31328125 0.42265625 0.040625 0.0140625
1 0.5203125 0.3859375 0.040625 0.015625
1 0.8390625 0.29765625 0.0390625 0.0109375
1 0.0984375 0.48046875 0.0421875 0.0140625
1 0.46875 0.40390625 0.040625 0.015625
1 0.1609375 0.45078125 0.0375 0.009375
1 0.54921875 0.3890625 0.0421875 0.015625
0 0.84296875 0.0859375 0.040625 0.015625
1 0.1765625 0.65390625 0.04375 0.0234375
1 0.059375 0.50625 0.040625 0.0125
1 0.1484375 0.68046875 0.0421875 0.0125
1 0.97109375 0.9046875 0.0375 0.0171875
1 0.01796875 0.69140625 0.0359375 0.0140625
1 0.40703125 0.30859375 0.0390625 0.0109375
1 0.42421875 0.85546875 0.0421875 0.015625
1 0.45078125 0.33203125 0.0390625 0.0140625
1 0.590625 0.34921875 0.0375 0.0125
1 0.871875 0.2953125 0.040625 0.0109375
1 0.13984375 0.33671875 0.0390625 0.0109375
1 0.39375 0.32890625 0.0390625 0.0109375
1 0.52265625 0.36796875 0.0421875 0.015625
1 0.19453125 0.98671875 0.05 0.025
1 0.5109375 0.4171875 0.040625 0.0140625
1 0.39375 0.34296875 0.0375 0.0109375
1 0.38125 0.31640625 0.0390625 0.009375
1 0.46875 0.65 0.0421875 0.0109375
1 0.40703125 0.86484375 0.040625 0.0140625
1 0.50546875 0.34765625 0.0390625 0.0125
1 0.58515625 0.36015625 0.040625 0.0140625
1 0.30625 0.41015625 0.040625 0.0140625
0 0.8125 0.00859375 0.0421875 0.015625
1 0.1359375 0.91171875 0.0421875 0.015625
1 0.0484375 0.46171875 0.0375 0.0109375
1 0.5515625 0.3515625 0.0390625 0.0140625
1 0.4203125 0.35 0.0375 0.0109375
1 0.50546875 0.43125 0.0421875 0.0140625
1 0.95859375 0.30859375 0.0390625 0.0125
1 0.61796875 0.31015625 0.040625 0.0109375
1 0.87265625 0.80703125 0.0390625 0.0125
1 0.96796875 0.8375 0.040625 0.0140625
1 0.525 0.415625 0.0390625 0.0125
1 0.24453125 0.403125 0.0421875 0.0171875
1 0.31875 0.91015625 0.0421875 0.0140625
1 0.96171875 0.9078125 0.0390625 0.0171875
1 0.88125 0.8171875 0.0375 0.0109375
1 0.30703125 0.83515625 0.0375 0.0125
1 0.0703125 0.43125 0.040625 0.0140625
1 0.08984375 0.4859375 0.040625 0.0125
1 0.43984375 0.3796875 0.040625 0.0125
0 0.4234375 0.78203125 0.04375 0.0203125
4 0.0859375 0.5296875 0.1171875 0.0859375
1 0.52734375 0.63046875 0.0421875 0.0234375
1 0.34921875 0.3140625 0.040625 0.015625
1 0.39296875 0.35625 0.0375 0.0109375
1 0.4515625 0.3125 0.0421875 0.0125
1 0.68203125 0.3703125 0.0375 0.009375
1 0.54765625 0.34140625 0.040625 0.0109375
1 0.13828125 0.353125 0.040625 0.0125
1 0.2171875 0.9109375 0.0421875 0.0171875
1 0.91875 0.825 0.0390625 0.0125
1 0.4765625 0.4390625 0.0421875 0.01875
1 0.08125 0.47890625 0.0421875 0.0171875
1 0.146875 0.88671875 0.0390625 0.0109375
1 0.63046875 0.30859375 0.040625 0.0140625
1 0.3625 0.82890625 0.04375 0.0234375
1 0.4640625 0.33984375 0.040625 0.0109375
1 0.51875 0.346875 0.0390625 0.0109375
1 0.05703125 0.40625 0.0390625 0.0109375
0 0.20078125 0.29765625 0.040625 0.0140625
0 0.9125 0.75 0.0390625 0.0125
1 0.23984375 0.91015625 0.0453125 0.01875
1 0.50234375 0.39921875 0.0421875 0.015625
1 0.1 0.46640625 0.0421875 0.015625
1 0.509375 0.3828125 0.0421875 0.0171875
1 0.29453125 0.9015625 0.0421875 0.01875
1 0.2515625 0.91171875 0.046875 0.021875
0 0.47109375 0.76796875 0.0390625 0.0125
0 0.22578125 0.26953125 0.040625 0.009375
1 0.51875 0.3328125 0.040625 0.0109375
0 0.478125 0.79140625 0.040625 0.0171875
0 0.17578125 0.2890625 0.0390625 0.015625
1 0.4984375 0.809375 0.040625 0.0125
1 0.42890625 0.653125 0.0421875 0.0109375
0 0.73984375 0.15546875 0.0390625 0.0140625