3 0.85703125 0.30625 0.059375 0.0625
4 0.2484375 0.865625 0.103125 0.109375
3 0.78828125 0.83359375 0.059375 0.0546875
4 0.05078125 0.41796875 0.090625 0.096875
3 0.81484375 0.3421875 0.0359375 0.059375
1 0.15859375 0.4421875 0.009375 0.0171875
2 0.2296875 0.2203125 0.0859375 0.05625
1 0.84375 0.5671875 0.0125 0.0234375
1 0.659375 0.48203125 0.0125 0.01875
1 0.3515625 0.44765625 0.009375 0.01875
1 0.2921875 0.4671875 0.0109375 0.01875
1 0.30234375 0.54765625 0.0125 0.021875
1 0.4203125 0.465625 0.0125 0.01875
1 0.4296875 0.5390625 0.0125 0.021875
1 0.7375 0.5546875 0.0125 0.021875
1 0.40859375 0.878125 0.0125 0.01875
1 0.96953125 0.45078125 0.0125 0.0171875
1 0.14296875 0.92109375 0.015625 0.0265625
1 0.73359375 0.5796875 0.0125 0.01875
1 0.671875 0.5625 0.0125 0.021875
1 0.075 0.47109375 0.0109375 0.0203125
0 0.78359375 0.1890625 0.0109375 0.01875
1 0.43984375 0.390625 0.009375 0.015625
1 0.6703125 0.52109375 0.009375 0.01875
0 0.7765625 0.153125 0.0125 0.0203125
1 0.4015625 0.4171875 0.009375 0.015625
0 0.75859375 0.16953125 0.009375 0.015625
1 0.51328125 0.37421875 0.009375 0.015625
1 0.9921875 0.47890625 0.0125 0.01875
1 0.32890625 0.3828125 0.009375 0.015625
1 0.7234375 0.4921875 0.0109375 0.01875
1 0.28515625 0.57734375 0.0125 0.0203125
1 0.3421875 0.35234375 0.009375 0.0140625
1 0.14296875 0.89453125 0.0125 0.015625
1 0.8078125 0.95859375 0.0203125 0.0375
1 0.4515625 0.4390625 0.0109375 0.0171875
1 0.5015625 0.4375 0.009375 0.015625
1 0.31875 0.35625 0.0078125 0.0140625
1 0.65390625 0.42734375 0.009375 0.015625
1 0.05859375 0.903125 0.0125 0.021875
1 0.46484375 0.4328125 0.009375 0.015625
1 0.38046875 0.45234375 0.009375 0.0140625
1 0.59296875 0.48125 0.009375 0.01875
1 0.284375 0.440625 0.0109375 0.015625
1 0.671875 0.54296875 0.0125 0.015625
1 0.32421875 0.45625 0.0109375 0.01875
1 0.7453125 0.53359375 0.0109375 0.0203125
1 0.67734375 0.41640625 0.009375 0.015625
3 0.8828125 0.83125 0.04375 0.04375
1 0.72734375 0.51171875 0.0125 0.021875
1 0.31796875 0.5828125 0.0125 0.0203125
1 0.3359375 0.56796875 0.0125 0.0234375
1 0.59609375 0.5203125 0.0125 0.0203125
1 0.67734375 0.85 0.009375 0.01875
1 0.6171875 0.43515625 0.009375 0.0171875
1 0.4296875 0.42421875 0.009375 0.015625
1 0.92890625 0.42421875 0.009375 0.015625
0 0.74140625 0.2109375 0.009375 0.0140625
1 0.6109375 0.5453125 0.0125 0.0234375
1 0.48828125 0.39296875 0.0109375 0.0125
1 0.30234375 0.32265625 0.009375 0.015625
1 0.72578125 0.84375 0.009375 0.0125
1 0.69140625 0.34296875 0.009375 0.015625
0 0.7890625 0.13125 0.009375 0.015625
1 0.29296875 0.35703125 0.009375 0.015625
1 0.90859375 0.42421875 0.0125 0.01875
1 0.63046875 0.546875 0.0125 0.021875
1 0.528125 0.37109375 0.009375 0.015625
1 0.0828125 0.90234375 0.0125 0.025
1 0.4515625 0.496875 0.0125 0.01875
1 0.384375 0.38203125 0.009375 0.015625
0 0.76953125 0.1734375 0.009375 0.0171875
1 0.6828125 0.4828125 0.0109375 0.015625
1 0.325 0.4328125 0.009375 0.015625
1 0.70234375 0.425 0.009375 0.01875
1 0.47734375 0.39921875 0.009375 0.015625
1 0.3859375 0.40390625 0.009375 0.015625
1 0.63359375 0.43984375 0.009375 0.0171875
1 0.61796875 0.509375 0.0125 0.01875
1 0.1046875 0.37578125 0.009375 0.015625
1 0.56875 0.48359375 0.0109375 0.01875
1 0.496875 0.35 0.0078125 0.0125
1 0.32890625 0.59453125 0.0125 0.015625
1 0.68515625 0.5 0.0109375 0.01875
1 0.70234375 0.45 0.009375 0.015625
1 0.53125 0.33125 0.0078125 0.0125
1 0.39609375 0.39453125 0.009375 0.015625
1 0.81171875 0.896875 0.0125 0.0203125
1 0.846875 0.3875 0.009375 0.01875
1 0.3359375 0.89453125 0.0125 0.021875
1 0.43515625 0.3453125 0.0078125 0.0140625
1 0.15546875 0.3046875 0.009375 0.015625
1 0.40390625 0.453125 0.009375 0.0140625
1 0.46015625 0.540625 0.0125 0.021875
1 0.5515625 0.40546875 0.0109375 0.0171875
1 0.6328125 0.5921875 0.009375 0.0125
1 0.14375 0.32421875 0.009375 0.0140625
1 0.69140625 0.41953125 0.009375 0.015625
1 0.11640625 0.34921875 0.009375 0.015625
1 0.00625 0.50078125 0.0125 0.01875
1 0.55390625 0.44453125 0.009375 0.015625
1 0.57578125 0.3578125 0.0078125 0.015625
0 0.81015625 0.12890625 0.009375 0.015625
1 0.7875 0.915625 0.0140625 0.025
1 0.8109375 0.87890625 0.009375 0.0125
1 0.34609375 0.384375 0.0125 0.01875
1 0.6015625 0.41875 0.009375 0.015625
1 0.54921875 0.3734375 0.009375 0.015625
1 0.5109375 0.4171875 0.009375 0.015625
1 0.32421875 0.39921875 0.009375 0.015625
1 0.45703125 0.48203125 0.009375 0.0140625
1 0.5640625 0.45546875 0.0125 0.0171875
1 0.35234375 0.87109375 0.0125 0.025
1 0.54453125 0.33515625 0.0078125 0.0140625
1 0.42109375 0.32734375 0.00625 0.0125
1 0.40625 0.34609375 0.0078125 0.015625
1 0.92109375 0.92578125 0.015625 0.025
1 0.31484375 0.63203125 0.0140625 0.025
1 0.44375 0.4796875 0.009375 0.0125
1 0.29140625 0.5953125 0.0125 0.0140625
1 0.878125 0.33828125 0.0078125 0.0125
1 0.365625 0.39375 0.0109375 0.015625
1 0.42734375 0.36484375 0.009375 0.015625
1 0.66328125 0.4609375 0.009375 0.01875
1 0.39765625 0.35546875 0.009375 0.0140625
1 0.140625 0.3453125 0.009375 0.0140625
1 0.45625 0.42421875 0.009375 0.0125
1 0.590625 0.40703125 0.009375 0.015625
1 0.61328125 0.390625 0.009375 0.0125
1 0.8921875 0.33046875 0.0078125 0.0140625
1 0.58046875 0.45625 0.00625 0.0125
0 0.2140625 0.18828125 0.0078125 0.015625
1 0.690625 0.3984375 0.009375 0.015625
1 0.39375 0.3265625 0.00625 0.0125
1 0.46875 0.3359375 0.0078125 0.015625
1 0.56328125 0.396875 0.009375 0.0109375
1 0.6875 0.46171875 0.009375 0.01875
1 0.58125 0.503125 0.0125 0.01875
1 0.10859375 0.875 0.009375 0.015625
1 0.50859375 0.32265625 0.00625 0.0125
1 0.48203125 0.32734375 0.00625 0.0125
1 0.63203125 0.346875 0.0078125 0.0125
1 0.40234375 0.4375 0.009375 0.015625
1 0.4375 0.415625 0.009375 0.015625
1 0.48203125 0.37265625 0.009375 0.015625
1 0.12578125 0.34765625 0.009375 0.015625
0 0.21015625 0.02265625 0.009375 0.015625
1 0.3171875 0.3828125 0.009375 0.015625
1 0.640625 0.3921875 0.009375 0.015625
0 0.23828125 0.209375 0.009375 0.0140625
1 0.10625 0.31875 0.0078125 0.0125
1 0.56796875 0.51171875 0.009375 0.01875
1 0.1875 0.62109375 0.015625 0.0234375
1 0.83828125 0.85234375 0.009375 0.0125
1 0.1171875 0.33125 0.009375 0.0140625
1 0.58203125 0.44375 0.00625 0.0125
1 0.87734375 0.90078125 0.0140625 0.0203125
0 0.740625 0.1875 0.00625 0.0140625
1 0.86328125 0.3546875 0.00625 0.0140625
0 0.2171875 0.05 0.0109375 0.015625
1 0.83671875 0.8765625 0.0125 0.015625
1 0.90625 0.359375 0.009375 0.0140625
1 0.16328125 0.88984375 0.0125 0.01875
4 0.034375 0.5734375 0.06875 0.15
1 0.92734375 0.40390625 0.0109375 0.0171875
0 0.58125 0.77265625 0.0125 0.021875
1 0.57578125 0.30859375 0.0078125 0.0125
1 0.6015625 0.4859375 0.009375 0.0140625
1 0.6234375 0.41796875 0.0109375 0.015625
1 0.553125 0.4296875 0.009375 0.015625
1 0.40390625 0.30078125 0.00625 0.0125
1 0.86640625 0.87265625 0.009375 0.0125
1 0.42578125 0.50703125 0.0125 0.01875
1 0.08984375 0.3140625 0.009375 0.0125
1 0.65 0.340625 0.009375 0.0125
1 0.621875 0.53203125 0.0109375 0.015625
1 0.62734375 0.6296875 0.0125 0.021875
1 0.3046875 0.43203125 0.009375 0.015625
1 0.9421875 0.390625 0.009375 0.015625
1 0.63984375 0.3140625 0.00625 0.0125
1 0.94609375 0.40546875 0.00625 0.0125
1 0.1265625 0.32578125 0.009375 0.0125
1 0.36328125 0.36484375 0.009375 0.01875
1 0.4953125 0.303125 0.00625 0.0125
1 0.43046875 0.3 0.0078125 0.0125
1 0.4265625 0.39921875 0.0125 0.015625
1 0.90078125 0.921875 0.015625 0.021875
1 0.56796875 0.41796875 0.0109375 0.0125
1 0.2953125 0.43984375 0.0109375 0.015625
0 0.21015625 0.0390625 0.009375 0.015625
1 0.63359375 0.3765625 0.009375 0.0140625
1 0.865625 0.6484375 0.0125 0.015625
1 0.109375 0.30625 0.00625 0.0109375
2 0.75234375 0.22734375 0.09375 0.05
1 0.6453125 0.40703125 0.009375 0.015625
1 0.40234375 0.46796875 0.0109375 0.0171875
1 0.35078125 0.30234375 0.009375 0.0125
1 0.66875 0.4015625 0.0125 0.015625
1 0.46796875 0.84921875 0.0078125 0.0125
1 0.55546875 0.31796875 0.00625 0.0109375
1 0.178125 0.86875 0.009375 0.0140625
1 0.64921875 0.3671875 0.009375 0.0125
1 0.340625 0.3 0.009375 0.0140625
1 0.04765625 0.98828125 0.0171875 0.0234375
1 0.0765625 0.94765625 0.009375 0.015625
1 0.45078125 0.32578125 0.009375 0.0125
1 0.64921875 0.3296875 0.0078125 0.0125
1 0.503125 0.40859375 0.0078125 0.015625
1 0.91640625 0.3453125 0.009375 0.0125
1 0.6546875 0.4046875 0.0109375 0.01875
1 0.61953125 0.49453125 0.009375 0.0125
1 0.35859375 0.38046875 0.009375 0.0125
1 0.3046875 0.4 0.009375 0.0125
1 0.4625 0.30546875 0.009375 0.0109375
1 0.89296875 0.86796875 0.0109375 0.01875
1 0.43828125 0.31484375 0.009375 0.0140625
1 0.41640625 0.4828125 0.009375 0.015625
1 0.5046875 0.3984375 0.009375 0.0109375
1 0.43984375 0.84765625 0.009375 0.009375
0 0.7421875 0.23515625 0.0109375 0.01875
1 0.51015625 0.353125 0.009375 0.015625
1 0.39296875 0.29453125 0.0078125 0.0125
1 0.06796875 0.87578125 0.009375 0.015625
1 0.6015625 0.30390625 0.009375 0.0125
1 0.0546875 0.94296875 0.0109375 0.015625
1 0.4359375 0.49765625 0.0125 0.01875
1 0.67578125 0.46328125 0.0109375 0.015625
1 0.29453125 0.40390625 0.009375 0.0140625
1 0.171875 0.88515625 0.009375 0.01875
1 0.2625 0.625 0.0140625 0.021875
1 0.6375 0.33125 0.009375 0.0140625
1 0.55703125 0.33046875 0.00625 0.0109375
1 0.69375 0.32265625 0.009375 0.0140625
1 0.5359375 0.309375 0.00625 0.0140625
1 0.3296875 0.2984375 0.0078125 0.0140625
1 0.4875 0.3046875 0.009375 0.0125
1 0.28046875 0.3265625 0.009375 0.015625
1 0.67265625 0.4453125 0.009375 0.0125
1 0.6078125 0.50859375 0.009375 0.015625
1 0.1734375 0.64453125 0.009375 0.015625
1 0.3953125 0.4546875 0.009375 0.0125
1 0.2859375 0.42265625 0.009375 0.0140625
1 0.92109375 0.37109375 0.009375 0.0140625
1 0.62578125 0.79765625 0.015625 0.025
1 0.15625 0.8578125 0.009375 0.015625
1 0.62578125 0.2984375 0.009375 0.0125
1 0.43359375 0.7953125 0.009375 0.015625
1 0.6703125 0.3828125 0.009375 0.015625
1 0.090625 0.8703125 0.009375 0.015625
0 0.23203125 0.70625 0.00625 0.0125
1 0.3921875 0.465625 0.009375 0.015625
1 0.3234375 0.90625 0.0078125 0.0078125
1 0.925 0.98515625 0.021875 0.028125
1 0.659375 0.31015625 0.00625 0.0109375
1 0.8234375 0.83828125 0.0078125 0.009375
1 0.7328125 0.8140625 0.00625 0.0125
1 0.09921875 0.84921875 0.009375 0.0125
1 0.56328125 0.3015625 0.009375 0.0125
1 0.88359375 0.86796875 0.009375 0.0171875
1 0.596875 0.39375 0.00625 0.009375
1 0.66328125 0.37421875 0.009375 0.0140625
1 0.53828125 0.36875 0.009375 0.015625
0 0.234375 0.2453125 0.009375 0.0109375
1 0.43125 0.846875 0.009375 0.0109375
1 0.02265625 0.3578125 0.009375 0.0140625
1 0.68046875 0.39609375 0.009375 0.015625
1 0.63515625 0.41875 0.0125 0.021875
1 0.18203125 0.646875 0.0078125 0.0140625
1 0.09296875 0.84921875 0.00625 0.0125
1 0.171875 0.85546875 0.00625 0.0125
0 0.21875 0.75390625 0.00625 0.0109375
1 0.9859375 0.43359375 0.00625 0.009375
1 0.12265625 0.8453125 0.0078125 0.0109375