4 0.4515625 0.39609375 0.08671875 0.10703125
2 0.7640625 0.21484375 0.08984375 0.0640625
3 0.565625 0.2796875 0.06484375 0.07734375
2 0.24609375 0.209375 0.090625 0.05546875
3 0.51953125 0.36953125 0.0640625 0.09296875
1 0.43359375 0.56796875 0.01328125 0.02265625
1 0.740625 0.53203125 0.0109375 0.0203125
1 0.57734375 0.440625 0.009375 0.0171875
1 0.56953125 0.41796875 0.009375 0.01640625
1 0.62109375 0.3921875 0.009375 0.015625
1 0.81015625 0.575 0.01328125 0.02421875
1 0.04765625 0.409375 0.01015625 0.01796875
1 0.14296875 0.58359375 0.0125 0.021875
1 0.11171875 0.39765625 0.01015625 0.01796875
1 0.56015625 0.465625 0.0109375 0.01875
1 0.54609375 0.48046875 0.01171875 0.01875
1 0.3328125 0.38125 0.009375 0.015625
1 0.69921875 0.33046875 0.009375 0.01484375
1 0.603125 0.55078125 0.01171875 0.02109375
1 0.740625 0.5765625 0.01328125 0.021875
1 0.88125 0.5078125 0.0109375 0.01953125
1 0.50859375 0.49609375 0.01171875 0.01953125
1 0.5078125 0.44453125 0.01015625 0.01796875
1 0.54765625 0.5015625 0.0109375 0.01953125
1 0.0609375 0.37421875 0.00859375 0.015625
1 0.6671875 0.41953125 0.00859375 0.015625
1 0.596875 0.3296875 0.00859375 0.0140625
1 0.26328125 0.903125 0.0109375 0.01953125
1 0.62890625 0.4171875 0.009375 0.01640625
1 0.15703125 0.93203125 0.01640625 0.028125
1 0.9734375 0.42578125 0.01015625 0.01640625
1 0.61875 0.89453125 0.0078125 0.0140625
1 0.74765625 0.55390625 0.0125 0.021875
1 0.65 0.37109375 0.009375 0.01484375
1 0.19609375 0.915625 0.0125 0.02109375
1 0.409375 0.346875 0.009375 0.015625
1 0.4078125 0.36875 0.009375 0.015625
1 0.528125 0.5125 0.0109375 0.01796875
1 0.5609375 0.890625 0.01015625 0.0171875
1 0.26328125 0.5453125 0.0125 0.0203125
1 0.14453125 0.33828125 0.00859375 0.0140625
1 0.2421875 0.6328125 0.0109375 0.01484375
1 0.56640625 0.38359375 0.009375 0.01640625
1 0.6109375 0.56953125 0.0125 0.021875
1 0.64921875 0.3390625 0.00859375 0.0140625
1 0.65 0.3921875 0.01015625 0.01484375
1 0.81015625 0.34296875 0.00859375 0.01484375
1 0.6671875 0.33203125 0.00859375 0.01484375
1 0.2625 0.45625 0.01015625 0.01796875
1 0.30625 0.3828125 0.01015625 0.01953125
1 0.5359375 0.42421875 0.0109375 0.02109375
1 0.99609375 0.425 0.0078125 0.01640625
1 0.52109375 0.496875 0.01171875 0.0171875
1 0.6171875 0.90546875 0.00859375 0.01015625
1 0.5578125 0.365625 0.009375 0.01484375
1 0.275 0.5421875 0.01171875 0.0203125
1 0.990625 0.46015625 0.0125 0.01796875
1 0.3484375 0.340625 0.01015625 0.01484375
1 0.66796875 0.38359375 0.00859375 0.015625
1 0.38828125 0.53828125 0.01171875 0.021875
1 0.2421875 0.51484375 0.009375 0.0171875
1 0.83984375 0.37109375 0.00859375 0.015625
1 0.6484375 0.90390625 0.0109375 0.0125
1 0.61171875 0.46171875 0.0109375 0.01875
1 0.6265625 0.32109375 0.00703125 0.01328125
4 0.7484375 0.88828125 0.0859375 0.12578125
4 0.91640625 0.4328125 0.1078125 0.10625
1 0.70234375 0.35234375 0.01015625 0.01640625
1 0.31875 0.36796875 0.009375 0.01484375
1 0.884375 0.31875 0.00859375 0.01328125
1 0.59140625 0.371875 0.0078125 0.0125
1 0.225 0.95 0.01640625 0.0296875
1 0.84921875 0.40390625 0.01015625 0.0140625
1 0.89453125 0.33515625 0.00859375 0.01328125
1 0.62890625 0.3375 0.0078125 0.0140625
1 0.296875 0.43359375 0.00859375 0.0125
1 0.28125 0.48984375 0.01171875 0.01796875
1 0.26484375 0.60234375 0.0125 0.0203125
1 0.62890625 0.3 0.0078125 0.0140625
1 0.13203125 0.30859375 0.009375 0.0140625
1 0.02890625 0.38359375 0.01015625 0.0171875
1 0.7359375 0.50546875 0.0109375 0.01875
1 0.646875 0.31953125 0.00859375 0.01328125
1 0.82734375 0.93203125 0.01328125 0.02421875
1 0.82109375 0.90625 0.0109375 0.01875
1 0.85078125 0.39140625 0.009375 0.01171875
1 0.21484375 0.8859375 0.009375 0.015625
1 0.0921875 0.2953125 0.00859375 0.0125
1 0.83515625 0.30390625 0.00859375 0.01328125
1 0.87109375 0.94453125 0.01484375 0.02265625
1 0.33984375 0.3 0.0078125 0.0140625
1 0.509375 0.4234375 0.01171875 0.01796875
1 0.52734375 0.43984375 0.01171875 0.01640625
1 0.9078125 0.29453125 0.0078125 0.0125
1 0.66328125 0.90390625 0.0109375 0.0125
1 0.8453125 0.31484375 0.00859375 0.0140625
1 0.675 0.3546875 0.01015625 0.0140625
1 0.11640625 0.3046875 0.00703125 0.01328125
1 0.103125 0.31875 0.009375 0.01484375
1 0.1546875 0.26953125 0.00625 0.0125
1 0.72890625 0.48828125 0.009375 0.01640625
1 0.27734375 0.5203125 0.0109375 0.015625
1 0.92421875 0.359375 0.01015625 0.01875
1 0.4859375 0.29765625 0.0078125 0.0140625
1 0.2421875 0.496875 0.009375 0.015625
1 0.48203125 0.89375 0.00703125 0.01171875
1 0.1859375 0.89296875 0.0109375 0.01796875
1 0.40390625 0.27734375 0.0078125 0.01328125
1 0.83359375 0.9078125 0.01171875 0.01796875
1 0.9 0.3484375 0.009375 0.015625
1 0.35234375 0.32109375 0.00703125 0.01328125
1 0.6609375 0.3640625 0.00859375 0.015625
1 0.8703125 0.96875 0.0140625 0.0203125
1 0.46640625 0.89140625 0.00703125 0.01015625
1 0.590625 0.38671875 0.00859375 0.01484375
4 0.3390625 0.5484375 0.0828125 0.159375
1 0.578125 0.3828125 0.0078125 0.0140625
1 0.5203125 0.2578125 0.00703125 0.0125
1 0.959375 0.36640625 0.01015625 0.0140625
1 0.14375 0.303125 0.00859375 0.0125
0 0.03125 0.22265625 0.00859375 0.0140625
0 0.82890625 0.11484375 0.01484375 0.02421875
1 0.9734375 0.35546875 0.01015625 0.01484375
1 0.89453125 0.91640625 0.0125 0.01953125
1 0.3421875 0.3203125 0.00859375 0.0140625
1 0.65390625 0.3015625 0.00703125 0.01328125
1 0.140625 0.9 0.01171875 0.0171875
1 0.11328125 0.2609375 0.0078125 0.01328125
1 0.640625 0.2875 0.00703125 0.0125
1 0.1890625 0.2671875 0.00625 0.01015625
1 0.2671875 0.50546875 0.01171875 0.0171875
1 0.84609375 0.89375 0.01015625 0.01484375
0 0.146875 0.84140625 0.0109375 0.0171875
1 0.9171875 0.38046875 0.00859375 0.0140625
1 0.92578125 0.340625 0.0109375 0.015625
1 0.00546875 0.36484375 0.009375 0.015625
1 0.17734375 0.28515625 0.0078125 0.01640625
1 0.83515625 0.271875 0.00859375 0.0109375
1 0.01875 0.375 0.01015625 0.015625
1 0.875 0.47890625 0.0109375 0.01953125
1 0.2859375 0.45 0.01015625 0.01328125
1 0.3265625 0.3671875 0.01015625 0.0140625
1 0.1296875 0.2921875 0.0109375 0.015625
1 0.85078125 0.946875 0.015625 0.028125
1 0.859375 0.29921875 0.009375 0.01640625
1 0.84921875 0.3734375 0.01015625 0.01484375
1 0.88984375 0.30546875 0.0078125 0.01328125
1 0.65234375 0.28515625 0.009375 0.01328125
1 0.8515625 0.27890625 0.00703125 0.01328125
1 0.28515625 0.465625 0.01171875 0.0171875
1 0.26171875 0.53046875 0.0125 0.01328125
1 0.3015625 0.4890625 0.0109375 0.0203125
1 0.6609375 0.26484375 0.0078125 0.0125
1 0.88984375 0.2796875 0.01015625 0.01640625
1 0.60546875 0.271875 0.00703125 0.01171875
1 0.8890625 0.94140625 0.0140625 0.0203125
1 0.1375 0.265625 0.0078125 0.01328125
0 0.0453125 0.25859375 0.00859375 0.0140625
1 0.06796875 0.34140625 0.00703125 0.01328125
1 0.1484375 0.28203125 0.0078125 0.0125
1 0.3953125 0.26484375 0.0078125 0.0125
1 0.82265625 0.87890625 0.0109375 0.01640625
1 0.85859375 0.9 0.0125 0.0203125
1 0.8265625 0.29375 0.009375 0.01328125
1 0.05 0.98515625 0.01796875 0.02734375
0 0.125 0.84140625 0.01171875 0.01953125
1 0.06171875 0.34375 0.01015625 0.0140625
1 0.3984375 0.98984375 0.01875 0.01953125
1 0.8640625 0.9890625 0.02109375 0.021875
1 0.2375 0.86953125 0.00703125 0.0109375
1 0.86328125 0.2859375 0.0078125 0.0125
1 0.190625 0.87109375 0.00859375 0.0125
1 0.46484375 0.878125 0.00625 0.0109375
1 0.04453125 0.3421875 0.0078125 0.015625
1 0.87734375 0.27265625 0.009375 0.0125
1 0.64765625 0.30390625 0.0078125 0.01171875
1 0.02578125 0.34609375 0.0109375 0.01640625
1 0.30234375 0.45703125 0.00859375 0.015625
1 0.3828125 0.2609375 0.0078125 0.0140625
3 0.4546875 0.84921875 0.025 0.02890625
1 0.80703125 0.86875 0.00703125 0.0109375
1 0.4015625 0.2578125 0.0078125 0.0109375
1 0.19453125 0.2640625 0.0078125 0.0109375
1 0.12578125 0.26953125 0.009375 0.0125
1 0.70703125 0.62578125 0.009375 0.009375
1 0.26171875 0.48515625 0.0078125 0.009375
1 0.96015625 0.34609375 0.01015625 0.0140625
1 0.178125 0.8703125 0.01015625 0.01484375
1 0.94765625 0.3546875 0.009375 0.015625
1 0.27109375 0.4671875 0.0109375 0.0171875
1 0.709375 0.6453125 0.009375 0.01015625
1 0.24296875 0.61796875 0.0109375 0.01328125
1 0.07734375 0.31875 0.01171875 0.015625
1 0.3171875 0.3453125 0.00703125 0.009375
1 0.21640625 0.86796875 0.00703125 0.0109375
1 0.784375 0.93515625 0.01953125 0.034375
1 0.8984375 0.30234375 0.01171875 0.0140625
1 0.9890625 0.39609375 0.01328125 0.01640625
1 0.07265625 0.9875 0.0203125 0.02421875
1 0.92890625 0.32421875 0.00703125 0.0140625
1 0.9296875 0.38046875 0.01171875 0.0140625
0 0.1015625 0.8296875 0.01015625 0.0171875
1 0.58359375 0.996875 0.01015625 0.00625
1 0.60625 0.26171875 0.0078125 0.01171875
0 0.053125 0.27109375 0.00859375 0.0140625
1 0.109375 0.3078125 0.0078125 0.01171875
1 0.67578125 0.26328125 0.00859375 0.01171875
1 0.90234375 0.93828125 0.0125 0.0203125
1 0.2890625 0.3671875 0.0078125 0.01484375
1 0.60390625 0.8328125 0.00703125 0.01171875
1 0.3265625 0.34921875 0.01015625 0.01328125