3 0.09453125 0.3390625 0.07421875 0.075
2 0.77109375 0.2203125 0.08515625 0.05859375
1 0.2828125 0.57734375 0.01328125 0.0203125
3 0.33046875 0.3453125 0.05078125 0.08828125
1 0.30703125 0.890625 0.01171875 0.0203125
1 0.94453125 0.40546875 0.0109375 0.01640625
4 0.69921875 0.815625 0.053125 0.06640625
3 0.3140625 0.4625 0.10234375 0.11796875
1 0.8671875 0.41875 0.01015625 0.0171875
3 0.11171875 0.83671875 0.05078125 0.06015625
1 0.78359375 0.56484375 0.0140625 0.02421875
1 0.32421875 0.58125 0.0125 0.01953125
1 0.97109375 0.4390625 0.01171875 0.01796875
2 0.24921875 0.2265625 0.09375 0.0484375
1 0.559375 0.48671875 0.0109375 0.0203125
1 0.5828125 0.4015625 0.0109375 0.0171875
1 0.259375 0.56484375 0.01328125 0.0234375
1 0.06796875 0.509375 0.01171875 0.0203125
1 0.20546875 0.43359375 0.0078125 0.0171875
1 0.509375 0.36875 0.009375 0.015625
1 0.29296875 0.89296875 0.0125 0.0203125
1 0.10390625 0.44140625 0.01015625 0.0171875
1 0.38125 0.42265625 0.009375 0.01640625
1 0.678125 0.39140625 0.00859375 0.015625
1 0.25703125 0.44296875 0.009375 0.01640625
1 0.65390625 0.54296875 0.01328125 0.0234375
1 0.6203125 0.48671875 0.0109375 0.01875
1 0.43203125 0.540625 0.0109375 0.021875
4 0.78671875 0.4484375 0.09609375 0.13203125
1 0.38359375 0.44375 0.01015625 0.0171875
1 0.1078125 0.46171875 0.01171875 0.01875
1 0.6265625 0.50234375 0.01171875 0.01875
1 0.646875 0.3734375 0.009375 0.015625
1 0.41875 0.45625 0.009375 0.01796875
1 0.56875 0.4328125 0.0109375 0.0171875
1 0.6953125 0.4453125 0.0109375 0.01640625
1 0.69765625 0.36640625 0.01171875 0.015625
1 0.09609375 0.46171875 0.01171875 0.01875
1 0.25859375 0.88671875 0.0109375 0.0203125
1 0.69921875 0.41875 0.0109375 0.01484375
1 0.63046875 0.528125 0.0125 0.0203125
1 0.53984375 0.384375 0.009375 0.015625
1 0.28828125 0.54609375 0.0125 0.021875
1 0.459375 0.6140625 0.01171875 0.01796875
1 0.61015625 0.375 0.00859375 0.0140625
1 0.65546875 0.44296875 0.01015625 0.01796875
1 0.36015625 0.9015625 0.01328125 0.01484375
1 0.58359375 0.36875 0.009375 0.01328125
1 0.159375 0.30546875 0.0078125 0.0125
1 0.55703125 0.5828125 0.01328125 0.02421875
1 0.5359375 0.33125 0.0078125 0.01328125
1 0.46484375 0.6453125 0.01171875 0.01328125
1 0.9046875 0.90546875 0.01875 0.03203125
4 0.55 0.8296875 0.07421875 0.0859375
1 0.32734375 0.62421875 0.01328125 0.0234375
1 0.02109375 0.40078125 0.01015625 0.01484375
1 0.5421875 0.434375 0.0109375 0.01875
1 0.51484375 0.35 0.0078125 0.0140625
1 0.409375 0.63984375 0.0140625 0.0234375
1 0.63984375 0.48515625 0.01171875 0.0203125
1 0.35390625 0.44375 0.01015625 0.01640625
1 0.8453125 0.30703125 0.00859375 0.01328125
1 0.61875 0.5546875 0.00859375 0.01640625
1 0.8421875 0.33046875 0.0078125 0.01328125
1 0.61953125 0.40546875 0.00859375 0.0140625
1 0.590625 0.38359375 0.00859375 0.01484375
1 0.10703125 0.05390625 0.0109375 0.01640625
1 0.553125 0.4296875 0.01015625 0.0171875
1 0.8953125 0.30078125 0.00859375 0.01328125
1 0.60703125 0.340625 0.0078125 0.01328125
1 0.18828125 0.340625 0.0078125 0.01328125
1 0.403125 0.45234375 0.01015625 0.0171875
1 0.1921875 0.3875 0.009375 0.015625
1 0.43359375 0.35546875 0.00859375 0.0140625
1 0.24140625 0.85234375 0.0078125 0.0125
1 0.18984375 0.84375 0.00625 0.0109375
1 0.72265625 0.8453125 0.0078125 0.01171875
1 0.828125 0.315625 0.00859375 0.0140625
1 0.634375 0.38515625 0.009375 0.01484375
1 0.37265625 0.3734375 0.0109375 0.01796875
1 0.61953125 0.42578125 0.01015625 0.0171875
1 0.7109375 0.43203125 0.01015625 0.01640625
1 0.39296875 0.36484375 0.009375 0.0171875
1 0.56015625 0.39765625 0.0109375 0.01875
1 0.26640625 0.52109375 0.01171875 0.01875
1 0.915625 0.31875 0.009375 0.01328125
1 0.47109375 0.375 0.009375 0.01640625
1 0.28359375 0.8578125 0.00859375 0.01484375
1 0.58359375 0.31640625 0.00859375 0.01328125
1 0.46015625 0.36953125 0.009375 0.01328125
1 0.72421875 0.4484375 0.0109375 0.01875
1 0.61328125 0.3890625 0.009375 0.01640625
1 0.26875 0.859375 0.00859375 0.01484375
1 0.4921875 0.32265625 0.00703125 0.0140625
1 0.3515625 0.41640625 0.00859375 0.01484375
1 0.3578125 0.34921875 0.0078125 0.01484375
1 0.63046875 0.4359375 0.0125 0.01796875
1 0.296875 0.34609375 0.009375 0.0171875
1 0.25546875 0.5109375 0.0109375 0.01875
1 0.675 0.40859375 0.0109375 0.015625
1 0.3484375 0.86953125 0.0109375 0.01640625
1 0.38046875 0.34296875 0.00859375 0.01171875
1 0.8328125 0.85078125 0.0078125 0.01328125
1 0.6640625 0.440625 0.01015625 0.015625
1 0.74453125 0.434375 0.00859375 0.0125
1 0.4015625 0.40078125 0.01328125 0.0171875
1 0.3390625 0.3984375 0.00859375 0.0140625
0 0.09453125 0.190625 0.009375 0.01640625
1 0.7203125 0.434375 0.01015625 0.01328125
1 0.69296875 0.84921875 0.00859375 0.0140625
1 0.69375 0.32734375 0.0078125 0.0125
1 0.153125 0.2921875 0.00859375 0.0140625
1 0.1234375 0.0984375 0.01015625 0.01796875
1 0.5296875 0.43125 0.00859375 0.0140625
1 0.44765625 0.353125 0.01015625 0.01484375
0 0.89453125 0.01796875 0.0125 0.01875
1 0.42421875 0.35 0.00859375 0.01484375
1 0.38125 0.3578125 0.009375 0.01484375
1 0.0109375 0.403125 0.009375 0.015625
1 0.2578125 0.4953125 0.00859375 0.01328125
1 0.92109375 0.8484375 0.0078125 0.015625
1 0.146875 0.32109375 0.00859375 0.01328125
1 0.5421875 0.4171875 0.01171875 0.01875
1 0.38984375 0.3328125 0.00859375 0.01875
1 0.2703125 0.50234375 0.01015625 0.015625
1 0.67421875 0.43515625 0.01171875 0.01796875
1 0.734375 0.44609375 0.009375 0.01875
1 0.0828125 0.871875 0.01328125 0.01875
1 0.66640625 0.3796875 0.00859375 0.01171875
1 0.63671875 0.41484375 0.009375 0.01328125
1 0.60390625 0.328125 0.00625 0.01171875
1 0.040625 0.37890625 0.009375 0.0140625
1 0.503125 0.35546875 0.00703125 0.01328125
1 0.64921875 0.29921875 0.00859375 0.01171875
1 0.64375 0.428125 0.009375 0.015625
1 0.56484375 0.315625 0.00859375 0.015625
1 0.70078125 0.43203125 0.0109375 0.01484375
1 0.65546875 0.31875 0.009375 0.01328125
1 0.275 0.84375 0.0109375 0.0125
1 0.6421875 0.3453125 0.01171875 0.01640625
1 0.41015625 0.3515625 0.01015625 0.015625
1 0.0578125 0.36796875 0.009375 0.015625
1 0.9046875 0.9890625 0.015625 0.01953125
1 0.48984375 0.303125 0.00859375 0.0125
1 0.509375 0.296875 0.00859375 0.01484375
1 0.36953125 0.33125 0.00859375 0.0140625
1 0.61171875 0.3234375 0.0109375 0.0140625
1 0.54375 0.90390625 0.01328125 0.0125
1 0.66640625 0.39609375 0.0109375 0.01796875
1 0.39140625 0.309375 0.00703125 0.0125
1 0.621875 0.3328125 0.0109375 0.01484375
1 0.83515625 0.6265625 0.0140625 0.015625
1 0.53125 0.41953125 0.009375 0.0125
1 0.40703125 0.32109375 0.00859375 0.01171875
3 0.46328125 0.82890625 0.0375 0.0546875
1 0.52890625 0.40390625 0.00859375 0.01171875
1 0.2625 0.46640625 0.00859375 0.01171875
1 0.28359375 0.83671875 0.00703125 0.01171875
1 0.003125 0.48984375 0.00625 0.0125
1 0.0921875 0.85546875 0.00703125 0.01328125
1 0.35078125 0.30546875 0.0078125 0.0125
1 0.04921875 0.37734375 0.009375 0.01484375
1 0.66953125 0.3375 0.0109375 0.0203125
1 0.53359375 0.3078125 0.009375 0.01796875
1 0.4234375 0.32578125 0.00703125 0.0125
1 0.29765625 0.3171875 0.01015625 0.015625
1 0.13125 0.32265625 0.0078125 0.0125
1 0.415625 0.81015625 0.0078125 0.0125
1 0.83984375 0.84609375 0.00703125 0.01171875
1 0.4359375 0.328125 0.00703125 0.01328125
1 0.246875 0.8453125 0.00859375 0.0109375
1 0.65546875 0.340625 0.01015625 0.015625
1 0.39296875 0.44453125 0.009375 0.0171875
1 0.57109375 0.41796875 0.01171875 0.01640625
1 0.63359375 0.32109375 0.0078125 0.0109375
1 0.49921875 0.29609375 0.0109375 0.01484375