3 0.34453125 0.38046875 0.0828125 0.090625
3 0.165625 0.3125 0.059375 0.06484375
4 0.4109375 0.30390625 0.06328125 0.08125
2 0.7703125 0.21953125 0.0859375 0.0609375
1 0.96875 0.421875 0.01015625 0.0171875
3 0.21015625 0.83828125 0.0296875 0.040625
1 0.73046875 0.5578125 0.0125 0.02265625
1 0.63125 0.55390625 0.01328125 0.0203125
1 0.89609375 0.91796875 0.01484375 0.02578125
1 0.9546875 0.39609375 0.01015625 0.01640625
1 0.38515625 0.58125 0.01328125 0.0203125
4 0.565625 0.475 0.06953125 0.1296875
1 0.25703125 0.484375 0.01015625 0.01875
1 0.4859375 0.57109375 0.0125 0.02265625
1 0.934375 0.35625 0.009375 0.015625
1 0.66171875 0.55390625 0.0125 0.021875
1 0.68359375 0.459375 0.01171875 0.01875
1 0.453125 0.384375 0.00859375 0.01640625
1 0.709375 0.50234375 0.0109375 0.01796875
2 0.2453125 0.22578125 0.09375 0.04609375
1 0.496875 0.4265625 0.01015625 0.01875
1 0.83125 0.4015625 0.01015625 0.01640625
1 0.16484375 0.89453125 0.0125 0.0203125
1 0.3171875 0.47734375 0.0109375 0.01796875
1 0.07578125 0.40703125 0.01015625 0.01640625
1 0.303125 0.421875 0.009375 0.01640625
1 0.734375 0.5359375 0.0125 0.0203125
1 0.29296875 0.4421875 0.01015625 0.01640625
1 0.12421875 0.57734375 0.0125 0.02109375
1 0.25703125 0.9078125 0.01484375 0.02421875
1 0.70546875 0.86875 0.00859375 0.01484375
0 0.171875 0.234375 0.009375 0.015625
1 0.6859375 0.5140625 0.01171875 0.01796875
1 0.409375 0.409375 0.00859375 0.01640625
1 0.365625 0.546875 0.01171875 0.02265625
1 0.8515625 0.88125 0.009375 0.0171875
1 0.9453125 0.903125 0.01640625 0.0265625
1 0.40078125 0.4328125 0.009375 0.01796875
1 0.153125 0.9296875 0.015625 0.028125
1 0.871875 0.31640625 0.00859375 0.01328125
1 0.12265625 0.88125 0.01015625 0.0171875
1 0.55703125 0.36875 0.00859375 0.0140625
1 0.46015625 0.3296875 0.00859375 0.01328125
1 0.17734375 0.36015625 0.00703125 0.0140625
1 0.0765625 0.39140625 0.009375 0.01328125
1 0.21015625 0.88046875 0.01015625 0.015625
1 0.71875 0.4859375 0.01171875 0.01953125
1 0.9234375 0.340625 0.01015625 0.0171875
1 0.32265625 0.44609375 0.00859375 0.0140625
0 0.15546875 0.2453125 0.00859375 0.015625
1 0.3203125 0.4328125 0.00859375 0.01328125
1 0.65625 0.34609375 0.00859375 0.01484375
1 0.178125 0.3453125 0.00703125 0.01171875
1 0.53984375 0.378125 0.009375 0.01640625
1 0.6625 0.50234375 0.01171875 0.01875
1 0.84296875 0.31640625 0.0078125 0.0140625
1 0.825 0.88984375 0.01171875 0.02109375
1 0.65625 0.36875 0.00859375 0.0125
1 0.6734375 0.546875 0.01171875 0.02265625
1 0.98125 0.36796875 0.009375 0.0140625
1 0.29765625 0.465625 0.01015625 0.015625
1 0.59140625 0.365625 0.0078125 0.0140625
1 0.6484375 0.52109375 0.0109375 0.0203125
1 0.06484375 0.38984375 0.01015625 0.01484375
1 0.87421875 0.99140625 0.0203125 0.015625
1 0.61796875 0.54375 0.01171875 0.01796875
1 0.740625 0.50703125 0.009375 0.0140625
1 0.66484375 0.48515625 0.0109375 0.01484375
1 0.9234375 0.88125 0.01015625 0.01484375
1 0.853125 0.33203125 0.00703125 0.01328125
4 0.875 0.596875 0.0796875 0.0890625
1 0.70703125 0.4796875 0.01015625 0.0171875
1 0.303125 0.478125 0.01015625 0.01796875
1 0.225 0.8890625 0.0109375 0.01796875
0 0.15546875 0.19765625 0.00859375 0.015625
1 0.12265625 0.321875 0.0078125 0.01171875
1 0.31875 0.45703125 0.01015625 0.01328125
1 0.4703125 0.31796875 0.009375 0.0140625
1 0.46640625 0.5078125 0.0125 0.025
1 0.815625 0.4015625 0.0078125 0.01484375
1 0.30390625 0.44375 0.0109375 0.01640625
1 0.67265625 0.3671875 0.00859375 0.01171875
1 0.971875 0.35625 0.0078125 0.0140625
1 0.66171875 0.33203125 0.009375 0.0140625
1 0.56640625 0.35859375 0.00859375 0.0140625
1 0.73671875 0.471875 0.0109375 0.01875
0 0.15078125 0.2140625 0.009375 0.01484375
1 0.68671875 0.86640625 0.009375 0.01640625
1 0.653125 0.48671875 0.01015625 0.0140625
1 0.25546875 0.85390625 0.00703125 0.0125
1 0.828125 0.84609375 0.00625 0.0109375
1 0.71796875 0.44921875 0.01015625 0.015625
1 0.67578125 0.50234375 0.0109375 0.0171875
1 0.003125 0.4390625 0.00625 0.0203125
1 0.61328125 0.3515625 0.009375 0.01484375
1 0.60859375 0.3015625 0.00859375 0.0125
1 0.71953125 0.434375 0.00859375 0.01328125
1 0.1640625 0.87265625 0.01015625 0.0171875
1 0.94296875 0.33359375 0.0078125 0.01328125
1 0.65078125 0.50234375 0.01171875 0.01796875
1 0.84375 0.853125 0.00703125 0.01171875
1 0.88671875 0.86796875 0.01015625 0.01328125
1 0.41484375 0.48203125 0.01015625 0.021875
1 0.4921875 0.29609375 0.0078125 0.01171875
1 0.6671875 0.3953125 0.009375 0.01171875
1 0.4203125 0.49375 0.0078125 0.0140625
1 0.25625 0.83203125 0.00703125 0.01328125
1 0.484375 0.303125 0.0078125 0.01171875
1 0.62734375 0.37109375 0.0078125 0.01328125
1 0.37734375 0.33359375 0.009375 0.01328125
1 0.65703125 0.296875 0.0078125 0.0125
1 0.671875 0.3375 0.00859375 0.0140625
1 0.6578125 0.37890625 0.009375 0.01328125
1 0.903125 0.32265625 0.009375 0.01484375
1 0.57578125 0.315625 0.0078125 0.0140625
1 0.653125 0.41953125 0.01328125 0.0171875
1 0.09375 0.33359375 0.0078125 0.0125
1 0.61015625 0.37421875 0.0109375 0.01484375
1 0.02265625 0.46171875 0.009375 0.0109375
1 0.95078125 0.98828125 0.0171875 0.02109375
1 0.9078125 0.30546875 0.00859375 0.0125
1 0.4515625 0.29921875 0.0078125 0.01171875
1 0.7078125 0.46015625 0.0109375 0.0171875
1 0.46875 0.2953125 0.00859375 0.0125
1 0.53515625 0.30390625 0.00859375 0.0125
1 0.59921875 0.378125 0.009375 0.01328125
1 0.68125 0.48515625 0.01328125 0.015625
1 0.05703125 0.38046875 0.009375 0.0125
1 0.69765625 0.48203125 0.01015625 0.01875
1 0.6765625 0.39765625 0.0078125 0.0125
1 0.7625 0.9953125 0.015625 0.0078125
1 0.08203125 0.3484375 0.009375 0.0171875
1 0.6703125 0.3859375 0.009375 0.01171875
0 0.23125 0.76875 0.00703125 0.0140625
1 0.74140625 0.840625 0.00546875 0.01015625
1 0.6375 0.5140625 0.009375 0.01484375
1 0.884375 0.84921875 0.0078125 0.01171875
1 0.6734375 0.29609375 0.01015625 0.0125
1 0.8984375 0.30234375 0.01015625 0.01328125
1 0.38359375 0.365625 0.0078125 0.01484375
1 0.70234375 0.85 0.009375 0.01171875
1 0.165625 0.8453125 0.00703125 0.01015625
1 0.5125 0.29921875 0.009375 0.01171875
1 0.56171875 0.315625 0.009375 0.0140625
4 0.5640625 0.809375 0.0296875 0.03359375
1 0.35390625 0.325 0.00703125 0.0109375
1 0.6796875 0.38515625 0.00859375 0.0125
1 0.44375 0.3140625 0.00625 0.01171875
1 0.078125 0.334375 0.0078125 0.0125
1 0.575 0.34921875 0.009375 0.01328125
1 0.2234375 0.7203125 0.00859375 0.01328125
1 0.20625 0.73828125 0.00703125 0.0125
1 0.64296875 0.4859375 0.01015625 0.015625
1 0.91640625 0.93984375 0.0140625 0.02265625
1 0.65546875 0.44375 0.01015625 0.01640625
1 0.14375 0.8703125 0.00859375 0.01484375
1 0.6484375 0.378125 0.01171875 0.01484375
1 0.103125 0.32578125 0.0078125 0.01328125
1 0.915625 0.32421875 0.009375 0.0125
0 0.25390625 0.75859375 0.0078125 0.01484375
1 0.6953125 0.38515625 0.0078125 0.01171875
1 0.85078125 0.8484375 0.00703125 0.0109375
1 0.65546875 0.3921875 0.0109375 0.01328125
1 0.6796875 0.83046875 0.00546875 0.01015625