2 0.2328125 0.2203125 0.10625 0.0640625
4 0.55546875 0.25234375 0.0828125 0.075
3 0.63359375 0.3203125 0.090625 0.0890625
3 0.10546875 0.5015625 0.1109375 0.128125
1 0.703125 0.4640625 0.028125 0.01875
4 0.771875 0.84921875 0.065625 0.05625
2 0.7484375 0.2046875 0.109375 0.0578125
1 0.6234375 0.4 0.0265625 0.0171875
1 0.33359375 0.45703125 0.028125 0.01875
1 0.75390625 0.53984375 0.0296875 0.021875
1 0.3921875 0.4296875 0.028125 0.01875
1 0.70625 0.4296875 0.028125 0.0171875
1 0.8125 0.9140625 0.03125 0.021875
1 0.95234375 0.42734375 0.028125 0.0171875
1 0.50078125 0.39453125 0.0265625 0.0171875
1 0.58828125 0.375 0.0265625 0.0171875
1 0.31484375 0.375 0.0265625 0.015625
1 0.371875 0.39765625 0.0265625 0.01875
1 0.1640625 0.9109375 0.0296875 0.0203125
1 0.8234375 0.3140625 0.028125 0.0171875
1 0.44453125 0.4265625 0.0265625 0.01875
1 0.6 0.4 0.028125 0.015625
1 0.971875 0.4328125 0.0296875 0.01875
1 0.965625 0.4125 0.028125 0.0171875
1 0.83671875 0.56015625 0.0296875 0.01875
1 0.0609375 0.33828125 0.0265625 0.0140625
1 0.6609375 0.5421875 0.0265625 0.015625
1 0.89765625 0.3265625 0.0265625 0.015625
1 0.08125 0.62109375 0.03125 0.025
1 0.49140625 0.43828125 0.0296875 0.01875
1 0.915625 0.38984375 0.0296875 0.01875
1 0.71328125 0.4546875 0.028125 0.0171875
1 0.728125 0.440625 0.028125 0.015625
1 0.328125 0.33359375 0.025 0.0140625
1 0.0890625 0.928125 0.03125 0.021875
1 0.8421875 0.578125 0.03125 0.021875
1 0.73125 0.4578125 0.028125 0.01875
1 0.73203125 0.51875 0.028125 0.0203125
1 0.91640625 0.35859375 0.028125 0.0171875
1 0.8484375 0.27421875 0.025 0.0125
1 0.62421875 0.35546875 0.028125 0.015625
1 0.5828125 0.42109375 0.0265625 0.0171875
1 0.73515625 0.42109375 0.028125 0.01875
1 0.321875 0.6484375 0.0296875 0.0140625
1 0.60546875 0.35546875 0.0265625 0.015625
1 0.33828125 0.2703125 0.025 0.0125
1 0.65625 0.38359375 0.0265625 0.015625
1 0.06015625 0.41875 0.028125 0.0171875
1 0.7 0.3203125 0.0265625 0.015625
1 0.55390625 0.33359375 0.0265625 0.015625
1 0.69765625 0.8796875 0.0265625 0.015625
1 0.47734375 0.3484375 0.0265625 0.0171875
1 0.0875 0.31171875 0.0265625 0.0140625
1 0.7921875 0.87421875 0.028125 0.0171875
1 0.3265625 0.60625 0.03125 0.0234375
1 0.5296875 0.31953125 0.025 0.0140625
1 0.159375 0.88046875 0.025 0.0140625
1 0.04921875 0.37265625 0.028125 0.015625
1 0.46484375 0.62109375 0.028125 0.015625
1 0.21484375 0.978125 0.0359375 0.034375
1 0.80859375 0.39375 0.028125 0.0171875
1 0.11328125 0.31640625 0.0265625 0.0140625
1 0.153125 0.309375 0.025 0.0125
1 0.1703125 0.98203125 0.0375 0.0359375
1 0.74296875 0.51640625 0.0265625 0.01875
1 0.54296875 0.32265625 0.0265625 0.0140625
1 0.6234375 0.4765625 0.028125 0.01875
1 0.596875 0.34296875 0.0265625 0.015625
1 0.84375 0.3125 0.0265625 0.0140625
1 0.64453125 0.3828125 0.028125 0.0171875
0 0.7625 0.8046875 0.0265625 0.015625
1 0.8546875 0.640625 0.0296875 0.015625
1 0.934375 0.36484375 0.028125 0.0140625
1 0.07578125 0.35390625 0.0265625 0.0140625
1 0.990625 0.5609375 0.01875 0.01875
1 0.88828125 0.30703125 0.0265625 0.0140625
1 0.809375 0.875 0.0265625 0.0125
1 0.984375 0.41015625 0.0296875 0.01875
1 0.02734375 0.37265625 0.028125 0.015625
1 0.49296875 0.36484375 0.0265625 0.015625
1 0.58359375 0.4453125 0.028125 0.01875
1 0.0796875 0.3671875 0.0265625 0.015625
1 0.07265625 0.31640625 0.0265625 0.0140625
1 0.9109375 0.9234375 0.0328125 0.0234375
1 0.83984375 0.63671875 0.03125 0.021875
1 0.784375 0.9265625 0.0328125 0.0296875
1 0.13515625 0.87734375 0.025 0.0140625
1 0.35625 0.265625 0.025 0.0140625
1 0.66875 0.36171875 0.0265625 0.015625
1 0.14296875 0.290625 0.025 0.0125
1 0.678125 0.3734375 0.0265625 0.0171875
1 0.828125 0.2671875 0.025 0.015625
1 0.9671875 0.371875 0.0296875 0.01875
1 0.8171875 0.62890625 0.03125 0.0203125
1 0.15859375 0.3265625 0.0265625 0.0140625
1 0.68203125 0.89609375 0.03125 0.021875
1 0.52890625 0.2921875 0.025 0.0125
1 0.73046875 0.87109375 0.0296875 0.0203125
1 0.934375 0.921875 0.0328125 0.025
1 0.978125 0.3859375 0.028125 0.0140625
1 0.6296875 0.38671875 0.0265625 0.015625
1 0.10703125 0.28203125 0.0265625 0.0125
1 0.5125 0.28671875 0.025 0.0125
1 0.8140625 0.25859375 0.0265625 0.0140625
1 0.77421875 0.6453125 0.0296875 0.0140625
1 0.43984375 0.87109375 0.025 0.0125
1 0.92421875 0.978125 0.0390625 0.028125
1 0.84140625 0.25625 0.025 0.0125
1 0.109375 0.2984375 0.025 0.0125
0 0.571875 0.9875 0.034375 0.0203125
1 0.0671875 0.9390625 0.03125 0.025
0 0.76953125 0.24296875 0.028125 0.0171875
1 0.10703125 0.89140625 0.0265625 0.0140625
1 0.45078125 0.64765625 0.0265625 0.0109375
1 0.53671875 0.30390625 0.0265625 0.0140625
1 0.65703125 0.88671875 0.0265625 0.0125
1 0.5 0.26953125 0.0265625 0.0140625
1 0.87890625 0.27265625 0.0265625 0.0125
1 0.16875 0.278125 0.025 0.0125
1 0.13984375 0.28046875 0.0265625 0.0109375
1 0.66015625 0.25390625 0.0265625 0.0125
1 0.8875 0.284375 0.0265625 0.0140625
1 0.05390625 0.95390625 0.028125 0.015625
1 0.87421875 0.26015625 0.0265625 0.015625
1 0.23515625 0.8703125 0.0234375 0.0125
1 0.903125 0.3140625 0.0265625 0.0125
1 0.9 0.9515625 0.034375 0.03125
1 0.89765625 0.90546875 0.0296875 0.0234375
1 0.88828125 0.26484375 0.0265625 0.0125
1 0.17109375 0.8625 0.025 0.0109375
1 0.640625 0.8390625 0.028125 0.0234375
1 0.0140625 0.3875 0.025 0.0125
1 0.89609375 0.98828125 0.0296875 0.009375
1 0.9890625 0.3765625 0.021875 0.015625
1 0.0671875 0.9125 0.028125 0.0171875
1 0.85546875 0.9234375 0.03125 0.0203125
1 0.68203125 0.32734375 0.0265625 0.0125
1 0.2921875 0.6515625 0.028125 0.0109375
1 0.86328125 0.26328125 0.0265625 0.0125
1 0.6015625 0.2671875 0.0265625 0.0140625
1 0.4046875 0.2609375 0.025 0.0125
1 0.4140625 0.26015625 0.0265625 0.0140625
1 0.87265625 0.98046875 0.0359375 0.0265625
1 0.0890625 0.89453125 0.0265625 0.015625
1 0.51328125 0.25859375 0.025 0.0109375
1 0.94375 0.94765625 0.0328125 0.0296875
1 0.9328125 0.3328125 0.0265625 0.0171875
1 0.09765625 0.871875 0.0234375 0.0125
1 0.99140625 0.3625 0.0171875 0.0125
0 0.78125 0.23359375 0.028125 0.0171875
1 0.8875 0.940625 0.028125 0.021875
1 0.1890625 0.8734375 0.0234375 0.0109375
1 0.21640625 0.85859375 0.0234375 0.0109375
1 0.66328125 0.85625 0.0234375 0.0109375
1 0.06171875 0.98984375 0.03125 0.0203125
1 0.853125 0.97890625 0.028125 0.01875
1 0.81796875 0.86015625 0.025 0.009375
1 0.98203125 0.3453125 0.0265625 0.0140625
1 0.94375 0.35859375 0.028125 0.015625
1 0.3234375 0.62890625 0.0265625 0.009375
1 0.2015625 0.8703125 0.0234375 0.0125
1 0.07109375 0.89765625 0.0265625 0.0140625
1 0.58359375 0.7296875 0.025 0.0140625
1 0.9578125 0.9671875 0.03125 0.0234375
1 0.6671875 0.33671875 0.0265625 0.0171875
1 0.91171875 0.6453125 0.0265625 0.009375