4 0.103125 0.31484375 0.0890625 0.09375
3 0.83046875 0.35390625 0.075 0.096875
1 0.30234375 0.5046875 0.025 0.021875
3 0.69296875 0.8734375 0.084375 0.0828125
1 0.33828125 0.50703125 0.0234375 0.0171875
1 0.8890625 0.55234375 0.025 0.021875
1 0.03203125 0.4078125 0.0234375 0.0171875
1 0.46875 0.4171875 0.021875 0.015625
1 0.16953125 0.43984375 0.0234375 0.01875
1 0.36953125 0.45078125 0.0234375 0.01875
1 0.64921875 0.471875 0.0234375 0.01875
1 0.3953125 0.40234375 0.021875 0.0171875
1 0.834375 0.446875 0.021875 0.0171875
0 0.2359375 0.1421875 0.0234375 0.0171875
4 0.51171875 0.33515625 0.0828125 0.0875
1 0.5328125 0.4453125 0.021875 0.0171875
1 0.80703125 0.4375 0.021875 0.0171875
0 0.78515625 0.21796875 0.021875 0.0171875
1 0.13203125 0.89921875 0.0234375 0.021875
1 0.5828125 0.38515625 0.021875 0.0171875
1 0.09765625 0.38046875 0.021875 0.015625
1 0.746875 0.93359375 0.0265625 0.0234375
2 0.253125 0.203125 0.1015625 0.06875
1 0.63671875 0.60390625 0.0265625 0.0234375
1 0.54921875 0.36796875 0.021875 0.015625
3 0.21171875 0.8359375 0.0765625 0.05625
1 0.25703125 0.56015625 0.025 0.021875
1 0.06953125 0.40390625 0.0234375 0.0171875
1 0.72734375 0.48515625 0.0234375 0.021875
1 0.259375 0.884375 0.021875 0.0171875
4 0.51484375 0.8609375 0.053125 0.0484375
1 0.72421875 0.5203125 0.0234375 0.021875
1 0.81015625 0.9546875 0.0296875 0.028125
1 0.56171875 0.475 0.0234375 0.0203125
1 0.40078125 0.56796875 0.025 0.0234375
1 0.6171875 0.603125 0.025 0.0234375
1 0.93125 0.4171875 0.021875 0.0171875
1 0.55703125 0.4203125 0.021875 0.0171875
1 0.6390625 0.89765625 0.0234375 0.0171875
1 0.42265625 0.90078125 0.0203125 0.0125
1 0.4546875 0.48515625 0.0234375 0.0203125
1 0.81640625 0.409375 0.021875 0.015625
1 0.35859375 0.4 0.021875 0.015625
1 0.32734375 0.88828125 0.021875 0.0171875
1 0.71875 0.43828125 0.0234375 0.0171875
1 0.56796875 0.59765625 0.025 0.0203125
1 0.6046875 0.91015625 0.0234375 0.015625
1 0.3734375 0.50546875 0.021875 0.015625
1 0.596875 0.615625 0.025 0.021875
1 0.15859375 0.4203125 0.0234375 0.0171875
1 0.98828125 0.4453125 0.021875 0.0171875
1 0.43359375 0.425 0.021875 0.015625
1 0.434375 0.4578125 0.0234375 0.01875
1 0.15 0.40703125 0.0234375 0.01875
1 0.33125 0.42890625 0.021875 0.01875
1 0.403125 0.61484375 0.025 0.015625
1 0.17890625 0.2671875 0.01875 0.0140625
1 0.49609375 0.396875 0.0234375 0.015625
1 0.4015625 0.47265625 0.0234375 0.01875
0 0.2359375 0.11796875 0.0234375 0.01875
1 0.69765625 0.39296875 0.021875 0.0171875
0 0.14375 0.765625 0.021875 0.0171875
1 0.709375 0.39140625 0.0234375 0.0171875
0 0.153125 0.73671875 0.0234375 0.021875
1 0.63671875 0.334375 0.021875 0.015625
0 0.2875 0.21875 0.021875 0.01875
1 0.6984375 0.415625 0.021875 0.015625
1 0.528125 0.3828125 0.0203125 0.0140625
1 0.3 0.32890625 0.021875 0.0171875
0 0.1015625 0.1640625 0.0234375 0.0203125
1 0.68671875 0.3390625 0.021875 0.015625
1 0.8265625 0.95625 0.028125 0.028125
1 0.13515625 0.953125 0.03125 0.03125
1 0.1234375 0.53125 0.0234375 0.0203125
1 0.4640625 0.459375 0.021875 0.0171875
1 0.94453125 0.446875 0.0234375 0.01875
1 0.653125 0.3296875 0.0203125 0.015625
1 0.61015625 0.6234375 0.0234375 0.0140625
1 0.28203125 0.8734375 0.01875 0.015625
1 0.1796875 0.3640625 0.0234375 0.0171875
1 0.44609375 0.4671875 0.0234375 0.01875
1 0.49375 0.41796875 0.021875 0.0140625
1 0.39375 0.45859375 0.021875 0.01875
1 0.3296875 0.4125 0.021875 0.0140625
1 0.94140625 0.40625 0.021875 0.015625
1 0.33203125 0.39375 0.0234375 0.01875
0 0.1671875 0.0296875 0.0234375 0.01875
1 0.73984375 0.8953125 0.0171875 0.0140625
0 0.125 0.1703125 0.0234375 0.021875
1 0.42265625 0.37421875 0.021875 0.015625
0 0.1046875 0.10546875 0.0234375 0.01875
0 0.26875 0.21796875 0.021875 0.0171875
1 0.66953125 0.3125 0.01875 0.0140625
1 0.28671875 0.8859375 0.0234375 0.0171875
1 0.071875 0.91796875 0.0265625 0.025
1 0.49921875 0.44375 0.021875 0.015625
1 0.475 0.4453125 0.0234375 0.015625
1 0.0125 0.384375 0.0234375 0.0171875
0 0.28671875 0.16015625 0.021875 0.0171875
1 0.5921875 0.90546875 0.0234375 0.0171875
0 0.25234375 0.1765625 0.021875 0.015625
4 0.10859375 0.846875 0.078125 0.078125
1 0.440625 0.31796875 0.0203125 0.0140625
1 0.42578125 0.51875 0.0234375 0.021875
1 0.534375 0.42890625 0.021875 0.0140625
1 0.56875 0.5765625 0.0234375 0.0171875
1 0.1921875 0.8640625 0.01875 0.0140625
1 0.19375 0.35546875 0.021875 0.015625
1 0.146875 0.8609375 0.0203125 0.0140625
1 0.653125 0.39140625 0.0203125 0.0171875
1 0.3140625 0.3703125 0.0203125 0.0140625
1 0.7046875 0.296875 0.0203125 0.0140625
1 0.36640625 0.37265625 0.0234375 0.0203125
1 0.29765625 0.30859375 0.021875 0.01875
1 0.97265625 0.428125 0.021875 0.015625
1 0.46640625 0.3875 0.021875 0.015625
1 0.2078125 0.3859375 0.0234375 0.0171875
1 0.18515625 0.3296875 0.0203125 0.015625
1 0.83515625 0.921875 0.0234375 0.01875
0 0.84375 0.0671875 0.0234375 0.0203125
1 0.14453125 0.878125 0.0234375 0.0171875
1 0.69140625 0.3546875 0.01875 0.0140625
1 0.10703125 0.934375 0.028125 0.03125
1 0.5796875 0.40390625 0.0234375 0.0171875
1 0.4421875 0.41640625 0.021875 0.015625
1 0.4890625 0.44453125 0.0234375 0.0171875
1 0.5421875 0.40703125 0.021875 0.015625
1 0.37890625 0.25390625 0.01875 0.0125
0 0.15234375 0.00703125 0.025 0.0140625
1 0.43125 0.30546875 0.0203125 0.0140625
1 0.15234375 0.9265625 0.0265625 0.028125
0 0.8296875 0.0828125 0.021875 0.0171875
2 0.771875 0.225 0.10625 0.0625
1 0.315625 0.39765625 0.0234375 0.0171875
1 0.35078125 0.2828125 0.0171875 0.0109375
1 0.39765625 0.37734375 0.0234375 0.015625
1 0.3375 0.3703125 0.0203125 0.015625
1 0.60390625 0.271875 0.01875 0.0140625
1 0.41484375 0.36015625 0.0203125 0.0140625
1 0.90546875 0.29453125 0.01875 0.0125
1 0.26015625 0.86171875 0.01875 0.0140625
1 0.04921875 0.35234375 0.021875 0.015625
1 0.16015625 0.31796875 0.021875 0.015625
0 0.5703125 0.7125 0.0203125 0.015625
1 0.95078125 0.4234375 0.021875 0.0140625
1 0.8765625 0.28046875 0.01875 0.0140625
1 0.44296875 0.2671875 0.0203125 0.0140625
0 0.10859375 0.03515625 0.0234375 0.015625
1 0.56484375 0.26171875 0.0203125 0.0140625
1 0.65859375 0.3015625 0.01875 0.0140625
1 0.56328125 0.90546875 0.0234375 0.0171875
1 0.48984375 0.38203125 0.021875 0.0171875
1 0.94453125 0.3625 0.021875 0.015625
1 0.5390625 0.39140625 0.0203125 0.0125
1 0.16484375 0.89296875 0.0234375 0.0203125
1 0.37734375 0.86328125 0.01875 0.0125
1 0.30390625 0.40390625 0.021875 0.015625
0 0.10859375 0.2375 0.021875 0.015625
1 0.90234375 0.31484375 0.021875 0.0140625
1 0.45703125 0.38359375 0.021875 0.0171875
1 0.7609375 0.934375 0.025 0.0203125
1 0.89609375 0.28828125 0.01875 0.0125
1 0.453125 0.36875 0.021875 0.0171875
1 0.50859375 0.3953125 0.0234375 0.01875
1 0.8640625 0.2796875 0.0203125 0.0125
1 0.1515625 0.96328125 0.0296875 0.03125
1 0.6265625 0.64765625 0.025 0.0171875
0 0.13046875 0.0203125 0.025 0.0203125
1 0.878125 0.9390625 0.025 0.025
1 0.71015625 0.4265625 0.021875 0.015625
1 0.784375 0.8859375 0.01875 0.0109375
1 0.528125 0.40078125 0.0234375 0.015625
1 0.98203125 0.36875 0.0203125 0.0140625
1 0.03828125 0.334375 0.0203125 0.015625
1 0.54140625 0.265625 0.0203125 0.0140625
1 0.915625 0.9546875 0.0265625 0.028125
1 0.63828125 0.27109375 0.0203125 0.0125
1 0.65234375 0.30078125 0.0203125 0.0171875
1 0.7859375 0.925 0.025 0.0203125
0 0.21484375 0.065625 0.0234375 0.01875
1 0.5 0.89140625 0.0171875 0.0125
1 0.090625 0.36640625 0.0203125 0.0125
1 0.2078125 0.86328125 0.0234375 0.015625
1 0.05 0.334375 0.0203125 0.0125
1 0.1640625 0.878125 0.0203125 0.0140625
1 0.43203125 0.3734375 0.0234375 0.0140625
1 0.71015625 0.325 0.021875 0.015625
1 0.8578125 0.9046875 0.021875 0.0171875
1 0.915625 0.31484375 0.0203125 0.0125
1 0.0640625 0.96953125 0.028125 0.0171875
1 0.51953125 0.3984375 0.021875 0.01875
1 0.434375 0.35078125 0.021875 0.0140625
1 0.13359375 0.25390625 0.01875 0.0125
1 0.65234375 0.86640625 0.0171875 0.0109375
1 0.7578125 0.88125 0.01875 0.0109375
1 0.71875 0.31875 0.021875 0.0171875
1 0.96171875 0.41171875 0.0203125 0.015625
0 0.78984375 0.13984375 0.021875 0.0171875
1 0.8046875 0.925 0.021875 0.0203125
0 0.76171875 0.18046875 0.01875 0.0140625
1 0.93359375 0.31640625 0.0203125 0.0140625
1 0.38515625 0.8640625 0.01875 0.0125
1 0.40390625 0.86484375 0.01875 0.0125
1 0.053125 0.91015625 0.025 0.021875
0 0.76171875 0.24140625 0.0234375 0.0125
1 0.3640625 0.38828125 0.0203125 0.0109375
1 0.98671875 0.4265625 0.0234375 0.0125
0 0.58359375 0.72109375 0.0203125 0.0140625
1 0.38359375 0.36640625 0.0234375 0.0171875
1 0.640625 0.3953125 0.0234375 0.015625
1 0.9828125 0.415625 0.021875 0.0125
1 0.22109375 0.86953125 0.021875 0.0140625
1 0.33203125 0.31875 0.021875 0.0171875
1 0.07421875 0.86875 0.0203125 0.0140625
1 0.496875 0.4296875 0.021875 0.0109375
1 0.6640625 0.28125 0.0203125 0.0125
1 0.3265625 0.36953125 0.0203125 0.0140625
1 0.071875 0.896875 0.0234375 0.015625
1 0.82421875 0.92578125 0.025 0.0234375
1 0.52734375 0.89140625 0.01875 0.009375
1 0.04609375 0.8453125 0.01875 0.0140625
1 0.24296875 0.859375 0.021875 0.015625
0 0.27578125 0.16484375 0.01875 0.0125
1 0.7671875 0.9171875 0.0203125 0.0140625
1 0.4359375 0.3359375 0.021875 0.0125