0 0.7828125 0.2171875 0.009375 0.0171875
0 0.875 0.21328125 0.0125 0.02265625
0 0.21953125 0.19296875 0.009375 0.01640625
0 0.7296875 0.81328125 0.01171875 0.021875
0 0.178125 0.04375 0.01015625 0.01875
0 0.8703125 0.17578125 0.0125 0.025
0 0.1171875 0.040625 0.0125 0.0203125
4 0.72890625 0.86484375 0.0765625 0.096875
3 0.14609375 0.2625 0.0640625 0.0734375
0 0.146875 0.04921875 0.009375 0.01796875
4 0.77578125 0.8484375 0.0515625 0.0640625
0 0.74140625 0.22265625 0.009375 0.01484375
0 0.78984375 0.1921875 0.0109375 0.01875
0 0.715625 0.290625 0.0109375 0.01796875
0 0.225 0.1625 0.0125 0.021875
0 0.8484375 0.11484375 0.01171875 0.021875
0 0.7953125 0.1328125 0.009375 0.01875
0 0.71875 0.73203125 0.01171875 0.0234375
0 0.16796875 0.01015625 0.01171875 0.01875
0 0.74609375 0.18203125 0.00859375 0.01640625
1 0.3515625 0.45625 0.0109375 0.01875
2 0.25078125 0.209375 0.08671875 0.05390625
0 0.0609375 0.2453125 0.009375 0.01640625
0 0.14296875 0.071875 0.009375 0.01640625
0 0.778125 0.33359375 0.0125 0.01953125
0 0.7734375 0.16875 0.009375 0.01796875
0 0.7875 0.1515625 0.01015625 0.015625
0 0.72421875 0.83046875 0.01015625 0.015625
0 0.81796875 0.2109375 0.01171875 0.01875
0 0.7640625 0.190625 0.0109375 0.015625
3 0.6546875 0.884375 0.07109375 0.09375
1 0.29140625 0.41875 0.009375 0.01640625
3 0.06484375 0.3375 0.0640625 0.0859375
0 0.6046875 0.78046875 0.01328125 0.025
1 0.35078125 0.434375 0.01015625 0.01796875
1 0.4390625 0.5046875 0.0109375 0.01953125
1 0.16875 0.40625 0.01015625 0.01640625
1 0.49140625 0.50390625 0.009375 0.01875
1 0.3734375 0.4 0.00859375 0.01796875
1 0.33984375 0.35234375 0.009375 0.01640625
1 0.36875 0.36796875 0.00859375 0.01484375
1 0.8921875 0.91640625 0.0125 0.021875
1 0.70859375 0.428125 0.01015625 0.0171875
1 0.19140625 0.390625 0.00859375 0.0171875
1 0.31875 0.6421875 0.0125 0.02109375
1 0.04375 0.4 0.0109375 0.015625
1 0.70703125 0.5765625 0.0125 0.0234375
0 0.67265625 0.70703125 0.00859375 0.015625
1 0.46796875 0.33359375 0.00859375 0.0140625
1 0.5421875 0.43359375 0.01015625 0.01484375
0 0.62578125 0.71015625 0.009375 0.01953125
1 0.446875 0.38984375 0.01015625 0.01796875
1 0.85078125 0.36875 0.00859375 0.015625
1 0.50390625 0.315625 0.00703125 0.0125
1 0.53203125 0.36953125 0.00859375 0.0140625
0 0.75625 0.790625 0.01015625 0.01640625
1 0.50703125 0.290625 0.0078125 0.0140625
1 0.8171875 0.2953125 0.0078125 0.0140625
1 0.8421875 0.6015625 0.0140625 0.02421875
1 0.35546875 0.30234375 0.00859375 0.01328125
1 0.48125 0.47890625 0.01015625 0.01875
1 0.23671875 0.56640625 0.0125 0.02265625
1 0.40390625 0.9046875 0.00859375 0.0125
1 0.51640625 0.4890625 0.0109375 0.0171875
1 0.19296875 0.36953125 0.009375 0.01640625
1 0.58046875 0.4015625 0.009375 0.0171875
1 0.41796875 0.35390625 0.01171875 0.01171875
1 0.5703125 0.45 0.01015625 0.01953125
1 0.21640625 0.63984375 0.01484375 0.0234375
1 0.44609375 0.43671875 0.01015625 0.01953125
1 0.07578125 0.9375 0.015625 0.028125
1 0.42109375 0.38984375 0.01015625 0.0171875
1 0.70078125 0.6171875 0.01328125 0.0203125
1 0.403125 0.4359375 0.01015625 0.01875
1 0.3421875 0.90078125 0.0109375 0.01953125
1 0.43671875 0.5578125 0.0125 0.021875
1 0.484375 0.4296875 0.009375 0.01640625
1 0.5375 0.45390625 0.01015625 0.0171875
1 0.1921875 0.8828125 0.0078125 0.0140625
1 0.53984375 0.346875 0.01015625 0.015625
1 0.76484375 0.57890625 0.0125 0.02265625
1 0.17734375 0.9078125 0.01328125 0.02109375
1 0.38671875 0.49609375 0.0109375 0.0203125
1 0.44296875 0.34140625 0.009375 0.0140625
1 0.54921875 0.47890625 0.01015625 0.01953125
1 0.3171875 0.42109375 0.01015625 0.01328125
1 0.46640625 0.3015625 0.00703125 0.01484375
1 0.27578125 0.503125 0.0109375 0.0171875
1 0.5546875 0.903125 0.0109375 0.0140625
1 0.125 0.33828125 0.01015625 0.0140625
1 0.2578125 0.559375 0.01171875 0.01953125
1 0.54140625 0.26484375 0.00625 0.01171875
1 0.97578125 0.4984375 0.01171875 0.0203125
1 0.48515625 0.2765625 0.00625 0.0125
2 0.7578125 0.21875 0.07890625 0.0578125
1 0.45078125 0.34140625 0.009375 0.0125
1 0.86796875 0.34609375 0.00859375 0.0140625
1 0.60390625 0.26640625 0.00703125 0.01171875
1 0.865625 0.88046875 0.00859375 0.0140625
1 0.459375 0.4078125 0.00859375 0.0171875
1 0.31640625 0.44921875 0.01171875 0.01640625
1 0.846875 0.3328125 0.0078125 0.0140625
0 0.14296875 0.23203125 0.00625 0.0140625
1 0.66015625 0.34140625 0.0078125 0.0140625
1 0.290625 0.521875 0.0125 0.0203125
0 0.75234375 0.8203125 0.01015625 0.01015625
1 0.73671875 0.57734375 0.0125 0.02265625
1 0.42734375 0.6125 0.01328125 0.0203125
1 0.55546875 0.34765625 0.0078125 0.015625
1 0.45859375 0.4828125 0.00859375 0.0171875
1 0.321875 0.5 0.01171875 0.02109375
1 0.45234375 0.328125 0.00859375 0.0125
1 0.1796875 0.86484375 0.00625 0.0109375
1 0.38515625 0.3671875 0.009375 0.01484375
0 0.80703125 0.19765625 0.0109375 0.01953125
1 0.43046875 0.334375 0.00859375 0.0125
1 0.4625 0.3765625 0.009375 0.0140625
1 0.44296875 0.53984375 0.01171875 0.0203125
1 0.86953125 0.32109375 0.0078125 0.0125
1 0.68515625 0.40390625 0.01015625 0.01484375
1 0.41015625 0.48046875 0.0109375 0.01875
1 0.39609375 0.33359375 0.00703125 0.01484375
1 0.3 0.315625 0.009375 0.015625
0 0.7625 0.1734375 0.01015625 0.0140625
1 0.56796875 0.90234375 0.01328125 0.0171875
1 0.54609375 0.64453125 0.009375 0.01328125
1 0.70234375 0.4078125 0.01015625 0.01640625
1 0.2546875 0.540625 0.0109375 0.0140625
0 0.140625 0.10234375 0.01015625 0.015625
1 0.6015625 0.28203125 0.01015625 0.01328125
1 0.42578125 0.50625 0.01015625 0.01953125
1 0.615625 0.6453125 0.0125 0.01484375
1 0.67109375 0.38359375 0.0078125 0.01640625
1 0.175 0.44453125 0.0109375 0.01796875
1 0.41015625 0.5375 0.01171875 0.0203125
1 0.51015625 0.64453125 0.01015625 0.01484375
1 0.490625 0.334375 0.009375 0.01328125
1 0.640625 0.3328125 0.00703125 0.0125
1 0.33671875 0.3875 0.00546875 0.009375
1 0.08125 0.91015625 0.0125 0.02109375
1 0.33984375 0.31015625 0.00859375 0.01171875
1 0.37578125 0.45859375 0.01171875 0.01875
1 0.2984375 0.45078125 0.0109375 0.01640625
1 0.26484375 0.49140625 0.01015625 0.01484375
1 0.90703125 0.61015625 0.01171875 0.01875
1 0.37421875 0.28515625 0.00859375 0.01328125
1 0.3 0.43515625 0.01015625 0.01484375
1 0.890625 0.87109375 0.0078125 0.01328125
1 0.365625 0.3375 0.009375 0.0125
1 0.64375 0.265625 0.00703125 0.0140625
1 0.63125 0.271875 0.00703125 0.01328125
1 0.36171875 0.3390625 0.0046875 0.00703125
1 0.140625 0.915625 0.0140625 0.02265625
1 0.209375 0.86953125 0.00625 0.0109375
1 0.2875 0.4875 0.0109375 0.015625
1 0.6796875 0.38125 0.009375 0.01640625
1 0.2921875 0.484375 0.0078125 0.0140625
1 0.40390625 0.36796875 0.0109375 0.0140625
1 0.6859375 0.36328125 0.0046875 0.00625
1 0.90546875 0.8734375 0.00625 0.0109375
1 0.4515625 0.37265625 0.00859375 0.0140625
1 0.37578125 0.89609375 0.0109375 0.0171875
1 0.4265625 0.53359375 0.0125 0.0203125
1 0.45859375 0.64921875 0.00703125 0.00859375
1 0.271875 0.471875 0.01015625 0.015625
1 0.26640625 0.51171875 0.01015625 0.01875
1 0.48671875 0.38984375 0.00859375 0.0109375
1 0.3859375 0.290625 0.00859375 0.01171875
1 0.39921875 0.38359375 0.0109375 0.01484375
1 0.4359375 0.290625 0.00859375 0.01328125
1 0.32421875 0.38515625 0.00859375 0.01328125
1 0.434375 0.359375 0.0078125 0.0140625
1 0.9046875 0.3875 0.0078125 0.0125
1 0.396875 0.290625 0.00703125 0.0140625
1 0.51796875 0.45625 0.01015625 0.01328125
1 0.30703125 0.88828125 0.0125 0.01953125
1 0.8328125 0.87734375 0.00625 0.01171875
1 0.8921875 0.33828125 0.00703125 0.0140625
1 0.51875 0.378125 0.009375 0.0140625
1 0.53046875 0.3453125 0.01015625 0.01796875
1 0.83359375 0.275 0.00625 0.0125
1 0.478125 0.53046875 0.009375 0.01171875
1 0.49453125 0.26640625 0.0078125 0.01171875
0 0.590625 0.78203125 0.009375 0.01796875
1 0.4921875 0.46015625 0.009375 0.01796875
0 0.71484375 0.73515625 0.01171875 0.0234375
3 0.13359375 0.86171875 0.09453125 0.0859375
3 0.878125 0.46328125 0.0796875 0.1171875
4 0.8640625 0.40390625 0.09765625 0.11171875
0 0.77421875 0.047222221875 0.77421875 0.054166667187499996 0.784375 0.052777778124999994 0.78046875 0.04444444375 0.77421875 0.047222221875
0 0.753125 0 0.7515625 0.0111111109375 0.76171875 0.009722221875000001 0.7609375 0 0.753125 0
0 0.70078125 0.7180555562500001 0.69609375 0.7180555562500001 0.6953125 0.73055555625 0.69921875 0.7388888890625 0.70390625 0.7263888890625 0.70078125 0.7180555562500001