2 0.24609375 0.20859375 0.08828125 0.05625
2 0.7625 0.21640625 0.08828125 0.0625
1 0.24375 0.59453125 0.0140625 0.02265625
1 0.29375 0.48203125 0.01171875 0.01875
1 0.17265625 0.44296875 0.01171875 0.01875
1 0.49296875 0.43046875 0.01015625 0.0171875
1 0.353125 0.50390625 0.01171875 0.02109375
1 0.05859375 0.4578125 0.0109375 0.01640625
1 0.61015625 0.465625 0.0109375 0.01875
1 0.59296875 0.49609375 0.0109375 0.0171875
1 0.009375 0.4359375 0.0109375 0.01796875
3 0.63828125 0.37265625 0.07109375 0.0859375
1 0.27265625 0.5109375 0.0109375 0.0203125
1 0.2125 0.5953125 0.01328125 0.02265625
1 0.01015625 0.46796875 0.01171875 0.01875
1 0.03046875 0.440625 0.01171875 0.0171875
1 0.071875 0.353125 0.00859375 0.01484375
3 0.88828125 0.475 0.09140625 0.1296875
1 0.37265625 0.39453125 0.01015625 0.015625
1 0.03203125 0.39296875 0.0109375 0.01640625
1 0.8734375 0.3671875 0.01015625 0.015625
1 0.6609375 0.40234375 0.01171875 0.01953125
1 0.30234375 0.40703125 0.009375 0.0171875
1 0.465625 0.42421875 0.01015625 0.01796875
1 0.4375 0.4 0.01015625 0.01640625
1 0.696875 0.396875 0.009375 0.0171875
1 0.17265625 0.33515625 0.00859375 0.01484375
1 0.34375 0.890625 0.0078125 0.015625
1 0.57734375 0.41640625 0.009375 0.01640625
1 0.08515625 0.4296875 0.0109375 0.01640625
1 0.1296875 0.4265625 0.0109375 0.01796875
1 0.303125 0.45859375 0.01015625 0.0171875
1 0.39453125 0.42734375 0.009375 0.015625
1 0.37265625 0.3234375 0.0078125 0.015625
1 0.40234375 0.3859375 0.01015625 0.01640625
1 0.25390625 0.571875 0.01171875 0.01953125
1 0.09765625 0.41796875 0.0109375 0.0171875
1 0.9359375 0.39921875 0.01015625 0.01640625
1 0.40859375 0.284375 0.0078125 0.0140625
1 0.034375 0.46953125 0.0125 0.01953125
1 0.51640625 0.4046875 0.009375 0.015625
1 0.58984375 0.51328125 0.0109375 0.01796875
1 0.41015625 0.35234375 0.01015625 0.01484375
1 0.59453125 0.459375 0.0109375 0.01953125
1 0.42109375 0.39921875 0.009375 0.0171875
1 0.3765625 0.4625 0.01015625 0.01875
1 0.228125 0.93046875 0.01484375 0.02578125
1 0.64375 0.29140625 0.00703125 0.01328125
1 0.1453125 0.33828125 0.00859375 0.0140625
1 0.171875 0.3203125 0.00859375 0.0125
1 0.97265625 0.421875 0.0109375 0.01640625
1 0.184375 0.92890625 0.0140625 0.02421875
1 0.50546875 0.3453125 0.0078125 0.015625
1 0.328125 0.9046875 0.009375 0.01171875
1 0.39609375 0.9046875 0.01015625 0.01328125
1 0.72578125 0.45 0.01015625 0.01796875
1 0.3890625 0.35234375 0.009375 0.015625
1 0.434375 0.31484375 0.00859375 0.01484375
4 0.80703125 0.43125 0.08046875 0.09921875
1 0.30546875 0.44453125 0.01015625 0.01328125
1 0.5625 0.37890625 0.01015625 0.015625
1 0.4375 0.3828125 0.01015625 0.01484375
1 0.2640625 0.5328125 0.01171875 0.01953125
1 0.58203125 0.38671875 0.009375 0.015625
1 0.56953125 0.26953125 0.00703125 0.0125
1 0.51328125 0.3703125 0.00859375 0.01484375
1 0.87421875 0.29765625 0.00859375 0.01328125
1 0.08046875 0.3390625 0.00859375 0.0140625
1 0.353125 0.30859375 0.0078125 0.01484375
1 0.53984375 0.39296875 0.009375 0.015625
1 0.99609375 0.42890625 0.00703125 0.015625
1 0.9578125 0.41640625 0.0109375 0.01953125
1 0.1109375 0.9484375 0.0171875 0.02890625
1 0.4625 0.34921875 0.009375 0.01484375
1 0.37578125 0.41953125 0.0109375 0.01640625
4 0.7390625 0.58203125 0.09375 0.1515625
1 0.1 0.32890625 0.01015625 0.0140625
1 0.34296875 0.38515625 0.0109375 0.01640625
1 0.51484375 0.38828125 0.009375 0.01484375
1 0.684375 0.32265625 0.009375 0.01484375
1 0.0515625 0.35390625 0.0109375 0.015625
1 0.81015625 0.88359375 0.00859375 0.01484375
1 0.38671875 0.41796875 0.009375 0.0171875
1 0.37734375 0.284375 0.00859375 0.0140625
1 0.365625 0.38046875 0.009375 0.0140625
1 0.01796875 0.36796875 0.0109375 0.015625
1 0.3171875 0.35546875 0.0078125 0.01484375
1 0.8390625 0.28515625 0.00703125 0.01328125
1 0.68515625 0.36484375 0.01015625 0.0140625
1 0.134375 0.27890625 0.0078125 0.0125
1 0.5625 0.90078125 0.0109375 0.01484375
1 0.22265625 0.64609375 0.01171875 0.01640625
1 0.528125 0.90078125 0.01015625 0.01484375
1 0.2625 0.50703125 0.01015625 0.01484375
1 0.590625 0.403125 0.009375 0.015625
1 0.146875 0.96796875 0.01796875 0.025
1 0.84765625 0.35546875 0.01015625 0.01484375
1 0.328125 0.34375 0.0078125 0.0140625
1 0.02734375 0.34765625 0.01015625 0.01640625
1 0.18515625 0.8859375 0.009375 0.01640625
1 0.4390625 0.35859375 0.01015625 0.015625
1 0.34296875 0.2609375 0.00703125 0.0125
1 0.25390625 0.884375 0.00859375 0.01484375
1 0.89140625 0.29765625 0.00859375 0.01328125
1 0.16796875 0.30078125 0.0078125 0.0125
1 0.17578125 0.27109375 0.009375 0.0125
1 0.66015625 0.2625 0.0078125 0.01328125
1 0.64453125 0.26640625 0.0078125 0.01171875
1 0.484375 0.8921875 0.0078125 0.0125
1 0.35234375 0.3875 0.01015625 0.01484375
1 0.146875 0.99140625 0.01796875 0.01640625
1 0.24765625 0.94296875 0.0140625 0.01796875
1 0.24453125 0.97421875 0.015625 0.03203125
1 0.9671875 0.39609375 0.0078125 0.01328125
1 0.60234375 0.2640625 0.0078125 0.01171875
1 0.4484375 0.25703125 0.00859375 0.0125
1 0.05234375 0.34140625 0.00859375 0.0125
1 0.41953125 0.3375 0.009375 0.015625
1 0.215625 0.88515625 0.00859375 0.015625
1 0.25703125 0.8578125 0.00859375 0.01328125
1 0.90234375 0.29921875 0.0078125 0.0125
1 0.26875 0.90546875 0.00625 0.01171875
1 0.5515625 0.38203125 0.01015625 0.015625
1 0.16171875 0.93671875 0.01484375 0.02421875
1 0.3390625 0.2953125 0.0078125 0.0109375
1 0.72421875 0.9015625 0.0125 0.015625
1 0.9890625 0.41015625 0.01171875 0.0171875
1 0.41484375 0.25546875 0.00625 0.0109375
1 0.9328125 0.6484375 0.01171875 0.01171875
1 0.4265625 0.38203125 0.01171875 0.015625
1 0.103125 0.2953125 0.0078125 0.01171875
1 0.3390625 0.30859375 0.00859375 0.01484375
1 0.99609375 0.39453125 0.00703125 0.01328125
1 0.109375 0.28125 0.00859375 0.01328125
1 0.28046875 0.8671875 0.00859375 0.01328125
1 0.82109375 0.88671875 0.009375 0.0171875
1 0.765625 0.85390625 0.00625 0.01015625
1 0.31875 0.34296875 0.00703125 0.0125
1 0.92734375 0.32890625 0.00859375 0.0140625
1 0.5015625 0.259375 0.00859375 0.0125
1 0.459375 0.8828125 0.00625 0.01171875
1 0.1765625 0.30390625 0.0078125 0.0125
1 0.04375 0.3296875 0.00859375 0.01484375
1 0.0109375 0.4078125 0.009375 0.01640625
1 0.98984375 0.378125 0.0125 0.01875
0 0.10859375 0.20546875 0.009375 0.015625
1 0.2375 0.8765625 0.01015625 0.0125
1 0.03984375 0.99375 0.0171875 0.0125
1 0.078125 0.3078125 0.009375 0.01484375
1 0.06328125 0.33984375 0.009375 0.0125
1 0.74140625 0.9890625 0.0171875 0.0203125
0 0.07578125 0.215625 0.00859375 0.01328125
1 0.21328125 0.6421875 0.009375 0.01875
1 0.8296875 0.85703125 0.00703125 0.0109375
1 0.4296875 0.365625 0.00859375 0.01328125
1 0.16015625 0.26015625 0.00859375 0.0125
1 0.271875 0.86484375 0.0078125 0.0125
1 0.80546875 0.85703125 0.00546875 0.01015625
1 0.921875 0.309375 0.009375 0.0140625
1 0.58359375 0.6484375 0.00859375 0.009375
1 0.8921875 0.2796875 0.0078125 0.01328125
1 0.70546875 0.8953125 0.01328125 0.02109375
1 0.9359375 0.35703125 0.0078125 0.0125
1 0.67265625 0.3375 0.00859375 0.0140625
1 0.28828125 0.64921875 0.0109375 0.01171875
1 0.32890625 0.25859375 0.00625 0.0125
1 0.32734375 0.33046875 0.0078125 0.01171875
1 0.13203125 0.91328125 0.01328125 0.02265625
1 0.16875 0.26171875 0.0078125 0.0125
1 0.25390625 0.5203125 0.00859375 0.01640625
1 0.95390625 0.36875 0.009375 0.0140625
1 0.259375 0.84453125 0.0078125 0.0109375
1 0.31171875 0.83671875 0.00625 0.01015625
1 0.88046875 0.2765625 0.00859375 0.015625
1 0.89765625 0.94140625 0.0140625 0.0203125
1 0.8875 0.93828125 0.01171875 0.02109375
1 0.1203125 0.93046875 0.01171875 0.01953125
1 0.15 0.915625 0.01328125 0.01953125
1 0.26328125 0.98203125 0.01640625 0.03203125
1 0.08984375 0.29765625 0.009375 0.01484375
1 0.94609375 0.36015625 0.009375 0.0125
1 0.81796875 0.98984375 0.01953125 0.01875
3 0.64609375 0.58203125 0.0890625 0.1234375
1 0.00390625 0.36640625 0.0078125 0.01796875
1 0.78984375 0.85859375 0.00625 0.009375
1 0.078125 0.2921875 0.01015625 0.01328125
1 0.86796875 0.98203125 0.01875 0.03203125
1 0.71640625 0.890625 0.01015625 0.01484375
3 0.6296875 0.8734375 0.07734375 0.11796875
0 0.79375 0.984375 0.021875 0.03046875
1 0.21484375 0.87109375 0.00859375 0.01015625
1 0.89765625 0.86875 0.00859375 0.01015625
1 0.22265625 0.85625 0.00703125 0.01328125
1 0.96875 0.3703125 0.01015625 0.01484375