2 0.74453125 0.19609375 0.0953125 0.0703125
4 0.69609375 0.4171875 0.0921875 0.1171875
3 0.04296875 0.484375 0.0859375 0.103125
3 0.271875 0.8953125 0.140625 0.1359375
3 0.76015625 0.809375 0.071875 0.0640625
1 0.79921875 0.54921875 0.0203125 0.025
1 0.3546875 0.45703125 0.015625 0.01875
1 0.4046875 0.43984375 0.015625 0.01875
1 0.90859375 0.384375 0.0171875 0.01875
1 0.7125 0.5140625 0.0171875 0.0203125
1 0.47265625 0.56484375 0.0203125 0.025
1 0.07578125 0.58359375 0.0203125 0.0234375
1 0.4765625 0.38203125 0.0140625 0.015625
1 0.28125 0.4625 0.0171875 0.01875
1 0.74921875 0.40078125 0.0171875 0.0203125
1 0.0984375 0.52578125 0.01875 0.0203125
0 0.209375 0.2453125 0.015625 0.015625
1 0.1015625 0.48671875 0.015625 0.0171875
1 0.13984375 0.59375 0.01875 0.0234375
1 0.54921875 0.4359375 0.015625 0.0171875
1 0.7203125 0.55546875 0.01875 0.0234375
1 0.315625 0.496875 0.0171875 0.0203125
1 0.3234375 0.56171875 0.01875 0.0234375
1 0.7984375 0.859375 0.0171875 0.0203125
1 0.978125 0.3390625 0.0171875 0.0171875
1 0.34765625 0.4390625 0.015625 0.01875
0 0.17890625 0.1890625 0.0171875 0.0203125
1 0.67734375 0.85390625 0.0171875 0.0203125
1 0.36328125 0.37734375 0.0140625 0.0140625
1 0.64921875 0.39140625 0.015625 0.0171875
4 0.5703125 0.81796875 0.065625 0.071875
1 0.1453125 0.45078125 0.015625 0.0171875
1 0.88828125 0.334375 0.015625 0.015625
1 0.296875 0.51875 0.01875 0.0203125
1 0.50390625 0.42890625 0.015625 0.0171875
1 0.90703125 0.30859375 0.015625 0.015625
1 0.4578125 0.375 0.015625 0.015625
1 0.1171875 0.52109375 0.0171875 0.0203125
0 0.2859375 0.8109375 0.0203125 0.028125
1 0.33125 0.34609375 0.0140625 0.0140625
0 0.1953125 0.2375 0.0171875 0.0203125
1 0.06875 0.5484375 0.01875 0.0203125
0 0.23515625 0.20703125 0.015625 0.01875
1 0.109375 0.6765625 0.021875 0.0234375
1 0.18515625 0.4171875 0.0140625 0.015625
1 0.28359375 0.4875 0.0171875 0.0203125
1 0.68359375 0.3140625 0.0140625 0.0140625
1 0.31328125 0.47265625 0.0171875 0.0171875
1 0.16875 0.4484375 0.015625 0.0171875
1 0.4515625 0.4 0.015625 0.0171875
1 0.590625 0.4296875 0.0171875 0.0203125
1 0.496875 0.36484375 0.0140625 0.015625
0 0.16484375 0.24296875 0.01875 0.021875
1 0.10546875 0.4203125 0.0140625 0.015625
0 0.04296875 0.32265625 0.0203125 0.025
1 0.6859375 0.3265625 0.0140625 0.015625
1 0.64765625 0.29140625 0.015625 0.015625
1 0.34765625 0.6578125 0.01875 0.0203125
1 0.31171875 0.43671875 0.0140625 0.0171875
1 0.54921875 0.4 0.015625 0.015625
0 0.06171875 0.15546875 0.01875 0.0234375
1 0.5703125 0.4640625 0.0171875 0.0203125
1 0.70234375 0.5140625 0.0171875 0.0171875
1 0.08203125 0.5421875 0.01875 0.0203125
0 0.2328125 0.2390625 0.0140625 0.0140625
1 0.83984375 0.30390625 0.0140625 0.0140625
1 0.33515625 0.47890625 0.0171875 0.0203125
0 0.04921875 0.259375 0.01875 0.0234375
1 0.0890625 0.96640625 0.021875 0.0296875
1 0.890625 0.92109375 0.0265625 0.0359375
1 0.66953125 0.3578125 0.015625 0.01875
0 0.06640625 0.1875 0.01875 0.0234375
1 0.1046875 0.4390625 0.015625 0.015625
1 0.56328125 0.88671875 0.0203125 0.025
1 0.31640625 0.5921875 0.01875 0.0234375
1 0.465625 0.34453125 0.0125 0.0140625
1 0.734375 0.50859375 0.01875 0.021875
0 0.10859375 0.0578125 0.0203125 0.028125
1 0.16015625 0.43359375 0.0140625 0.015625
1 0.32890625 0.31875 0.0140625 0.0125
1 0.090625 0.45859375 0.015625 0.0171875
1 0.76015625 0.4640625 0.0171875 0.0203125
1 0.11796875 0.93984375 0.021875 0.025
1 0.475 0.9046875 0.01875 0.0171875
1 0.196875 0.93203125 0.0234375 0.028125
0 0.171875 0.16328125 0.0171875 0.0203125
1 0.29921875 0.44140625 0.015625 0.0171875
1 0.65078125 0.35078125 0.015625 0.015625
1 0.14609375 0.35 0.0125 0.0125
1 0.646875 0.453125 0.0171875 0.0203125
1 0.69296875 0.53046875 0.01875 0.0234375
1 0.309375 0.39453125 0.0125 0.015625
1 0.5109375 0.41484375 0.015625 0.0171875
0 0.29765625 0.7515625 0.0203125 0.028125
0 0.2140625 0.23125 0.0140625 0.0140625
1 0.409375 0.3390625 0.0125 0.0140625
0 0.12734375 0.04140625 0.01875 0.021875
1 0.30703125 0.4140625 0.015625 0.0171875
1 0.2734375 0.4875 0.0171875 0.01875
1 0.60703125 0.42265625 0.015625 0.01875
4 0.79921875 0.8015625 0.0453125 0.0484375
1 0.43984375 0.37734375 0.015625 0.015625
1 0.753125 0.50546875 0.01875 0.0203125
1 0.93046875 0.30703125 0.015625 0.0171875
1 0.72265625 0.4921875 0.0171875 0.0203125
1 0.74296875 0.478125 0.01875 0.0203125
1 0.36484375 0.3140625 0.0125 0.0125
1 0.5421875 0.4140625 0.015625 0.015625
0 0.14296875 0.053125 0.01875 0.021875
1 0.12421875 0.44140625 0.015625 0.0171875
1 0.6265625 0.29375 0.0125 0.0125
1 0.55390625 0.33203125 0.0140625 0.015625
1 0.48984375 0.33515625 0.0125 0.0125
0 0.15703125 0.10234375 0.0171875 0.0203125
1 0.42109375 0.40859375 0.0140625 0.0125
0 0.10390625 0.08515625 0.01875 0.0203125
0 0.309375 0.78515625 0.0140625 0.0125
1 0.13359375 0.43671875 0.015625 0.0171875
1 0.63125 0.45 0.01875 0.0203125
0 0.0921875 0.128125 0.01875 0.021875
1 0.28046875 0.53046875 0.0171875 0.0203125
1 0.946875 0.83984375 0.015625 0.015625
1 0.5140625 0.32890625 0.0140625 0.0125
1 0.871875 0.8375 0.0140625 0.0140625
1 0.09140625 0.4390625 0.0171875 0.015625
1 0.07578125 0.43828125 0.015625 0.0171875
1 0.64453125 0.365625 0.015625 0.0140625
0 0.275 0.7703125 0.0203125 0.028125
1 0.87421875 0.2703125 0.0140625 0.0125
0 0.14609375 0.234375 0.0171875 0.0171875
1 0.328125 0.88671875 0.015625 0.0171875
0 0.2921875 0.78828125 0.0140625 0.0140625
1 0.1765625 0.4171875 0.015625 0.015625
1 0.74765625 0.59765625 0.01875 0.0203125
1 0.41328125 0.309375 0.0140625 0.0140625
1 0.871875 0.29375 0.015625 0.0140625
1 0.63984375 0.35390625 0.015625 0.0171875
1 0.47421875 0.321875 0.0140625 0.0125
1 0.91796875 0.290625 0.0171875 0.0171875
1 0.07578125 0.4609375 0.015625 0.0171875
1 0.734375 0.4703125 0.0171875 0.0171875
1 0.52578125 0.3328125 0.0140625 0.0140625
0 0.15546875 0.159375 0.0171875 0.0171875
1 0.12890625 0.35625 0.0140625 0.0140625
1 0.3875 0.9078125 0.01875 0.021875
1 0.40859375 0.909375 0.015625 0.0171875
1 0.590625 0.84453125 0.0125 0.009375
1 0.971875 0.90546875 0.0125 0.01875
1 0.2984375 0.48125 0.0203125 0.0203125
1 0.08984375 0.428125 0.015625 0.0125
0 0.22109375 0.2703125 0.0140625 0.0109375
1 0.36328125 0.47890625 0.015625 0.0125
1 0.88515625 0.28203125 0.0140625 0.0125
1 0.31328125 0.459375 0.015625 0.0125
1 0.53359375 0.32109375 0.0140625 0.0125
1 0.2109375 0.928125 0.0203125 0.025
1 0.1671875 0.91875 0.01875 0.021875
1 0.9578125 0.3078125 0.0140625 0.015625
1 0.3375 0.87265625 0.0140625 0.0140625
1 0.91953125 0.82421875 0.0140625 0.0140625
1 0.5484375 0.42265625 0.015625 0.0125
1 0.83125 0.27421875 0.015625 0.0125
0 0.24375 0.18046875 0.0140625 0.0125
1 0.35703125 0.36171875 0.0109375 0.0109375
1 0.96171875 0.9078125 0.0140625 0.01875
1 0.965625 0.8953125 0.0171875 0.0140625
1 0.065625 0.43984375 0.015625 0.01875
1 0.94375 0.82578125 0.0140625 0.0125
1 0.8234375 0.2765625 0.0125 0.015625
1 0.96796875 0.8375 0.015625 0.0140625
0 0.1875 0.15234375 0.0171875 0.0171875
1 0.4015625 0.896875 0.0140625 0.0125
1 0.8796875 0.8203125 0.0140625 0.0109375
4 0.984375 0.85 0.03125 0.190625
0 0.08359375 0.0890625 0.01875 0.0203125
0 0.26328125 0.25078125 0.0171875 0.0140625
1 0.84140625 0.815625 0.015625 0.0109375
1 0.2046875 0.9078125 0.015625 0.015625
1 0.6078125 0.2875 0.0140625 0.015625
1 0.7 0.2984375 0.015625 0.0140625
0 0.25 0.81640625 0.0140625 0.015625
1 0.2953125 0.36796875 0.0125 0.0109375
1 0.1390625 0.33671875 0.0140625 0.0125
1 0.27421875 0.51796875 0.0140625 0.0109375
1 0.19375 0.9046875 0.015625 0.015625
1 0.4203125 0.31484375 0.0140625 0.0125
1 0.7125 0.31484375 0.0140625 0.015625
1 0.0859375 0.365625 0.015625 0.0140625
0 0.3046875 0.7234375 0.015625 0.0140625
0 0.7375 0.11015625 0.0140625 0.0171875
0 0.76484375 0.69296875 0.015625 0.0140625
1 0.6 0.82734375 0.0140625 0.0109375
1 0.91484375 0.81796875 0.0125 0.0109375
1 0.9046875 0.2828125 0.0140625 0.0140625
1 0.084375 0.38359375 0.015625 0.0171875
1 0.0734375 0.41484375 0.015625 0.0140625
1 0.8578125 0.81484375 0.0140625 0.0109375
1 0.49375 0.853125 0.0140625 0.0125
1 0.38125 0.30625 0.015625 0.0125
0 0.29375 0.73203125 0.015625 0.015625
1 0.39140625 0.30859375 0.0140625 0.0125