2 0.75078125 0.20078125 0.09375 0.0671875
3 0.1265625 0.3234375 0.071875 0.0703125
1 0.70078125 0.52890625 0.015625 0.0234375
1 0.74453125 0.5234375 0.015625 0.0234375
1 0.55546875 0.4375 0.0140625 0.0171875
0 0.209375 0.24140625 0.0140625 0.01875
1 0.09453125 0.4625 0.0125 0.0171875
1 0.28203125 0.49609375 0.0140625 0.01875
1 0.06484375 0.43359375 0.0125 0.015625
1 0.178125 0.4421875 0.0125 0.015625
1 0.29453125 0.5890625 0.015625 0.025
1 0.14375 0.41953125 0.0125 0.015625
1 0.6640625 0.44296875 0.0125 0.0171875
1 0.66640625 0.584375 0.0140625 0.0171875
1 0.2015625 0.45 0.0109375 0.0171875
1 0.66796875 0.5109375 0.0140625 0.021875
1 0.83984375 0.540625 0.0171875 0.025
1 0.82265625 0.41640625 0.0140625 0.01875
1 0.86875 0.39765625 0.0140625 0.01875
1 0.52734375 0.40625 0.0125 0.0171875
1 0.97578125 0.41484375 0.015625 0.01875
1 0.640625 0.375 0.0109375 0.015625
1 0.36640625 0.87890625 0.0109375 0.015625
1 0.45703125 0.45546875 0.0140625 0.0171875
1 0.39765625 0.50625 0.015625 0.021875
1 0.33828125 0.45 0.0125 0.01875
1 0.3875 0.43671875 0.0125 0.0171875
1 0.44921875 0.5890625 0.015625 0.0203125
1 0.35078125 0.490625 0.0140625 0.01875
1 0.3640625 0.38984375 0.0109375 0.015625
4 0.771875 0.8078125 0.04375 0.0453125
1 0.72890625 0.44140625 0.0125 0.01875
1 0.89375 0.3921875 0.0125 0.0171875
1 0.5515625 0.5875 0.015625 0.0203125
1 0.9171875 0.87109375 0.015625 0.021875
1 0.4359375 0.50703125 0.0140625 0.01875
1 0.44296875 0.46015625 0.0140625 0.0171875
0 0.18671875 0.175 0.0140625 0.01875
1 0.93515625 0.4203125 0.0140625 0.0171875
0 0.21875 0.1828125 0.0125 0.01875
1 0.690625 0.5046875 0.0140625 0.021875
1 0.0921875 0.67421875 0.015625 0.0203125
1 0.39921875 0.4546875 0.0125 0.01875
1 0.4578125 0.41953125 0.0125 0.0171875
1 0.55703125 0.53203125 0.0140625 0.021875
1 0.83125 0.35625 0.0125 0.0140625
1 0.41484375 0.4921875 0.0140625 0.01875
1 0.68828125 0.88671875 0.015625 0.021875
1 0.9 0.35859375 0.0125 0.0171875
1 0.5625 0.56015625 0.015625 0.0171875
1 0.2859375 0.4546875 0.0125 0.0171875
1 0.5984375 0.321875 0.0109375 0.0140625
1 0.02421875 0.45546875 0.0125 0.0171875
1 0.34296875 0.86875 0.0109375 0.0140625
1 0.403125 0.89140625 0.0140625 0.021875
1 0.14765625 0.371875 0.0109375 0.0140625
1 0.61328125 0.3609375 0.0125 0.015625
1 0.05234375 0.41015625 0.0125 0.015625
1 0.47578125 0.4234375 0.0125 0.0171875
1 0.84375 0.37734375 0.0125 0.0171875
1 0.71328125 0.47109375 0.0140625 0.0203125
1 0.684375 0.32578125 0.0109375 0.0140625
1 0.3296875 0.490625 0.0140625 0.01875
1 0.56796875 0.31796875 0.0109375 0.0140625
1 0.71796875 0.4453125 0.0140625 0.0171875
1 0.44609375 0.49453125 0.0140625 0.0203125
4 0.91796875 0.55859375 0.0921875 0.1171875
1 0.33359375 0.33125 0.009375 0.0140625
1 0.50625 0.4171875 0.0140625 0.0171875
1 0.9078125 0.43828125 0.015625 0.0203125
1 0.66640625 0.4265625 0.0125 0.0140625
1 0.475 0.47265625 0.0140625 0.0203125
1 0.9484375 0.85859375 0.0140625 0.0203125
1 0.65234375 0.3109375 0.009375 0.0140625
1 0.16015625 0.45546875 0.0125 0.0171875
1 0.86484375 0.36171875 0.015625 0.01875
1 0.74921875 0.88125 0.01875 0.025
1 0.32734375 0.39921875 0.0125 0.0171875
1 0.4578125 0.6453125 0.0171875 0.021875
1 0.5640625 0.37265625 0.0125 0.015625
1 0.8125 0.365625 0.0140625 0.01875
1 0.83515625 0.3109375 0.0125 0.0171875
1 0.9125 0.3578125 0.0125 0.0171875
1 0.46484375 0.9015625 0.015625 0.0203125
0 0.12421875 0.20390625 0.0109375 0.0140625
1 0.35859375 0.3171875 0.0109375 0.0125
1 0.10703125 0.36875 0.009375 0.0125
1 0.59609375 0.859375 0.0140625 0.01875
1 0.653125 0.5828125 0.015625 0.01875
1 0.834375 0.39140625 0.0140625 0.0171875
1 0.409375 0.4125 0.0125 0.015625
1 0.33203125 0.88671875 0.0140625 0.0203125
1 0.53203125 0.5578125 0.015625 0.021875
1 0.38125 0.49609375 0.0140625 0.01875
1 0.64921875 0.871875 0.0171875 0.0328125
1 0.69921875 0.4359375 0.0140625 0.0171875
0 0.12578125 0.16796875 0.0125 0.015625
1 0.878125 0.32109375 0.0109375 0.0140625
1 0.90390625 0.41875 0.0125 0.015625
1 0.1515625 0.49609375 0.0125 0.015625
1 0.6953125 0.415625 0.0140625 0.0171875
1 0.66015625 0.375 0.0125 0.0171875
1 0.78046875 0.84609375 0.0109375 0.015625
1 0.86875 0.84609375 0.0125 0.015625
1 0.38828125 0.46328125 0.0125 0.0140625
1 0.49375 0.34140625 0.0109375 0.0140625
1 0.53515625 0.36171875 0.0109375 0.015625
1 0.29296875 0.48359375 0.0140625 0.0171875
1 0.49609375 0.4203125 0.0125 0.0171875
1 0.540625 0.30078125 0.009375 0.0125
1 0.3984375 0.36015625 0.0140625 0.0171875
1 0.43828125 0.3921875 0.0109375 0.0140625
1 0.46015625 0.4 0.0125 0.015625
1 0.821875 0.84453125 0.0125 0.01875
1 0.909375 0.34375 0.009375 0.0109375
1 0.85625 0.30859375 0.0109375 0.0140625
1 0.8140625 0.27421875 0.0109375 0.0171875
1 0.66640625 0.35546875 0.0109375 0.015625
1 0.0234375 0.4234375 0.0109375 0.015625
0 0.590625 0.75390625 0.0171875 0.0234375
1 0.66796875 0.4140625 0.0125 0.0140625
0 0.12578125 0.2609375 0.0109375 0.015625
1 0.36796875 0.490625 0.0125 0.0171875
1 0.3890625 0.47890625 0.0140625 0.015625
1 0.37421875 0.37265625 0.0125 0.015625
1 0.41171875 0.30859375 0.0109375 0.0109375
1 0.30390625 0.428125 0.0125 0.01875
1 0.375 0.47421875 0.0125 0.015625
1 0.30859375 0.478125 0.0140625 0.0234375
1 0.97578125 0.33984375 0.015625 0.01875
0 0.15859375 0.084375 0.0140625 0.0171875
1 0.39921875 0.48828125 0.0140625 0.0171875
1 0.6140625 0.328125 0.0109375 0.015625
1 0.85234375 0.85078125 0.0125 0.0171875
1 0.86875 0.32890625 0.0125 0.0140625
1 0.5625 0.5796875 0.0140625 0.021875
1 0.3734375 0.353125 0.0109375 0.015625
1 0.9078125 0.29296875 0.0140625 0.015625
1 0.8546875 0.32734375 0.0109375 0.0140625
1 0.703125 0.3015625 0.0109375 0.015625
1 0.840625 0.85078125 0.0125 0.0171875
0 0.803125 0.76875 0.0140625 0.01875
1 0.88125 0.296875 0.0125 0.0140625
1 0.44296875 0.37734375 0.0125 0.01875
1 0.14296875 0.34921875 0.009375 0.015625
1 0.57890625 0.29296875 0.009375 0.0125
1 0.45625 0.35703125 0.0109375 0.0140625
1 0.69921875 0.84296875 0.0125 0.015625
1 0.65390625 0.34453125 0.0109375 0.0140625
1 0.3125 0.4578125 0.0109375 0.0140625
1 0.634375 0.58671875 0.0125 0.0140625
1 0.4390625 0.55390625 0.0109375 0.01875
1 0.43515625 0.30625 0.0125 0.0125
1 0.68828125 0.84140625 0.015625 0.021875
1 0.63203125 0.5703125 0.0109375 0.0125
2 0.22734375 0.2453125 0.0984375 0.0515625
1 0.5421875 0.53984375 0.0140625 0.0203125
1 0.453125 0.38203125 0.0140625 0.015625
1 0.6859375 0.38671875 0.0125 0.015625
1 0.32109375 0.46875 0.0140625 0.015625
1 0.85703125 0.27890625 0.0109375 0.0125
0 0.13203125 0.08359375 0.0140625 0.0171875
1 0.74375 0.58125 0.0125 0.0125
1 0.65546875 0.3625 0.009375 0.0109375
1 0.35546875 0.3578125 0.0125 0.0140625
1 0.965625 0.44765625 0.009375 0.0125
1 0.459375 0.34453125 0.009375 0.0125
1 0.871875 0.35078125 0.0109375 0.0140625
1 0.4796875 0.3390625 0.0109375 0.0140625
1 0.4765625 0.353125 0.0125 0.015625
0 0.0984375 0.2875 0.0109375 0.0140625
1 0.83359375 0.29453125 0.0125 0.015625
1 0.9140625 0.85390625 0.0125 0.0140625
1 0.51796875 0.54375 0.009375 0.015625
1 0.86953125 0.28984375 0.0109375 0.0125
0 0.5953125 0.7875 0.0125 0.01875
1 0.925 0.31796875 0.0125 0.015625
1 0.4375 0.44609375 0.009375 0.0125
1 0.59375 0.29140625 0.0109375 0.0125
1 0.5078125 0.334375 0.0125 0.015625
1 0.14453125 0.67421875 0.0140625 0.0125
1 0.42734375 0.37421875 0.0109375 0.015625
1 0.3203125 0.41328125 0.0140625 0.0140625
1 0.84609375 0.3078125 0.0125 0.0140625
1 0.7609375 0.82421875 0.0109375 0.0109375
1 0.29375 0.66328125 0.0140625 0.0125
0 0.140625 0.0671875 0.0140625 0.01875
1 0.6765625 0.378125 0.0109375 0.0140625
1 0.45625 0.3328125 0.009375 0.0109375
1 0.94453125 0.84140625 0.0125 0.015625
1 0.87578125 0.83046875 0.009375 0.0140625
1 0.86796875 0.27578125 0.0109375 0.0109375
1 0.85625 0.8203125 0.009375 0.0109375
1 0.8125 0.8203125 0.009375 0.0109375
1 0.4703125 0.40078125 0.0140625 0.015625
0 0.1015625 0.0796875 0.0171875 0.0203125
0 0.096875 0.27265625 0.0109375 0.0109375
1 0.92578125 0.83125 0.0125 0.015625
1 0.68125 0.35859375 0.0125 0.0140625
4 0.05 0.603125 0.096875 0.15
1 0.9875 0.365625 0.0109375 0.0125
1 0.5953125 0.8328125 0.0125 0.0203125
1 0.28984375 0.3484375 0.0109375 0.015625
1 0.48828125 0.3015625 0.009375 0.0109375
1 0.4671875 0.37109375 0.0140625 0.0171875
0 0.690625 0.73515625 0.0125 0.0171875
1 0.82421875 0.28125 0.0109375 0.0125
1 0.9328125 0.9640625 0.015625 0.0140625
1 0.31796875 0.64765625 0.0140625 0.0234375
1 0.8546875 0.83203125 0.0109375 0.0125
1 0.296875 0.45703125 0.0125 0.015625
1 0.79609375 0.81953125 0.0109375 0.0109375
1 0.84453125 0.28125 0.0125 0.0125
0 0.296875 0.80234375 0.0140625 0.01875
1 0.08203125 0.37578125 0.0109375 0.0125
0 0.13828125 0.8125 0.009375 0.0140625
1 0.30234375 0.86015625 0.009375 0.0109375