3 0.19609375 0.80703125 0.05625 0.046875
3 0.10078125 0.34453125 0.0796875 0.0859375
4 0.84765625 0.35078125 0.046875 0.0703125
1 0.96015625 0.4359375 0.015625 0.0171875
3 0.0546875 0.4734375 0.109375 0.115625
4 0.778125 0.85390625 0.0703125 0.0625
1 0.671875 0.6078125 0.01875 0.015625
1 0.85390625 0.4078125 0.015625 0.0171875
1 0.8828125 0.446875 0.015625 0.0171875
2 0.79140625 0.23984375 0.09375 0.0640625
1 0.57421875 0.5359375 0.01875 0.0234375
1 0.58828125 0.55703125 0.01875 0.021875
0 0.8296875 0.18828125 0.0171875 0.0203125
0 0.809375 0.209375 0.01875 0.021875
1 0.4625 0.4203125 0.015625 0.0171875
1 0.23984375 0.40078125 0.01875 0.021875
1 0.67421875 0.540625 0.0171875 0.0203125
1 0.26640625 0.4875 0.0171875 0.0203125
0 0.24453125 0.1234375 0.01875 0.021875
1 0.60390625 0.41640625 0.015625 0.0171875
1 0.63359375 0.425 0.015625 0.015625
1 0.58984375 0.58046875 0.021875 0.025
0 0.22421875 0.20546875 0.0171875 0.0203125
1 0.1421875 0.8703125 0.021875 0.028125
1 0.55390625 0.51171875 0.0171875 0.0203125
1 0.55625 0.4359375 0.015625 0.01875
1 0.2046875 0.3359375 0.0140625 0.015625
1 0.3796875 0.46875 0.0171875 0.01875
1 0.4546875 0.4390625 0.0171875 0.0203125
0 0.26640625 0.1625 0.015625 0.01875
1 0.55390625 0.37109375 0.0140625 0.0140625
1 0.646875 0.44609375 0.015625 0.01875
1 0.28125 0.478125 0.0171875 0.01875
1 0.65234375 0.54765625 0.01875 0.0234375
1 0.3875 0.43671875 0.015625 0.015625
1 0.6171875 0.390625 0.015625 0.015625
1 0.58125 0.35078125 0.0140625 0.0140625
1 0.7296875 0.4578125 0.0171875 0.0171875
1 0.52421875 0.37421875 0.0140625 0.015625
1 0.0578125 0.54140625 0.01875 0.0234375
1 0.55078125 0.40078125 0.015625 0.015625
1 0.359375 0.43984375 0.0171875 0.01875
1 0.8078125 0.90546875 0.015625 0.0203125
1 0.71484375 0.4765625 0.0171875 0.01875
1 0.59296875 0.365625 0.0140625 0.015625
1 0.71171875 0.334375 0.015625 0.015625
0 0.23203125 0.17890625 0.015625 0.01875
1 0.90859375 0.32890625 0.0140625 0.0140625
1 0.33671875 0.43671875 0.0171875 0.01875
1 0.65703125 0.41015625 0.015625 0.0171875
1 0.88046875 0.3546875 0.0140625 0.0140625
1 0.60546875 0.59140625 0.0203125 0.0234375
1 0.6296875 0.353125 0.0140625 0.015625
1 0.4953125 0.36875 0.015625 0.0140625
1 0.9078125 0.3671875 0.0140625 0.0140625
1 0.53984375 0.41015625 0.015625 0.015625
1 0.5046875 0.3703125 0.0140625 0.0140625
1 0.65546875 0.384375 0.0140625 0.0140625
1 0.621875 0.425 0.015625 0.0171875
1 0.271875 0.87734375 0.01875 0.0234375
1 0.5984375 0.3890625 0.0140625 0.015625
1 0.41953125 0.4421875 0.0171875 0.0171875
0 0.2484375 0.18515625 0.0140625 0.0140625
1 0.128125 0.4203125 0.015625 0.015625
1 0.40390625 0.41328125 0.015625 0.015625
1 0.4640625 0.3640625 0.0140625 0.0140625
1 0.6765625 0.3640625 0.0140625 0.015625
1 0.5796875 0.42109375 0.015625 0.0171875
1 0.67265625 0.3125 0.0140625 0.0125
1 0.66875 0.45078125 0.015625 0.01875
1 0.3890625 0.38046875 0.0140625 0.015625
1 0.6234375 0.3796875 0.0140625 0.0140625
1 0.44375 0.9 0.0171875 0.0140625
1 0.34765625 0.3234375 0.0140625 0.0140625
1 0.64140625 0.40703125 0.015625 0.015625
1 0.26171875 0.8296875 0.0140625 0.0171875
1 0.18671875 0.29453125 0.015625 0.0125
1 0.10546875 0.434375 0.015625 0.01875
1 0.1578125 0.29140625 0.0125 0.0125
1 0.63046875 0.3359375 0.0140625 0.0140625
1 0.36171875 0.41484375 0.015625 0.0171875
1 0.39765625 0.32421875 0.0140625 0.0140625
1 0.3390625 0.4203125 0.015625 0.0140625
1 0.43671875 0.29921875 0.0140625 0.0125
1 0.38125 0.63828125 0.015625 0.0140625
1 0.7234375 0.49375 0.0171875 0.0171875
1 0.671875 0.41796875 0.015625 0.0140625
1 0.46796875 0.38046875 0.0140625 0.015625
1 0.3921875 0.39921875 0.0171875 0.01875
1 0.67421875 0.39296875 0.0140625 0.0125
4 0.75078125 0.93984375 0.121875 0.1203125
1 0.68046875 0.45390625 0.0171875 0.0171875
1 0.415625 0.4234375 0.015625 0.015625
1 0.64453125 0.353125 0.0140625 0.015625
1 0.62421875 0.4046875 0.0140625 0.0140625
1 0.609375 0.31484375 0.0140625 0.0140625
1 0.67265625 0.34609375 0.015625 0.0171875
0 0.2671875 0.2046875 0.0140625 0.0125
1 0.7328125 0.48671875 0.0140625 0.01875
1 0.38359375 0.42109375 0.0171875 0.01875
1 0.53984375 0.3390625 0.0140625 0.015625
1 0.6828125 0.3484375 0.0140625 0.0171875
1 0.315625 0.3390625 0.0140625 0.015625
1 0.49375 0.31875 0.0125 0.0125
1 0.484375 0.30078125 0.0140625 0.0125
1 0.2984375 0.4671875 0.015625 0.0171875
1 0.63359375 0.31328125 0.0140625 0.0125
4 0.9046875 0.6140625 0.109375 0.1265625
3 0.36796875 0.8859375 0.134375 0.1609375
1 0.675 0.4046875 0.015625 0.0125
1 0.04140625 0.353125 0.015625 0.015625
1 0.37578125 0.40078125 0.015625 0.0171875
1 0.178125 0.62421875 0.01875 0.0171875
0 0.20078125 0.73515625 0.0140625 0.0140625
1 0.45546875 0.3796875 0.0171875 0.0140625
1 0.359375 0.38359375 0.015625 0.015625
1 0.45546875 0.3921875 0.015625 0.0140625
1 0.66171875 0.3359375 0.015625 0.0125
1 0.30078125 0.43046875 0.015625 0.0140625
0 0.24765625 0.15703125 0.015625 0.015625
1 0.403125 0.3484375 0.0140625 0.0140625
2 0.2640625 0.2078125 0.103125 0.0578125
1 0.32890625 0.3203125 0.015625 0.015625
1 0.32265625 0.41640625 0.0140625 0.0171875
1 0.36640625 0.29140625 0.0109375 0.0109375
1 0.415625 0.3640625 0.0140625 0.015625
1 0.49609375 0.353125 0.0140625 0.0109375
1 0.51171875 0.3421875 0.015625 0.0125
1 0.3453125 0.409375 0.0140625 0.0140625
1 0.30078125 0.41875 0.015625 0.0140625
1 0.45546875 0.346875 0.0125 0.0140625
1 0.40078125 0.38046875 0.0140625 0.0140625
1 0.44453125 0.39296875 0.015625 0.0125
1 0.70078125 0.36953125 0.015625 0.015625
1 0.878125 0.33046875 0.0140625 0.0125
1 0.31328125 0.43046875 0.015625 0.0140625
1 0.4203125 0.31484375 0.0140625 0.0140625
1 0.6953125 0.453125 0.015625 0.015625
1 0.51796875 0.334375 0.0140625 0.0125
1 0.02890625 0.35625 0.015625 0.015625
1 0.64921875 0.36640625 0.015625 0.0140625
1 0.4984375 0.34140625 0.015625 0.0125
1 0.415625 0.2890625 0.0140625 0.0125
1 0.6890625 0.29921875 0.015625 0.015625
1 0.7375 0.85546875 0.0125 0.0109375
1 0.4140625 0.32578125 0.0109375 0.0109375
1 0.6671875 0.8484375 0.015625 0.0171875
1 0.99609375 0.478125 0.0078125 0.0125
1 0.68359375 0.38359375 0.0171875 0.0140625
1 0.34609375 0.38671875 0.015625 0.015625
1 0.4234375 0.4015625 0.015625 0.015625
1 0.44453125 0.35 0.0140625 0.0140625
0 0.4515625 0.77578125 0.0140625 0.0140625
1 0.68203125 0.41875 0.015625 0.0140625
1 0.328125 0.30390625 0.015625 0.015625
1 0.89609375 0.875 0.0140625 0.0125
1 0.91171875 0.35546875 0.0125 0.009375
1 0.40078125 0.36640625 0.0171875 0.015625
1 0.55078125 0.7890625 0.0140625 0.015625
1 0.70859375 0.459375 0.01875 0.0171875
1 0.37421875 0.36953125 0.015625 0.0140625
1 0.32890625 0.43125 0.015625 0.0140625
1 0.47421875 0.375 0.0140625 0.0140625
1 0.36328125 0.37109375 0.0140625 0.0125
1 0.36875 0.43046875 0.01875 0.0140625
1 0.8546875 0.871875 0.015625 0.0140625
1 0.6171875 0.3078125 0.0125 0.0109375
1 0.43515625 0.3515625 0.015625 0.0125
1 0.3421875 0.3734375 0.015625 0.015625
1 0.50625 0.85234375 0.0109375 0.0109375
1 0.309375 0.3140625 0.015625 0.0171875
1 0.72109375 0.46015625 0.015625 0.015625
0 0.209375 0.70078125 0.015625 0.0140625
1 0.35234375 0.37109375 0.015625 0.015625
1 0.71953125 0.35625 0.015625 0.0171875
1 0.40625 0.32734375 0.0125 0.0140625
1 0.04765625 0.84296875 0.015625 0.01875
1 0.340625 0.35546875 0.0140625 0.0125
1 0.46484375 0.29609375 0.015625 0.0125
1 0.66875 0.43515625 0.015625 0.0125
1 0.54375 0.909375 0.0171875 0.0125
1 0.290625 0.43671875 0.0171875 0.0125
1 0.09609375 0.30546875 0.0140625 0.0140625
1 0.4578125 0.29609375 0.0140625 0.0125
1 0.4375 0.4109375 0.0203125 0.0203125
1 0.40859375 0.3984375 0.015625 0.015625