2 0.7609375 0.2140625 0.08515625 0.06328125
0 0.24453125 0.79296875 0.01171875 0.0203125
0 0.2125 0.03359375 0.01015625 0.01875
0 0.16171875 0.1953125 0.01015625 0.01796875
3 0.56640625 0.3140625 0.0609375 0.08203125
0 0.14453125 0.1328125 0.0109375 0.01953125
0 0.14296875 0.209375 0.01015625 0.0171875
2 0.246875 0.2109375 0.08828125 0.05390625
4 0.8578125 0.87890625 0.08671875 0.1171875
0 0.203125 0.715625 0.0109375 0.01953125
0 0.14921875 0.81875 0.0078125 0.01640625
3 0.89140625 0.41640625 0.09609375 0.09765625
4 0.6546875 0.28828125 0.071875 0.0796875
1 0.6265625 0.39375 0.009375 0.01640625
0 0.225 0.81875 0.01171875 0.01953125
0 0.165625 0.11171875 0.01171875 0.01875
0 0.12265625 0.1921875 0.009375 0.0171875
0 0.21796875 0.78359375 0.00859375 0.01640625
4 0.9703125 0.40703125 0.059375 0.11796875
1 0.22890625 0.64296875 0.0140625 0.02109375
1 0.565625 0.40546875 0.00859375 0.0171875
0 0.22890625 0.1515625 0.009375 0.01484375
3 0.6671875 0.340625 0.05625 0.0859375
3 0.7640625 0.8765625 0.0703125 0.08828125
1 0.45390625 0.340625 0.0078125 0.015625
1 0.05625 0.38046875 0.01015625 0.0171875
0 0.1859375 0.7765625 0.0109375 0.0203125
1 0.85078125 0.31796875 0.0078125 0.01484375
0 0.22734375 0.77421875 0.009375 0.0171875
1 0.53984375 0.41796875 0.01015625 0.0171875
1 0.66796875 0.54140625 0.01171875 0.02265625
1 0.6765625 0.38828125 0.009375 0.015625
1 0.19140625 0.38359375 0.01015625 0.01640625
1 0.48125 0.3296875 0.0078125 0.0140625
1 0.14140625 0.32734375 0.009375 0.0140625
0 0.18046875 0.228125 0.009375 0.015625
1 0.509375 0.3203125 0.00703125 0.0125
1 0.34140625 0.59609375 0.01015625 0.0234375
1 0.30390625 0.89375 0.009375 0.01640625
1 0.2734375 0.465625 0.01015625 0.01796875
0 0.15234375 0.23125 0.01015625 0.015625
1 0.4984375 0.4171875 0.009375 0.01796875
0 0.13125 0.1328125 0.009375 0.0171875
1 0.19375 0.88203125 0.0078125 0.01328125
1 0.328125 0.89375 0.009375 0.015625
0 0.2609375 0.76875 0.00625 0.0109375
1 0.009375 0.3921875 0.01015625 0.015625
0 0.23125 0.7828125 0.0109375 0.0171875
1 0.59375 0.37265625 0.009375 0.015625
1 0.3265625 0.421875 0.01015625 0.0171875
0 0.28671875 0.72265625 0.0109375 0.0171875
0 0.16328125 0.1140625 0.009375 0.0171875
1 0.6046875 0.55 0.01328125 0.02265625
1 0.18984375 0.92734375 0.015625 0.025
1 0.5203125 0.3203125 0.0078125 0.0125
4 0.2625 0.84921875 0.05078125 0.04375
1 0.87265625 0.33125 0.00703125 0.01328125
1 0.66953125 0.4359375 0.009375 0.01875
0 0.11328125 0.79765625 0.0109375 0.01640625
1 0.546875 0.26640625 0.00625 0.0125
1 0.71484375 0.43828125 0.01015625 0.01640625
1 0.1171875 0.303125 0.00859375 0.0140625
1 0.49453125 0.296875 0.0078125 0.0140625
1 0.01953125 0.3484375 0.00859375 0.0125
1 0.28046875 0.8703125 0.00703125 0.0125
1 0.70390625 0.42890625 0.01015625 0.015625
1 0.47734375 0.35546875 0.01015625 0.01484375
1 0.440625 0.2703125 0.0078125 0.01328125
1 0.51640625 0.2578125 0.00703125 0.0125
1 0.375 0.40390625 0.009375 0.0171875
1 0.07265625 0.94921875 0.01640625 0.03203125
1 0.52890625 0.40078125 0.00859375 0.015625
1 0.58984375 0.415625 0.01015625 0.0171875
1 0.27109375 0.515625 0.01015625 0.01640625
1 0.3390625 0.3 0.00859375 0.01640625
1 0.04140625 0.39296875 0.01171875 0.01640625
1 0.60546875 0.2984375 0.00703125 0.0125
1 0.0921875 0.915625 0.01171875 0.0203125
1 0.30546875 0.87734375 0.0078125 0.01171875
1 0.38828125 0.32109375 0.009375 0.01328125
1 0.83515625 0.28125 0.0078125 0.01171875
1 0.60859375 0.359375 0.00859375 0.01328125
1 0.12578125 0.29375 0.009375 0.0125
1 0.1703125 0.28359375 0.0078125 0.01484375
1 0.5515625 0.3859375 0.01015625 0.01640625
1 0.90234375 0.315625 0.0078125 0.01328125
1 0.39296875 0.5375 0.01171875 0.02109375
1 0.51875 0.346875 0.00859375 0.01484375
0 0.56953125 0.9890625 0.01796875 0.021875
1 0.1265625 0.93359375 0.01640625 0.02734375
1 0.93046875 0.3453125 0.009375 0.01484375
1 0.725 0.4703125 0.0109375 0.01796875
1 0.40078125 0.26875 0.009375 0.0125
1 0.31171875 0.38046875 0.00859375 0.01484375
1 0.5328125 0.38046875 0.01015625 0.01484375
1 0.29453125 0.48515625 0.01015625 0.01796875
1 0.08359375 0.33828125 0.00859375 0.01328125
1 0.17421875 0.38046875 0.01015625 0.015625
1 0.4640625 0.8875 0.00625 0.00625
1 0.6046875 0.87109375 0.01015625 0.0109375
1 0.3078125 0.3859375 0.0078125 0.015625
1 0.09609375 0.35078125 0.00859375 0.0140625
1 0.10703125 0.278125 0.009375 0.01328125
1 0.50703125 0.2984375 0.00859375 0.01328125
1 0.90703125 0.3734375 0.0046875 0.00859375
1 0.84296875 0.28515625 0.00703125 0.01328125
1 0.0984375 0.31484375 0.00703125 0.01171875
0 0.2453125 0.69921875 0.00703125 0.0125
1 0.88828125 0.35546875 0.01015625 0.0125
1 0.94921875 0.92109375 0.01171875 0.025
1 0.01328125 0.4328125 0.0125 0.0234375
1 0.41640625 0.26484375 0.00859375 0.01171875
1 0.909375 0.3296875 0.01015625 0.01328125
1 0.11796875 0.2828125 0.009375 0.01328125
0 0.49609375 0.18828125 0.00859375 0.01640625
1 0.58203125 0.8703125 0.00703125 0.01171875
1 0.4703125 0.26171875 0.0078125 0.01484375
1 0.94140625 0.98984375 0.0171875 0.01796875
0 0.5125 0.2 0.51328125 0.21111111093749999 0.52109375 0.20972222187499998 0.51796875 0.1986111109375 0.5125 0.2
0 0.49921875 0.165277778125 0.49296875 0.1666666671875 0.49296875 0.177777778125 0.5015625 0.177777778125 0.50234375 0.1708333328125 0.49921875 0.165277778125
0 0.48203125 0.1513888890625 0.48359375 0.16388888906250001 0.490625 0.1625 0.490625 0.15277777812499999 0.48203125 0.1513888890625