2 0.7640625 0.21640625 0.08984375 0.06171875
2 0.24609375 0.20859375 0.08984375 0.0546875
4 0.8625 0.42578125 0.07890625 0.1
1 0.82109375 0.5765625 0.01328125 0.021875
1 0.30703125 0.4671875 0.01015625 0.01796875
1 0.00703125 0.515625 0.0125 0.02109375
1 0.9234375 0.44296875 0.0109375 0.01796875
1 0.5484375 0.42265625 0.01015625 0.01796875
1 0.61640625 0.51640625 0.01171875 0.02109375
1 0.6484375 0.521875 0.01171875 0.02109375
1 0.06015625 0.5296875 0.01328125 0.02109375
1 0.30703125 0.5953125 0.0125 0.01875
1 0.1234375 0.42890625 0.0109375 0.0171875
1 0.39453125 0.58515625 0.01328125 0.0234375
1 0.23203125 0.58125 0.0140625 0.0234375
1 0.06484375 0.44765625 0.01171875 0.01875
4 0.7078125 0.87109375 0.08203125 0.08046875
1 0.5796875 0.434375 0.01015625 0.01796875
3 0.88203125 0.31640625 0.0765625 0.09609375
1 0.878125 0.5453125 0.0125 0.02109375
1 0.6765625 0.45625 0.0109375 0.01875
0 0.69609375 0.76484375 0.01328125 0.02734375
1 0.6546875 0.49140625 0.01171875 0.01953125
1 0.115625 0.34296875 0.00859375 0.01484375
1 0.6 0.5578125 0.0125 0.02109375
3 0.36953125 0.5078125 0.1015625 0.1265625
1 0.54921875 0.90234375 0.01015625 0.01328125
1 0.103125 0.50078125 0.01171875 0.01953125
1 0.53671875 0.3546875 0.00859375 0.01484375
1 0.6234375 0.46953125 0.0109375 0.01953125
1 0.50234375 0.51328125 0.0109375 0.01796875
1 0.68046875 0.37265625 0.00859375 0.015625
1 0.453125 0.41953125 0.009375 0.0171875
1 0.54296875 0.61875 0.01171875 0.01484375
1 0.63203125 0.409375 0.01015625 0.0171875
4 0.73828125 0.58984375 0.1125 0.11953125
1 0.52109375 0.3546875 0.009375 0.01484375
1 0.715625 0.50234375 0.0125 0.01875
1 0.43203125 0.49765625 0.0109375 0.0203125
1 0.459375 0.33046875 0.00859375 0.0140625
1 0.275 0.42421875 0.0109375 0.01796875
1 0.65625 0.4515625 0.01015625 0.01796875
1 0.14765625 0.97109375 0.01875 0.03359375
1 0.615625 0.38125 0.009375 0.01640625
1 0.4546875 0.5203125 0.0078125 0.0140625
1 0.6546875 0.3453125 0.0078125 0.015625
1 0.39296875 0.3421875 0.0078125 0.01328125
1 0.559375 0.346875 0.00859375 0.0140625
1 0.6296875 0.31484375 0.0078125 0.0140625
1 0.11015625 0.315625 0.009375 0.0140625
1 0.44296875 0.3453125 0.0078125 0.015625
1 0.503125 0.45546875 0.01015625 0.01875
1 0.4875 0.3296875 0.009375 0.0140625
1 0.7015625 0.50234375 0.01171875 0.01953125
1 0.6328125 0.90078125 0.01015625 0.01484375
1 0.603125 0.3046875 0.00703125 0.0140625
1 0.38125 0.3296875 0.00859375 0.0140625
1 0.5109375 0.4015625 0.01015625 0.015625
1 0.17421875 0.91640625 0.0109375 0.01875
1 0.4390625 0.5484375 0.0125 0.02265625
1 0.49609375 0.44375 0.01015625 0.01640625
1 0.43125 0.315625 0.009375 0.015625
1 0.15703125 0.40625 0.009375 0.015625
1 0.290625 0.4546875 0.009375 0.0171875
1 0.30234375 0.3890625 0.009375 0.015625
1 0.309375 0.35859375 0.01015625 0.01640625
1 0.4671875 0.45390625 0.009375 0.015625
1 0.353125 0.40859375 0.009375 0.0171875
1 0.68046875 0.39453125 0.00859375 0.01484375
1 0.32109375 0.4265625 0.01015625 0.01640625
1 0.3671875 0.32734375 0.0078125 0.01484375
1 0.3421875 0.61796875 0.01015625 0.0125
1 0.6109375 0.3390625 0.009375 0.0140625
1 0.3171875 0.2890625 0.009375 0.015625
1 0.0515625 0.4015625 0.0109375 0.01640625
1 0.48984375 0.40078125 0.009375 0.01640625
1 0.53359375 0.55078125 0.0109375 0.021875
1 0.3421875 0.3421875 0.0078125 0.01484375
1 0.14140625 0.6453125 0.0125 0.01875
1 0.29921875 0.41640625 0.0109375 0.0171875
1 0.51640625 0.38671875 0.00859375 0.015625
1 0.54296875 0.278125 0.00703125 0.01328125
1 0.28984375 0.39609375 0.01015625 0.01640625
1 0.4203125 0.37265625 0.00859375 0.01484375
1 0.325 0.38984375 0.0109375 0.01640625
1 0.23984375 0.634375 0.01171875 0.01640625
1 0.06015625 0.97421875 0.01875 0.03828125
1 0.54296875 0.3296875 0.0078125 0.01328125
1 0.28125 0.4578125 0.009375 0.0171875
1 0.06640625 0.559375 0.01015625 0.01875
1 0.08984375 0.3703125 0.0109375 0.015625
1 0.584375 0.38828125 0.01015625 0.015625
1 0.82890625 0.30859375 0.0078125 0.01484375
1 0.18203125 0.2921875 0.0078125 0.01328125
1 0.134375 0.2953125 0.00859375 0.01484375
1 0.628125 0.38125 0.009375 0.01484375
1 0.18046875 0.26484375 0.00703125 0.01171875
1 0.6640625 0.37421875 0.009375 0.0140625
1 0.73515625 0.515625 0.0109375 0.01796875
1 0.35078125 0.55625 0.0125 0.0203125
0 0.690625 0.7046875 0.0109375 0.01796875
1 0.38125 0.61953125 0.009375 0.01015625
1 0.02265625 0.41015625 0.01015625 0.01796875
1 0.28125 0.33203125 0.0109375 0.0171875
1 0.09921875 0.3203125 0.00859375 0.0140625
1 0.303125 0.8984375 0.01015625 0.01640625
1 0.47734375 0.38671875 0.0109375 0.01640625
0 0.7078125 0.74296875 0.01171875 0.01796875
1 0.790625 0.5734375 0.009375 0.01953125
1 0.34453125 0.4171875 0.009375 0.015625
1 0.54609375 0.303125 0.0078125 0.0125
1 0.15078125 0.39453125 0.01015625 0.01484375
1 0.59453125 0.32734375 0.00859375 0.0140625
1 0.34296875 0.29296875 0.0078125 0.01328125
1 0.07265625 0.328125 0.009375 0.01484375
1 0.4625 0.3796875 0.009375 0.01484375
1 0.95 0.4046875 0.01171875 0.015625
1 0.9375 0.40390625 0.0109375 0.015625
1 0.36484375 0.64609375 0.01171875 0.01484375
1 0.35078125 0.43515625 0.0078125 0.01171875
1 0.153125 0.47109375 0.009375 0.01796875
1 0.325 0.40703125 0.01015625 0.015625
1 0.18828125 0.90859375 0.01171875 0.0203125
0 0.890625 0.246875 0.0109375 0.01953125
1 0.57265625 0.35234375 0.01015625 0.0140625
1 0.58125 0.3265625 0.00859375 0.0140625
1 0.26171875 0.878125 0.00859375 0.01328125
1 0.678125 0.546875 0.00703125 0.01484375
1 0.8109375 0.3671875 0.009375 0.01484375
1 0.17421875 0.8921875 0.01015625 0.01484375
1 0.17109375 0.29375 0.00859375 0.0125
1 0.03125 0.35546875 0.00859375 0.0140625
1 0.6203125 0.9 0.0109375 0.01640625
1 0.640625 0.3703125 0.009375 0.01484375
1 0.72578125 0.50390625 0.01015625 0.0171875
1 0.51640625 0.2703125 0.00703125 0.0125
0 0.7140625 0.72578125 0.0109375 0.021875
1 0.46015625 0.36015625 0.01015625 0.015625
1 0.16171875 0.28828125 0.00703125 0.0125
1 0.009375 0.37109375 0.0125 0.015625
1 0.08203125 0.30703125 0.009375 0.01640625
1 0.51484375 0.334375 0.00703125 0.0140625
1 0.465625 0.4703125 0.009375 0.015625
1 0.76875 0.90546875 0.00859375 0.01171875
1 0.33515625 0.3890625 0.01015625 0.015625
1 0.17578125 0.39921875 0.01015625 0.0171875
1 0.62890625 0.3953125 0.009375 0.0125
1 0.12734375 0.290625 0.0078125 0.01328125
1 0.3390625 0.35625 0.00859375 0.0125
1 0.07578125 0.36640625 0.009375 0.0171875
1 0.38671875 0.2796875 0.009375 0.0140625
1 0.55234375 0.32109375 0.0078125 0.0140625
1 0.5578125 0.25859375 0.0078125 0.01171875
1 0.221875 0.65 0.01015625 0.01171875
1 0.56015625 0.9015625 0.0109375 0.0140625
1 0.6078125 0.25703125 0.00625 0.0109375
1 0.64296875 0.27109375 0.00703125 0.01171875
1 0.1453125 0.45859375 0.0078125 0.01015625
1 0.33671875 0.37421875 0.01015625 0.0140625
1 0.29375 0.8734375 0.00703125 0.01171875
1 0.528125 0.3375 0.009375 0.0140625
1 0.665625 0.26953125 0.0078125 0.01484375
0 0.88046875 0.25546875 0.01015625 0.01875
1 0.053125 0.3375 0.009375 0.01484375
1 0.11875 0.5546875 0.009375 0.0140625
1 0.84296875 0.48984375 0.01015625 0.0171875
1 0.146875 0.26875 0.0078125 0.01171875
1 0.0203125 0.35546875 0.0109375 0.01484375
0 0.259375 0.27109375 0.009375 0.015625
1 0.046875 0.35625 0.0078125 0.0140625
1 0.98515625 0.40078125 0.0109375 0.0171875
1 0.8890625 0.36953125 0.01015625 0.015625
1 0.0703125 0.54375 0.01171875 0.01640625
1 0.06328125 0.3390625 0.0109375 0.0140625
1 0.44375 0.3921875 0.01015625 0.01484375
1 0.32734375 0.8875 0.00859375 0.0125
1 0.09453125 0.28359375 0.0078125 0.01328125
1 0.77265625 0.8734375 0.00703125 0.01328125
1 0.3671875 0.296875 0.00703125 0.01328125
1 0.96640625 0.39453125 0.0109375 0.01640625
1 0.47734375 0.3703125 0.0109375 0.01484375
1 0.59453125 0.259375 0.0078125 0.0125
1 0.1109375 0.28203125 0.01015625 0.01484375
1 0.01640625 0.61015625 0.01015625 0.0140625
1 0.60078125 0.89921875 0.0109375 0.0171875
1 0.42734375 0.3609375 0.009375 0.0140625
1 0.46875 0.3484375 0.0078125 0.01171875
1 0.5921875 0.865625 0.00703125 0.01328125
1 0.3625 0.26171875 0.0078125 0.01484375
1 0.33203125 0.9015625 0.0125 0.01484375
1 0.1890625 0.87265625 0.00703125 0.01171875
1 0.6375 0.25703125 0.00703125 0.0125
1 0.625 0.26875 0.009375 0.01171875
1 0.50703125 0.2671875 0.0078125 0.0125
1 0.98984375 0.37109375 0.00859375 0.01171875
1 0.2390625 0.875 0.0109375 0.01484375
1 0.75234375 0.88125 0.0109375 0.015625
1 0.35625 0.30390625 0.00859375 0.01328125
1 0.57109375 0.9 0.01328125 0.01484375
1 0.02578125 0.340625 0.0078125 0.0140625
1 0.44296875 0.2625 0.0078125 0.01484375
1 0.1125 0.97421875 0.01953125 0.0375
1 0.9515625 0.3921875 0.009375 0.01484375
1 0.56171875 0.87109375 0.00859375 0.015625
1 0.1578125 0.25703125 0.00703125 0.009375
1 0.14921875 0.878125 0.0078125 0.0140625
1 0.7609375 0.87421875 0.0078125 0.01484375
1 0.04375 0.33046875 0.00859375 0.01328125
1 0.3234375 0.61640625 0.0078125 0.01171875
1 0.7046875 0.371875 0.00703125 0.01171875
1 0.06796875 0.30546875 0.01171875 0.0171875
1 0.48203125 0.25625 0.00859375 0.01328125
1 0.1296875 0.596875 0.00703125 0.01328125
1 0.38203125 0.2609375 0.0078125 0.01328125
1 0.86796875 0.278125 0.00625 0.0125
1 0.4953125 0.2578125 0.00859375 0.0125
1 0.9875 0.38203125 0.01171875 0.01640625
1 0.18828125 0.8921875 0.01015625 0.01171875
1 0.1734375 0.871875 0.009375 0.01171875