2 0.24296875 0.21015625 0.10625 0.0578125
3 0.67421875 0.29765625 0.0765625 0.084375
3 0.60234375 0.32890625 0.0921875 0.0828125
4 0.34609375 0.27734375 0.09375 0.10625
4 0.34609375 0.3875 0.1 0.1
2 0.7578125 0.21640625 0.1109375 0.0515625
1 0.1109375 0.36015625 0.0265625 0.0109375
1 0.6328125 0.44453125 0.028125 0.0125
1 0.0671875 0.31953125 0.028125 0.00625
1 0.33125 0.43203125 0.028125 0.0125
1 0.90859375 0.390625 0.028125 0.0109375
1 0.28515625 0.4546875 0.03125 0.0125
1 0.73203125 0.50625 0.0296875 0.0140625
1 0.9375 0.33515625 0.0265625 0.0078125
1 0.04453125 0.409375 0.0296875 0.0109375
1 0.6703125 0.40234375 0.0296875 0.009375
1 0.6046875 0.4640625 0.0296875 0.0125
1 0.115625 0.28515625 0.025 0.0015625
1 0.97578125 0.35390625 0.028125 0.0078125
1 0.43046875 0.35390625 0.028125 0.009375
1 0.47890625 0.4984375 0.03125 0.015625
1 0.72578125 0.534375 0.03125 0.0140625
1 0.95078125 0.4390625 0.0296875 0.0109375
1 0.946875 0.425 0.0296875 0.009375
1 0.29609375 0.5171875 0.03125 0.0140625
1 0.071875 0.3375 0.0296875 0.009375
1 0.1625 0.278125 0.0265625 0.00625
1 0.69140625 0.4640625 0.0296875 0.0125
1 0.7515625 0.646875 0.0328125 0.015625
1 0.22734375 0.85 0.0265625 0.00625
1 0.9859375 0.44375 0.028125 0.0125
1 0.56171875 0.55234375 0.0296875 0.0125
1 0.415625 0.8703125 0.0265625 0.00625
1 0.89609375 0.9 0.028125 0.009375
1 0.275 0.55390625 0.03125 0.0171875
1 0.93046875 0.409375 0.0296875 0.0109375
1 0.65078125 0.490625 0.03125 0.0140625
3 0.43671875 0.82734375 0.0515625 0.0359375
1 0.6125 0.440625 0.028125 0.0109375
1 0.684375 0.41328125 0.0296875 0.0078125
1 0.98828125 0.378125 0.0234375 0.009375