2 0.23203125 0.2203125 0.0921875 0.0625
4 0.5359375 0.25703125 0.071875 0.0828125
3 0.66484375 0.2484375 0.053125 0.0703125
2 0.7484375 0.20546875 0.09375 0.05625
1 0.28125 0.61953125 0.0171875 0.021875
1 0.875 0.921875 0.01875 0.025
1 0.12421875 0.428125 0.0140625 0.01875
1 0.3046875 0.54609375 0.015625 0.021875
1 0.5015625 0.465625 0.0140625 0.01875
3 0.3984375 0.47578125 0.0875 0.1265625
1 0.51328125 0.43515625 0.0140625 0.01875
1 0.6828125 0.5265625 0.015625 0.021875
1 0.159375 0.45 0.0140625 0.01875
1 0.46171875 0.61640625 0.015625 0.01875
1 0.70625 0.56796875 0.0171875 0.0234375
1 0.7046875 0.4625 0.0140625 0.01875
1 0.390625 0.39921875 0.0140625 0.01875
1 0.00859375 0.48984375 0.015625 0.01875
1 0.621875 0.56015625 0.015625 0.021875
1 0.38671875 0.33125 0.0109375 0.0140625
1 0.721875 0.44765625 0.0140625 0.0171875
1 0.5109375 0.3328125 0.0125 0.015625
1 0.78359375 0.60390625 0.015625 0.0203125
1 0.3015625 0.4921875 0.015625 0.01875
1 0.27734375 0.53125 0.015625 0.0203125
1 0.66953125 0.4375 0.0140625 0.0171875
1 0.4140625 0.29609375 0.0109375 0.0140625
1 0.43984375 0.34140625 0.0109375 0.015625
1 0.946875 0.4265625 0.0140625 0.01875
1 0.5453125 0.4234375 0.0125 0.01875
1 0.9421875 0.4078125 0.015625 0.01875
1 0.95625 0.44765625 0.0171875 0.0234375
1 0.33671875 0.303125 0.0109375 0.0140625
1 0.56171875 0.425 0.0140625 0.01875
4 0.7328125 0.84296875 0.0578125 0.046875
1 0.91796875 0.32265625 0.0109375 0.0140625
1 0.59921875 0.35546875 0.0125 0.0171875
1 0.27578125 0.49453125 0.0140625 0.01875
1 0.6671875 0.4671875 0.0140625 0.01875
1 0.478125 0.38984375 0.0140625 0.0171875
1 0.421875 0.6 0.015625 0.021875
1 0.8859375 0.3296875 0.0125 0.015625
1 0.65703125 0.8890625 0.0140625 0.0171875
1 0.63671875 0.28984375 0.0109375 0.0140625
1 0.20546875 0.428125 0.009375 0.0140625
1 0.98046875 0.3625 0.0125 0.015625
1 0.4828125 0.40703125 0.0125 0.0171875
4 0.6203125 0.44140625 0.0921875 0.121875
1 0.1453125 0.3234375 0.0109375 0.0140625
1 0.64140625 0.38125 0.0125 0.015625
1 0.08046875 0.37421875 0.0140625 0.01875
1 0.4609375 0.415625 0.0140625 0.01875
1 0.97421875 0.409375 0.0140625 0.0171875
1 0.509375 0.28203125 0.0125 0.0140625
1 0.5328125 0.3515625 0.0109375 0.015625
1 0.54140625 0.36484375 0.0125 0.015625
1 0.05546875 0.92734375 0.015625 0.021875
1 0.6375 0.3484375 0.0140625 0.015625
1 0.04609375 0.4046875 0.0140625 0.015625
1 0.828125 0.91328125 0.0171875 0.021875
1 0.296875 0.4515625 0.0140625 0.01875
1 0.346875 0.30234375 0.0125 0.0140625
1 0.6578125 0.3 0.0109375 0.0140625
1 0.6578125 0.42109375 0.0125 0.0171875
1 0.9359375 0.38125 0.0140625 0.0171875
1 0.321875 0.353125 0.0125 0.0140625
1 0.6078125 0.340625 0.0125 0.015625
1 0.053125 0.990625 0.01875 0.01875
1 0.915625 0.4109375 0.0140625 0.0171875
1 0.709375 0.4296875 0.0125 0.0171875
1 0.31328125 0.40859375 0.0140625 0.015625
1 0.36328125 0.35078125 0.0125 0.015625
1 0.4375 0.29921875 0.0109375 0.015625
1 0.48671875 0.43046875 0.0140625 0.0171875
1 0.7484375 0.93203125 0.01875 0.0265625
1 0.06171875 0.35078125 0.0125 0.0125
1 0.6109375 0.29296875 0.0109375 0.0125
1 0.325 0.6484375 0.015625 0.0125
1 0.90703125 0.3640625 0.0125 0.015625
1 0.91640625 0.38671875 0.015625 0.015625
1 0.4921875 0.6453125 0.0140625 0.0140625
1 0.565625 0.2984375 0.0109375 0.0140625
1 0.93203125 0.33828125 0.0125 0.015625
1 0.615625 0.28203125 0.0109375 0.0125
1 0.86875 0.2890625 0.0109375 0.0140625
1 0.7828125 0.6421875 0.015625 0.0140625
1 0.9015625 0.8875 0.0125 0.0171875
1 0.9421875 0.33359375 0.0140625 0.015625
1 0.053125 0.365625 0.0125 0.0140625
1 0.653125 0.4015625 0.0125 0.0140625
1 0.0828125 0.921875 0.015625 0.0203125
1 0.92421875 0.4265625 0.0140625 0.015625
1 0.6234375 0.32265625 0.0109375 0.0140625
1 0.6828125 0.446875 0.0140625 0.0171875
1 0.69296875 0.884375 0.0125 0.0171875
1 0.58828125 0.26640625 0.0109375 0.0125
1 0.91875 0.3703125 0.0125 0.0109375
1 0.78046875 0.8984375 0.015625 0.0203125
1 0.1578125 0.28203125 0.0125 0.0125
1 0.61953125 0.33203125 0.0125 0.0140625
1 0.64140625 0.26484375 0.0109375 0.0125
1 0.571875 0.296875 0.0109375 0.015625
1 0.4828125 0.27890625 0.0125 0.0125
1 0.00625 0.38515625 0.0125 0.0171875
1 0.62109375 0.36875 0.0140625 0.015625
1 0.0421875 0.3921875 0.0125 0.0125
1 0.43828125 0.278125 0.0109375 0.0125
1 0.025 0.3734375 0.0140625 0.0171875
1 0.5984375 0.3 0.0140625 0.0140625
1 0.30703125 0.39609375 0.0125 0.0125
1 0.51875 0.4953125 0.0109375 0.0140625
1 0.12109375 0.34765625 0.0140625 0.0140625
1 0.178125 0.30703125 0.0109375 0.0140625
1 0.08828125 0.35234375 0.0140625 0.0140625
1 0.1125 0.88828125 0.0109375 0.0125
1 0.0875 0.30546875 0.0125 0.0140625
1 0.16171875 0.87578125 0.0125 0.0125
1 0.446875 0.87578125 0.0109375 0.0109375
1 0.3546875 0.27421875 0.0125 0.0125
1 0.08984375 0.9515625 0.0140625 0.0140625
1 0.85546875 0.28828125 0.0140625 0.0140625
1 0.8328125 0.87890625 0.0140625 0.015625
1 0.49453125 0.28125 0.0125 0.0140625
1 0.790625 0.91484375 0.015625 0.0171875
1 0.61015625 0.265625 0.0125 0.0140625
1 0.76796875 0.921875 0.0171875 0.021875
1 0.915625 0.3015625 0.0125 0.015625
1 0.1484375 0.88828125 0.0109375 0.0125
1 0.75390625 0.525 0.0125 0.0125
1 0.87421875 0.88125 0.0125 0.0171875
1 0.4125 0.85859375 0.009375 0.0109375
1 0.62578125 0.25625 0.0109375 0.0125
1 0.44375 0.26640625 0.0109375 0.0125
1 0.78828125 0.8609375 0.009375 0.009375
1 0.34375 0.26328125 0.0125 0.0125
1 0.85546875 0.271875 0.0140625 0.0140625
1 0.103125 0.2921875 0.0140625 0.0171875
1 0.540625 0.4953125 0.0109375 0.0125
1 0.73359375 0.56171875 0.009375 0.015625
1 0.06875 0.93359375 0.0171875 0.0234375
1 0.93125 0.4140625 0.0125 0.015625
1 0.42265625 0.8734375 0.0125 0.0109375
1 0.92421875 0.30625 0.0140625 0.015625
1 0.13359375 0.89609375 0.0109375 0.0125
1 0.80546875 0.25390625 0.0125 0.0140625
1 0.803125 0.90546875 0.0140625 0.0203125
1 0.8734375 0.27265625 0.0140625 0.015625
1 0.6640625 0.86171875 0.009375 0.0109375
1 0.11796875 0.27890625 0.0109375 0.0125
1 0.4234375 0.86015625 0.009375 0.0109375
1 0.10859375 0.903125 0.0140625 0.015625
1 0.0359375 0.9765625 0.0203125 0.03125
1 0.91875 0.2859375 0.0109375 0.0125
1 0.4140625 0.259375 0.0109375 0.0125
1 0.9546875 0.32265625 0.0109375 0.0125
1 0.8234375 0.26953125 0.0109375 0.0140625
1 0.115625 0.871875 0.009375 0.0109375
1 0.06640625 0.953125 0.0140625 0.0109375
1 0.5984375 0.25546875 0.0125 0.0140625
1 0.08515625 0.98984375 0.0125 0.0140625
1 0.059375 0.8984375 0.0140625 0.0171875
1 0.1390625 0.878125 0.009375 0.0109375
1 0.6953125 0.440625 0.0125 0.015625
1 0.940625 0.3046875 0.0140625 0.015625
1 0.83359375 0.8609375 0.0109375 0.0140625
1 0.490625 0.89453125 0.0125 0.0171875
1 0.50078125 0.265625 0.0125 0.0125
1 0.8140625 0.25625 0.0125 0.0140625
1 0.61796875 0.25859375 0.0109375 0.0125
1 0.0890625 0.89453125 0.0125 0.015625
1 0.81484375 0.8609375 0.009375 0.0125
1 0.0921875 0.9765625 0.0109375 0.0125
1 0.88515625 0.278125 0.0125 0.0140625
1 0.121875 0.90234375 0.0125 0.0125
1 0.0578125 0.33671875 0.0125 0.0125
1 0.5265625 0.89296875 0.0140625 0.0171875
1 0.43828125 0.85078125 0.0078125 0.009375
1 0.43046875 0.84609375 0.0109375 0.009375
1 0.03984375 0.36640625 0.0140625 0.015625
1 0.8203125 0.89609375 0.015625 0.015625
1 0.365625 0.26875 0.0109375 0.0140625
1 0.38671875 0.2609375 0.0125 0.0140625
1 0.865625 0.271875 0.0125 0.015625
1 0.290625 0.39453125 0.0109375 0.0140625
1 0.03203125 0.3546875 0.0125 0.0109375