2 0.74609375 0.2015625 0.1125 0.059375
3 0.31953125 0.30390625 0.0828125 0.084375
3 0.3921875 0.3328125 0.0984375 0.0828125
4 0.64609375 0.271875 0.1 0.1078125
4 0.64921875 0.38203125 0.10625 0.1015625
2 0.23203125 0.225 0.115625 0.0515625
1 0.88359375 0.346875 0.03125 0.009375
1 0.36484375 0.44921875 0.0328125 0.0109375
1 0.9265625 0.3046875 0.03125 0.0046875
1 0.665625 0.4265625 0.0328125 0.0109375
1 0.08828125 0.4046875 0.03125 0.009375
1 0.71328125 0.44765625 0.034375 0.0109375
1 0.26875 0.51484375 0.034375 0.0125
1 0.05703125 0.35 0.0296875 0.00625
1 0.95234375 0.39375 0.0328125 0.009375
1 0.3265625 0.4078125 0.0328125 0.0078125
1 0.39453125 0.46796875 0.034375 0.0109375
1 0.01875 0.3703125 0.03125 0.00625
1 0.5640625 0.3515625 0.03125 0.0078125
1 0.52109375 0.49765625 0.034375 0.0140625
1 0.275 0.5421875 0.0359375 0.0125
1 0.046875 0.4546875 0.034375 0.009375
1 0.05078125 0.440625 0.0328125 0.0078125
1 0.7046875 0.51015625 0.034375 0.0125
1 0.92265625 0.32265625 0.0328125 0.0078125
1 0.8296875 0.2671875 0.0296875 0.0046875
1 0.3078125 0.47109375 0.034375 0.0109375
1 0.25390625 0.65546875 0.0375 0.0140625
1 0.784375 0.840625 0.0296875 0.0046875
1 0.01328125 0.46015625 0.0265625 0.0109375
1 0.440625 0.5546875 0.034375 0.0109375
1 0.59765625 0.8671875 0.0296875 0.0046875
1 0.11796875 0.91328125 0.0328125 0.0078125
1 0.7265625 0.54609375 0.0359375 0.015625
1 0.06640625 0.42421875 0.0328125 0.009375
1 0.3484375 0.49609375 0.034375 0.0125
3 0.575 0.825 0.05625 0.0359375
1 0.38515625 0.44453125 0.0328125 0.009375
1 0.3125 0.41953125 0.0328125 0.00625
1 0.01015625 0.39453125 0.0203125 0.0078125