4 0.66953125 0.28828125 0.0703125 0.06953125
3 0.865625 0.3546875 0.0640625 0.084375
1 0.14765625 0.57578125 0.0140625 0.02265625
1 0.39140625 0.57890625 0.01328125 0.021875
1 0.62265625 0.87265625 0.0109375 0.01875
3 0.778125 0.8421875 0.08046875 0.08046875
4 0.2140625 0.82734375 0.0421875 0.046875
1 0.0984375 0.4625 0.0109375 0.01796875
1 0.221875 0.57109375 0.0125 0.01796875
1 0.62109375 0.38203125 0.009375 0.015625
1 0.8234375 0.446875 0.0109375 0.01796875
2 0.24921875 0.22578125 0.090625 0.05
1 0.83828125 0.44140625 0.0109375 0.01796875
1 0.359375 0.45234375 0.0109375 0.01796875
1 0.36953125 0.4796875 0.0109375 0.01875
3 0.69375 0.565625 0.08125 0.1359375
1 0.74375 0.48984375 0.0109375 0.0171875
0 0.0453125 0.1796875 0.01796875 0.02421875
1 0.4015625 0.43984375 0.01015625 0.0171875
1 0.02109375 0.44140625 0.01171875 0.0171875
1 0.54765625 0.4875 0.0109375 0.0203125
1 0.74453125 0.47109375 0.01015625 0.01484375
1 0.2984375 0.89296875 0.01171875 0.02109375
1 0.83515625 0.89375 0.01171875 0.02109375
1 0.48203125 0.4890625 0.0109375 0.01953125
1 0.16015625 0.3890625 0.00859375 0.015625
1 0.4859375 0.38984375 0.009375 0.015625
1 0.43125 0.5 0.0109375 0.02109375
1 0.5984375 0.87578125 0.01171875 0.01953125
0 0.7828125 0.215625 0.01171875 0.01875
1 0.24375 0.5625 0.01328125 0.0203125
1 0.70703125 0.86640625 0.01015625 0.0171875
1 0.06796875 0.4328125 0.009375 0.01640625
1 0.890625 0.4 0.01015625 0.01640625
1 0.9390625 0.37265625 0.009375 0.015625
4 0.68359375 0.43046875 0.07265625 0.10390625
0 0.0296875 0.23515625 0.0171875 0.025
1 0.553125 0.89453125 0.01328125 0.02109375
1 0.38359375 0.38046875 0.00859375 0.015625
1 0.325 0.46015625 0.0109375 0.01953125
1 0.6796875 0.35 0.009375 0.015625
1 0.70078125 0.32890625 0.01015625 0.015625
1 0.13359375 0.42578125 0.01015625 0.0171875
1 0.46796875 0.44375 0.009375 0.01640625
1 0.64765625 0.87421875 0.0109375 0.01953125
1 0.98671875 0.4265625 0.0109375 0.01796875
1 0.48203125 0.37265625 0.00859375 0.015625
1 0.90234375 0.9296875 0.01640625 0.02890625
1 0.53984375 0.46640625 0.009375 0.01640625
1 0.6734375 0.32109375 0.009375 0.0140625
1 0.559375 0.40703125 0.01015625 0.01640625
1 0.45546875 0.42734375 0.01015625 0.01796875
1 0.35 0.428125 0.01015625 0.0171875
1 0.5328125 0.42890625 0.01015625 0.01640625
1 0.121875 0.4265625 0.01015625 0.01640625
1 0.08125 0.41484375 0.01015625 0.01640625
1 0.76171875 0.878125 0.01171875 0.0203125
1 0.20390625 0.57578125 0.01328125 0.01875
1 0.0828125 0.46171875 0.01171875 0.01875
1 0.1671875 0.4375 0.009375 0.01484375
1 0.10625 0.40859375 0.009375 0.01640625
1 0.87421875 0.9265625 0.015625 0.02734375
0 0.15234375 0.73515625 0.025 0.046875
1 0.321875 0.43828125 0.01015625 0.01640625
1 0.725 0.478125 0.0109375 0.01796875
1 0.90703125 0.89921875 0.01328125 0.02265625
1 0.49453125 0.62734375 0.01484375 0.0234375
1 0.1609375 0.890625 0.009375 0.01796875
1 0.309375 0.44296875 0.0109375 0.015625
1 0.575 0.43515625 0.01015625 0.01640625
0 0.78515625 0.78671875 0.0125 0.021875
1 0.134375 0.9296875 0.01640625 0.0296875
1 0.6640625 0.38046875 0.0109375 0.01796875
1 0.14453125 0.3953125 0.009375 0.01484375
1 0.303125 0.465625 0.01171875 0.01796875
0 0.040625 0.2875 0.01484375 0.0234375
1 0.20234375 0.56015625 0.01171875 0.0171875
1 0.38828125 0.46484375 0.0109375 0.01796875
1 0.13359375 0.35 0.00859375 0.01328125
1 0.528125 0.37265625 0.009375 0.01640625
1 0.95546875 0.93359375 0.01484375 0.02734375
1 0.06640625 0.58359375 0.0109375 0.01484375
1 0.28828125 0.48203125 0.0109375 0.015625
1 0.18515625 0.3515625 0.009375 0.0140625
1 0.92734375 0.90625 0.0140625 0.02265625
2 0.77265625 0.221875 0.08203125 0.05625
0 0.3921875 0.73671875 0.015625 0.03203125
0 0.15234375 0.20078125 0.015625 0.02421875
1 0.24453125 0.5453125 0.01171875 0.015625
0 0.834375 0.115625 0.0125 0.01875
1 0.26171875 0.52265625 0.0125 0.02109375
1 0.7 0.34765625 0.00859375 0.015625
1 0.37421875 0.45234375 0.0109375 0.0171875
1 0.5125 0.4140625 0.00859375 0.01640625
1 0.309375 0.865625 0.01015625 0.0140625
1 0.64296875 0.32578125 0.00703125 0.01328125
1 0.26640625 0.48046875 0.009375 0.01875
0 0.028125 0.32734375 0.01484375 0.021875
1 0.2859375 0.496875 0.01015625 0.01328125
0 0.08515625 0.240625 0.0140625 0.021875
1 0.534375 0.890625 0.0125 0.02265625
1 0.47734375 0.4609375 0.0109375 0.01953125
1 0.43125 0.41484375 0.01015625 0.0171875
1 0.50234375 0.3515625 0.0078125 0.0140625
1 0.16328125 0.45078125 0.0109375 0.015625
3 0.54140625 0.82265625 0.0515625 0.0640625
1 0.940625 0.340625 0.01015625 0.015625
1 0.315625 0.403125 0.00859375 0.015625
1 0.69375 0.48515625 0.01015625 0.015625
1 0.153125 0.44765625 0.00859375 0.01796875
1 0.05625 0.4078125 0.0078125 0.015625
1 0.22265625 0.87578125 0.01015625 0.0171875
1 0.14765625 0.3078125 0.0078125 0.01328125
1 0.55 0.4390625 0.01015625 0.0171875
1 0.1203125 0.87265625 0.0109375 0.01640625
1 0.32734375 0.40078125 0.00859375 0.01484375
0 0.21640625 0.7390625 0.02421875 0.046875
1 0.8375 0.40078125 0.01015625 0.01640625
1 0.15390625 0.371875 0.00859375 0.015625
0 0.7578125 0.23125 0.0109375 0.015625
1 0.5796875 0.41953125 0.0078125 0.0140625
1 0.60703125 0.42578125 0.01015625 0.01484375
1 0.93515625 0.87421875 0.00859375 0.015625
1 0.08125 0.9328125 0.01875 0.03203125
1 0.1640625 0.3734375 0.01015625 0.01640625
1 0.2625 0.57578125 0.01484375 0.021875
1 0.1203125 0.3359375 0.00859375 0.01328125
1 0.09609375 0.44765625 0.01015625 0.01171875
1 0.19765625 0.40703125 0.0109375 0.015625
0 0.41796875 0.12734375 0.01484375 0.02109375
1 0.4625 0.33984375 0.00859375 0.01484375
1 0.1078125 0.36484375 0.00859375 0.01328125
0 0.34921875 0.7390625 0.0234375 0.03515625
1 0.1265625 0.38671875 0.0078125 0.0140625
1 0.29140625 0.46171875 0.01015625 0.015625
1 0.1625 0.6421875 0.0140625 0.02109375
1 0.50078125 0.4234375 0.009375 0.01640625
1 0.23515625 0.99296875 0.01953125 0.0125
1 0.09375 0.39609375 0.009375 0.01328125
1 0.21953125 0.584375 0.0125 0.0125
1 0.06875 0.64765625 0.0125 0.015625
0 0.74140625 0.21796875 0.009375 0.0140625
1 0.1828125 0.878125 0.0109375 0.01640625
0 0.08125 0.140625 0.01875 0.02421875
1 0.31875 0.38984375 0.00859375 0.01328125
1 0.1328125 0.87109375 0.009375 0.01484375
1 0.1765625 0.58515625 0.01015625 0.0140625
1 0.28203125 0.89453125 0.0125 0.0203125
1 0.11640625 0.39765625 0.00859375 0.0109375
1 0.43046875 0.84921875 0.00703125 0.0109375
1 0.11640625 0.40859375 0.00859375 0.01328125
1 0.18515625 0.85625 0.009375 0.0125
1 0.34296875 0.36875 0.0078125 0.0125
1 0.23359375 0.940625 0.02109375 0.03828125
1 0.33359375 0.34375 0.0078125 0.0140625
1 0.20234375 0.88671875 0.01171875 0.01875
1 0.56640625 0.41796875 0.01015625 0.015625
1 0.190625 0.31328125 0.0078125 0.01328125
1 0.34921875 0.39609375 0.0109375 0.0171875
1 0.3578125 0.334375 0.00859375 0.01484375
1 0.02421875 0.39921875 0.01015625 0.01484375
1 0.2703125 0.503125 0.009375 0.01796875
1 0.234375 0.86875 0.009375 0.01484375
1 0.346875 0.30625 0.0078125 0.0109375
1 0.090625 0.64765625 0.01328125 0.01796875
1 0.2796875 0.46171875 0.009375 0.0125
1 0.8328125 0.8453125 0.00703125 0.01171875
1 0.09453125 0.871875 0.009375 0.01484375
1 0.14375 0.3765625 0.01015625 0.015625
1 0.1 0.38671875 0.01015625 0.01328125
1 0.034375 0.38046875 0.01015625 0.01328125
1 0.9015625 0.31796875 0.0078125 0.0125
1 0.88671875 0.3171875 0.0078125 0.01328125
1 0.28984375 0.40390625 0.00703125 0.015625
1 0.93515625 0.3265625 0.009375 0.0140625
1 0.996875 0.375 0.00625 0.01328125
1 0.06953125 0.39375 0.0109375 0.01640625
1 0.4484375 0.3 0.00859375 0.0125
1 0.2484375 0.51171875 0.01171875 0.01875
1 0.4390625 0.39921875 0.009375 0.01484375
1 0.27890625 0.5140625 0.009375 0.01640625
1 0.334375 0.390625 0.009375 0.015625
1 0.05234375 0.3828125 0.009375 0.01328125
1 0.0984375 0.3453125 0.00703125 0.01171875
1 0.1828125 0.64296875 0.01484375 0.01640625
1 0.8515625 0.30625 0.00625 0.01171875
4 0.43359375 0.8125 0.0328125 0.0265625
1 0.21640625 0.85625 0.00703125 0.0125
1 0.925 0.32578125 0.009375 0.01328125
1 0.39609375 0.2953125 0.00859375 0.0125
1 0.3515625 0.33203125 0.0078125 0.01484375
1 0.3296875 0.3578125 0.0078125 0.01328125
1 0.18515625 0.628125 0.01484375 0.01796875
1 0.3265625 0.87734375 0.0109375 0.01875
1 0.1734375 0.31015625 0.01015625 0.01171875
1 0.53125 0.85234375 0.009375 0.01171875
1 0.49921875 0.3375 0.01015625 0.0125
1 0.13359375 0.853125 0.0078125 0.01171875
1 0.571875 0.8484375 0.00859375 0.0109375
1 0.44921875 0.6125 0.01015625 0.0140625
1 0.35703125 0.30234375 0.00859375 0.0125
0 0.5671875 0.76640625 0.0078125 0.01328125
1 0.409375 0.88828125 0.02421875 0.04140625
1 0.47734375 0.33203125 0.0109375 0.01328125
1 0.06328125 0.3796875 0.009375 0.01328125
1 0.33203125 0.378125 0.01015625 0.01484375
1 0.821875 0.8453125 0.00625 0.0109375
1 0.08125 0.57734375 0.00703125 0.01484375
1 0.1609375 0.8734375 0.01015625 0.01484375
1 0.896875 0.30390625 0.009375 0.01171875
1 0.37734375 0.2984375 0.009375 0.01171875
1 0.8765625 0.871875 0.009375 0.0125
1 0.26875 0.8890625 0.01328125 0.01796875
1 0.184375 0.8390625 0.00859375 0.009375
1 0.36796875 0.3 0.0078125 0.01171875
1 0.1953125 0.8640625 0.0109375 0.01796875
1 0.11328125 0.98671875 0.02109375 0.025
1 0.2109375 0.60625 0.0109375 0.01328125
0 0.378125 0.7296875 0.0171875 0.028125
1 0.11484375 0.846875 0.00703125 0.01015625
1 0.60234375 0.4125 0.00859375 0.01484375