4 0.67578125 0.84296875 0.0953125 0.0796875
4 0.83984375 0.40625 0.0796875 0.0671875
2 0.7671875 0.21875 0.1109375 0.0625
3 0.23515625 0.82890625 0.0828125 0.0421875
4 0.684375 0.290625 0.0734375 0.053125
2 0.25 0.2265625 0.115625 0.0421875
3 0.5484375 0.78984375 0.0796875 0.0515625
4 0.728125 0.825 0.0671875 0.0421875
3 0.325 0.2875 0.0671875 0.0515625
4 0.87890625 0.603125 0.1015625 0.0890625
1 0.575 0.5125 0.0375 0.0171875
1 0.5765625 0.49140625 0.0359375 0.0125
0 0.9546875 0.23125 0.034375 0.0109375