4 0.60859375 0.43515625 0.1109375 0.1296875
2 0.215625 0.234375 0.125 0.0734375
4 0.940625 0.421875 0.11875 0.103125
3 0.384375 0.3140625 0.096875 0.084375
3 0.34765625 0.8578125 0.1203125 0.1046875
1 0.7046875 0.47265625 0.0453125 0.0265625
1 0.38671875 0.425 0.046875 0.028125
4 0.7796875 0.85625 0.1578125 0.13125
1 0.23515625 0.5890625 0.0484375 0.0328125
4 0.33359375 0.3515625 0.0890625 0.0953125
1 0.834375 0.40625 0.04375 0.025
1 0.803125 0.43984375 0.04375 0.025
1 0.84921875 0.55234375 0.046875 0.03125
1 0.24765625 0.54453125 0.0453125 0.028125
1 0.09140625 0.4609375 0.0453125 0.025
1 0.83828125 0.4234375 0.04375 0.025
1 0.02890625 0.47578125 0.046875 0.0265625
1 0.20234375 0.4734375 0.0453125 0.0265625
1 0.3328125 0.575 0.0484375 0.0328125
1 0.29765625 0.51640625 0.0453125 0.0296875
1 0.86328125 0.4046875 0.04375 0.025
3 0.13515625 0.440625 0.109375 0.1078125
1 0.2625 0.91328125 0.0484375 0.0328125
1 0.71875 0.4234375 0.0453125 0.0265625
1 0.94921875 0.55546875 0.046875 0.025
1 0.0359375 0.44453125 0.0453125 0.025
1 0.38515625 0.5171875 0.0453125 0.0296875
1 0.190625 0.45625 0.04375 0.0265625
1 0.88828125 0.39921875 0.04375 0.0234375
1 0.8125 0.38125 0.04375 0.025
1 0.26015625 0.4703125 0.0453125 0.0265625
1 0.31015625 0.54453125 0.0453125 0.0296875
1 0.278125 0.53125 0.0453125 0.0296875
1 0.01796875 0.46015625 0.0359375 0.0265625
3 0.5265625 0.459375 0.1078125 0.1390625
1 0.43203125 0.3484375 0.040625 0.0234375
1 0.5859375 0.88828125 0.046875 0.0296875
1 0.6734375 0.48828125 0.0453125 0.028125
1 0.3765625 0.3859375 0.0421875 0.021875
1 0.30078125 0.89765625 0.046875 0.0296875
1 0.1828125 0.49453125 0.0453125 0.0265625
1 0.01171875 0.42265625 0.0234375 0.0234375
1 0.65234375 0.421875 0.04375 0.0234375
1 0.11953125 0.378125 0.0421875 0.0234375
1 0.56640625 0.403125 0.0421875 0.025
1 0.43203125 0.33359375 0.040625 0.0203125
1 0.69765625 0.87578125 0.0453125 0.0296875
1 0.08984375 0.94453125 0.0484375 0.0328125
1 0.3421875 0.63046875 0.046875 0.0296875
1 0.0125 0.47421875 0.025 0.0265625
1 0.734375 0.51796875 0.0453125 0.028125
1 0.17265625 0.4609375 0.04375 0.025
1 0.2125 0.50859375 0.0453125 0.028125
1 0.22734375 0.91875 0.0484375 0.0328125
1 0.546875 0.38125 0.040625 0.0234375
1 0.87109375 0.37890625 0.04375 0.0234375
1 0.065625 0.4078125 0.04375 0.025
1 0.62109375 0.87265625 0.04375 0.025
1 0.640625 0.86640625 0.0421875 0.025
1 0.27265625 0.45546875 0.0453125 0.0265625
1 0.53203125 0.384375 0.0421875 0.0234375
1 0.5546875 0.621875 0.046875 0.0328125
1 0.09765625 0.37734375 0.0421875 0.0234375
1 0.021875 0.40546875 0.04375 0.021875
1 0.3046875 0.40625 0.0453125 0.028125
1 0.08203125 0.35390625 0.0421875 0.0234375
1 0.5609375 0.31875 0.040625 0.021875
0 0.721875 0.1984375 0.0421875 0.021875
2 0.7359375 0.2140625 0.1265625 0.059375
1 0.8875 0.378125 0.0453125 0.0234375
1 0.2453125 0.86640625 0.0421875 0.021875
1 0.15703125 0.92578125 0.046875 0.0328125
1 0.30625 0.6328125 0.046875 0.03125
1 0.6578125 0.3984375 0.04375 0.0234375
1 0.05703125 0.3953125 0.04375 0.0234375
1 0.821875 0.31171875 0.040625 0.0203125
1 0.72421875 0.50703125 0.0453125 0.028125
1 0.021875 0.440625 0.04375 0.025
1 0.2109375 0.640625 0.0484375 0.0296875
1 0.9578125 0.89375 0.0484375 0.0359375
1 0.88515625 0.8515625 0.0421875 0.0234375
1 0.03359375 0.36875 0.040625 0.021875
1 0.84375 0.3796875 0.0453125 0.025
1 0.8171875 0.28671875 0.040625 0.01875
1 0.375 0.3671875 0.0421875 0.021875
1 0.8796875 0.49921875 0.04375 0.0234375
1 0.52890625 0.3421875 0.0421875 0.021875
1 0.89765625 0.84921875 0.0421875 0.0234375
1 0.01015625 0.3953125 0.0203125 0.021875
1 0.14453125 0.33984375 0.0421875 0.021875
1 0.24140625 0.525 0.04375 0.0203125
1 0.29140625 0.8578125 0.040625 0.021875
1 0.16875 0.35078125 0.040625 0.0203125
1 0.85703125 0.8765625 0.0453125 0.0296875
1 0.0828125 0.37421875 0.04375 0.021875
1 0.20390625 0.8828125 0.04375 0.025
1 0.18203125 0.90546875 0.0453125 0.0265625
1 0.8359375 0.3109375 0.040625 0.021875
1 0.11171875 0.36640625 0.040625 0.021875
1 0.125 0.35703125 0.040625 0.021875
1 0.86171875 0.85546875 0.040625 0.0234375
1 0.2765625 0.86171875 0.0390625 0.0203125
1 0.73984375 0.50078125 0.04375 0.0265625
1 0.69140625 0.85078125 0.0421875 0.0234375
1 0.83203125 0.290625 0.0421875 0.021875
1 0.103125 0.9234375 0.046875 0.028125
1 0.16796875 0.42265625 0.040625 0.0203125
1 0.27578125 0.6296875 0.0484375 0.0265625
1 0.93359375 0.3578125 0.0421875 0.0234375
1 0.2546875 0.6359375 0.0484375 0.0296875
1 0.40703125 0.8640625 0.0453125 0.028125
1 0.84296875 0.30859375 0.040625 0.021875
1 0.15859375 0.3203125 0.0453125 0.025
1 0.3015625 0.36953125 0.046875 0.0265625
1 0.7984375 0.28984375 0.0390625 0.0203125
1 0.80703125 0.2890625 0.040625 0.0203125
1 0.10390625 0.39453125 0.040625 0.0203125
1 0.5546875 0.340625 0.0390625 0.021875
1 0.20703125 0.9140625 0.046875 0.0296875
1 0.90625 0.628125 0.0453125 0.0234375
1 0.55625 0.8515625 0.0421875 0.01875
1 0.90625 0.365625 0.0421875 0.0234375
1 0.859375 0.97578125 0.05 0.0203125
1 0.91875 0.8640625 0.0453125 0.03125
1 0.45390625 0.853125 0.0390625 0.0171875
1 0.87109375 0.3140625 0.0421875 0.0234375
1 0.56171875 0.47890625 0.04375 0.0234375
1 0.50703125 0.39140625 0.0421875 0.01875
1 0.028125 0.6671875 0.0515625 0.0296875
1 0.64453125 0.40859375 0.0421875 0.021875
1 0.63046875 0.30859375 0.0421875 0.0203125
1 0.3 0.85703125 0.040625 0.021875
1 0.059375 0.35390625 0.040625 0.021875
1 0.46875 0.85 0.04375 0.025
1 0.31484375 0.65625 0.04375 0.0203125
1 0.12578125 0.3390625 0.0421875 0.0203125
1 0.6125 0.84375 0.0390625 0.01875
1 0.16875 0.65859375 0.0453125 0.025
1 0.60078125 0.88359375 0.0453125 0.0265625
1 0.903125 0.384375 0.0421875 0.021875
1 0.17890625 0.88828125 0.040625 0.01875
1 0.940625 0.3671875 0.040625 0.0203125
1 0.83984375 0.8609375 0.040625 0.021875
1 0.91484375 0.84375 0.0421875 0.0234375
1 0.9046875 0.409375 0.0421875 0.01875
1 0.20234375 0.9 0.04375 0.0203125
1 0.2640625 0.65625 0.0453125 0.01875
1 0.02421875 0.39453125 0.040625 0.01875
1 0.63125 0.296875 0.0421875 0.0203125
0 0.26875 0.30390625 0.046875 0.0265625
1 0.25859375 0.85234375 0.040625 0.0171875
1 0.3234375 0.30546875 0.040625 0.01875
1 0.11875 0.89140625 0.040625 0.0234375
1 0.85859375 0.82265625 0.0421875 0.01875
1 0.0859375 0.89609375 0.0453125 0.025
0 0.7109375 0.171875 0.040625 0.0203125
1 0.3984375 0.86953125 0.0421875 0.028125
1 0.4875 0.825 0.0390625 0.01875
1 0.75390625 0.6375 0.0421875 0.01875
1 0.44609375 0.82421875 0.040625 0.01875
1 0.8453125 0.82109375 0.040625 0.01875
1 0.91953125 0.378125 0.0453125 0.0234375
1 0.9125 0.396875 0.0421875 0.021875
1 0.88671875 0.8140625 0.040625 0.0203125
1 0.9765625 0.96171875 0.046875 0.0359375
1 0.69609375 0.86328125 0.0421875 0.0171875