3 0.32109375 0.8453125 0.07734375 0.0765625
3 0.259375 0.825 0.040625 0.040625
3 0.32265625 0.2890625 0.04296875 0.04609375
2 0.2578125 0.22734375 0.0859375 0.04140625
4 0.69296875 0.29375 0.03671875 0.0609375
2 0.77421875 0.2234375 0.0875 0.05859375
3 0.19453125 0.39921875 0.046875 0.078125
4 0.88203125 0.5890625 0.084375 0.11328125
1 0.090625 0.35546875 0.00625 0.0125
4 0.71796875 0.821875 0.0328125 0.0375
1 0.10390625 0.34453125 0.0078125 0.01328125
1 0.21484375 0.48203125 0.00546875 0.0078125
1 0.44140625 0.5140625 0.009375 0.01796875
1 0.93125 0.93359375 0.0125 0.01484375