3 0.52734375 0.29296875 0.078125 0.071875
0 0.96015625 0.42734375 0.025 0.015625
1 0.8859375 0.45 0.0234375 0.015625
1 0.61171875 0.4625 0.0234375 0.015625
1 0.475 0.428125 0.021875 0.0140625
0 0.740625 0.2359375 0.0265625 0.0203125
0 0.85078125 0.1953125 0.0296875 0.021875
1 0.6875 0.88984375 0.0234375 0.0171875
1 0.3390625 0.559375 0.0265625 0.021875
1 0.28125 0.45546875 0.021875 0.0140625
1 0.69296875 0.4765625 0.0234375 0.0171875
0 0.946875 0.23984375 0.028125 0.021875
1 0.2953125 0.51015625 0.025 0.01875
1 0.63828125 0.4046875 0.021875 0.0140625
1 0.7140625 0.60546875 0.0234375 0.0125
1 0.6296875 0.5 0.0234375 0.0125
0 0.865625 0.234375 0.028125 0.0171875
1 0.3640625 0.39765625 0.021875 0.0125
4 0.5203125 0.58125 0.1046875 0.1265625
0 0.8921875 0.37890625 0.0234375 0.015625
1 0.38046875 0.4546875 0.0234375 0.015625
0 0.834375 0.1828125 0.028125 0.021875
1 0.534375 0.446875 0.021875 0.015625
1 0.51171875 0.4453125 0.021875 0.0140625
1 0.84453125 0.44453125 0.021875 0.0140625
1 0.4578125 0.4328125 0.021875 0.0140625
0 0.8 0.17890625 0.0265625 0.0203125
1 0.55859375 0.4953125 0.0265625 0.0171875
1 0.66796875 0.49453125 0.0234375 0.0171875
0 0.8671875 0.21328125 0.025 0.0140625
1 0.57890625 0.36171875 0.021875 0.0140625
0 0.7734375 0.259375 0.025 0.0171875
1 0.71015625 0.57734375 0.025 0.0203125
1 0.703125 0.43046875 0.0234375 0.0171875
1 0.61171875 0.50625 0.0234375 0.015625
1 0.71171875 0.5578125 0.025 0.015625
1 0.134375 0.3890625 0.021875 0.0140625
1 0.3328125 0.31953125 0.01875 0.0109375
1 0.675 0.575 0.025 0.0203125
1 0.94296875 0.37734375 0.0203125 0.0109375
1 0.3453125 0.415625 0.021875 0.015625
1 0.68671875 0.42578125 0.021875 0.0140625
1 0.4921875 0.453125 0.021875 0.0140625
1 0.7625 0.54921875 0.025 0.01875
1 0.7578125 0.603125 0.0265625 0.0171875
1 0.1234375 0.40234375 0.021875 0.0125
0 0.93125 0.44921875 0.025 0.0171875
1 0.6921875 0.5890625 0.0265625 0.01875
0 0.2484375 0.1890625 0.0234375 0.0140625
1 0.10625 0.37109375 0.021875 0.0125
3 0.184375 0.5640625 0.1234375 0.1375
0 0.87734375 0.3625 0.0234375 0.015625
1 0.34296875 0.34453125 0.0203125 0.0109375
1 0.39921875 0.375 0.01875 0.0109375
1 0.37578125 0.37421875 0.0203125 0.0109375
1 0.39765625 0.5828125 0.025 0.0140625
1 0.46328125 0.8890625 0.0234375 0.01875
0 0.56328125 0.7578125 0.028125 0.021875
1 0.62890625 0.51796875 0.0234375 0.0171875
0 0.93671875 0.2796875 0.025 0.0171875
1 0.55078125 0.35546875 0.01875 0.0109375
1 0.09375 0.5234375 0.025 0.0203125
1 0.5765625 0.48203125 0.0234375 0.015625
0 0.76875 0.2234375 0.0265625 0.01875
1 0.61015625 0.3578125 0.0203125 0.0125
0 0.8921875 0.25625 0.0265625 0.01875
0 0.91484375 0.3875 0.025 0.0171875
1 0.0640625 0.41640625 0.0234375 0.0140625
1 0.646875 0.38203125 0.021875 0.0125
1 0.4046875 0.88515625 0.021875 0.01875
1 0.01640625 0.378125 0.0203125 0.0125
1 0.40390625 0.465625 0.021875 0.015625
1 0.05 0.4171875 0.0234375 0.0171875
0 0.5921875 0.78828125 0.025 0.0203125
1 0.0875 0.3984375 0.021875 0.0140625
1 0.37890625 0.40859375 0.021875 0.0140625
0 0.946875 0.303125 0.0265625 0.01875
0 0.7265625 0.28671875 0.0265625 0.0171875
1 0.70390625 0.5421875 0.021875 0.0109375
1 0.33828125 0.39765625 0.021875 0.0140625
1 0.73984375 0.55078125 0.025 0.0171875
1 0.61015625 0.4109375 0.0265625 0.01875
0 0.85078125 0.22890625 0.025 0.0171875
1 0.65703125 0.3546875 0.0203125 0.0125
1 0.0703125 0.371875 0.0203125 0.0109375
1 0.1828125 0.3828125 0.0203125 0.0140625
1 0.6984375 0.55859375 0.025 0.0171875
0 0.13359375 0.1515625 0.025 0.015625
1 0.39375 0.3515625 0.021875 0.0125
1 0.45546875 0.31484375 0.01875 0.009375
0 0.26015625 0.21484375 0.0203125 0.0140625
1 0.3515625 0.4796875 0.0234375 0.0203125
1 0.87109375 0.88828125 0.021875 0.0140625
1 0.42734375 0.89375 0.0265625 0.01875
0 0.68203125 0.2703125 0.0265625 0.01875
0 0.2265625 0.13671875 0.0234375 0.015625
1 0.725 0.51015625 0.0234375 0.0171875
1 0.7453125 0.53046875 0.0234375 0.0140625
1 0.13671875 0.3453125 0.01875 0.0109375
1 0.1921875 0.31484375 0.01875 0.0109375
0 0.8484375 0.125 0.028125 0.021875
1 0.075 0.39765625 0.025 0.0140625
1 0.684375 0.38359375 0.0203125 0.0125
1 0.49453125 0.42265625 0.021875 0.0125
0 0.1546875 0.11328125 0.0234375 0.0171875
1 0.66953125 0.37890625 0.0203125 0.0125
1 0.4703125 0.35390625 0.021875 0.0125
1 0.56640625 0.45859375 0.0234375 0.015625
1 0.546875 0.465625 0.025 0.0171875
1 0.434375 0.325 0.0203125 0.0109375
1 0.3984375 0.41015625 0.0203125 0.0125
1 0.31171875 0.33984375 0.021875 0.0140625
1 0.8515625 0.3171875 0.01875 0.0109375
1 0.4125 0.45 0.0203125 0.009375
1 0.10625 0.403125 0.0234375 0.0125
1 0.5890625 0.35625 0.0203125 0.0109375
0 0.921875 0.409375 0.0234375 0.015625
1 0.115625 0.31953125 0.01875 0.009375
1 0.62421875 0.3125 0.0203125 0.0109375
1 0.95859375 0.39453125 0.0203125 0.0109375
1 0.159375 0.30703125 0.01875 0.009375
1 0.97890625 0.6703125 0.028125 0.01875
1 0.6546875 0.88203125 0.0234375 0.015625
1 0.5125 0.42890625 0.0203125 0.0109375
0 0.61953125 0.77734375 0.025 0.0203125
0 0.89609375 0.1359375 0.0265625 0.021875
1 0.1390625 0.328125 0.01875 0.009375
1 0.16796875 0.925 0.0296875 0.0296875
1 0.37890625 0.640625 0.021875 0.0109375
1 0.57890625 0.3421875 0.0203125 0.0125
0 0.27578125 0.2046875 0.021875 0.0125
1 0.59375 0.32265625 0.01875 0.0109375
1 0.153125 0.63125 0.0234375 0.009375
1 0.56015625 0.51015625 0.021875 0.009375
1 0.346875 0.375 0.021875 0.0125
1 0.48359375 0.3921875 0.0203125 0.0125
1 0.178125 0.32109375 0.021875 0.0109375
1 0.20234375 0.86640625 0.0234375 0.015625
1 0.38671875 0.396875 0.021875 0.0125
1 0.696875 0.40859375 0.01875 0.0078125
4 0.03125 0.478125 0.0625 0.115625
1 0.12734375 0.29921875 0.01875 0.009375
1 0.48828125 0.40546875 0.0203125 0.0125
1 0.125 0.6296875 0.021875 0.009375
1 0.43125 0.3625 0.0203125 0.0109375
0 0.93984375 0.4046875 0.0265625 0.015625
1 0.36328125 0.4546875 0.0234375 0.01875
1 0.20625 0.91875 0.0296875 0.0296875
1 0.546875 0.37421875 0.0203125 0.0125
0 0.17109375 0.1109375 0.0234375 0.0171875
1 0.559375 0.32421875 0.021875 0.0125
1 0.41953125 0.465625 0.0234375 0.0125
1 0.43125 0.303125 0.01875 0.009375
1 0.58984375 0.51875 0.0203125 0.0125
1 0.6140625 0.38515625 0.0265625 0.01875
1 0.21328125 0.83359375 0.01875 0.009375
1 0.6078125 0.3 0.01875 0.009375
1 0.5765625 0.46171875 0.021875 0.0109375
1 0.38515625 0.33515625 0.021875 0.0125
1 0.10546875 0.3171875 0.01875 0.009375
1 0.6625 0.31875 0.01875 0.0078125
0 0.58671875 0.7609375 0.0265625 0.01875
1 0.5078125 0.36640625 0.0203125 0.0109375
1 0.59296875 0.33515625 0.021875 0.009375
1 0.10234375 0.38828125 0.0203125 0.0109375
1 0.4125 0.415625 0.01875 0.009375
1 0.665625 0.3390625 0.0265625 0.0140625
1 0.48515625 0.440625 0.0203125 0.0125
1 0.6296875 0.5796875 0.0203125 0.015625
1 0.8015625 0.6140625 0.021875 0.0109375
1 0.38125 0.36328125 0.0203125 0.009375
1 0.95078125 0.3625 0.0203125 0.0125
1 0.17734375 0.8734375 0.0234375 0.015625
1 0.37421875 0.3390625 0.021875 0.0125
1 0.39140625 0.31953125 0.01875 0.0109375
1 0.1921875 0.29296875 0.01875 0.009375
1 0.40078125 0.31328125 0.0203125 0.0109375
1 0.69921875 0.39609375 0.0203125 0.0109375
0 0.734375 0.27265625 0.021875 0.0125
1 0.13515625 0.309375 0.01875 0.009375
1 0.425 0.85078125 0.0171875 0.00625
1 0.1859375 0.83203125 0.01875 0.0078125
0 0.6734375 0.290625 0.025 0.015625
1 0.1046875 0.51953125 0.0234375 0.015625
1 0.41484375 0.6421875 0.0203125 0.009375
1 0.18203125 0.28828125 0.021875 0.0109375
1 0.1984375 0.3046875 0.01875 0.009375
1 0.4328125 0.346875 0.0203125 0.0078125
1 0.45546875 0.296875 0.01875 0.0078125
1 0.65 0.33125 0.0203125 0.0109375
1 0.43984375 0.36484375 0.01875 0.0109375
1 0.47421875 0.29609375 0.01875 0.0078125
1 0.21796875 0.8625 0.0234375 0.015625
2 0.7875 0.2359375 0.096875 0.059375
0 0.9375 0.34765625 0.021875 0.0140625
2 0.271875 0.215625 0.0984375 0.04375
1 0.51015625 0.8484375 0.0203125 0.0125
1 0.31328125 0.29609375 0.01875 0.0125
0 0.28203125 0.21953125 0.0234375 0.015625
1 0.1828125 0.3078125 0.0203125 0.0109375
1 0.165625 0.875 0.0234375 0.015625
1 0.821875 0.8875 0.01875 0.009375
1 0.159375 0.290625 0.01875 0.0078125
1 0.24453125 0.8375 0.021875 0.009375
1 0.0171875 0.425 0.0203125 0.0109375
1 0.16875 0.28828125 0.0203125 0.009375
0 0.8484375 0.24453125 0.021875 0.0125
1 0.39140625 0.30234375 0.0203125 0.009375
1 0.89765625 0.3296875 0.01875 0.009375
1 0.13671875 0.30078125 0.01875 0.0078125
0 0.5875 0.71171875 0.0203125 0.0125
1 0.54765625 0.83359375 0.0171875 0.0078125
1 0.496875 0.29609375 0.01875 0.0078125
1 0.43828125 0.3125 0.01875 0.009375
1 0.98828125 0.390625 0.0234375 0.0125
1 0.4 0.33359375 0.021875 0.0125
1 0.78984375 0.85703125 0.0171875 0.0078125
0 0.82421875 0.128125 0.01875 0.0140625
1 0.43125 0.4515625 0.0171875 0.0078125