2 0.76328125 0.215625 0.08984375 0.0625
4 0.390625 0.34140625 0.07734375 0.09375
3 0.7546875 0.85859375 0.06875 0.0671875
4 0.375 0.271875 0.06171875 0.07421875
3 0.18125 0.303125 0.03828125 0.07890625
1 0.04609375 0.42109375 0.0109375 0.0171875
1 0.71015625 0.44609375 0.0109375 0.0171875
1 0.23359375 0.49453125 0.0109375 0.01875
1 0.92109375 0.4171875 0.01015625 0.01640625
1 0.709375 0.46484375 0.0109375 0.01796875
1 0.63125 0.49609375 0.01171875 0.0203125
1 0.296875 0.50234375 0.01171875 0.01953125
1 0.190625 0.40625 0.009375 0.0171875
1 0.81171875 0.9046875 0.0109375 0.01953125
1 0.09765625 0.35625 0.009375 0.01484375
1 0.446875 0.41953125 0.0109375 0.0171875
1 0.30703125 0.47265625 0.0109375 0.01953125
1 0.2796875 0.6421875 0.0140625 0.0203125
1 0.2828125 0.56015625 0.01328125 0.02109375
1 0.44609375 0.49375 0.00859375 0.0171875
1 0.8421875 0.459375 0.0109375 0.01875
1 0.67890625 0.49765625 0.0109375 0.0203125
1 0.715625 0.496875 0.01015625 0.01796875
1 0.45625 0.46171875 0.0109375 0.01796875
0 0.2109375 0.16171875 0.0109375 0.01953125
0 0.07734375 0.17265625 0.0125 0.01953125
1 0.60390625 0.43046875 0.01015625 0.01640625
1 0.084375 0.415625 0.01015625 0.01796875
1 0.81640625 0.4046875 0.009375 0.015625
1 0.23828125 0.45546875 0.01015625 0.01953125
1 0.5 0.48125 0.0109375 0.01796875
1 0.459375 0.41796875 0.01015625 0.015625
1 0.65234375 0.53046875 0.01171875 0.0203125
1 0.68359375 0.3046875 0.0078125 0.01328125
1 0.27421875 0.4625 0.0109375 0.0171875
0 0.26796875 0.21875 0.00859375 0.01484375
1 0.56484375 0.434375 0.01015625 0.01796875
1 0.4859375 0.4 0.01015625 0.01640625
1 0.44765625 0.39375 0.0109375 0.01640625
1 0.24453125 0.546875 0.01328125 0.01875
1 0.0671875 0.38359375 0.009375 0.015625
0 0.2171875 0.1859375 0.01171875 0.01953125
1 0.325 0.43515625 0.0109375 0.01875
1 0.8953125 0.378125 0.009375 0.015625
1 0.14765625 0.29765625 0.00859375 0.0140625
1 0.696875 0.33203125 0.00859375 0.0140625
1 0.85 0.44375 0.01015625 0.01640625
1 0.67578125 0.4453125 0.01015625 0.01796875
1 0.6 0.41640625 0.01015625 0.01640625
1 0.32734375 0.4890625 0.0109375 0.01875
1 0.615625 0.3953125 0.00859375 0.015625
1 0.49609375 0.43828125 0.01015625 0.01875
1 0.5484375 0.3984375 0.009375 0.0171875
1 0.58046875 0.37890625 0.009375 0.0140625
0 0.23359375 0.1734375 0.0109375 0.01953125
1 0.65703125 0.89765625 0.01015625 0.0171875
1 0.03515625 0.5078125 0.01171875 0.02109375
1 0.2765625 0.484375 0.0109375 0.01796875
1 0.6984375 0.403125 0.009375 0.015625
1 0.34140625 0.37109375 0.0078125 0.0140625
1 0.9328125 0.3859375 0.009375 0.01640625
1 0.6046875 0.90390625 0.009375 0.01171875
0 0.27265625 0.75234375 0.009375 0.01640625
1 0.3203125 0.5484375 0.0125 0.0203125
1 0.65859375 0.33203125 0.00859375 0.0140625
1 0.8234375 0.884375 0.00859375 0.01484375
1 0.028125 0.36953125 0.00859375 0.01484375
1 0.2765625 0.54140625 0.01171875 0.0171875
0 0.18984375 0.16875 0.009375 0.0171875
1 0.70625 0.88828125 0.009375 0.01640625
1 0.21796875 0.64140625 0.01484375 0.021875
0 0.25859375 0.78828125 0.009375 0.0171875
1 0.63125 0.3890625 0.00859375 0.0140625
1 0.7046875 0.50078125 0.0109375 0.01875
1 0.26953125 0.50078125 0.0125 0.01796875
0 0.26171875 0.1703125 0.00859375 0.015625
1 0.571875 0.4015625 0.009375 0.015625
1 0.515625 0.359375 0.00859375 0.01640625
1 0.44765625 0.296875 0.00859375 0.01484375
1 0.596875 0.3765625 0.01015625 0.0140625
1 0.8265625 0.434375 0.01015625 0.0171875
1 0.1921875 0.64609375 0.0109375 0.0140625
1 0.34140625 0.88984375 0.00859375 0.015625
1 0.57109375 0.346875 0.009375 0.015625
0 0.215625 0.0359375 0.0109375 0.0203125
1 0.5609375 0.36875 0.009375 0.0140625
1 0.32421875 0.37578125 0.009375 0.015625
1 0.6328125 0.3171875 0.0078125 0.0140625
1 0.86484375 0.290625 0.0078125 0.0125
1 0.10625 0.3265625 0.00859375 0.0140625
1 0.14375 0.26015625 0.0078125 0.01171875
1 0.675 0.41875 0.009375 0.0171875
1 0.540625 0.36171875 0.009375 0.0171875
1 0.91953125 0.36484375 0.009375 0.015625
1 0.884375 0.29296875 0.0078125 0.01328125
0 0.19609375 0.04921875 0.009375 0.0171875
1 0.9484375 0.359375 0.01015625 0.015625
1 0.815625 0.27109375 0.00703125 0.01328125
1 0.4625 0.3734375 0.009375 0.01328125
1 0.6109375 0.89375 0.009375 0.0140625
1 0.2640625 0.55703125 0.0125 0.0203125
1 0.48359375 0.38125 0.00859375 0.01484375
1 0.55546875 0.415625 0.01015625 0.015625
1 0.0109375 0.39375 0.009375 0.0140625
1 0.840625 0.4421875 0.009375 0.015625
1 0.33046875 0.45859375 0.01015625 0.01640625
1 0.58359375 0.34375 0.00859375 0.01328125
0 0.1921875 0.09921875 0.01015625 0.01796875
1 0.4921875 0.46015625 0.00859375 0.01640625
0 0.09453125 0.146875 0.01171875 0.01875
1 0.60859375 0.35546875 0.009375 0.0125
1 0.32109375 0.32421875 0.00859375 0.01484375
1 0.86484375 0.3546875 0.009375 0.01484375
0 0.3078125 0.70390625 0.01484375 0.0203125
1 0.67578125 0.34609375 0.00859375 0.01171875
1 0.89921875 0.5296875 0.01171875 0.0171875
1 0.88515625 0.36015625 0.01015625 0.015625
1 0.24765625 0.528125 0.01171875 0.01640625
1 0.959375 0.34375 0.009375 0.01484375
1 0.309375 0.3734375 0.01015625 0.015625
1 0.109375 0.29140625 0.00859375 0.0125
1 0.55703125 0.39375 0.009375 0.015625
1 0.33359375 0.3328125 0.00859375 0.0140625
1 0.575 0.3046875 0.00859375 0.0140625
0 0.2734375 0.72421875 0.00859375 0.01953125
1 0.62734375 0.36484375 0.009375 0.0140625
1 0.07109375 0.9171875 0.01171875 0.02265625
1 0.875 0.51484375 0.009375 0.01484375
1 0.86484375 0.896875 0.01015625 0.01796875
1 0.33046875 0.34765625 0.00859375 0.0140625
1 0.059375 0.35078125 0.00859375 0.015625
0 0.12421875 0.13046875 0.01171875 0.01875
1 0.57890625 0.3578125 0.01015625 0.0140625
1 0.43828125 0.38125 0.00859375 0.01640625
1 0.0125 0.4203125 0.01015625 0.0140625
1 0.59296875 0.35859375 0.00859375 0.0125
1 0.51328125 0.2609375 0.0078125 0.01484375
1 0.06796875 0.36953125 0.009375 0.0125
1 0.33828125 0.44921875 0.0109375 0.0171875
1 0.29921875 0.39921875 0.01015625 0.015625
1 0.9 0.33984375 0.01015625 0.01484375
0 0.17578125 0.12109375 0.0109375 0.0203125
1 0.646875 0.36015625 0.00859375 0.01171875
1 0.31796875 0.61875 0.01015625 0.01171875
1 0.68515625 0.8984375 0.0125 0.01796875
1 0.85078125 0.29296875 0.0078125 0.0125
1 0.41015625 0.27890625 0.009375 0.0125
1 0.68671875 0.38671875 0.01015625 0.01640625
1 0.315625 0.296875 0.0078125 0.0125
1 0.93125 0.36484375 0.009375 0.01484375
0 0.18359375 0.0296875 0.01171875 0.01640625
1 0.134375 0.275 0.0078125 0.01328125
0 0.27421875 0.78046875 0.009375 0.01328125
1 0.83359375 0.8921875 0.0109375 0.015625
2 0.2484375 0.20859375 0.090625 0.059375
1 0.87265625 0.2984375 0.00859375 0.0140625
1 0.66953125 0.26875 0.00703125 0.0125
1 0.64296875 0.3796875 0.00859375 0.01484375
1 0.65234375 0.384375 0.009375 0.01484375
1 0.26171875 0.5171875 0.009375 0.01640625
1 0.9203125 0.53515625 0.01015625 0.01171875
3 0.8078125 0.346875 0.03359375 0.06875
1 0.6515625 0.3078125 0.01015625 0.0140625
1 0.45 0.36796875 0.01171875 0.01953125
1 0.01171875 0.35390625 0.0125 0.01640625
1 0.359375 0.89765625 0.0125 0.0203125
1 0.88515625 0.275 0.00703125 0.01171875
0 0.1875 0.2234375 0.01015625 0.01484375
1 0.61171875 0.33984375 0.01015625 0.015625
1 0.890625 0.8890625 0.009375 0.015625
1 0.440625 0.275 0.00703125 0.0125
0 0.1890625 0.115625 0.01015625 0.0203125
1 0.8265625 0.9859375 0.01953125 0.02734375
1 0.5515625 0.26171875 0.00859375 0.0125
1 0.84296875 0.27578125 0.00703125 0.01171875
1 0.66796875 0.3765625 0.009375 0.01484375
0 0.18515625 0.04765625 0.0109375 0.015625
1 0.31015625 0.53828125 0.0109375 0.01796875
1 0.84921875 0.8859375 0.009375 0.0140625
1 0.0140625 0.4046875 0.0109375 0.0125
1 0.8703125 0.86484375 0.00546875 0.01015625
1 0.484375 0.89375 0.0078125 0.01171875
1 0.68359375 0.3671875 0.009375 0.01484375
1 0.7171875 0.3265625 0.009375 0.01640625
1 0.0703125 0.32109375 0.009375 0.01484375
1 0.24765625 0.50625 0.01015625 0.0125
1 0.33203125 0.859375 0.00703125 0.0109375
0 0.2203125 0.05390625 0.00859375 0.0109375
1 0.94140625 0.88359375 0.0078125 0.01328125
1 0.70625 0.30234375 0.009375 0.01484375
4 0.89375 0.58984375 0.121875 0.1171875
1 0.93046875 0.865625 0.00625 0.01015625
0 0.184375 0.0171875 0.009375 0.0125
1 0.10078125 0.90078125 0.0109375 0.01953125
1 0.059375 0.33828125 0.01015625 0.015625
1 0.590625 0.87109375 0.00859375 0.0109375
1 0.47109375 0.25703125 0.0078125 0.0140625
1 0.46171875 0.25703125 0.009375 0.0140625
1 0.909375 0.88828125 0.01015625 0.0171875
3 0.215625 0.91953125 0.19921875 0.1609375
1 0.71640625 0.87265625 0.00625 0.0109375
1 0.56953125 0.87265625 0.009375 0.01171875
1 0.0265625 0.34296875 0.00859375 0.0125
1 0.309375 0.29140625 0.01015625 0.0125
1 0.91015625 0.8703125 0.00703125 0.0125
1 0.62421875 0.34296875 0.0109375 0.01640625
1 0.07734375 0.29375 0.00859375 0.0140625
1 0.83046875 0.86484375 0.00703125 0.0109375
1 0.93046875 0.89375 0.00859375 0.01484375
1 0.67734375 0.3765625 0.0109375 0.015625
1 0.21640625 0.61953125 0.009375 0.0109375
1 0.43828125 0.25625 0.0078125 0.01328125
1 0.3515625 0.346875 0.00703125 0.0140625
1 0.465625 0.39296875 0.01328125 0.01953125
1 0.60078125 0.8703125 0.01171875 0.0109375
1 0.471875 0.88984375 0.009375 0.01328125
0 0.4046875 0.71328125 0.00859375 0.0140625
1 0.89453125 0.871875 0.0078125 0.0109375