2 0.76328125 0.21640625 0.08828125 0.0625
4 0.57578125 0.29765625 0.06875 0.0859375
2 0.24609375 0.20859375 0.08984375 0.05546875
3 0.16015625 0.4484375 0.0859375 0.11328125
3 0.084375 0.29453125 0.07421875 0.078125
1 0.646875 0.46484375 0.0109375 0.01875
1 0.21796875 0.6046875 0.01328125 0.021875
3 0.27890625 0.859375 0.075 0.071875
4 0.5359375 0.378125 0.06171875 0.08515625
1 0.2421875 0.5609375 0.01171875 0.02265625
1 0.3234375 0.428125 0.01015625 0.0171875
3 0.1203125 0.859375 0.05703125 0.0625
1 0.509375 0.45234375 0.0109375 0.0171875
1 0.60859375 0.55625 0.0125 0.0203125
1 0.56640625 0.57890625 0.01328125 0.02265625
1 0.29609375 0.5234375 0.0125 0.021875
1 0.2984375 0.428125 0.0109375 0.01640625
1 0.62734375 0.49609375 0.0109375 0.0203125
1 0.27265625 0.52890625 0.0125 0.0203125
1 0.11171875 0.36796875 0.009375 0.015625
1 0.1328125 0.35390625 0.009375 0.015625
1 0.00859375 0.3734375 0.0109375 0.0171875
1 0.16015625 0.33984375 0.009375 0.01484375
1 0.24140625 0.40390625 0.009375 0.01796875
1 0.375 0.44609375 0.01171875 0.01953125
1 0.76484375 0.50625 0.0109375 0.0203125
1 0.715625 0.43203125 0.01015625 0.01875
1 0.4484375 0.378125 0.009375 0.015625
1 0.65 0.53671875 0.01171875 0.02109375
1 0.59296875 0.5609375 0.01328125 0.02109375
1 0.56796875 0.4703125 0.0109375 0.01875
1 0.615625 0.40859375 0.01015625 0.01796875
1 0.4359375 0.32109375 0.00859375 0.0140625
1 0.28828125 0.56484375 0.0125 0.021875
1 0.44609375 0.58515625 0.01328125 0.02265625
1 0.56875 0.45234375 0.01015625 0.015625
1 0.57109375 0.35546875 0.00859375 0.01484375
1 0.4078125 0.34765625 0.00859375 0.01484375
4 0.55859375 0.83671875 0.03828125 0.04296875
1 0.0515625 0.5140625 0.0125 0.02109375
1 0.7359375 0.434375 0.0109375 0.01796875
1 0.41015625 0.59609375 0.0125 0.0234375
1 0.09765625 0.8953125 0.01015625 0.0171875
1 0.4828125 0.440625 0.01015625 0.01640625
1 0.4015625 0.3796875 0.00859375 0.01484375
1 0.359375 0.34296875 0.009375 0.0140625
1 0.52265625 0.50390625 0.0109375 0.01796875
1 0.3703125 0.39296875 0.009375 0.015625
1 0.575 0.51484375 0.0109375 0.015625
1 0.7046875 0.41796875 0.0109375 0.015625
1 0.46328125 0.57109375 0.0109375 0.02109375
1 0.60078125 0.496875 0.0109375 0.0203125
1 0.74765625 0.42265625 0.0109375 0.0171875
1 0.25703125 0.6421875 0.01484375 0.0203125
1 0.91875 0.31640625 0.0078125 0.01328125
1 0.95 0.36640625 0.01015625 0.015625
1 0.2765625 0.6015625 0.01328125 0.0234375
1 0.553125 0.43046875 0.009375 0.015625
1 0.575 0.5375 0.0125 0.01953125
1 0.54375 0.4390625 0.01015625 0.01640625
1 0.60390625 0.37734375 0.009375 0.015625
1 0.38671875 0.42890625 0.0109375 0.01484375
1 0.43828125 0.465625 0.0109375 0.01953125
1 0.62265625 0.365625 0.009375 0.01484375
1 0.61796875 0.325 0.00859375 0.015625
1 0.34765625 0.35546875 0.009375 0.01328125
1 0.69765625 0.3078125 0.00859375 0.015625
1 0.590625 0.3515625 0.009375 0.01484375
1 0.4671875 0.28203125 0.00703125 0.01328125
1 0.29375 0.64609375 0.0125 0.0140625
1 0.2015625 0.978125 0.01953125 0.03515625
1 0.634375 0.4171875 0.01015625 0.0171875
1 0.45859375 0.34296875 0.0109375 0.01640625
1 0.40546875 0.328125 0.00859375 0.0140625
4 0.84765625 0.45703125 0.0953125 0.11875
1 0.18203125 0.26171875 0.00859375 0.0125
1 0.815625 0.30546875 0.00859375 0.0140625
1 0.35 0.39921875 0.009375 0.0171875
1 0.41015625 0.421875 0.0109375 0.01640625
1 0.85859375 0.94375 0.015625 0.028125
1 0.73984375 0.8890625 0.01015625 0.01796875
1 0.61328125 0.5390625 0.01171875 0.01875
1 0.315625 0.37265625 0.00859375 0.01484375
1 0.2234375 0.88515625 0.00859375 0.01640625
1 0.6828125 0.3703125 0.009375 0.0140625
1 0.58125 0.6453125 0.0109375 0.01171875
1 0.14921875 0.2921875 0.0078125 0.0125
1 0.64609375 0.38984375 0.01015625 0.015625
1 0.6296875 0.39375 0.01015625 0.015625
1 0.51328125 0.49453125 0.0109375 0.01796875
1 0.32890625 0.40625 0.01015625 0.01640625
1 0.46796875 0.375 0.01015625 0.01640625
1 0.38046875 0.3484375 0.009375 0.015625
1 0.3203125 0.35078125 0.009375 0.015625
1 0.428125 0.36015625 0.00859375 0.01484375
1 0.17109375 0.28828125 0.0078125 0.0125
1 0.35859375 0.325 0.00859375 0.0140625
1 0.3875 0.44453125 0.01171875 0.0171875
1 0.66875 0.4015625 0.0078125 0.015625
1 0.36953125 0.3265625 0.00859375 0.0140625
1 0.31796875 0.89453125 0.01171875 0.01796875
1 0.471875 0.42578125 0.01015625 0.0171875
1 0.8953125 0.28125 0.0078125 0.0125
1 0.634375 0.353125 0.009375 0.01328125
1 0.9484375 0.34609375 0.009375 0.0140625
1 0.48515625 0.28984375 0.0078125 0.01328125
1 0.34609375 0.37265625 0.0078125 0.01484375
1 0.88359375 0.28984375 0.0078125 0.01328125
1 0.43828125 0.39140625 0.0109375 0.015625
1 0.98125 0.4078125 0.01015625 0.01640625
1 0.86796875 0.3 0.00703125 0.0140625
1 0.19140625 0.88046875 0.00703125 0.0125
1 0.58125 0.378125 0.01015625 0.015625
1 0.8984375 0.921875 0.01171875 0.021875
1 0.74609375 0.971875 0.01953125 0.0390625
1 0.2953125 0.40703125 0.01171875 0.01875
1 0.53984375 0.28671875 0.0078125 0.01171875
1 0.3125 0.4109375 0.009375 0.01484375
1 0.27265625 0.64296875 0.0125 0.01875
1 0.684375 0.3359375 0.009375 0.0140625
1 0.69453125 0.38671875 0.00859375 0.01328125
1 0.8296875 0.87109375 0.00703125 0.0125
1 0.2546875 0.98046875 0.021875 0.0359375
1 0.134375 0.2734375 0.00859375 0.01328125
1 0.15625 0.29296875 0.00703125 0.0125
1 0.19765625 0.89375 0.0109375 0.0171875
1 0.67734375 0.40703125 0.0109375 0.015625
1 0.37109375 0.38203125 0.00859375 0.01171875
1 0.5140625 0.2734375 0.00703125 0.01328125
1 0.66171875 0.38203125 0.009375 0.01796875
1 0.42734375 0.38359375 0.01015625 0.01640625
1 0.4671875 0.35546875 0.00859375 0.01171875
1 0.55546875 0.3390625 0.0078125 0.0140625
1 0.33359375 0.89609375 0.01171875 0.01875
1 0.1734375 0.8734375 0.009375 0.01171875
1 0.31640625 0.39296875 0.009375 0.0140625
1 0.37578125 0.3015625 0.01015625 0.01328125
1 0.53984375 0.534375 0.00859375 0.01875
1 0.996875 0.42578125 0.00625 0.01640625
1 0.15234375 0.325 0.01015625 0.01484375
1 0.91015625 0.890625 0.009375 0.015625
1 0.1421875 0.2625 0.00703125 0.0125
1 0.32734375 0.3890625 0.009375 0.0125
1 0.6828125 0.3515625 0.009375 0.01171875
1 0.52265625 0.4359375 0.0109375 0.01796875
1 0.36015625 0.9 0.01171875 0.01484375
1 0.6265625 0.41015625 0.009375 0.01640625
1 0.31484375 0.29765625 0.00859375 0.01328125
1 0.23125 0.9625 0.01875 0.03125
1 0.33203125 0.31640625 0.0078125 0.0140625
1 0.41640625 0.28203125 0.00859375 0.0125
1 0.2140625 0.88828125 0.0109375 0.015625
1 0.653125 0.34609375 0.0078125 0.0125
1 0.4671875 0.25703125 0.00703125 0.0109375
1 0.37890625 0.90234375 0.009375 0.01484375
1 0.53828125 0.26015625 0.00703125 0.0109375
1 0.56953125 0.875 0.00859375 0.0140625
0 0.20234375 0.71328125 0.0109375 0.0171875
1 0.8046875 0.8703125 0.00625 0.01171875
1 0.91640625 0.86875 0.00703125 0.0109375
1 0.64765625 0.359375 0.0109375 0.01484375
1 0.80390625 0.4890625 0.00859375 0.0109375
1 0.7046875 0.29140625 0.00703125 0.01328125
1 0.4265625 0.29609375 0.0109375 0.0140625
1 0.69140625 0.41015625 0.009375 0.01484375
1 0.34609375 0.284375 0.00859375 0.0140625
1 0.92734375 0.8859375 0.009375 0.0140625
1 0.471875 0.3421875 0.01015625 0.01484375
1 0.671875 0.36640625 0.0109375 0.01484375
1 0.66015625 0.35703125 0.01015625 0.0140625
1 0.4171875 0.296875 0.00859375 0.01484375
1 0.33671875 0.37109375 0.0109375 0.015625
1 0.52890625 0.28515625 0.00859375 0.0140625
1 0.49296875 0.27421875 0.00703125 0.0109375
1 0.88828125 0.87109375 0.009375 0.0125
1 0.3703125 0.25859375 0.0078125 0.0125
0 0.309375 0.00546875 0.01015625 0.0109375
1 0.33515625 0.86484375 0.00703125 0.0109375
1 0.396875 0.29296875 0.00859375 0.01328125
1 0.2140625 0.94921875 0.0140625 0.02265625
1 0.209375 0.86640625 0.00703125 0.01015625
1 0.40078125 0.35859375 0.009375 0.01328125
1 0.3453125 0.30703125 0.0125 0.015625
0 0.10234375 0.20625 0.01015625 0.015625
1 0.378125 0.2734375 0.00703125 0.0125
1 0.003125 0.59140625 0.00625 0.01796875
1 0.3953125 0.27265625 0.00859375 0.01171875
1 0.3703125 0.27421875 0.0078125 0.01171875
1 0.35859375 0.2921875 0.0109375 0.0140625
1 0.46875 0.8890625 0.00703125 0.0125
1 0.9359375 0.9453125 0.009375 0.01328125
1 0.93125 0.86640625 0.0078125 0.01171875
1 0.35234375 0.27890625 0.00625 0.01015625
1 0.50546875 0.26015625 0.00859375 0.01171875
1 0.603125 0.625 0.009375 0.0109375
1 0.67734375 0.384375 0.009375 0.01328125
1 0.79609375 0.85859375 0.0078125 0.01015625
1 0.728125 0.89921875 0.0125 0.015625
1 0.125 0.9953125 0.0171875 0.00859375
1 0.68984375 0.8953125 0.01171875 0.01875
1 0.4046875 0.29296875 0.00859375 0.01640625
0 0.14609375 0.109375 0.01015625 0.0171875
1 0.2265625 0.86484375 0.00859375 0.0109375
1 0.11328125 0.26640625 0.01015625 0.0140625
1 0.15546875 0.65078125 0.01015625 0.0109375