4 0.896875 0.3296875 0.084375 0.08671875
4 0.43515625 0.4234375 0.0703125 0.1125
2 0.2453125 0.20859375 0.08984375 0.05625
1 0.88515625 0.565625 0.01171875 0.01953125
1 0.71171875 0.43515625 0.009375 0.01796875
1 0.3046875 0.5 0.01171875 0.02109375
1 0.884375 0.41796875 0.01015625 0.01640625
1 0.66484375 0.51640625 0.01171875 0.02109375
1 0.10625 0.4359375 0.0109375 0.01796875
1 0.34765625 0.46015625 0.0109375 0.01953125
1 0.903125 0.4015625 0.01015625 0.01640625
1 0.7453125 0.60859375 0.01328125 0.0234375
1 0.2125 0.43515625 0.01015625 0.01796875
3 0.63671875 0.409375 0.06875 0.09296875
0 0.73125 0.20625 0.0109375 0.01796875
1 0.67109375 0.3671875 0.00859375 0.015625
4 0.8921875 0.88984375 0.08984375 0.109375
3 0.56953125 0.8390625 0.05625 0.06484375
1 0.92109375 0.496875 0.0125 0.0203125
3 0.79765625 0.91015625 0.1328125 0.125
1 0.5078125 0.44140625 0.0109375 0.015625
1 0.546875 0.9046875 0.009375 0.0109375
1 0.0078125 0.4359375 0.01171875 0.01875
1 0.703125 0.540625 0.01171875 0.02109375
1 0.27734375 0.49609375 0.0109375 0.0203125
1 0.0578125 0.4171875 0.01015625 0.01640625
1 0.034375 0.43046875 0.01015625 0.0171875
1 0.625 0.48046875 0.01171875 0.01875
0 0.746875 0.2296875 0.009375 0.01640625
0 0.78125 0.18125 0.01015625 0.0140625
1 0.53515625 0.39140625 0.009375 0.01484375
1 0.92421875 0.3828125 0.0109375 0.01875
1 0.18359375 0.271875 0.0078125 0.01328125
1 0.434375 0.3078125 0.0078125 0.01484375
1 0.07578125 0.43671875 0.01171875 0.01796875
1 0.83671875 0.43125 0.0109375 0.01640625
1 0.01484375 0.41953125 0.01015625 0.015625
1 0.87265625 0.415625 0.0109375 0.01640625
1 0.903125 0.3859375 0.009375 0.015625
1 0.5796875 0.321875 0.0078125 0.0140625
1 0.5453125 0.45546875 0.01015625 0.01640625
1 0.53046875 0.459375 0.01171875 0.0171875
1 0.55234375 0.48203125 0.01171875 0.02109375
1 0.9484375 0.40390625 0.01015625 0.015625
1 0.66015625 0.296875 0.0078125 0.01328125
1 0.4515625 0.64296875 0.01171875 0.01640625
1 0.128125 0.29296875 0.0078125 0.01328125
1 0.58046875 0.89921875 0.0109375 0.0171875
0 0.809375 0.03984375 0.0125 0.021875
1 0.81875 0.40859375 0.009375 0.0171875
1 0.40390625 0.30703125 0.0078125 0.01484375
1 0.5421875 0.47890625 0.01015625 0.01796875
1 0.5484375 0.3359375 0.00859375 0.0140625
1 0.253125 0.5375 0.01171875 0.0203125
1 0.59765625 0.465625 0.009375 0.01796875
1 0.37734375 0.42109375 0.009375 0.01640625
1 0.54921875 0.403125 0.01015625 0.015625
1 0.496875 0.44765625 0.0109375 0.01875
0 0.84765625 0.8015625 0.0140625 0.02578125
0 0.83984375 0.74453125 0.01328125 0.0234375
1 0.15390625 0.9234375 0.0140625 0.0234375
1 0.8234375 0.30859375 0.0078125 0.0140625
1 0.56171875 0.4515625 0.0109375 0.0171875
1 0.3921875 0.40703125 0.009375 0.0171875
1 0.9484375 0.36796875 0.009375 0.01328125
1 0.15078125 0.446875 0.01015625 0.0171875
1 0.15390625 0.46171875 0.01171875 0.01796875
0 0.8203125 0.71171875 0.0125 0.021875
1 0.12734375 0.325 0.00859375 0.01484375
1 0.38828125 0.4484375 0.0109375 0.0171875
1 0.50234375 0.38203125 0.009375 0.01484375
0 0.746875 0.1640625 0.01015625 0.0203125
1 0.41796875 0.2953125 0.0078125 0.01328125
1 0.39453125 0.27421875 0.0078125 0.01328125
1 0.48046875 0.44296875 0.01015625 0.015625
1 0.38046875 0.32578125 0.0078125 0.01484375
1 0.51015625 0.29140625 0.00859375 0.01328125
1 0.83828125 0.33359375 0.00859375 0.01484375
1 0.528125 0.4078125 0.01015625 0.01796875
0 0.98203125 0.2984375 0.01171875 0.01796875
1 0.428125 0.8984375 0.009375 0.0171875
1 0.13046875 0.4609375 0.009375 0.0140625
1 0.79765625 0.41953125 0.0109375 0.015625
0 0.99140625 0.23515625 0.0125 0.01875
0 0.78359375 0.196875 0.01015625 0.01796875
1 0.49765625 0.29609375 0.00859375 0.01484375
1 0.82578125 0.3703125 0.01015625 0.015625
1 0.14453125 0.26171875 0.0078125 0.0125
1 0.8125 0.375 0.01015625 0.01640625
1 0.72421875 0.46171875 0.0109375 0.01796875
1 0.8484375 0.4375 0.01171875 0.01796875
1 0.7109375 0.3671875 0.0078125 0.0140625
1 0.290625 0.875 0.00703125 0.0125
0 0.809375 0.08984375 0.0125 0.0203125
1 0.596875 0.871875 0.0078125 0.01015625
1 0.34140625 0.284375 0.00703125 0.0140625
1 0.46640625 0.33828125 0.00859375 0.01484375
1 0.4828125 0.27734375 0.00703125 0.0125
1 0.0609375 0.375 0.0109375 0.01640625
1 0.66171875 0.315625 0.009375 0.0140625
0 0.7625 0.1828125 0.009375 0.015625
1 0.44765625 0.28671875 0.00859375 0.0140625
1 0.071875 0.36484375 0.01015625 0.01484375
1 0.53125 0.3484375 0.009375 0.01484375
1 0.58515625 0.47734375 0.0109375 0.01796875
1 0.93359375 0.396875 0.01015625 0.01640625
1 0.125 0.89765625 0.01171875 0.01875
1 0.37734375 0.44453125 0.01015625 0.0171875
1 0.83828125 0.28984375 0.009375 0.01328125
1 0.19609375 0.91953125 0.0125 0.0140625
0 0.8265625 0.73671875 0.0125 0.02421875
1 0.4703125 0.4296875 0.01015625 0.01640625
1 0.890625 0.40078125 0.01015625 0.015625
1 0.3390625 0.88828125 0.00859375 0.015625
1 0.2359375 0.86875 0.00625 0.0109375
1 0.68203125 0.3265625 0.01015625 0.015625
1 0.19609375 0.9421875 0.01640625 0.028125
1 0.1703125 0.971875 0.01875 0.0265625
1 0.46953125 0.37421875 0.009375 0.01484375
1 0.0734375 0.4 0.0109375 0.0171875
1 0.534375 0.2984375 0.00859375 0.01484375
4 0.9765625 0.45703125 0.046875 0.10859375
1 0.45859375 0.88359375 0.00859375 0.01484375
1 0.50390625 0.36796875 0.009375 0.01328125
1 0.471875 0.29921875 0.009375 0.01328125
1 0.50859375 0.4265625 0.01015625 0.0125
1 0.1484375 0.87265625 0.009375 0.01328125
1 0.48046875 0.34375 0.009375 0.01484375
1 0.4796875 0.39140625 0.01015625 0.01640625
1 0.5609375 0.40625 0.01171875 0.0171875
1 0.81015625 0.265625 0.0078125 0.01171875
1 0.88125 0.2734375 0.0078125 0.0125
0 0.846875 0.03828125 0.01171875 0.01796875
1 0.6546875 0.2625 0.00703125 0.01328125
1 0.5609375 0.38984375 0.0109375 0.01640625
1 0.50625 0.35 0.00859375 0.01328125
1 0.56484375 0.33359375 0.00703125 0.0125
1 0.58359375 0.45234375 0.01328125 0.0171875
1 0.02421875 0.3796875 0.0109375 0.01640625
1 0.5375 0.44453125 0.009375 0.0125
1 0.603125 0.8515625 0.00859375 0.0140625
1 0.57421875 0.44921875 0.0109375 0.01953125
1 0.69609375 0.89609375 0.0125 0.01953125
1 0.940625 0.38984375 0.01015625 0.015625
1 0.84765625 0.2703125 0.009375 0.01171875
1 0.4625 0.3921875 0.01015625 0.015625
1 0.06796875 0.97890625 0.02109375 0.03125
1 0.6703125 0.26328125 0.00859375 0.0125
1 0.5515625 0.42421875 0.01015625 0.01640625
1 0.296875 0.8859375 0.009375 0.0140625
1 0.51640625 0.34375 0.009375 0.01328125
1 0.55390625 0.646875 0.0109375 0.0109375
1 0.45703125 0.2796875 0.0078125 0.01171875
1 0.1234375 0.4796875 0.01015625 0.015625
0 0.86875 0.04140625 0.01328125 0.01875
1 0.6265625 0.27109375 0.0078125 0.01328125
1 0.48984375 0.38671875 0.009375 0.015625
1 0.10625 0.2796875 0.0078125 0.0125
1 0.18125 0.92890625 0.015625 0.0234375
1 0.5453125 0.43671875 0.01015625 0.01484375
1 0.571875 0.40078125 0.01015625 0.015625
1 0.17578125 0.88046875 0.01015625 0.01328125
1 0.0515625 0.3375 0.009375 0.01484375
1 0.4859375 0.4296875 0.009375 0.01484375
1 0.8890625 0.2734375 0.0078125 0.0125
1 0.0703125 0.3234375 0.009375 0.01796875
2 0.76171875 0.2203125 0.08359375 0.053125
1 0.54140625 0.36015625 0.00859375 0.01484375
1 0.95 0.3421875 0.009375 0.015625
1 0.21484375 0.925 0.01484375 0.02265625
1 0.803125 0.4 0.009375 0.0125
1 0.084375 0.29453125 0.01015625 0.0171875
1 0.5515625 0.38125 0.00859375 0.01484375
1 0.53046875 0.33515625 0.009375 0.0125
1 0.60234375 0.27109375 0.00859375 0.0140625
0 0.9015625 0.0453125 0.01171875 0.02109375
1 0.50703125 0.31953125 0.009375 0.01328125
1 0.4921875 0.35078125 0.01015625 0.01484375
0 0.8484375 0.7796875 0.01171875 0.015625
0 0.98515625 0.33203125 0.0109375 0.0171875
1 0.1015625 0.896875 0.0109375 0.01640625
1 0.178125 0.86796875 0.00703125 0.01015625
1 0.5921875 0.34375 0.0078125 0.01328125
1 0.59296875 0.44609375 0.01015625 0.0171875
1 0.28125 0.87265625 0.00859375 0.0125
1 0.4953125 0.40625 0.00859375 0.01640625
0 0.76484375 0.2078125 0.009375 0.01171875
0 0.8859375 0.0234375 0.01171875 0.015625
1 0.57109375 0.38359375 0.0109375 0.01484375
1 0.03203125 0.37265625 0.009375 0.0140625
1 0.63828125 0.259375 0.00703125 0.0125
1 0.5203125 0.3078125 0.0078125 0.0109375
1 0.04765625 0.971875 0.0140625 0.01875
1 0.54921875 0.32265625 0.009375 0.0109375
1 0.7171875 0.87734375 0.01171875 0.01640625
1 0.115625 0.26484375 0.00703125 0.01171875
1 0.16171875 0.98984375 0.0203125 0.0203125
1 0.50546875 0.3046875 0.009375 0.0125
1 0.6765625 0.8859375 0.00859375 0.01640625
1 0.04296875 0.33671875 0.0078125 0.0140625
1 0.115625 0.88203125 0.00859375 0.0140625
1 0.89375 0.28671875 0.0078125 0.0125
1 0.4640625 0.36015625 0.00703125 0.01171875
1 0.215625 0.86953125 0.00625 0.0109375
1 0.00390625 0.37265625 0.0078125 0.01875
1 0.57890625 0.3421875 0.00703125 0.01171875
0 0.64609375 0.70703125 0.009375 0.02109375
0 0.99453125 0.34453125 0.009375 0.01796875
1 0.48671875 0.3734375 0.01015625 0.01328125
0 0.8875 0.00703125 0.0125 0.0140625
1 0.90078125 0.2859375 0.0078125 0.01171875
1 0.58515625 0.4296875 0.0109375 0.01484375
1 0.95234375 0.38359375 0.00859375 0.01484375
1 0.40625 0.3875 0.01015625 0.0171875
1 0.60078125 0.3390625 0.0109375 0.0109375
1 0.575 0.87421875 0.00859375 0.01015625
0 0.83515625 0.01015625 0.0109375 0.01640625
1 0.06015625 0.3265625 0.009375 0.01484375
1 0.56015625 0.34453125 0.00859375 0.01171875
1 0.509375 0.33515625 0.009375 0.0109375
1 0.584375 0.35625 0.00859375 0.0109375