4 0.3515625 0.3453125 0.071875 0.0984375
4 0.425 0.53984375 0.0875 0.115625
3 0.090625 0.45 0.103125 0.1125
3 0.240625 0.85703125 0.075 0.0640625
1 0.90703125 0.434375 0.0203125 0.015625
1 0.71015625 0.44609375 0.0203125 0.0171875
3 0.18046875 0.31015625 0.046875 0.0703125
1 0.25859375 0.59609375 0.021875 0.021875
3 0.8359375 0.3625 0.078125 0.0890625
1 0.709375 0.46484375 0.0203125 0.0171875
1 0.38671875 0.434375 0.0203125 0.0171875
1 0.30234375 0.603125 0.0234375 0.0203125
1 0.30625 0.5296875 0.021875 0.01875
1 0.190625 0.40625 0.01875 0.015625
1 0.06640625 0.38359375 0.01875 0.0140625
1 0.67890625 0.49765625 0.0203125 0.0171875
1 0.42265625 0.34609375 0.01875 0.0140625
1 0.23984375 0.49296875 0.0203125 0.01875
1 0.21015625 0.9203125 0.021875 0.0203125
1 0.8453125 0.4078125 0.01875 0.015625
4 0.75703125 0.92109375 0.1234375 0.1453125
1 0.27265625 0.52109375 0.021875 0.0171875
1 0.4859375 0.4 0.01875 0.0140625
2 0.2484375 0.20859375 0.1015625 0.05625
1 0.2625 0.55 0.021875 0.0203125
1 0.23125 0.92734375 0.025 0.0234375
1 0.57734375 0.425 0.01875 0.0171875
1 0.58359375 0.34453125 0.01875 0.0140625
1 0.24453125 0.4671875 0.0203125 0.0171875
1 0.71640625 0.49765625 0.01875 0.0171875
1 0.51015625 0.4390625 0.021875 0.0140625
1 0.33359375 0.5390625 0.021875 0.0203125
1 0.54921875 0.4203125 0.01875 0.015625
1 0.30078125 0.4484375 0.0203125 0.0171875
1 0.44453125 0.34453125 0.01875 0.0140625
1 0.0984375 0.35625 0.01875 0.0140625
1 0.38828125 0.45234375 0.01875 0.0171875
0 0.1875 0.1921875 0.01875 0.015625
1 0.7359375 0.5640625 0.021875 0.0203125
1 0.5078125 0.3828125 0.01875 0.0140625
1 0.1578125 0.9328125 0.025 0.0234375
1 0.32421875 0.45859375 0.0203125 0.0171875
1 0.44453125 0.45234375 0.0203125 0.0140625
0 0.26796875 0.21953125 0.01875 0.0140625
1 0.9203125 0.53984375 0.021875 0.0171875
1 0.0140625 0.5109375 0.021875 0.0203125
1 0.8953125 0.378125 0.01875 0.0140625
1 0.69921875 0.403125 0.01875 0.0140625
1 0.8265625 0.44921875 0.0203125 0.015625
1 0.653125 0.50859375 0.0203125 0.0203125
1 0.878125 0.48984375 0.01875 0.0171875
1 0.67578125 0.44609375 0.01875 0.0171875
1 0.9328125 0.3859375 0.01875 0.0140625
1 0.875 0.40859375 0.0203125 0.015625
1 0.64765625 0.365625 0.01875 0.0140625
1 0.5359375 0.39921875 0.0203125 0.015625
2 0.76328125 0.2125 0.103125 0.065625
1 0.53046875 0.43828125 0.01875 0.015625
1 0.384375 0.34375 0.01875 0.0140625
1 0.18359375 0.89921875 0.0203125 0.0171875
1 0.50390625 0.4078125 0.01875 0.015625
1 0.7046875 0.50078125 0.021875 0.0171875
1 0.65546875 0.34296875 0.01875 0.0125
0 0.7453125 0.21796875 0.01875 0.0140625
1 0.83515625 0.30625 0.0171875 0.0125
1 0.315625 0.5625 0.021875 0.0203125
1 0.61171875 0.89453125 0.01875 0.0140625
1 0.14765625 0.29765625 0.01875 0.0125
1 0.67578125 0.34609375 0.01875 0.0109375
0 0.19296875 0.1640625 0.01875 0.0171875
1 0.43203125 0.3859375 0.01875 0.0140625
1 0.48203125 0.89296875 0.015625 0.0109375
1 0.3265625 0.5078125 0.0203125 0.01875
0 0.18125 0.21796875 0.01875 0.0140625
1 0.1609375 0.26171875 0.01875 0.0125
0 0.76015625 0.17109375 0.01875 0.0140625
1 0.9796875 0.5125 0.021875 0.0171875
0 0.18984375 0.13046875 0.01875 0.0140625
1 0.40546875 0.48359375 0.021875 0.0203125
0 0.18828125 0.07109375 0.021875 0.0171875
1 0.640625 0.40078125 0.01875 0.0140625
1 0.56640625 0.37890625 0.01875 0.0140625
0 0.38359375 0.81328125 0.025 0.0296875
0 0.71171875 0.21015625 0.01875 0.0140625
1 0.49296875 0.515625 0.0203125 0.015625
1 0.55625 0.390625 0.01875 0.0125
0 0.17890625 0.12265625 0.01875 0.0171875
1 0.3765625 0.51015625 0.021875 0.01875
1 0.27421875 0.490625 0.0203125 0.0140625
1 0.9 0.553125 0.021875 0.01875
1 0.4625 0.396875 0.01875 0.0140625
1 0.4203125 0.39453125 0.01875 0.0140625
1 0.30859375 0.48671875 0.0203125 0.015625
1 0.81484375 0.44921875 0.01875 0.015625
0 0.27265625 0.71953125 0.01875 0.0171875
1 0.1125 0.50546875 0.021875 0.0171875
1 0.65078125 0.8921875 0.0203125 0.0140625
1 0.30859375 0.375 0.01875 0.0140625
1 0.6078125 0.36484375 0.01875 0.0140625
1 0.10859375 0.3640625 0.021875 0.0171875
1 0.8703125 0.303125 0.0171875 0.0109375
1 0.6671875 0.4171875 0.01875 0.0140625
1 0.3859375 0.26875 0.0171875 0.0109375
1 0.89921875 0.53125 0.021875 0.0171875
1 0.4640625 0.3375 0.01875 0.0140625
1 0.66015625 0.89453125 0.021875 0.0171875
1 0.4609375 0.41875 0.0203125 0.0171875
1 0.815625 0.2703125 0.015625 0.0109375
1 0.10625 0.3265625 0.01875 0.0125
1 0.31484375 0.64296875 0.0234375 0.0171875
1 0.6484375 0.90390625 0.0203125 0.0109375
0 0.7671875 0.21328125 0.01875 0.0140625
1 0.8640625 0.29140625 0.0171875 0.0109375
1 0.421875 0.40859375 0.01875 0.0109375
1 0.96953125 0.35078125 0.01875 0.0140625
1 0.60234375 0.903125 0.01875 0.0109375
1 0.06328125 0.35234375 0.0203125 0.0125
1 0.3046875 0.4671875 0.01875 0.0140625
1 0.39609375 0.43671875 0.01875 0.015625
1 0.62109375 0.346875 0.01875 0.0140625
1 0.49609375 0.3875 0.01875 0.0140625
1 0.575 0.3046875 0.01875 0.0125
4 0.96875 0.45 0.0625 0.125
1 0.9484375 0.359375 0.01875 0.0140625
1 0.8734375 0.51640625 0.0171875 0.0109375
1 0.46796875 0.37265625 0.01875 0.01875
1 0.884375 0.36015625 0.01875 0.0140625
0 0.27890625 0.70234375 0.01875 0.015625
1 0.49453125 0.3734375 0.01875 0.009375
1 0.43515625 0.46796875 0.01875 0.0125
1 0.8828125 0.29921875 0.0171875 0.0109375
1 0.45078125 0.41640625 0.0203125 0.015625
1 0.275 0.50546875 0.021875 0.0140625
1 0.41015625 0.27265625 0.01875 0.0109375
1 0.68203125 0.371875 0.0203125 0.015625
1 0.90625 0.36484375 0.01875 0.0109375
1 0.51328125 0.26171875 0.0171875 0.0140625
1 0.6859375 0.38828125 0.0203125 0.0171875
1 0.40546875 0.44375 0.01875 0.0125
1 0.928125 0.365625 0.01875 0.0140625
1 0.4078125 0.64765625 0.021875 0.0109375
1 0.66953125 0.26875 0.015625 0.0109375
1 0.86484375 0.896875 0.01875 0.015625
1 0.1421875 0.25625 0.021875 0.0171875
1 0.5875 0.36328125 0.0203125 0.0140625
1 0.675 0.41796875 0.01875 0.015625
1 0.01015625 0.39375 0.01875 0.0140625
1 0.9 0.33984375 0.01875 0.0140625
1 0.10078125 0.90078125 0.0203125 0.0171875
1 0.609375 0.33203125 0.01875 0.0109375
1 0.640625 0.325 0.01875 0.0140625
1 0.134375 0.275 0.01875 0.0109375
1 0.6515625 0.3078125 0.01875 0.0125
1 0.44140625 0.275 0.015625 0.0109375
1 0.88515625 0.275 0.0171875 0.0109375
1 0.55546875 0.3765625 0.01875 0.0109375
1 0.71484375 0.3296875 0.01875 0.0140625
1 0.6671875 0.37734375 0.01875 0.0125
1 0.4375 0.4296875 0.0203125 0.0140625
1 0.590625 0.37890625 0.01875 0.0125
1 0.1578125 0.9078125 0.0171875 0.0125
1 0.4015625 0.4234375 0.0171875 0.0109375
1 0.01171875 0.35390625 0.021875 0.0140625
1 0.84375 0.2765625 0.0171875 0.0109375
1 0.6265625 0.3359375 0.0171875 0.0109375
1 0.41953125 0.42421875 0.01875 0.0140625
1 0.265625 0.4875 0.01875 0.0171875
1 0.44765625 0.871875 0.015625 0.009375
1 0.91171875 0.88828125 0.01875 0.0140625
1 0.5515625 0.26171875 0.01875 0.0109375
1 0.04375 0.45546875 0.015625 0.0109375
1 0.478125 0.8796875 0.01875 0.0125
0 0.6265625 0.7125 0.015625 0.0140625
1 0.825 0.9859375 0.028125 0.0265625
1 0.8703125 0.86484375 0.015625 0.009375
1 0.4265625 0.48359375 0.021875 0.0171875
1 0.38125 0.3296875 0.0171875 0.0109375
1 0.0125 0.4203125 0.0203125 0.0140625
1 0.0703125 0.32109375 0.01875 0.0140625
0 0.190625 0.0171875 0.01875 0.0171875
0 0.396875 0.7109375 0.0203125 0.0171875
1 0.30703125 0.98984375 0.0296875 0.0171875
1 0.3546875 0.26875 0.0171875 0.0109375
1 0.8875 0.89140625 0.01875 0.015625
1 0.059375 0.33828125 0.01875 0.0125
1 0.3734375 0.87890625 0.021875 0.0203125
1 0.17109375 0.875 0.015625 0.0109375
1 0.93046875 0.86484375 0.015625 0.0078125
1 0.85703125 0.88046875 0.0171875 0.0109375
1 0.1484375 0.91171875 0.0203125 0.01875
0 0.7578125 0.21953125 0.021875 0.0140625
1 0.47109375 0.25703125 0.0171875 0.0125
1 0.590625 0.87109375 0.01875 0.0109375
1 0.02578125 0.34296875 0.01875 0.0109375
1 0.703125 0.2859375 0.01875 0.0140625
1 0.4609375 0.25703125 0.01875 0.0140625
1 0.140625 0.89140625 0.0203125 0.0140625
1 0.703125 0.30234375 0.01875 0.0125
1 0.60078125 0.8703125 0.0203125 0.009375
1 0.4390625 0.2578125 0.01875 0.0125
1 0.19375 0.86484375 0.015625 0.0109375
1 0.41171875 0.434375 0.01875 0.0109375
1 0.56953125 0.87265625 0.01875 0.0109375
1 0.83359375 0.89296875 0.01875 0.0140625
1 0.37421875 0.903125 0.0171875 0.0109375
1 0.31875 0.35546875 0.015625 0.0109375
1 0.81875 0.884375 0.01875 0.0140625
1 0.628125 0.9953125 0.021875 0.0078125
1 0.01328125 0.4046875 0.021875 0.0109375
1 0.05390625 0.35078125 0.01875 0.0140625
1 0.125 0.90390625 0.021875 0.0171875
0 0.62734375 0.7328125 0.015625 0.0109375
1 0.5359375 0.3875 0.01875 0.0109375
1 0.653125 0.3328125 0.0171875 0.0078125
1 0.35390625 0.2921875 0.015625 0.0078125
1 0.85078125 0.87265625 0.0171875 0.009375
1 0.4421875 0.4390625 0.01875 0.0109375
1 0.078125 0.29453125 0.01875 0.0125
1 0.90390625 0.87109375 0.015625 0.009375