4 0.66796875 0.2921875 0.06171875 0.090625
2 0.765625 0.2140625 0.08828125 0.06640625
4 0.76015625 0.44453125 0.096875 0.11015625
3 0.259375 0.85 0.05546875 0.04609375
3 0.34296875 0.30390625 0.05390625 0.090625
3 0.40703125 0.425 0.08828125 0.1078125
2 0.24609375 0.2046875 0.090625 0.0578125
1 0.41640625 0.48515625 0.01171875 0.01875
1 0.39765625 0.4828125 0.0109375 0.01796875
1 0.1609375 0.58515625 0.01328125 0.0234375
1 0.32890625 0.490625 0.01171875 0.01875
1 0.85625 0.43984375 0.0109375 0.01796875
1 0.25546875 0.5578125 0.0125 0.02265625
1 0.61640625 0.57265625 0.0125 0.02265625
1 0.71171875 0.56484375 0.0125 0.02265625
1 0.28671875 0.5453125 0.01171875 0.02109375
1 0.26640625 0.8890625 0.009375 0.01640625
1 0.2421875 0.4625 0.0109375 0.01875
1 0.60390625 0.89296875 0.01015625 0.01875
1 0.17734375 0.3546875 0.00859375 0.01484375
1 0.7046875 0.8984375 0.01171875 0.01796875
1 0.57890625 0.35703125 0.00859375 0.01640625
1 0.53671875 0.35078125 0.009375 0.01796875
1 0.65234375 0.58125 0.0125 0.02265625
1 0.6203125 0.89296875 0.00859375 0.015625
1 0.42265625 0.3359375 0.00859375 0.01640625
1 0.64140625 0.33359375 0.00859375 0.01484375
1 0.384375 0.3609375 0.009375 0.01484375
1 0.8125 0.45859375 0.009375 0.01640625
1 0.61953125 0.28359375 0.0078125 0.0140625
1 0.6140625 0.3703125 0.00859375 0.0140625
1 0.3 0.48984375 0.01015625 0.01796875
1 0.23046875 0.4875 0.01171875 0.02109375
1 0.5828125 0.296875 0.0078125 0.01484375
0 0.78984375 0.16171875 0.01171875 0.0203125
1 0.409375 0.29765625 0.0078125 0.01484375
1 0.2625 0.446875 0.009375 0.01640625
1 0.540625 0.33515625 0.00859375 0.01484375
1 0.4640625 0.34140625 0.0078125 0.0140625
1 0.56875 0.34296875 0.01015625 0.01640625
4 0.57578125 0.840625 0.06640625 0.0796875
1 0.6828125 0.42109375 0.01015625 0.01640625
1 0.32890625 0.46796875 0.0109375 0.01640625
1 0.66328125 0.89140625 0.0109375 0.01796875
1 0.60859375 0.38125 0.009375 0.01640625
1 0.41015625 0.35234375 0.01015625 0.01484375
1 0.7109375 0.4359375 0.0078125 0.01640625
1 0.421875 0.3203125 0.00859375 0.01328125
1 0.70625 0.42109375 0.00859375 0.01484375
1 0.490625 0.33828125 0.00859375 0.015625
1 0.27421875 0.42890625 0.009375 0.0171875
1 0.646875 0.39921875 0.01015625 0.015625
1 0.3453125 0.46796875 0.0109375 0.015625
1 0.9390625 0.89609375 0.00859375 0.015625
1 0.56171875 0.37734375 0.0109375 0.01640625
1 0.26875 0.4609375 0.0109375 0.01640625
1 0.521875 0.3328125 0.01015625 0.01796875
1 0.50625 0.3046875 0.0078125 0.01328125
1 0.28125 0.46171875 0.01171875 0.01640625
1 0.35390625 0.48515625 0.0109375 0.01875
1 0.5796875 0.2828125 0.00859375 0.0125
1 0.30234375 0.46796875 0.01015625 0.01484375
1 0.48984375 0.30625 0.00859375 0.01328125
1 0.48515625 0.32421875 0.00859375 0.01640625
1 0.36953125 0.4828125 0.01171875 0.01875
1 0.65 0.88515625 0.009375 0.015625
1 0.50390625 0.325 0.00859375 0.01484375
1 0.53203125 0.31875 0.00859375 0.0125
1 0.471875 0.33046875 0.009375 0.0125
0 0.74609375 0.1703125 0.009375 0.0171875
1 0.67265625 0.40078125 0.009375 0.0171875
1 0.63984375 0.86953125 0.0109375 0.0171875
0 0.2890625 0.16875 0.009375 0.015625
1 0.65 0.3703125 0.01015625 0.0140625
1 0.35390625 0.378125 0.009375 0.01640625
1 0.378125 0.4765625 0.009375 0.015625
1 0.32109375 0.3578125 0.0078125 0.009375
1 0.7109375 0.846875 0.009375 0.0140625
1 0.309375 0.34453125 0.009375 0.0140625
1 0.61796875 0.88046875 0.00859375 0.01171875
1 0.33046875 0.38359375 0.0078125 0.01171875
1 0.528125 0.29765625 0.009375 0.0140625
1 0.29140625 0.3953125 0.009375 0.015625
1 0.65 0.3546875 0.009375 0.0109375
1 0.27265625 0.44453125 0.00859375 0.01328125
1 0.69765625 0.4234375 0.01015625 0.01796875
1 0.65546875 0.39921875 0.009375 0.01640625
1 0.2953125 0.4578125 0.01015625 0.01640625
1 0.3046875 0.38125 0.00859375 0.0125
1 0.62109375 0.86640625 0.01015625 0.0171875
1 0.3171875 0.46484375 0.0125 0.01640625
1 0.28984375 0.41953125 0.0078125 0.0125
1 0.68671875 0.34140625 0.009375 0.0125
1 0.671875 0.34375 0.009375 0.01484375
1 0.3453125 0.45 0.01015625 0.0171875
1 0.30859375 0.33046875 0.0078125 0.01171875
1 0.34453125 0.38203125 0.009375 0.0140625
1 0.04296875 0.328125 0.0078125 0.01484375
1 0.31796875 0.3203125 0.00859375 0.0140625
1 0.81015625 0.4390625 0.00703125 0.0140625
1 0.3671875 0.390625 0.00859375 0.01484375