2 0.77421875 0.2234375 0.0921875 0.0625
4 0.171875 0.35 0.071875 0.078125
4 0.2171875 0.83359375 0.0625 0.06875
3 0.83515625 0.35859375 0.05625 0.090625
3 0.72890625 0.84296875 0.071875 0.0671875
1 0.15859375 0.5625 0.01875 0.0234375
1 0.8828125 0.43671875 0.015625 0.0171875
1 0.37578125 0.44453125 0.015625 0.0171875
3 0.63125 0.35 0.075 0.084375
4 0.115625 0.3046875 0.071875 0.06875
1 0.7015625 0.88359375 0.0171875 0.0203125
1 0.9546875 0.42421875 0.015625 0.0171875
1 0.60390625 0.89140625 0.0171875 0.0234375
4 0.50234375 0.38203125 0.0859375 0.090625
1 0.63125 0.44453125 0.015625 0.01875
1 0.16875 0.38671875 0.0140625 0.015625
1 0.5828125 0.49296875 0.0171875 0.01875
1 0.403125 0.45390625 0.015625 0.01875
1 0.6546875 0.55703125 0.01875 0.0234375
1 0.06953125 0.50390625 0.01875 0.021875
1 0.38671875 0.41484375 0.0140625 0.0171875
1 0.5609375 0.43984375 0.015625 0.0171875
1 0.690625 0.57734375 0.0171875 0.0234375
1 0.71796875 0.55390625 0.0171875 0.021875
1 0.78203125 0.88671875 0.015625 0.0203125
1 0.3375 0.45 0.015625 0.0171875
1 0.84296875 0.43359375 0.015625 0.0171875
1 0.1875 0.90390625 0.01875 0.025
1 0.07265625 0.41328125 0.015625 0.015625
1 0.01015625 0.46171875 0.0171875 0.01875
1 0.7140625 0.5078125 0.0171875 0.0203125
1 0.65078125 0.46953125 0.015625 0.01875
0 0.190625 0.15078125 0.0171875 0.01875
1 0.55078125 0.4359375 0.015625 0.01875
1 0.58203125 0.5140625 0.0171875 0.021875
1 0.359375 0.5421875 0.0171875 0.0234375
2 0.25 0.2203125 0.1 0.05
1 0.04609375 0.4328125 0.0171875 0.01875
0 0.02265625 0.2265625 0.0203125 0.0234375
1 0.46875 0.45546875 0.015625 0.01875
1 0.58359375 0.3828125 0.0140625 0.015625
1 0.6734375 0.48125 0.0171875 0.01875
1 0.44921875 0.44375 0.015625 0.015625
1 0.12421875 0.43125 0.015625 0.01875
1 0.5625 0.33359375 0.0125 0.0140625
1 0.94453125 0.390625 0.0140625 0.015625
1 0.22578125 0.88359375 0.0171875 0.0203125
1 0.3265625 0.4 0.0140625 0.015625
1 0.3703125 0.46171875 0.015625 0.01875
1 0.36015625 0.378125 0.015625 0.015625
1 0.4203125 0.49921875 0.015625 0.0203125
1 0.39296875 0.3875 0.0140625 0.015625
1 0.609375 0.3890625 0.0140625 0.0171875
1 0.58515625 0.428125 0.0140625 0.01875
0 0.24140625 0.18515625 0.015625 0.01875
4 0.1 0.82265625 0.04375 0.0453125
1 0.3546875 0.484375 0.0171875 0.0203125
1 0.690625 0.52578125 0.0171875 0.021875
1 0.10546875 0.53359375 0.015625 0.01875
1 0.73671875 0.521875 0.0171875 0.021875
1 0.18515625 0.9421875 0.025 0.0328125
1 0.58515625 0.45078125 0.0171875 0.01875
1 0.01484375 0.44296875 0.0171875 0.0171875
1 0.690625 0.8546875 0.0125 0.0140625
0 0.0359375 0.17734375 0.01875 0.0234375
1 0.66484375 0.4546875 0.015625 0.01875
1 0.31171875 0.3515625 0.0140625 0.015625
1 0.9296875 0.41875 0.015625 0.01875
1 0.4390625 0.4625 0.015625 0.01875
1 0.63046875 0.39296875 0.0125 0.0140625
1 0.4578125 0.40625 0.0140625 0.015625
1 0.34921875 0.453125 0.015625 0.0171875
1 0.3609375 0.35078125 0.0140625 0.0140625
1 0.93828125 0.36171875 0.0140625 0.0140625
1 0.51484375 0.43828125 0.015625 0.01875
1 0.384375 0.36953125 0.0140625 0.0140625
1 0.28203125 0.4953125 0.0140625 0.015625
1 0.33828125 0.3765625 0.0140625 0.0140625
1 0.446875 0.42109375 0.0140625 0.0140625
1 0.8109375 0.8921875 0.015625 0.0203125
1 0.3265625 0.3640625 0.0140625 0.0140625
1 0.52265625 0.31796875 0.0125 0.0140625
1 0.0859375 0.44453125 0.0171875 0.0171875
1 0.92890625 0.39296875 0.0140625 0.015625
1 0.05703125 0.42265625 0.0140625 0.015625
1 0.1234375 0.8609375 0.015625 0.0171875
1 0.6515625 0.39140625 0.015625 0.0140625
1 0.671875 0.42890625 0.015625 0.0171875
1 0.15859375 0.890625 0.0171875 0.01875
1 0.36171875 0.3359375 0.0140625 0.0140625
1 0.85078125 0.903125 0.0171875 0.0203125
1 0.9546875 0.378125 0.0140625 0.0140625
1 0.10234375 0.3859375 0.015625 0.015625
1 0.57421875 0.3578125 0.0140625 0.0140625
1 0.4640625 0.43359375 0.0171875 0.0203125
1 0.84453125 0.30546875 0.0125 0.0125
1 0.5828125 0.35390625 0.0125 0.0140625
1 0.16484375 0.94609375 0.025 0.0328125
1 0.0625 0.37734375 0.0140625 0.015625
1 0.43125 0.5546875 0.0125 0.01875
1 0.69921875 0.4171875 0.015625 0.0171875
1 0.0859375 0.39765625 0.015625 0.015625
1 0.571875 0.378125 0.0140625 0.015625
1 0.0671875 0.95625 0.025 0.040625
1 0.884375 0.8765625 0.0140625 0.0171875
1 0.6265625 0.46796875 0.0125 0.015625
1 0.5125 0.41953125 0.015625 0.0171875
1 0.8375 0.9203125 0.01875 0.0203125
1 0.70234375 0.3703125 0.0140625 0.0140625
0 0.15546875 0.10703125 0.0171875 0.0203125
1 0.58984375 0.46953125 0.015625 0.0171875
1 0.62421875 0.4234375 0.0140625 0.0171875
1 0.38203125 0.33984375 0.0125 0.0125
1 0.09140625 0.98515625 0.0234375 0.015625
1 0.25234375 0.8875 0.0171875 0.01875
1 0.125 0.3390625 0.0125 0.0125
1 0.45703125 0.46796875 0.0171875 0.0203125
1 0.13125 0.359375 0.0125 0.0140625
1 0.665625 0.38984375 0.0140625 0.0140625
1 0.46171875 0.35546875 0.0140625 0.015625
1 0.38515625 0.45625 0.0171875 0.01875
1 0.49453125 0.32109375 0.0125 0.0140625
1 0.66875 0.8765625 0.015625 0.01875
1 0.17578125 0.8859375 0.01875 0.0203125
1 0.6796875 0.38984375 0.0140625 0.015625
1 0.48125 0.33125 0.0140625 0.0140625
1 0.93203125 0.3328125 0.015625 0.0171875
1 0.48203125 0.30546875 0.0125 0.0125
1 0.15390625 0.86640625 0.015625 0.015625
1 0.078125 0.4359375 0.0125 0.0140625
1 0.1734375 0.85 0.0125 0.0140625
1 0.5296875 0.64609375 0.0140625 0.0125
1 0.8296875 0.8796875 0.015625 0.0171875
1 0.671875 0.409375 0.0140625 0.0125
1 0.1046875 0.86015625 0.0140625 0.015625
1 0.8015625 0.84609375 0.0109375 0.0109375
1 0.54453125 0.30078125 0.0125 0.0125
1 0.08515625 0.3734375 0.015625 0.015625
1 0.559375 0.84609375 0.0125 0.0125
1 0.1875 0.58046875 0.015625 0.0171875
1 0.5953125 0.4453125 0.0140625 0.01875
1 0.5046875 0.32421875 0.0140625 0.0125
1 0.33046875 0.34609375 0.0140625 0.015625
1 0.60546875 0.3015625 0.0125 0.0125
1 0.3796875 0.325 0.015625 0.0125
1 0.93046875 0.89921875 0.0171875 0.0203125
1 0.33828125 0.25703125 0.0140625 0.015625
1 0.1578125 0.9171875 0.0171875 0.021875
0 0.10546875 0.13671875 0.01875 0.0203125
1 0.38046875 0.3859375 0.0140625 0.015625
1 0.95625 0.35 0.0140625 0.0125
1 0.68125 0.42109375 0.0140625 0.0140625
1 0.43359375 0.2953125 0.0125 0.0125
0 0.0640625 0.14453125 0.01875 0.0203125
1 0.3390625 0.4359375 0.015625 0.0125
1 0.6671875 0.33046875 0.0140625 0.0125
1 0.52734375 0.84453125 0.0140625 0.015625
1 0.35703125 0.45546875 0.0140625 0.01875
1 0.540625 0.83984375 0.015625 0.0140625
1 0.37109375 0.32265625 0.0109375 0.0125
1 0.909375 0.3140625 0.015625 0.015625
1 0.1234375 0.50234375 0.015625 0.015625
1 0.39609375 0.2875 0.0125 0.0140625
1 0.8734375 0.9171875 0.01875 0.021875
1 0.22734375 0.86484375 0.015625 0.0140625
1 0.89140625 0.315625 0.0125 0.0125
1 0.61484375 0.42734375 0.0140625 0.015625
1 0.8375 0.98046875 0.0296875 0.0390625
1 0.4515625 0.35859375 0.015625 0.0140625
1 0.12109375 0.6375 0.015625 0.01875
1 0.0296875 0.37578125 0.015625 0.0140625
1 0.72265625 0.9796875 0.021875 0.034375
1 0.03125 0.64140625 0.0171875 0.015625
1 0.16875 0.3 0.0125 0.0125
1 0.56484375 0.834375 0.0125 0.0109375
1 0.534375 0.33984375 0.0109375 0.009375
1 0.37421875 0.36875 0.0140625 0.0140625
1 0.15546875 0.84609375 0.0140625 0.0109375
1 0.4484375 0.61171875 0.015625 0.015625
1 0.3875 0.2953125 0.0140625 0.0109375
1 0.82890625 0.94453125 0.0171875 0.025
1 0.871875 0.9515625 0.0171875 0.0140625
0 0.36875 0.9859375 0.03125 0.021875
1 0.5875 0.3 0.015625 0.0125
4 0.52265625 0.81171875 0.0375 0.040625
0 0.72109375 0.7671875 0.015625 0.015625
1 0.97421875 0.36328125 0.0125 0.0125
1 0.39765625 0.340625 0.0109375 0.0125
0 0.13046875 0.1015625 0.0171875 0.0203125
1 0.43671875 0.39609375 0.0109375 0.009375
1 0.01328125 0.58125 0.015625 0.0109375
1 0.984375 0.3734375 0.015625 0.015625
1 0.4296875 0.89921875 0.021875 0.0171875
1 0.875 0.89609375 0.015625 0.0125
1 0.16328125 0.84296875 0.0125 0.0125
1 0.45234375 0.903125 0.0125 0.0109375
1 0.884375 0.90546875 0.015625 0.01875
1 0.0421875 0.371875 0.015625 0.015625