4 0.67890625 0.52734375 0.11015625 0.15
3 0.65546875 0.37421875 0.07265625 0.0859375
2 0.76953125 0.21953125 0.08828125 0.0609375
4 0.2765625 0.8296875 0.046875 0.046875
1 0.77265625 0.5546875 0.01328125 0.02265625
1 0.08046875 0.48203125 0.0125 0.01953125
1 0.97265625 0.41796875 0.0109375 0.01640625
1 0.3859375 0.39140625 0.00859375 0.0140625
1 0.6828125 0.421875 0.0109375 0.0171875
1 0.60390625 0.45546875 0.01015625 0.0171875
1 0.81796875 0.446875 0.009375 0.01796875
1 0.71015625 0.34609375 0.009375 0.01640625
1 0.34140625 0.465625 0.01015625 0.01875
1 0.834375 0.64375 0.0140625 0.0171875
1 0.5296875 0.44375 0.0109375 0.01796875
0 0.12109375 0.26640625 0.01484375 0.02265625
1 0.440625 0.50390625 0.0109375 0.01875
1 0.35234375 0.54765625 0.01328125 0.02265625
1 0.02109375 0.56640625 0.0109375 0.01640625
0 0.2390625 0.16484375 0.0109375 0.01796875
1 0.4703125 0.4421875 0.00703125 0.015625
1 0.61875 0.88671875 0.0125 0.02109375
1 0.54453125 0.47109375 0.0109375 0.01953125
0 0.14375 0.17109375 0.0125 0.021875
4 0.284375 0.4796875 0.09296875 0.115625
1 0.15703125 0.4359375 0.01015625 0.0171875
1 0.6203125 0.86953125 0.01015625 0.01484375
1 0.3859375 0.890625 0.0125 0.02265625
1 0.3234375 0.43515625 0.00859375 0.0171875
1 0.35390625 0.8984375 0.01328125 0.01875
0 0.1578125 0.125 0.01484375 0.02421875
1 0.04765625 0.50390625 0.0109375 0.0171875
1 0.6109375 0.4375 0.009375 0.01875
1 0.69921875 0.4203125 0.01015625 0.01640625
1 0.77890625 0.640625 0.0140625 0.01875
1 0.40546875 0.40703125 0.00859375 0.015625
0 0.1046875 0.22421875 0.01484375 0.0234375
1 0.8578125 0.8953125 0.0125 0.0203125
1 0.50546875 0.434375 0.01015625 0.0171875
1 0.41015625 0.43984375 0.0109375 0.01640625
1 0.11953125 0.44453125 0.01015625 0.0171875
1 0.4390625 0.43046875 0.01015625 0.01640625
1 0.0453125 0.4375 0.0140625 0.02109375
1 0.2625 0.54921875 0.0125 0.02265625
1 0.5453125 0.334375 0.0078125 0.0140625
1 0.66796875 0.859375 0.01015625 0.0171875
0 0.1890625 0.1125 0.01328125 0.021875
0 0.2234375 0.2296875 0.01015625 0.015625
1 0.309375 0.396875 0.01015625 0.01640625
1 0.296875 0.8875 0.0109375 0.0203125
1 0.2140625 0.44296875 0.01015625 0.0171875
0 0.1296875 0.1703125 0.01015625 0.0203125
0 0.4046875 0.796875 0.0203125 0.0375
1 0.709375 0.42421875 0.0109375 0.01953125
1 0.190625 0.35625 0.0109375 0.01796875
0 0.18984375 0.23515625 0.0109375 0.01953125
1 0.04140625 0.41953125 0.01015625 0.01640625
1 0.346875 0.87890625 0.01015625 0.01640625
1 0.575 0.40390625 0.009375 0.015625
1 0.96796875 0.39921875 0.01015625 0.015625
1 0.97890625 0.3828125 0.01171875 0.015625
1 0.83671875 0.8890625 0.0109375 0.0203125
1 0.35078125 0.39765625 0.009375 0.01640625
1 0.35234375 0.38125 0.00859375 0.01328125
1 0.29453125 0.4171875 0.0109375 0.0171875
1 0.37265625 0.3859375 0.009375 0.015625
1 0.19296875 0.41640625 0.009375 0.015625
1 0.5546875 0.40625 0.01015625 0.01484375
1 0.484375 0.39140625 0.00859375 0.0140625
1 0.33515625 0.40234375 0.01015625 0.0140625
1 0.10546875 0.440625 0.01015625 0.01484375
1 0.1234375 0.38125 0.01015625 0.01484375
1 0.403125 0.88203125 0.01015625 0.01953125
1 0.62578125 0.5609375 0.01171875 0.0203125
1 0.3390625 0.38046875 0.009375 0.0140625
1 0.49765625 0.5828125 0.01328125 0.0234375
1 0.384375 0.44140625 0.01015625 0.0171875
1 0.2453125 0.4265625 0.01171875 0.01953125
1 0.996875 0.4234375 0.00625 0.015625
1 0.20859375 0.93203125 0.01640625 0.02890625
1 0.153125 0.39921875 0.00859375 0.015625
1 0.09453125 0.64921875 0.0140625 0.01328125
1 0.53984375 0.40546875 0.01015625 0.01640625
1 0.0484375 0.52265625 0.0125 0.02109375
1 0.10546875 0.42421875 0.0109375 0.01796875
1 0.31875 0.375 0.0078125 0.01484375
1 0.21484375 0.5109375 0.0109375 0.0203125
1 0.42890625 0.40390625 0.0078125 0.0125
1 0.43828125 0.46640625 0.0109375 0.01875
1 0.16015625 0.4609375 0.01015625 0.015625
0 0.2296875 0.23984375 0.009375 0.0140625
1 0.11171875 0.35390625 0.009375 0.01328125
1 0.56796875 0.390625 0.009375 0.01484375
1 0.33203125 0.33828125 0.0078125 0.0140625
1 0.33359375 0.86875 0.0078125 0.01328125
1 0.06796875 0.42109375 0.01015625 0.01484375
1 0.28125 0.40234375 0.01171875 0.0171875
0 0.246875 0.21640625 0.009375 0.01484375
1 0.55234375 0.36484375 0.00859375 0.0140625
1 0.17578125 0.40078125 0.009375 0.015625
1 0.8796875 0.328125 0.0078125 0.01328125
1 0.234375 0.9578125 0.01796875 0.03203125
1 0.178125 0.88515625 0.0109375 0.01796875
1 0.0578125 0.41953125 0.0109375 0.01796875
0 0.2578125 0.1859375 0.009375 0.01640625
0 0.14140625 0.1125 0.0125 0.0203125
0 0.146875 0.078125 0.01484375 0.02265625
1 0.55625 0.39296875 0.009375 0.01328125
1 0.08046875 0.38203125 0.009375 0.01484375
1 0.26171875 0.9734375 0.01640625 0.0375
1 0.84296875 0.30078125 0.0078125 0.01171875
1 0.54296875 0.30625 0.00703125 0.0125
1 0.40390625 0.3546875 0.00703125 0.01328125
1 0.4625 0.3859375 0.009375 0.01640625
1 0.1796875 0.9375 0.01796875 0.02890625
1 0.2859375 0.871875 0.01015625 0.01484375
1 0.625 0.396875 0.01015625 0.0171875
1 0.903125 0.321875 0.00859375 0.01328125
1 0.534375 0.38359375 0.00859375 0.0140625
1 0.71171875 0.3203125 0.01015625 0.01484375
1 0.3421875 0.41484375 0.00859375 0.01328125
1 0.3265625 0.88671875 0.0109375 0.01953125
1 0.5859375 0.31015625 0.0078125 0.01328125
1 0.14375 0.43828125 0.0109375 0.015625
1 0.4578125 0.903125 0.0109375 0.01171875
1 0.52265625 0.3703125 0.01015625 0.01484375
1 0.83046875 0.31875 0.00703125 0.0125
1 0.7390625 0.83984375 0.00625 0.01015625
1 0.8046875 0.94921875 0.0203125 0.0359375
1 0.70546875 0.403125 0.0078125 0.0125
1 0.39375 0.4296875 0.009375 0.0140625
1 0.45390625 0.3046875 0.00703125 0.0125
1 0.1625 0.3484375 0.01015625 0.0171875
1 0.9265625 0.36015625 0.01015625 0.01484375
1 0.159375 0.99140625 0.01953125 0.015625
1 0.0203125 0.64375 0.01171875 0.02265625
1 0.30546875 0.32578125 0.00859375 0.01484375
1 0.159375 0.9359375 0.01640625 0.0265625
1 0.78125 0.83984375 0.00703125 0.01015625
1 0.18984375 0.39453125 0.00859375 0.01484375
1 0.31875 0.86796875 0.00859375 0.01328125
1 0.95390625 0.61875 0.0140625 0.01953125
1 0.8984375 0.8765625 0.0109375 0.015625
1 0.5015625 0.39921875 0.009375 0.01640625
1 0.98046875 0.36640625 0.01015625 0.0125
1 0.91640625 0.31484375 0.00859375 0.0125
1 0.93671875 0.33125 0.01015625 0.01328125
2 0.24609375 0.22421875 0.09140625 0.053125
1 0.35703125 0.8671875 0.009375 0.015625
1 0.80625 0.8421875 0.00625 0.01015625
1 0.85390625 0.30078125 0.0078125 0.0125
1 0.1078125 0.93984375 0.0171875 0.025
1 0.196875 0.97734375 0.02109375 0.03125
1 0.146875 0.61953125 0.01328125 0.02109375
1 0.875 0.94609375 0.0171875 0.028125
1 0.7640625 0.84140625 0.00625 0.01171875
0 0.465625 0.76171875 0.009375 0.01953125
1 0.471875 0.3796875 0.01015625 0.015625
1 0.2625 0.85078125 0.00859375 0.01015625
1 0.8265625 0.95 0.01953125 0.034375
1 0.4796875 0.9046875 0.00859375 0.01015625
1 0.5625 0.3515625 0.0109375 0.0140625
0 0.1265625 0.07265625 0.0125 0.0234375
1 0.74375 0.8453125 0.00703125 0.01171875
1 0.11875 0.9890625 0.02109375 0.02109375
1 0.22265625 0.86640625 0.00703125 0.0109375
1 0.89453125 0.30625 0.0109375 0.01640625
3 0.10078125 0.56171875 0.1296875 0.13359375
1 0.76875 0.84921875 0.00625 0.01171875
1 0.1671875 0.90625 0.0125 0.01875
1 0.23671875 0.64921875 0.0125 0.01328125
1 0.1328125 0.93125 0.0171875 0.02578125
1 0.31875 0.85 0.0078125 0.01328125
1 0.34140625 0.3078125 0.00859375 0.01796875
1 0.20859375 0.84296875 0.00625 0.01015625
1 0.1734375 0.86796875 0.009375 0.015625
1 0.575 0.84609375 0.009375 0.01171875
1 0.87734375 0.86875 0.00859375 0.01328125
1 0.13359375 0.33359375 0.009375 0.01171875
0 0.4578125 0.79140625 0.00859375 0.0140625
1 0.38828125 0.3765625 0.01015625 0.0125
1 0.27265625 0.38828125 0.01171875 0.021875
0 0.26640625 0.18359375 0.00859375 0.01640625
1 0.225 0.88203125 0.0109375 0.015625
0 0.24375 0.2296875 0.01015625 0.01328125
1 0.95703125 0.93046875 0.015625 0.025
0 0.43515625 0.80390625 0.01328125 0.02265625
1 0.8703125 0.29921875 0.009375 0.0125
0 0.46640625 0.81484375 0.0109375 0.0203125
1 0.07265625 0.3953125 0.01171875 0.0140625
1 0.90625 0.98984375 0.02109375 0.01875
1 0.0546875 0.38359375 0.009375 0.01328125
1 0.44375 0.52265625 0.009375 0.01796875
1 0.08984375 0.4125 0.009375 0.01484375
1 0.23515625 0.8421875 0.009375 0.0109375
1 0.1703125 0.30625 0.009375 0.0140625
1 0.925 0.871875 0.01015625 0.015625
1 0.875 0.3171875 0.01015625 0.01328125
0 0.39375 0.809375 0.009375 0.0203125
1 0.19765625 0.884375 0.01171875 0.01875
1 0.846875 0.9484375 0.01875 0.02734375
1 0.35 0.3234375 0.009375 0.0140625
1 0.93828125 0.925 0.01484375 0.03125
1 0.0921875 0.93359375 0.0140625 0.021875
1 0.440625 0.85078125 0.009375 0.01328125
1 0.209375 0.88359375 0.009375 0.01875
0 0.75546875 0.17890625 0.009375 0.015625
0 0.38203125 0.77109375 0.01015625 0.0171875
1 0.8546875 0.87890625 0.00625 0.01015625
1 0.9078125 0.8515625 0.0078125 0.01171875
1 0.20703125 0.9953125 0.0171875 0.00859375
1 0.4390625 0.30859375 0.00703125 0.0125
1 0.10078125 0.9015625 0.01171875 0.0171875
1 0.82421875 0.30390625 0.00859375 0.01015625
1 0.11484375 0.33828125 0.0078125 0.0140625
1 0.428125 0.85703125 0.00859375 0.0140625
1 0.36640625 0.32578125 0.00859375 0.01328125
1 0.1640625 0.32109375 0.0109375 0.0125