3 0.66484375 0.2890625 0.06640625 0.06796875
3 0.76796875 0.83828125 0.0640625 0.06484375
0 0.25625 0.325 0.0140625 0.021875
4 0.4578125 0.540625 0.06484375 0.1140625
2 0.76953125 0.21953125 0.0875 0.05859375
1 0.6296875 0.40390625 0.01015625 0.01640625
0 0.48203125 0.18828125 0.01875 0.02890625
1 0.09296875 0.48203125 0.0109375 0.0203125
1 0.928125 0.39140625 0.01015625 0.01640625
1 0.16640625 0.40234375 0.00859375 0.01640625
1 0.35703125 0.5546875 0.0109375 0.0203125
1 0.63046875 0.44296875 0.01015625 0.01875
1 0.64375 0.36875 0.0078125 0.015625
1 0.50234375 0.42109375 0.009375 0.01484375
1 0.16484375 0.45390625 0.01015625 0.01796875
1 0.3515625 0.446875 0.0109375 0.01796875
1 0.56484375 0.44375 0.01015625 0.01953125
1 0.05703125 0.48046875 0.0109375 0.01875
1 0.31640625 0.53515625 0.0125 0.021875
1 0.2328125 0.58046875 0.01328125 0.01953125
1 0.6328125 0.878125 0.01171875 0.02109375
1 0.565625 0.41953125 0.009375 0.01484375
1 0.759375 0.53046875 0.01171875 0.0203125
3 0.834375 0.3359375 0.0453125 0.0953125
1 0.35390625 0.34921875 0.00703125 0.0140625
1 0.228125 0.44453125 0.015625 0.025
1 0.16484375 0.428125 0.009375 0.01640625
1 0.6078125 0.903125 0.01328125 0.01640625
1 0.9390625 0.43515625 0.0109375 0.01796875
1 0.671875 0.86015625 0.00859375 0.0171875
1 0.14765625 0.32109375 0.00703125 0.01328125
1 0.74375 0.5171875 0.0125 0.01953125
1 0.521875 0.40234375 0.009375 0.015625
1 0.2609375 0.54140625 0.01171875 0.01953125
1 0.35 0.878125 0.01015625 0.01796875
1 0.38046875 0.37578125 0.0078125 0.0140625
1 0.76015625 0.50703125 0.0109375 0.01640625
1 0.13046875 0.4015625 0.009375 0.01640625
1 0.40859375 0.346875 0.0078125 0.01484375
1 0.090625 0.64765625 0.01171875 0.0125
1 0.55546875 0.321875 0.0078125 0.0140625
1 0.94765625 0.51015625 0.01328125 0.021875
1 0.0640625 0.38359375 0.01015625 0.01484375
1 0.08203125 0.3765625 0.009375 0.01328125
1 0.09375 0.42265625 0.01015625 0.015625
1 0.76171875 0.890625 0.0125 0.021875
1 0.09375 0.90078125 0.0140625 0.02265625
1 0.63046875 0.38515625 0.00859375 0.01484375
1 0.1109375 0.9234375 0.0140625 0.02578125
1 0.1421875 0.6453125 0.01328125 0.01640625
1 0.0703125 0.92109375 0.01484375 0.02578125
1 0.31796875 0.43515625 0.0109375 0.0171875
3 0.81640625 0.83671875 0.03828125 0.05234375
1 0.740625 0.45078125 0.0109375 0.01953125
1 0.796875 0.91875 0.015625 0.0296875
1 0.44453125 0.89921875 0.0171875 0.0234375
1 0.1109375 0.38359375 0.0078125 0.0140625
1 0.621875 0.64140625 0.01015625 0.01875
1 0.59140625 0.4171875 0.00859375 0.015625
1 0.3046875 0.42265625 0.00859375 0.01484375
1 0.071875 0.4203125 0.01171875 0.0171875
1 0.05390625 0.5109375 0.0125 0.01875
1 0.0453125 0.41875 0.01015625 0.0171875
1 0.703125 0.625 0.0140625 0.0234375
1 0.10390625 0.425 0.0109375 0.015625
1 0.05546875 0.49609375 0.01171875 0.01328125
1 0.04921875 0.44375 0.01015625 0.0171875
1 0.09453125 0.353125 0.0109375 0.0140625
1 0.0328125 0.49375 0.0078125 0.01015625
1 0.14296875 0.42578125 0.009375 0.015625
1 0.05 0.5796875 0.0125 0.0171875
1 0.953125 0.9296875 0.01484375 0.02109375
1 0.725 0.52109375 0.0125 0.01953125
1 0.10625 0.3546875 0.009375 0.01328125
1 0.26171875 0.6296875 0.01484375 0.02578125
1 0.49453125 0.36015625 0.00859375 0.01484375
1 0.46640625 0.35703125 0.00703125 0.01328125
1 0.03203125 0.42265625 0.009375 0.01640625
1 0.884375 0.8453125 0.00625 0.0109375
1 0.93046875 0.9 0.01171875 0.015625
1 0.0984375 0.37109375 0.0078125 0.0125
1 0.3921875 0.32109375 0.0078125 0.0140625
1 0.60703125 0.88046875 0.01171875 0.02109375
1 0.2734375 0.49609375 0.0140625 0.02578125
1 0.17734375 0.359375 0.0078125 0.0140625
1 0.7359375 0.90078125 0.01328125 0.02421875
1 0.9671875 0.3828125 0.00625 0.01328125
2 0.25078125 0.22734375 0.0890625 0.04140625
1 0.32578125 0.4171875 0.0109375 0.015625
1 0.20859375 0.85390625 0.0078125 0.01171875
1 0.9609375 0.45703125 0.01171875 0.01875
1 0.57421875 0.37578125 0.01015625 0.01328125
1 0.0609375 0.571875 0.0109375 0.021875
1 0.22578125 0.62578125 0.015625 0.02734375
1 0.35 0.9046875 0.0109375 0.01171875
1 0.346875 0.3765625 0.0078125 0.0140625
1 0.1578125 0.853125 0.0078125 0.0125
1 0.453125 0.8546875 0.01484375 0.02421875
1 0.1734375 0.88125 0.01015625 0.01640625
1 0.5671875 0.84140625 0.00625 0.0109375
1 0.05078125 0.93125 0.0171875 0.0328125
1 0.90390625 0.93359375 0.015625 0.02421875
1 0.8515625 0.4515625 0.01015625 0.01484375
1 0.6015625 0.37421875 0.01015625 0.015625
1 0.19140625 0.89296875 0.0109375 0.0203125
1 0.4484375 0.459375 0.01171875 0.02265625
1 0.4671875 0.6265625 0.01328125 0.01796875
1 0.15859375 0.87265625 0.00859375 0.01484375
1 0.9296875 0.328125 0.0125 0.01640625
1 0.88046875 0.30078125 0.0078125 0.01171875
1 0.46015625 0.371875 0.00859375 0.0125
1 0.20859375 0.88046875 0.01015625 0.01640625
1 0.84765625 0.965625 0.01953125 0.02734375
1 0.18125 0.88125 0.0109375 0.01640625
1 0.15 0.93046875 0.0171875 0.03046875
1 0.08359375 0.88203125 0.00859375 0.01328125
1 0.13515625 0.35546875 0.01015625 0.01328125
1 0.6125 0.4046875 0.01328125 0.0203125
1 0.82578125 0.87578125 0.0109375 0.0203125
1 0.08046875 0.3984375 0.01015625 0.0171875
1 0.559375 0.29921875 0.00703125 0.0109375
1 0.5640625 0.40390625 0.00859375 0.01015625
3 0.66328125 0.5421875 0.115625 0.15078125