3 0.5234375 0.375 0.0890625 0.1015625
4 0.1625 0.38984375 0.0671875 0.08125
2 0.75546875 0.20546875 0.0921875 0.0640625
4 0.29765625 0.85390625 0.075 0.0734375
4 0.3578125 0.31640625 0.0578125 0.0828125
1 0.7171875 0.46796875 0.0140625 0.01875
1 0.775 0.53984375 0.015625 0.0234375
1 0.375 0.5 0.0140625 0.0203125
1 0.371875 0.44765625 0.0125 0.01875
1 0.36015625 0.57734375 0.015625 0.0234375
1 0.940625 0.37734375 0.0140625 0.0171875
1 0.06796875 0.45078125 0.0125 0.015625
1 0.16875 0.59453125 0.015625 0.021875
1 0.8859375 0.38125 0.0125 0.0171875
1 0.8109375 0.86484375 0.0140625 0.01875
3 0.634375 0.86484375 0.128125 0.1109375
1 0.35625 0.90703125 0.015625 0.01875
2 0.234375 0.2390625 0.096875 0.053125
1 0.671875 0.61484375 0.015625 0.021875
1 0.9640625 0.396875 0.0140625 0.0171875
1 0.30625 0.44921875 0.0125 0.0171875
0 0.88203125 0.728125 0.0234375 0.04375
1 0.0703125 0.5 0.0140625 0.01875
1 0.6359375 0.38359375 0.0125 0.015625
1 0.76015625 0.88125 0.015625 0.0234375
1 0.9375 0.3609375 0.0125 0.015625
1 0.99375 0.5546875 0.0125 0.021875
1 0.68203125 0.51796875 0.015625 0.021875
1 0.875 0.3234375 0.0109375 0.0140625
1 0.7859375 0.86171875 0.0140625 0.01875
1 0.80078125 0.60078125 0.015625 0.01875
1 0.98671875 0.39921875 0.015625 0.0171875
1 0.70390625 0.521875 0.015625 0.021875
1 0.3265625 0.43671875 0.0125 0.0171875
1 0.20078125 0.953125 0.0203125 0.03125
1 0.4515625 0.4015625 0.0125 0.0171875
1 0.6984375 0.45234375 0.0140625 0.01875
1 0.7109375 0.60546875 0.015625 0.0171875
0 0.8859375 0.81015625 0.0265625 0.034375
1 0.325 0.47109375 0.0125 0.01875
4 0.54453125 0.52734375 0.0984375 0.1453125
1 0.6953125 0.584375 0.015625 0.015625
1 0.57421875 0.3265625 0.0109375 0.0140625
1 0.15234375 0.9328125 0.0171875 0.025
1 0.140625 0.97578125 0.021875 0.034375
1 0.79140625 0.578125 0.015625 0.0171875
1 0.125 0.35078125 0.0109375 0.0125
1 0.89921875 0.32578125 0.0125 0.0171875
0 0.94765625 0.709375 0.0234375 0.0390625
0 0.9796875 0.73515625 0.021875 0.0375
1 0.3234375 0.41640625 0.0125 0.015625
1 0.61953125 0.3953125 0.0125 0.0171875
1 0.253125 0.9 0.0140625 0.01875
1 0.46015625 0.30625 0.009375 0.0125
1 0.19921875 0.90078125 0.0140625 0.01875
1 0.6953125 0.41875 0.0125 0.015625
0 0.96015625 0.68515625 0.021875 0.03125
1 0.046875 0.45625 0.0125 0.015625
1 0.07421875 0.43125 0.0125 0.015625
0 0.9859375 0.70078125 0.021875 0.0328125
1 0.45390625 0.33515625 0.0109375 0.0140625
1 0.3015625 0.4265625 0.0125 0.015625
1 0.584375 0.378125 0.0125 0.015625
0 0.3796875 0.18671875 0.0125 0.015625
1 0.11640625 0.96640625 0.0203125 0.0328125
1 0.9140625 0.384375 0.0109375 0.0125
3 0.56328125 0.8125 0.05 0.05
1 0.175 0.9484375 0.01875 0.028125
1 0.89453125 0.92421875 0.01875 0.028125
1 0.87109375 0.30859375 0.009375 0.0140625
1 0.9125 0.371875 0.0125 0.015625
1 0.8328125 0.32421875 0.0125 0.015625
1 0.9796875 0.3828125 0.0125 0.0140625
1 0.63359375 0.3609375 0.0109375 0.015625
1 0.67421875 0.39765625 0.0109375 0.0140625
1 0.55 0.64375 0.0109375 0.0125
1 0.82421875 0.32421875 0.0109375 0.0140625
1 0.84609375 0.87265625 0.0140625 0.01875
1 0.67109375 0.42109375 0.0140625 0.01875
0 0.62421875 0.7265625 0.015625 0.0265625
1 0.9703125 0.3703125 0.0140625 0.015625
1 0.978125 0.34609375 0.0109375 0.015625
1 0.090625 0.38125 0.0109375 0.0140625
1 0.44609375 0.35078125 0.009375 0.015625
1 0.65859375 0.4140625 0.0125 0.0171875
1 0.06171875 0.4328125 0.0109375 0.0140625
1 0.41484375 0.30703125 0.0109375 0.0125
1 0.84296875 0.29921875 0.009375 0.0125
1 0.5953125 0.36640625 0.0109375 0.015625
1 0.21953125 0.92265625 0.015625 0.0234375
1 0.103125 0.3703125 0.0109375 0.0140625
1 0.709375 0.44765625 0.0125 0.01875
1 0.58515625 0.89453125 0.0171875 0.0203125
1 0.484375 0.309375 0.009375 0.0140625
1 0.90234375 0.3609375 0.0109375 0.0125
1 0.221875 0.63828125 0.015625 0.021875
1 0.5953125 0.346875 0.009375 0.0140625
1 0.959375 0.36171875 0.015625 0.0171875
1 0.0421875 0.44140625 0.009375 0.0140625
1 0.4765625 0.8515625 0.009375 0.0109375
1 0.240625 0.91328125 0.015625 0.01875
1 0.69765625 0.40546875 0.0125 0.0125
0 0.76875 0.15 0.0125 0.0171875
1 0.1078125 0.36015625 0.009375 0.0125
1 0.1375 0.3375 0.009375 0.0125
1 0.6453125 0.29375 0.009375 0.0125
1 0.215625 0.86875 0.0109375 0.0125
0 0.58671875 0.003125 0.0125 0.00625
1 0.93203125 0.96796875 0.0203125 0.0203125
1 0.834375 0.2859375 0.0109375 0.0125
1 0.8609375 0.61640625 0.0140625 0.0203125
1 0.88046875 0.31015625 0.0109375 0.015625
1 0.5734375 0.88671875 0.0140625 0.0171875
1 0.22421875 0.8953125 0.0125 0.015625
1 0.16953125 0.6671875 0.0125 0.0125
1 0.71796875 0.43515625 0.0140625 0.0234375
1 0.934375 0.3484375 0.0109375 0.0125
1 0.82421875 0.8359375 0.0109375 0.0140625
1 0.56484375 0.846875 0.009375 0.0125
1 0.70234375 0.43203125 0.0125 0.015625
1 0.81484375 0.32109375 0.009375 0.0140625
1 0.49921875 0.32109375 0.0109375 0.0140625
0 0.709375 0.21953125 0.0109375 0.0140625
1 0.85703125 0.296875 0.0109375 0.0140625
1 0.16015625 0.34296875 0.009375 0.0125
0 0.515625 0.003125 0.0109375 0.00625
1 0.5484375 0.84765625 0.009375 0.0125
1 0.90078125 0.496875 0.0125 0.0140625
1 0.0125 0.47578125 0.009375 0.0125
1 0.00234375 0.484375 0.0046875 0.015625
1 0.30390625 0.41015625 0.0109375 0.0125
1 0.98828125 0.34453125 0.009375 0.0140625
1 0.79609375 0.9296875 0.0234375 0.0375
1 0.8421875 0.8546875 0.0125 0.0171875
1 0.0703125 0.40390625 0.0109375 0.0125
1 0.665625 0.28671875 0.009375 0.0125
1 0.81484375 0.3078125 0.0109375 0.0109375
1 0.8546875 0.96953125 0.025 0.0265625
1 0.4265625 0.30078125 0.0109375 0.0125
1 0.96484375 0.3296875 0.0140625 0.015625
1 0.50625 0.29765625 0.009375 0.0125
1 0.09921875 0.35546875 0.0109375 0.0140625
1 0.51796875 0.3015625 0.0109375 0.0109375
1 0.6046875 0.346875 0.0140625 0.0140625
1 0.434375 0.3015625 0.009375 0.0125
1 0.68046875 0.421875 0.0125 0.015625
1 0.81171875 0.8265625 0.009375 0.0109375
1 0.98203125 0.90546875 0.01875 0.0265625
1 0.94609375 0.33359375 0.0125 0.0171875
1 0.87734375 0.28671875 0.0109375 0.0125
1 0.540625 0.29609375 0.0109375 0.0125
1 0.98828125 0.36875 0.0109375 0.0140625
1 0.93359375 0.91875 0.015625 0.021875
1 0.86328125 0.8765625 0.0109375 0.015625
0 0.42421875 0.99375 0.021875 0.0125
1 0.728125 0.9859375 0.015625 0.00625
1 0.7625 0.82265625 0.009375 0.0109375
1 0.86796875 0.28125 0.009375 0.0125
1 0.2578125 0.85625 0.0078125 0.0109375
1 0.93828125 0.3234375 0.0109375 0.015625
1 0.93671875 0.4375 0.0125 0.015625