4 0.48125 0.25625 0.0765625 0.084375
4 0.87265625 0.37734375 0.0828125 0.096875
3 0.36015625 0.28125 0.075 0.0875
3 0.60078125 0.34453125 0.0734375 0.09375
2 0.2671875 0.19296875 0.096875 0.0609375
4 0.2375 0.83828125 0.0609375 0.05625
1 0.7125 0.63046875 0.01875 0.0234375
1 0.4171875 0.384375 0.0140625 0.015625
1 0.19296875 0.5453125 0.0171875 0.021875
1 0.87890625 0.44921875 0.0140625 0.0171875
1 0.6921875 0.55625 0.015625 0.021875
1 0.2359375 0.54140625 0.015625 0.021875
1 0.41171875 0.45078125 0.015625 0.0203125
2 0.78125 0.23359375 0.09375 0.071875
1 0.103125 0.90078125 0.0203125 0.0265625
1 0.46484375 0.415625 0.0140625 0.0171875
1 0.84296875 0.46796875 0.0140625 0.01875
1 0.503125 0.44140625 0.015625 0.01875
1 0.290625 0.55703125 0.01875 0.025
1 0.6796875 0.39140625 0.0140625 0.015625
1 0.99140625 0.515625 0.0171875 0.0203125
1 0.21171875 0.58984375 0.0171875 0.0203125
1 0.36484375 0.3921875 0.0140625 0.0171875
1 0.353125 0.43046875 0.015625 0.0171875
1 0.578125 0.3921875 0.0140625 0.0171875
1 0.4234375 0.59375 0.0171875 0.0234375
1 0.42109375 0.48203125 0.015625 0.0203125
1 0.72109375 0.54296875 0.015625 0.0203125
1 0.48359375 0.46875 0.0140625 0.0203125
1 0.665625 0.4046875 0.0140625 0.015625
1 0.0484375 0.4265625 0.015625 0.01875
1 0.3015625 0.42109375 0.0140625 0.01875
1 0.396875 0.41640625 0.0140625 0.015625
1 0.275 0.5140625 0.015625 0.01875
0 0.79921875 0.20546875 0.015625 0.0203125
1 0.2953125 0.45390625 0.015625 0.0171875
1 0.72421875 0.50625 0.015625 0.01875
1 0.1234375 0.31015625 0.0125 0.015625
1 0.28984375 0.4828125 0.015625 0.01875
1 0.68359375 0.41796875 0.0140625 0.015625
1 0.79765625 0.44296875 0.009375 0.0140625
1 0.0921875 0.30078125 0.0125 0.0140625
0 0.8734375 0.18671875 0.015625 0.0203125
1 0.3109375 0.38671875 0.0125 0.015625
1 0.16875 0.29765625 0.0125 0.015625
1 0.68671875 0.48671875 0.015625 0.0203125
1 0.02734375 0.3375 0.0140625 0.015625
1 0.06328125 0.384375 0.015625 0.01875
1 0.6984375 0.503125 0.015625 0.01875
1 0.25390625 0.8640625 0.0125 0.0125
1 0.925 0.3984375 0.0140625 0.015625
1 0.3234375 0.8796875 0.0140625 0.0171875
1 0.03125 0.3859375 0.015625 0.0171875
1 0.0671875 0.3125 0.015625 0.01875
0 0.85234375 0.16328125 0.015625 0.0171875
1 0.496875 0.2953125 0.0140625 0.0109375
1 0.46171875 0.34765625 0.0125 0.0125
0 0.88203125 0.31640625 0.0140625 0.015625
0 0.87265625 0.2203125 0.0140625 0.01875
1 0.15078125 0.8953125 0.01875 0.0234375
1 0.265625 0.62578125 0.0171875 0.021875
1 0.35234375 0.33359375 0.0125 0.015625
1 0.503125 0.35078125 0.0140625 0.015625
1 0.92109375 0.95 0.0171875 0.021875
1 0.68984375 0.38125 0.0140625 0.015625
1 0.17109375 0.85859375 0.0140625 0.0140625
1 0.26015625 0.54765625 0.0171875 0.021875
1 0.39375 0.36640625 0.0140625 0.015625
1 0.0703125 0.35859375 0.0140625 0.0171875
1 0.0484375 0.409375 0.0140625 0.015625
0 0.82109375 0.17265625 0.0140625 0.01875
1 0.45546875 0.3234375 0.0125 0.015625
0 0.865625 0.15703125 0.0140625 0.0171875
1 0.44609375 0.30234375 0.0125 0.0171875
1 0.66640625 0.65703125 0.015625 0.0140625
1 0.4078125 0.34609375 0.015625 0.01875
1 0.903125 0.32890625 0.0125 0.015625
1 0.10078125 0.34296875 0.0140625 0.015625
1 0.08984375 0.3890625 0.015625 0.0171875
1 0.95859375 0.42890625 0.015625 0.015625
1 0.3546875 0.40703125 0.015625 0.0171875
1 0.05703125 0.40234375 0.0140625 0.0171875
1 0.090625 0.365625 0.015625 0.015625
1 0.51328125 0.34453125 0.0125 0.015625
1 0.3984375 0.39765625 0.0140625 0.0125
1 0.96328125 0.41640625 0.0125 0.0125
1 0.5734375 0.303125 0.0125 0.015625
1 0.34375 0.35390625 0.0125 0.0140625
1 0.89453125 0.94375 0.015625 0.0203125
1 0.32421875 0.37109375 0.0140625 0.0171875
1 0.46015625 0.36640625 0.0140625 0.0140625
1 0.28828125 0.8734375 0.0125 0.015625
1 0.66796875 0.32578125 0.0125 0.0140625
1 0.45859375 0.3875 0.0140625 0.0171875
1 0.21328125 0.91015625 0.021875 0.028125
1 0.99765625 0.415625 0.0046875 0.015625
1 0.27734375 0.490625 0.015625 0.0171875
1 0.66953125 0.31015625 0.0109375 0.0125
1 0.471875 0.32265625 0.0125 0.0140625
1 0.346875 0.390625 0.0125 0.0171875
1 0.50078125 0.64609375 0.0140625 0.0140625
0 0.77109375 0.7921875 0.0140625 0.01875
1 0.4171875 0.34375 0.0125 0.0171875
1 0.37890625 0.35078125 0.0140625 0.0171875
1 0.2921875 0.41640625 0.015625 0.0140625
0 0.8421875 0.12265625 0.0140625 0.01875
1 0.853125 0.30078125 0.0140625 0.0140625
1 0.0796875 0.403125 0.015625 0.015625
1 0.19921875 0.8828125 0.015625 0.0203125
0 0.875 0.26640625 0.015625 0.015625
1 0.07890625 0.86640625 0.0140625 0.0171875
1 0.23203125 0.903125 0.0171875 0.021875
1 0.596875 0.29765625 0.009375 0.009375
1 0.52890625 0.2796875 0.0125 0.0125
1 0.08828125 0.34921875 0.0125 0.0109375
1 0.56796875 0.34609375 0.0125 0.0140625
1 0.4515625 0.384375 0.0125 0.015625
1 0.31640625 0.3171875 0.0125 0.0140625
1 0.92578125 0.36796875 0.0140625 0.0140625
1 0.21015625 0.6265625 0.015625 0.015625
1 0.28671875 0.440625 0.0140625 0.0140625
0 0.7921875 0.25703125 0.0140625 0.015625
0 0.7578125 0.74296875 0.0140625 0.0203125
1 0.32421875 0.35234375 0.0140625 0.015625
1 0.5734375 0.28203125 0.0125 0.0125
1 0.5328125 0.87578125 0.0125 0.0140625
1 0.45 0.35078125 0.0125 0.015625
1 0.315625 0.3328125 0.0140625 0.015625
1 0.67734375 0.32421875 0.0125 0.015625
1 0.4109375 0.371875 0.0125 0.0140625
1 0.37109375 0.33125 0.0125 0.015625
1 0.4015625 0.38125 0.0125 0.0140625
1 0.83203125 0.3234375 0.0125 0.0140625
1 0.94609375 0.37265625 0.0140625 0.0125
1 0.66953125 0.271875 0.0125 0.0140625
1 0.4015625 0.32890625 0.0125 0.0140625
1 0.1890625 0.25234375 0.0125 0.0140625
1 0.81796875 0.89296875 0.0140625 0.0125
1 0.4421875 0.284375 0.0140625 0.015625
1 0.8859375 0.97265625 0.015625 0.0140625
1 0.36015625 0.3546875 0.0140625 0.015625
1 0.92265625 0.32734375 0.0125 0.0140625
1 0.13984375 0.27578125 0.0140625 0.0140625
1 0.1875 0.89765625 0.015625 0.0171875
1 0.53203125 0.61640625 0.015625 0.01875
1 0.32890625 0.3203125 0.0125 0.0125
1 0.99375 0.40390625 0.0125 0.0140625
1 0.1484375 0.8609375 0.0140625 0.015625
1 0.15546875 0.2703125 0.0140625 0.0140625
1 0.15703125 0.2546875 0.0140625 0.0125
1 0.2828125 0.428125 0.0125 0.015625
1 0.45390625 0.89140625 0.0109375 0.0109375
1 0.5203125 0.26640625 0.0109375 0.0109375
1 0.65625 0.28125 0.0125 0.0125
1 0.86953125 0.9234375 0.0140625 0.0171875
1 0.0953125 0.2796875 0.0140625 0.015625
1 0.225 0.63203125 0.0140625 0.0109375
1 0.98125 0.40078125 0.0140625 0.015625
1 0.87578125 0.9078125 0.0109375 0.0125
1 0.9390625 0.99140625 0.021875 0.0171875
1 0.90859375 0.95625 0.01875 0.025
1 0.9203125 0.92109375 0.0140625 0.01875
1 0.89296875 0.89921875 0.0109375 0.0125
1 0.4890625 0.89453125 0.0125 0.0171875
1 0.56875 0.26953125 0.0125 0.0125
0 0.63125 0.721875 0.0125 0.0140625
1 0.8453125 0.9140625 0.0125 0.0125
1 0.22578125 0.59765625 0.0140625 0.0109375
1 0.90625 0.3125 0.015625 0.01875
1 0.83125 0.90546875 0.0125 0.0109375
1 0.51640625 0.28203125 0.015625 0.0140625
1 0.2953125 0.440625 0.0140625 0.0125
1 0.20859375 0.2375 0.0125 0.0125
1 0.93984375 0.39921875 0.0109375 0.0140625
1 0.5984375 0.2640625 0.0125 0.0125
1 0.4421875 0.25234375 0.0125 0.0109375
1 0.17578125 0.8890625 0.015625 0.0203125
0 0.65625 0.71328125 0.0125 0.0125
1 0.0546875 0.3 0.0125 0.0125
1 0.0734375 0.3921875 0.0125 0.015625
1 0.5609375 0.8640625 0.009375 0.0125
1 0.08671875 0.284375 0.0140625 0.015625
1 0.36875 0.34609375 0.0125 0.0125
0 0.7703125 0.2515625 0.015625 0.01875
1 0.89609375 0.91640625 0.0140625 0.0203125
1 0.95703125 0.3765625 0.0140625 0.015625
1 0.909375 0.975 0.0140625 0.0109375
1 0.3953125 0.25078125 0.0109375 0.0109375
1 0.225 0.6109375 0.015625 0.0125
1 0.959375 0.39609375 0.0140625 0.0140625
1 0.14609375 0.253125 0.0125 0.0140625
1 0.09296875 0.2640625 0.0125 0.0125
1 0.10390625 0.85546875 0.0140625 0.0140625
0 0.7828125 0.84453125 0.0140625 0.015625
1 0.58203125 0.87421875 0.009375 0.009375
0 0.8171875 0.1421875 0.0109375 0.009375
3 0.54765625 0.83125 0.0390625 0.0328125
1 0.6453125 0.2765625 0.0125 0.015625
1 0.14765625 0.84375 0.0125 0.0140625
1 0.1765625 0.24921875 0.015625 0.015625
1 0.90859375 0.91953125 0.015625 0.01875
1 0.85625 0.921875 0.0125 0.0140625
1 0.159375 0.87890625 0.015625 0.015625
1 0.94765625 0.36171875 0.0140625 0.0125
1 0.8640625 0.89140625 0.009375 0.0109375
1 0.19921875 0.23984375 0.0140625 0.0140625
1 0.328125 0.3359375 0.0125 0.0125
1 0.89296875 0.2984375 0.0109375 0.0125
1 0.12734375 0.25859375 0.0140625 0.0140625