2 0.76953125 0.2203125 0.08984375 0.059375
4 0.0546875 0.43515625 0.09375 0.09765625
4 0.66953125 0.84921875 0.11171875 0.1203125
4 0.8078125 0.83515625 0.05703125 0.0609375
3 0.13359375 0.890625 0.13359375 0.134375
4 0.83984375 0.32734375 0.03984375 0.0640625
4 0.2453125 0.859375 0.09140625 0.103125
3 0.746875 0.83515625 0.06328125 0.06328125
1 0.0203125 0.57734375 0.01484375 0.0203125
1 0.79375 0.5828125 0.01328125 0.02265625
1 0.76171875 0.49375 0.0125 0.0203125
1 0.20390625 0.44375 0.01015625 0.01640625
1 0.6703125 0.503125 0.0125 0.01796875
1 0.16875 0.40390625 0.009375 0.015625
1 0.3828125 0.9 0.0140625 0.01796875
1 0.31953125 0.50390625 0.01171875 0.02109375
1 0.79609375 0.4359375 0.0109375 0.01796875
1 0.84765625 0.44296875 0.0109375 0.0171875
1 0.44453125 0.465625 0.0109375 0.01796875
1 0.053125 0.490625 0.01171875 0.01796875
1 0.15 0.42578125 0.009375 0.0171875
1 0.0796875 0.5109375 0.0125 0.0203125
1 0.38671875 0.3953125 0.01015625 0.01640625
1 0.30859375 0.55625 0.0125 0.021875
1 0.484375 0.42890625 0.01015625 0.01640625
1 0.36875 0.86953125 0.009375 0.01640625
1 0.82421875 0.565625 0.01328125 0.02421875
1 0.96953125 0.4046875 0.01015625 0.01640625
1 0.59453125 0.88984375 0.0125 0.021875
1 0.23125 0.4703125 0.0109375 0.01953125
1 0.328125 0.8921875 0.01171875 0.01953125
1 0.66953125 0.5234375 0.01328125 0.021875
1 0.8171875 0.40546875 0.00859375 0.015625
1 0.78203125 0.93359375 0.0171875 0.03203125
1 0.5421875 0.4390625 0.0109375 0.01796875
1 0.128125 0.42421875 0.009375 0.01796875
1 0.359375 0.39453125 0.01015625 0.01484375
1 0.72109375 0.5125 0.01171875 0.02109375
1 0.4171875 0.878125 0.01015625 0.01796875
1 0.84140625 0.38203125 0.00859375 0.015625
1 0.5609375 0.36875 0.009375 0.01484375
1 0.30625 0.40390625 0.009375 0.01640625
1 0.034375 0.48046875 0.01171875 0.015625
4 0.90625 0.4421875 0.09609375 0.1265625
1 0.3421875 0.39375 0.00859375 0.015625
1 0.559375 0.41015625 0.0078125 0.0171875
1 0.1046875 0.4703125 0.01015625 0.01796875
1 0.6734375 0.46171875 0.0109375 0.01953125
1 0.61796875 0.35625 0.00859375 0.01484375
0 0.21484375 0.19609375 0.01171875 0.01875
1 0.50703125 0.44921875 0.009375 0.01875
1 0.6765625 0.371875 0.0078125 0.015625
1 0.7375 0.496875 0.0125 0.01796875
1 0.3484375 0.459375 0.0109375 0.01953125
1 0.4390625 0.5421875 0.01171875 0.02109375
1 0.85703125 0.92109375 0.015625 0.02578125
1 0.13359375 0.64375 0.0125 0.02109375
1 0.73515625 0.48203125 0.01015625 0.0140625
1 0.51875 0.4234375 0.0109375 0.0171875
1 0.321875 0.85625 0.00859375 0.015625
1 0.4984375 0.3546875 0.0078125 0.0140625
1 0.09375 0.46953125 0.0109375 0.01875
1 0.496875 0.45 0.0109375 0.01796875
1 0.43671875 0.4046875 0.01015625 0.01640625
1 0.5375 0.8859375 0.0109375 0.021875
1 0.64140625 0.33046875 0.0078125 0.0125
1 0.96875 0.37890625 0.009375 0.01484375
1 0.54296875 0.37421875 0.00859375 0.015625
1 0.10234375 0.37734375 0.01015625 0.0140625
1 0.90859375 0.346875 0.00859375 0.015625
1 0.8421875 0.9015625 0.0140625 0.021875
1 0.65390625 0.30859375 0.00703125 0.01328125
1 0.746875 0.92109375 0.01484375 0.02890625
1 0.00390625 0.45234375 0.00703125 0.01640625
1 0.1015625 0.5421875 0.0125 0.0203125
0 0.259375 0.1953125 0.009375 0.0171875
1 0.4953125 0.646875 0.01015625 0.01171875
0 0.82890625 0.15 0.009375 0.015625
1 0.9890625 0.41171875 0.0125 0.01953125
3 0.2046875 0.56953125 0.12265625 0.13671875
1 0.325 0.39609375 0.01015625 0.0125
1 0.44921875 0.37109375 0.01015625 0.0140625
1 0.078125 0.3921875 0.0078125 0.01796875
1 0.2328125 0.9234375 0.0171875 0.02890625
1 0.65625 0.34140625 0.0078125 0.01328125
1 0.00625 0.5671875 0.01171875 0.01953125
2 0.25 0.228125 0.09140625 0.0484375
1 0.4375 0.45 0.0109375 0.0171875
1 0.878125 0.89921875 0.01328125 0.02109375
1 0.95078125 0.37734375 0.00859375 0.01484375
1 0.753125 0.865625 0.009375 0.01640625
1 0.46171875 0.39140625 0.01015625 0.0140625
1 0.8484375 0.8828125 0.0109375 0.01484375
1 0.6546875 0.384375 0.0078125 0.01640625
1 0.9453125 0.34921875 0.0109375 0.0171875
1 0.325 0.38203125 0.01015625 0.01484375
1 0.7 0.35625 0.00859375 0.015625
1 0.45 0.89765625 0.01171875 0.01953125
1 0.6078125 0.85390625 0.0109375 0.0171875
1 0.646875 0.38828125 0.009375 0.015625
0 0.303125 0.25625 0.00859375 0.01484375
1 0.70078125 0.3359375 0.01015625 0.015625
1 0.62265625 0.3 0.00859375 0.0125
1 0.87890625 0.34140625 0.00703125 0.01328125
1 0.31796875 0.33671875 0.00859375 0.01484375
1 0.665625 0.34375 0.009375 0.01640625
1 0.12265625 0.34453125 0.00859375 0.01328125
1 0.36796875 0.353125 0.00703125 0.0125
0 0.82265625 0.11953125 0.01015625 0.015625
1 0.44921875 0.3890625 0.0109375 0.01484375
1 0.18984375 0.31484375 0.00625 0.0125
1 0.5515625 0.32265625 0.00859375 0.01328125
1 0.01171875 0.478125 0.0125 0.01484375
1 0.625 0.34453125 0.00859375 0.0140625
1 0.39765625 0.40078125 0.00859375 0.0140625
1 0.14453125 0.33203125 0.00703125 0.0125
1 0.378125 0.30078125 0.0078125 0.0125
1 0.37421875 0.34453125 0.00859375 0.0125
1 0.3765625 0.37109375 0.0109375 0.01484375
1 0.18359375 0.30625 0.00703125 0.01171875
1 0.5421875 0.3546875 0.01015625 0.015625
1 0.31640625 0.90234375 0.01328125 0.0140625
1 0.3515625 0.38203125 0.0078125 0.015625
1 0.3015625 0.3359375 0.01015625 0.01484375
1 0.48984375 0.34609375 0.00859375 0.0140625
1 0.93515625 0.340625 0.009375 0.0140625
1 0.54765625 0.8171875 0.00703125 0.01015625
1 0.23828125 0.5 0.00859375 0.01171875
1 0.521875 0.4078125 0.009375 0.01171875
1 0.9234375 0.9265625 0.01328125 0.021875
1 0.45703125 0.378125 0.009375 0.0140625
1 0.84296875 0.64140625 0.01484375 0.01640625
1 0.87421875 0.33359375 0.00859375 0.01328125
1 0.44609375 0.8484375 0.00859375 0.01328125
1 0.659375 0.33046875 0.00859375 0.01171875
0 0.05625 0.15078125 0.0140625 0.02734375
1 0.1109375 0.3375 0.009375 0.01328125
1 0.1328125 0.33515625 0.009375 0.0140625
1 0.2609375 0.93125 0.01484375 0.028125
1 0.953125 0.98828125 0.01796875 0.0234375
1 0.91015625 0.9015625 0.0109375 0.01875
1 0.38125 0.3375 0.00703125 0.01328125
1 0.996875 0.37734375 0.00625 0.0140625
0 0.2890625 0.18515625 0.009375 0.01640625
1 0.12109375 0.33125 0.009375 0.015625
1 0.43828125 0.8421875 0.00859375 0.01328125
1 0.85078125 0.85546875 0.00859375 0.0125
0 0.23046875 0.128125 0.0078125 0.0171875
1 0.14140625 0.30625 0.00859375 0.0125
1 0.9421875 0.93203125 0.01484375 0.021875
0 0.24609375 0.2453125 0.01015625 0.01328125
1 0.984375 0.37421875 0.01171875 0.01796875
1 0.83828125 0.85234375 0.009375 0.01328125
1 0.890625 0.8890625 0.01171875 0.01796875
0 0.82578125 0.13203125 0.01015625 0.01484375
1 0.53671875 0.8359375 0.00703125 0.0125
1 0.96953125 0.36484375 0.0078125 0.0109375
1 0.88046875 0.87265625 0.01015625 0.01484375
1 0.25625 0.9890625 0.02265625 0.01953125
1 0.86015625 0.89375 0.0125 0.015625
1 0.56640625 0.82890625 0.00703125 0.01171875
1 0.29765625 0.31796875 0.01015625 0.015625
0 0.17265625 0.0546875 0.0125 0.015625
1 0.54921875 0.8359375 0.009375 0.01171875
1 0.55234375 0.3015625 0.0078125 0.01171875
1 0.940625 0.9078125 0.0125 0.015625
1 0.4171875 0.84765625 0.00703125 0.01328125
1 0.9234375 0.340625 0.0109375 0.01640625
1 0.896875 0.83203125 0.00859375 0.0140625
1 0.871875 0.3046875 0.01015625 0.015625