3 0.0453125 0.44921875 0.090625 0.1078125
4 0.278125 0.51328125 0.1046875 0.1359375
2 0.23046875 0.21953125 0.096875 0.0625
3 0.521875 0.29296875 0.06875 0.0703125
3 0.90859375 0.3984375 0.103125 0.096875
1 0.6265625 0.89296875 0.021875 0.021875
1 0.015625 0.553125 0.025 0.0234375
1 0.50390625 0.44453125 0.01875 0.01875
1 0.88203125 0.490625 0.021875 0.01875
3 0.7796875 0.85703125 0.1125 0.09375
1 0.43125 0.3953125 0.01875 0.015625
1 0.3890625 0.4328125 0.01875 0.01875
1 0.33828125 0.46484375 0.0203125 0.01875
3 0.30390625 0.871875 0.125 0.1203125
1 0.37109375 0.55390625 0.021875 0.021875
1 0.91640625 0.534375 0.021875 0.021875
1 0.278125 0.43671875 0.01875 0.0140625
1 0.3953125 0.58203125 0.025 0.021875
1 0.14375 0.43984375 0.0203125 0.01875
1 0.5125 0.38984375 0.01875 0.015625
1 0.928125 0.91796875 0.0234375 0.025
1 0.478125 0.4171875 0.01875 0.015625
1 0.2265625 0.5203125 0.01875 0.01875
1 0.97734375 0.44765625 0.0203125 0.01875
1 0.178125 0.928125 0.025 0.028125
1 0.85546875 0.92421875 0.025 0.028125
1 0.17734375 0.8953125 0.021875 0.021875
1 0.2109375 0.89296875 0.021875 0.021875
1 0.453125 0.40859375 0.01875 0.0171875
1 0.578125 0.9 0.021875 0.0171875
1 0.8796875 0.8984375 0.021875 0.021875
1 0.59765625 0.39765625 0.01875 0.01875
1 0.83359375 0.8953125 0.021875 0.021875
1 0.30859375 0.40625 0.01875 0.015625
1 0.42421875 0.50078125 0.021875 0.01875
1 0.93359375 0.94609375 0.0265625 0.034375
1 0.18515625 0.43046875 0.01875 0.0171875
1 0.3890625 0.38046875 0.01875 0.015625
1 0.4453125 0.39296875 0.01875 0.015625
1 0.39453125 0.39609375 0.01875 0.0171875
1 0.8125 0.40546875 0.01875 0.015625
1 0.5078125 0.32265625 0.0171875 0.015625
1 0.63203125 0.3953125 0.01875 0.015625
1 0.540625 0.3546875 0.01875 0.015625
1 0.54921875 0.3828125 0.01875 0.015625
1 0.61640625 0.33984375 0.01875 0.0140625
0 0.80546875 0.19375 0.0203125 0.01875
1 0.1546875 0.93984375 0.025 0.028125
1 0.078125 0.54375 0.021875 0.0171875
1 0.1875 0.95703125 0.028125 0.0359375
1 0.22421875 0.459375 0.01875 0.01875
1 0.20703125 0.49765625 0.01875 0.0171875
1 0.40625 0.3234375 0.0171875 0.0140625
1 0.1046875 0.62421875 0.025 0.0234375
1 0.58984375 0.4390625 0.0203125 0.0171875
1 0.35 0.43671875 0.0203125 0.01875
1 0.16875 0.43515625 0.021875 0.021875
1 0.85390625 0.3703125 0.015625 0.0140625
1 0.4078125 0.540625 0.021875 0.01875
1 0.45625 0.39296875 0.01875 0.0140625
1 0.653125 0.3390625 0.01875 0.0140625
1 0.36484375 0.4046875 0.0203125 0.015625
1 0.41953125 0.37578125 0.01875 0.015625
1 0.64296875 0.81875 0.01875 0.0171875
1 0.67578125 0.3484375 0.01875 0.015625
1 0.61328125 0.359375 0.01875 0.015625
1 0.4921875 0.38828125 0.01875 0.015625
1 0.50078125 0.403125 0.01875 0.015625
1 0.66328125 0.8671875 0.01875 0.015625
1 0.08984375 0.46953125 0.0203125 0.01875
1 0.47109375 0.8953125 0.021875 0.021875
0 0.7390625 0.21484375 0.01875 0.015625
1 0.51015625 0.36875 0.01875 0.0140625
1 0.33203125 0.3421875 0.015625 0.0125
1 0.959375 0.9953125 0.0234375 0.009375
1 0.64609375 0.3765625 0.01875 0.015625
1 0.52109375 0.371875 0.01875 0.015625
1 0.67890625 0.86015625 0.01875 0.015625
1 0.6515625 0.44921875 0.01875 0.0171875
1 0.70546875 0.828125 0.01875 0.015625
1 0.33828125 0.31640625 0.015625 0.015625
1 0.84140625 0.35390625 0.01875 0.0140625
1 0.44765625 0.32890625 0.01875 0.0125
1 0.4484375 0.90546875 0.01875 0.009375
2 0.7546875 0.2265625 0.103125 0.046875
1 0.409375 0.56796875 0.021875 0.0203125
1 0.30546875 0.3828125 0.01875 0.015625
1 0.8078125 0.378125 0.0203125 0.01875
1 0.87109375 0.96328125 0.028125 0.0375
1 0.40390625 0.51953125 0.0203125 0.015625
1 0.6625 0.34296875 0.01875 0.0140625
1 0.12890625 0.89765625 0.0234375 0.0203125
1 0.15234375 0.3078125 0.01875 0.0125
1 0.83984375 0.3359375 0.0203125 0.0171875
1 0.87734375 0.325 0.01875 0.0125
0 0.76796875 0.7078125 0.01875 0.01875
1 0.35703125 0.87109375 0.0203125 0.01875
1 0.05859375 0.34375 0.01875 0.0125
1 0.9234375 0.8796875 0.01875 0.01875
1 0.878125 0.30625 0.0171875 0.0125
1 0.45625 0.36796875 0.01875 0.0140625
1 0.60703125 0.6453125 0.0171875 0.0125
1 0.09375 0.94140625 0.025 0.025
1 0.3265625 0.35546875 0.01875 0.015625
1 0.459375 0.3484375 0.0171875 0.0125
1 0.4234375 0.5765625 0.021875 0.021875
1 0.378125 0.296875 0.015625 0.0125
1 0.04375 0.34921875 0.01875 0.015625
4 0.815625 0.35078125 0.0484375 0.075
1 0.43828125 0.53125 0.021875 0.015625
1 0.21796875 0.84140625 0.01875 0.0109375
1 0.6859375 0.81015625 0.01875 0.015625
1 0.57734375 0.2984375 0.01875 0.0125
1 0.10390625 0.31953125 0.01875 0.0125
1 0.80625 0.09921875 0.01875 0.01875
1 0.87578125 0.86796875 0.0203125 0.0140625
1 0.8671875 0.87109375 0.01875 0.015625
1 0.56328125 0.29609375 0.01875 0.0125
1 0.70625 0.80859375 0.015625 0.0125
1 0.0796875 0.91953125 0.0234375 0.0203125
1 0.69296875 0.64765625 0.015625 0.009375
1 0.1421875 0.30625 0.01875 0.0125
1 0.4171875 0.640625 0.025 0.0234375
1 0.875 0.39296875 0.0203125 0.015625
1 0.4375 0.553125 0.021875 0.01875
1 0.7140625 0.7859375 0.01875 0.0140625
1 0.9125 0.98828125 0.03125 0.0234375
1 0.45625 0.5296875 0.021875 0.0203125
1 0.653125 0.6484375 0.0171875 0.0109375
1 0.16484375 0.8453125 0.01875 0.0109375
1 0.7140625 0.85 0.01875 0.0125
1 0.43203125 0.84140625 0.0171875 0.0125
1 0.4625 0.8515625 0.01875 0.0125
1 0.44921875 0.84609375 0.0203125 0.0140625
1 0.0796875 0.31875 0.021875 0.015625
1 0.0296875 0.959375 0.021875 0.0234375
1 0.11015625 0.89296875 0.025 0.0203125
1 0.56484375 0.84140625 0.015625 0.009375
0 0.875 0.2390625 0.01875 0.015625
1 0.5515625 0.85078125 0.01875 0.0125
1 0.30859375 0.36953125 0.01875 0.0125
0 0.80390625 0.11953125 0.01875 0.015625
1 0.03203125 0.3828125 0.01875 0.015625
1 0.45859375 0.8421875 0.0171875 0.0140625
1 0.1125 0.3203125 0.01875 0.0140625
1 0.46640625 0.99453125 0.021875 0.009375
1 0.39609375 0.6234375 0.021875 0.0203125