4 0.453125 0.34296875 0.0671875 0.0890625
3 0.384375 0.35546875 0.08125 0.090625
3 0.6875 0.51484375 0.1234375 0.1453125
4 0.91328125 0.51484375 0.0796875 0.1
4 0.2171875 0.884375 0.1171875 0.14375
3 0.078125 0.421875 0.0875 0.103125
1 0.56328125 0.51953125 0.015625 0.0203125
1 0.61171875 0.43828125 0.0125 0.0171875
1 0.26015625 0.47421875 0.0140625 0.01875
0 0.2296875 0.209375 0.0140625 0.0171875
2 0.7609375 0.2359375 0.096875 0.0515625
1 0.465625 0.42265625 0.0140625 0.01875
1 0.7 0.4296875 0.0125 0.0171875
4 0.57265625 0.86328125 0.1125 0.10625
1 0.81953125 0.45625 0.0140625 0.015625
1 0.746875 0.45390625 0.0140625 0.01875
1 0.41484375 0.87578125 0.015625 0.0203125
1 0.61015625 0.45546875 0.0140625 0.0171875
1 0.92265625 0.45 0.0140625 0.0171875
1 0.33203125 0.37890625 0.0125 0.0171875
1 0.634375 0.4125 0.0125 0.0171875
1 0.31796875 0.41171875 0.0140625 0.015625
1 0.55703125 0.5625 0.0171875 0.021875
1 0.95703125 0.4625 0.0140625 0.01875
1 0.5546875 0.47890625 0.015625 0.01875
1 0.97109375 0.5921875 0.015625 0.021875
1 0.175 0.42734375 0.0140625 0.0171875
1 0.04921875 0.8890625 0.0171875 0.025
1 0.68515625 0.4015625 0.0125 0.015625
1 0.53359375 0.4453125 0.0140625 0.0171875
1 0.9171875 0.9375 0.01875 0.028125
1 0.83515625 0.96171875 0.021875 0.0328125
1 0.84296875 0.57578125 0.0171875 0.021875
1 0.96796875 0.4859375 0.0140625 0.0171875
1 0.78984375 0.49453125 0.0125 0.0140625
1 0.446875 0.39296875 0.0125 0.0140625
1 0.2640625 0.50859375 0.015625 0.01875
1 0.2640625 0.54921875 0.015625 0.021875
1 0.65 0.39609375 0.0125 0.015625
1 0.03125 0.3578125 0.0140625 0.0171875
1 0.51171875 0.446875 0.0140625 0.01875
1 0.54140625 0.39375 0.0125 0.0171875
1 0.2921875 0.43125 0.0140625 0.015625
1 0.1859375 0.40546875 0.0140625 0.0171875
1 0.66171875 0.39921875 0.0125 0.0171875
1 0.59296875 0.4375 0.0140625 0.021875
0 0.253125 0.178125 0.015625 0.0234375
1 0.98671875 0.4765625 0.015625 0.01875
0 0.2203125 0.11875 0.015625 0.0203125
1 0.94375 0.56953125 0.015625 0.0203125
0 0.77421875 0.771875 0.0203125 0.0296875
1 0.29609375 0.41640625 0.0125 0.0125
1 0.0859375 0.859375 0.0125 0.0171875
1 0.634375 0.8796875 0.0125 0.01875
1 0.61328125 0.37109375 0.0109375 0.015625
1 0.6640625 0.340625 0.0109375 0.0140625
1 0.9421875 0.5953125 0.0171875 0.015625
1 0.14453125 0.89296875 0.01875 0.0234375
1 0.39765625 0.87421875 0.015625 0.01875
3 0.30234375 0.8578125 0.08125 0.1078125
1 0.76640625 0.9296875 0.0203125 0.0265625
1 0.525 0.35078125 0.0125 0.015625
1 0.9109375 0.4078125 0.0140625 0.015625
0 0.2671875 0.20546875 0.015625 0.021875
1 0.97890625 0.46328125 0.0140625 0.0171875
1 0.1703125 0.31796875 0.0125 0.0140625
1 0.3125 0.3765625 0.0109375 0.015625
1 0.18125 0.61640625 0.0171875 0.0203125
1 0.8734375 0.93203125 0.01875 0.0265625
0 0.8328125 0.77578125 0.0203125 0.0265625
0 0.8328125 0.74296875 0.0203125 0.0265625
0 0.75546875 0.8171875 0.021875 0.03125
1 0.8875 0.36796875 0.0109375 0.0140625
1 0.675 0.38828125 0.0125 0.015625
1 0.78046875 0.971875 0.025 0.0375
1 0.8640625 0.3640625 0.0125 0.0140625
1 0.27421875 0.52890625 0.015625 0.0203125
1 0.29609375 0.31796875 0.0125 0.0171875
1 0.70703125 0.9125 0.015625 0.0125
1 0.1484375 0.28984375 0.0125 0.0125
0 0.86953125 0.71953125 0.025 0.0265625
1 0.34140625 0.34609375 0.0125 0.0140625
1 0.62109375 0.30625 0.0109375 0.0125
1 0.18359375 0.38515625 0.0125 0.015625
1 0.80078125 0.91328125 0.0171875 0.0234375
1 0.6609375 0.86484375 0.0140625 0.015625
1 0.1640625 0.2921875 0.0109375 0.0125
1 0.85390625 0.58671875 0.0171875 0.021875
1 0.99375 0.4984375 0.0125 0.015625
1 0.95859375 0.4390625 0.015625 0.0171875
0 0.16796875 0.0421875 0.015625 0.01875
1 0.07578125 0.975 0.0234375 0.0203125
1 0.1359375 0.39375 0.015625 0.0203125
1 0.34921875 0.3671875 0.0125 0.015625
1 0.68046875 0.86328125 0.0125 0.0140625
1 0.43359375 0.84296875 0.0109375 0.0125
1 0.36171875 0.3046875 0.0109375 0.0125
1 0.93984375 0.465625 0.0140625 0.015625
1 0.81953125 0.90546875 0.015625 0.01875
0 0.15078125 0.03046875 0.015625 0.0203125
0 0.87890625 0.7703125 0.0171875 0.025
1 0.75546875 0.9046875 0.015625 0.021875
0 0.2390625 0.16171875 0.0125 0.015625
1 0.11484375 0.975 0.025 0.021875
1 0.89453125 0.6625 0.015625 0.015625
1 0.115625 0.40390625 0.015625 0.01875
1 0.97265625 0.5078125 0.009375 0.0109375
1 0.075 0.315625 0.0125 0.0140625
1 0.6265625 0.38046875 0.0125 0.015625
1 0.45546875 0.8515625 0.009375 0.0109375
1 0.63984375 0.30625 0.009375 0.0109375
0 0.7953125 0.7828125 0.03125 0.0484375
1 0.93515625 0.415625 0.0125 0.0140625
1 0.1671875 0.365625 0.0125 0.015625
4 0.01796875 0.4203125 0.0359375 0.11875
1 0.3515625 0.86875 0.0140625 0.0171875
1 0.6296875 0.3578125 0.0140625 0.0125
1 0.27734375 0.3234375 0.0109375 0.0140625
1 0.44375 0.83984375 0.0109375 0.0125
1 0.50703125 0.90390625 0.0140625 0.0125
1 0.08671875 0.31640625 0.0125 0.0125
1 0.6265625 0.346875 0.0109375 0.0109375
1 0.878125 0.3359375 0.0109375 0.0125
1 0.93203125 0.565625 0.0140625 0.0171875
1 0.1296875 0.3125 0.0125 0.0140625
1 0.82578125 0.31640625 0.009375 0.0125
1 0.6046875 0.30078125 0.0109375 0.0125
1 0.821875 0.9359375 0.025 0.028125
1 0.67421875 0.375 0.0109375 0.0109375
1 0.89296875 0.5578125 0.0140625 0.0171875
1 0.85390625 0.3203125 0.0125 0.0125
1 0.440625 0.821875 0.0109375 0.0140625
1 0.08671875 0.88125 0.0140625 0.0140625
1 0.428125 0.3078125 0.009375 0.0125
1 0.121875 0.3875 0.0125 0.0125
0 0.24140625 0.20703125 0.0125 0.0171875
1 0.85546875 0.915625 0.0203125 0.0234375
1 0.92578125 0.89296875 0.015625 0.0203125
1 0.5328125 0.43203125 0.0140625 0.0125
1 0.9796875 0.44296875 0.0140625 0.015625
1 0.3453125 0.28984375 0.0125 0.0125
1 0.81796875 0.31953125 0.0109375 0.015625
1 0.54453125 0.90703125 0.009375 0.0109375
1 0.7234375 0.81484375 0.015625 0.0203125
1 0.5265625 0.29921875 0.0109375 0.0125
1 0.5078125 0.8859375 0.015625 0.021875
1 0.9265625 0.41171875 0.0125 0.015625
1 0.32578125 0.346875 0.0109375 0.0140625
1 0.578125 0.29921875 0.009375 0.0140625
1 0.8953125 0.3515625 0.0125 0.0140625
1 0.41875 0.82421875 0.0109375 0.0125
1 0.0671875 0.95703125 0.0109375 0.0125
1 0.1265625 0.290625 0.0109375 0.0125
1 0.31328125 0.34921875 0.0125 0.015625
1 0.90859375 0.890625 0.0125 0.015625
1 0.45 0.8046875 0.0109375 0.0125
1 0.696875 0.8515625 0.01875 0.0234375
0 0.1296875 0.00390625 0.015625 0.0078125
1 0.55546875 0.296875 0.0125 0.0125
1 0.1734375 0.3546875 0.0109375 0.0109375
1 0.34609375 0.81953125 0.015625 0.0203125
1 0.8859375 0.34296875 0.0125 0.015625
1 0.7671875 0.89765625 0.0140625 0.015625
1 0.34140625 0.32265625 0.0109375 0.0140625
0 0.80546875 0.75625 0.0203125 0.025
1 0.14140625 0.61640625 0.0171875 0.0203125
2 0.23828125 0.20703125 0.0890625 0.071875
1 0.8734375 0.89921875 0.015625 0.01875
1 0.16171875 0.8390625 0.0125 0.0125
1 0.3265625 0.28828125 0.009375 0.0109375
1 0.95234375 0.39375 0.0140625 0.0140625
1 0.10390625 0.83203125 0.0109375 0.0109375
1 0.93125 0.39296875 0.0140625 0.015625
1 0.45859375 0.29609375 0.0125 0.0125
1 0.18203125 0.94609375 0.0234375 0.034375
1 0.784375 0.90625 0.01875 0.021875
1 0.9203125 0.91171875 0.0140625 0.015625
1 0.93515625 0.584375 0.015625 0.0171875
1 0.06484375 0.834375 0.0125 0.0140625