3 0.3734375 0.29375 0.0421875 0.06328125
3 0.84296875 0.31015625 0.046875 0.06953125
1 0.609375 0.390625 0.009375 0.015625
1 0.6171875 0.871875 0.01015625 0.01875
1 0.86640625 0.56328125 0.01328125 0.02265625
1 0.06484375 0.4796875 0.01171875 0.01875
1 0.90390625 0.4390625 0.0109375 0.01796875
1 0.74140625 0.4953125 0.0109375 0.0203125
1 0.3828125 0.8890625 0.0125 0.02265625
1 0.484375 0.403125 0.009375 0.015625
0 0.7828125 0.165625 0.01171875 0.02109375
2 0.25 0.22734375 0.090625 0.0484375
1 0.81796875 0.44765625 0.009375 0.01796875
1 0.4484375 0.478125 0.0109375 0.01796875
1 0.30703125 0.434375 0.0109375 0.0171875
1 0.29296875 0.87890625 0.01015625 0.01640625
4 0.2609375 0.825 0.04765625 0.0453125
1 0.6140625 0.43046875 0.01015625 0.0171875
1 0.71171875 0.55 0.0125 0.02265625
1 0.28046875 0.4875 0.0109375 0.01875
1 0.1234375 0.440625 0.01015625 0.01640625
1 0.70078125 0.4671875 0.0109375 0.01953125
1 0.19453125 0.36875 0.00859375 0.0140625
1 0.8765625 0.3703125 0.009375 0.01484375
1 0.3296875 0.459375 0.01015625 0.01875
0 0.75625 0.22109375 0.01015625 0.015625
1 0.478125 0.45546875 0.0109375 0.0171875
1 0.39609375 0.44375 0.01015625 0.01640625
1 0.7796875 0.58984375 0.01328125 0.0171875
1 0.290625 0.44921875 0.009375 0.01875
1 0.8171875 0.41015625 0.009375 0.01796875
1 0.6609375 0.596875 0.01171875 0.015625
1 0.39140625 0.41640625 0.009375 0.01640625
1 0.14140625 0.43515625 0.009375 0.015625
1 0.3859375 0.4328125 0.009375 0.01484375
1 0.65859375 0.38515625 0.01015625 0.01796875
1 0.11171875 0.36953125 0.009375 0.015625
1 0.46484375 0.64296875 0.01328125 0.01640625
2 0.77109375 0.2171875 0.090625 0.06640625
4 0.88515625 0.29453125 0.046875 0.0671875
1 0.52265625 0.43125 0.01015625 0.0171875
1 0.3234375 0.3234375 0.00859375 0.015625
0 0.80859375 0.1234375 0.01171875 0.0171875
1 0.4515625 0.51171875 0.01171875 0.02109375
0 0.809375 0.08046875 0.01171875 0.01875
1 0.09375 0.45078125 0.0109375 0.01796875
1 0.2453125 0.53984375 0.01015625 0.01875
0 0.79140625 0.125 0.0109375 0.0171875
1 0.6 0.3671875 0.01015625 0.01484375
1 0.453125 0.38359375 0.009375 0.015625
1 0.05 0.40703125 0.01015625 0.015625
1 0.65234375 0.88984375 0.0125 0.02265625
1 0.54140625 0.89296875 0.0125 0.021875
1 0.67578125 0.8671875 0.01015625 0.0171875
1 0.76328125 0.5296875 0.0125 0.01953125
1 0.18359375 0.32734375 0.0078125 0.0125
1 0.39375 0.3390625 0.00703125 0.01328125
1 0.609375 0.340625 0.009375 0.0140625
1 0.27890625 0.85234375 0.00703125 0.01328125
1 0.4484375 0.36640625 0.009375 0.01484375
1 0.57421875 0.39609375 0.01015625 0.0171875
1 0.40546875 0.40546875 0.00859375 0.01484375
1 0.7046875 0.428125 0.01015625 0.01640625
1 0.10625 0.4484375 0.01171875 0.0171875
1 0.52890625 0.36640625 0.00859375 0.01484375
1 0.76171875 0.621875 0.0125 0.02109375
1 0.51015625 0.39609375 0.009375 0.01484375
1 0.66171875 0.36796875 0.009375 0.0125
1 0.359375 0.3546875 0.009375 0.0140625
1 0.12265625 0.490625 0.0078125 0.01484375
1 0.74765625 0.5390625 0.0125 0.02109375
1 0.43359375 0.5078125 0.01171875 0.01953125
1 0.1296875 0.34140625 0.009375 0.0125
1 0.359375 0.37890625 0.009375 0.0140625
1 0.64609375 0.3875 0.01015625 0.015625
1 0.490625 0.3671875 0.00859375 0.01484375
1 0.47109375 0.40234375 0.00859375 0.0125
1 0.34375 0.3703125 0.0078125 0.0140625
1 0.53046875 0.3296875 0.00703125 0.01328125
1 0.50546875 0.3828125 0.0078125 0.0140625
1 0.55625 0.36640625 0.00859375 0.01484375
1 0.32578125 0.43203125 0.0109375 0.01640625
1 0.23515625 0.85390625 0.00859375 0.01328125
1 0.01640625 0.42890625 0.009375 0.01640625
1 0.42890625 0.46953125 0.01015625 0.0171875
1 0.41796875 0.43515625 0.00625 0.0109375
1 0.44375 0.45 0.01015625 0.01796875
0 0.85546875 0.06484375 0.01015625 0.01640625
1 0.40546875 0.36015625 0.00703125 0.0140625
1 0.3921875 0.39609375 0.0078125 0.0125
0 0.8140625 0.0328125 0.01015625 0.01875
1 0.328125 0.40859375 0.0078125 0.01484375
1 0.43671875 0.40703125 0.009375 0.015625
1 0.565625 0.365625 0.00859375 0.01484375
1 0.93125 0.33828125 0.00859375 0.0140625
1 0.46875 0.43046875 0.009375 0.0125
1 0.409375 0.48359375 0.01015625 0.015625
1 0.571875 0.3375 0.00859375 0.0140625
1 0.4484375 0.434375 0.0109375 0.01484375
0 0.83515625 0.0234375 0.01171875 0.01875
1 0.91171875 0.3375 0.009375 0.01484375
0 0.865625 0.134375 0.009375 0.01875
1 0.48203125 0.4984375 0.0109375 0.0203125
1 0.27890625 0.88125 0.01328125 0.0140625
1 0.31875 0.359375 0.00859375 0.01484375
0 0.8703125 0.21171875 0.009375 0.015625
1 0.48828125 0.3890625 0.01171875 0.0140625
1 0.578125 0.31953125 0.00703125 0.0125
1 0.69375 0.39921875 0.01015625 0.01640625
1 0.97265625 0.37109375 0.0109375 0.0140625
1 0.4609375 0.31875 0.00859375 0.01328125
1 0.5484375 0.31953125 0.00859375 0.01171875
1 0.7046875 0.40546875 0.009375 0.01328125
1 0.48203125 0.31953125 0.0078125 0.0125
1 0.0265625 0.4203125 0.009375 0.01484375
1 0.33671875 0.41171875 0.00859375 0.01328125
1 0.434375 0.334375 0.0078125 0.01328125
1 0.8390625 0.61640625 0.01328125 0.01953125
1 0.90703125 0.53125 0.0109375 0.0140625
1 0.1453125 0.3296875 0.0078125 0.01328125
1 0.09375 0.3765625 0.00859375 0.01484375
1 0.48203125 0.35625 0.00859375 0.0140625
1 0.50625 0.33515625 0.00859375 0.01328125
1 0.60390625 0.3265625 0.00625 0.0125
1 0.99609375 0.38671875 0.00703125 0.0140625
1 0.44375 0.33203125 0.00625 0.01328125
1 0.47890625 0.3890625 0.0078125 0.0140625
1 0.93046875 0.325 0.009375 0.0140625
1 0.41875 0.44921875 0.0078125 0.01328125
1 0.678125 0.3640625 0.0078125 0.01328125
1 0.49765625 0.32578125 0.0078125 0.0125
1 0.190625 0.30390625 0.0046875 0.01015625
1 0.78359375 0.61640625 0.0125 0.0171875
1 0.97578125 0.38828125 0.01171875 0.015625
1 0.46953125 0.4171875 0.009375 0.0109375
1 0.4609375 0.44375 0.01171875 0.01640625
1 0.73671875 0.63203125 0.01328125 0.02421875
1 0.30234375 0.8640625 0.00703125 0.01328125
1 0.07890625 0.384375 0.01015625 0.0140625
1 0.53046875 0.8484375 0.0078125 0.0125
1 0.06484375 0.3859375 0.009375 0.0140625
1 0.571875 0.30390625 0.00859375 0.01171875
1 0.77265625 0.84375 0.0078125 0.0125
1 0.66015625 0.32578125 0.00703125 0.01484375
1 0.8953125 0.56796875 0.00859375 0.0140625
0 0.28125 0.78203125 0.0109375 0.01796875
1 0.053125 0.38515625 0.00859375 0.01484375
1 0.93984375 0.33203125 0.00859375 0.0140625
1 0.51640625 0.33046875 0.0078125 0.0125
1 0.5546875 0.35078125 0.0078125 0.01015625
1 0.4171875 0.50390625 0.00703125 0.0140625
1 0.35546875 0.40078125 0.00546875 0.01171875
0 0.865625 0.0828125 0.009375 0.015625
1 0.15859375 0.86015625 0.00703125 0.01171875
1 0.44921875 0.61171875 0.01015625 0.0140625
1 0.3453125 0.29765625 0.00625 0.0109375
0 0.85234375 0.72421875 0.0078125 0.01484375
1 0.47734375 0.43984375 0.01015625 0.01015625
1 0.425 0.29609375 0.00859375 0.0125
1 0.5390625 0.84296875 0.00703125 0.0125
0 0.825 0.07109375 0.0140625 0.01796875
1 0.9953125 0.371875 0.00703125 0.01328125
1 0.2453125 0.51796875 0.00703125 0.01328125
1 0.14921875 0.309375 0.00703125 0.0109375
1 0.04453125 0.5375 0.00546875 0.0125
1 0.4046875 0.3 0.00703125 0.01328125
1 0.33515625 0.4265625 0.00859375 0.01171875
1 0.409375 0.4625 0.0109375 0.01484375
1 0.7625 0.64375 0.0109375 0.01015625
1 0.325 0.37734375 0.01015625 0.0140625
1 0.615625 0.28984375 0.00625 0.01015625
1 0.6671875 0.346875 0.00859375 0.0140625
0 0.7953125 0.18359375 0.009375 0.01640625
1 0.4390625 0.43515625 0.009375 0.01484375
1 0.29140625 0.3265625 0.00859375 0.015625
1 0.00859375 0.3921875 0.0078125 0.0140625
1 0.1546875 0.31484375 0.00546875 0.01171875
1 0.33984375 0.34375 0.00703125 0.01171875
1 0.42890625 0.453125 0.01015625 0.0140625
1 0.98515625 0.3734375 0.0125 0.01796875
1 0.040625 0.38046875 0.00859375 0.01171875
1 0.46328125 0.30078125 0.0078125 0.01171875
1 0.33046875 0.3703125 0.00859375 0.01328125
1 0.98828125 0.99453125 0.0125 0.01015625
1 0.228125 0.8375 0.00625 0.0109375
1 0.95078125 0.33203125 0.00859375 0.0125
1 0.62421875 0.32890625 0.0109375 0.01328125
1 0.5046875 0.30234375 0.00625 0.01171875
1 0.1015625 0.35390625 0.0109375 0.0140625
1 0.45078125 0.59765625 0.01015625 0.01015625
1 0.803125 0.596875 0.0109375 0.01171875
1 0.571875 0.8390625 0.00859375 0.0125
1 0.528125 0.3484375 0.009375 0.01171875
1 0.5453125 0.30546875 0.00859375 0.01171875
1 0.45625 0.30234375 0.00859375 0.0125
1 0.48359375 0.3046875 0.0078125 0.0109375
1 0.3328125 0.353125 0.0109375 0.01171875
1 0.55546875 0.834375 0.00625 0.01015625
0 0.83671875 0.0984375 0.01171875 0.01796875
1 0.1140625 0.3421875 0.01015625 0.0125
1 0.67578125 0.34296875 0.009375 0.0140625
1 0.915625 0.31875 0.009375 0.0171875
1 0.39453125 0.9078125 0.00703125 0.00859375
1 0.46328125 0.85390625 0.00703125 0.01015625
1 0.42890625 0.49140625 0.00703125 0.0109375
1 0.05078125 0.41953125 0.0109375 0.01171875
0 0.7796875 0.24296875 0.009375 0.01328125
1 0.83515625 0.6421875 0.01328125 0.0171875
1 0.453125 0.85078125 0.00625 0.01171875
1 0.21953125 0.83828125 0.00703125 0.0109375
1 0.33203125 0.29765625 0.00703125 0.01171875