4 0.54296875 0.33125 0.0765625 0.08828125
3 0.9140625 0.41875 0.09375 0.1015625
1 0.30625 0.4546875 0.0109375 0.01796875
1 0.19453125 0.56953125 0.0140625 0.0234375
1 0.68359375 0.48203125 0.0109375 0.01953125
1 0.371875 0.4296875 0.01015625 0.0171875
1 0.628125 0.4203125 0.00859375 0.015625
4 0.25 0.8328125 0.0453125 0.0421875
1 0.1421875 0.578125 0.01328125 0.02109375
1 0.42265625 0.58046875 0.01015625 0.0203125
1 0.40546875 0.44453125 0.01015625 0.01796875
1 0.69765625 0.40546875 0.009375 0.015625
1 0.58125 0.39296875 0.009375 0.01484375
1 0.73984375 0.53515625 0.0125 0.021875
2 0.24765625 0.22578125 0.09140625 0.04921875
1 0.67109375 0.43203125 0.009375 0.01640625
1 0.12890625 0.403125 0.00859375 0.01484375
1 0.70546875 0.3515625 0.00859375 0.015625
1 0.5796875 0.35859375 0.00859375 0.015625
1 0.2625 0.459375 0.01015625 0.0203125
1 0.15390625 0.465625 0.01015625 0.01796875
1 0.29140625 0.55703125 0.01328125 0.02265625
1 0.97265625 0.41796875 0.0109375 0.015625
1 0.2046875 0.42109375 0.00703125 0.01484375
1 0.33828125 0.4359375 0.01015625 0.01796875
1 0.37109375 0.90234375 0.0125 0.01328125
1 0.071875 0.4203125 0.01015625 0.01640625
1 0.46015625 0.41953125 0.01015625 0.015625
1 0.64375 0.37109375 0.00859375 0.0140625
1 0.81875 0.40859375 0.01015625 0.0171875
1 0.66484375 0.38671875 0.009375 0.01640625
1 0.353125 0.3796875 0.00859375 0.01484375
1 0.6953125 0.38046875 0.00859375 0.01484375
1 0.69765625 0.32109375 0.009375 0.0140625
1 0.09296875 0.39375 0.0078125 0.01328125
1 0.18515625 0.42578125 0.009375 0.0171875
1 0.53515625 0.39609375 0.009375 0.01640625
1 0.8578125 0.89453125 0.0125 0.01875
1 0.309375 0.53828125 0.0125 0.021875
1 0.17890625 0.384375 0.00859375 0.015625
0 0.9859375 0.03828125 0.01875 0.025
0 0.7546875 0.225 0.0109375 0.01484375
2 0.77109375 0.2203125 0.0875 0.0609375
1 0.98203125 0.378125 0.009375 0.0140625
1 0.46875 0.64375 0.01328125 0.01640625
0 0.74140625 0.2265625 0.009375 0.015625
1 0.08359375 0.41953125 0.01171875 0.0171875
1 0.1 0.54453125 0.0125 0.0203125
1 0.465625 0.89453125 0.0125 0.02109375
0 0.78125 0.16171875 0.0109375 0.0203125
1 0.5125 0.37890625 0.0109375 0.01484375
1 0.0046875 0.48203125 0.00859375 0.01640625
1 0.70390625 0.4390625 0.01015625 0.0171875
1 0.83671875 0.8890625 0.0109375 0.01953125
1 0.165625 0.9390625 0.0171875 0.028125
1 0.02421875 0.4671875 0.01171875 0.01796875
0 0.93984375 0.015625 0.01640625 0.02421875
1 0.86640625 0.340625 0.0078125 0.01484375
1 0.66328125 0.4578125 0.01015625 0.01875
1 0.46015625 0.40078125 0.009375 0.01328125
1 0.90078125 0.32734375 0.0078125 0.0140625
1 0.8796875 0.328125 0.00859375 0.0125
1 0.02421875 0.5828125 0.0109375 0.0171875
1 0.14140625 0.35703125 0.009375 0.01484375
1 0.23359375 0.915625 0.0140625 0.02265625
1 0.54375 0.4 0.00859375 0.0140625
1 0.8703125 0.3234375 0.00859375 0.01328125
1 0.1109375 0.525 0.0125 0.02109375
1 0.840625 0.45 0.009375 0.01171875
1 0.94609375 0.36875 0.009375 0.01328125
1 0.246875 0.940625 0.01796875 0.03046875
1 0.65546875 0.3296875 0.0078125 0.0125
1 0.0734375 0.58359375 0.0109375 0.015625
1 0.309375 0.40625 0.01015625 0.01640625
1 0.87265625 0.965625 0.01328125 0.02734375
1 0.67109375 0.3375 0.0078125 0.01328125
1 0.996875 0.4234375 0.00625 0.0140625
1 0.2890625 0.865625 0.00859375 0.0140625
1 0.32578125 0.52109375 0.01171875 0.0203125
1 0.0625 0.49765625 0.01171875 0.01953125
1 0.64375 0.35390625 0.00859375 0.0125
1 0.625 0.375 0.01015625 0.015625
1 0.98125 0.62578125 0.015625 0.02421875
1 0.26953125 0.875 0.009375 0.01640625
1 0.56484375 0.38984375 0.009375 0.01484375
1 0.69140625 0.64140625 0.01328125 0.01796875
1 0.75234375 0.63984375 0.0125 0.015625
1 0.028125 0.4015625 0.00859375 0.015625
1 0.3953125 0.88203125 0.0125 0.021875
1 0.15703125 0.328125 0.00703125 0.0125
1 0.9796875 0.359375 0.01015625 0.0140625
1 0.83515625 0.30625 0.00859375 0.0125
0 0.7375 0.765625 0.00859375 0.015625
1 0.84140625 0.85390625 0.00703125 0.0125
1 0.165625 0.32265625 0.00625 0.01171875
1 0.034375 0.44140625 0.0109375 0.01796875
1 0.05078125 0.44296875 0.0125 0.01796875
1 0.03984375 0.4234375 0.0109375 0.01640625
1 0.40546875 0.87734375 0.009375 0.01796875
1 0.95546875 0.390625 0.0109375 0.0171875
1 0.02265625 0.4453125 0.0109375 0.0171875
1 0.1734375 0.4484375 0.009375 0.0140625
1 0.690625 0.3421875 0.01015625 0.01328125
1 0.84609375 0.30859375 0.00859375 0.01328125
0 0.8265625 0.19765625 0.01171875 0.0203125
1 0.2109375 0.903125 0.01328125 0.02109375
1 0.55234375 0.37421875 0.0078125 0.0125
1 0.3171875 0.859375 0.00703125 0.01328125
1 0.44609375 0.6453125 0.01328125 0.0140625
1 0.35859375 0.8734375 0.009375 0.01640625
1 0.37734375 0.38828125 0.009375 0.01484375
1 0.571875 0.79296875 0.00859375 0.0140625
1 0.00703125 0.465625 0.01171875 0.0140625
1 0.14453125 0.92109375 0.01484375 0.021875
1 0.0828125 0.9640625 0.01796875 0.0359375
1 0.003125 0.43984375 0.00625 0.0140625
1 0.4453125 0.296875 0.00859375 0.0125
1 0.17890625 0.309375 0.00703125 0.01171875
1 0.11171875 0.3390625 0.009375 0.01328125
1 0.4859375 0.29609375 0.00703125 0.01171875
1 0.9921875 0.3703125 0.01015625 0.01484375
4 0.4625 0.81953125 0.0375 0.03515625
1 0.09765625 0.34609375 0.00859375 0.01171875
1 0.9515625 0.3453125 0.009375 0.01328125
1 0.50078125 0.375 0.009375 0.01484375
1 0.40546875 0.3171875 0.0078125 0.0125
1 0.1078125 0.990625 0.01953125 0.0171875
1 0.440625 0.38984375 0.00859375 0.01328125
1 0.1953125 0.9078125 0.0125 0.0234375
0 0.734375 0.79765625 0.00859375 0.0140625
1 0.821875 0.97890625 0.02265625 0.0375
0 0.80859375 0.109375 0.0109375 0.01796875
1 0.88046875 0.9109375 0.01328125 0.01875
1 0.85546875 0.8453125 0.00703125 0.01171875
0 0.753125 0.1796875 0.0125 0.01640625
1 0.93984375 0.3421875 0.009375 0.01484375
1 0.371875 0.86796875 0.00859375 0.015625
1 0.18203125 0.884375 0.00859375 0.01796875
1 0.10703125 0.9640625 0.01953125 0.03203125
1 0.97265625 0.39921875 0.01015625 0.0125
1 0.95703125 0.93046875 0.015625 0.02421875
1 0.57265625 0.378125 0.01015625 0.01484375
1 0.85390625 0.87734375 0.0078125 0.0125
1 0.24375 0.99375 0.0171875 0.01171875
1 0.084375 0.99609375 0.01015625 0.00703125
1 0.121875 0.3375 0.00859375 0.0140625
1 0.14453125 0.88984375 0.0109375 0.01640625
1 0.665625 0.31953125 0.00625 0.01171875
1 0.58359375 0.30390625 0.0078125 0.0125
1 0.0109375 0.453125 0.01171875 0.0140625
1 0.2421875 0.89375 0.01015625 0.015625
1 0.8484375 0.965625 0.01875 0.03046875
1 0.12265625 0.51640625 0.0078125 0.01328125
1 0.2890625 0.40546875 0.0078125 0.0140625
1 0.8890625 0.87109375 0.00859375 0.0140625
1 0.4171875 0.6453125 0.01328125 0.01640625
1 0.5421875 0.81875 0.00625 0.01015625
1 0.54453125 0.8328125 0.0078125 0.01328125
1 0.0796875 0.40078125 0.0078125 0.01015625
1 0.66328125 0.64296875 0.0078125 0.0125
1 0.20703125 0.85625 0.00703125 0.01171875
1 0.596875 0.3078125 0.009375 0.01640625
1 0.61875 0.30625 0.00859375 0.01328125
1 0.140625 0.32578125 0.009375 0.0125
1 0.20703125 0.8765625 0.01015625 0.01640625
1 0.0796875 0.34765625 0.0078125 0.01328125
1 0.63125 0.3171875 0.00859375 0.0109375
1 0.6046875 0.3109375 0.009375 0.01484375
1 0.88359375 0.3140625 0.009375 0.0125
1 0.921875 0.32421875 0.01015625 0.015625
1 0.90390625 0.884375 0.01015625 0.0171875
1 0.409375 0.2984375 0.00859375 0.0125
1 0.0625 0.4359375 0.01171875 0.01640625
1 0.878125 0.853125 0.00703125 0.01171875
0 0.73984375 0.1796875 0.009375 0.015625
1 0.90703125 0.990625 0.02265625 0.01875
1 0.634375 0.328125 0.01015625 0.01171875
1 0.3359375 0.86640625 0.009375 0.01171875
1 0.8953125 0.93125 0.0125 0.025
1 0.94140625 0.93125 0.01484375 0.0234375
1 0.14296875 0.30625 0.0078125 0.0125
1 0.909375 0.871875 0.009375 0.01328125
1 0.5296875 0.84375 0.00703125 0.01328125
1 0.11796875 0.91875 0.01484375 0.02109375
1 0.93046875 0.871875 0.009375 0.0171875
1 0.67265625 0.64453125 0.009375 0.01171875
1 0.84765625 0.93203125 0.01484375 0.0171875
1 0.8390625 0.2984375 0.00703125 0.0109375
1 0.29609375 0.8390625 0.00625 0.01015625
1 0.103125 0.925 0.01484375 0.025
1 0.46953125 0.85 0.009375 0.01171875
1 0.165625 0.9140625 0.01171875 0.0171875
1 0.82421875 0.94140625 0.01484375 0.02109375
1 0.178125 0.9140625 0.01171875 0.02109375
3 0.99296875 0.42890625 0.0125 0.075
1 0.0671875 0.3890625 0.0109375 0.015625
1 0.93203125 0.3265625 0.00859375 0.01328125
1 0.9265625 0.64609375 0.01015625 0.0140625
1 0.55390625 0.81171875 0.0078125 0.01015625
1 0.86953125 0.29921875 0.00859375 0.0125
1 0.82734375 0.2984375 0.0078125 0.01171875