2 0.20625 0.24453125 0.11875 0.0609375
3 0.5765625 0.33984375 0.103125 0.0890625
4 0.79609375 0.825 0.096875 0.0859375
4 0.8984375 0.45 0.0984375 0.1140625
4 0.48828125 0.30625 0.084375 0.075
3 0.628125 0.46015625 0.128125 0.1046875
1 0.1796875 0.6015625 0.040625 0.0171875
2 0.72734375 0.20546875 0.121875 0.0515625
1 0.609375 0.5140625 0.0390625 0.015625
1 0.4 0.54140625 0.0390625 0.0171875
1 0.03359375 0.55078125 0.040625 0.015625
1 0.48359375 0.440625 0.0359375 0.0125
1 0.2609375 0.565625 0.0390625 0.0125
1 0.1640625 0.4765625 0.0375 0.0125
4 0.6359375 0.8515625 0.140625 0.1046875
1 0.7 0.88203125 0.040625 0.015625
1 0.48515625 0.41953125 0.0359375 0.009375
1 0.68671875 0.4375 0.0359375 0.0125
1 0.45859375 0.9015625 0.040625 0.0171875
1 0.20078125 0.92109375 0.0390625 0.015625
1 0.2328125 0.58125 0.040625 0.0171875
1 0.315625 0.5859375 0.040625 0.01875
1 0.3328125 0.44765625 0.0375 0.0140625
1 0.90703125 0.34921875 0.0359375 0.009375
1 0.35234375 0.565625 0.0390625 0.015625
1 0.7078125 0.48125 0.0375 0.0140625
1 0.94140625 0.509375 0.0390625 0.0171875
1 0.94765625 0.36953125 0.034375 0.0109375
1 0.33359375 0.58125 0.040625 0.0171875
1 0.29140625 0.4125 0.034375 0.0109375
1 0.40703125 0.884375 0.0375 0.0140625
1 0.5203125 0.35078125 0.034375 0.0078125
1 0.53125 0.37265625 0.034375 0.009375
1 0.42421875 0.3734375 0.034375 0.009375
1 0.26875 0.5859375 0.0390625 0.0171875
1 0.34375 0.42890625 0.0359375 0.009375
1 0.66328125 0.3921875 0.034375 0.0078125
1 0.9015625 0.84296875 0.0375 0.0125
1 0.01328125 0.4703125 0.0265625 0.0125
1 0.6921875 0.47578125 0.0359375 0.0109375
1 0.6359375 0.29609375 0.034375 0.0078125
1 0.65859375 0.56640625 0.0359375 0.009375
1 0.134375 0.5984375 0.0375 0.0140625
1 0.39375 0.39453125 0.0359375 0.009375
1 0.7453125 0.83515625 0.034375 0.0078125
1 0.6328125 0.509375 0.034375 0.0078125
1 0.28046875 0.44609375 0.0359375 0.0125
1 0.6203125 0.3453125 0.034375 0.009375
1 0.115625 0.35703125 0.034375 0.0078125
1 0.30078125 0.8703125 0.0328125 0.00625
1 0.8453125 0.82265625 0.034375 0.0078125
1 0.2765625 0.51328125 0.0375 0.0125
1 0.70546875 0.459375 0.0375 0.0140625
1 0.3859375 0.403125 0.0359375 0.009375
1 0.359375 0.3390625 0.034375 0.0078125
1 0.67578125 0.39140625 0.0359375 0.009375
1 0.65 0.32265625 0.034375 0.009375
1 0.82109375 0.27734375 0.034375 0.00625
1 0.3375 0.34375 0.034375 0.0078125
1 0.715625 0.453125 0.0375 0.0140625
1 0.365625 0.39921875 0.0359375 0.0109375
1 0.3078125 0.55625 0.040625 0.015625
1 0.275 0.49609375 0.0375 0.0078125
1 0.61015625 0.31328125 0.034375 0.0078125
1 0.0515625 0.36484375 0.0359375 0.009375
1 0.43984375 0.40234375 0.0359375 0.0125
1 0.2953125 0.5 0.0390625 0.015625
1 0.41640625 0.315625 0.0328125 0.0078125
1 0.13984375 0.61484375 0.0375 0.009375
0 0.45859375 0.2140625 0.0359375 0.0109375
1 0.3140625 0.4140625 0.0359375 0.0109375
1 0.69921875 0.41796875 0.034375 0.00625
1 0.2921875 0.56640625 0.040625 0.015625
1 0.1578125 0.91171875 0.0375 0.0125
1 0.83359375 0.27890625 0.0359375 0.009375
1 0.0375 0.39609375 0.0359375 0.009375
1 0.0171875 0.43515625 0.034375 0.0109375
1 0.3234375 0.56640625 0.0375 0.009375
1 0.29765625 0.53125 0.0375 0.0125
1 0.325 0.921875 0.0375 0.00625
1 0.8140625 0.92734375 0.046875 0.0203125
1 0.0859375 0.38515625 0.034375 0.009375
1 0.50234375 0.38046875 0.0359375 0.0078125
1 0.91796875 0.3171875 0.0328125 0.00625
1 0.6875 0.41953125 0.034375 0.009375
1 0.86328125 0.9453125 0.05 0.0359375
1 0.1828125 0.95234375 0.0421875 0.021875
1 0.08359375 0.971875 0.0421875 0.0234375
1 0.55859375 0.63046875 0.0421875 0.015625
1 0.00859375 0.4078125 0.0171875 0.009375
1 0.2625 0.54921875 0.0375 0.0109375
1 0.409375 0.91328125 0.0390625 0.00625
1 0.66015625 0.4125 0.034375 0.0109375
1 0.10625 0.33828125 0.0328125 0.0078125
1 0.33671875 0.365625 0.0359375 0.009375
1 0.34921875 0.41328125 0.034375 0.0078125
1 0.32265625 0.36796875 0.034375 0.009375
1 0.8546875 0.290625 0.0359375 0.009375
1 0.84375 0.84609375 0.0359375 0.0109375
1 0.0609375 0.36171875 0.0359375 0.009375
1 0.821875 0.3234375 0.0359375 0.0078125
1 0.5140625 0.89453125 0.0421875 0.01875
1 0.8609375 0.5953125 0.040625 0.0140625
1 0.46171875 0.84765625 0.0359375 0.0078125
1 0.84609375 0.61484375 0.0390625 0.0109375
1 0.47890625 0.84765625 0.034375 0.0078125
1 0.09375 0.33671875 0.0328125 0.00625
1 0.82890625 0.61171875 0.040625 0.0140625
1 0.015625 0.4125 0.03125 0.009375
1 0.3578125 0.315625 0.034375 0.00625
1 0.43984375 0.30625 0.034375 0.00625
1 0.6546875 0.35 0.0359375 0.0109375
1 0.5421875 0.37109375 0.0359375 0.0125
1 0.0984375 0.9078125 0.0359375 0.0109375
1 0.36875 0.30703125 0.034375 0.00625
1 0.5328125 0.35 0.034375 0.009375
1 0.803125 0.5625 0.0359375 0.0078125
1 0.70390625 0.43046875 0.0328125 0.009375
1 0.68203125 0.315625 0.034375 0.009375
1 0.2765625 0.8703125 0.0328125 0.00625
1 0.3125 0.3671875 0.0375 0.0109375
1 0.3015625 0.4171875 0.0359375 0.009375
1 0.7921875 0.60703125 0.0421875 0.01875
1 0.125 0.9046875 0.0375 0.0109375
1 0.896875 0.83046875 0.0328125 0.0046875
1 0.146875 0.96328125 0.0390625 0.0203125
1 0.08515625 0.33671875 0.0359375 0.0078125
1 0.86953125 0.81484375 0.034375 0.00625
1 0.28671875 0.5328125 0.0390625 0.0125
1 0.8453125 0.590625 0.0390625 0.0140625
1 0.46171875 0.30625 0.034375 0.0078125
1 0.29296875 0.86484375 0.034375 0.0046875
1 0.41484375 0.303125 0.034375 0.00625
1 0.6984375 0.44921875 0.0390625 0.0078125
1 0.27890625 0.5515625 0.0390625 0.0140625
1 0.94765625 0.8140625 0.0328125 0.0046875
1 0.31484375 0.32109375 0.0328125 0.00625
1 0.90625 0.80546875 0.0328125 0.0046875
1 0.9265625 0.8140625 0.0359375 0.0046875
1 0.271875 0.5296875 0.040625 0.0109375
1 0.27265625 0.86015625 0.0328125 0.003125
1 0.3328125 0.3140625 0.0359375 0.00625
1 0.3234375 0.32421875 0.0359375 0.00625
1 0.07890625 0.58671875 0.034375 0.0078125
1 0.64140625 0.6140625 0.0359375 0.0125
1 0.50234375 0.85 0.0359375 0.00625
1 0.1203125 0.9640625 0.040625 0.0203125
1 0.2625 0.53359375 0.0375 0.0125
1 0.134375 0.971875 0.04375 0.01875
1 0.1953125 0.87265625 0.0359375 0.00625
1 0.15390625 0.9421875 0.0359375 0.0125
1 0.9234375 0.5390625 0.0328125 0.0078125
1 0.32890625 0.33984375 0.034375 0.00625
1 0.2921875 0.5171875 0.0375 0.0078125
1 0.13515625 0.94453125 0.0375 0.0109375
1 0.48359375 0.8328125 0.0328125 0.0046875