4 0.56171875 0.29140625 0.06328125 0.08359375
2 0.24609375 0.209375 0.090625 0.0546875
3 0.44296875 0.2890625 0.06015625 0.08046875
3 0.62109375 0.2921875 0.05703125 0.08671875
4 0.87421875 0.4078125 0.0921875 0.1
1 0.30859375 0.50546875 0.0109375 0.01953125
1 0.33515625 0.45390625 0.0109375 0.01875
1 0.61953125 0.5953125 0.0140625 0.02421875
0 0.84375 0.146875 0.0125 0.01953125
4 0.73359375 0.871875 0.09453125 0.09609375
1 0.3296875 0.590625 0.0140625 0.0234375
0 0.90390625 0.2203125 0.01328125 0.0203125
1 0.871875 0.46953125 0.0109375 0.0171875
0 0.81328125 0.165625 0.01171875 0.0171875
1 0.81015625 0.575 0.01328125 0.0234375
0 0.9578125 0.4515625 0.0109375 0.01796875
3 0.69453125 0.43046875 0.078125 0.125
1 0.04765625 0.409375 0.0109375 0.01796875
1 0.93203125 0.41953125 0.01015625 0.015625
1 0.434375 0.38984375 0.009375 0.01640625
1 0.5578125 0.425 0.01015625 0.01875
1 0.11171875 0.39765625 0.01015625 0.01796875
0 0.79765625 0.14453125 0.01015625 0.01953125
1 0.26328125 0.903125 0.01171875 0.01953125
1 0.946875 0.4234375 0.01015625 0.0171875
1 0.28125 0.53515625 0.0125 0.0203125
1 0.99609375 0.46484375 0.00625 0.01640625
1 0.4640625 0.390625 0.01015625 0.01640625
1 0.7515625 0.55234375 0.0125 0.01875
1 0.56875 0.35078125 0.00859375 0.01484375
1 0.515625 0.4890625 0.0109375 0.01953125
1 0.29140625 0.48515625 0.01015625 0.01875
1 0.1421875 0.58515625 0.01171875 0.02265625
1 0.83046875 0.9359375 0.01484375 0.02421875
1 0.39453125 0.37109375 0.009375 0.015625
1 0.3796875 0.39140625 0.009375 0.01484375
4 0.93359375 0.53828125 0.09453125 0.13828125
1 0.64921875 0.4359375 0.009375 0.01796875
1 0.740625 0.43984375 0.01015625 0.0171875
1 0.2875 0.43984375 0.0109375 0.0171875
1 0.76015625 0.5953125 0.01484375 0.02109375
1 0.7359375 0.55546875 0.0125 0.021875
0 0.61796875 0.78984375 0.01328125 0.02578125
1 0.896875 0.9421875 0.01328125 0.01953125
1 0.53515625 0.5421875 0.0125 0.021875
0 0.8703125 0.17578125 0.01328125 0.0234375
1 0.74609375 0.5359375 0.01171875 0.01640625
1 0.19609375 0.915625 0.0125 0.02109375
1 0.409375 0.38203125 0.00859375 0.01484375
1 0.2609375 0.54453125 0.0125 0.0203125
1 0.42890625 0.64375 0.01328125 0.0171875
1 0.49296875 0.440625 0.009375 0.0171875
1 0.8703125 0.971875 0.015625 0.02421875
1 0.14453125 0.3390625 0.00859375 0.01484375
1 0.6578125 0.34375 0.00859375 0.01484375
1 0.746875 0.4234375 0.0109375 0.0171875
1 0.665625 0.90234375 0.01015625 0.0140625
1 0.89453125 0.9171875 0.01328125 0.02109375
1 0.4390625 0.3734375 0.009375 0.01640625
0 0.81171875 0.2375 0.0109375 0.0171875
1 0.315625 0.4453125 0.0109375 0.01796875
0 0.79765625 0.18671875 0.0109375 0.01875
1 0.5125 0.42734375 0.01015625 0.01796875
1 0.81015625 0.375 0.01015625 0.0171875
0 0.628125 0.71015625 0.01484375 0.02578125
1 0.37578125 0.40703125 0.01015625 0.01640625
1 0.8046875 0.92578125 0.0125 0.02265625
1 0.40546875 0.34140625 0.00859375 0.0140625
1 0.7390625 0.46015625 0.0109375 0.01953125
1 0.50703125 0.44765625 0.01015625 0.01953125
1 0.42578125 0.41484375 0.0109375 0.0171875
0 0.8890625 0.221875 0.0125 0.021875
0 0.828125 0.16015625 0.01171875 0.01953125
1 0.48046875 0.61953125 0.0109375 0.0140625
1 0.8328125 0.9078125 0.01171875 0.01953125
0 0.85078125 0.1140625 0.01328125 0.02109375
1 0.60078125 0.5546875 0.01171875 0.021875
1 0.484375 0.40546875 0.009375 0.01484375
1 0.36796875 0.340625 0.009375 0.01484375
0 0.59609375 0.7546875 0.0140625 0.0265625
1 0.7359375 0.50625 0.0109375 0.01953125
2 0.76171875 0.21875 0.0796875 0.05859375
1 0.2734375 0.4875 0.01015625 0.01484375
1 0.31796875 0.421875 0.009375 0.015625
0 0.81171875 0.10859375 0.0125 0.01953125
1 0.0046875 0.3671875 0.009375 0.01640625
1 0.66171875 0.40546875 0.01015625 0.01640625
1 0.85625 0.27109375 0.00859375 0.01328125
1 0.2734375 0.51015625 0.01171875 0.0171875
0 0.78125 0.21171875 0.0109375 0.01953125
1 0.09375 0.34765625 0.00859375 0.01484375
1 0.30078125 0.4609375 0.0109375 0.01796875
1 0.10859375 0.3390625 0.00859375 0.01328125
0 0.81015625 0.14765625 0.01171875 0.01953125
0 0.93515625 0.453125 0.01015625 0.01953125
1 0.82109375 0.90625 0.0109375 0.01953125
1 0.21484375 0.8859375 0.009375 0.015625
1 0.39453125 0.346875 0.009375 0.0140625
1 0.9953125 0.425 0.0078125 0.0171875
1 0.225 0.95 0.01640625 0.0296875
1 0.92890625 0.3828125 0.009375 0.01484375
0 0.76171875 0.1828125 0.00859375 0.0171875
0 0.66015625 0.70703125 0.01015625 0.01796875
1 0.14453125 0.8796875 0.0078125 0.0125
0 0.8984375 0.25703125 0.0140625 0.02109375
0 0.92578125 0.45546875 0.01171875 0.0203125
1 0.87421875 0.99140625 0.01953125 0.015625
1 0.865625 0.89453125 0.009375 0.01640625
1 0.14609375 0.2859375 0.0078125 0.01328125
1 0.83515625 0.27421875 0.00859375 0.01328125
1 0.321875 0.40625 0.01015625 0.01328125
0 0.75625 0.22578125 0.01015625 0.01875
1 0.38046875 0.34453125 0.0078125 0.01171875
1 0.2984375 0.403125 0.0109375 0.0140625
1 0.29921875 0.43125 0.01171875 0.015625
1 0.3984375 0.290625 0.009375 0.0125
1 0.32734375 0.3703125 0.00859375 0.0140625
1 0.31953125 0.36875 0.009375 0.01484375
1 0.13671875 0.26484375 0.0078125 0.0125
1 0.18046875 0.8671875 0.00703125 0.0109375
1 0.4921875 0.42265625 0.01015625 0.01484375
0 0.6984375 0.7125 0.009375 0.0171875
1 0.84765625 0.3203125 0.01015625 0.01328125
0 0.93671875 0.39921875 0.01171875 0.01953125
0 0.60859375 0.75078125 0.01171875 0.0265625
1 0.39453125 0.2578125 0.00703125 0.01171875
1 0.48828125 0.646875 0.01328125 0.01328125
1 0.1734375 0.88671875 0.009375 0.015625
0 0.75390625 0.7984375 0.01171875 0.01953125
1 0.221875 0.86796875 0.00625 0.01015625
1 0.40703125 0.6421875 0.0140625 0.0171875
1 0.34765625 0.32890625 0.009375 0.01640625
1 0.659375 0.2671875 0.0078125 0.01171875
1 0.40078125 0.3265625 0.00859375 0.01328125
1 0.42265625 0.3609375 0.009375 0.0125
1 0.27421875 0.459375 0.01015625 0.01328125
1 0.1890625 0.26796875 0.00625 0.0109375
1 0.72421875 0.50078125 0.0109375 0.01953125
1 0.35625 0.6484375 0.00859375 0.0109375
0 0.725 0.7875 0.01171875 0.01875
1 0.6578125 0.32578125 0.00859375 0.01484375
1 0.65703125 0.30390625 0.00859375 0.01640625
1 0.12109375 0.8921875 0.00859375 0.015625
1 0.87734375 0.3171875 0.0078125 0.0140625
1 0.390625 0.334375 0.0078125 0.0125
1 0.05 0.98515625 0.01875 0.0296875
1 0.503125 0.275 0.00625 0.0125
1 0.271875 0.46953125 0.0109375 0.0125
1 0.2640625 0.521875 0.0125 0.015625
0 0.89765625 0.37109375 0.01171875 0.01796875
0 0.74140625 0.7703125 0.01171875 0.0203125
1 0.3984375 0.98984375 0.01796875 0.01953125
1 0.76328125 0.5796875 0.0125 0.0171875
1 0.32109375 0.38515625 0.009375 0.01328125
1 0.87421875 0.30703125 0.00859375 0.01171875
1 0.7296875 0.48828125 0.009375 0.01484375
1 0.4953125 0.40546875 0.0109375 0.01640625
0 0.82578125 0.22265625 0.0109375 0.01796875
0 0.74765625 0.73125 0.0109375 0.0203125
1 0.3796875 0.37109375 0.01015625 0.015625
0 0.740625 0.7921875 0.01328125 0.02109375
0 0.90234375 0.3015625 0.01015625 0.0171875
1 0.97421875 0.6484375 0.009375 0.0125
1 0.11875 0.2640625 0.0078125 0.0125
1 0.89453125 0.33671875 0.01015625 0.01640625
1 0.990625 0.39375 0.0140625 0.01875
1 0.4203125 0.37734375 0.009375 0.0140625
1 0.934375 0.88203125 0.01015625 0.0140625
0 0.8953125 0.28515625 0.00859375 0.0109375
1 0.4984375 0.61875 0.009375 0.0125
1 0.0453125 0.34140625 0.00859375 0.01484375
1 0.30703125 0.378125 0.009375 0.01328125
1 0.95078125 0.34140625 0.009375 0.0171875
1 0.88828125 0.884375 0.009375 0.01640625
1 0.8296875 0.85703125 0.00625 0.0109375
1 0.19453125 0.2640625 0.0078125 0.01015625
1 0.85 0.87578125 0.00859375 0.01328125
0 0.91796875 0.36875 0.0125 0.0171875
4 0.46328125 0.8484375 0.0390625 0.04140625
1 0.65078125 0.33203125 0.0109375 0.01484375
1 0.1265625 0.86640625 0.00703125 0.01015625
1 0.7875 0.859375 0.00703125 0.0109375
1 0.93125 0.9296875 0.01171875 0.01875
0 0.928125 0.33515625 0.0109375 0.01796875
1 0.07265625 0.9875 0.0203125 0.025
1 0.02421875 0.3484375 0.01015625 0.01484375
1 0.41640625 0.265625 0.0078125 0.0125
1 0.32265625 0.35078125 0.01015625 0.0125
1 0.10234375 0.31875 0.00859375 0.01171875
1 0.9359375 0.62578125 0.0109375 0.01015625
1 0.38984375 0.64609375 0.0078125 0.0125
1 0.9046875 0.86484375 0.00625 0.0109375
1 0.78984375 0.32109375 0.01171875 0.01796875
1 0.92265625 0.87578125 0.00859375 0.0125
1 0.89921875 0.8796875 0.0109375 0.0125
1 0.89140625 0.35390625 0.00703125 0.0125
1 0.6703125 0.26015625 0.00703125 0.01171875
1 0.40078125 0.2296875 0.00859375 0.0125
1 0.40546875 0.25859375 0.0078125 0.01171875
1 0.38046875 0.3546875 0.009375 0.01015625
1 0.015625 0.3515625 0.0109375 0.01484375
1 0.09140625 0.3015625 0.00859375 0.01171875
1 0.90625 0.33125 0.00859375 0.0125
1 0.9421875 0.9046875 0.01171875 0.01875
1 0.5078125 0.61875 0.00546875 0.0125
1 0.84609375 0.865625 0.00703125 0.0109375
1 0.9203125 0.89609375 0.01015625 0.0125
1 0.88515625 0.87265625 0.0078125 0.009375