2 0.74921875 0.2015625 0.10625 0.0625
4 0.58984375 0.3046875 0.0875 0.078125
3 0.78671875 0.80859375 0.0671875 0.05
3 0.30625 0.846875 0.0640625 0.059375
1 0.6484375 0.8625 0.0265625 0.015625
1 0.290625 0.4484375 0.0265625 0.0140625
1 0.70859375 0.478125 0.0265625 0.01875
3 0.03671875 0.47578125 0.0734375 0.0984375
1 0.75546875 0.515625 0.028125 0.0203125
1 0.7828125 0.540625 0.028125 0.0203125
1 0.62265625 0.41171875 0.025 0.0140625
3 0.2421875 0.8921875 0.14375 0.1296875
0 0.2109375 0.24921875 0.0234375 0.0125
1 0.096875 0.56015625 0.028125 0.0203125
1 0.3359375 0.42890625 0.0234375 0.0140625
1 0.81875 0.42421875 0.0265625 0.015625
1 0.3984375 0.4484375 0.025 0.0140625
0 0.2140625 0.22734375 0.025 0.0140625
1 0.74375 0.5359375 0.0296875 0.0203125
1 0.6046875 0.446875 0.025 0.009375
1 0.87265625 0.3078125 0.0234375 0.0109375
1 0.325 0.9140625 0.028125 0.0140625
1 0.9453125 0.45 0.028125 0.0171875
1 0.98671875 0.42578125 0.0265625 0.0171875
1 0.45234375 0.903125 0.028125 0.0203125
1 0.8203125 0.83671875 0.0234375 0.0125
1 0.05625 0.51875 0.0265625 0.0171875
0 0.00625 0.2875 0.0125 0.01875
1 0.51015625 0.8921875 0.0265625 0.0203125
1 0.48125 0.43984375 0.025 0.015625
1 0.35234375 0.40390625 0.025 0.0109375
1 0.60078125 0.425 0.0234375 0.0140625
1 0.69140625 0.8578125 0.025 0.0140625
1 0.16015625 0.4046875 0.0234375 0.0125
1 0.315625 0.4109375 0.0234375 0.0125
1 0.07109375 0.49140625 0.025 0.0171875
1 0.71953125 0.884375 0.0296875 0.0171875
1 0.8484375 0.8671875 0.028125 0.01875
0 0.146875 0.13828125 0.0265625 0.0140625
1 0.31171875 0.46484375 0.025 0.0140625
1 0.7953125 0.88828125 0.03125 0.0234375
1 0.88671875 0.32421875 0.025 0.0140625
1 0.70859375 0.85625 0.025 0.0140625
1 0.36640625 0.40859375 0.025 0.0125
1 0.8328125 0.3078125 0.0234375 0.0109375
0 0.17109375 0.1703125 0.0265625 0.015625
1 0.54609375 0.31875 0.0234375 0.0109375
1 0.68984375 0.3921875 0.025 0.0125
1 0.84765625 0.84765625 0.0265625 0.0125
1 0.04921875 0.5515625 0.0234375 0.0140625
4 0.4515625 0.8203125 0.0484375 0.03125
1 0.3703125 0.3953125 0.025 0.0140625
3 0.33125 0.30234375 0.0734375 0.0609375
1 0.58359375 0.38203125 0.025 0.0140625
1 0.54453125 0.4015625 0.025 0.0140625
1 0.89765625 0.90390625 0.034375 0.0265625
1 0.10859375 0.46484375 0.025 0.0140625
1 0.47109375 0.39921875 0.025 0.0140625
1 0.6734375 0.409375 0.025 0.0125
1 0.665625 0.396875 0.0234375 0.0125
1 0.86171875 0.8640625 0.0265625 0.015625
1 0.9640625 0.38984375 0.028125 0.0171875
1 0.8578125 0.82734375 0.0234375 0.009375
1 0.8421875 0.3359375 0.0234375 0.0125
1 0.62109375 0.340625 0.0234375 0.0125
1 0.56640625 0.88125 0.0265625 0.01875
1 0.90703125 0.35703125 0.025 0.0140625
1 0.2953125 0.32265625 0.0234375 0.0125
1 0.9265625 0.3453125 0.0265625 0.0125
1 0.9890625 0.390625 0.021875 0.0125
1 0.72734375 0.84296875 0.0234375 0.0109375
1 0.12109375 0.390625 0.0234375 0.0109375
1 0.66796875 0.86015625 0.0265625 0.0171875
1 0.453125 0.32890625 0.021875 0.0109375
1 0.92265625 0.85078125 0.025 0.0125
1 0.34453125 0.39375 0.021875 0.0109375
1 0.08828125 0.425 0.0234375 0.0109375
1 0.653125 0.37265625 0.025 0.0109375
1 0.21484375 0.6046875 0.0265625 0.0125
1 0.50390625 0.33515625 0.0234375 0.0109375
1 0.9625 0.35625 0.0265625 0.0125
1 0.503125 0.35859375 0.025 0.0109375
1 0.834375 0.39609375 0.025 0.0140625
1 0.440625 0.37421875 0.025 0.0109375
0 0.2 0.175 0.0265625 0.0140625
1 0.49765625 0.3875 0.0234375 0.0125
1 0.8515625 0.28984375 0.0234375 0.0109375
1 0.17734375 0.33046875 0.021875 0.009375
1 0.7015625 0.8859375 0.028125 0.015625
1 0.63671875 0.3375 0.025 0.0140625
1 0.7421875 0.6296875 0.0265625 0.0109375
1 0.43359375 0.4421875 0.025 0.015625
1 0.63125 0.54140625 0.025 0.0109375
1 0.15 0.89296875 0.0265625 0.0140625
1 0.1265625 0.89296875 0.025 0.0125
1 0.98984375 0.61015625 0.0203125 0.0171875
1 0.3953125 0.31328125 0.025 0.0109375
1 0.83984375 0.29296875 0.0234375 0.0109375
0 0.0453125 0.153125 0.028125 0.01875
1 0.82421875 0.27578125 0.0234375 0.009375
1 0.08515625 0.45 0.0265625 0.0140625
1 0.834375 0.81875 0.021875 0.0078125
1 0.9828125 0.3734375 0.0265625 0.0125
0 0.25390625 0.2359375 0.0234375 0.0125
1 0.5609375 0.62578125 0.025 0.0140625
1 0.51875 0.3734375 0.0265625 0.0125
1 0.75859375 0.82421875 0.025 0.009375
1 0.9078125 0.87109375 0.028125 0.0203125
1 0.046875 0.4125 0.025 0.0109375
1 0.9375 0.43359375 0.0234375 0.0109375
1 0.82109375 0.39765625 0.0234375 0.0140625
1 0.66953125 0.3671875 0.0234375 0.0125
1 0.371875 0.29765625 0.0234375 0.009375
1 0.0578125 0.41953125 0.025 0.0125
1 0.190625 0.62890625 0.028125 0.0125
1 0.096875 0.4515625 0.0265625 0.0125
1 0.5953125 0.84140625 0.021875 0.0078125
1 0.68359375 0.3796875 0.0234375 0.009375
1 0.415625 0.37734375 0.021875 0.0078125
1 0.6296875 0.32578125 0.0234375 0.0109375
0 0.18125 0.815625 0.025 0.0140625
1 0.875 0.8390625 0.0234375 0.0109375
1 0.453125 0.39453125 0.025 0.009375
1 0.2625 0.5609375 0.021875 0.0109375
1 0.65390625 0.3484375 0.025 0.0109375
1 0.934375 0.32890625 0.0265625 0.0140625
1 0.87890625 0.8921875 0.028125 0.01875
1 0.54375 0.8875 0.025 0.0171875
1 0.13671875 0.33515625 0.021875 0.009375
1 0.07109375 0.36953125 0.0234375 0.009375
1 0.5765625 0.8359375 0.021875 0.009375
1 0.92890625 0.3046875 0.0234375 0.0109375
1 0.80546875 0.4125 0.025 0.0140625
0 0.95703125 0.18359375 0.0234375 0.0109375
1 0.88046875 0.86328125 0.0265625 0.0109375
1 0.55234375 0.64140625 0.0265625 0.0109375
1 0.8109375 0.534375 0.0234375 0.0109375
1 0.7640625 0.828125 0.021875 0.009375
2 0.23359375 0.240625 0.103125 0.05625
1 0.5265625 0.29765625 0.0234375 0.009375
1 0.81875 0.409375 0.0265625 0.0125
1 0.92109375 0.31953125 0.025 0.009375
1 0.47265625 0.296875 0.0234375 0.009375
1 0.4515625 0.38359375 0.025 0.009375
1 0.6515625 0.31015625 0.025 0.0109375
1 0.3140625 0.453125 0.0265625 0.0109375
1 0.684375 0.36796875 0.025 0.0125
1 0.9453125 0.3375 0.0234375 0.0109375
1 0.45546875 0.8546875 0.0203125 0.00625
1 0.1109375 0.3484375 0.025 0.009375
1 0.46484375 0.31328125 0.025 0.0109375
1 0.08984375 0.36640625 0.025 0.009375
1 0.09375 0.43671875 0.0234375 0.009375
1 0.39453125 0.91484375 0.025 0.00625
1 0.87265625 0.2828125 0.021875 0.009375
1 0.09921875 0.3546875 0.0234375 0.009375
0 0.22734375 0.26328125 0.021875 0.0078125
1 0.76953125 0.625 0.0265625 0.0078125
1 0.9125 0.29921875 0.0265625 0.0125
1 0.04375 0.40078125 0.025 0.009375
1 0.89453125 0.2828125 0.0234375 0.009375
1 0.29296875 0.9875 0.034375 0.021875
1 0.4234375 0.325 0.0234375 0.0078125
1 0.6515625 0.29375 0.021875 0.009375
1 0.42265625 0.315625 0.021875 0.009375
1 0.49453125 0.3 0.025 0.009375
1 0.43046875 0.30546875 0.0234375 0.0109375
1 0.59375 0.8296875 0.021875 0.0078125
1 0.0671875 0.4515625 0.028125 0.015625
0 0.134375 0.12421875 0.0265625 0.015625
1 0.45234375 0.84140625 0.0234375 0.009375
1 0.165625 0.32890625 0.0234375 0.0109375
1 0.55859375 0.834375 0.021875 0.0109375
1 0.671875 0.97890625 0.0390625 0.01875
1 0.89609375 0.85859375 0.025 0.0125
1 0.15703125 0.32890625 0.0234375 0.0109375
1 0.1453125 0.33125 0.0234375 0.009375
1 0.09140625 0.34609375 0.0234375 0.0109375
1 0.1046875 0.884375 0.021875 0.0078125
1 0.81484375 0.81875 0.021875 0.0078125
1 0.9015625 0.8203125 0.021875 0.0078125
1 0.68203125 0.634375 0.0234375 0.0078125
1 0.109375 0.9953125 0.0390625 0.00625
1 0.371875 0.99765625 0.0359375 0.0015625
1 0.66875 0.35546875 0.0234375 0.00625
1 0.95859375 0.34453125 0.0234375 0.009375
1 0.0578125 0.6375 0.025 0.0125
4 0.578125 0.79765625 0.0484375 0.0296875
1 0.4640625 0.8546875 0.0234375 0.00625
1 0.91796875 0.903125 0.0296875 0.021875