4 0.803125 0.8265625 0.0859375 0.0609375
2 0.225 0.22421875 0.1234375 0.06875
4 0.11484375 0.290625 0.1125 0.0984375
1 0.90078125 0.45546875 0.0453125 0.0265625
1 0.64609375 0.57890625 0.046875 0.028125
1 0.54296875 0.5421875 0.046875 0.03125
1 0.77578125 0.45078125 0.0453125 0.0265625
1 0.4 0.43046875 0.0453125 0.025
1 0.83046875 0.575 0.046875 0.025
1 0.984375 0.44609375 0.03125 0.0265625
1 0.3171875 0.46875 0.046875 0.0265625
3 0.6140625 0.36875 0.109375 0.1015625
1 0.7296875 0.56171875 0.0484375 0.0296875
1 0.4015625 0.39765625 0.04375 0.025
2 0.74609375 0.221875 0.1234375 0.0578125
1 0.5671875 0.49765625 0.046875 0.0296875
1 0.95234375 0.42890625 0.0453125 0.0265625
1 0.93515625 0.4828125 0.0453125 0.028125
1 0.13125 0.34140625 0.04375 0.021875
1 0.05859375 0.38046875 0.04375 0.0234375
0 0.121875 0.17265625 0.04375 0.025
3 0.20234375 0.5765625 0.1375 0.146875
1 0.5921875 0.55 0.046875 0.03125
1 0.18125 0.44921875 0.04375 0.025
1 0.70859375 0.8890625 0.046875 0.028125
1 0.08671875 0.93359375 0.05 0.0328125
1 0.64140625 0.48046875 0.046875 0.028125
1 0.74140625 0.5546875 0.046875 0.028125
1 0.296875 0.490625 0.046875 0.028125
1 0.29453125 0.459375 0.0453125 0.0265625
0 0.13984375 0.0984375 0.0453125 0.0265625
1 0.36328125 0.375 0.0453125 0.0234375
1 0.17109375 0.89921875 0.046875 0.0296875
1 0.4875 0.4171875 0.0453125 0.025
1 0.25859375 0.5421875 0.046875 0.0296875
4 0.10859375 0.8296875 0.090625 0.078125
1 0.0171875 0.43515625 0.034375 0.0265625
1 0.3203125 0.396875 0.04375 0.0234375
1 0.28046875 0.55390625 0.0484375 0.03125
1 0.66953125 0.43671875 0.04375 0.025
1 0.6984375 0.4296875 0.04375 0.025
1 0.50546875 0.434375 0.0453125 0.025
1 0.55703125 0.44921875 0.0453125 0.028125
1 0.98671875 0.56015625 0.0265625 0.0296875
1 0.940625 0.56875 0.046875 0.028125
1 0.275 0.51484375 0.046875 0.028125
1 0.8203125 0.39609375 0.04375 0.025
1 0.4796875 0.39609375 0.04375 0.025
1 0.665625 0.8734375 0.0453125 0.025
1 0.640625 0.54765625 0.046875 0.03125
1 0.903125 0.54921875 0.0453125 0.025
1 0.38046875 0.33359375 0.0421875 0.021875
1 0.62265625 0.4828125 0.046875 0.028125
1 0.91640625 0.4546875 0.046875 0.0265625
1 0.69765625 0.4625 0.0453125 0.025
1 0.70859375 0.48203125 0.0453125 0.025
3 0.39453125 0.8703125 0.134375 0.128125
1 0.3390625 0.39375 0.0421875 0.021875
1 0.446875 0.40859375 0.04375 0.025
1 0.3125 0.85390625 0.0421875 0.021875
1 0.4546875 0.42421875 0.04375 0.025
0 0.11796875 0.23359375 0.04375 0.025
1 0.9296875 0.88515625 0.046875 0.0296875
1 0.684375 0.89609375 0.046875 0.025
1 0.6625 0.396875 0.04375 0.025
1 0.96015625 0.55625 0.0453125 0.0265625
1 0.8765625 0.4203125 0.0453125 0.0234375
1 0.6453125 0.4359375 0.0421875 0.0203125
1 0.33125 0.371875 0.0421875 0.021875
1 0.8875 0.4125 0.0453125 0.0234375
1 0.43828125 0.37109375 0.0453125 0.025
1 0.13359375 0.93046875 0.05 0.0359375
1 0.76328125 0.55625 0.046875 0.03125
1 0.696875 0.8625 0.04375 0.021875
1 0.0625 0.334375 0.04375 0.021875
1 0.83203125 0.43203125 0.04375 0.0234375
1 0.0515625 0.9421875 0.05 0.0359375
1 0.6828125 0.39921875 0.04375 0.0234375
1 0.865625 0.41875 0.0453125 0.025
1 0.72734375 0.8640625 0.04375 0.021875
1 0.84609375 0.44140625 0.04375 0.0265625
1 0.49375 0.384375 0.04375 0.025
1 0.90625 0.41796875 0.0453125 0.0234375
0 0.12734375 0.14609375 0.04375 0.0234375
1 0.67890625 0.43515625 0.04375 0.025
1 0.84921875 0.3015625 0.0421875 0.0203125
1 0.9234375 0.42109375 0.0453125 0.025
1 0.7375 0.4984375 0.0453125 0.0265625
0 0.134375 0.1171875 0.04375 0.025
1 0.2375 0.5421875 0.0453125 0.0296875
1 0.8765625 0.33046875 0.04375 0.021875
1 0.59453125 0.64453125 0.0453125 0.021875
1 0.70859375 0.45703125 0.0453125 0.025
1 0.8359375 0.44453125 0.046875 0.0234375
1 0.84375 0.94609375 0.0546875 0.04375
1 0.50546875 0.628125 0.0484375 0.0328125
1 0.49375 0.365625 0.0421875 0.021875
1 0.678125 0.87421875 0.046875 0.0265625
3 0.084375 0.46875 0.1359375 0.1
1 0.6109375 0.446875 0.0453125 0.025
1 0.61796875 0.89140625 0.05 0.0359375
0 0.153125 0.0625 0.04375 0.0203125
1 0.84609375 0.39296875 0.0453125 0.0234375
1 0.8859375 0.93203125 0.0515625 0.040625
1 0.8765625 0.4015625 0.0453125 0.021875
1 0.80078125 0.4015625 0.0453125 0.025
1 0.9421875 0.4 0.04375 0.0234375
1 0.7203125 0.45625 0.04375 0.021875
1 0.0984375 0.91015625 0.046875 0.0265625
1 0.26796875 0.84765625 0.0421875 0.0203125
1 0.6328125 0.428125 0.04375 0.025
1 0.6640625 0.340625 0.0421875 0.021875
1 0.9203125 0.5671875 0.0453125 0.0265625
1 0.53515625 0.3375 0.0453125 0.0265625
1 0.6265625 0.43515625 0.0453125 0.021875
1 0.76171875 0.9671875 0.0609375 0.05
1 0.5296875 0.8953125 0.046875 0.028125
1 0.88828125 0.984375 0.053125 0.0234375
1 0.97421875 0.390625 0.0453125 0.0234375
1 0.71875 0.5078125 0.046875 0.0296875
1 0.725 0.890625 0.046875 0.028125
1 0.753125 0.9296875 0.0515625 0.0359375
1 0.6796875 0.38515625 0.0421875 0.0203125
1 0.57265625 0.3453125 0.04375 0.021875
1 0.65234375 0.89453125 0.0546875 0.0296875
1 0.87421875 0.8984375 0.046875 0.0234375
1 0.65 0.3046875 0.0421875 0.01875
1 0.346875 0.38125 0.0453125 0.0234375
1 0.8859375 0.865625 0.0453125 0.025
1 0.8890625 0.39296875 0.0453125 0.0203125
1 0.15859375 0.859375 0.04375 0.0203125
4 0.81171875 0.32265625 0.0640625 0.06875
1 0.6203125 0.459375 0.0453125 0.0234375
1 0.08828125 0.325 0.04375 0.021875
1 0.3375 0.37890625 0.04375 0.025
0 0.15078125 0.03984375 0.04375 0.0265625
1 0.06953125 0.88203125 0.04375 0.0234375
1 0.8671875 0.925 0.0484375 0.0328125
1 0.07265625 0.33359375 0.04375 0.021875
1 0.9015625 0.43984375 0.046875 0.021875
1 0.84375 0.89140625 0.046875 0.03125
1 0.95390625 0.9046875 0.046875 0.0296875
1 0.89921875 0.33828125 0.0421875 0.0203125
1 0.51328125 0.4171875 0.04375 0.0265625
1 0.2515625 0.853125 0.040625 0.0203125
1 0.9109375 0.86484375 0.04375 0.0234375
1 0.778125 0.8734375 0.046875 0.025
1 0.82265625 0.64296875 0.0453125 0.01875
1 0.9015625 0.3984375 0.0453125 0.0234375
1 0.109375 0.940625 0.05 0.034375
1 0.66796875 0.35546875 0.04375 0.021875
1 0.4953125 0.33828125 0.04375 0.021875
1 0.94609375 0.37578125 0.0453125 0.021875
1 0.88515625 0.57578125 0.0421875 0.0203125
1 0.765625 0.8640625 0.04375 0.021875
1 0.7375 0.86796875 0.04375 0.0203125
1 0.5484375 0.29921875 0.04375 0.0203125
1 0.7671875 0.84296875 0.0421875 0.01875
1 0.83359375 0.92265625 0.0484375 0.03125
1 0.6 0.29375 0.0421875 0.0203125
1 0.89765625 0.353125 0.04375 0.0234375
1 0.63828125 0.3 0.0421875 0.0203125
1 0.96328125 0.37265625 0.04375 0.021875
1 0.72890625 0.50390625 0.0453125 0.025
1 0.64609375 0.328125 0.0421875 0.0203125
0 0.12109375 0.7921875 0.04375 0.0234375
1 0.7296875 0.47421875 0.04375 0.0203125
1 0.684375 0.45234375 0.0453125 0.025
1 0.85859375 0.9796875 0.0578125 0.0359375
0 0.16640625 0.05078125 0.0453125 0.025
1 0.646875 0.45 0.04375 0.0234375
1 0.33046875 0.62109375 0.0453125 0.0234375
1 0.87265625 0.8640625 0.04375 0.0234375
0 0.1453125 0.05078125 0.0453125 0.025
1 0.08515625 0.85859375 0.04375 0.021875
1 0.9171875 0.39609375 0.046875 0.0265625
1 0.61875 0.296875 0.04375 0.0203125
1 0.79921875 0.58359375 0.0453125 0.0203125
1 0.709375 0.4 0.0421875 0.0234375
1 0.8296875 0.8828125 0.046875 0.0265625
1 0.6578125 0.371875 0.04375 0.01875
1 0.75078125 0.87421875 0.0453125 0.025
4 0.03359375 0.5421875 0.0671875 0.121875
1 0.87109375 0.30234375 0.04375 0.021875
1 0.921875 0.378125 0.0453125 0.021875
1 0.7953125 0.87578125 0.0484375 0.0265625
1 0.97890625 0.62578125 0.0421875 0.0328125
1 0.98125 0.98359375 0.0375 0.0234375
1 0.71171875 0.9859375 0.0546875 0.0265625