4 0.62265625 0.35546875 0.08125 0.1015625
2 0.7703125 0.21953125 0.0890625 0.059375
3 0.10390625 0.3234375 0.05859375 0.0765625
3 0.38125 0.4265625 0.07421875 0.11015625
3 0.1140625 0.82890625 0.046875 0.05859375
1 0.34453125 0.54375 0.01328125 0.021875
1 0.66015625 0.39140625 0.00859375 0.01484375
1 0.51796875 0.4546875 0.0109375 0.01796875
1 0.8578125 0.340625 0.00859375 0.0140625
1 0.8328125 0.44765625 0.0109375 0.01796875
1 0.671875 0.4171875 0.01015625 0.01640625
1 0.7546875 0.4984375 0.0109375 0.01953125
1 0.71015625 0.54296875 0.0125 0.02109375
1 0.39296875 0.50234375 0.01171875 0.0203125
1 0.96875 0.51015625 0.01328125 0.02109375
2 0.2484375 0.225 0.09296875 0.04921875
1 0.09765625 0.43515625 0.01015625 0.01875
1 0.390625 0.88828125 0.01328125 0.02109375
1 0.1828125 0.8828125 0.0109375 0.01953125
1 0.44140625 0.884375 0.01015625 0.01875
1 0.62265625 0.428125 0.009375 0.0171875
1 0.5765625 0.89609375 0.0140625 0.021875
1 0.665625 0.55546875 0.01328125 0.02265625
1 0.0265625 0.428125 0.0109375 0.0171875
1 0.753125 0.546875 0.0125 0.021875
1 0.91640625 0.5125 0.0125 0.02109375
1 0.2625 0.8546875 0.009375 0.0171875
1 0.83515625 0.89375 0.01171875 0.02109375
1 0.72421875 0.46953125 0.0109375 0.01953125
1 0.08125 0.3859375 0.009375 0.015625
1 0.8453125 0.3421875 0.009375 0.01484375
1 0.15625 0.34140625 0.00703125 0.0125
1 0.6078125 0.41875 0.009375 0.01640625
1 0.91796875 0.3515625 0.0078125 0.01484375
1 0.64375 0.409375 0.009375 0.0171875
1 0.25859375 0.50703125 0.0109375 0.01875
1 0.98671875 0.4265625 0.01171875 0.01796875
1 0.11953125 0.36953125 0.00859375 0.01328125
3 0.3078125 0.46640625 0.10078125 0.1015625
4 0.38125 0.840625 0.08046875 0.096875
1 0.62578125 0.875 0.0109375 0.01875
1 0.3546875 0.5109375 0.01171875 0.01953125
1 0.753125 0.6171875 0.01328125 0.01875
1 0.16875 0.64375 0.0140625 0.01796875
1 0.459375 0.6421875 0.01328125 0.0203125
1 0.55703125 0.4046875 0.01015625 0.01640625
1 0.28515625 0.85625 0.00859375 0.0140625
1 0.90078125 0.33203125 0.0078125 0.0140625
1 0.6953125 0.5484375 0.01328125 0.0203125
1 0.37265625 0.32265625 0.00859375 0.01328125
1 0.0640625 0.35625 0.009375 0.01484375
1 0.7140625 0.42734375 0.01015625 0.0171875
1 0.06484375 0.4265625 0.01015625 0.01640625
1 0.15859375 0.30546875 0.0078125 0.0125
1 0.73046875 0.8515625 0.00703125 0.0125
4 0.1921875 0.4296875 0.0625 0.09140625
1 0.459375 0.353125 0.00859375 0.0140625
1 0.15859375 0.8578125 0.00703125 0.01171875
1 0.73828125 0.53046875 0.01328125 0.01953125
1 0.38984375 0.346875 0.0078125 0.01484375
1 0.56328125 0.37109375 0.00859375 0.01484375
1 0.70703125 0.5078125 0.0109375 0.01953125
1 0.434375 0.3390625 0.0078125 0.0140625
1 0.66328125 0.44453125 0.01015625 0.015625
1 0.14140625 0.8859375 0.0109375 0.0203125
1 0.32265625 0.40859375 0.009375 0.015625
1 0.1765625 0.975 0.021875 0.040625
1 0.4140625 0.33359375 0.0078125 0.0140625
1 0.934375 0.32734375 0.009375 0.01484375
1 0.128125 0.3484375 0.0078125 0.0125
1 0.46640625 0.353125 0.0078125 0.0140625
1 0.37890625 0.49375 0.0125 0.01953125
1 0.67890625 0.53046875 0.01171875 0.01328125
1 0.565625 0.396875 0.009375 0.01640625
1 0.3921875 0.31796875 0.0078125 0.0125
1 0.8828125 0.88671875 0.01171875 0.01953125
1 0.2828125 0.51875 0.00859375 0.01328125
1 0.34765625 0.3078125 0.009375 0.0125
1 0.22421875 0.953125 0.01953125 0.02421875
1 0.92421875 0.5484375 0.01015625 0.01484375
1 0.33671875 0.3671875 0.00859375 0.01484375
1 0.084375 0.4265625 0.01015625 0.01640625
1 0.8171875 0.85390625 0.00703125 0.01328125
1 0.53125 0.3984375 0.00859375 0.01796875
1 0.85546875 0.92265625 0.01484375 0.028125
1 0.95625 0.93359375 0.01484375 0.028125
1 0.7109375 0.9046875 0.01171875 0.01171875
1 0.66171875 0.43046875 0.01015625 0.0140625
1 0.23671875 0.88515625 0.0109375 0.0203125
1 0.7796875 0.84375 0.00703125 0.01171875
1 0.56953125 0.30703125 0.01015625 0.0140625
1 0.678125 0.39921875 0.00859375 0.015625
1 0.14140625 0.32265625 0.00859375 0.0125
1 0.62421875 0.90390625 0.0125 0.0109375
1 0.890625 0.871875 0.00859375 0.0140625
1 0.990625 0.36796875 0.009375 0.0140625
1 0.31640625 0.396875 0.0078125 0.01328125
1 0.67578125 0.34375 0.00859375 0.01328125
1 0.5515625 0.3875 0.009375 0.015625
1 0.521875 0.3046875 0.00859375 0.0125
1 0.88984375 0.30078125 0.0078125 0.01328125
1 0.5171875 0.3875 0.009375 0.015625
1 0.69140625 0.39921875 0.009375 0.015625
1 0.53671875 0.85078125 0.00859375 0.01015625
1 0.5015625 0.3015625 0.00859375 0.0125
1 0.5203125 0.89453125 0.015625 0.02421875
1 0.678125 0.5453125 0.01328125 0.0171875
1 0.83984375 0.85859375 0.00625 0.01171875
1 0.4234375 0.371875 0.00703125 0.0109375
1 0.528125 0.3484375 0.009375 0.0140625
1 0.56796875 0.84375 0.009375 0.01328125
1 0.08203125 0.8515625 0.01171875 0.01328125
1 0.73828125 0.84453125 0.00703125 0.01171875
1 0.134375 0.8640625 0.00625 0.01171875
1 0.74140625 0.51015625 0.01171875 0.01484375
1 0.31796875 0.3828125 0.00703125 0.01328125
1 0.60703125 0.303125 0.0078125 0.0125
1 0.8109375 0.48359375 0.00625 0.0109375
1 0.3265625 0.3796875 0.0109375 0.0125
1 0.45859375 0.853125 0.00703125 0.01015625
1 0.22265625 0.8375 0.00703125 0.01015625
1 0.7546875 0.84921875 0.00703125 0.01171875
1 0.9859375 0.4828125 0.0078125 0.01484375
1 0.88984375 0.85390625 0.00703125 0.0109375
1 0.5515625 0.84453125 0.009375 0.01328125
1 0.203125 0.5890625 0.01015625 0.0125
1 0.99453125 0.403125 0.00703125 0.0125
1 0.6640625 0.309375 0.0078125 0.01328125
1 0.8921875 0.93046875 0.0125 0.025
1 0.7203125 0.50078125 0.01171875 0.01328125
1 0.75859375 0.8390625 0.00703125 0.009375
1 0.89921875 0.30078125 0.0109375 0.01328125
1 0.36015625 0.49609375 0.01171875 0.015625
4 0.4359375 0.8234375 0.0578125 0.0671875
1 0.66875 0.35234375 0.00625 0.0125
1 0.4578125 0.84296875 0.00859375 0.0140625
1 0.92734375 0.32421875 0.00859375 0.015625
1 0.4421875 0.31953125 0.00546875 0.0109375
1 0.259375 0.83671875 0.00625 0.0109375
1 0.615625 0.30078125 0.00703125 0.0125
1 0.90546875 0.9421875 0.01640625 0.021875
1 0.36875 0.62578125 0.009375 0.01796875
1 0.91875 0.9296875 0.01328125 0.0265625
1 0.4625 0.30078125 0.009375 0.0125
1 0.715625 0.51953125 0.0109375 0.0203125
1 0.92734375 0.996875 0.01015625 0.00625
1 0.684375 0.38203125 0.00703125 0.009375
1 0.225 0.98515625 0.02265625 0.0296875
1 0.884375 0.9109375 0.01015625 0.01796875
1 0.9671875 0.3765625 0.00703125 0.01171875
1 0.4703125 0.29921875 0.0078125 0.01328125
1 0.87421875 0.925 0.01640625 0.0234375
1 0.66875 0.33203125 0.00859375 0.01328125
1 0.9171875 0.84609375 0.00625 0.01171875
1 0.8390625 0.8421875 0.0078125 0.0109375
1 0.90234375 0.9109375 0.0109375 0.01640625