4 0.053125 0.3921875 0.09375 0.09375
4 0.19140625 0.8640625 0.090625 0.0890625
0 0.04609375 0.26015625 0.021875 0.028125
1 0.71875 0.525 0.0171875 0.021875
1 0.08125 0.48203125 0.015625 0.0203125
3 0.1609375 0.35078125 0.0515625 0.071875
1 0.9140625 0.42890625 0.015625 0.01875
1 0.1296875 0.43203125 0.015625 0.0171875
0 0.0703125 0.1921875 0.01875 0.0203125
1 0.32109375 0.52265625 0.0171875 0.021875
0 0.03671875 0.3375 0.01875 0.0203125
1 0.9453125 0.53359375 0.01875 0.021875
0 0.2046875 0.2390625 0.015625 0.01875
1 0.38828125 0.453125 0.015625 0.0203125
1 0.14140625 0.90703125 0.0171875 0.021875
1 0.51015625 0.43125 0.015625 0.01875
3 0.9640625 0.42421875 0.071875 0.1015625
1 0.45 0.4625 0.015625 0.0203125
0 0.09765625 0.140625 0.0203125 0.021875
1 0.32421875 0.37734375 0.0140625 0.0140625
4 0.0328125 0.5796875 0.065625 0.140625
1 0.54375 0.55 0.0203125 0.0234375
0 0.06953125 0.16875 0.021875 0.0265625
0 0.7546875 0.1609375 0.015625 0.0171875
0 0.17578125 0.13828125 0.0171875 0.021875
0 0.20703125 0.16484375 0.01875 0.0234375
0 0.165625 0.16171875 0.0171875 0.021875
1 0.4421875 0.5578125 0.0171875 0.021875
1 0.48359375 0.56796875 0.0171875 0.0203125
1 0.63359375 0.48125 0.015625 0.0203125
0 0.05859375 0.29375 0.021875 0.025
1 0.6140625 0.87734375 0.015625 0.0203125
0 0.1484375 0.16796875 0.0203125 0.0234375
1 0.41953125 0.56953125 0.01875 0.021875
0 0.92265625 0.15234375 0.0171875 0.0203125
1 0.40703125 0.44375 0.015625 0.0171875
1 0.86171875 0.334375 0.015625 0.015625
1 0.4703125 0.5484375 0.0171875 0.0203125
1 0.22890625 0.90703125 0.01875 0.0234375
1 0.02734375 0.45625 0.0171875 0.01875
1 0.11796875 0.93828125 0.021875 0.028125
0 0.7765625 0.79921875 0.0171875 0.0203125
1 0.1015625 0.3734375 0.0140625 0.015625
0 0.91015625 0.10390625 0.0171875 0.021875
1 0.40703125 0.425 0.015625 0.0171875
1 0.0125 0.46796875 0.0203125 0.021875
0 0.77265625 0.7171875 0.0203125 0.028125
0 0.8875 0.11015625 0.0171875 0.0203125
0 0.03359375 0.30625 0.0203125 0.0234375
1 0.0796875 0.915625 0.01875 0.025
0 0.21328125 0.2203125 0.0171875 0.01875
1 0.91328125 0.41015625 0.0171875 0.0171875
1 0.66171875 0.45 0.015625 0.01875
1 0.55234375 0.44296875 0.0140625 0.0171875
1 0.65234375 0.51484375 0.015625 0.021875
1 0.3484375 0.42109375 0.015625 0.0171875
0 0.0828125 0.209375 0.021875 0.0265625
1 0.3515625 0.89921875 0.0171875 0.021875
1 0.8265625 0.3703125 0.0140625 0.015625
1 0.5625 0.45859375 0.015625 0.01875
1 0.58359375 0.90234375 0.015625 0.0109375
4 0.76796875 0.896875 0.18125 0.1859375
0 0.05546875 0.31875 0.01875 0.0203125
0 0.1203125 0.12890625 0.0171875 0.0203125
0 0.76015625 0.1953125 0.0125 0.0140625
1 0.9328125 0.91796875 0.021875 0.0328125
0 0.8296875 0.1375 0.015625 0.01875
0 0.16328125 0.209375 0.0171875 0.021875
1 0.7921875 0.3921875 0.0125 0.015625
1 0.378125 0.34921875 0.0125 0.015625
1 0.7328125 0.496875 0.015625 0.0140625
1 0.4953125 0.55390625 0.015625 0.021875
0 0.7671875 0.15390625 0.0171875 0.01875
0 0.1109375 0.17578125 0.0203125 0.0234375
0 0.79765625 0.08984375 0.0171875 0.01875
0 0.175 0.18203125 0.0171875 0.0203125
0 0.94375 0.26171875 0.01875 0.0203125
1 0.746875 0.53046875 0.0171875 0.01875
1 0.4609375 0.33125 0.0125 0.0140625
0 0.1125 0.14921875 0.01875 0.021875
1 0.4 0.55390625 0.0171875 0.021875
1 0.465625 0.38828125 0.0140625 0.0171875
0 0.75625 0.76484375 0.021875 0.0296875
0 0.7640625 0.2140625 0.015625 0.0171875
1 0.38359375 0.375 0.015625 0.015625
0 0.1453125 0.134375 0.01875 0.0203125
1 0.37421875 0.403125 0.0140625 0.01875
1 0.42734375 0.5390625 0.0171875 0.021875
0 0.92578125 0.18125 0.0171875 0.01875
0 0.13125 0.146875 0.0203125 0.0203125
1 0.62109375 0.42890625 0.0171875 0.0171875
0 0.2203125 0.18671875 0.0125 0.015625
1 0.7109375 0.45625 0.015625 0.01875
1 0.28828125 0.42578125 0.0140625 0.0171875
1 0.80078125 0.3625 0.0140625 0.015625
1 0.56171875 0.44296875 0.0140625 0.0140625
1 0.69765625 0.48984375 0.015625 0.0171875
0 0.73203125 0.215625 0.0140625 0.015625
1 0.3234375 0.4125 0.015625 0.0171875
1 0.47265625 0.84140625 0.0125 0.0140625
1 0.603125 0.87734375 0.015625 0.01875
1 0.31328125 0.4109375 0.015625 0.0171875
1 0.73359375 0.51328125 0.0171875 0.0171875
1 0.56015625 0.41484375 0.0140625 0.0140625
0 0.74296875 0.175 0.0125 0.015625
1 0.52265625 0.35390625 0.0140625 0.0140625
0 0.2234375 0.21796875 0.0125 0.01875
1 0.30078125 0.88203125 0.015625 0.01875
1 0.92578125 0.36796875 0.015625 0.015625
2 0.74453125 0.215625 0.1 0.0546875
1 0.3390625 0.33046875 0.0125 0.0140625
1 0.81015625 0.3578125 0.0140625 0.015625
1 0.67578125 0.46484375 0.0140625 0.0171875
1 0.12734375 0.33046875 0.0140625 0.0140625
1 0.93359375 0.40546875 0.015625 0.0171875
1 0.9609375 0.36328125 0.015625 0.015625
1 0.08984375 0.9078125 0.015625 0.0203125
0 0.0890625 0.1859375 0.0203125 0.0234375
1 0.5796875 0.35234375 0.0125 0.0140625
1 0.2734375 0.84609375 0.0140625 0.0125
1 0.61875 0.3640625 0.015625 0.0140625
1 0.6171875 0.4171875 0.015625 0.0140625
1 0.65625 0.4328125 0.015625 0.0171875
1 0.625 0.3390625 0.0125 0.0140625
0 0.1625 0.121875 0.01875 0.0203125
1 0.6953125 0.43515625 0.015625 0.015625
1 0.559375 0.32265625 0.0125 0.015625
1 0.35078125 0.40078125 0.015625 0.015625
1 0.10703125 0.328125 0.0125 0.0140625
1 0.69921875 0.41796875 0.015625 0.0171875
1 0.84609375 0.30625 0.0140625 0.0140625
1 0.4078125 0.31171875 0.0125 0.0140625
1 0.89765625 0.965625 0.0265625 0.040625
1 0.53828125 0.30625 0.0125 0.0140625
0 0.89609375 0.12578125 0.0171875 0.0171875
1 0.83828125 0.29375 0.0125 0.0125
1 0.296875 0.42890625 0.015625 0.0203125
0 0.85859375 0.07890625 0.0171875 0.0203125
1 0.33984375 0.4078125 0.0140625 0.0171875
1 0.68515625 0.475 0.0171875 0.01875
1 0.6453125 0.36796875 0.0140625 0.0140625
0 0.2171875 0.15546875 0.0140625 0.015625
1 0.6640625 0.33203125 0.0125 0.0125
0 0.6640625 0.7671875 0.01875 0.0234375
1 0.646875 0.42578125 0.0140625 0.0171875
1 0.4453125 0.84453125 0.0125 0.0125
1 0.9125 0.87578125 0.01875 0.021875
1 0.875 0.31640625 0.0140625 0.0140625
1 0.12890625 0.87265625 0.0140625 0.0140625
1 0.44296875 0.3265625 0.015625 0.015625
1 0.6125 0.3875 0.0140625 0.015625
0 0.821875 0.09140625 0.015625 0.0203125
1 0.44375 0.3015625 0.0140625 0.0125
1 0.64296875 0.35078125 0.0125 0.0140625
1 0.6984375 0.45078125 0.015625 0.015625
1 0.628125 0.396875 0.015625 0.015625
1 0.59140625 0.328125 0.0109375 0.0109375
0 0.84453125 0.06328125 0.0171875 0.01875
1 0.87109375 0.86796875 0.0140625 0.01875
1 0.89609375 0.3171875 0.015625 0.0140625
2 0.2171875 0.23203125 0.096875 0.0609375
1 0.0890625 0.87421875 0.0140625 0.015625
1 0.46484375 0.2984375 0.0140625 0.0140625
1 0.340625 0.31484375 0.0125 0.0109375
1 0.6359375 0.353125 0.0140625 0.0125
1 0.67890625 0.421875 0.015625 0.015625
1 0.63671875 0.4265625 0.015625 0.015625
1 0.6140625 0.3390625 0.0125 0.0125
1 0.86328125 0.30703125 0.0140625 0.0140625
0 0.95390625 0.34296875 0.015625 0.01875
1 0.296875 0.4140625 0.015625 0.0140625
1 0.08984375 0.32890625 0.0125 0.0140625
1 0.74453125 0.51015625 0.015625 0.0140625
1 0.29375 0.40234375 0.015625 0.0125
1 0.39375 0.30078125 0.0140625 0.0125
0 0.7875 0.7484375 0.0125 0.0125
1 0.64296875 0.3375 0.0125 0.0109375
1 0.61640625 0.346875 0.0140625 0.0109375
1 0.47421875 0.81875 0.0140625 0.0109375
1 0.8296875 0.29375 0.015625 0.0109375
1 0.89453125 0.8515625 0.0125 0.0125
1 0.43984375 0.821875 0.0109375 0.0078125
0 0.1484375 0.1109375 0.015625 0.01875
1 0.88359375 0.3171875 0.0140625 0.0140625
1 0.134375 0.8609375 0.0125 0.0109375
1 0.9390625 0.36484375 0.015625 0.015625
1 0.92890625 0.3453125 0.0140625 0.0125
1 0.10390625 0.890625 0.015625 0.0171875
1 0.28671875 0.3734375 0.0140625 0.0140625
3 0.23828125 0.8453125 0.0484375 0.0578125
1 0.4640625 0.83046875 0.0125 0.0109375
1 0.67109375 0.43359375 0.015625 0.0171875
1 0.42734375 0.64921875 0.015625 0.0109375
1 0.45546875 0.821875 0.0109375 0.009375
1 0.67734375 0.446875 0.015625 0.015625
1 0.79453125 0.6015625 0.0171875 0.0234375