4 0.39609375 0.41171875 0.1078125 0.109375
4 0.6140625 0.28984375 0.084375 0.075
3 0.6953125 0.446875 0.1140625 0.1203125
2 0.78359375 0.234375 0.1046875 0.059375
4 0.43359375 0.825 0.059375 0.05
1 0.46875 0.49296875 0.028125 0.015625
1 0.15703125 0.425 0.0265625 0.0125
1 0.96171875 0.45546875 0.028125 0.0125
1 0.55859375 0.9015625 0.0296875 0.0171875
0 0.92265625 0.4515625 0.03125 0.01875
2 0.2640625 0.21328125 0.1109375 0.046875
1 0.85859375 0.4578125 0.028125 0.0140625
1 0.50234375 0.44453125 0.0265625 0.0140625
1 0.30234375 0.57265625 0.0296875 0.0140625
1 0.76875 0.9078125 0.0296875 0.0171875
1 0.84375 0.4578125 0.028125 0.0140625
1 0.7421875 0.57734375 0.0296875 0.01875
1 0.29921875 0.86796875 0.0265625 0.0125
0 0.890625 0.13359375 0.03125 0.0171875
1 0.02578125 0.42265625 0.0265625 0.0140625
1 0.2765625 0.46484375 0.028125 0.015625
1 0.71328125 0.85625 0.0234375 0.0078125
1 0.475 0.353125 0.0234375 0.0109375
1 0.43828125 0.54453125 0.0296875 0.01875
1 0.82890625 0.3890625 0.0265625 0.0125
1 0.75703125 0.484375 0.028125 0.0140625
1 0.740625 0.51328125 0.028125 0.0109375
1 0.16015625 0.3640625 0.025 0.0109375
1 0.0890625 0.35703125 0.025 0.009375
1 0.078125 0.37265625 0.0265625 0.0109375
1 0.61796875 0.3796875 0.0265625 0.0125
1 0.11953125 0.9078125 0.0328125 0.025
1 0.49296875 0.30625 0.0234375 0.009375
1 0.7375 0.53046875 0.0296875 0.0140625
1 0.14609375 0.87734375 0.0296875 0.01875
0 0.8421875 0.146875 0.0296875 0.015625
0 0.88828125 0.18984375 0.03125 0.0171875
1 0.33828125 0.39609375 0.0265625 0.0125
1 0.84296875 0.96484375 0.0359375 0.028125
0 0.85078125 0.1796875 0.0296875 0.0171875
1 0.759375 0.52734375 0.028125 0.0125
0 0.88046875 0.25546875 0.0328125 0.0203125
0 0.90625 0.1921875 0.03125 0.0171875
1 0.72421875 0.51640625 0.028125 0.015625
1 0.52734375 0.5703125 0.025 0.015625
1 0.2890625 0.84609375 0.0234375 0.0109375
1 0.04453125 0.875 0.0296875 0.01875
1 0.5171875 0.3078125 0.0234375 0.009375
0 0.85703125 0.16015625 0.0296875 0.0140625
1 0.4734375 0.57890625 0.0296875 0.01875
1 0.72734375 0.86953125 0.025 0.0109375
0 0.9 0.284375 0.0328125 0.0234375
0 0.8328125 0.128125 0.0296875 0.0171875
0 0.89375 0.3625 0.0296875 0.0171875
0 0.91328125 0.25859375 0.0328125 0.0234375
1 0.06796875 0.37265625 0.0265625 0.0109375
1 0.65703125 0.6375 0.0296875 0.015625
1 0.821875 0.659375 0.028125 0.0171875
1 0.0484375 0.9390625 0.0375 0.034375
1 0.44453125 0.63359375 0.0296875 0.01875
1 0.3078125 0.85078125 0.025 0.0109375
0 0.90703125 0.31171875 0.0328125 0.0203125
1 0.19296875 0.321875 0.0234375 0.009375
1 0.02109375 0.40625 0.0265625 0.009375
1 0.47734375 0.6453125 0.0265625 0.009375
1 0.64453125 0.43515625 0.0265625 0.0140625
1 0.78828125 0.97578125 0.0375 0.0328125
1 0.5203125 0.35390625 0.025 0.0109375
1 0.6421875 0.8859375 0.028125 0.0125
1 0.1625 0.62109375 0.03125 0.0203125
1 0.14375 0.28984375 0.0234375 0.009375
1 0.71640625 0.94765625 0.0328125 0.028125
1 0.7609375 0.56484375 0.0296875 0.015625
1 0.6453125 0.39296875 0.025 0.0109375
1 0.41640625 0.64140625 0.025 0.009375
1 0.19375 0.84921875 0.025 0.0125
0 0.87734375 0.17265625 0.028125 0.0140625
1 0.73671875 0.47890625 0.0265625 0.0109375
1 0.015625 0.9703125 0.0296875 0.0046875
1 0.1359375 0.33671875 0.0234375 0.009375
1 0.6953125 0.628125 0.0296875 0.0125
1 0.3296875 0.3171875 0.025 0.009375
1 0.2171875 0.83046875 0.021875 0.00625
1 0.03203125 0.396875 0.025 0.0109375
1 0.628125 0.3765625 0.025 0.009375
1 0.0921875 0.84453125 0.025 0.0109375
1 0.80546875 0.95234375 0.034375 0.025
1 0.62734375 0.3921875 0.0265625 0.0125
1 0.659375 0.32890625 0.0265625 0.009375
1 0.665625 0.36328125 0.025 0.009375
1 0.103125 0.94375 0.0375 0.034375
1 0.3984375 0.3203125 0.025 0.0109375
1 0.6484375 0.3640625 0.0234375 0.0078125
1 0.75546875 0.54609375 0.0265625 0.0109375
1 0.878125 0.321875 0.025 0.009375
1 0.6671875 0.86875 0.0234375 0.009375
1 0.7046875 0.653125 0.028125 0.0140625
1 0.88359375 0.96171875 0.03125 0.021875
0 0.87265625 0.14296875 0.03125 0.0171875
1 0.740625 0.496875 0.0265625 0.0109375
1 0.10859375 0.865625 0.0296875 0.0171875
1 0.07890625 0.32734375 0.025 0.009375
1 0.55234375 0.3015625 0.0234375 0.0078125
1 0.65859375 0.38828125 0.025 0.0109375
1 0.63125 0.8828125 0.028125 0.0125
1 0.12734375 0.340625 0.025 0.009375
1 0.0625 0.9671875 0.0375 0.01875
1 0.82578125 0.946875 0.03125 0.021875
1 0.9890625 0.43671875 0.021875 0.0140625
3 0.93359375 0.3421875 0.0796875 0.06875
1 0.6640625 0.3140625 0.021875 0.00625
1 0.13125 0.30625 0.025 0.0125
1 0.96328125 0.37265625 0.0265625 0.0109375
1 0.79765625 0.8625 0.021875 0.00625
1 0.0921875 0.33046875 0.0234375 0.0078125
1 0.46015625 0.3265625 0.025 0.0078125
1 0.56875 0.296875 0.0234375 0.0078125
1 0.67109375 0.3046875 0.025 0.0078125
1 0.49609375 0.6296875 0.021875 0.0109375
1 0.53828125 0.30625 0.025 0.0078125
1 0.4125 0.61640625 0.0296875 0.015625
1 0.35234375 0.40859375 0.025 0.009375
1 0.2 0.290625 0.0234375 0.0078125
1 0.97265625 0.40859375 0.025 0.0125
1 0.428125 0.8515625 0.0234375 0.0046875
1 0.66875 0.35078125 0.025 0.0078125
1 0.65234375 0.86796875 0.025 0.0109375
1 0.1328125 0.2875 0.025 0.0078125
1 0.65 0.3796875 0.025 0.009375
0 0.925 0.36328125 0.03125 0.01875
1 0.89921875 0.94140625 0.03125 0.0171875
1 0.74765625 0.4640625 0.025 0.0125
1 0.67265625 0.38359375 0.025 0.0109375
1 0.1640625 0.83125 0.0234375 0.0078125
1 0.6421875 0.86640625 0.025 0.009375
0 0.9078125 0.36328125 0.03125 0.0171875
1 0.52734375 0.6484375 0.0234375 0.00625
1 0.11484375 0.85078125 0.0234375 0.0078125
4 0.95 0.59921875 0.1 0.1328125
1 0.1875 0.82421875 0.021875 0.00625
1 0.7546875 0.5046875 0.0265625 0.009375
1 0.65625 0.3046875 0.0234375 0.009375
1 0.46015625 0.3140625 0.025 0.00625
1 0.9453125 0.98359375 0.028125 0.0203125
1 0.11171875 0.31328125 0.025 0.0078125
1 0.70078125 0.38515625 0.025 0.0109375
1 0.07109375 0.35859375 0.025 0.0078125
1 0.52109375 0.85234375 0.025 0.0078125
1 0.64375 0.64765625 0.028125 0.0078125
1 0.6734375 0.36328125 0.025 0.009375
1 0.86875 0.91171875 0.03125 0.015625
1 0.5078125 0.9953125 0.028125 0.0046875