2 0.7734375 0.225 0.128125 0.0625
2 0.25546875 0.2 0.1265625 0.05625
4 0.86640625 0.4390625 0.1203125 0.1015625
3 0.44765625 0.35625 0.109375 0.1
3 0.8859375 0.334375 0.1109375 0.0828125
4 0.40390625 0.57265625 0.165625 0.14375
1 0.2765625 0.4109375 0.046875 0.0140625
1 0.81796875 0.59140625 0.0515625 0.0203125
1 0.81484375 0.625 0.05 0.01875
1 0.08203125 0.4953125 0.0484375 0.0171875
1 0.11015625 0.46796875 0.0484375 0.015625
1 0.1296875 0.5875 0.05 0.0203125
1 0.64765625 0.528125 0.0484375 0.01875
1 0.92578125 0.4578125 0.046875 0.015625
1 0.5375 0.48515625 0.046875 0.015625
1 0.6078125 0.4828125 0.0484375 0.015625
1 0.73203125 0.56328125 0.0484375 0.01875
1 0.05859375 0.5140625 0.05 0.01875
1 0.584375 0.4625 0.046875 0.015625
1 0.3078125 0.4515625 0.046875 0.015625
1 0.03671875 0.39921875 0.046875 0.0140625
1 0.53515625 0.9046875 0.046875 0.0109375
1 0.39140625 0.44921875 0.046875 0.015625
1 0.2625 0.521875 0.0484375 0.01875
1 0.58984375 0.546875 0.05 0.0203125
3 0.4515625 0.84921875 0.0828125 0.0578125
0 0.865625 0.20078125 0.0484375 0.0171875
1 0.0671875 0.4328125 0.0484375 0.015625
0 0.859375 0.14296875 0.0484375 0.0171875
1 0.678125 0.4625 0.046875 0.0171875
1 0.17421875 0.39140625 0.046875 0.0140625
1 0.31015625 0.42734375 0.046875 0.015625
3 0.5484375 0.83046875 0.0796875 0.046875
1 0.73515625 0.590625 0.0484375 0.01875
0 0.88828125 0.259375 0.046875 0.0171875
1 0.2984375 0.4296875 0.0484375 0.015625
1 0.48359375 0.41640625 0.046875 0.0140625
1 0.53359375 0.446875 0.046875 0.015625
1 0.63203125 0.40625 0.0453125 0.0140625
1 0.68515625 0.37890625 0.0453125 0.0125
1 0.328125 0.3828125 0.046875 0.015625
1 0.34140625 0.44375 0.046875 0.015625
1 0.5609375 0.43828125 0.046875 0.015625
1 0.60078125 0.3734375 0.0453125 0.0109375
1 0.65703125 0.45703125 0.046875 0.015625
1 0.56484375 0.3796875 0.0453125 0.0140625
1 0.309375 0.4015625 0.046875 0.015625
3 0.8359375 0.9359375 0.1578125 0.125
1 0.27109375 0.44296875 0.046875 0.015625
4 0.69921875 0.8765625 0.1234375 0.09375
1 0.40234375 0.49296875 0.0484375 0.0171875
1 0.12109375 0.3296875 0.0453125 0.0109375
1 0.93984375 0.41953125 0.046875 0.0125
1 0.35234375 0.36328125 0.0453125 0.0109375
0 0.83125 0.196875 0.0484375 0.0171875
1 0.5046875 0.42890625 0.0453125 0.0140625
1 0.578125 0.43359375 0.046875 0.015625
1 0.7109375 0.5390625 0.0484375 0.0171875
1 0.22109375 0.5828125 0.05 0.0203125
1 0.39609375 0.396875 0.0453125 0.0140625
1 0.66015625 0.3515625 0.04375 0.0140625
1 0.49765625 0.39609375 0.046875 0.0140625
1 0.13125 0.9578125 0.05625 0.0296875
1 0.56328125 0.3359375 0.0453125 0.0109375
1 0.2453125 0.41875 0.046875 0.015625
1 0.6359375 0.31953125 0.04375 0.0109375
1 0.36015625 0.37578125 0.0453125 0.0109375
1 0.29921875 0.48046875 0.046875 0.0171875
1 0.728125 0.52578125 0.0484375 0.015625
1 0.11953125 0.41484375 0.0453125 0.0140625
1 0.61015625 0.3078125 0.04375 0.0109375
0 0.81875 0.19765625 0.0484375 0.0171875
1 0.11640625 0.30234375 0.0453125 0.0109375
1 0.753125 0.925 0.0484375 0.0171875
1 0.95078125 0.42109375 0.0484375 0.0140625
0 0.8765625 0.1671875 0.0484375 0.015625
1 0.50390625 0.34453125 0.0453125 0.0109375
1 0.17421875 0.90703125 0.05 0.0203125
1 0.3515625 0.28671875 0.04375 0.0109375
1 0.0546875 0.3859375 0.046875 0.0140625
1 0.26484375 0.47265625 0.046875 0.0171875
0 0.853125 0.12109375 0.0484375 0.0171875
1 0.70859375 0.51484375 0.0484375 0.015625
1 0.61640625 0.34296875 0.0453125 0.0125
1 0.61875 0.90546875 0.046875 0.0125
1 0.81953125 0.3828125 0.0453125 0.0125
1 0.39609375 0.37578125 0.0453125 0.0125
1 0.9359375 0.63984375 0.0484375 0.0140625
1 0.0265625 0.365625 0.046875 0.0125
1 0.43515625 0.89921875 0.046875 0.0125
1 0.584375 0.378125 0.0453125 0.0125
1 0.04375 0.95859375 0.05625 0.034375
1 0.37109375 0.36171875 0.0453125 0.0125
1 0.16015625 0.39453125 0.0453125 0.0125
0 0.88828125 0.221875 0.0515625 0.028125
1 0.821875 0.41015625 0.0453125 0.0140625
1 0.1609375 0.88203125 0.046875 0.0140625
1 0.828125 0.328125 0.0453125 0.0125
1 0.81171875 0.36328125 0.04375 0.0109375
1 0.1890625 0.25390625 0.04375 0.009375
1 0.1265625 0.42890625 0.0484375 0.0140625
1 0.09453125 0.35625 0.046875 0.0125
0 0.87734375 0.25 0.0484375 0.0171875
1 0.14140625 0.2828125 0.0453125 0.0125
0 0.88984375 0.14609375 0.0484375 0.0171875
0 0.703125 0.7125 0.0484375 0.0171875
1 0.553125 0.3046875 0.04375 0.009375
1 0.18984375 0.28125 0.04375 0.0109375
1 0.06484375 0.54453125 0.046875 0.015625
0 0.69296875 0.80390625 0.0484375 0.021875
0 0.7125 0.71640625 0.046875 0.01875
1 0.3859375 0.37890625 0.0453125 0.0109375
1 0.55078125 0.27734375 0.04375 0.009375
1 0.58828125 0.3296875 0.0453125 0.0109375
1 0.1234375 0.46953125 0.0453125 0.0140625
1 0.096875 0.321875 0.0453125 0.0125
1 0.84296875 0.5015625 0.046875 0.0140625
1 0.60078125 0.33046875 0.0453125 0.0109375
1 0.42734375 0.29296875 0.04375 0.009375
1 0.1546875 0.38125 0.046875 0.0125
1 0.33671875 0.36640625 0.046875 0.015625
1 0.38046875 0.28828125 0.04375 0.009375
1 0.13671875 0.871875 0.0453125 0.0125
1 0.1171875 0.54140625 0.0453125 0.0109375
1 0.2890625 0.8921875 0.046875 0.0140625
1 0.38515625 0.3 0.0453125 0.0109375
1 0.52421875 0.27109375 0.04375 0.0109375
1 0.16953125 0.2765625 0.04375 0.009375
1 0.178125 0.28203125 0.0453125 0.009375
1 0.81796875 0.33828125 0.046875 0.0109375
1 0.03671875 0.3390625 0.0453125 0.0109375
1 0.0171875 0.5921875 0.034375 0.0125
1 0.490625 0.31953125 0.04375 0.009375
1 0.38125 0.36171875 0.046875 0.0109375
1 0.65078125 0.2765625 0.04375 0.009375
1 0.1359375 0.278125 0.0453125 0.0109375
1 0.4234375 0.30625 0.0453125 0.0109375
1 0.56640625 0.26015625 0.04375 0.009375
1 0.38125 0.3203125 0.046875 0.0109375
1 0.38984375 0.3484375 0.04375 0.009375
1 0.5453125 0.3328125 0.046875 0.0109375
1 0.534375 0.33828125 0.0453125 0.0125
1 0.54609375 0.903125 0.046875 0.0109375
1 0.08125 0.35234375 0.0453125 0.0140625
1 0.384375 0.40703125 0.0453125 0.0125
1 0.06953125 0.32421875 0.046875 0.0125
1 0.61640625 0.2609375 0.0421875 0.0078125
1 0.6734375 0.27734375 0.0421875 0.009375
1 0.39453125 0.27578125 0.0453125 0.0109375
0 0.9765625 0.03046875 0.046875 0.015625
1 0.44921875 0.88203125 0.0453125 0.009375
1 0.0890625 0.29140625 0.0453125 0.015625
1 0.28046875 0.865625 0.04375 0.009375
1 0.31484375 0.8953125 0.0484375 0.0125
1 0.96875 0.41171875 0.046875 0.0140625
1 0.49609375 0.37578125 0.046875 0.0140625
1 0.384375 0.3921875 0.0453125 0.009375
1 0.60625 0.90390625 0.046875 0.0125
1 0.371875 0.33046875 0.0453125 0.0109375
1 0.359375 0.3296875 0.046875 0.0140625
1 0.10234375 0.26953125 0.04375 0.0109375
1 0.72734375 0.51015625 0.046875 0.0109375
1 0.05234375 0.340625 0.04375 0.0109375
1 0.24296875 0.8703125 0.0453125 0.0109375
1 0.096875 0.96015625 0.0578125 0.034375
1 0.75859375 0.86640625 0.0453125 0.0109375
1 0.51640625 0.26875 0.04375 0.009375
1 0.01875 0.353125 0.0375 0.0125
1 0.15546875 0.25625 0.04375 0.009375
1 0.37109375 0.2578125 0.04375 0.0125
1 0.02578125 0.33984375 0.0484375 0.0125
1 0.11875 0.26875 0.046875 0.0125
1 0.3140625 0.88125 0.0453125 0.009375
1 0.5578125 0.32265625 0.0453125 0.0109375
1 0.06015625 0.321875 0.046875 0.0125
1 0.37421875 0.34453125 0.0453125 0.009375
1 0.603125 0.2625 0.04375 0.009375
1 0.775 0.88359375 0.0453125 0.0109375
1 0.49140625 0.49296875 0.0421875 0.0140625
1 0.9828125 0.41796875 0.034375 0.0140625
1 0.446875 0.26015625 0.0453125 0.0109375
1 0.1765625 0.86171875 0.04375 0.009375
1 0.58671875 0.903125 0.0484375 0.0140625
1 0.5796875 0.8671875 0.0421875 0.009375
1 0.10703125 0.29375 0.046875 0.0109375
1 0.6328125 0.27265625 0.0453125 0.009375
1 0.64609375 0.26171875 0.04375 0.009375
1 0.48984375 0.36953125 0.04375 0.009375
1 0.43984375 0.509375 0.0453125 0.0109375
1 0.19140625 0.63828125 0.04375 0.00625
1 0.9859375 0.3875 0.028125 0.009375
1 0.54765625 0.87265625 0.046875 0.0109375
1 0.4359375 0.88203125 0.046875 0.009375
1 0.95390625 0.4078125 0.0453125 0.0125
1 0.55703125 0.90234375 0.0484375 0.0125
1 0.06875 0.5296875 0.0484375 0.0140625
1 0.75078125 0.88828125 0.0453125 0.009375
1 0.709375 0.37890625 0.04375 0.009375
1 0.1765625 0.88203125 0.0453125 0.009375
1 0.26015625 0.86796875 0.0453125 0.009375
0 0.703125 0.8265625 0.0484375 0.01875
1 0.409375 0.35078125 0.04375 0.009375
1 0.16640625 0.2453125 0.04375 0.00625
1 0.03125 0.32421875 0.04375 0.0109375
1 0.07578125 0.96796875 0.05625 0.03125
1 0.52890625 0.53515625 0.04375 0.0109375
1 0.86484375 0.8671875 0.0453125 0.00625
1 0.34453125 0.35078125 0.04375 0.009375
1 0.1609375 0.86015625 0.0453125 0.0078125
1 0.35390625 0.64453125 0.0453125 0.00625
1 0.81953125 0.27109375 0.0453125 0.0140625
1 0.46328125 0.8921875 0.046875 0.0078125
1 0.38984375 0.25703125 0.04375 0.0109375
1 0.11875 0.86328125 0.04375 0.009375
1 0.98359375 0.39921875 0.0328125 0.0140625
1 0.9546875 0.9921875 0.0546875 0.0125
1 0.934375 0.9171875 0.046875 0.0125
1 0.05 0.31484375 0.0453125 0.0109375
1 0.771875 0.86484375 0.04375 0.0078125
1 0.88125 0.29296875 0.04375 0.009375
1 0.1125 0.5546875 0.04375 0.009375
0 0.69375 0.75390625 0.0453125 0.0109375