3 0.34375 0.39765625 0.0953125 0.1
2 0.7515625 0.2015625 0.1046875 0.065625
1 0.86171875 0.40546875 0.028125 0.01875
1 0.85546875 0.54921875 0.03125 0.025
3 0.8453125 0.33125 0.084375 0.0703125
1 0.42578125 0.58828125 0.0296875 0.0203125
1 0.42578125 0.89765625 0.028125 0.0203125
1 0.31953125 0.47421875 0.028125 0.01875
1 0.4453125 0.47421875 0.028125 0.0203125
1 0.51484375 0.4171875 0.0265625 0.015625
1 0.965625 0.38515625 0.0265625 0.0171875
1 0.53359375 0.44140625 0.0265625 0.01875
4 0.41796875 0.3421875 0.09375 0.0875
1 0.39375 0.52890625 0.028125 0.021875
2 0.22890625 0.24375 0.1109375 0.053125
1 0.6171875 0.434375 0.028125 0.01875
1 0.16171875 0.4515625 0.0265625 0.0171875
1 0.8375 0.40546875 0.0265625 0.0171875
1 0.559375 0.42421875 0.0265625 0.0171875
1 0.55234375 0.5125 0.028125 0.021875
1 0.76953125 0.44296875 0.028125 0.0234375
1 0.26171875 0.89609375 0.0265625 0.0171875
1 0.37421875 0.45 0.028125 0.021875
1 0.68828125 0.371875 0.0265625 0.0171875
1 0.57109375 0.32578125 0.025 0.0140625
1 0.025 0.46328125 0.028125 0.0171875
1 0.56875 0.40234375 0.0265625 0.0171875
1 0.11953125 0.509375 0.025 0.0171875
1 0.7421875 0.55703125 0.0296875 0.0234375
1 0.278125 0.47734375 0.0265625 0.01875
1 0.9359375 0.32734375 0.0265625 0.015625
1 0.45859375 0.44453125 0.0265625 0.01875
1 0.7296875 0.53203125 0.0296875 0.0234375
1 0.92578125 0.50625 0.0296875 0.0234375
1 0.81875 0.4390625 0.028125 0.01875
1 0.18046875 0.44453125 0.0265625 0.0171875
1 0.303125 0.446875 0.025 0.0140625
0 0.80625 0.128125 0.0296875 0.0203125
3 0.103125 0.59375 0.159375 0.146875
1 0.6296875 0.42734375 0.028125 0.01875
1 0.09453125 0.43515625 0.0265625 0.0171875
1 0.18046875 0.365625 0.025 0.0140625
1 0.89375 0.346875 0.025 0.015625
1 0.54453125 0.43828125 0.028125 0.015625
1 0.459375 0.4 0.0265625 0.015625
1 0.25390625 0.9671875 0.0359375 0.0328125
1 0.625 0.36328125 0.0265625 0.0140625
1 0.58984375 0.3625 0.0265625 0.0140625
1 0.7046875 0.33046875 0.0265625 0.015625
1 0.628125 0.39375 0.028125 0.015625
1 0.175 0.6671875 0.0296875 0.0203125
1 0.2828125 0.90234375 0.028125 0.01875
1 0.2390625 0.6578125 0.03125 0.025
1 0.44140625 0.41171875 0.025 0.0171875
1 0.60078125 0.38203125 0.0265625 0.0140625
1 0.68359375 0.33203125 0.0265625 0.0140625
1 0.259375 0.45 0.028125 0.0171875
1 0.13984375 0.37421875 0.025 0.0140625
1 0.91796875 0.30546875 0.025 0.0140625
1 0.0125 0.6125 0.025 0.01875
1 0.49609375 0.628125 0.0296875 0.0234375
1 0.45703125 0.41953125 0.0265625 0.0171875
1 0.8125 0.39453125 0.0265625 0.0171875
1 0.1453125 0.35234375 0.0234375 0.0125
1 0.44765625 0.89375 0.028125 0.0203125
1 0.2890625 0.496875 0.0265625 0.0171875
1 0.6046875 0.3671875 0.025 0.015625
1 0.54765625 0.453125 0.028125 0.0171875
1 0.67109375 0.353125 0.028125 0.015625
1 0.26640625 0.86953125 0.0234375 0.0125
1 0.4578125 0.384375 0.025 0.0140625
1 0.9484375 0.36875 0.028125 0.0171875
1 0.18984375 0.44921875 0.0265625 0.0171875
4 0.85234375 0.88671875 0.1765625 0.184375
1 0.678125 0.31171875 0.0265625 0.015625
1 0.23671875 0.94921875 0.034375 0.028125
1 0.9890625 0.39296875 0.021875 0.0171875
1 0.54609375 0.42109375 0.0265625 0.015625
1 0.3828125 0.3125 0.025 0.0140625
1 0.33984375 0.3140625 0.0234375 0.0125
1 0.19609375 0.42265625 0.0265625 0.0171875
1 0.53046875 0.37890625 0.0265625 0.015625
1 0.54140625 0.38515625 0.0265625 0.0171875
1 0.4703125 0.3046875 0.025 0.0125
1 0.37265625 0.88671875 0.0265625 0.0171875
1 0.46171875 0.8921875 0.028125 0.021875
1 0.16640625 0.33203125 0.0234375 0.0125
1 0.559375 0.375 0.0265625 0.0171875
1 0.39609375 0.3828125 0.0234375 0.0125
0 0.83046875 0.08359375 0.0296875 0.0203125
1 0.62734375 0.37890625 0.028125 0.015625
1 0.08671875 0.45546875 0.0265625 0.015625
1 0.96171875 0.3421875 0.0296875 0.0171875
1 0.33359375 0.3390625 0.025 0.0125
1 0.91015625 0.29296875 0.025 0.0140625
1 0.84453125 0.39375 0.025 0.015625
1 0.0703125 0.4 0.0265625 0.015625
1 0.175 0.4734375 0.021875 0.0109375
0 0.8828125 0.02578125 0.03125 0.021875
1 0.7203125 0.86328125 0.0265625 0.0171875
1 0.00546875 0.47578125 0.0109375 0.0203125
1 0.1390625 0.953125 0.034375 0.0265625
1 0.2078125 0.91484375 0.03125 0.025
1 0.80859375 0.371875 0.0234375 0.015625
1 0.59453125 0.3734375 0.025 0.015625
1 0.2296875 0.87421875 0.0234375 0.0125
1 0.26796875 0.94296875 0.03125 0.0265625
1 0.81640625 0.27734375 0.0234375 0.0125
1 0.15234375 0.3296875 0.0234375 0.0109375
1 0.7015625 0.859375 0.028125 0.0203125
1 0.43125 0.88203125 0.0265625 0.015625
1 0.36328125 0.3375 0.0265625 0.0140625
1 0.48515625 0.47890625 0.025 0.0140625
1 0.05625 0.4140625 0.0265625 0.015625
1 0.08671875 0.375 0.0265625 0.015625
1 0.584375 0.83984375 0.0265625 0.015625
1 0.8265625 0.5921875 0.025 0.0140625
1 0.3546875 0.32734375 0.0234375 0.0125
1 0.96484375 0.3671875 0.0265625 0.0140625
1 0.29375 0.96953125 0.0296875 0.0328125
1 0.8328125 0.27890625 0.0265625 0.0140625
1 0.98359375 0.34609375 0.0265625 0.015625
1 0.45078125 0.30703125 0.0234375 0.0109375
1 0.03671875 0.68203125 0.03125 0.01875
1 0.10234375 0.36796875 0.028125 0.0140625
1 0.209375 0.95 0.028125 0.021875
1 0.19453125 0.915625 0.028125 0.0171875
1 0.3984375 0.878125 0.03125 0.0203125
1 0.896875 0.29375 0.0265625 0.015625
1 0.0234375 0.43203125 0.0265625 0.015625
1 0.121875 0.9515625 0.03125 0.025
1 0.5640625 0.8375 0.025 0.0125
1 0.32109375 0.85390625 0.025 0.0125
0 0.71015625 0.76328125 0.028125 0.0171875
1 0.46796875 0.8515625 0.0234375 0.0125
1 0.01171875 0.4734375 0.0234375 0.015625
1 0.94765625 0.35625 0.0265625 0.0125
1 0.5953125 0.83671875 0.025 0.015625
4 0.990625 0.5546875 0.01875 0.078125
1 0.99375 0.95546875 0.0125 0.0203125
1 0.13125 0.33203125 0.025 0.0140625
1 0.59375 0.81015625 0.028125 0.0203125
1 0.1296875 0.3515625 0.0265625 0.0125
1 0.19765625 0.4421875 0.028125 0.0140625
1 0.20078125 0.95859375 0.0328125 0.0234375
1 0.33125 0.35 0.0234375 0.0109375
1 0.35546875 0.87578125 0.0234375 0.0140625
1 0.54140625 0.3734375 0.028125 0.0125
1 0.17578125 0.97734375 0.0359375 0.0328125
1 0.33515625 0.9953125 0.0390625 0.009375
1 0.48046875 0.853125 0.021875 0.009375
1 0.46953125 0.6515625 0.025 0.009375
1 0.55234375 0.371875 0.0265625 0.0140625
1 0.934375 0.29140625 0.0265625 0.0140625
1 0.28125 0.85859375 0.021875 0.0109375
1 0.54453125 0.82890625 0.025 0.0125
1 0.11171875 0.3640625 0.0265625 0.0171875
1 0.30859375 0.8578125 0.0234375 0.0109375
0 0.8640625 0.0203125 0.03125 0.0234375