3 0.77265625 0.83046875 0.0828125 0.084375
2 0.7546875 0.2046875 0.096875 0.065625
3 0.85390625 0.3546875 0.0953125 0.08125
4 0.86640625 0.290625 0.084375 0.0890625
1 0.0296875 0.46953125 0.01875 0.0171875
1 0.471875 0.58515625 0.0203125 0.021875
3 0.26484375 0.446875 0.0890625 0.1109375
1 0.153125 0.58046875 0.0203125 0.0234375
1 0.775 0.540625 0.0203125 0.0234375
1 0.009375 0.5078125 0.01875 0.0171875
1 0.74609375 0.521875 0.0203125 0.021875
2 0.23515625 0.240625 0.1 0.0515625
3 0.17734375 0.92578125 0.1578125 0.1484375
1 0.790625 0.5765625 0.0203125 0.0171875
1 0.7765625 0.61484375 0.021875 0.021875
1 0.640625 0.88828125 0.021875 0.0234375
1 0.61640625 0.3921875 0.0171875 0.01875
1 0.1828125 0.4109375 0.015625 0.015625
1 0.9609375 0.378125 0.01875 0.0171875
1 0.03984375 0.44296875 0.0171875 0.0171875
1 0.81640625 0.41015625 0.01875 0.01875
1 0.74140625 0.5671875 0.0203125 0.025
1 0.4046875 0.44921875 0.0171875 0.0171875
1 0.21640625 0.58046875 0.0203125 0.0234375
1 0.89453125 0.5546875 0.021875 0.021875
1 0.79921875 0.6015625 0.0203125 0.0203125
1 0.42734375 0.64453125 0.021875 0.021875
1 0.353125 0.38671875 0.0171875 0.015625
1 0.471875 0.35625 0.0140625 0.015625
1 0.0140625 0.47421875 0.01875 0.01875
1 0.93203125 0.3609375 0.0171875 0.0171875
1 0.10546875 0.4203125 0.0171875 0.0171875
1 0.67265625 0.384375 0.015625 0.0171875
1 0.3953125 0.43984375 0.0171875 0.0171875
1 0.0625 0.4390625 0.0171875 0.0171875
1 0.9140625 0.46875 0.01875 0.0203125
1 0.00625 0.42421875 0.0125 0.0171875
4 0.8609375 0.815625 0.046875 0.0609375
1 0.6890625 0.89609375 0.0171875 0.0109375
1 0.62265625 0.3375 0.015625 0.015625
1 0.65859375 0.39609375 0.0171875 0.0171875
1 0.09296875 0.38984375 0.0171875 0.0171875
1 0.6046875 0.87578125 0.01875 0.0203125
1 0.62421875 0.31015625 0.0140625 0.0140625
1 0.98671875 0.37109375 0.015625 0.015625
1 0.07578125 0.4171875 0.0171875 0.0125
1 0.6890625 0.34921875 0.0171875 0.0171875
1 0.59453125 0.32890625 0.0140625 0.015625
1 0.86328125 0.615625 0.021875 0.0234375
1 0.646875 0.41484375 0.01875 0.0171875
1 0.91875 0.89765625 0.0203125 0.0234375
1 0.7609375 0.603125 0.021875 0.0171875
1 0.303125 0.4421875 0.015625 0.015625
1 0.48125 0.31796875 0.0140625 0.0140625
1 0.6078125 0.31171875 0.0140625 0.0125
1 0.12890625 0.36171875 0.015625 0.0140625
1 0.89765625 0.8796875 0.0203125 0.0234375
1 0.33828125 0.87578125 0.015625 0.015625
1 0.0859375 0.4390625 0.0171875 0.01875
1 0.3578125 0.31015625 0.0125 0.0125
1 0.678125 0.86171875 0.0171875 0.0171875
1 0.175 0.3203125 0.015625 0.0125
1 0.35078125 0.87421875 0.0140625 0.0140625
1 0.10234375 0.36953125 0.015625 0.0140625
1 0.1578125 0.33671875 0.0140625 0.0125
1 0.1953125 0.65546875 0.01875 0.0234375
1 0.9109375 0.3296875 0.0171875 0.015625
1 0.83515625 0.828125 0.0125 0.0109375
1 0.96171875 0.35859375 0.0171875 0.0171875
1 0.24921875 0.8953125 0.0171875 0.0171875
1 0.28828125 0.50546875 0.015625 0.0140625
1 0.3015625 0.42578125 0.015625 0.0140625
1 0.13515625 0.66640625 0.0203125 0.015625
1 0.94375 0.89296875 0.021875 0.0203125
1 0.88046875 0.97265625 0.025 0.015625
1 0.6140625 0.33125 0.015625 0.0125
1 0.74296875 0.61171875 0.0203125 0.0234375
1 0.85703125 0.85078125 0.015625 0.0140625
1 0.86875 0.865625 0.01875 0.01875
1 0.890625 0.57265625 0.0203125 0.0125
1 0.2859375 0.93359375 0.01875 0.0234375
1 0.240625 0.91171875 0.0203125 0.0203125
1 0.07578125 0.390625 0.0171875 0.015625
1 0.44296875 0.3515625 0.015625 0.015625
1 0.16015625 0.321875 0.0140625 0.0125
1 0.2921875 0.85703125 0.0140625 0.0125
1 0.21640625 0.621875 0.01875 0.0140625
1 0.978125 0.3546875 0.0171875 0.0125
0 0.89453125 0.78671875 0.0140625 0.0140625
1 0.8140625 0.8296875 0.0140625 0.0125
1 0.96484375 0.340625 0.01875 0.015625
1 0.140625 0.33671875 0.015625 0.0140625
1 0.69609375 0.8234375 0.0125 0.009375
1 0.8921875 0.3265625 0.0140625 0.0140625
1 0.0734375 0.43203125 0.0171875 0.01875
1 0.41640625 0.3359375 0.015625 0.0125
1 0.9328125 0.34765625 0.0171875 0.0109375
1 0.68671875 0.8515625 0.0171875 0.0171875
1 0.315625 0.85625 0.0140625 0.0109375
1 0.06953125 0.40390625 0.0171875 0.0140625
1 0.14921875 0.33671875 0.015625 0.0140625
0 0.0921875 0.98984375 0.028125 0.0203125
1 0.00390625 0.48515625 0.0078125 0.0140625
1 0.9421875 0.33125 0.0171875 0.0140625
1 0.6953125 0.58828125 0.0171875 0.0125
1 0.159375 0.6671875 0.0171875 0.0125
1 0.03671875 0.42109375 0.0140625 0.0140625
1 0.10859375 0.36015625 0.0140625 0.0125
1 0.3375 0.30546875 0.015625 0.0125
1 0.978125 0.34140625 0.01875 0.015625
1 0.93203125 0.33046875 0.01875 0.015625
1 0.234375 0.89453125 0.0171875 0.0171875
1 0.975 0.3671875 0.01875 0.0140625
1 0.2578125 0.890625 0.0171875 0.015625
1 0.09921875 0.96484375 0.0234375 0.028125
1 0.92109375 0.328125 0.0171875 0.015625
1 0.98828125 0.34375 0.0125 0.0125
1 0.23359375 0.859375 0.015625 0.0109375
1 0.12421875 0.53203125 0.015625 0.0125
1 0.81953125 0.28203125 0.015625 0.0125
1 0.69140625 0.60234375 0.015625 0.0140625
1 0.309375 0.8578125 0.0140625 0.0140625