2 0.7703125 0.21875 0.0859375 0.0625
4 0.70234375 0.434375 0.078125 0.1109375
3 0.0421875 0.4453125 0.08203125 0.09609375
3 0.23828125 0.87421875 0.125 0.12578125
3 0.73203125 0.83046875 0.0625 0.05859375
1 0.79375 0.575 0.0140625 0.02421875
1 0.359375 0.44453125 0.009375 0.01796875
1 0.41015625 0.43203125 0.01015625 0.0171875
1 0.9171875 0.4203125 0.0109375 0.01796875
1 0.71015625 0.5328125 0.0109375 0.01953125
1 0.4671875 0.5625 0.01328125 0.02421875
1 0.0703125 0.54609375 0.01328125 0.021875
1 0.48671875 0.38046875 0.00859375 0.01484375
1 0.28515625 0.44375 0.0109375 0.01796875
1 0.75703125 0.42265625 0.0109375 0.01875
1 0.09765625 0.490625 0.01171875 0.01875
0 0.2328125 0.22109375 0.009375 0.015625
1 0.10390625 0.45234375 0.01015625 0.01640625
1 0.1328125 0.56171875 0.0125 0.02265625
1 0.5546875 0.440625 0.01015625 0.015625
1 0.71484375 0.57421875 0.0125 0.02265625
1 0.31640625 0.48046875 0.0109375 0.01875
1 0.31875 0.54609375 0.01171875 0.021875
1 0.765625 0.884375 0.0109375 0.01953125
1 0.990625 0.38125 0.0109375 0.01640625
1 0.35390625 0.42578125 0.01015625 0.01796875
0 0.20703125 0.1625 0.01015625 0.01953125
1 0.64609375 0.86796875 0.0109375 0.01875
1 0.37421875 0.365625 0.00859375 0.0140625
1 0.6578125 0.4046875 0.009375 0.01640625
4 0.5421875 0.82265625 0.0546875 0.0671875
1 0.15078125 0.4203125 0.01015625 0.015625
1 0.9015625 0.36875 0.009375 0.01484375
1 0.29609375 0.50078125 0.01171875 0.01875
1 0.51015625 0.4296875 0.009375 0.01640625
1 0.921875 0.34453125 0.009375 0.01484375
1 0.46875 0.371875 0.009375 0.01484375
1 0.1171875 0.4875 0.01015625 0.01953125
0 0.259375 0.79140625 0.0140625 0.02734375
1 0.3453125 0.33203125 0.0078125 0.01328125
0 0.21953125 0.21171875 0.0109375 0.01875
1 0.06640625 0.5109375 0.01171875 0.01953125
0 0.26171875 0.18515625 0.01015625 0.01796875
1 0.0953125 0.6421875 0.01484375 0.02265625
1 0.19375 0.38984375 0.00859375 0.015625
1 0.28515625 0.46875 0.0109375 0.01875
1 0.69921875 0.33046875 0.00859375 0.01328125
1 0.31640625 0.45625 0.0109375 0.015625
1 0.17421875 0.41953125 0.01015625 0.015625
1 0.46015625 0.39609375 0.009375 0.01640625
1 0.59609375 0.4375 0.0109375 0.01875
1 0.50859375 0.36484375 0.00859375 0.01484375
0 0.18828125 0.21484375 0.01171875 0.02109375
1 0.1140625 0.3859375 0.00859375 0.01484375
0 0.06015625 0.28359375 0.01328125 0.02421875
1 0.7 0.34375 0.00859375 0.015625
1 0.665625 0.30546875 0.01015625 0.0140625
1 0.334375 0.64375 0.0125 0.01875
1 0.31796875 0.4203125 0.00859375 0.01640625
1 0.5578125 0.4046875 0.009375 0.015625
0 0.09375 0.11875 0.0125 0.021875
1 0.5734375 0.4703125 0.0109375 0.01875
1 0.7 0.53125 0.0109375 0.015625
1 0.0796875 0.50546875 0.0125 0.01875
0 0.25625 0.21640625 0.00859375 0.01328125
1 0.85546875 0.334375 0.0078125 0.0140625
1 0.3375 0.46484375 0.0109375 0.01875
0 0.071875 0.22109375 0.0125 0.02265625
1 0.05 0.92890625 0.01484375 0.02890625
1 0.85234375 0.95390625 0.01875 0.034375
1 0.68125 0.3734375 0.01015625 0.0171875
0 0.0953125 0.15078125 0.01171875 0.021875
1 0.11171875 0.4046875 0.01015625 0.01484375
1 0.5296875 0.890625 0.01328125 0.0234375
1 0.309375 0.57578125 0.01171875 0.021875
1 0.4796875 0.3421875 0.00703125 0.01328125
1 0.7328125 0.52890625 0.0125 0.0203125
0 0.1484375 0.025 0.01328125 0.0265625
1 0.1671875 0.40390625 0.00859375 0.01484375
1 0.3453125 0.3046875 0.0078125 0.0125
1 0.09609375 0.4234375 0.01015625 0.01640625
1 0.7625 0.48671875 0.0109375 0.01875
1 0.08125 0.9046875 0.01484375 0.02421875
1 0.43984375 0.90078125 0.0125 0.01640625
1 0.16015625 0.90390625 0.01640625 0.02734375
0 0.20234375 0.1359375 0.0109375 0.01875
1 0.30546875 0.42421875 0.009375 0.0171875
1 0.66328125 0.36484375 0.01015625 0.0140625
1 0.16015625 0.31953125 0.00703125 0.0125
1 0.65 0.46640625 0.0109375 0.01953125
1 0.68984375 0.546875 0.01171875 0.021875
1 0.31953125 0.378125 0.00703125 0.01484375
1 0.51796875 0.41640625 0.01015625 0.015625
0 0.2765625 0.7328125 0.0140625 0.0265625
0 0.23828125 0.20703125 0.00859375 0.0140625
1 0.4234375 0.33203125 0.00703125 0.01328125
0 0.16875 0.0109375 0.0125 0.02109375
1 0.315625 0.39765625 0.009375 0.01640625
1 0.275 0.46796875 0.0109375 0.0171875
1 0.61328125 0.43203125 0.01015625 0.0171875
4 0.771875 0.8265625 0.0375 0.04609375
1 0.45078125 0.37265625 0.009375 0.01484375
1 0.7515625 0.52734375 0.0125 0.01953125
1 0.9453125 0.3453125 0.01015625 0.015625
1 0.72265625 0.51171875 0.0109375 0.01953125
1 0.74375 0.49921875 0.01171875 0.01875
1 0.38125 0.303125 0.00625 0.01171875
1 0.54921875 0.41796875 0.01015625 0.0140625
0 0.18359375 0.0234375 0.01171875 0.0203125
1 0.13046875 0.40859375 0.01015625 0.01640625
1 0.64375 0.30546875 0.00703125 0.0125
1 0.56796875 0.3375 0.00859375 0.015625
1 0.50390625 0.33515625 0.00703125 0.0125
0 0.19296875 0.07421875 0.0109375 0.01875
1 0.4296875 0.40234375 0.0078125 0.01171875
0 0.14140625 0.05234375 0.0125 0.01953125
0 0.28515625 0.7671875 0.00859375 0.0125
1 0.140625 0.4046875 0.01015625 0.015625
1 0.63515625 0.46171875 0.01171875 0.01875
0 0.12578125 0.09375 0.01171875 0.02109375
1 0.27890625 0.5109375 0.01015625 0.01875
1 0.915625 0.87734375 0.009375 0.015625
1 0.52890625 0.33046875 0.00859375 0.0125
1 0.84140625 0.86875 0.0078125 0.01328125
1 0.0984375 0.40390625 0.0109375 0.01484375
1 0.0828125 0.4015625 0.01015625 0.01640625
1 0.65546875 0.37890625 0.009375 0.01328125
0 0.25234375 0.75 0.01328125 0.02734375
1 0.89296875 0.30390625 0.0078125 0.01171875
0 0.1703125 0.2046875 0.0109375 0.015625
1 0.2953125 0.8703125 0.01015625 0.015625
0 0.26796875 0.76875 0.00859375 0.0140625
1 0.18515625 0.3890625 0.009375 0.015625
1 0.73828125 0.61875 0.0125 0.01953125
1 0.43046875 0.30234375 0.0078125 0.01328125
1 0.88828125 0.3265625 0.009375 0.0140625
1 0.65234375 0.36640625 0.009375 0.0171875
1 0.48984375 0.3203125 0.00859375 0.0125
1 0.934375 0.328125 0.01171875 0.01640625
1 0.08046875 0.42421875 0.01015625 0.01640625
1 0.7359375 0.490625 0.0109375 0.015625
1 0.540625 0.3359375 0.00859375 0.0140625
0 0.18671875 0.13046875 0.0109375 0.015625
1 0.14296875 0.32421875 0.0078125 0.01328125
1 0.35234375 0.89609375 0.01171875 0.0203125
1 0.3734375 0.9 0.01015625 0.015625
1 0.0890625 0.97890625 0.0203125 0.03984375
1 0.56015625 0.85078125 0.00703125 0.009375
1 0.934375 0.9453125 0.00703125 0.01796875
1 0.30078125 0.4640625 0.01328125 0.01953125
1 0.09765625 0.39296875 0.009375 0.0125
0 0.2421875 0.246875 0.0078125 0.01015625
1 0.365625 0.4671875 0.009375 0.0125
1 0.90234375 0.31640625 0.0078125 0.0125
1 0.3171875 0.44296875 0.009375 0.01171875
1 0.54921875 0.325 0.00859375 0.0125
1 0.175 0.9015625 0.01328125 0.0234375
1 0.13203125 0.88828125 0.01171875 0.02109375
1 0.97265625 0.3484375 0.0078125 0.01484375
1 0.30546875 0.85703125 0.00859375 0.01328125
1 0.88984375 0.859375 0.0078125 0.0140625
1 0.5546875 0.42734375 0.01015625 0.01171875
1 0.85 0.30390625 0.009375 0.01171875
0 0.27265625 0.159375 0.00859375 0.0125
1 0.36953125 0.35 0.00546875 0.0109375
1 0.92421875 0.946875 0.00859375 0.01796875
1 0.9296875 0.934375 0.0109375 0.01328125
1 0.07265625 0.40234375 0.01015625 0.0171875
1 0.91328125 0.86328125 0.0078125 0.01171875
1 0.84140625 0.30546875 0.00703125 0.01484375
1 0.93671875 0.87734375 0.009375 0.0140625
0 0.21875 0.1265625 0.01171875 0.015625
1 0.3671875 0.88671875 0.00859375 0.0125
1 0.85 0.85234375 0.0078125 0.0109375
4 0.9734375 0.89296875 0.053125 0.1859375
0 0.12109375 0.0546875 0.01171875 0.01875
0 0.2859375 0.23125 0.0109375 0.01328125
1 0.8125 0.84453125 0.009375 0.01015625
1 0.1703125 0.88046875 0.009375 0.015625
1 0.62578125 0.29765625 0.00859375 0.01484375
1 0.7171875 0.31640625 0.009375 0.0140625
0 0.2234375 0.79375 0.00859375 0.01484375
1 0.3078125 0.35078125 0.00703125 0.0109375
1 0.1546875 0.30625 0.0078125 0.0125
1 0.2734375 0.4984375 0.00859375 0.01015625
1 0.159375 0.8765625 0.009375 0.015625
1 0.43671875 0.30859375 0.0078125 0.0125
1 0.728125 0.334375 0.0078125 0.01484375
1 0.09921875 0.3296875 0.009375 0.01328125
0 0.2859375 0.70546875 0.009375 0.0140625
0 0.7703125 0.13203125 0.00859375 0.0171875
0 0.746875 0.715625 0.009375 0.0140625
1 0.57109375 0.83515625 0.0078125 0.0109375
1 0.97578125 0.996875 0.0109375 0.00625
1 0.88515625 0.853125 0.00703125 0.01015625
1 0.921875 0.31875 0.00859375 0.01328125
1 0.09609375 0.34765625 0.009375 0.01640625
1 0.0828125 0.378125 0.009375 0.01328125
1 0.82890625 0.84453125 0.0078125 0.0109375
1 0.46328125 0.8515625 0.00859375 0.0125
1 0.3984375 0.296875 0.009375 0.0125
0 0.27421875 0.71328125 0.01015625 0.0140625
1 0.40859375 0.3 0.00859375 0.0125