4 0.55390625 0.43671875 0.0984375 0.1109375
2 0.26171875 0.19609375 0.096875 0.059375
1 0.06171875 0.43671875 0.0171875 0.01875
2 0.77890625 0.23046875 0.0953125 0.0671875
1 0.45078125 0.40234375 0.015625 0.0171875
3 0.47890625 0.51640625 0.121875 0.1328125
3 0.6390625 0.4671875 0.0984375 0.11875
1 0.79609375 0.46953125 0.01875 0.021875
1 0.321875 0.47734375 0.0171875 0.0203125
1 0.5921875 0.54453125 0.0171875 0.0203125
1 0.728125 0.6171875 0.01875 0.0234375
1 0.62734375 0.5765625 0.01875 0.0203125
1 0.01328125 0.409375 0.0171875 0.01875
1 0.94921875 0.428125 0.015625 0.015625
3 0.7703125 0.8609375 0.0546875 0.0625
1 0.8796875 0.38671875 0.015625 0.015625
1 0.17578125 0.42578125 0.0171875 0.01875
1 0.32890625 0.38515625 0.015625 0.0171875
1 0.6296875 0.55 0.0171875 0.0203125
0 0.80234375 0.184375 0.0171875 0.0203125
1 0.3140625 0.40625 0.015625 0.0171875
1 0.1609375 0.91171875 0.0203125 0.025
1 0.32265625 0.43203125 0.0171875 0.0171875
1 0.01953125 0.45390625 0.0171875 0.01875
1 0.28671875 0.553125 0.01875 0.021875
1 0.7671875 0.48203125 0.0171875 0.01875
1 0.04921875 0.378125 0.0171875 0.0203125
1 0.2859375 0.46796875 0.0171875 0.01875
1 0.70390625 0.59375 0.01875 0.0234375
1 0.8484375 0.63984375 0.01875 0.0171875
1 0.67734375 0.89921875 0.015625 0.015625
1 0.7109375 0.51796875 0.0171875 0.0203125
1 0.909375 0.4375 0.015625 0.015625
1 0.32265625 0.88203125 0.0140625 0.015625
1 0.771875 0.91640625 0.0171875 0.0203125
1 0.61484375 0.534375 0.01875 0.01875
1 0.7234375 0.5046875 0.0171875 0.01875
1 0.153125 0.321875 0.0140625 0.015625
1 0.05546875 0.359375 0.0171875 0.0171875
1 0.19765625 0.86953125 0.0140625 0.0171875
1 0.0890625 0.40859375 0.0171875 0.0171875
1 0.99296875 0.496875 0.0140625 0.01875
1 0.36953125 0.42890625 0.015625 0.01875
1 0.29453125 0.446875 0.015625 0.01875
1 0.134375 0.40703125 0.0171875 0.0171875
1 0.66171875 0.5453125 0.0171875 0.0203125
1 0.30546875 0.44453125 0.015625 0.015625
1 0.80078125 0.903125 0.015625 0.0171875
1 0.10234375 0.39609375 0.015625 0.0171875
1 0.8265625 0.40234375 0.015625 0.015625
1 0.57578125 0.90078125 0.015625 0.0171875
1 0.67265625 0.63203125 0.0171875 0.0140625
1 0.4109375 0.371875 0.0140625 0.015625
1 0.72109375 0.89921875 0.0203125 0.0203125
1 0.41328125 0.43359375 0.0171875 0.01875
1 0.75234375 0.56484375 0.015625 0.015625
0 0.76328125 0.1890625 0.015625 0.0171875
1 0.61875 0.340625 0.0140625 0.0140625
1 0.36015625 0.34921875 0.0140625 0.015625
1 0.503125 0.37890625 0.0171875 0.0171875
1 0.26328125 0.5203125 0.0171875 0.0203125
1 0.4734375 0.36640625 0.0140625 0.015625
1 0.8734375 0.9609375 0.0203125 0.0234375
1 0.83203125 0.98984375 0.025 0.0203125
1 0.15625 0.44453125 0.0171875 0.01875
1 0.2734375 0.5 0.01875 0.01875
1 0.6734375 0.41328125 0.0140625 0.015625
1 0.09765625 0.91015625 0.021875 0.0265625
4 0.6265625 0.8796875 0.08125 0.090625
1 0.2640625 0.48203125 0.015625 0.0171875
1 0.49765625 0.35703125 0.0140625 0.015625
1 0.67421875 0.39375 0.015625 0.015625
1 0.58828125 0.375 0.0140625 0.0140625
1 0.8375 0.49921875 0.0171875 0.0171875
0 0.26328125 0.75703125 0.0203125 0.0265625
1 0.93984375 0.36953125 0.015625 0.015625
1 0.834375 0.96015625 0.0203125 0.0265625
1 0.53125 0.3109375 0.0125 0.015625
1 0.653125 0.621875 0.0125 0.015625
1 0.11484375 0.28203125 0.0125 0.0140625
1 0.6546875 0.29921875 0.0125 0.0125
1 0.60625 0.3828125 0.015625 0.015625
1 0.55859375 0.28828125 0.0140625 0.0171875
1 0.30703125 0.8953125 0.0140625 0.0125
1 0.65625 0.34609375 0.0140625 0.015625
1 0.884375 0.32265625 0.0140625 0.0140625
1 0.89296875 0.621875 0.0171875 0.0203125
1 0.9265625 0.42421875 0.0171875 0.0171875
1 0.353125 0.271875 0.0125 0.0125
1 0.21015625 0.6203125 0.0203125 0.0203125
0 0.7875 0.17734375 0.0171875 0.021875
1 0.5046875 0.3296875 0.0140625 0.0140625
1 0.4 0.3328125 0.0140625 0.015625
1 0.7453125 0.54921875 0.0171875 0.01875
1 0.6203125 0.30703125 0.0125 0.0140625
0 0.82890625 0.24921875 0.0171875 0.01875
1 0.696875 0.4015625 0.015625 0.015625
1 0.6765625 0.590625 0.0171875 0.021875
1 0.60234375 0.34453125 0.0140625 0.0140625
1 0.27421875 0.48359375 0.0171875 0.015625
1 0.1734375 0.24296875 0.0140625 0.0140625
1 0.1546875 0.41875 0.015625 0.01875
1 0.2546875 0.50546875 0.015625 0.0171875
1 0.50703125 0.2703125 0.0125 0.0140625
1 0.4578125 0.34140625 0.015625 0.015625
1 0.15234375 0.88828125 0.015625 0.01875
1 0.759375 0.5984375 0.01875 0.0203125
1 0.61484375 0.36796875 0.0140625 0.0171875
1 0.28671875 0.49921875 0.0171875 0.0203125
1 0.5796875 0.34609375 0.0140625 0.0140625
1 0.02578125 0.34375 0.015625 0.015625
1 0.3953125 0.63828125 0.015625 0.0171875
1 0.99609375 0.45390625 0.0078125 0.0171875
1 0.72265625 0.86796875 0.015625 0.01875
1 0.4203125 0.2953125 0.0140625 0.0140625
1 0.73828125 0.4828125 0.015625 0.0171875
1 0.85 0.303125 0.0125 0.0140625
1 0.6359375 0.371875 0.015625 0.015625
1 0.8234375 0.42578125 0.01875 0.01875
0 0.75390625 0.8078125 0.0125 0.0140625
1 0.66875 0.26953125 0.0125 0.0125
1 0.73671875 0.56953125 0.015625 0.015625
1 0.6421875 0.315625 0.0140625 0.0140625
1 0.47578125 0.33515625 0.0140625 0.0140625
1 0.53515625 0.3671875 0.015625 0.0140625
1 0.465625 0.3640625 0.015625 0.015625
1 0.38359375 0.3671875 0.015625 0.0171875
1 0.69453125 0.3140625 0.0140625 0.0125
1 0.5609375 0.33984375 0.0140625 0.015625
1 0.51640625 0.39453125 0.0140625 0.015625
1 0.6734375 0.45234375 0.0171875 0.01875
1 0.45859375 0.3 0.0140625 0.0140625
1 0.41328125 0.3203125 0.0140625 0.0140625
1 0.3453125 0.3609375 0.015625 0.015625
1 0.56328125 0.353125 0.0140625 0.0140625
0 0.75234375 0.76484375 0.0125 0.0125
1 0.0359375 0.32421875 0.015625 0.015625
1 0.37421875 0.8984375 0.015625 0.0140625
1 0.77265625 0.96640625 0.021875 0.028125
1 0.36796875 0.30703125 0.015625 0.015625
1 0.66640625 0.60078125 0.0171875 0.01875
1 0.01640625 0.38515625 0.0140625 0.01875
1 0.740625 0.5953125 0.0203125 0.0203125
1 0.83125 0.3765625 0.015625 0.0171875
1 0.84140625 0.4171875 0.0171875 0.01875
1 0.89921875 0.3171875 0.0140625 0.0140625
1 0.71171875 0.453125 0.015625 0.01875
0 0.746875 0.746875 0.0125 0.0140625
1 0.61015625 0.65234375 0.0140625 0.0125
1 0.7109375 0.35 0.015625 0.015625
1 0.6734375 0.3625 0.0140625 0.0140625
1 0.4828125 0.29609375 0.0140625 0.015625
1 0.7515625 0.96796875 0.0234375 0.03125
1 0.5484375 0.3515625 0.0140625 0.0140625
1 0.578125 0.29765625 0.0140625 0.0140625
1 0.38046875 0.32109375 0.0125 0.0140625
1 0.075 0.32578125 0.0140625 0.015625
1 0.50625 0.31796875 0.0125 0.0109375
1 0.65703125 0.37265625 0.015625 0.015625
1 0.3375 0.359375 0.0140625 0.015625
1 0.703125 0.32890625 0.0140625 0.0140625
1 0.22734375 0.85078125 0.0125 0.0109375
1 0.56484375 0.27421875 0.0125 0.0125
1 0.6875 0.3640625 0.0171875 0.0171875
1 0.8296875 0.92109375 0.0171875 0.0203125
1 0.59140625 0.35859375 0.0140625 0.0125
1 0.3625 0.3234375 0.0140625 0.0140625
1 0.66015625 0.40546875 0.015625 0.015625
1 0.790625 0.9546875 0.01875 0.025
1 0.44609375 0.271875 0.0140625 0.0140625
1 0.60625 0.29296875 0.0171875 0.0171875
1 0.6796875 0.32578125 0.0140625 0.0140625
1 0.45546875 0.25859375 0.0125 0.0109375
1 0.790625 0.4125 0.0171875 0.0203125
1 0.5125 0.37890625 0.0140625 0.015625
1 0.35078125 0.3234375 0.015625 0.015625
4 0.88515625 0.4875 0.0671875 0.128125
1 0.99140625 0.43515625 0.0171875 0.0171875
1 0.0609375 0.3265625 0.015625 0.015625
1 0.9921875 0.4046875 0.015625 0.01875
1 0.93515625 0.41875 0.0140625 0.015625
1 0.65859375 0.3921875 0.0140625 0.0125
1 0.68828125 0.83984375 0.0140625 0.015625
1 0.30546875 0.43203125 0.0140625 0.0125
1 0.3671875 0.25 0.0125 0.0125
1 0.75234375 0.5796875 0.0171875 0.015625
1 0.1125 0.8921875 0.01875 0.021875
1 0.246875 0.89296875 0.0109375 0.0125
1 0.46796875 0.3140625 0.0140625 0.0140625
1 0.278125 0.4359375 0.015625 0.0140625
1 0.58515625 0.29609375 0.015625 0.0125
1 0.1609375 0.88828125 0.0171875 0.015625
1 0.9015625 0.30234375 0.0140625 0.0125
1 0.6625 0.578125 0.015625 0.0140625
1 0.996875 0.42109375 0.00625 0.0140625
1 0.13046875 0.8984375 0.0203125 0.0234375
1 0.34453125 0.89765625 0.0140625 0.0109375
1 0.45 0.29375 0.0140625 0.0140625
1 0.64296875 0.2703125 0.0125 0.0125
1 0.57265625 0.36953125 0.0140625 0.0140625
0 0.6359375 0.7140625 0.0140625 0.015625
1 0.56484375 0.37265625 0.0140625 0.0140625
1 0.971875 0.421875 0.015625 0.015625
1 0.14375 0.25234375 0.0140625 0.0140625
1 0.4765625 0.32109375 0.0125 0.0109375
1 0.87421875 0.89140625 0.0125 0.0125
1 0.6171875 0.28125 0.0125 0.0140625
1 0.5828125 0.2828125 0.0125 0.0125
0 0.7484375 0.18515625 0.0140625 0.0140625
1 0.8859375 0.2984375 0.015625 0.0140625
1 0.08671875 0.96484375 0.0265625 0.028125
1 0.171875 0.85 0.0109375 0.0109375
1 0.1140625 0.86796875 0.0171875 0.0171875
1 0.73515625 0.58203125 0.015625 0.015625
1 0.5203125 0.3625 0.0140625 0.0140625
1 0.63359375 0.3078125 0.015625 0.0140625
0 0.759375 0.7921875 0.015625 0.0125
1 0.078125 0.29453125 0.0140625 0.0140625
1 0.33203125 0.34921875 0.0140625 0.0171875
1 0.93359375 0.95234375 0.01875 0.021875
1 0.01171875 0.34140625 0.0125 0.0171875
0 0.2765625 0.76953125 0.0125 0.0125
1 0.328125 0.33359375 0.0125 0.0125
1 0.46328125 0.353125 0.0140625 0.0125
1 0.27421875 0.4546875 0.015625 0.0125
1 0.99140625 0.6078125 0.0125 0.01875
1 0.359375 0.33515625 0.0140625 0.0109375
1 0.8890625 0.93984375 0.021875 0.0265625
1 0.596875 0.27109375 0.0125 0.0140625
1 0.10625 0.26953125 0.0140625 0.0140625
1 0.97578125 0.39375 0.01875 0.0171875
1 0.46796875 0.3390625 0.0171875 0.0171875
1 0.43984375 0.259375 0.0140625 0.0125
1 0.94453125 0.34453125 0.0140625 0.0125
1 0.86953125 0.93984375 0.01875 0.0203125
1 0.746875 0.99375 0.0265625 0.0125
1 0.27109375 0.46875 0.0140625 0.015625
1 0.1328125 0.2515625 0.0140625 0.015625
1 0.934375 0.3515625 0.015625 0.0140625
1 0.66953125 0.34921875 0.015625 0.0140625
0 0.75625 0.7265625 0.015625 0.0140625
1 0.55390625 0.3734375 0.015625 0.0140625
1 0.934375 0.340625 0.015625 0.0125
1 0.0765625 0.3140625 0.015625 0.0109375
1 0.35859375 0.29765625 0.015625 0.0125
1 0.690625 0.38515625 0.0140625 0.0125
1 0.9515625 0.38828125 0.015625 0.015625
1 0.090625 0.27109375 0.0140625 0.0140625
1 0.346875 0.3359375 0.015625 0.0125
1 0.90625 0.94140625 0.01875 0.021875
1 0.65078125 0.5828125 0.0171875 0.0140625
1 0.3578125 0.315625 0.015625 0.0109375
1 0.959375 0.39296875 0.0140625 0.015625
1 0.6171875 0.825 0.0171875 0.01875
0 0.74375 0.72109375 0.0125 0.0140625
1 0.57109375 0.38125 0.0125 0.0125
1 0.6578125 0.33125 0.0140625 0.0109375
1 0.33671875 0.32578125 0.0125 0.0109375