4 0.63984375 0.284375 0.1046875 0.090625
0 0.77265625 0.103125 0.0375 0.0234375
0 0.81015625 0.115625 0.0390625 0.0265625
0 0.73984375 0.13671875 0.0375 0.025
0 0.79296875 0.0890625 0.040625 0.025
3 0.45546875 0.415625 0.1140625 0.1109375
0 0.74921875 0.190625 0.0375 0.0171875
0 0.934375 0.10234375 0.04375 0.0296875
3 0.35078125 0.353125 0.0953125 0.096875
0 0.715625 0.1875 0.034375 0.0171875
0 0.93671875 0.0734375 0.040625 0.0265625
1 0.32734375 0.4703125 0.0390625 0.0234375
1 0.021875 0.44296875 0.0359375 0.021875
2 0.225 0.23203125 0.1203125 0.0640625
1 0.28828125 0.51171875 0.0375 0.025
0 0.71953125 0.79453125 0.0390625 0.025
4 0.8359375 0.40390625 0.1109375 0.10625
0 0.775 0.16640625 0.0359375 0.0203125
1 0.37890625 0.4765625 0.0375 0.021875
0 0.821875 0.1859375 0.0390625 0.0265625
1 0.28984375 0.48515625 0.0375 0.0234375
1 0.04375 0.39453125 0.034375 0.01875
1 0.08984375 0.3125 0.034375 0.0171875
1 0.0625 0.34140625 0.034375 0.0171875
1 0.7296875 0.534375 0.0390625 0.0265625
1 0.37578125 0.44609375 0.0359375 0.021875
1 0.59765625 0.3875 0.0359375 0.0203125
1 0.08515625 0.41953125 0.0359375 0.0203125
1 0.2859375 0.4625 0.0375 0.0203125
1 0.54296875 0.55234375 0.0390625 0.028125
0 0.7828125 0.15546875 0.034375 0.021875
1 0.359375 0.43359375 0.0359375 0.0203125
1 0.0890625 0.34296875 0.034375 0.0171875
0 0.690625 0.69140625 0.0359375 0.021875
1 0.66328125 0.3875 0.0359375 0.0203125
1 0.5046875 0.3171875 0.0328125 0.01875
1 0.67265625 0.5671875 0.0390625 0.025
1 0.584375 0.52109375 0.0390625 0.0265625
1 0.0640625 0.56953125 0.040625 0.025
1 0.50703125 0.371875 0.0359375 0.0203125
1 0.64296875 0.37421875 0.034375 0.0171875
1 0.6171875 0.40546875 0.0359375 0.021875
1 0.40234375 0.321875 0.0328125 0.0171875
1 0.5796875 0.34765625 0.034375 0.01875
1 0.0421875 0.46015625 0.0375 0.021875
1 0.4171875 0.4421875 0.0375 0.021875
1 0.3921875 0.37421875 0.034375 0.0203125
1 0.46640625 0.321875 0.0359375 0.021875
1 0.434375 0.46015625 0.0390625 0.0234375
1 0.5734375 0.4171875 0.0375 0.0234375
1 0.52734375 0.26484375 0.0328125 0.0171875
1 0.25390625 0.9203125 0.0359375 0.021875
1 0.0515625 0.3421875 0.0359375 0.01875
1 0.19375 0.93515625 0.0328125 0.0203125
1 0.6703125 0.353125 0.034375 0.015625
1 0.009375 0.4140625 0.01875 0.01875
0 0.896875 0.7234375 0.0453125 0.046875
1 0.33203125 0.4125 0.034375 0.0171875
1 0.40625 0.4625 0.0375 0.021875
1 0.803125 0.56640625 0.040625 0.028125
1 0.88671875 0.50078125 0.0390625 0.025
1 0.3140625 0.55 0.0390625 0.0265625
1 0.25078125 0.94375 0.0390625 0.028125
1 0.55 0.53046875 0.0375 0.0265625
1 0.42578125 0.334375 0.0359375 0.01875
1 0.01328125 0.47734375 0.0265625 0.0203125
1 0.36640625 0.4078125 0.0359375 0.0203125
1 0.30703125 0.47578125 0.0375 0.021875
1 0.56796875 0.3265625 0.034375 0.01875
1 0.16875 0.9203125 0.034375 0.0203125
1 0.29453125 0.50859375 0.034375 0.0203125
1 0.08671875 0.415625 0.0359375 0.01875
1 0.39140625 0.4390625 0.0359375 0.01875
1 0.66953125 0.36875 0.0359375 0.0203125
1 0.13359375 0.92734375 0.0359375 0.0234375
1 0.496875 0.36875 0.034375 0.01875
0 0.77890625 0.05390625 0.034375 0.021875
1 0.4140625 0.346875 0.034375 0.01875
2 0.7375 0.19296875 0.1125 0.075
1 0.61484375 0.60078125 0.040625 0.028125
1 0.3765625 0.46171875 0.0359375 0.01875
1 0.54921875 0.41875 0.0359375 0.0203125
1 0.3640625 0.60703125 0.040625 0.0296875
1 0.68984375 0.4890625 0.0390625 0.025
1 0.875 0.3015625 0.0328125 0.0125
0 0.29453125 0.828125 0.0328125 0.0171875
1 0.55703125 0.25234375 0.0328125 0.015625
1 0.3359375 0.49296875 0.0375 0.0234375
1 0.66171875 0.371875 0.0359375 0.01875
1 0.54453125 0.434375 0.0375 0.0171875
1 0.28671875 0.4234375 0.0359375 0.01875
1 0.3984375 0.44609375 0.034375 0.01875
1 0.43671875 0.33125 0.0359375 0.01875
1 0.3859375 0.39296875 0.0375 0.021875
1 0.515625 0.41875 0.0375 0.0203125
1 0.628125 0.89609375 0.034375 0.0140625
1 0.2859375 0.4484375 0.0359375 0.0140625
1 0.31875 0.5484375 0.0375 0.0234375
1 0.225 0.8953125 0.03125 0.015625
1 0.11015625 0.3046875 0.0328125 0.015625
1 0.58671875 0.25 0.03125 0.0140625
1 0.30390625 0.44140625 0.0375 0.021875
1 0.86796875 0.284375 0.0328125 0.0171875
0 0.934375 0.29765625 0.0359375 0.01875
3 0.14375 0.29453125 0.0796875 0.0671875
1 0.47265625 0.34921875 0.0328125 0.01875
1 0.30703125 0.4203125 0.0375 0.0203125
1 0.62890625 0.85625 0.0328125 0.015625
1 0.87265625 0.303125 0.0359375 0.0171875
1 0.41484375 0.32109375 0.034375 0.0171875
1 0.63203125 0.35390625 0.034375 0.015625
1 0.55625 0.40390625 0.0359375 0.0203125
1 0.225 0.953125 0.040625 0.0296875
1 0.375 0.42734375 0.0375 0.0203125
1 0.421875 0.29765625 0.034375 0.0171875
0 0.8109375 0.0515625 0.0375 0.021875
1 0.271875 0.89375 0.034375 0.0171875
1 0.53359375 0.2609375 0.0328125 0.015625
1 0.69453125 0.62734375 0.0375 0.01875
1 0.82265625 0.25703125 0.0328125 0.0171875
1 0.4109375 0.403125 0.0359375 0.021875
4 0.71015625 0.84453125 0.0984375 0.109375
1 0.3765625 0.41953125 0.034375 0.01875
1 0.753125 0.621875 0.0375 0.0171875
1 0.2859375 0.97421875 0.0484375 0.0390625
1 0.5625 0.503125 0.0390625 0.0234375
1 0.48671875 0.371875 0.034375 0.0171875
1 0.14140625 0.9078125 0.0328125 0.015625
1 0.9671875 0.38359375 0.0375 0.021875
1 0.63671875 0.82421875 0.03125 0.0125
1 0.30390625 0.31953125 0.0328125 0.0171875
0 0.80078125 0.06796875 0.0359375 0.0203125
1 0.17109375 0.92265625 0.03125 0.0140625
1 0.56328125 0.50703125 0.034375 0.0203125
1 0.15390625 0.8953125 0.0328125 0.015625
1 0.59375 0.8484375 0.0359375 0.0140625
1 0.5328125 0.42265625 0.0375 0.0203125
1 0.64765625 0.34140625 0.0359375 0.0171875
1 0.11328125 0.29375 0.0328125 0.0140625
1 0.5890625 0.35 0.0375 0.0203125
4 0.92734375 0.8859375 0.1453125 0.16875
3 0.2015625 0.8765625 0.0859375 0.0671875