4 0.56015625 0.3671875 0.08203125 0.09140625
2 0.771875 0.21953125 0.08515625 0.06015625
1 0.12265625 0.4296875 0.01015625 0.015625
4 0.42109375 0.30859375 0.05390625 0.078125
1 0.75390625 0.4953125 0.01171875 0.0203125
0 0.23515625 0.19453125 0.009375 0.01640625
1 0.46015625 0.38984375 0.009375 0.01640625
1 0.375 0.8703125 0.01015625 0.0171875
0 0.7296875 0.21875 0.01171875 0.01953125
1 0.30625 0.40390625 0.009375 0.01640625
1 0.48359375 0.37265625 0.00859375 0.015625
1 0.64296875 0.86796875 0.01015625 0.01796875
1 0.7828125 0.93359375 0.0171875 0.03203125
1 0.34296875 0.371875 0.00859375 0.015625
1 0.68359375 0.41875 0.01015625 0.015625
1 0.934375 0.3984375 0.01171875 0.01796875
1 0.69609375 0.37109375 0.01171875 0.01796875
1 0.06953125 0.4296875 0.01015625 0.015625
1 0.81015625 0.9046875 0.0140625 0.02265625
1 0.09140625 0.52265625 0.0125 0.02109375
1 0.321875 0.85625 0.00859375 0.01484375
1 0.31484375 0.4875 0.0109375 0.0203125
1 0.39296875 0.375 0.009375 0.01640625
1 0.00703125 0.56796875 0.01328125 0.0203125
1 0.33984375 0.86640625 0.01015625 0.01640625
3 0.0203125 0.45390625 0.03984375 0.084375
1 0.72265625 0.89921875 0.01328125 0.01875
1 0.71015625 0.44453125 0.01015625 0.01640625
1 0.9515625 0.42421875 0.0109375 0.01796875
1 0.10546875 0.4015625 0.00859375 0.015625
1 0.86953125 0.35546875 0.00859375 0.01484375
1 0.67890625 0.38984375 0.00859375 0.01640625
1 0.04140625 0.4453125 0.01015625 0.01640625
1 0.74453125 0.93359375 0.0171875 0.03203125
3 0.209375 0.87890625 0.13203125 0.146875
0 0.26953125 0.72578125 0.0078125 0.01484375
0 0.2203125 0.225 0.01015625 0.01953125
1 0.10625 0.43515625 0.01015625 0.0171875
1 0.1703125 0.35078125 0.00859375 0.0140625
1 0.2046875 0.425 0.00703125 0.015625
0 0.259375 0.190625 0.009375 0.01484375
1 0.90546875 0.35078125 0.009375 0.01484375
0 0.21796875 0.14765625 0.01015625 0.01875
1 0.090625 0.44140625 0.01015625 0.0171875
1 0.665625 0.34375 0.01015625 0.015625
1 0.0265625 0.4203125 0.009375 0.01484375
1 0.5984375 0.30234375 0.00703125 0.01328125
1 0.6640625 0.3734375 0.009375 0.015625
1 0.41015625 0.89765625 0.01328125 0.0203125
1 0.34453125 0.3015625 0.0078125 0.01171875
1 0.9609375 0.46328125 0.01171875 0.01796875
1 0.85703125 0.92109375 0.01484375 0.02578125
1 0.27421875 0.646875 0.0109375 0.0171875
1 0.96875 0.378125 0.009375 0.01484375
1 0.20234375 0.44921875 0.01015625 0.01796875
0 0.26640625 0.7578125 0.00703125 0.0140625
0 0.228125 0.14453125 0.0109375 0.01796875
1 0.07890625 0.41640625 0.0109375 0.0171875
1 0.1921875 0.3296875 0.00625 0.0125
1 0.45234375 0.3359375 0.00703125 0.0140625
1 0.97890625 0.4203125 0.0125 0.021875
1 0.371875 0.30703125 0.0078125 0.0125
1 0.6125 0.340625 0.01171875 0.01796875
1 0.14140625 0.33515625 0.00859375 0.01328125
0 0.5953125 0.1828125 0.01171875 0.0203125
1 0.04765625 0.9765625 0.02109375 0.0359375
1 0.4359375 0.8421875 0.00546875 0.0109375
1 0.28828125 0.3390625 0.01171875 0.01640625
0 0.665625 0.1734375 0.0125 0.02109375
1 0.384375 0.31796875 0.00703125 0.0125
1 0.12890625 0.3484375 0.00859375 0.0140625
1 0.878125 0.89921875 0.0125 0.02109375
0 0.2296875 0.2375 0.0109375 0.01484375
1 0.7296875 0.3484375 0.0140625 0.021875
1 0.1125 0.33984375 0.009375 0.01484375
1 0.065625 0.37890625 0.009375 0.01484375
1 0.93671875 0.34609375 0.009375 0.01484375
1 0.025 0.38984375 0.009375 0.015625
1 0.63125 0.35234375 0.00859375 0.01484375
1 0.81875 0.85703125 0.0078125 0.01328125
1 0.740625 0.85234375 0.0078125 0.0125
1 0.090625 0.38125 0.009375 0.0140625
1 0.70234375 0.42734375 0.01015625 0.01796875
1 0.39453125 0.39375 0.00859375 0.0140625
1 0.81171875 0.43046875 0.0078125 0.01328125
1 0.990625 0.41015625 0.0109375 0.015625
1 0.88203125 0.346875 0.00859375 0.01328125
1 0.91640625 0.34140625 0.0078125 0.0140625
1 0.99453125 0.378125 0.009375 0.01484375
1 0.65 0.33203125 0.009375 0.0140625
1 0.82890625 0.2984375 0.0078125 0.0125
1 0.996875 0.44765625 0.00625 0.01640625
1 0.190625 0.3140625 0.00625 0.0125
1 0.66015625 0.33046875 0.01171875 0.01484375
1 0.865625 0.31796875 0.00859375 0.0140625
3 0.559375 0.81640625 0.03984375 0.05234375
1 0.0609375 0.928125 0.0140625 0.02890625
1 0.94921875 0.40078125 0.01328125 0.01796875
1 0.95078125 0.37734375 0.009375 0.01484375
1 0.12421875 0.88046875 0.0109375 0.01875
0 0.27734375 0.74609375 0.0078125 0.01328125
1 0.83828125 0.321875 0.009375 0.0140625
1 0.8046875 0.8859375 0.01015625 0.015625
1 0.821875 0.8796875 0.01015625 0.015625
1 0.88046875 0.8734375 0.01015625 0.01484375
1 0.64375 0.3484375 0.01015625 0.01640625
1 0.8453125 0.3015625 0.01015625 0.0140625
1 0.9234375 0.9265625 0.01328125 0.02265625
1 0.79375 0.85 0.0078125 0.01171875
1 0.84609375 0.90234375 0.01328125 0.02265625
1 0.890625 0.34609375 0.009375 0.01328125
0 0.43046875 0.24609375 0.009375 0.0171875
1 0.84609375 0.8578125 0.0078125 0.01328125
1 0.125 0.4171875 0.01015625 0.01171875
2 0.246875 0.225 0.0875 0.0515625
1 0.9421875 0.93203125 0.01484375 0.021875
0 0.28515625 0.2328125 0.009375 0.0109375
1 0.91015625 0.9015625 0.0109375 0.01875
1 0.0921875 0.36640625 0.009375 0.0140625
1 0.890625 0.8890625 0.01171875 0.01796875
1 0.446875 0.321875 0.00703125 0.0125
1 0.25625 0.98984375 0.02265625 0.01953125
1 0.41796875 0.8421875 0.00546875 0.0109375
1 0.5640625 0.9046875 0.0078125 0.01015625
1 0.6625 0.315625 0.009375 0.01328125
1 0.625 0.29921875 0.00859375 0.01171875
1 0.29375 0.3703125 0.00859375 0.01328125
1 0.1421875 0.30625 0.0078125 0.0125
1 0.5546875 0.296875 0.0078125 0.0125
1 0.9546875 0.3484375 0.009375 0.0125
1 0.04921875 0.3828125 0.009375 0.01171875
0 0.25859375 0.7890625 0.00859375 0.01640625
1 0.86015625 0.89375 0.0125 0.015625
1 0.8671875 0.29921875 0.009375 0.0125
1 0.1109375 0.8640625 0.00859375 0.015625
1 0.05390625 0.3703125 0.0078125 0.0140625
1 0.21484375 0.99609375 0.015625 0.0078125
1 0.0484375 0.92890625 0.0140625 0.025
1 0.66953125 0.3 0.0078125 0.01171875
0 0.26875 0.79375 0.00625 0.0125
1 0.29453125 0.98984375 0.01953125 0.01875
0 0.2046875 0.2734375 0.0109375 0.01640625
0 0.57109375 0.75859375 0.009375 0.015625
1 0.89140625 0.871875 0.00859375 0.0125
1 0.940625 0.90703125 0.01171875 0.015625
1 0.95234375 0.98828125 0.01796875 0.0234375
1 0.8765625 0.3234375 0.0109375 0.0140625
1 0.08046875 0.8671875 0.0078125 0.0140625
1 0.09453125 0.40078125 0.01171875 0.015625
1 0.071875 0.35546875 0.00859375 0.01328125
1 0.85390625 0.3 0.00859375 0.01328125
1 0.121875 0.85546875 0.01015625 0.0140625
1 0.8828125 0.33359375 0.00859375 0.0109375
1 0.83203125 0.89140625 0.00859375 0.0140625
0 0.284375 0.7078125 0.00703125 0.0125
1 0.846875 0.884375 0.01015625 0.0125
1 0.97421875 0.35234375 0.00859375 0.0125
1 0.94375 0.5125 0.01484375 0.02578125