2 0.77265625 0.225 0.1203125 0.0734375
4 0.38125 0.3140625 0.1015625 0.096875
4 0.66484375 0.315625 0.1109375 0.0984375
3 0.75859375 0.8671875 0.090625 0.071875
2 0.2578125 0.2 0.125 0.0671875
1 0.73203125 0.4875 0.040625 0.0265625
1 0.05 0.40546875 0.040625 0.025
4 0.4421875 0.5375 0.121875 0.178125
1 0.1953125 0.91015625 0.0453125 0.03125
1 0.75625 0.57265625 0.04375 0.0296875
1 0.90859375 0.409375 0.0390625 0.025
1 0.909375 0.47109375 0.040625 0.0265625
1 0.73984375 0.6125 0.0453125 0.03125
1 0.1140625 0.33125 0.0390625 0.0234375
1 0.73515625 0.46171875 0.040625 0.0265625
1 0.9796875 0.5296875 0.040625 0.028125
1 0.0640625 0.35859375 0.0390625 0.025
1 0.36015625 0.45625 0.040625 0.028125
1 0.7078125 0.5078125 0.0421875 0.0265625
1 0.3265625 0.37578125 0.0390625 0.0234375
1 0.971875 0.47578125 0.0421875 0.0265625
1 0.19375 0.3953125 0.0390625 0.025
1 0.92421875 0.63515625 0.04375 0.028125
1 0.68671875 0.36015625 0.0390625 0.0234375
1 0.92109375 0.5390625 0.0421875 0.0296875
1 0.6828125 0.48828125 0.040625 0.0265625
1 0.2671875 0.63515625 0.0421875 0.028125
1 0.25390625 0.5125 0.040625 0.028125
1 0.9765625 0.44765625 0.040625 0.025
1 0.328125 0.4171875 0.040625 0.0265625
1 0.80859375 0.90859375 0.040625 0.028125
1 0.60546875 0.31015625 0.0375 0.0234375
1 0.90234375 0.596875 0.04375 0.03125
1 0.778125 0.93828125 0.04375 0.034375
1 0.76796875 0.5109375 0.040625 0.0265625
1 0.6046875 0.5984375 0.04375 0.03125
1 0.6765625 0.51484375 0.0421875 0.028125
0 0.278125 0.21171875 0.0390625 0.0234375
1 0.2875 0.51171875 0.0421875 0.0296875
1 0.25078125 0.56484375 0.04375 0.03125
1 0.1140625 0.54375 0.0421875 0.028125
1 0.17734375 0.284375 0.0390625 0.021875
1 0.08359375 0.54140625 0.04375 0.0296875
1 0.31015625 0.3859375 0.040625 0.0234375
1 0.14296875 0.9203125 0.046875 0.034375
1 0.35390625 0.38359375 0.040625 0.025
1 0.090625 0.496875 0.0421875 0.0296875
1 0.9375 0.34921875 0.0390625 0.0234375
1 0.4421875 0.42421875 0.040625 0.025
1 0.68203125 0.42265625 0.0390625 0.025
1 0.3265625 0.33984375 0.0375 0.0234375
1 0.73203125 0.528125 0.040625 0.0265625
1 0.74375 0.52890625 0.040625 0.025
1 0.03359375 0.36796875 0.0390625 0.0234375
1 0.6375 0.4046875 0.040625 0.0234375
1 0.62265625 0.39765625 0.040625 0.0234375
1 0.809375 0.434375 0.040625 0.0265625
1 0.328125 0.88359375 0.0375 0.0234375
1 0.9125 0.3078125 0.0390625 0.021875
1 0.3109375 0.87109375 0.0375 0.021875
1 0.45234375 0.40625 0.040625 0.025
1 0.9640625 0.4 0.040625 0.025
1 0.18046875 0.25390625 0.0375 0.0203125
1 0.7796875 0.98046875 0.0484375 0.0390625
1 0.8390625 0.92734375 0.0421875 0.025
1 0.11328125 0.31328125 0.0390625 0.021875
1 0.45390625 0.36484375 0.040625 0.0234375
1 0.98984375 0.4421875 0.0203125 0.021875
1 0.1453125 0.621875 0.04375 0.0296875
1 0.403125 0.371875 0.040625 0.025
1 0.5078125 0.3875 0.0390625 0.0265625
1 0.60390625 0.384375 0.040625 0.0234375
1 0.61640625 0.34375 0.0390625 0.0203125
1 0.64921875 0.39140625 0.040625 0.0234375
1 0.515625 0.46015625 0.0390625 0.0234375
1 0.178125 0.8640625 0.0375 0.01875
1 0.3265625 0.296875 0.0375 0.0203125
1 0.6265625 0.38203125 0.040625 0.021875
1 0.4234375 0.33359375 0.0375 0.021875
1 0.6125 0.3875 0.0390625 0.025
1 0.59609375 0.34765625 0.0390625 0.0234375
1 0.7296875 0.9796875 0.05 0.040625
1 0.4625 0.4453125 0.040625 0.0265625
1 0.44921875 0.8875 0.0359375 0.0203125
1 0.25546875 0.8578125 0.0359375 0.01875
1 0.3265625 0.28359375 0.0375 0.0203125
1 0.14375 0.246875 0.0375 0.0203125
3 0.55859375 0.54453125 0.1046875 0.140625
1 0.17265625 0.878125 0.040625 0.0234375
1 0.01953125 0.38671875 0.0390625 0.0203125
1 0.97109375 0.425 0.0359375 0.021875
1 0.884375 0.30703125 0.0390625 0.021875
1 0.059375 0.3265625 0.0390625 0.025
1 0.8671875 0.303125 0.0390625 0.021875
1 0.5234375 0.26484375 0.0359375 0.0203125
3 0.56796875 0.82734375 0.09375 0.0578125
1 0.81328125 0.41015625 0.0390625 0.0234375
1 0.74609375 0.5109375 0.040625 0.025
1 0.01796875 0.40234375 0.0359375 0.0234375
1 0.275 0.86328125 0.040625 0.021875
1 0.66796875 0.3703125 0.040625 0.021875
1 0.5390625 0.87421875 0.0375 0.01875
1 0.159375 0.4703125 0.040625 0.025
1 0.83828125 0.284375 0.0375 0.0203125
1 0.5703125 0.87578125 0.0390625 0.0171875
1 0.6359375 0.35078125 0.0390625 0.0203125
1 0.07734375 0.30703125 0.0390625 0.0234375
1 0.45703125 0.64375 0.0421875 0.0234375
1 0.209375 0.86171875 0.0390625 0.0203125
1 0.865625 0.2875 0.0375 0.01875
1 0.03671875 0.33671875 0.0375 0.0203125
1 0.36328125 0.259375 0.0375 0.0203125
1 0.68203125 0.409375 0.0390625 0.0234375
1 0.3140625 0.371875 0.0390625 0.0203125
1 0.72578125 0.8859375 0.0375 0.021875
1 0.6328125 0.365625 0.0390625 0.0234375
1 0.85390625 0.98203125 0.0453125 0.0359375
1 0.60390625 0.62578125 0.040625 0.0203125
1 0.5890625 0.8734375 0.0375 0.01875
1 0.03125 0.32578125 0.0375 0.021875
1 0.34453125 0.89140625 0.0421875 0.028125
1 0.9734375 0.3765625 0.0390625 0.0234375
1 0.12890625 0.88359375 0.0375 0.021875
1 0.60859375 0.36328125 0.040625 0.025
1 0.55234375 0.87734375 0.0359375 0.01875
1 0.321875 0.853125 0.0359375 0.01875
1 0.98359375 0.4078125 0.0328125 0.021875
1 0.759375 0.9625 0.046875 0.0359375
1 0.8375 0.94375 0.0421875 0.0234375
1 0.64609375 0.37421875 0.0390625 0.0234375
1 0.1125 0.2671875 0.0375 0.0203125
1 0.8703125 0.9453125 0.04375 0.0296875
1 0.65625 0.378125 0.040625 0.0234375
1 0.10234375 0.8765625 0.040625 0.025
1 0.8859375 0.93984375 0.04375 0.0296875
1 0.7359375 0.653125 0.040625 0.0171875
1 0.8671875 0.91484375 0.0375 0.0203125
1 0.4796875 0.25625 0.0390625 0.0203125
1 0.21796875 0.86015625 0.0359375 0.0203125
1 0.14375 0.8953125 0.0375 0.0234375
1 0.825 0.28359375 0.0375 0.0203125
1 0.0859375 0.2796875 0.0390625 0.021875
1 0.66328125 0.8953125 0.0421875 0.0265625
1 0.57734375 0.62578125 0.0390625 0.01875
1 0.70703125 0.63046875 0.040625 0.021875
1 0.71796875 0.915625 0.0375 0.01875
1 0.8390625 0.965625 0.04375 0.0328125
1 0.61015625 0.26328125 0.040625 0.0203125
1 0.390625 0.25390625 0.0359375 0.0203125
1 0.1359375 0.25078125 0.0375 0.0203125
1 0.60078125 0.26171875 0.0375 0.021875
1 0.11875 0.24921875 0.0390625 0.021875
1 0.45 0.8734375 0.0375 0.01875
1 0.5890625 0.26640625 0.0375 0.021875
1 0.05234375 0.3375 0.0375 0.0203125
1 0.8859375 0.29140625 0.0390625 0.021875
1 0.08125 0.8953125 0.0390625 0.021875
1 0.49296875 0.25703125 0.0390625 0.021875
1 0.909375 0.89609375 0.0375 0.021875
1 0.62734375 0.26640625 0.0390625 0.0234375
1 0.95625 0.35625 0.0390625 0.021875
1 0.8875 0.9109375 0.0390625 0.0265625
1 0.7234375 0.921875 0.0375 0.0265625
1 0.09921875 0.2734375 0.0390625 0.0203125
1 0.434375 0.8796875 0.0375 0.0203125
1 0.9015625 0.2984375 0.0390625 0.0234375
1 0.13515625 0.90078125 0.040625 0.0265625
4 0.74609375 0.0125 0.09375 0.0171875
1 0.8015625 0.40390625 0.040625 0.021875
1 0.9015625 0.91328125 0.0390625 0.025
1 0.8 0.42890625 0.040625 0.0234375
1 0.6359375 0.2703125 0.0375 0.0203125
1 0.41015625 0.48828125 0.040625 0.021875
1 0.6890625 0.8953125 0.0421875 0.028125
1 0.87734375 0.2875 0.0390625 0.021875
1 0.88203125 0.88203125 0.0359375 0.01875
1 0.58125 0.26015625 0.040625 0.0203125
1 0.0921875 0.87578125 0.0390625 0.0234375