2 0.76171875 0.21640625 0.1140625 0.0703125
4 0.96484375 0.42734375 0.0703125 0.1171875
2 0.24609375 0.20859375 0.1171875 0.0640625
1 0.66796875 0.4984375 0.0390625 0.028125
1 0.3359375 0.40859375 0.0359375 0.025
1 0.35859375 0.41953125 0.0375 0.025
1 0.396875 0.353125 0.0359375 0.0234375
1 0.6703125 0.43984375 0.0359375 0.025
1 0.6546875 0.52265625 0.0390625 0.028125
1 0.28359375 0.5125 0.0390625 0.0296875
4 0.821875 0.89921875 0.1109375 0.1171875
1 0.41796875 0.40546875 0.0359375 0.025
1 0.83125 0.5953125 0.0390625 0.0296875
1 0.14609375 0.34609375 0.0359375 0.0234375
1 0.128125 0.3671875 0.034375 0.0234375
1 0.66796875 0.56015625 0.0390625 0.0296875
1 0.35546875 0.3703125 0.0359375 0.0234375
4 0.82890625 0.259375 0.0765625 0.0765625
1 0.15 0.57734375 0.0390625 0.0296875
1 0.684375 0.8828125 0.0359375 0.0234375
4 0.7453125 0.59609375 0.1421875 0.1234375
1 0.91796875 0.5765625 0.040625 0.0296875
1 0.08046875 0.42734375 0.0375 0.0265625
0 0.2296875 0.1625 0.0359375 0.0296875
1 0.2953125 0.8828125 0.034375 0.0234375
1 0.3171875 0.41015625 0.0359375 0.025
1 0.17734375 0.40078125 0.0359375 0.0265625
1 0.034375 0.41640625 0.0375 0.025
1 0.60078125 0.55390625 0.0390625 0.0296875
1 0.871875 0.3890625 0.0359375 0.0234375
1 0.1171875 0.34140625 0.034375 0.021875
1 0.0671875 0.39765625 0.0375 0.025
1 0.878125 0.33203125 0.0359375 0.021875
1 0.6453125 0.2953125 0.034375 0.0234375
1 0.15859375 0.27109375 0.034375 0.0203125
1 0.60390625 0.86875 0.0359375 0.0203125
1 0.89453125 0.35703125 0.0359375 0.0234375
1 0.84453125 0.325 0.0359375 0.0234375
1 0.16171875 0.30625 0.0359375 0.021875
1 0.88828125 0.42890625 0.0359375 0.0234375
1 0.2734375 0.87734375 0.0359375 0.021875
1 0.75390625 0.9015625 0.0375 0.028125
1 0.67109375 0.40546875 0.0375 0.0234375
1 0.19296875 0.32890625 0.0328125 0.021875
1 0.065625 0.35625 0.0359375 0.0234375
3 0.2640625 0.84921875 0.0796875 0.0546875
1 0.09375 0.33984375 0.0359375 0.021875
0 0.27890625 0.75625 0.0328125 0.0234375
1 0.5140625 0.29296875 0.034375 0.0234375
1 0.3703125 0.3484375 0.0359375 0.0234375
1 0.95703125 0.36953125 0.0359375 0.021875
1 0.05546875 0.40546875 0.0359375 0.0234375
1 0.396875 0.2671875 0.0328125 0.0203125
1 0.353125 0.28984375 0.0328125 0.0203125
0 0.21328125 0.1265625 0.0375 0.0265625
1 0.88671875 0.38046875 0.0359375 0.021875
1 0.340625 0.89921875 0.0375 0.0234375
0 0.18671875 0.13203125 0.0390625 0.028125
0 0.24609375 0.22109375 0.0375 0.0296875
1 0.3734375 0.275 0.0328125 0.0203125
1 0.6609375 0.26484375 0.034375 0.0203125
0 0.2671875 0.809375 0.034375 0.0234375
1 0.73125 0.875 0.034375 0.0203125
0 0.28359375 0.715625 0.0359375 0.0234375
1 0.13515625 0.33125 0.0359375 0.0203125
1 0.26171875 0.88046875 0.0359375 0.0234375
1 0.84765625 0.28671875 0.0359375 0.0203125
1 0.69453125 0.42421875 0.0359375 0.0234375
1 0.91875 0.38046875 0.0359375 0.0234375
1 0.33828125 0.884375 0.034375 0.021875
1 0.43515625 0.25625 0.034375 0.0203125
1 0.93046875 0.38046875 0.0359375 0.0234375
0 0.27734375 0.7859375 0.034375 0.0234375
1 0.89921875 0.37734375 0.0390625 0.021875
1 0.2671875 0.36484375 0.0375 0.0265625
1 0.7734375 0.871875 0.0359375 0.0203125
1 0.90234375 0.28984375 0.0359375 0.0234375
1 0.3734375 0.259375 0.034375 0.0203125
1 0.1234375 0.30703125 0.0359375 0.0203125
1 0.68125 0.409375 0.0375 0.025
1 0.94375 0.37734375 0.0375 0.0234375
1 0.48046875 0.8875 0.0328125 0.0203125
1 0.1046875 0.3375 0.0359375 0.0234375
1 0.3078125 0.8453125 0.0359375 0.0265625
1 0.90859375 0.365625 0.0359375 0.0234375
0 0.5734375 0.98828125 0.04375 0.0234375
1 0.05859375 0.3421875 0.0359375 0.0203125
0 0.55078125 0.98828125 0.0453125 0.0234375
1 0.54453125 0.25859375 0.0328125 0.0203125
0 0.41640625 0.7109375 0.0359375 0.0234375
1 0.375 0.64765625 0.0375 0.0234375
1 0.35 0.3140625 0.0359375 0.0203125
1 0.79296875 0.96171875 0.0453125 0.0390625
1 0.4578125 0.88828125 0.0359375 0.0203125
1 0.66875 0.36796875 0.0359375 0.0234375
0 0.28828125 0.75703125 0.0359375 0.0234375
1 0.64375 0.2640625 0.0328125 0.0203125
1 0.27265625 0.98984375 0.0484375 0.0203125
1 0.684375 0.39140625 0.0359375 0.0234375
1 0.70390625 0.415625 0.0359375 0.0234375
1 0.83671875 0.98828125 0.0484375 0.0234375
1 0.859375 0.26953125 0.0359375 0.01875
1 0.575 0.8703125 0.0359375 0.0203125
1 0.53359375 0.2578125 0.0328125 0.0203125
0 0.721875 0.9875 0.046875 0.025
1 0.88359375 0.28203125 0.0359375 0.0234375
0 0.40078125 0.7140625 0.0359375 0.0203125
1 0.784375 0.89140625 0.0328125 0.0203125
0 0.23203125 0.0078125 0.0359375 0.015625
1 0.95390625 0.38203125 0.034375 0.0203125
1 0.55390625 0.840625 0.03125 0.015625
1 0.34140625 0.86484375 0.03125 0.01875
1 0.66484375 0.35078125 0.0359375 0.0203125
1 0.8234375 0.953125 0.0421875 0.034375
0 0.01640625 0.05546875 0.0328125 0.0296875
1 0.76015625 0.99296875 0.0421875 0.0140625
1 0.92265625 0.36875 0.0359375 0.01875
1 0.84609375 0.64765625 0.0375 0.0171875
1 0.09453125 0.29296875 0.0359375 0.021875
1 0.0296875 0.35078125 0.0328125 0.0203125
1 0.04375 0.32890625 0.0359375 0.0234375
0 0.22265625 0.0421875 0.0375 0.025
1 0.0453125 0.40625 0.0359375 0.0234375
1 0.9875 0.37578125 0.025 0.0234375
1 0.69453125 0.38984375 0.0359375 0.0234375
1 0.87421875 0.2765625 0.0359375 0.0203125
1 0.125 0.26953125 0.0359375 0.0203125
1 0.9296875 0.88203125 0.034375 0.0203125
1 0.153125 0.6515625 0.0359375 0.01875