3 0.85 0.33046875 0.0671875 0.078125
4 0.29921875 0.85625 0.08984375 0.0953125
3 0.815625 0.8359375 0.0625 0.06484375
3 0.41015625 0.45234375 0.10234375 0.1140625
1 0.68125 0.48125 0.01171875 0.01953125
1 0.33359375 0.4875 0.0109375 0.02109375
1 0.00625 0.46875 0.0109375 0.01796875
1 0.9734375 0.42109375 0.0109375 0.0171875
4 0.1359375 0.42265625 0.06875 0.0875
1 0.59375 0.45 0.01015625 0.01640625
1 0.19296875 0.56015625 0.0140625 0.0234375
1 0.61875 0.453125 0.0109375 0.01640625
3 0.63984375 0.85234375 0.1046875 0.1
1 0.86875 0.5890625 0.01484375 0.01875
1 0.62265625 0.40625 0.009375 0.015625
1 0.83046875 0.88984375 0.01171875 0.02109375
1 0.7109375 0.434375 0.0109375 0.0171875
1 0.78359375 0.86953125 0.009375 0.015625
4 0.91484375 0.33125 0.0609375 0.08125
1 0.30234375 0.48046875 0.0109375 0.01875
1 0.546875 0.47890625 0.0109375 0.01640625
1 0.08515625 0.4546875 0.0109375 0.01796875
1 0.27265625 0.89140625 0.0125 0.0203125
1 0.4453125 0.5515625 0.01328125 0.02421875
0 0.971875 0.2390625 0.0171875 0.0234375
1 0.21953125 0.9265625 0.01640625 0.02578125
1 0.73984375 0.88828125 0.0125 0.02109375
1 0.26875 0.50859375 0.0109375 0.0203125
1 0.68125 0.421875 0.009375 0.01640625
0 0.8234375 0.14375 0.0125 0.0171875
1 0.86953125 0.56484375 0.0140625 0.021875
1 0.0796875 0.57109375 0.01171875 0.0203125
1 0.371875 0.8828125 0.01484375 0.025
1 0.48671875 0.4625 0.009375 0.015625
0 0.83515625 0.21875 0.01171875 0.01953125
1 0.928125 0.4375 0.0109375 0.01796875
2 0.24609375 0.2265625 0.09140625 0.0453125
1 0.2140625 0.58203125 0.0125 0.01796875
2 0.771875 0.2203125 0.08828125 0.0578125
1 0.35390625 0.3671875 0.0078125 0.01484375
1 0.28671875 0.48828125 0.0109375 0.01796875
1 0.8859375 0.8796875 0.01015625 0.01640625
0 0.84296875 0.125 0.01328125 0.0203125
1 0.4484375 0.38359375 0.009375 0.015625
1 0.925 0.890625 0.0109375 0.01953125
1 0.99375 0.48671875 0.0109375 0.0203125
1 0.6984375 0.353125 0.009375 0.0140625
1 0.53046875 0.42421875 0.0109375 0.01640625
0 0.82734375 0.16015625 0.0125 0.01875
1 0.46484375 0.459375 0.0109375 0.01875
0 0.98515625 0.2921875 0.0171875 0.021875
1 0.0828125 0.43359375 0.01171875 0.0171875
1 0.340625 0.34375 0.0078125 0.0140625
1 0.86640625 0.9234375 0.015625 0.028125
1 0.9796875 0.39140625 0.01015625 0.015625
1 0.46484375 0.48828125 0.01171875 0.01953125
1 0.69375 0.328125 0.00859375 0.01484375
1 0.53359375 0.6421875 0.0109375 0.01640625
1 0.95546875 0.48125 0.0109375 0.0125
1 0.62109375 0.4296875 0.01015625 0.01484375
1 0.60703125 0.9046875 0.01171875 0.0125
1 0.603125 0.43515625 0.0109375 0.0171875
1 0.4984375 0.34296875 0.00859375 0.0140625
1 0.71796875 0.87421875 0.01171875 0.01875
1 0.54296875 0.365625 0.00859375 0.0171875
1 0.76953125 0.425 0.0109375 0.01875
1 0.5484375 0.44609375 0.01015625 0.0171875
1 0.30625 0.4328125 0.0109375 0.01640625
1 0.6265625 0.38359375 0.009375 0.015625
1 0.67578125 0.90078125 0.0140625 0.01640625
1 0.03203125 0.4171875 0.01015625 0.015625
1 0.16015625 0.45703125 0.01015625 0.01875
1 0.640625 0.42109375 0.01015625 0.01640625
1 0.59296875 0.3796875 0.00859375 0.0140625
1 0.5171875 0.4390625 0.01015625 0.0171875
1 0.1046875 0.9328125 0.0171875 0.0296875
1 0.45390625 0.40859375 0.00859375 0.01640625
1 0.70625 0.85546875 0.009375 0.015625
1 0.67734375 0.39765625 0.0109375 0.01796875
1 0.18984375 0.90859375 0.01484375 0.0265625
1 0.559375 0.38984375 0.009375 0.01640625
1 0.45625 0.365625 0.00859375 0.015625
1 0.39375 0.3515625 0.00703125 0.0140625
1 0.46953125 0.32109375 0.0078125 0.01328125
1 0.33046875 0.36484375 0.0078125 0.0140625
1 0.4859375 0.4828125 0.00703125 0.01484375
1 0.47890625 0.34453125 0.0078125 0.01484375
1 0.3171875 0.38203125 0.0078125 0.01484375
1 0.89765625 0.921875 0.0140625 0.02734375
0 0.94765625 0.1640625 0.0171875 0.0265625
1 0.92421875 0.5484375 0.009375 0.01640625
1 0.62421875 0.559375 0.01171875 0.0203125
0 0.79765625 0.1734375 0.01171875 0.02109375
0 0.78671875 0.22265625 0.01171875 0.0171875
1 0.5328125 0.61640625 0.01328125 0.01875
0 0.915625 0.12265625 0.0171875 0.0234375
1 0.22421875 0.9609375 0.0203125 0.03671875
1 0.49921875 0.41640625 0.01015625 0.01640625
0 0.8578125 0.115625 0.01171875 0.01953125
1 0.3 0.41953125 0.009375 0.0140625
1 0.71953125 0.34765625 0.0109375 0.01640625
1 0.275 0.484375 0.01171875 0.0171875
1 0.66328125 0.4609375 0.0109375 0.0203125
1 0.25234375 0.88359375 0.0109375 0.01875
1 0.82734375 0.64296875 0.0109375 0.0203125
1 0.50625 0.39765625 0.009375 0.01484375
1 0.62734375 0.32890625 0.00703125 0.0140625
1 0.571875 0.3984375 0.01015625 0.0171875
1 0.8390625 0.621875 0.0078125 0.01640625
1 0.5296875 0.39921875 0.01015625 0.015625
1 0.42421875 0.36796875 0.0078125 0.0125
1 0.0515625 0.44921875 0.0109375 0.01640625
1 0.546875 0.425 0.009375 0.0140625
1 0.05703125 0.434375 0.01015625 0.0171875
1 0.7703125 0.8390625 0.00625 0.01015625
1 0.07890625 0.39765625 0.01015625 0.015625
1 0.10234375 0.90390625 0.0140625 0.01640625
1 0.01640625 0.40390625 0.00859375 0.0140625
1 0.58984375 0.39375 0.0109375 0.0140625
1 0.7171875 0.88984375 0.01015625 0.015625
1 0.690625 0.384375 0.009375 0.015625
1 0.29609375 0.44609375 0.009375 0.0125
1 0.52109375 0.89453125 0.015625 0.0234375
1 0.09296875 0.99453125 0.0140625 0.01015625
1 0.56953125 0.35859375 0.00859375 0.01484375
1 0.66640625 0.38125 0.01171875 0.01640625
1 0.75625 0.83984375 0.00703125 0.01015625
1 0.54453125 0.40546875 0.01171875 0.015625
1 0.71484375 0.9046875 0.01171875 0.01015625
1 0.90703125 0.98984375 0.01875 0.01875
1 0.08984375 0.890625 0.01171875 0.021875
1 0.74140625 0.840625 0.00625 0.0109375
0 0.87421875 0.103125 0.01328125 0.02265625
1 0.5421875 0.4609375 0.009375 0.0140625
1 0.1671875 0.3078125 0.00859375 0.01484375
1 0.090625 0.37265625 0.009375 0.01484375
1 0.53984375 0.39453125 0.009375 0.01484375
1 0.59375 0.421875 0.01015625 0.01875
1 0.15546875 0.97734375 0.021875 0.0375
1 0.51640625 0.38515625 0.0109375 0.01640625
1 0.29921875 0.45703125 0.01015625 0.01484375
1 0.1265625 0.878125 0.0140625 0.01953125
1 0.521875 0.303125 0.00859375 0.01171875
1 0.484375 0.41484375 0.01015625 0.01875
1 0.53828125 0.4359375 0.00859375 0.01484375
1 0.675 0.346875 0.009375 0.01328125
1 0.56953125 0.34375 0.00859375 0.0140625
1 0.06015625 0.396875 0.0109375 0.0140625
1 0.159375 0.33125 0.0078125 0.01328125
1 0.53203125 0.384375 0.00859375 0.0125
1 0.2796875 0.459375 0.0078125 0.0125
1 0.4859375 0.30546875 0.0078125 0.0125
1 0.5796875 0.29453125 0.00703125 0.0125
1 0.51640625 0.36953125 0.009375 0.0125
1 0.49921875 0.3734375 0.01015625 0.0140625
1 0.65078125 0.38984375 0.01171875 0.015625
1 0.16875 0.9453125 0.0140625 0.01953125
1 0.11640625 0.98984375 0.021875 0.01875
1 0.584375 0.34921875 0.01015625 0.01328125
1 0.16015625 0.878125 0.01015625 0.01796875
1 0.528125 0.34921875 0.01015625 0.0140625
1 0.87734375 0.38203125 0.00859375 0.0125
1 0.56484375 0.30546875 0.00703125 0.0125
1 0.571875 0.846875 0.00859375 0.0140625
1 0.65703125 0.359375 0.009375 0.015625
1 0.0765625 0.375 0.0078125 0.0140625
1 0.59296875 0.840625 0.0078125 0.01484375
1 0.56171875 0.34609375 0.0109375 0.01484375
1 0.50703125 0.38203125 0.00859375 0.01328125
1 0.57890625 0.365625 0.009375 0.01484375
1 0.2734375 0.465625 0.009375 0.0140625
1 0.0671875 0.4328125 0.01171875 0.015625
1 0.21171875 0.89453125 0.01171875 0.01953125
1 0.6375 0.33125 0.00859375 0.0140625
1 0.61328125 0.35078125 0.01015625 0.01484375
1 0.95234375 0.346875 0.009375 0.01484375
1 0.434375 0.3484375 0.0078125 0.0125
0 0.23203125 0.18125 0.01015625 0.0171875
1 0.28984375 0.9046875 0.0109375 0.01015625
4 0.871875 0.83671875 0.06171875 0.0703125
1 0.071875 0.8734375 0.01171875 0.01640625
1 0.18046875 0.97890625 0.02265625 0.03671875
1 0.6109375 0.36484375 0.009375 0.01484375
1 0.0921875 0.42109375 0.00859375 0.01171875
1 0.11484375 0.33984375 0.00859375 0.0140625
1 0.034375 0.38828125 0.01015625 0.0140625
1 0.4640625 0.853125 0.00625 0.01015625
1 0.57578125 0.38359375 0.01015625 0.0140625
1 0.91875 0.4421875 0.00625 0.01484375
1 0.1046875 0.8734375 0.0109375 0.0140625
1 0.50078125 0.30625 0.009375 0.01328125
1 0.00390625 0.55703125 0.0078125 0.03046875
1 0.45390625 0.85390625 0.00703125 0.01015625
1 0.746875 0.64453125 0.01015625 0.01171875
1 0.96953125 0.9546875 0.01328125 0.0296875
1 0.96640625 0.9890625 0.0171875 0.021875
1 0.1515625 0.31875 0.0109375 0.01484375
1 0.678125 0.38046875 0.01015625 0.0171875
0 0.5703125 0.78203125 0.009375 0.01484375
1 0.134375 0.32109375 0.00859375 0.01328125
1 0.06484375 0.40625 0.0078125 0.0109375
1 0.9046875 0.8703125 0.00859375 0.0140625
1 0.053125 0.38359375 0.00859375 0.01328125
1 0.17109375 0.88046875 0.01171875 0.01953125
1 0.06953125 0.39765625 0.009375 0.0140625
1 0.1046875 0.43203125 0.00546875 0.0109375