4 0.5984375 0.32421875 0.1078125 0.090625
2 0.215625 0.23515625 0.128125 0.0640625
3 0.31484375 0.41484375 0.1109375 0.109375
4 0.60078125 0.5671875 0.1609375 0.1578125
3 0.28984375 0.846875 0.0953125 0.0703125
3 0.59375 0.84140625 0.115625 0.0953125
1 0.39921875 0.88828125 0.0484375 0.021875
1 0.0453125 0.48984375 0.05 0.021875
1 0.78515625 0.5625 0.05 0.0234375
1 0.12890625 0.4859375 0.0484375 0.0203125
1 0.459375 0.4453125 0.046875 0.01875
1 0.87890625 0.47421875 0.046875 0.01875
1 0.6140625 0.415625 0.046875 0.0171875
1 0.4875 0.41875 0.046875 0.0171875
1 0.6875 0.41953125 0.046875 0.01875
1 0.33671875 0.57890625 0.05 0.025
1 0.54453125 0.5 0.0484375 0.0234375
1 0.35078125 0.440625 0.046875 0.01875
1 0.7421875 0.54375 0.0515625 0.0234375
1 0.4828125 0.44453125 0.0484375 0.01875
1 0.3765625 0.875 0.046875 0.0203125
1 0.621875 0.4765625 0.046875 0.0203125
1 0.27109375 0.45546875 0.046875 0.0203125
1 0.6671875 0.4 0.046875 0.01875
1 0.54921875 0.41484375 0.046875 0.01875
2 0.7390625 0.2140625 0.128125 0.05
1 0.2703125 0.4984375 0.0484375 0.021875
1 0.39453125 0.4296875 0.046875 0.0203125
1 0.58046875 0.49140625 0.04375 0.015625
1 0.5375 0.4328125 0.046875 0.0203125
1 0.740625 0.56796875 0.05 0.0203125
1 0.3125 0.90859375 0.0515625 0.021875
1 0.31953125 0.8953125 0.046875 0.0203125
1 0.7296875 0.5578125 0.0484375 0.0234375
1 0.1421875 0.91875 0.05 0.0234375
1 0.9890625 0.55546875 0.021875 0.0171875
1 0.6375 0.43125 0.046875 0.0203125
1 0.42734375 0.46640625 0.0484375 0.021875
0 0.05546875 0.325 0.0484375 0.01875
1 0.45078125 0.4625 0.0484375 0.025
1 0.66484375 0.3765625 0.0453125 0.0171875
1 0.3 0.88671875 0.0484375 0.021875
1 0.29296875 0.36328125 0.0453125 0.015625
1 0.72890625 0.43125 0.046875 0.0203125
3 0.80390625 0.43203125 0.1328125 0.121875
1 0.953125 0.3953125 0.046875 0.0171875
1 0.52890625 0.4453125 0.046875 0.01875
1 0.50234375 0.43671875 0.0484375 0.0203125
0 0.0484375 0.15703125 0.0484375 0.0203125
1 0.49453125 0.32265625 0.0453125 0.015625
1 0.8953125 0.47890625 0.0484375 0.021875
1 0.89375 0.50703125 0.05 0.021875
1 0.45234375 0.4296875 0.046875 0.0203125
1 0.1140625 0.36015625 0.04375 0.015625
1 0.165625 0.93828125 0.053125 0.028125
1 0.28203125 0.60546875 0.046875 0.0171875
1 0.0984375 0.46328125 0.0484375 0.01875
1 0.51171875 0.4609375 0.046875 0.0203125
0 0.175 0.24453125 0.046875 0.0171875
1 0.45625 0.325 0.0453125 0.015625
1 0.18984375 0.9 0.05 0.021875
0 0.0296875 0.28203125 0.046875 0.0171875
1 0.4265625 0.33984375 0.04375 0.015625
1 0.39609375 0.37734375 0.0453125 0.015625
1 0.6578125 0.34375 0.04375 0.015625
1 0.67734375 0.39765625 0.046875 0.01875
1 0.02109375 0.40703125 0.0421875 0.0171875
1 0.12109375 0.43984375 0.0484375 0.01875
1 0.92578125 0.50859375 0.05 0.0203125
1 0.88046875 0.9015625 0.05 0.025
0 0.0703125 0.3046875 0.04375 0.015625
4 0.95234375 0.428125 0.0953125 0.08125
1 0.44296875 0.37265625 0.046875 0.0171875
1 0.41484375 0.34765625 0.0453125 0.015625
1 0.5796875 0.8859375 0.0515625 0.025
1 0.3984375 0.3609375 0.04375 0.0140625
1 0.45078125 0.34453125 0.04375 0.015625
1 0.10390625 0.29921875 0.0453125 0.015625
1 0.69765625 0.41875 0.0484375 0.01875
1 0.228125 0.6484375 0.0515625 0.0234375
1 0.04296875 0.428125 0.0484375 0.021875
1 0.60546875 0.89375 0.0515625 0.021875
0 0.01953125 0.1828125 0.0390625 0.01875
0 0.0484375 0.30390625 0.0453125 0.015625
1 0.9015625 0.496875 0.046875 0.01875
1 0.1125 0.93984375 0.05 0.0234375
1 0.3765625 0.371875 0.0453125 0.0171875
1 0.1796875 0.91875 0.0515625 0.0234375
1 0.8765625 0.86015625 0.0484375 0.0203125
1 0.44375 0.33515625 0.0453125 0.0140625
1 0.73828125 0.43828125 0.046875 0.01875
1 0.11875 0.31640625 0.0453125 0.0171875
1 0.1421875 0.965625 0.0453125 0.015625
1 0.1390625 0.31953125 0.04375 0.015625
1 0.8 0.29921875 0.0421875 0.0140625
0 0.040625 0.278125 0.046875 0.0171875
1 0.68203125 0.31328125 0.04375 0.015625
0 0.02421875 0.03203125 0.0484375 0.0171875
1 0.1796875 0.8671875 0.04375 0.0140625
1 0.55703125 0.34375 0.04375 0.015625
1 0.9515625 0.95546875 0.05625 0.0328125
1 0.15078125 0.98515625 0.0484375 0.0296875
1 0.63125 0.29296875 0.04375 0.0140625
1 0.12734375 0.33984375 0.0453125 0.015625
1 0.38828125 0.36015625 0.0453125 0.0140625
1 0.4328125 0.32265625 0.04375 0.0140625
0 0.07734375 0.2484375 0.0453125 0.015625
1 0.16171875 0.28671875 0.0453125 0.015625
1 0.48359375 0.32578125 0.04375 0.015625
1 0.12578125 0.89609375 0.0484375 0.01875
1 0.221875 0.63046875 0.0484375 0.01875
1 0.07734375 0.371875 0.0453125 0.015625
0 0.0953125 0.82890625 0.04375 0.015625
1 0.3875 0.378125 0.046875 0.0171875
1 0.87734375 0.96953125 0.05 0.0234375
1 0.04375 0.36953125 0.0484375 0.0171875
1 0.14609375 0.31796875 0.0453125 0.015625
0 0.0765625 0.27734375 0.04375 0.015625
1 0.7625 0.6203125 0.0515625 0.0265625
1 0.69375 0.40078125 0.0453125 0.015625
3 0.4609375 0.8234375 0.0875 0.06875
1 0.08046875 0.925 0.05 0.0265625
1 0.09453125 0.34453125 0.046875 0.0171875
0 0.11328125 0.82265625 0.046875 0.0171875
1 0.85703125 0.82265625 0.0421875 0.0125
0 0.0390625 0.2359375 0.0453125 0.015625
1 0.6421875 0.346875 0.046875 0.01875
1 0.38359375 0.34453125 0.04375 0.0171875
0 0.05 0.278125 0.0484375 0.015625
1 0.62265625 0.89453125 0.0484375 0.0171875
1 0.765625 0.6 0.0484375 0.0203125
1 0.6328125 0.8515625 0.0453125 0.0171875
1 0.84765625 0.28984375 0.04375 0.015625
1 0.3640625 0.3109375 0.0453125 0.0140625
1 0.64140625 0.63515625 0.05 0.021875
1 0.2765625 0.55625 0.046875 0.01875
1 0.38359375 0.3203125 0.0453125 0.0171875
1 0.3390625 0.8390625 0.0421875 0.0125
1 0.39765625 0.34375 0.0453125 0.015625
1 0.02109375 0.375 0.0421875 0.015625
1 0.0171875 0.38046875 0.034375 0.0171875
1 0.45234375 0.8484375 0.0453125 0.0171875
1 0.0171875 0.66640625 0.034375 0.0265625
1 0.41015625 0.30859375 0.04375 0.015625
1 0.40859375 0.3390625 0.04375 0.0125
1 0.5390625 0.31171875 0.0453125 0.0140625
1 0.9203125 0.334375 0.0453125 0.0171875
1 0.23046875 0.8296875 0.04375 0.0140625
1 0.1640625 0.8625 0.0421875 0.0140625
1 0.3953125 0.31953125 0.046875 0.015625
1 0.4734375 0.29609375 0.04375 0.0140625
1 0.1375 0.89453125 0.0453125 0.0171875
1 0.15546875 0.9140625 0.0484375 0.0203125
1 0.896875 0.9078125 0.053125 0.0265625
1 0.10078125 0.9703125 0.0453125 0.0171875
1 0.82265625 0.97109375 0.0609375 0.028125
1 0.88203125 0.31171875 0.0453125 0.0140625
1 0.28046875 0.4375 0.04375 0.015625
1 0.078125 0.96640625 0.0484375 0.01875
1 0.13984375 0.8640625 0.04375 0.0125
1 0.6109375 0.86875 0.05 0.0265625
1 0.26015625 0.484375 0.04375 0.0140625
1 0.94140625 0.86484375 0.046875 0.021875
0 0.11484375 0.85078125 0.046875 0.021875
4 0.6859375 0.85859375 0.153125 0.1109375
0 0.07421875 0.31796875 0.0453125 0.0140625
1 0.61875 0.5109375 0.05 0.021875
1 0.1421875 0.878125 0.04375 0.0140625
1 0.559375 0.8625 0.0453125 0.0171875
1 0.4484375 0.3203125 0.04375 0.0125
1 0.49765625 0.853125 0.04375 0.0125
1 0.44765625 0.30234375 0.04375 0.0125
1 0.325 0.8 0.046875 0.0171875
1 0.103125 0.3203125 0.046875 0.015625
1 0.42421875 0.3078125 0.0484375 0.0171875
0 0.090625 0.80234375 0.046875 0.0171875
1 0.478125 0.853125 0.0453125 0.0109375
1 0.9859375 0.409375 0.028125 0.0125
1 0.45703125 0.3015625 0.04375 0.0140625
1 0.546875 0.83359375 0.04375 0.0140625
1 0.5 0.83203125 0.0421875 0.0140625