2 0.7703125 0.22109375 0.08671875 0.05859375
3 0.72734375 0.846875 0.07578125 0.0796875
4 0.60625 0.84140625 0.084375 0.10390625
4 0.32109375 0.45625 0.08671875 0.11171875
1 0.11171875 0.46640625 0.0109375 0.01875
1 0.0171875 0.48125 0.0109375 0.0171875
1 0.121875 0.44609375 0.01015625 0.01796875
1 0.07734375 0.56875 0.01328125 0.02109375
1 0.696875 0.40234375 0.01015625 0.015625
2 0.2484375 0.22578125 0.09375 0.05
1 0.1671875 0.40234375 0.00859375 0.015625
1 0.065625 0.4578125 0.01015625 0.01796875
1 0.0765625 0.53203125 0.01171875 0.02109375
1 0.4953125 0.40625 0.009375 0.015625
1 0.45703125 0.3921875 0.0078125 0.01328125
1 0.83203125 0.8796875 0.0109375 0.01875
3 0.23671875 0.828125 0.05 0.0484375
1 0.6265625 0.49765625 0.0109375 0.0203125
1 0.05859375 0.4984375 0.0109375 0.01875
1 0.58125 0.371875 0.00859375 0.01484375
1 0.53125 0.45859375 0.009375 0.0171875
1 0.5171875 0.58515625 0.01171875 0.02265625
1 0.3453125 0.378125 0.00859375 0.0140625
1 0.34453125 0.39609375 0.00859375 0.0140625
1 0.05 0.48203125 0.0109375 0.01796875
1 0.37890625 0.4015625 0.009375 0.01640625
1 0.94140625 0.39765625 0.01015625 0.0171875
1 0.59609375 0.42421875 0.01015625 0.0171875
1 0.3578125 0.5796875 0.0125 0.0203125
1 0.55234375 0.43515625 0.01015625 0.01796875
1 0.378125 0.571875 0.01171875 0.01875
1 0.1 0.53671875 0.0125 0.02265625
1 0.48046875 0.9 0.01171875 0.0171875
1 0.53046875 0.54453125 0.01171875 0.01796875
1 0.1484375 0.62734375 0.01328125 0.021875
1 0.1359375 0.565625 0.0125 0.02265625
1 0.11484375 0.384375 0.00859375 0.01484375
1 0.17890625 0.38359375 0.0078125 0.01484375
1 0.10390625 0.425 0.01015625 0.01640625
1 0.98515625 0.38359375 0.01171875 0.015625
1 0.7078125 0.353125 0.009375 0.015625
1 0.5578125 0.40234375 0.01015625 0.01484375
1 0.54609375 0.40859375 0.0109375 0.0171875
1 0.5171875 0.4375 0.01015625 0.01796875
1 0.459375 0.340625 0.0078125 0.0140625
1 0.3265625 0.39765625 0.009375 0.015625
1 0.35390625 0.3515625 0.0078125 0.0140625
1 0.46484375 0.3734375 0.00859375 0.015625
1 0.05078125 0.51484375 0.01171875 0.01796875
1 0.66171875 0.39140625 0.01015625 0.01484375
1 0.596875 0.39296875 0.009375 0.01484375
1 0.12109375 0.35234375 0.009375 0.0140625
1 0.49140625 0.390625 0.01015625 0.015625
1 0.95390625 0.3734375 0.009375 0.0140625
1 0.2875 0.5390625 0.01171875 0.02109375
1 0.6140625 0.42421875 0.0109375 0.01953125
1 0.3796875 0.58984375 0.0109375 0.01328125
1 0.58125 0.38828125 0.009375 0.015625
1 0.5484375 0.85390625 0.00859375 0.015625
1 0.37578125 0.35390625 0.01015625 0.0140625
1 0.52265625 0.634375 0.0125 0.021875
1 0.2640625 0.5078125 0.0109375 0.0203125
1 0.5234375 0.40078125 0.01171875 0.0171875
1 0.0484375 0.41796875 0.0125 0.01796875
1 0.85390625 0.3 0.0078125 0.01328125
0 0.01953125 0.05546875 0.0140625 0.01796875
1 0.6953125 0.3515625 0.00859375 0.0140625
1 0.10078125 0.3828125 0.01015625 0.01484375
1 0.48359375 0.36015625 0.00859375 0.015625
1 0.82421875 0.478125 0.01015625 0.01328125
1 0.78359375 0.43515625 0.01015625 0.0171875
1 0.81171875 0.8453125 0.00859375 0.0125
1 0.79609375 0.8484375 0.0078125 0.0125
1 0.3296875 0.35625 0.0078125 0.0140625
3 0.859375 0.37578125 0.06328125 0.0796875
1 0.09375 0.4234375 0.009375 0.01640625
1 0.71640625 0.32890625 0.0109375 0.0171875
1 0.640625 0.3421875 0.00859375 0.0140625
1 0.665625 0.85859375 0.009375 0.015625
1 0.59921875 0.30390625 0.00859375 0.01171875
1 0.37734375 0.33828125 0.00859375 0.0140625
1 0.77734375 0.8453125 0.0078125 0.0125
1 0.64921875 0.34921875 0.00859375 0.0140625
1 0.953125 0.94296875 0.015625 0.025
1 0.1109375 0.32890625 0.0078125 0.0125
1 0.17734375 0.32578125 0.00703125 0.0125
1 0.60859375 0.3875 0.01015625 0.015625
1 0.37734375 0.37578125 0.009375 0.01484375
1 0.39453125 0.32578125 0.00859375 0.0140625
1 0.684375 0.8546875 0.00859375 0.01328125
1 0.93203125 0.34296875 0.009375 0.0140625
1 0.9484375 0.34609375 0.009375 0.01484375
1 0.0828125 0.403125 0.01015625 0.01953125
1 0.990625 0.40078125 0.01328125 0.01796875
1 0.50625 0.35078125 0.00703125 0.01171875
1 0.19296875 0.590625 0.01015625 0.0109375
1 0.51484375 0.33125 0.00703125 0.0140625
1 0.07421875 0.42265625 0.01171875 0.015625
1 0.51328125 0.36015625 0.00859375 0.0171875
1 0.62890625 0.38828125 0.009375 0.01640625
1 0.88046875 0.30078125 0.0078125 0.0125
1 0.88046875 0.8890625 0.0109375 0.01953125
1 0.34453125 0.3 0.009375 0.01328125
1 0.56015625 0.29609375 0.0078125 0.0125
1 0.140625 0.32265625 0.01015625 0.0140625
1 0.88203125 0.32578125 0.00703125 0.0109375
1 0.06328125 0.38984375 0.01015625 0.015625
1 0.54765625 0.3921875 0.0109375 0.01328125
1 0.903125 0.89296875 0.0140625 0.0203125
1 0.4703125 0.296875 0.0078125 0.01171875
1 0.19140625 0.84609375 0.0078125 0.0109375
1 0.93984375 0.89921875 0.01171875 0.02109375
1 0.40078125 0.39453125 0.009375 0.01171875
1 0.17265625 0.30859375 0.0078125 0.01640625
0 0.1078125 0.0328125 0.01328125 0.02265625
1 0.39453125 0.590625 0.009375 0.01171875
1 0.88046875 0.85234375 0.00703125 0.0109375
1 0.5625 0.37578125 0.0109375 0.015625
1 0.6203125 0.3859375 0.00859375 0.01484375
1 0.8953125 0.98984375 0.01171875 0.01796875
1 0.653125 0.384375 0.01015625 0.0140625
1 0.415625 0.3484375 0.009375 0.01484375
1 0.06328125 0.425 0.009375 0.015625
1 0.8046875 0.98046875 0.02265625 0.03828125
1 0.3390625 0.34921875 0.00859375 0.0125
1 0.928125 0.90625 0.0140625 0.021875
1 0.6421875 0.38359375 0.009375 0.01875
1 0.89140625 0.30390625 0.00859375 0.0140625
1 0.12109375 0.31640625 0.009375 0.0140625
1 0.99609375 0.38046875 0.00703125 0.01484375
0 0.246875 0.73984375 0.009375 0.0125
1 0.053125 0.92890625 0.01640625 0.03203125
1 0.90078125 0.31875 0.00859375 0.01328125
1 0.09375 0.3375 0.0078125 0.0125
1 0.025 0.4 0.009375 0.01484375
1 0.29296875 0.4375 0.00703125 0.01015625
1 0.89140625 0.8890625 0.01328125 0.02265625
1 0.18515625 0.840625 0.01015625 0.0109375
1 0.071875 0.365625 0.009375 0.01328125
1 0.53828125 0.80625 0.00703125 0.0125
0 0.27265625 0.18359375 0.00703125 0.01171875
1 0.103125 0.9875 0.0140625 0.021875
0 0.25625 0.715625 0.00703125 0.0140625
1 0.88828125 0.871875 0.00859375 0.01484375
1 0.0921875 0.365625 0.00859375 0.0140625
1 0.2890625 0.45625 0.009375 0.01484375
1 0.98125 0.36796875 0.009375 0.015625
1 0.52734375 0.3328125 0.01171875 0.01328125
1 0.93125 0.32734375 0.0109375 0.01640625