4 0.4546875 0.49921875 0.103125 0.1453125
4 0.33671875 0.30546875 0.0859375 0.084375
3 0.65625 0.2390625 0.0546875 0.0765625
3 0.80234375 0.83515625 0.059375 0.0484375
3 0.05546875 0.56796875 0.1109375 0.1203125
1 0.88203125 0.44140625 0.0171875 0.01875
1 0.83046875 0.56875 0.01875 0.025
1 0.7640625 0.54609375 0.0203125 0.0234375
1 0.7453125 0.5296875 0.0203125 0.0234375
1 0.74765625 0.50234375 0.015625 0.021875
1 0.74296875 0.4796875 0.0171875 0.021875
1 0.73671875 0.50546875 0.015625 0.021875
1 0.71171875 0.4671875 0.0171875 0.021875
1 0.7140625 0.43828125 0.0171875 0.01875
1 0.690625 0.41953125 0.0171875 0.01875
1 0.70390625 0.45 0.01875 0.0203125
1 0.69453125 0.45390625 0.0140625 0.0171875
1 0.6125 0.5 0.01875 0.0234375
1 0.60546875 0.62109375 0.0203125 0.028125
1 0.54140625 0.58203125 0.015625 0.0234375
1 0.60234375 0.4578125 0.01875 0.021875
1 0.559375 0.40625 0.015625 0.021875
1 0.3234375 0.521875 0.0203125 0.021875
1 0.3078125 0.5453125 0.01875 0.021875
1 0.2984375 0.5328125 0.01875 0.021875
1 0.2796875 0.56953125 0.0203125 0.0234375
1 0.27421875 0.5578125 0.0171875 0.0171875
1 0.26171875 0.5546875 0.0171875 0.021875
1 0.26015625 0.528125 0.01875 0.0171875
1 0.2578125 0.53515625 0.01875 0.0234375
1 0.03828125 0.4390625 0.0203125 0.01875
1 0.0890625 0.39453125 0.0125 0.0140625
1 0.1046875 0.38828125 0.015625 0.0140625
1 0.10546875 0.3734375 0.0140625 0.0125
1 0.68515625 0.384375 0.0171875 0.0203125
1 0.67734375 0.35546875 0.0140625 0.015625
1 0.6671875 0.33984375 0.0140625 0.0140625
1 0.66796875 0.36015625 0.015625 0.01875
1 0.6546875 0.36328125 0.015625 0.0171875
1 0.6375 0.35 0.015625 0.0171875
1 0.63359375 0.36171875 0.0140625 0.0125
1 0.625 0.37109375 0.015625 0.015625
1 0.60859375 0.36640625 0.015625 0.015625
1 0.6265625 0.35 0.0125 0.0109375
1 0.61875 0.3359375 0.0140625 0.015625
1 0.61171875 0.328125 0.0125 0.0140625
1 0.603125 0.353125 0.0140625 0.0140625
1 0.56640625 0.34765625 0.015625 0.0140625
1 0.58203125 0.35859375 0.015625 0.015625
1 0.5546875 0.35078125 0.0140625 0.0171875
1 0.53515625 0.3625 0.015625 0.015625
1 0.51015625 0.3609375 0.0140625 0.015625
1 0.55546875 0.33203125 0.0140625 0.015625
1 0.534375 0.27578125 0.0109375 0.0109375
1 0.44921875 0.31484375 0.0125 0.0140625
1 0.44453125 0.28046875 0.0140625 0.0171875
1 0.43515625 0.27421875 0.0125 0.0109375
1 0.415625 0.29453125 0.0125 0.0140625
1 0.43046875 0.33046875 0.0140625 0.015625
1 0.4109375 0.321875 0.0125 0.015625
1 0.39609375 0.33671875 0.0125 0.015625
1 0.38125 0.325 0.0140625 0.015625
1 0.390625 0.28984375 0.0125 0.0140625
1 0.3546875 0.2625 0.0109375 0.0109375
1 0.38203125 0.3640625 0.015625 0.015625
1 0.36484375 0.36640625 0.0140625 0.0140625
1 0.31171875 0.4125 0.015625 0.0171875
1 0.31328125 0.39375 0.0140625 0.015625
1 0.32578125 0.3765625 0.015625 0.0171875
1 0.14765625 0.3375 0.0140625 0.0140625
1 0.16171875 0.296875 0.0125 0.0125
1 0.16796875 0.28359375 0.0140625 0.0109375
1 0.12890625 0.31015625 0.0125 0.0109375
1 0.1125 0.32890625 0.0125 0.0109375
1 0.1140625 0.31484375 0.0125 0.0140625
1 0.09921875 0.340625 0.015625 0.0171875
1 0.0625 0.36875 0.0140625 0.0140625
1 0.94140625 0.39296875 0.0171875 0.0171875
1 0.94765625 0.40546875 0.01875 0.0171875
1 0.9828125 0.409375 0.01875 0.0171875
1 0.96484375 0.3765625 0.0171875 0.015625
1 0.98203125 0.396875 0.0171875 0.0140625
1 0.81171875 0.24375 0.0125 0.0125
1 0.82734375 0.23984375 0.0125 0.0109375
1 0.83671875 0.240625 0.0125 0.0109375
1 0.8578125 0.25078125 0.0125 0.0109375
1 0.5953125 0.2546875 0.0125 0.0125
1 0.5734375 0.265625 0.0125 0.0140625
1 0.565625 0.259375 0.0125 0.0125
1 0.584375 0.25234375 0.0109375 0.0109375
1 0.9640625 0.334375 0.015625 0.0140625
1 0.9828125 0.34140625 0.0171875 0.015625
1 0.97109375 0.3234375 0.015625 0.0140625
1 0.9421875 0.31171875 0.0140625 0.0125
1 0.9265625 0.303125 0.0140625 0.0125
1 0.93984375 0.2984375 0.0140625 0.0125
1 0.93046875 0.28984375 0.0140625 0.0109375
1 0.890625 0.3046875 0.0140625 0.0203125
1 0.88125 0.25625 0.0125 0.0109375
1 0.87890625 0.24140625 0.0125 0.0125
1 0.85234375 0.23984375 0.0125 0.0109375
1 0.9015625 0.28125 0.0125 0.0125
1 0.91015625 0.28203125 0.0125 0.0109375
1 0.884375 0.271875 0.0125 0.009375
1 0.0328125 0.38984375 0.015625 0.0140625
1 0.07734375 0.34375 0.0140625 0.0140625
1 0.11953125 0.29140625 0.0140625 0.015625
1 0.10859375 0.29921875 0.0140625 0.0140625
1 0.0765625 0.3296875 0.0140625 0.015625
1 0.05703125 0.34453125 0.0140625 0.0125
1 0.065625 0.3453125 0.015625 0.015625
1 0.04375 0.3640625 0.015625 0.015625
1 0.0390625 0.3765625 0.015625 0.015625
1 0.0265625 0.37578125 0.0171875 0.015625
1 0.0203125 0.390625 0.0125 0.0140625
1 0.0765625 0.31875 0.0125 0.0125
1 0.0828125 0.31875 0.015625 0.01875
1 0.090625 0.31953125 0.0140625 0.0140625
0 0.78828125 0.16171875 0.0171875 0.01875
0 0.7625 0.16328125 0.0171875 0.021875
0 0.7640625 0.1875 0.0171875 0.0203125
0 0.715625 0.1953125 0.0171875 0.0171875
0 0.73671875 0.14765625 0.015625 0.01875
0 0.75390625 0.12265625 0.01875 0.0234375
0 0.78359375 0.090625 0.0140625 0.021875
0 0.803125 0.040625 0.0171875 0.0109375
1 0.8875 0.284375 0.0140625 0.0125
2 0.7421875 0.1828125 0.0921875 0.053125
2 0.22890625 0.22421875 0.096875 0.0671875
0 0.65234375 0.7078125 0.0171875 0.021875
0 0.6015625 0.69296875 0.015625 0.0125
0 0.58828125 0.73671875 0.0140625 0.0140625
1 0.05546875 0.35234375 0.015625 0.0171875
1 0.11015625 0.29296875 0.015625 0.015625
1 0.1 0.33125 0.015625 0.0171875
1 0.5984375 0.24765625 0.0140625 0.0140625
1 0.3421875 0.6421875 0.0203125 0.021875
1 0.09609375 0.9109375 0.015625 0.01875
1 0.12421875 0.88515625 0.015625 0.015625
1 0.1578125 0.88046875 0.0140625 0.0140625
1 0.08125 0.93515625 0.01875 0.0234375
1 0.878125 0.8421875 0.0125 0.0125
1 0.21015625 0.87734375 0.0125 0.0140625
1 0.2015625 0.8765625 0.0125 0.0125
1 0.09609375 0.9390625 0.01875 0.0265625
1 0.16953125 0.8921875 0.015625 0.015625
1 0.5515625 0.8671875 0.0125 0.015625
1 0.22734375 0.87265625 0.0125 0.0125
1 0.88515625 0.85625 0.015625 0.0171875
1 0.0765625 0.9078125 0.0171875 0.01875
1 0.11875 0.89375 0.01875 0.0171875
1 0.16015625 0.92578125 0.01875 0.0234375
1 0.87109375 0.859375 0.0125 0.01875
1 0.178125 0.90546875 0.015625 0.01875
1 0.57109375 0.87734375 0.015625 0.0171875
1 0.95078125 0.92578125 0.025 0.0359375
1 0.05078125 0.98828125 0.025 0.0234375
1 0.71171875 0.8640625 0.0140625 0.015625
1 0.96171875 0.959375 0.0296875 0.0359375
1 0.89375 0.91484375 0.025 0.0328125
1 0.90546875 0.8921875 0.0203125 0.028125
1 0.80234375 0.89921875 0.0203125 0.0265625
1 0.790625 0.90703125 0.021875 0.028125
1 0.8640625 0.88828125 0.0109375 0.021875
1 0.9109375 0.86328125 0.0203125 0.021875
1 0.83125 0.91015625 0.021875 0.03125
1 0.73671875 0.86796875 0.015625 0.0171875
1 0.84453125 0.9046875 0.021875 0.028125
1 0.55859375 0.84921875 0.0125 0.015625
1 0.16875 0.90703125 0.01875 0.0234375
1 0.853125 0.95625 0.0296875 0.0421875
1 0.0734375 0.94453125 0.021875 0.034375
1 0.92578125 0.88671875 0.021875 0.028125
1 0.4171875 0.98984375 0.0234375 0.0203125
1 0.1453125 0.8828125 0.0109375 0.0125
1 0.8765625 0.9484375 0.028125 0.0421875
1 0.91640625 0.90234375 0.01875 0.0203125
1 0.32734375 0.9921875 0.028125 0.015625
3 0.446875 0.865625 0.1109375 0.1109375
4 0.7167745156249999 0.8732364015625 0.7464126281250001 0.8773532828124999 0.773828525 0.8718430390625 0.7819731453125 0.8672732078125 0.7830243890624999 0.8560955484375 0.7687595703125 0.8414929078125001 0.76583476875 0.8193829156250001 0.7205111015625 0.820203853125 0.714958190625 0.8260380078124999 0.7190331328124999 0.8536550546875 0.7152340500000001 0.86079441875 0.7167745156249999 0.8732364015625