4 0.67578125 0.84296875 0.06953125 0.08046875
4 0.83984375 0.40625 0.053125 0.06953125
2 0.7671875 0.21875 0.08515625 0.0640625
3 0.23515625 0.82890625 0.05703125 0.04453125
4 0.684375 0.290625 0.04765625 0.0546875
2 0.25 0.2265625 0.0890625 0.04375
3 0.5484375 0.78984375 0.05234375 0.05390625
4 0.728125 0.825 0.040625 0.04375
3 0.325 0.2875 0.04140625 0.053125
4 0.87890625 0.603125 0.07578125 0.09140625
1 0.575 0.5125 0.0109375 0.01953125
1 0.5765625 0.49140625 0.01015625 0.0140625
0 0.9546875 0.23125 0.0078125 0.0125