0 0.89140625 0.20078125 0.0484375 0.0234375
0 0.78125 0.23203125 0.0453125 0.0140625
0 0.89296875 0.17109375 0.0484375 0.028125
0 0.8953125 0.28359375 0.046875 0.0203125
0 0.92578125 0.43046875 0.0484375 0.025
0 0.56171875 0.728125 0.05 0.0296875
0 0.559375 0.78984375 0.0484375 0.0234375
0 0.8703125 0.17734375 0.0484375 0.0234375
0 0.884375 0.22578125 0.0453125 0.01875
0 0.909375 0.23359375 0.0484375 0.021875
0 0.57578125 0.75859375 0.0421875 0.0140625
0 0.8734375 0.23671875 0.0484375 0.0265625
0 0.89921875 0.23671875 0.053125 0.0265625
4 0.75546875 0.81640625 0.0734375 0.0421875
0 0.87109375 0.21484375 0.046875 0.01875
0 0.87421875 0.2796875 0.0484375 0.021875
0 0.7796875 0.03828125 0.0453125 0.0203125
0 0.215625 0.1828125 0.0453125 0.0203125
4 0.04921875 0.509375 0.0984375 0.09375
0 0.8234375 0.26796875 0.046875 0.0171875
0 0.9234375 0.31484375 0.0453125 0.0140625
1 0.078125 0.55078125 0.0484375 0.021875
4 0.93984375 0.509375 0.1203125 0.1125
1 0.5015625 0.40078125 0.04375 0.0171875
0 0.73671875 0.2171875 0.0421875 0.015625
0 0.02890625 0.16328125 0.05 0.021875
1 0.39296875 0.51875 0.046875 0.0234375
1 0.45078125 0.4546875 0.0453125 0.0203125
1 0.74375 0.56328125 0.0484375 0.025
0 0.0890625 0.12421875 0.046875 0.0203125
1 0.51484375 0.38046875 0.04375 0.015625
1 0.14140625 0.3859375 0.0421875 0.015625
1 0.3875 0.3546875 0.04375 0.015625
1 0.60390625 0.36640625 0.04375 0.015625
1 0.553125 0.39375 0.04375 0.015625
1 0.04375 0.42578125 0.0453125 0.0171875
1 0.73046875 0.5 0.046875 0.0203125
0 0.90625 0.2390625 0.046875 0.025
1 0.8671875 0.36328125 0.04375 0.015625
1 0.52890625 0.42734375 0.04375 0.0171875
1 0.67734375 0.8578125 0.0421875 0.01875
1 0.5734375 0.31953125 0.0421875 0.0125
1 0.4625 0.4953125 0.0453125 0.021875
1 0.08359375 0.49609375 0.046875 0.0203125
1 0.32421875 0.334375 0.04375 0.0140625
1 0.365625 0.37265625 0.0453125 0.015625
1 0.059375 0.42890625 0.04375 0.0171875
1 0.7953125 0.5890625 0.0484375 0.0171875
1 0.69140625 0.58515625 0.046875 0.021875
1 0.59453125 0.3375 0.040625 0.0140625
1 0.625 0.415625 0.0453125 0.015625
1 0.09921875 0.43671875 0.0453125 0.015625
1 0.80234375 0.41328125 0.0484375 0.021875
1 0.68046875 0.46328125 0.0453125 0.01875
1 0.428125 0.30703125 0.0421875 0.0125
1 0.60859375 0.4953125 0.046875 0.0203125
1 0.8796875 0.9140625 0.05 0.028125
1 0.13046875 0.65078125 0.0484375 0.0171875
1 0.6609375 0.44765625 0.0453125 0.0203125
1 0.89765625 0.8640625 0.0453125 0.0140625
1 0.0578125 0.93359375 0.05 0.0296875
1 0.9609375 0.921875 0.0484375 0.021875
1 0.73984375 0.5171875 0.046875 0.0203125
1 0.66484375 0.39140625 0.04375 0.015625
1 0.59375 0.47890625 0.046875 0.01875
0 0.88515625 0.2859375 0.0453125 0.0203125
1 0.81953125 0.3828125 0.04375 0.0171875
1 0.6203125 0.553125 0.046875 0.01875
1 0.63203125 0.3984375 0.04375 0.015625
1 0.67265625 0.3609375 0.0453125 0.0125
1 0.946875 0.63828125 0.046875 0.0140625
1 0.65859375 0.6125 0.0453125 0.015625
0 0.91328125 0.31796875 0.04375 0.0125
1 0.60859375 0.51953125 0.046875 0.0203125
1 0.690625 0.4265625 0.0453125 0.015625
1 0.61640625 0.3328125 0.0421875 0.0140625
3 0.3796875 0.8734375 0.121875 0.090625
3 0.61796875 0.86484375 0.14375 0.1125
1 0.17109375 0.88671875 0.0453125 0.0171875
1 0.45390625 0.37265625 0.04375 0.0140625
1 0.48515625 0.4125 0.0421875 0.0125
1 0.14765625 0.8859375 0.0453125 0.0203125
1 0.48671875 0.5890625 0.0484375 0.0203125
1 0.56484375 0.31953125 0.0421875 0.0125
1 0.65546875 0.4875 0.0453125 0.015625
1 0.85 0.84921875 0.0421875 0.015625
1 0.2640625 0.84609375 0.040625 0.0125
1 0.628125 0.47421875 0.0453125 0.01875
1 0.5515625 0.5046875 0.0453125 0.021875
1 0.69296875 0.50390625 0.0453125 0.0140625
1 0.715625 0.5046875 0.0484375 0.01875
1 0.64140625 0.3796875 0.0453125 0.015625
1 0.621875 0.44296875 0.04375 0.0171875
1 0.6546875 0.50390625 0.046875 0.015625
1 0.646875 0.559375 0.0484375 0.021875
1 0.66015625 0.309375 0.0453125 0.0125
1 0.84140625 0.86875 0.04375 0.0171875
1 0.66953125 0.428125 0.04375 0.015625
1 0.696875 0.5671875 0.046875 0.01875
2 0.2453125 0.23203125 0.1234375 0.0421875
1 0.11015625 0.428125 0.04375 0.015625
1 0.55703125 0.4546875 0.046875 0.0140625
1 0.3984375 0.58671875 0.0421875 0.01875
1 0.35 0.32265625 0.0421875 0.0125
1 0.853125 0.86875 0.0453125 0.015625
1 0.609375 0.42734375 0.0453125 0.0140625
1 0.44375 0.3265625 0.0421875 0.0125
1 0.05546875 0.3875 0.04375 0.0140625
1 0.07421875 0.97421875 0.0546875 0.040625
1 0.9078125 0.89765625 0.046875 0.0171875
1 0.5421875 0.446875 0.0453125 0.0171875
1 0.55234375 0.44296875 0.0453125 0.0109375
1 0.29921875 0.32109375 0.04375 0.015625
1 0.54140625 0.33125 0.0421875 0.0140625
1 0.32578125 0.38984375 0.04375 0.0140625
1 0.91015625 0.92421875 0.0515625 0.028125
1 0.46953125 0.6453125 0.046875 0.015625
1 0.1515625 0.6546875 0.046875 0.0109375
1 0.59453125 0.4515625 0.0453125 0.0125
1 0.721875 0.4578125 0.0421875 0.01875
1 0.13828125 0.853125 0.046875 0.0203125
1 0.6390625 0.45625 0.0453125 0.0171875
4 0.53984375 0.85546875 0.1140625 0.115625
1 0.05859375 0.41015625 0.04375 0.0125
1 0.69453125 0.5453125 0.0484375 0.0203125
1 0.365625 0.3390625 0.0421875 0.0140625
1 0.71171875 0.46015625 0.0453125 0.0171875
1 0.5546875 0.34296875 0.04375 0.0140625
1 0.9515625 0.36328125 0.0421875 0.0140625
1 0.5484375 0.31953125 0.04375 0.0109375
1 0.5578125 0.43203125 0.04375 0.0125
0 0.759375 0.04765625 0.04375 0.015625
0 0.31640625 0.2859375 0.04375 0.015625
1 0.59609375 0.4390625 0.04375 0.0140625
1 0.825 0.29296875 0.0421875 0.0125
1 0.5 0.5703125 0.0484375 0.025
1 0.4453125 0.38046875 0.04375 0.0140625
1 0.88359375 0.3421875 0.04375 0.0140625
0 0.90546875 0.30078125 0.0421875 0.0109375
1 0.10703125 0.33671875 0.0421875 0.0125
1 0.9078125 0.8796875 0.0453125 0.015625
1 0.34296875 0.29921875 0.0421875 0.0109375