4 0.15234375 0.4265625 0.071875 0.109375
2 0.23046875 0.21953125 0.0890625 0.065625
2 0.7484375 0.203125 0.090625 0.05625
3 0.11015625 0.33125 0.0765625 0.0953125
1 0.76796875 0.5625 0.0140625 0.021875
1 0.35234375 0.48359375 0.0109375 0.01875
1 0.32734375 0.3984375 0.009375 0.015625
1 0.93125 0.434375 0.0109375 0.01875
1 0.23515625 0.61875 0.0140625 0.0234375
1 0.07578125 0.45 0.0109375 0.0171875
1 0.86640625 0.36171875 0.0125 0.01875
3 0.1578125 0.8703125 0.0484375 0.065625
1 0.37578125 0.3984375 0.0109375 0.0171875
1 0.590625 0.453125 0.0109375 0.01875
1 0.61328125 0.40078125 0.0109375 0.0171875
1 0.26640625 0.559375 0.0125 0.021875
1 0.22734375 0.48671875 0.0109375 0.01875
1 0.940625 0.521875 0.0140625 0.021875
1 0.290625 0.49765625 0.0125 0.01875
1 0.73125 0.5890625 0.0140625 0.021875
1 0.25546875 0.525 0.0109375 0.01875
1 0.675 0.3546875 0.0109375 0.015625
1 0.35078125 0.53515625 0.0125 0.021875
1 0.60078125 0.45390625 0.0109375 0.01875
1 0.53125 0.43515625 0.0109375 0.01875
1 0.60234375 0.3984375 0.0109375 0.0171875
1 0.5 0.453125 0.0109375 0.01875
1 0.85390625 0.41796875 0.0109375 0.01875
1 0.3171875 0.37578125 0.009375 0.015625
1 0.88125 0.3359375 0.009375 0.015625
1 0.6203125 0.565625 0.0140625 0.0234375
1 0.3203125 0.48828125 0.0109375 0.01875
1 0.68125 0.525 0.0125 0.0203125
1 0.67421875 0.37890625 0.009375 0.0171875
1 0.66953125 0.48359375 0.0109375 0.0203125
1 0.6046875 0.5109375 0.0125 0.0171875
1 0.2734375 0.51171875 0.0109375 0.01875
1 0.52578125 0.35390625 0.009375 0.015625
1 0.559375 0.440625 0.0109375 0.01875
1 0.56796875 0.4875 0.0109375 0.0203125
1 0.34921875 0.45390625 0.0109375 0.01875
1 0.57265625 0.315625 0.009375 0.015625
1 0.40703125 0.51015625 0.0109375 0.021875
1 0.8109375 0.390625 0.0109375 0.0171875
1 0.84140625 0.4 0.0109375 0.015625
1 0.48046875 0.4484375 0.0109375 0.0203125
1 0.43828125 0.48671875 0.0109375 0.0203125
1 0.2390625 0.9203125 0.0125 0.021875
1 0.72734375 0.5625 0.0125 0.0203125
1 0.33984375 0.58125 0.0125 0.0234375
1 0.3421875 0.3765625 0.009375 0.0171875
1 0.59296875 0.4984375 0.0125 0.0203125
1 0.3984375 0.48984375 0.0109375 0.0203125
1 0.56015625 0.38203125 0.0109375 0.0171875
1 0.88671875 0.30859375 0.009375 0.0140625
1 0.16328125 0.9078125 0.0109375 0.01875
1 0.6109375 0.34921875 0.0109375 0.0171875
1 0.51171875 0.3890625 0.0109375 0.015625
1 0.6171875 0.475 0.0109375 0.01875
1 0.65390625 0.32734375 0.009375 0.0140625
1 0.946875 0.39296875 0.0109375 0.0171875
4 0.31171875 0.875 0.0875 0.084375
1 0.53515625 0.40390625 0.009375 0.0171875
1 0.4875 0.35703125 0.009375 0.015625
1 0.3859375 0.34140625 0.009375 0.015625
1 0.3234375 0.45859375 0.0109375 0.01875
1 0.3671875 0.3171875 0.009375 0.015625
1 0.39375 0.30625 0.0078125 0.0140625
1 0.1859375 0.346875 0.0125 0.01875
1 0.33359375 0.44921875 0.0109375 0.01875
1 0.6 0.29140625 0.0109375 0.0171875
1 0.52578125 0.38515625 0.0109375 0.0171875
1 0.61015625 0.30390625 0.0109375 0.015625
3 0.73828125 0.48046875 0.103125 0.125
1 0.51015625 0.3296875 0.009375 0.0140625
1 0.3625 0.34296875 0.009375 0.0140625
1 0.353125 0.39375 0.009375 0.0171875
1 0.51015625 0.28046875 0.0109375 0.0171875
1 0.49375 0.47109375 0.0109375 0.01875
1 0.4515625 0.3046875 0.0078125 0.0140625
1 0.90703125 0.36328125 0.0109375 0.0171875
1 0.6234375 0.51015625 0.0109375 0.01875
1 0.46875 0.36640625 0.009375 0.015625
1 0.76171875 0.60703125 0.0125 0.015625
1 0.40234375 0.34453125 0.009375 0.0140625
1 0.9 0.32109375 0.009375 0.0140625
1 0.31796875 0.31015625 0.0078125 0.015625
1 0.153125 0.3078125 0.0078125 0.0140625
1 0.8015625 0.47109375 0.0109375 0.0171875
1 0.18203125 0.37734375 0.009375 0.015625
1 0.6609375 0.3765625 0.0109375 0.015625
1 0.8140625 0.28671875 0.0078125 0.0125
1 0.7546875 0.54375 0.0109375 0.0171875
1 0.43359375 0.4 0.0109375 0.0171875
1 0.29296875 0.3234375 0.009375 0.0140625
1 0.7453125 0.559375 0.0140625 0.0203125
1 0.34140625 0.35234375 0.009375 0.015625
1 0.64921875 0.39921875 0.0109375 0.0171875
1 0.48671875 0.409375 0.0109375 0.01875
1 0.415625 0.328125 0.009375 0.0140625
1 0.86171875 0.2890625 0.009375 0.015625
1 0.4140625 0.3890625 0.0109375 0.0171875
1 0.815625 0.259375 0.0078125 0.0125
1 0.934375 0.55078125 0.0109375 0.0203125
1 0.7453125 0.596875 0.0140625 0.021875
1 0.70234375 0.52890625 0.0109375 0.0171875
1 0.6546875 0.2921875 0.0078125 0.0140625
1 0.8328125 0.32109375 0.009375 0.0140625
0 0.7328125 0.29453125 0.0109375 0.021875
1 0.92109375 0.359375 0.0109375 0.01875
1 0.446875 0.34140625 0.0109375 0.0125
1 0.35546875 0.378125 0.009375 0.015625
1 0.5796875 0.27578125 0.009375 0.015625
1 0.62109375 0.61796875 0.0109375 0.0125
1 0.43671875 0.325 0.009375 0.015625
1 0.0609375 0.41171875 0.0109375 0.015625
1 0.40234375 0.32890625 0.009375 0.015625
1 0.45703125 0.28984375 0.009375 0.015625
1 0.365625 0.3984375 0.0109375 0.01875
1 0.834375 0.28203125 0.0078125 0.0140625
1 0.1796875 0.6546875 0.009375 0.0109375
1 0.63046875 0.28359375 0.0109375 0.0171875
1 0.425 0.42109375 0.0109375 0.0171875
1 0.46953125 0.3484375 0.009375 0.0140625
1 0.7203125 0.54609375 0.0109375 0.0171875
1 0.48125 0.26953125 0.009375 0.015625
1 0.68125 0.2921875 0.009375 0.015625
1 0.04296875 0.41015625 0.009375 0.015625
1 0.615625 0.27890625 0.0109375 0.015625
1 0.82578125 0.28828125 0.009375 0.0125
1 0.84765625 0.3875 0.0109375 0.0140625
1 0.93359375 0.33125 0.0109375 0.015625
1 0.1453125 0.27734375 0.0078125 0.0140625
1 0.6546875 0.3125 0.0078125 0.0140625
1 0.91484375 0.2984375 0.009375 0.0171875
1 0.86875 0.284375 0.0078125 0.0140625
1 0.4359375 0.38046875 0.0109375 0.015625
1 0.38828125 0.25859375 0.00625 0.0109375
1 0.74375 0.53125 0.0109375 0.01875
1 0.1296875 0.2796875 0.0078125 0.0125
1 0.853125 0.453125 0.0078125 0.0109375
1 0.1578125 0.49609375 0.0109375 0.01875
1 0.4390625 0.259375 0.0078125 0.0125
1 0.5515625 0.31875 0.0109375 0.015625
1 0.96640625 0.34765625 0.009375 0.0140625
1 0.2890625 0.30546875 0.009375 0.0140625
1 0.51171875 0.36953125 0.0109375 0.0171875
1 0.9875 0.40078125 0.009375 0.015625
1 0.353125 0.2734375 0.0078125 0.0125
1 0.234375 0.86171875 0.0078125 0.0125
1 0.00546875 0.4078125 0.0109375 0.01875
1 0.9015625 0.2765625 0.0078125 0.0140625
1 0.0078125 0.3796875 0.0078125 0.0125
1 0.84921875 0.2625 0.0078125 0.0125
1 0.93046875 0.5359375 0.0125 0.0171875
1 0.884375 0.275 0.009375 0.015625
1 0.43359375 0.36796875 0.009375 0.0140625
1 0.94375 0.3296875 0.009375 0.015625
1 0.53359375 0.26875 0.009375 0.0125
1 0.33359375 0.2671875 0.009375 0.0140625
0 0.0296875 0.1953125 0.009375 0.0140625
1 0.37109375 0.2703125 0.009375 0.0125
1 0.98828125 0.3625 0.0125 0.015625
1 0.4015625 0.2609375 0.0078125 0.0125
1 0.03125 0.40234375 0.0109375 0.015625
1 0.48125 0.64375 0.0109375 0.0125
1 0.95078125 0.3484375 0.0078125 0.0140625
1 0.0703125 0.99375 0.01875 0.0125
1 0.490625 0.2671875 0.0078125 0.0125
1 0.2921875 0.37578125 0.0078125 0.0125
1 0.07265625 0.95078125 0.0125 0.0203125
1 0.4453125 0.3265625 0.009375 0.0140625
1 0.35859375 0.2609375 0.0078125 0.0140625
1 0.25234375 0.884375 0.0109375 0.0171875
1 0.97734375 0.346875 0.0109375 0.015625
1 0.1140625 0.28125 0.009375 0.0140625
1 0.628125 0.26328125 0.0109375 0.015625
1 0.83828125 0.25078125 0.0078125 0.009375
1 0.49921875 0.25703125 0.0078125 0.0125
1 0.60625 0.275 0.009375 0.0171875
1 0.01015625 0.390625 0.0125 0.0171875
1 0.88203125 0.54765625 0.009375 0.0140625
1 0.97109375 0.33203125 0.0078125 0.0140625
1 0.121875 0.90546875 0.0125 0.01875
1 0.509375 0.259375 0.009375 0.0140625
1 0.70078125 0.3515625 0.009375 0.0125
1 0.003125 0.3921875 0.00625 0.0125
1 0.54921875 0.25703125 0.0125 0.015625
1 0.425 0.3625 0.0109375 0.0140625
1 0.1046875 0.9234375 0.0109375 0.01875
1 0.42265625 0.3515625 0.009375 0.0109375
1 0.221875 0.86015625 0.0078125 0.0109375
1 0.953125 0.32265625 0.009375 0.0125
0 0.43203125 0.7734375 0.0109375 0.01875