2 0.21328125 0.240625 0.1109375 0.0703125
2 0.72734375 0.1875 0.1125 0.0640625
3 0.80390625 0.29375 0.065625 0.0765625
1 0.1859375 0.484375 0.0296875 0.01875
1 0.31640625 0.63203125 0.0328125 0.021875
1 0.3359375 0.44765625 0.028125 0.01875
1 0.7984375 0.5828125 0.0328125 0.021875
1 0.38359375 0.403125 0.028125 0.0171875
1 0.88359375 0.3546875 0.0296875 0.0203125
1 0.6140625 0.45625 0.0296875 0.0203125
1 0.7984375 0.54296875 0.0328125 0.0234375
1 0.83984375 0.3640625 0.028125 0.0171875
1 0.859375 0.40859375 0.0296875 0.01875
1 0.42421875 0.5796875 0.0328125 0.0234375
1 0.184375 0.46640625 0.0296875 0.0171875
1 0.4859375 0.4203125 0.028125 0.0171875
1 0.61328125 0.4328125 0.028125 0.01875
1 0.45390625 0.4 0.028125 0.0171875
1 0.72109375 0.4765625 0.0296875 0.021875
1 0.93359375 0.37890625 0.028125 0.0171875
3 0.58828125 0.53203125 0.1 0.115625
1 0.08828125 0.6140625 0.0328125 0.021875
1 0.378125 0.38359375 0.028125 0.0171875
1 0.48671875 0.90546875 0.028125 0.0140625
1 0.30078125 0.47578125 0.0296875 0.01875
1 0.8625 0.3875 0.028125 0.015625
1 0.74140625 0.578125 0.0328125 0.021875
1 0.43984375 0.3453125 0.0265625 0.015625
3 0.7859375 0.84375 0.0859375 0.0671875
1 0.878125 0.48671875 0.0296875 0.0171875
1 0.91640625 0.3609375 0.028125 0.01875
1 0.271875 0.5390625 0.03125 0.0203125
1 0.15859375 0.478125 0.028125 0.01875
1 0.9 0.30703125 0.028125 0.0140625
1 0.9171875 0.4 0.0296875 0.0203125
1 0.95859375 0.38984375 0.0296875 0.01875
1 0.3796875 0.55703125 0.03125 0.0234375
1 0.25703125 0.540625 0.028125 0.0171875
1 0.04296875 0.41015625 0.028125 0.0171875
1 0.8 0.37734375 0.0265625 0.015625
1 0.29609375 0.4203125 0.028125 0.015625
1 0.796875 0.33203125 0.0265625 0.015625
1 0.40703125 0.384375 0.028125 0.015625
1 0.60546875 0.3453125 0.0265625 0.015625
1 0.8328125 0.415625 0.028125 0.0171875
1 0.4125 0.91171875 0.0296875 0.015625
1 0.8609375 0.8640625 0.025 0.015625
1 0.82578125 0.31953125 0.0265625 0.0140625
1 0.0671875 0.4203125 0.0296875 0.015625
4 0.678125 0.55 0.121875 0.16875
1 0.4125 0.32890625 0.0265625 0.015625
1 0.0734375 0.40546875 0.0265625 0.0140625
1 0.86328125 0.334375 0.028125 0.0171875
1 0.29765625 0.53125 0.0296875 0.0203125
1 0.83984375 0.89296875 0.0296875 0.015625
1 0.26796875 0.57109375 0.0296875 0.01875
1 0.04609375 0.478125 0.028125 0.01875
1 0.571875 0.59765625 0.028125 0.0203125
1 0.84140625 0.9140625 0.0359375 0.0296875
1 0.45859375 0.35625 0.0265625 0.015625
1 0.878125 0.50625 0.03125 0.0203125
1 0.37890625 0.3171875 0.0265625 0.0140625
1 0.37890625 0.359375 0.028125 0.015625
1 0.63515625 0.271875 0.0265625 0.0140625
1 0.971875 0.39296875 0.0296875 0.01875
1 0.09765625 0.38359375 0.0265625 0.0140625
1 0.82421875 0.39453125 0.028125 0.0171875
1 0.5640625 0.2890625 0.0265625 0.0140625
1 0.69140625 0.88671875 0.028125 0.0171875
1 0.9125 0.33125 0.0296875 0.015625
1 0.63203125 0.25390625 0.0265625 0.0125
1 0.47421875 0.32109375 0.028125 0.0140625
1 0.3328125 0.38046875 0.0265625 0.015625
1 0.275 0.51875 0.0296875 0.0171875
1 0.4046875 0.32734375 0.0265625 0.0140625
1 0.05078125 0.440625 0.028125 0.0171875
1 0.78515625 0.365625 0.0265625 0.0140625
1 0.35625 0.296875 0.0265625 0.0140625
1 0.115625 0.390625 0.0265625 0.0140625
1 0.53359375 0.26953125 0.0265625 0.0140625
1 0.87265625 0.26484375 0.0265625 0.0125
1 0.75 0.515625 0.03125 0.021875
1 0.09140625 0.40390625 0.028125 0.015625
1 0.2953125 0.490625 0.0296875 0.01875
1 0.1625 0.2984375 0.025 0.0140625
1 0.3296875 0.90390625 0.028125 0.0171875
1 0.36796875 0.3296875 0.0265625 0.0125
1 0.4421875 0.3203125 0.0265625 0.0140625
1 0.225 0.9125 0.0265625 0.0171875
1 0.3109375 0.90390625 0.028125 0.0171875
1 0.09609375 0.35703125 0.0265625 0.0140625
1 0.740625 0.55546875 0.0296875 0.015625
1 0.35 0.32109375 0.028125 0.0140625
1 0.12421875 0.39921875 0.0265625 0.015625
1 0.8515625 0.2640625 0.0265625 0.0140625
1 0.18359375 0.44921875 0.0296875 0.0171875
1 0.1546875 0.5328125 0.0265625 0.015625
1 0.6 0.3625 0.028125 0.015625
1 0.33671875 0.3421875 0.0265625 0.015625
1 0.3546875 0.903125 0.028125 0.01875
1 0.790625 0.8765625 0.028125 0.01875
1 0.85 0.37421875 0.028125 0.015625
1 0.375 0.903125 0.028125 0.0171875
1 0.8828125 0.884375 0.0328125 0.0234375
1 0.8203125 0.8984375 0.0359375 0.0234375
1 0.10078125 0.5953125 0.03125 0.01875
1 0.4734375 0.8765625 0.025 0.0125
1 0.55 0.29296875 0.0265625 0.0140625
1 0.4875 0.26796875 0.0265625 0.0140625
1 0.309375 0.3625 0.0265625 0.0140625
1 0.928125 0.32734375 0.028125 0.0171875
1 0.17421875 0.41953125 0.0265625 0.0140625
1 0.4828125 0.29609375 0.028125 0.0140625
1 0.040625 0.44375 0.028125 0.0171875
1 0.18046875 0.4296875 0.028125 0.0140625
1 0.32109375 0.36015625 0.0265625 0.015625
1 0.2875 0.51171875 0.0296875 0.0171875
1 0.3609375 0.31640625 0.028125 0.0125
1 0.315625 0.3390625 0.0265625 0.0140625
1 0.85078125 0.3203125 0.028125 0.015625
1 0.478125 0.2796875 0.0265625 0.0125
1 0.1 0.30703125 0.0265625 0.0125
1 0.74140625 0.86953125 0.0265625 0.0171875
1 0.58515625 0.87421875 0.0265625 0.0140625
1 0.20859375 0.91328125 0.028125 0.0171875
1 0.55 0.25859375 0.025 0.0125
1 0.11796875 0.58203125 0.03125 0.021875
1 0.259375 0.5609375 0.0296875 0.0203125
1 0.29921875 0.39453125 0.028125 0.015625
4 0.05859375 0.35546875 0.075 0.0953125
1 0.4953125 0.265625 0.0265625 0.015625
1 0.40390625 0.90234375 0.0265625 0.015625
1 0.3796875 0.3359375 0.0265625 0.0140625
1 0.80859375 0.3828125 0.028125 0.0171875
1 0.5640625 0.2484375 0.0234375 0.0109375
1 0.2859375 0.52578125 0.03125 0.01875
1 0.92265625 0.86015625 0.0296875 0.01875
1 0.83046875 0.28984375 0.028125 0.0125
1 0.35078125 0.34140625 0.028125 0.015625
1 0.96484375 0.3390625 0.0296875 0.0171875
1 0.9234375 0.88828125 0.0328125 0.0265625
1 0.84296875 0.3015625 0.028125 0.0125
1 0.8359375 0.24453125 0.025 0.0125
1 0.82890625 0.8546875 0.028125 0.0171875
1 0.3375 0.31171875 0.0265625 0.0125
1 0.4484375 0.30390625 0.0265625 0.0125
1 0.4484375 0.2859375 0.0265625 0.0125
1 0.3375 0.359375 0.028125 0.0140625
1 0.55546875 0.27734375 0.028125 0.0125
1 0.109375 0.6140625 0.0328125 0.021875
1 0.83671875 0.26796875 0.0265625 0.0140625
1 0.4734375 0.90546875 0.03125 0.015625
1 0.8578125 0.24609375 0.0265625 0.0140625
1 0.3171875 0.27890625 0.025 0.0125
1 0.09296875 0.30859375 0.0265625 0.0125
1 0.8421875 0.40625 0.028125 0.01875
1 0.82890625 0.3796875 0.028125 0.0125
1 0.3140625 0.390625 0.028125 0.0171875
1 0.42734375 0.26796875 0.0265625 0.0140625
1 0.83671875 0.3171875 0.028125 0.015625
1 0.81328125 0.23515625 0.0265625 0.0125
1 0.88125 0.95703125 0.0390625 0.025
1 0.9609375 0.93828125 0.0359375 0.0375
3 0.559375 0.44453125 0.1140625 0.115625
1 0.0578125 0.4203125 0.028125 0.0140625
1 0.91796875 0.28828125 0.028125 0.015625
1 0.88125 0.8421875 0.028125 0.0109375
1 0.93515625 0.33828125 0.028125 0.015625
1 0.9015625 0.25703125 0.0265625 0.0140625
1 0.00625 0.4140625 0.0125 0.0125
1 0.434375 0.90625 0.0296875 0.015625
1 0.64453125 0.8953125 0.0265625 0.0109375
1 0.5375 0.25390625 0.025 0.0125
1 0.88828125 0.2609375 0.0265625 0.0125
1 0.909375 0.8640625 0.0296875 0.01875
1 0.32421875 0.32109375 0.0265625 0.0140625
1 0.4609375 0.3125 0.028125 0.0140625
1 0.32578125 0.275 0.025 0.0125
1 0.81171875 0.86015625 0.028125 0.015625
1 0.69296875 0.87265625 0.0265625 0.015625
1 0.31640625 0.3203125 0.0265625 0.0125
1 0.728125 0.8828125 0.0359375 0.0171875
1 0.3671875 0.9078125 0.03125 0.021875
1 0.3234375 0.3359375 0.028125 0.0125
1 0.32265625 0.37734375 0.028125 0.015625
1 0.08203125 0.32265625 0.0265625 0.0125
1 0.1875 0.9171875 0.028125 0.0171875
1 0.0890625 0.321875 0.0265625 0.0140625
1 0.98046875 0.36796875 0.0265625 0.015625
1 0.86015625 0.84453125 0.0234375 0.0125
1 0.46171875 0.2609375 0.0265625 0.0125
1 0.96484375 0.3265625 0.028125 0.0109375
1 0.44609375 0.27109375 0.0265625 0.0125
1 0.18203125 0.89453125 0.0265625 0.0109375
1 0.4578125 0.875 0.028125 0.0109375
1 0.4046875 0.2671875 0.028125 0.0125
1 0.13046875 0.57890625 0.0296875 0.021875
1 0.90859375 0.28515625 0.0296875 0.0140625
1 0.86875 0.24453125 0.028125 0.015625
1 0.1671875 0.30859375 0.0265625 0.0109375
1 0.47109375 0.6515625 0.028125 0.0109375
1 0.45234375 0.90546875 0.03125 0.015625
1 0.96171875 0.6109375 0.028125 0.0140625
1 0.4390625 0.8640625 0.025 0.0125
1 0.4671875 0.8765625 0.025 0.0125
1 0.20703125 0.896875 0.0265625 0.0109375
1 0.3296875 0.3015625 0.0265625 0.0125
1 0.0640625 0.409375 0.0296875 0.015625
1 0.87890625 0.24453125 0.028125 0.015625
1 0.0875 0.3453125 0.028125 0.0125
1 0.8265625 0.26015625 0.025 0.009375
1 0.4734375 0.26796875 0.0265625 0.0109375
1 0.990625 0.946875 0.01875 0.021875
1 0.18515625 0.93046875 0.0265625 0.015625
1 0.68359375 0.88046875 0.028125 0.0171875
1 0.4765625 0.259375 0.0265625 0.0109375
4 0.22890625 0.9625 0.1625 0.075
1 0.93046875 0.2859375 0.028125 0.0171875
1 0.59765625 0.47890625 0.0265625 0.0125