4 0.59140625 0.38984375 0.115625 0.10625
3 0.1453125 0.3 0.0890625 0.071875
3 0.328125 0.40234375 0.115625 0.109375
4 0.88359375 0.41171875 0.1140625 0.1046875
1 0.15546875 0.5609375 0.0421875 0.0328125
1 0.73203125 0.5484375 0.040625 0.03125
1 0.65546875 0.59296875 0.0421875 0.028125
1 0.634375 0.4328125 0.0375 0.0265625
1 0.853125 0.57734375 0.0421875 0.0328125
1 0.49921875 0.4515625 0.0390625 0.028125
1 0.753125 0.58671875 0.0421875 0.0328125
1 0.7078125 0.49453125 0.040625 0.0296875
1 0.37578125 0.44921875 0.0390625 0.028125
1 0.38984375 0.878125 0.0390625 0.0296875
1 0.68984375 0.59453125 0.040625 0.028125
1 0.5578125 0.53359375 0.040625 0.03125
1 0.26171875 0.88515625 0.040625 0.03125
4 0.884375 0.91875 0.14375 0.1625
1 0.6484375 0.56796875 0.0421875 0.0328125
1 0.246875 0.42734375 0.0390625 0.028125
1 0.09375 0.44375 0.0390625 0.028125
1 0.71796875 0.459375 0.0390625 0.0265625
1 0.64140625 0.53125 0.040625 0.03125
1 0.77578125 0.93984375 0.0453125 0.04375
1 0.85234375 0.4359375 0.0390625 0.028125
1 0.97890625 0.42734375 0.040625 0.0265625
1 0.39140625 0.521875 0.040625 0.03125
1 0.67109375 0.4375 0.0390625 0.0265625
0 0.8015625 0.22109375 0.0390625 0.0265625
1 0.18515625 0.8890625 0.040625 0.0328125
1 0.6265625 0.4890625 0.0390625 0.028125
0 0.22578125 0.2046875 0.0390625 0.0265625
1 0.94453125 0.353125 0.0375 0.025
1 0.38984375 0.478125 0.040625 0.025
1 0.36796875 0.509375 0.040625 0.03125
1 0.26796875 0.4265625 0.0390625 0.0265625
1 0.89765625 0.35546875 0.0390625 0.025
1 0.59375 0.8828125 0.0390625 0.0296875
1 0.38671875 0.49140625 0.0390625 0.028125
3 0.1109375 0.82421875 0.0734375 0.05625
0 0.7828125 0.1984375 0.0390625 0.028125
1 0.0734375 0.39453125 0.0375 0.025
1 0.80703125 0.62734375 0.04375 0.0328125
1 0.70546875 0.4078125 0.0375 0.025
2 0.25078125 0.22109375 0.1203125 0.0578125
4 0.70859375 0.8578125 0.128125 0.103125
1 0.55 0.321875 0.0359375 0.0234375
1 0.98515625 0.384375 0.0296875 0.025
1 0.84296875 0.6390625 0.04375 0.0328125
1 0.92109375 0.37578125 0.0375 0.0234375
1 0.39375 0.4078125 0.0375 0.025
1 0.6671875 0.61953125 0.040625 0.025
1 0.040625 0.44140625 0.0390625 0.028125
1 0.596875 0.45078125 0.0421875 0.0296875
1 0.62421875 0.46015625 0.0390625 0.0265625
1 0.125 0.33203125 0.0359375 0.0234375
1 0.65078125 0.878125 0.0390625 0.0296875
1 0.0609375 0.38359375 0.0375 0.025
1 0.67890625 0.39375 0.0375 0.025
1 0.2765625 0.4921875 0.040625 0.0296875
1 0.5734375 0.50546875 0.040625 0.03125
1 0.571875 0.4515625 0.0390625 0.0296875
0 0.88359375 0.76953125 0.0484375 0.0484375
1 0.8671875 0.3515625 0.0375 0.025
0 0.82109375 0.2 0.0390625 0.028125
1 0.83671875 0.32578125 0.0390625 0.025
1 0.19140625 0.29765625 0.0359375 0.021875
1 0.52421875 0.38203125 0.0375 0.0234375
1 0.71640625 0.44296875 0.0390625 0.025
2 0.7765625 0.22578125 0.115625 0.06875
1 0.621875 0.503125 0.0375 0.028125
1 0.61015625 0.46875 0.040625 0.0265625
1 0.43125 0.5046875 0.0390625 0.028125
1 0.4625 0.36953125 0.0375 0.0234375
1 0.11640625 0.89453125 0.0421875 0.03125
1 0.0171875 0.42890625 0.034375 0.0265625
1 0.43125 0.48125 0.0390625 0.028125
1 0.62265625 0.434375 0.040625 0.0265625
1 0.13515625 0.88515625 0.0421875 0.03125
4 0.53671875 0.81796875 0.071875 0.0671875
1 0.82421875 0.8609375 0.0359375 0.0234375
1 0.65 0.4 0.0390625 0.0265625
1 0.24453125 0.92578125 0.0453125 0.040625
1 0.0765625 0.9171875 0.04375 0.0375
1 0.6625 0.39921875 0.0375 0.025
1 0.56953125 0.33828125 0.0375 0.025
1 0.678125 0.42421875 0.0375 0.0265625
1 0.0828125 0.390625 0.0375 0.025
1 0.3265625 0.4921875 0.040625 0.0265625
1 0.01484375 0.565625 0.0296875 0.03125
1 0.1109375 0.3234375 0.0359375 0.0234375
1 0.09609375 0.35234375 0.0359375 0.0234375
1 0.8921875 0.32265625 0.0375 0.0234375
1 0.8109375 0.65 0.040625 0.025
1 0.0734375 0.359375 0.0375 0.0234375
1 0.26796875 0.45078125 0.0390625 0.028125
1 0.71015625 0.32578125 0.0375 0.025
1 0.67421875 0.40625 0.0375 0.021875
1 0.85078125 0.3234375 0.0390625 0.025
1 0.46328125 0.3375 0.0375 0.0234375
1 0.703125 0.44296875 0.0390625 0.0265625
1 0.359375 0.30546875 0.0359375 0.021875
1 0.790625 0.8546875 0.0375 0.0234375
1 0.5625 0.4578125 0.040625 0.028125
1 0.67890625 0.35234375 0.0359375 0.0234375
1 0.45 0.36953125 0.0390625 0.025
1 0.02578125 0.61015625 0.0421875 0.0296875
1 0.1515625 0.86796875 0.0359375 0.0265625
1 0.91875 0.359375 0.0375 0.021875
1 0.35078125 0.465625 0.0375 0.0265625
1 0.48671875 0.38828125 0.0375 0.021875
1 0.37734375 0.4796875 0.0390625 0.028125
1 0.62109375 0.559375 0.0359375 0.0203125
1 0.2765625 0.44296875 0.0390625 0.0265625
1 0.2765625 0.47265625 0.040625 0.028125
1 0.45 0.4 0.0390625 0.025
1 0.54296875 0.37734375 0.0359375 0.0234375
1 0.41484375 0.50703125 0.040625 0.0296875
1 0.45625 0.3171875 0.034375 0.021875
1 0.09453125 0.91015625 0.04375 0.0375
1 0.6359375 0.40546875 0.0375 0.025
1 0.8296875 0.8953125 0.040625 0.0296875
1 0.64765625 0.3734375 0.0375 0.0234375
1 0.71328125 0.4265625 0.0375 0.0234375
1 0.5703125 0.3109375 0.0359375 0.021875
1 0.471875 0.3328125 0.0375 0.0234375
1 0.61484375 0.48515625 0.0375 0.0234375
1 0.403125 0.49296875 0.0359375 0.0234375
0 0.8578125 0.0125 0.040625 0.021875
1 0.396875 0.84140625 0.0375 0.0265625
1 0.03125 0.9796875 0.0484375 0.034375
1 0.1109375 0.8625 0.0375 0.025
1 0.628125 0.334375 0.0375 0.021875
1 0.38828125 0.29296875 0.0375 0.021875
1 0.50390625 0.37265625 0.0375 0.0234375
1 0.49765625 0.3578125 0.0375 0.0234375
1 0.69296875 0.42578125 0.040625 0.025
1 0.6671875 0.38359375 0.0375 0.0234375
1 0.48515625 0.3515625 0.0375 0.0265625
1 0.3703125 0.62734375 0.040625 0.03125
0 0.8625 0.0703125 0.0421875 0.0296875
1 0.6078125 0.29921875 0.0359375 0.0234375
1 0.43671875 0.36796875 0.0375 0.0265625
1 0.4484375 0.384375 0.0390625 0.0234375
1 0.4171875 0.48671875 0.0375 0.021875
1 0.2921875 0.47578125 0.040625 0.028125
1 0.459375 0.39140625 0.0375 0.0234375
1 0.08671875 0.3390625 0.0375 0.021875
1 0.39140625 0.3859375 0.0375 0.025
1 0.8390625 0.3109375 0.0375 0.0203125
0 0.76484375 0.18203125 0.0375 0.025
1 0.66484375 0.3703125 0.0359375 0.021875
0 0.725 0.1796875 0.0390625 0.0265625
1 0.6609375 0.29921875 0.0359375 0.021875
1 0.490625 0.378125 0.040625 0.025
1 0.6671875 0.30078125 0.0375 0.021875
1 0.096875 0.86328125 0.0375 0.0234375
1 0.50234375 0.38671875 0.040625 0.0265625
1 0.4453125 0.29921875 0.0359375 0.021875
1 0.01015625 0.4359375 0.0203125 0.025
1 0.48359375 0.3125 0.0375 0.0234375
1 0.31796875 0.3453125 0.0375 0.025
1 0.2875 0.3890625 0.0390625 0.025
0 0.98125 0.065625 0.0375 0.025
1 0.6796875 0.30234375 0.0359375 0.0203125
0 0.9171875 0.05703125 0.0421875 0.03125
1 0.3703125 0.303125 0.034375 0.021875
1 0.6453125 0.3859375 0.0359375 0.021875
1 0.69296875 0.40859375 0.0375 0.0234375
0 0.77890625 0.22734375 0.0390625 0.025
1 0.4109375 0.3046875 0.034375 0.01875
1 0.4078125 0.40234375 0.0359375 0.021875
1 0.29140625 0.45703125 0.0390625 0.025
0 0.6765625 0.78984375 0.040625 0.0296875
1 0.46640625 0.3234375 0.0375 0.0203125
1 0.565625 0.84140625 0.0375 0.0234375
1 0.3421875 0.48125 0.040625 0.028125
3 0.390625 0.34609375 0.0734375 0.0921875
1 0.4265625 0.8484375 0.034375 0.0203125
1 0.5046875 0.29609375 0.0375 0.021875
1 0.0609375 0.3484375 0.0359375 0.021875
1 0.196875 0.8375 0.0375 0.0203125
1 0.3359375 0.29453125 0.034375 0.0203125
1 0.5421875 0.85 0.0359375 0.0203125
1 0.42890625 0.296875 0.0375 0.021875
1 0.41796875 0.84765625 0.0359375 0.0203125
1 0.44140625 0.3984375 0.0375 0.0234375
1 0.46875 0.38203125 0.0375 0.025
1 0.55390625 0.846875 0.0375 0.0234375
1 0.07265625 0.32578125 0.0390625 0.025
1 0.32890625 0.4609375 0.040625 0.025
1 0.4375 0.64609375 0.0375 0.021875
1 0.41796875 0.4015625 0.0375 0.0203125
1 0.5234375 0.84140625 0.0359375 0.0234375
1 0.30234375 0.490625 0.040625 0.028125
1 0.67890625 0.38359375 0.0375 0.01875
0 0.99140625 0.08046875 0.0171875 0.0328125
0 0.75859375 0.7953125 0.0390625 0.0265625