2 0.7421875 0.19765625 0.1125 0.0625
4 0.41484375 0.33828125 0.096875 0.0859375
3 0.34609375 0.275 0.084375 0.0796875
3 0.16875 0.92890625 0.1640625 0.1359375
2 0.22578125 0.228125 0.115625 0.0546875
1 0.47890625 0.39765625 0.03125 0.0109375
4 0.425 0.25625 0.0953125 0.071875
1 0.41953125 0.43984375 0.03125 0.0125
1 0.54140625 0.43984375 0.0328125 0.0125
1 0.60703125 0.45078125 0.0328125 0.0140625
4 0.26015625 0.871875 0.0765625 0.0484375
1 0.55 0.3671875 0.03125 0.0109375
1 0.275 0.559375 0.034375 0.015625
1 0.13046875 0.4828125 0.03125 0.0109375
1 0.615625 0.3984375 0.03125 0.0109375
1 0.090625 0.63515625 0.034375 0.0140625
1 0.47578125 0.4421875 0.03125 0.0109375
1 0.2765625 0.48203125 0.0328125 0.0125
1 0.29453125 0.53203125 0.0328125 0.015625
1 0.69140625 0.43125 0.03125 0.0109375
1 0.25625 0.459375 0.03125 0.0125
1 0.49921875 0.39140625 0.03125 0.009375
1 0.66171875 0.4421875 0.03125 0.0125
1 0.32890625 0.44296875 0.03125 0.0109375
1 0.05859375 0.434375 0.03125 0.0109375
1 0.28046875 0.4453125 0.03125 0.0125
1 0.73828125 0.41796875 0.03125 0.0125
1 0.440625 0.48125 0.0328125 0.0140625
1 0.6546875 0.4125 0.0328125 0.0125
1 0.08828125 0.36171875 0.0296875 0.009375
1 0.5984375 0.32421875 0.0296875 0.0078125
1 0.46171875 0.39921875 0.03125 0.0109375
1 0.8703125 0.87890625 0.0328125 0.0140625
1 0.6734375 0.359375 0.0296875 0.009375
1 0.9359375 0.3296875 0.03125 0.009375
1 0.6640625 0.3984375 0.03125 0.0125
1 0.5078125 0.30625 0.0296875 0.009375
1 0.015625 0.57421875 0.03125 0.0171875
1 0.9234375 0.30078125 0.03125 0.0078125
1 0.1328125 0.3953125 0.03125 0.009375
1 0.28984375 0.4203125 0.03125 0.009375
1 0.65625 0.31875 0.0296875 0.0078125
1 0.946875 0.890625 0.034375 0.0171875
1 0.1328125 0.3046875 0.0296875 0.00625
1 0.37890625 0.9046875 0.0328125 0.015625
1 0.13046875 0.359375 0.0296875 0.009375
1 0.45546875 0.32265625 0.0296875 0.0078125
4 0.4828125 0.8625 0.0515625 0.040625
1 0.58125 0.32578125 0.0296875 0.009375
1 0.33046875 0.89453125 0.0296875 0.009375
1 0.0125 0.4796875 0.025 0.0125
1 0.0359375 0.42890625 0.0328125 0.0109375
1 0.634375 0.35 0.03125 0.009375
1 0.8359375 0.58828125 0.034375 0.015625
1 0.93125 0.38046875 0.0328125 0.0125
1 0.18359375 0.42109375 0.03125 0.0109375
1 0.2921875 0.57265625 0.034375 0.0171875
1 0.89453125 0.2765625 0.03125 0.0078125
1 0.6515625 0.3484375 0.0296875 0.0109375
1 0.6140625 0.33515625 0.03125 0.009375
1 0.175 0.66015625 0.034375 0.0171875
1 0.871875 0.953125 0.040625 0.0296875
1 0.4859375 0.32109375 0.03125 0.0078125
1 0.82890625 0.2796875 0.0296875 0.00625
1 0.45390625 0.41328125 0.03125 0.0109375
1 0.3203125 0.3671875 0.0296875 0.0109375
1 0.64140625 0.25703125 0.0296875 0.00625
1 0.86953125 0.2828125 0.0296875 0.0078125
1 0.25390625 0.66328125 0.0328125 0.0109375
1 0.66171875 0.4859375 0.0328125 0.0140625
1 0.096875 0.3421875 0.0296875 0.0078125
1 0.871875 0.84921875 0.0296875 0.0078125
1 0.959375 0.33125 0.03125 0.009375
1 0.32109375 0.321875 0.0296875 0.0078125
1 0.91015625 0.31796875 0.03125 0.0078125
1 0.24453125 0.9265625 0.0328125 0.0125
1 0.28671875 0.97265625 0.040625 0.0265625
1 0.90703125 0.33125 0.03125 0.009375
3 0.7671875 0.91171875 0.1828125 0.1453125
1 0.621875 0.2546875 0.0296875 0.0078125
1 0.290625 0.440625 0.03125 0.0109375
1 0.91015625 0.2796875 0.0296875 0.0078125
1 0.16640625 0.2875 0.0296875 0.00625
1 0.2796875 0.64921875 0.0328125 0.0078125
1 0.328125 0.36484375 0.03125 0.009375
1 0.15859375 0.671875 0.034375 0.0109375
1 0.89609375 0.84453125 0.0296875 0.0078125
1 0.24140625 0.65390625 0.034375 0.0140625
1 0.30390625 0.41796875 0.0328125 0.009375
1 0.63515625 0.859375 0.0296875 0.0078125
1 0.8375 0.26015625 0.0296875 0.00625
1 0.89453125 0.91640625 0.0375 0.0234375
1 0.6984375 0.88046875 0.034375 0.0171875
1 0.02578125 0.446875 0.0328125 0.0109375
1 0.05546875 0.40234375 0.03125 0.009375
1 0.153125 0.29609375 0.0296875 0.009375
1 0.3203125 0.4296875 0.0328125 0.0109375
1 0.825 0.296875 0.0296875 0.0078125
1 0.19296875 0.63671875 0.03125 0.0046875
1 0.28125 0.91015625 0.03125 0.0109375
1 0.46953125 0.28828125 0.028125 0.00625
1 0.27734375 0.63359375 0.03125 0.00625
1 0.45390625 0.29609375 0.028125 0.00625
1 0.87265625 0.2484375 0.0296875 0.00625
1 0.50625 0.89140625 0.0296875 0.0078125
1 0.01171875 0.46328125 0.0234375 0.0078125
1 0.1390625 0.2875 0.028125 0.00625
1 0.87109375 0.26484375 0.028125 0.00625
1 0.96953125 0.89921875 0.0359375 0.01875
1 0.490625 0.35390625 0.03125 0.009375
1 0.92578125 0.8546875 0.03125 0.0078125
1 0.63515625 0.28203125 0.03125 0.00625
1 0.8109375 0.25 0.0296875 0.00625
1 0.83984375 0.25 0.0296875 0.0046875
1 0.5921875 0.86484375 0.028125 0.00625
1 0.015625 0.6671875 0.03125 0.0125
1 0.10390625 0.30703125 0.0296875 0.00625
1 0.10625 0.29296875 0.03125 0.0078125
1 0.98359375 0.9140625 0.0328125 0.009375
1 0.446875 0.3078125 0.03125 0.00625
1 0.97421875 0.3453125 0.028125 0.00625
3 0.9796875 0.4828125 0.040625 0.109375
1 0.8046875 0.24765625 0.028125 0.00625
1 0.465625 0.26015625 0.028125 0.00625
1 0.56484375 0.253125 0.0296875 0.0078125
1 0.0953125 0.31953125 0.03125 0.0078125
1 0.4921875 0.89140625 0.028125 0.00625
1 0.09296875 0.3 0.0296875 0.00625
1 0.08203125 0.35078125 0.0296875 0.00625
1 0.9671875 0.87265625 0.0328125 0.0109375
1 0.09140625 0.97109375 0.0390625 0.028125
1 0.57421875 0.25390625 0.028125 0.00625
1 0.43984375 0.290625 0.0296875 0.0078125
1 0.11796875 0.29609375 0.0296875 0.00625
1 0.08671875 0.99609375 0.040625 0.0015625
1 0.94453125 0.85703125 0.03125 0.009375
1 0.234375 0.90234375 0.028125 0.0078125
1 0.19453125 0.6515625 0.0296875 0.0046875
1 0.859375 0.8328125 0.028125 0.0046875
1 0.0140625 0.4484375 0.028125 0.009375
1 0.9328125 0.83515625 0.028125 0.00625
1 0.05390625 0.3703125 0.03125 0.0109375
1 0.9859375 0.46171875 0.028125 0.0109375
1 0.45546875 0.2625 0.03125 0.0078125
1 0.0109375 0.38828125 0.021875 0.0078125
1 0.246875 0.953125 0.028125 0.009375
1 0.61015625 0.86484375 0.0296875 0.0046875
1 0.04609375 0.3984375 0.03125 0.009375
1 0.32890625 0.30546875 0.0375 0.015625
1 0.85546875 0.95625 0.0375 0.025
1 0.3859375 0.2828125 0.0296875 0.00625
1 0.48359375 0.88984375 0.0296875 0.00625
1 0.83046875 0.84296875 0.028125 0.00625
1 0.8140625 0.8328125 0.0265625 0.0046875
1 0.9625 0.85859375 0.03125 0.0078125
1 0.8421875 0.8453125 0.0265625 0.0046875
0 0.39296875 0.99375 0.040625 0.00625