1 0.38359375 0.36328125 0.0140625 0.0140625
2 0.26171875 0.1953125 0.1 0.0765625
1 0.384375 0.471875 0.015625 0.0203125
1 0.36875 0.25625 0.0109375 0.0125
3 0.7734375 0.8859375 0.075 0.0734375
1 0.48515625 0.26796875 0.0109375 0.0125
2 0.778125 0.225 0.1046875 0.06875
1 0.6078125 0.3578125 0.0125 0.0140625
1 0.6203125 0.353125 0.0125 0.015625
1 0.59921875 0.490625 0.0140625 0.0171875
1 0.40546875 0.3828125 0.0140625 0.015625
1 0.5796875 0.4734375 0.0140625 0.015625
3 0.88359375 0.353125 0.084375 0.08125
1 0.61875 0.49453125 0.0171875 0.0203125
1 0.6078125 0.3140625 0.0109375 0.0109375
1 0.19765625 0.83515625 0.0109375 0.0109375
1 0.61953125 0.4765625 0.015625 0.015625
3 0.5546875 0.3046875 0.0640625 0.084375
1 0.4421875 0.3515625 0.0078125 0.0109375
1 0.584375 0.40078125 0.0109375 0.0140625
0 0.58125 0.72421875 0.009375 0.0109375
0 0.8515625 0.14375 0.01875 0.0234375
1 0.4546875 0.35234375 0.0109375 0.0125
1 0.40546875 0.34453125 0.0125 0.01875
1 0.415625 0.37578125 0.0109375 0.0140625
1 0.4359375 0.3359375 0.0140625 0.0125
0 0.7921875 0.24609375 0.0140625 0.015625
1 0.40703125 0.36328125 0.0140625 0.0140625
3 0.5125 0.859375 0.05 0.053125
1 0.61171875 0.46171875 0.0125 0.0140625
1 0.85546875 0.90625 0.0140625 0.0171875
1 0.58203125 0.3265625 0.009375 0.0109375
1 0.609375 0.3265625 0.0109375 0.0109375
4 0.446875 0.4484375 0.09375 0.1171875
1 0.5734375 0.45390625 0.0140625 0.0203125
1 0.5890625 0.30703125 0.0140625 0.015625
1 0.5921875 0.32578125 0.0109375 0.0125
1 0.5984375 0.43828125 0.0109375 0.0125
1 0.59140625 0.3625 0.0125 0.0140625
1 0.003125 0.91015625 0.00625 0.0140625
4 0.4953125 0.3171875 0.065625 0.0921875
1 0.0515625 0.915625 0.015625 0.015625
1 0.4296875 0.36484375 0.0125 0.0140625
1 0.409375 0.3875 0.0171875 0.0140625
1 0.58046875 0.3359375 0.0109375 0.0125
1 0.01875 0.9125 0.0140625 0.0140625
1 0.96640625 0.35859375 0.0140625 0.01875
1 0.5984375 0.4734375 0.0140625 0.0125
0 0.246875 0.165625 0.015625 0.01875
1 0.87890625 0.90703125 0.015625 0.01875
1 0.61015625 0.3390625 0.0140625 0.0140625
0 0.215625 0.065625 0.015625 0.0203125
1 0.46484375 0.353125 0.0109375 0.0125
1 0.20859375 0.8359375 0.0140625 0.0125
0 0.5921875 0.7109375 0.0125 0.015625
1 0.42890625 0.37578125 0.0125 0.015625
1 0.41875 0.8421875 0.0125 0.0171875
1 0.3796875 0.84609375 0.0125 0.0125
1 0.6078125 0.45078125 0.0140625 0.0109375
1 0.60625 0.4734375 0.0140625 0.0125
1 0.41953125 0.8484375 0.0125 0.0171875
1 0.86484375 0.90625 0.0140625 0.01875
1 0.56875 0.34765625 0.0125 0.009375
1 0.45078125 0.390625 0.0109375 0.0140625
1 0.059375 0.9578125 0.0203125 0.021875
1 0.58046875 0.3625 0.0140625 0.0140625
1 0.52734375 0.34609375 0.0125 0.0125
1 0.03515625 0.95546875 0.015625 0.01875
1 0.5734375 0.43671875 0.0140625 0.0140625
1 0.58671875 0.425 0.0140625 0.0140625
1 0.36953125 0.84453125 0.0109375 0.0125
3 0.5296875 0.4375 0.0828125 0.125
4 0.26796875 0.565625 0.0953125 0.1390625