2 0.77265625 0.225 0.1015625 0.0640625
3 0.35703125 0.25234375 0.08125 0.0765625
3 0.8359375 0.3171875 0.0625 0.0703125
4 0.44609375 0.25 0.0796875 0.0734375
2 0.25546875 0.20078125 0.1046875 0.0578125
3 0.81796875 0.86328125 0.0640625 0.0546875
3 0.625 0.30859375 0.0828125 0.0828125
1 0.28984375 0.49453125 0.0234375 0.01875
1 0.63515625 0.41171875 0.0234375 0.0171875
1 0.25234375 0.53515625 0.025 0.0203125
1 0.3171875 0.503125 0.025 0.01875
1 0.16015625 0.390625 0.021875 0.015625
1 0.65 0.48515625 0.0234375 0.0171875
4 0.2328125 0.840625 0.0671875 0.0453125
1 0.6875 0.378125 0.021875 0.0140625
1 0.41953125 0.6125 0.025 0.0171875
1 0.0703125 0.40078125 0.0234375 0.015625
1 0.6625 0.46484375 0.0234375 0.0171875
1 0.31015625 0.89453125 0.0234375 0.015625
1 0.0734375 0.59140625 0.0265625 0.0171875
1 0.01171875 0.47109375 0.0234375 0.0171875
1 0.29375 0.51640625 0.025 0.0203125
1 0.434375 0.534375 0.025 0.0203125
1 0.06171875 0.57734375 0.025 0.0203125
1 0.903125 0.93515625 0.0265625 0.0203125
1 0.2671875 0.43203125 0.0234375 0.015625
1 0.82890625 0.915625 0.025 0.01875
1 0.10546875 0.3203125 0.021875 0.0140625
1 0.70390625 0.5875 0.0265625 0.021875
1 0.67421875 0.33671875 0.0203125 0.0125
1 0.2546875 0.6359375 0.0265625 0.0171875
1 0.96640625 0.51171875 0.025 0.01875
1 0.92890625 0.38359375 0.0234375 0.0140625
1 0.04921875 0.409375 0.0234375 0.0171875
1 0.06484375 0.45390625 0.025 0.0171875
1 0.72109375 0.88515625 0.021875 0.0125
1 0.346875 0.54296875 0.025 0.0203125
1 0.89765625 0.3578125 0.021875 0.0125
1 0.15546875 0.26796875 0.0203125 0.0109375
1 0.33671875 0.890625 0.025 0.0203125
1 0.29609375 0.8765625 0.021875 0.0140625
1 0.08203125 0.91875 0.0296875 0.0234375
1 0.1859375 0.29375 0.0203125 0.0125
1 0.725 0.94765625 0.0296875 0.028125
1 0.21796875 0.90703125 0.0265625 0.0203125
1 0.46015625 0.321875 0.021875 0.0140625
1 0.42109375 0.33203125 0.021875 0.0140625
1 0.49375 0.278125 0.0203125 0.0109375
1 0.09765625 0.54921875 0.0265625 0.021875
1 0.77734375 0.9828125 0.0328125 0.0328125
1 0.0359375 0.40390625 0.0234375 0.0140625
1 0.94140625 0.42578125 0.0234375 0.015625
1 0.915625 0.31875 0.021875 0.0125
1 0.484375 0.315625 0.021875 0.0125
1 0.19375 0.38828125 0.021875 0.015625
1 0.040625 0.4375 0.025 0.015625
1 0.05859375 0.91484375 0.028125 0.0234375
1 0.01640625 0.45234375 0.0234375 0.015625
1 0.82109375 0.98515625 0.0328125 0.028125
1 0.578125 0.27421875 0.0203125 0.0125
1 0.46640625 0.303125 0.0203125 0.0125
1 0.953125 0.40625 0.025 0.015625
1 0.18984375 0.2546875 0.0203125 0.009375
1 0.5140625 0.26875 0.0203125 0.0109375
1 0.115625 0.30078125 0.021875 0.0125
1 0.69140625 0.61953125 0.021875 0.01875
1 0.87421875 0.91015625 0.021875 0.0171875
1 0.90234375 0.38515625 0.0234375 0.0140625
1 0.0140625 0.4234375 0.025 0.015625
1 0.83828125 0.9 0.021875 0.0140625
1 0.01640625 0.40234375 0.025 0.015625
1 0.93046875 0.32421875 0.021875 0.0140625
1 0.59140625 0.26171875 0.0203125 0.0109375
1 0.45546875 0.290625 0.021875 0.0125
1 0.5484375 0.871875 0.0203125 0.0109375
1 0.93515625 0.9390625 0.025 0.0203125
1 0.56328125 0.26875 0.0203125 0.0109375
3 0.58359375 0.83125 0.05 0.03125
1 0.17578125 0.2609375 0.0203125 0.0140625
1 0.06796875 0.3578125 0.0234375 0.0140625
1 0.6765625 0.6515625 0.0234375 0.0125
1 0.225 0.63671875 0.025 0.015625
1 0.8578125 0.8828125 0.0203125 0.0109375
1 0.8953125 0.88046875 0.0203125 0.0125
3 0.46484375 0.8484375 0.0421875 0.0328125
1 0.42265625 0.6453125 0.0234375 0.009375
1 0.16328125 0.25078125 0.0203125 0.0109375
1 0.02421875 0.378125 0.0234375 0.0140625
1 0.93828125 0.96171875 0.0234375 0.0125
1 0.2015625 0.91171875 0.028125 0.0203125
1 0.9296875 0.915625 0.0234375 0.015625
1 0.2015625 0.865625 0.021875 0.0125
1 0.10390625 0.9671875 0.0328125 0.0359375
1 0.17421875 0.92734375 0.0265625 0.021875
1 0.125 0.26640625 0.021875 0.0109375
1 0.1 0.3078125 0.021875 0.0109375
1 0.03515625 0.3625 0.025 0.0171875
1 0.921875 0.3703125 0.0203125 0.0109375
1 0.8640625 0.28828125 0.0203125 0.0125
1 0.11640625 0.278125 0.021875 0.0125
1 0.18984375 0.9234375 0.025 0.01875
1 0.13046875 0.253125 0.021875 0.0125
1 0.23828125 0.96171875 0.0296875 0.0296875
1 0.9203125 0.88671875 0.0203125 0.0125
1 0.13828125 0.9078125 0.028125 0.025
1 0.78046875 0.87578125 0.021875 0.0125
1 0.115625 0.25859375 0.021875 0.0109375
1 0.09453125 0.896875 0.025 0.01875
1 0.26796875 0.85703125 0.0203125 0.009375
1 0.140625 0.25703125 0.021875 0.0109375
1 0.1765625 0.90390625 0.021875 0.0109375
1 0.58046875 0.8671875 0.01875 0.0109375
1 0.0109375 0.36640625 0.021875 0.0140625
1 0.246875 0.934375 0.0234375 0.0140625
1 0.88359375 0.878125 0.0203125 0.009375
1 0.4515625 0.88984375 0.0203125 0.009375
1 0.17890625 0.85625 0.0203125 0.0109375
1 0.53671875 0.64765625 0.0234375 0.0109375
1 0.4953125 0.26484375 0.0203125 0.009375
1 0.00859375 0.35390625 0.0171875 0.0109375
1 0.459375 0.49453125 0.0203125 0.0109375
1 0.9265625 0.8875 0.0203125 0.0125
1 0.06953125 0.325 0.021875 0.015625
1 0.40703125 0.2625 0.0234375 0.015625
1 0.1390625 0.9828125 0.021875 0.0078125
1 0.2140625 0.97890625 0.0328125 0.021875
1 0.05859375 0.35078125 0.0234375 0.0140625
1 0.7515625 0.88046875 0.021875 0.0109375
1 0.12421875 0.90234375 0.0265625 0.01875
1 0.02109375 0.33671875 0.021875 0.0125
1 0.16171875 0.96796875 0.0328125 0.03125
1 0.92890625 0.99296875 0.0265625 0.0125
1 0.15078125 0.25234375 0.0203125 0.0109375