4 0.6625 0.29921875 0.0953125 0.0796875
3 0.8234375 0.871875 0.0890625 0.05625
3 0.853125 0.32421875 0.090625 0.0703125
1 0.70625 0.43984375 0.0375 0.0125
4 0.76640625 0.85625 0.0765625 0.0484375
2 0.26484375 0.19765625 0.11875 0.053125
0 0.759375 0.23984375 0.034375 0.009375
2 0.7765625 0.22890625 0.1171875 0.0640625
1 0.2953125 0.4078125 0.0359375 0.0109375
1 0.625 0.3359375 0.0359375 0.0109375
1 0.0296875 0.40703125 0.0390625 0.0140625
1 0.5015625 0.30546875 0.034375 0.009375
1 0.29296875 0.42421875 0.0375 0.0125
1 0.45 0.4171875 0.0375 0.0140625
1 0.853125 0.90078125 0.034375 0.009375
1 0.26953125 0.53046875 0.0390625 0.015625
1 0.58671875 0.87421875 0.034375 0.0078125
1 0.49296875 0.3765625 0.0359375 0.0125
1 0.29140625 0.53046875 0.0390625 0.01875
0 0.77890625 0.18359375 0.0359375 0.0125
1 0.4296875 0.2859375 0.034375 0.0046875
1 0.0625 0.3671875 0.0375 0.0109375
1 0.115625 0.33515625 0.0359375 0.0109375
1 0.6375 0.340625 0.0359375 0.009375
1 0.0375 0.3453125 0.0375 0.0109375
1 0.43203125 0.33046875 0.034375 0.0125
1 0.05859375 0.4 0.0390625 0.0125
1 0.1015625 0.29765625 0.0359375 0.0078125
1 0.6890625 0.3765625 0.0359375 0.0125
1 0.30703125 0.48828125 0.0390625 0.0140625
1 0.203125 0.90390625 0.040625 0.0171875
0 0.76015625 0.20234375 0.0328125 0.009375
1 0.4171875 0.26171875 0.034375 0.0078125
1 0.45 0.34375 0.0359375 0.0125
1 0.08125 0.315625 0.034375 0.009375
1 0.41953125 0.2953125 0.034375 0.009375
1 0.39609375 0.25390625 0.0328125 0.0046875
1 0.4 0.371875 0.0359375 0.0125
1 0.4078125 0.43125 0.0390625 0.0140625