4 0.9109375 0.3359375 0.0703125 0.0921875
2 0.2453125 0.209375 0.08984375 0.05546875
3 0.24921875 0.85078125 0.0484375 0.04375
0 0.8546875 0.1640625 0.015625 0.0234375
1 0.88359375 0.51875 0.01171875 0.01953125
1 0.05703125 0.521875 0.01328125 0.021875
1 0.38515625 0.3578125 0.009375 0.01640625
1 0.65859375 0.46640625 0.01015625 0.0171875
1 0.46875 0.44296875 0.01015625 0.01796875
1 0.68203125 0.55390625 0.0125 0.021875
0 0.79375 0.1640625 0.0125 0.01953125
1 0.1109375 0.51875 0.0125 0.02109375
1 0.55625 0.4921875 0.0109375 0.01796875
1 0.28359375 0.5125 0.01171875 0.021875
1 0.228125 0.8921875 0.009375 0.01640625
1 0.3171875 0.9 0.0109375 0.01640625
1 0.56640625 0.4703125 0.01015625 0.01875
0 0.88125 0.2421875 0.01171875 0.0203125
3 0.7984375 0.91796875 0.13984375 0.14296875
1 0.8890625 0.38671875 0.009375 0.015625
1 0.60234375 0.515625 0.01171875 0.02109375
4 0.684375 0.8578125 0.06640625 0.0984375
0 0.82109375 0.13359375 0.0109375 0.01875
1 0.26640625 0.9015625 0.01171875 0.01796875
1 0.7359375 0.50234375 0.01171875 0.01875
0 0.809375 0.1078125 0.01171875 0.0171875
1 0.29296875 0.88359375 0.009375 0.01640625
1 0.6734375 0.49921875 0.01171875 0.0203125
3 0.95859375 0.41796875 0.0828125 0.11484375
1 0.39375 0.459375 0.0109375 0.01875
1 0.853125 0.36875 0.00859375 0.01484375
4 0.85703125 0.440625 0.08984375 0.11328125
1 0.11484375 0.396875 0.0109375 0.0171875
1 0.3078125 0.88203125 0.0078125 0.015625
1 0.528125 0.4296875 0.01015625 0.01875
1 0.371875 0.3859375 0.009375 0.0171875
1 0.5078125 0.3734375 0.009375 0.01640625
0 0.778125 0.16953125 0.01171875 0.0203125
1 0.565625 0.44296875 0.01015625 0.01796875
1 0.91640625 0.575 0.0125 0.02109375
1 0.034375 0.41640625 0.0109375 0.0171875
1 0.35859375 0.34140625 0.00859375 0.0140625
1 0.615625 0.46484375 0.01015625 0.01875
1 0.0671875 0.39765625 0.01015625 0.0171875
0 0.84375 0.10390625 0.01171875 0.021875
1 0.71484375 0.58125 0.0125 0.02265625
0 0.84140625 0.12578125 0.01171875 0.01953125
1 0.99453125 0.53671875 0.009375 0.01953125
0 0.90078125 0.24609375 0.009375 0.01640625
1 0.3453125 0.88984375 0.0125 0.015625
1 0.546875 0.4484375 0.01015625 0.0171875
1 0.121875 0.290625 0.0078125 0.01328125
1 0.59765625 0.35 0.009375 0.0140625
0 0.7453125 0.20625 0.0109375 0.01875
1 0.53671875 0.30625 0.00859375 0.01484375
0 0.8109375 0.03359375 0.01171875 0.0203125
0 0.8109375 0.0140625 0.01171875 0.0203125
0 0.7859375 0.14140625 0.0125 0.02109375
1 0.65859375 0.4953125 0.01171875 0.01875
1 0.6265625 0.4640625 0.01171875 0.01875
1 0.38828125 0.42265625 0.01015625 0.0171875
1 0.46015625 0.4 0.01015625 0.0171875
1 0.30625 0.40859375 0.0109375 0.01796875
1 0.56875 0.37265625 0.009375 0.015625
1 0.325 0.3796875 0.009375 0.015625
1 0.68515625 0.43203125 0.0109375 0.01640625
1 0.6453125 0.5 0.0109375 0.01875
1 0.659375 0.4390625 0.01015625 0.01796875
1 0.753125 0.5375 0.01171875 0.0203125
1 0.73515625 0.52734375 0.01171875 0.01953125
1 0.15234375 0.4015625 0.01015625 0.01640625
1 0.43203125 0.33671875 0.009375 0.015625
0 0.771875 0.22734375 0.01015625 0.01640625
1 0.83359375 0.47109375 0.0109375 0.01875
0 0.7859375 0.2078125 0.01015625 0.01640625
1 0.65546875 0.409375 0.01015625 0.01640625
1 0.3328125 0.534375 0.0125 0.01875
1 0.11015625 0.30234375 0.00859375 0.01328125
1 0.82265625 0.371875 0.00703125 0.01484375
1 0.6109375 0.3984375 0.009375 0.01640625
1 0.309375 0.38125 0.01015625 0.015625
1 0.6015625 0.37734375 0.01015625 0.01640625
0 0.8296875 0.7375 0.009375 0.0171875
1 0.6046875 0.43125 0.00859375 0.01484375
1 0.490625 0.33515625 0.00859375 0.01484375
0 0.7734375 0.13125 0.01171875 0.01953125
1 0.81953125 0.35234375 0.01015625 0.015625
1 0.84453125 0.26796875 0.0078125 0.0125
1 0.921875 0.390625 0.009375 0.01484375
1 0.71171875 0.4375 0.01015625 0.0171875
1 0.5421875 0.353125 0.0078125 0.01328125
1 0.66328125 0.5671875 0.0125 0.02109375
1 0.340625 0.5203125 0.01015625 0.01875
1 0.70078125 0.43046875 0.01015625 0.0171875
1 0.9015625 0.38046875 0.009375 0.01484375
1 0.375 0.290625 0.009375 0.0140625
1 0.465625 0.58125 0.01015625 0.02109375
1 0.6296875 0.89609375 0.009375 0.015625
1 0.80234375 0.43515625 0.01015625 0.0171875
1 0.365625 0.61875 0.0109375 0.01328125
1 0.32109375 0.39921875 0.01015625 0.015625
0 0.8328125 0.71953125 0.01328125 0.02109375
1 0.51484375 0.29375 0.0078125 0.01484375
0 0.896875 0.05 0.0125 0.021875
0 0.8734375 0.21875 0.0125 0.02109375
1 0.625 0.378125 0.009375 0.015625
1 0.45390625 0.34921875 0.00859375 0.015625
1 0.628125 0.4234375 0.009375 0.01796875
1 0.54140625 0.33515625 0.00859375 0.0140625
1 0.2875 0.45625 0.0109375 0.01875
0 0.91640625 0.13125 0.01171875 0.01953125
1 0.64609375 0.45859375 0.01015625 0.01796875
1 0.484375 0.89453125 0.00703125 0.01171875
1 0.59140625 0.31875 0.0078125 0.0125
1 0.05546875 0.40546875 0.0109375 0.01640625
1 0.3953125 0.26640625 0.0078125 0.01171875
1 0.53046875 0.36484375 0.00859375 0.0140625
1 0.58359375 0.346875 0.009375 0.01328125
1 0.64609375 0.33828125 0.00859375 0.0140625
1 0.35390625 0.290625 0.00703125 0.01328125
1 0.59609375 0.2921875 0.0078125 0.0125
1 0.6578125 0.35078125 0.00859375 0.0109375
1 0.12421875 0.365625 0.0109375 0.015625
1 0.6421875 0.42734375 0.0109375 0.015625
0 0.89140625 0.1390625 0.0109375 0.01953125
0 0.840625 0.02265625 0.01171875 0.0203125
0 0.7453125 0.1609375 0.0078125 0.015625
1 0.68125 0.31484375 0.00859375 0.0140625
0 0.9078125 0.1140625 0.0125 0.0203125
1 0.071875 0.31875 0.0078125 0.01328125
1 0.60703125 0.33984375 0.00859375 0.015625
1 0.6203125 0.39453125 0.009375 0.01484375
1 0.66796875 0.33203125 0.00859375 0.01484375
1 0.20546875 0.909375 0.01640625 0.0234375
1 0.14375 0.2703125 0.0078125 0.0125
1 0.575 0.27734375 0.00859375 0.01328125
1 0.31484375 0.3140625 0.0078125 0.0140625
1 0.57734375 0.36015625 0.00859375 0.0140625
1 0.61171875 0.41796875 0.01015625 0.015625
4 0.91328125 0.8890625 0.10703125 0.1171875
1 0.6421875 0.39609375 0.00859375 0.0125
1 0.025 0.3421875 0.009375 0.0140625
0 0.76328125 0.18046875 0.01171875 0.015625
1 0.65390625 0.51796875 0.01015625 0.01484375
1 0.640625 0.3796875 0.01015625 0.01484375
0 0.89921875 0.2171875 0.0109375 0.0171875
1 0.60234375 0.9046875 0.00859375 0.01015625
0 0.659375 0.70625 0.01015625 0.01796875
1 0.625 0.34765625 0.01015625 0.01484375
0 0.82578125 0.1875 0.01171875 0.01953125
1 0.4328125 0.25625 0.00703125 0.0125
1 0.92578125 0.990625 0.01875 0.0171875
1 0.7609375 0.9921875 0.01875 0.01484375
0 0.709375 0.20625 0.009375 0.0171875
1 0.1921875 0.915625 0.0140625 0.02421875
1 0.6421875 0.3609375 0.00859375 0.0140625
0 0.78984375 0.25859375 0.009375 0.01796875
1 0.6953125 0.3890625 0.00859375 0.015625
1 0.3671875 0.27578125 0.00703125 0.01171875
1 0.465625 0.878125 0.00703125 0.0109375
0 0.9 0.134375 0.01015625 0.01953125
1 0.64765625 0.321875 0.0109375 0.01484375
0 0.646875 0.71171875 0.00859375 0.0140625
1 0.090625 0.30234375 0.009375 0.0125
0 0.73515625 0.22109375 0.009375 0.01328125
1 0.13359375 0.875 0.00859375 0.0140625
1 0.61171875 0.29765625 0.01015625 0.015625
0 0.85703125 0.0125 0.01171875 0.01953125
1 0.64140625 0.2953125 0.00859375 0.0125
1 0.06328125 0.934375 0.0140625 0.028125
1 0.68515625 0.41640625 0.00859375 0.01484375
1 0.04921875 0.97421875 0.01953125 0.03671875
1 0.65859375 0.36796875 0.01015625 0.01328125
0 0.87265625 0.05234375 0.0140625 0.01953125
1 0.70703125 0.3390625 0.01015625 0.0171875
1 0.37109375 0.259375 0.00859375 0.01171875
1 0.65703125 0.29140625 0.00859375 0.01328125
1 0.0453125 0.328125 0.009375 0.0140625
1 0.54453125 0.25859375 0.00703125 0.01171875
0 0.8109375 0.12265625 0.009375 0.01328125
1 0.621875 0.2984375 0.0078125 0.0140625
1 0.67578125 0.41953125 0.009375 0.015625
1 0.69140625 0.98671875 0.01640625 0.0203125
1 0.63359375 0.26875 0.0078125 0.01015625
1 0.72578125 0.99609375 0.0140625 0.0078125
1 0.6953125 0.37265625 0.0109375 0.01640625
1 0.35 0.3140625 0.009375 0.01328125
1 0.703125 0.41484375 0.01015625 0.0140625
1 0.64375 0.27578125 0.0078125 0.0125
1 0.9625 0.55859375 0.00859375 0.0109375
1 0.68359375 0.39296875 0.009375 0.015625
0 0.91640625 0.29375 0.00859375 0.015625
1 0.67890625 0.80625 0.00859375 0.01640625
1 0.29140625 0.38046875 0.00625 0.01328125
1 0.67578125 0.403125 0.00859375 0.01328125
2 0.7625 0.221875 0.075 0.0609375
1 0.3421875 0.859375 0.00546875 0.0109375
0 0.8765625 0.0890625 0.01015625 0.0171875
0 0.925 0.2421875 0.01015625 0.01484375
1 0.67265625 0.353125 0.009375 0.01328125
1 0.68046875 0.334375 0.009375 0.01328125
1 0.12734375 0.26484375 0.0078125 0.0140625
1 0.11953125 0.27265625 0.009375 0.01171875
0 0.8875 0.27890625 0.0109375 0.01640625
0 0.640625 0.73046875 0.009375 0.0140625
1 0.66796875 0.38359375 0.0109375 0.01640625
1 0.64296875 0.409375 0.009375 0.01328125
1 0.196875 0.86640625 0.00859375 0.009375
1 0.4515625 0.88359375 0.0078125 0.01171875
0 0.62578125 0.70703125 0.00859375 0.0125
0 0.81953125 0.08125 0.00625 0.0125
1 0.625 0.28828125 0.01015625 0.0109375
1 0.9765625 0.99140625 0.0171875 0.015625
1 0.521875 0.25625 0.009375 0.01171875
1 0.57265625 0.86953125 0.009375 0.01484375
1 0.28203125 0.31875 0.0078125 0.0140625
1 0.65625 0.38359375 0.0125 0.015625
1 0.40078125 0.2578125 0.00859375 0.0109375
1 0.0578125 0.3203125 0.0109375 0.01484375
1 0.67578125 0.37109375 0.01015625 0.01484375
1 0.73515625 0.83203125 0.009375 0.015625
0 0.84765625 0.77890625 0.009375 0.01328125
1 0.04609375 0.40625 0.01015625 0.015625