2 0.7625 0.215625 0.08828125 0.0625
3 0.84453125 0.340625 0.075 0.0921875
3 0.790625 0.86484375 0.0703125 0.06640625
2 0.246875 0.2078125 0.09375 0.05859375
1 0.39609375 0.48125 0.0109375 0.01875
1 0.05859375 0.43203125 0.0109375 0.0171875
1 0.4203125 0.45546875 0.01015625 0.01796875
1 0.38515625 0.54609375 0.0125 0.02109375
4 0.61328125 0.5015625 0.10078125 0.140625
1 0.73203125 0.55 0.0125 0.021875
3 0.61328125 0.31640625 0.05546875 0.0796875
1 0.3078125 0.4578125 0.0109375 0.01796875
1 0.51953125 0.40546875 0.009375 0.015625
1 0.190625 0.40625 0.009375 0.0171875
1 0.74296875 0.4921875 0.01171875 0.0203125
1 0.284375 0.43671875 0.009375 0.01875
1 0.29609375 0.509375 0.01171875 0.01953125
1 0.5296875 0.4703125 0.0109375 0.01875
1 0.08359375 0.5578125 0.0125 0.021875
0 0.26796875 0.21953125 0.00859375 0.015625
1 0.45859375 0.55703125 0.01171875 0.02109375
1 0.340625 0.4875 0.01171875 0.01953125
1 0.38515625 0.3859375 0.009375 0.0171875
3 0.0375 0.571875 0.075 0.140625
1 0.39296875 0.43203125 0.01015625 0.01640625
1 0.48125 0.49375 0.009375 0.01796875
1 0.50625 0.4703125 0.01015625 0.01875
1 0.6828125 0.42421875 0.0109375 0.0171875
1 0.48125 0.4703125 0.009375 0.01875
1 0.1703125 0.296875 0.0078125 0.0140625
1 0.4328125 0.36875 0.009375 0.01484375
1 0.4578125 0.415625 0.01015625 0.015625
1 0.66875 0.48671875 0.0109375 0.01875
1 0.40703125 0.39296875 0.009375 0.0140625
1 0.61796875 0.39375 0.009375 0.015625
1 0.42578125 0.60703125 0.0125 0.0234375
1 0.14765625 0.3171875 0.0078125 0.0140625
0 0.215625 0.14140625 0.0125 0.0203125
1 0.69140625 0.50234375 0.01171875 0.01875
1 0.115625 0.55703125 0.01171875 0.01953125
1 0.3828125 0.43203125 0.009375 0.01640625
1 0.30390625 0.4890625 0.0109375 0.01875
1 0.6109375 0.3796875 0.00859375 0.0140625
1 0.54921875 0.346875 0.009375 0.015625
1 0.63203125 0.359375 0.01015625 0.01484375
1 0.13125 0.30546875 0.00859375 0.0140625
1 0.9328125 0.334375 0.009375 0.0140625
4 0.36796875 0.275 0.05078125 0.06796875
1 0.26875 0.5109375 0.0109375 0.0171875
1 0.27421875 0.459375 0.009375 0.015625
1 0.55546875 0.33046875 0.0078125 0.01328125
1 0.80703125 0.4234375 0.01015625 0.01796875
1 0.49296875 0.43828125 0.01015625 0.015625
1 0.584375 0.3515625 0.01015625 0.015625
1 0.69453125 0.38984375 0.009375 0.01640625
1 0.94609375 0.39609375 0.01015625 0.01640625
1 0.090625 0.5109375 0.0125 0.02109375
1 0.590625 0.39296875 0.009375 0.01640625
0 0.0671875 0.14609375 0.01484375 0.021875
1 0.61171875 0.35625 0.01015625 0.0140625
1 0.48125 0.40625 0.00859375 0.0140625
1 0.471875 0.36953125 0.009375 0.0140625
1 0.56484375 0.35546875 0.009375 0.015625
1 0.384375 0.30703125 0.0078125 0.0109375
1 0.4078125 0.309375 0.00859375 0.015625
1 0.41953125 0.4203125 0.009375 0.01640625
1 0.98203125 0.42734375 0.0109375 0.015625
1 0.51953125 0.359375 0.00859375 0.01640625
1 0.69609375 0.40625 0.009375 0.01484375
1 0.64609375 0.359375 0.009375 0.015625
1 0.5390625 0.3640625 0.009375 0.01640625
1 0.92734375 0.396875 0.009375 0.0171875
1 0.46953125 0.33203125 0.009375 0.01328125
1 0.90703125 0.9328125 0.01328125 0.02421875
1 0.34140625 0.88984375 0.0078125 0.0140625
1 0.33046875 0.5 0.0125 0.01640625
1 0.57734375 0.37421875 0.01015625 0.015625
1 0.30703125 0.2890625 0.00859375 0.0140625
1 0.2140625 0.6109375 0.01171875 0.0171875
1 0.90625 0.29375 0.0078125 0.01328125
1 0.30390625 0.4234375 0.009375 0.01484375
1 0.615625 0.428125 0.009375 0.01640625
1 0.46484375 0.3890625 0.00859375 0.01328125
1 0.696875 0.43671875 0.0109375 0.01640625
1 0.478125 0.3515625 0.009375 0.01484375
1 0.25234375 0.53984375 0.01171875 0.01875
1 0.3390625 0.31875 0.0078125 0.0140625
1 0.43828125 0.390625 0.0109375 0.015625
1 0.35625 0.35 0.009375 0.015625
1 0.3609375 0.41484375 0.01015625 0.01953125
1 0.540625 0.33359375 0.0078125 0.01484375
1 0.38671875 0.3296875 0.009375 0.01328125
1 0.36796875 0.31796875 0.0078125 0.0140625
1 0.6484375 0.34296875 0.01015625 0.0140625
1 0.675 0.4515625 0.01015625 0.0171875
1 0.953125 0.41015625 0.01015625 0.0171875
1 0.4796875 0.43828125 0.0109375 0.01640625
1 0.25546875 0.51875 0.01015625 0.01484375
1 0.29921875 0.44453125 0.01015625 0.01640625
1 0.67578125 0.3578125 0.009375 0.01484375
1 0.42890625 0.4109375 0.009375 0.01640625
0 0.03984375 0.15859375 0.0140625 0.0234375
1 0.28828125 0.4828125 0.01015625 0.015625
1 0.1546875 0.26640625 0.00703125 0.01171875
1 0.81015625 0.39921875 0.009375 0.01640625
1 0.6984375 0.4234375 0.009375 0.0125
1 0.60078125 0.409375 0.0109375 0.01640625
1 0.4625 0.34921875 0.00859375 0.0140625
0 0.225 0.16171875 0.0109375 0.01953125
1 0.49140625 0.42265625 0.01015625 0.01328125
1 0.86484375 0.28984375 0.0078125 0.0125
1 0.840625 0.9 0.0109375 0.01875
1 0.15859375 0.48203125 0.0109375 0.01640625
1 0.83203125 0.27265625 0.0078125 0.0125
1 0.1421875 0.2703125 0.0078125 0.01328125
1 0.4578125 0.27265625 0.00859375 0.0140625
1 0.3484375 0.38046875 0.0109375 0.0140625
1 0.06171875 0.99375 0.01015625 0.0109375
1 0.89609375 0.9171875 0.0125 0.02109375
1 0.05546875 0.33984375 0.00859375 0.01328125
1 0.878125 0.29296875 0.0078125 0.0140625
1 0.43671875 0.340625 0.00859375 0.01484375
1 0.12734375 0.2609375 0.00703125 0.01171875
1 0.659375 0.3453125 0.01015625 0.01484375
1 0.35859375 0.89765625 0.01171875 0.0203125
1 0.54140625 0.2734375 0.00625 0.0125
1 0.40390625 0.36875 0.009375 0.01328125
1 0.9703125 0.42265625 0.009375 0.01484375
1 0.17578125 0.26171875 0.009375 0.0125
1 0.32421875 0.34375 0.009375 0.0140625
1 0.2578125 0.50546875 0.0078125 0.01171875
1 0.984375 0.39296875 0.00859375 0.0125
1 0.48046875 0.42265625 0.009375 0.01171875
1 0.26875 0.471875 0.01015625 0.01484375
1 0.4796875 0.89375 0.0078125 0.01171875
1 0.02578125 0.3421875 0.00859375 0.0140625
1 0.32109375 0.38515625 0.01171875 0.01640625
1 0.97890625 0.409375 0.00703125 0.01171875
1 0.6671875 0.35390625 0.00859375 0.0140625
1 0.94140625 0.990625 0.0109375 0.0171875
1 0.6046875 0.275 0.00703125 0.0125
1 0.34765625 0.365625 0.01015625 0.01328125
1 0.44453125 0.38046875 0.00859375 0.01171875
1 0.53125 0.2671875 0.00625 0.0109375
1 0.42578125 0.29765625 0.01015625 0.0140625
1 0.31484375 0.41328125 0.009375 0.0125
1 0.30390625 0.38828125 0.009375 0.01640625
1 0.93515625 0.9109375 0.0109375 0.01796875
1 0.3765625 0.3203125 0.0109375 0.0125
1 0.884375 0.90625 0.01015625 0.01796875
1 0.3390625 0.3 0.00859375 0.0109375
1 0.55625 0.871875 0.00703125 0.01328125
1 0.09921875 0.2796875 0.009375 0.01484375
1 0.81640625 0.27109375 0.0078125 0.0125
1 0.33515625 0.334375 0.00859375 0.0109375
1 0.4296875 0.346875 0.0078125 0.01484375
1 0.071875 0.64765625 0.0140625 0.01640625
1 0.0640625 0.63125 0.0125 0.015625
1 0.46640625 0.26875 0.00859375 0.0125
1 0.871875 0.91796875 0.0125 0.01953125
1 0.48203125 0.2671875 0.00859375 0.01328125
1 0.0703125 0.32265625 0.01015625 0.01484375
1 0.590625 0.27578125 0.00859375 0.01171875
1 0.8578125 0.275 0.0078125 0.01171875
1 0.34375 0.3484375 0.0109375 0.01640625
1 0.57109375 0.4703125 0.01171875 0.01875
1 0.5921875 0.8703125 0.00625 0.0109375
1 0.996875 0.42734375 0.00625 0.01640625
1 0.5640625 0.26484375 0.00859375 0.01328125
1 0.5671875 0.87109375 0.00703125 0.01171875
1 0.6671875 0.328125 0.009375 0.01328125
1 0.078125 0.29375 0.00859375 0.01484375
1 0.91640625 0.89921875 0.00859375 0.01640625
1 0.33515625 0.34609375 0.01015625 0.015625
1 0.65234375 0.328125 0.009375 0.0140625
1 0.5953125 0.2578125 0.00703125 0.0109375
1 0.440625 0.26171875 0.00859375 0.0125
1 0.92265625 0.88125 0.0078125 0.01328125
1 0.01328125 0.4046875 0.0109375 0.0140625
1 0.96953125 0.36015625 0.01015625 0.01484375
1 0.32421875 0.4890625 0.009375 0.01640625
1 0.33984375 0.2578125 0.00703125 0.0109375
1 0.51640625 0.26171875 0.0078125 0.01328125
1 0.0125 0.41875 0.01015625 0.015625
1 0.67734375 0.88828125 0.01171875 0.01796875
0 0.375 0.7078125 0.009375 0.0140625
1 0.4625 0.403125 0.01015625 0.0125
1 0.26328125 0.484375 0.01015625 0.01171875
1 0.078125 0.9625 0.01875 0.03515625
1 0.70390625 0.88828125 0.0125 0.01875
1 0.1109375 0.865625 0.0078125 0.01328125
1 0.6015625 0.87109375 0.009375 0.01015625
1 0.64375 0.3046875 0.00859375 0.0125
1 0.79765625 0.41875 0.01015625 0.0140625
1 0.115625 0.8921875 0.01328125 0.01640625
1 0.0984375 0.99140625 0.0203125 0.01640625
1 0.45546875 0.25859375 0.00859375 0.0125
1 0.86875 0.89609375 0.00703125 0.01015625
1 0.11171875 0.2609375 0.00859375 0.015625
1 0.7234375 0.88125 0.009375 0.0140625
1 0.85390625 0.9046875 0.009375 0.0203125
1 0.8953125 0.284375 0.009375 0.015625
1 0.046875 0.35078125 0.00703125 0.01328125
1 0.459375 0.8921875 0.00703125 0.01171875
1 0.33125 0.371875 0.009375 0.01328125
1 0.2171875 0.85546875 0.0078125 0.01015625
1 0.878125 0.27890625 0.01015625 0.01328125