4 0.64296875 0.2859375 0.1 0.08125
2 0.74140625 0.20078125 0.1125 0.06875
0 0.14375 0.19296875 0.0359375 0.0171875
0 0.90078125 0.18203125 0.04375 0.028125
0 0.146875 0.17421875 0.0328125 0.0171875
0 0.15625 0.19375 0.0359375 0.01875
0 0.85546875 0.1453125 0.0390625 0.0234375
3 0.271875 0.8765625 0.08125 0.0671875
4 0.83671875 0.41015625 0.1078125 0.0984375
0 0.92109375 0.23203125 0.040625 0.0234375
0 0.06796875 0.19921875 0.0375 0.021875
0 0.10546875 0.06171875 0.0375 0.021875
0 0.171875 0.19375 0.034375 0.0171875
0 0.16484375 0.24296875 0.034375 0.015625
0 0.9265625 0.278125 0.0390625 0.021875
0 0.10703125 0.09609375 0.0375 0.021875
0 0.06640625 0.23984375 0.0375 0.01875
0 0.87421875 0.16484375 0.040625 0.0234375
0 0.83671875 0.08671875 0.0390625 0.021875
0 0.746875 0.159375 0.034375 0.0171875
0 0.76015625 0.175 0.0359375 0.0203125
0 0.14765625 0.1515625 0.0328125 0.0171875
0 0.14375 0.053125 0.040625 0.0234375
0 0.125 0.05703125 0.0390625 0.0203125
0 0.07734375 0.17734375 0.0390625 0.0234375
0 0.0515625 0.3109375 0.0375 0.0203125
0 0.15859375 0.10546875 0.0359375 0.0171875
0 0.7828125 0.115625 0.0359375 0.0203125
1 0.446875 0.396875 0.034375 0.0140625
0 0.171875 0.22890625 0.0328125 0.015625
1 0.2390625 0.66171875 0.0390625 0.0203125
1 0.62890625 0.5078125 0.0359375 0.0203125
1 0.59140625 0.43671875 0.034375 0.01875
0 0.15390625 0.24609375 0.0328125 0.015625
1 0.37890625 0.3578125 0.034375 0.0140625
1 0.71328125 0.6 0.0390625 0.0234375
3 0.15703125 0.33046875 0.090625 0.0953125
2 0.2265625 0.22890625 0.11875 0.0578125
0 0.05625 0.290625 0.0359375 0.01875
1 0.496875 0.37890625 0.0328125 0.0140625
1 0.39296875 0.3984375 0.034375 0.015625
0 0.2828125 0.821875 0.034375 0.0203125
0 0.2796875 0.84453125 0.0328125 0.0125
0 0.10703125 0.0375 0.0390625 0.01875
0 0.15390625 0.15390625 0.034375 0.0203125
1 0.634375 0.36171875 0.034375 0.0140625
1 0.52578125 0.45234375 0.034375 0.0171875
1 0.35859375 0.35390625 0.0328125 0.0125
1 0.4984375 0.4296875 0.0359375 0.0140625
0 0.25859375 0.83515625 0.034375 0.0171875
0 0.13984375 0.03203125 0.0359375 0.0140625
1 0.5828125 0.28828125 0.03125 0.0140625
1 0.678125 0.59140625 0.0390625 0.0234375
1 0.4890625 0.4484375 0.0375 0.0171875
0 0.9171875 0.26328125 0.0328125 0.0140625
0 0.809375 0.0859375 0.0375 0.021875
1 0.5890625 0.346875 0.0328125 0.0140625
1 0.984375 0.90703125 0.03125 0.0203125
0 0.16171875 0.1546875 0.0359375 0.0171875
1 0.26328125 0.63125 0.0359375 0.0140625
1 0.4875 0.4296875 0.0359375 0.0140625
1 0.44296875 0.3765625 0.034375 0.0140625
1 0.3109375 0.42109375 0.034375 0.015625
1 0.49609375 0.39609375 0.0359375 0.0140625
1 0.68984375 0.63203125 0.0375 0.0140625
1 0.42578125 0.4 0.034375 0.015625
1 0.08359375 0.4125 0.0328125 0.015625
1 0.38359375 0.6546875 0.03125 0.0125
1 0.30625 0.47421875 0.0359375 0.0171875
1 0.5140625 0.290625 0.0328125 0.0125
1 0.46875 0.325 0.0328125 0.0140625
0 0.16640625 0.1328125 0.034375 0.0171875
1 0.32890625 0.4078125 0.034375 0.015625
1 0.71015625 0.5015625 0.034375 0.015625
1 0.4171875 0.34921875 0.0328125 0.0125
1 0.46640625 0.446875 0.034375 0.0140625
1 0.6046875 0.3609375 0.0328125 0.015625
1 0.68203125 0.31875 0.034375 0.0140625
1 0.02109375 0.40390625 0.034375 0.0140625
0 0.0984375 0.11953125 0.0375 0.021875
1 0.521875 0.328125 0.034375 0.0140625
1 0.63046875 0.4546875 0.034375 0.0171875
1 0.33515625 0.39375 0.034375 0.015625
1 0.58203125 0.596875 0.0390625 0.025
1 0.47734375 0.43046875 0.034375 0.015625
1 0.440625 0.42734375 0.0359375 0.015625
1 0.45625 0.4 0.034375 0.015625
1 0.45546875 0.35859375 0.034375 0.0125
1 0.2796875 0.528125 0.0375 0.015625
1 0.40546875 0.459375 0.0328125 0.0203125
1 0.95 0.38515625 0.034375 0.0171875
0 0.2953125 0.73671875 0.0359375 0.0171875
1 0.74140625 0.54765625 0.0375 0.021875
1 0.57109375 0.32734375 0.0328125 0.0125
1 0.62578125 0.3796875 0.034375 0.0140625
1 0.6703125 0.3765625 0.034375 0.0125
1 0.5578125 0.52578125 0.0359375 0.021875
1 0.39453125 0.33984375 0.0328125 0.0140625
1 0.5359375 0.35390625 0.034375 0.015625
1 0.5953125 0.33046875 0.03125 0.0140625
1 0.4015625 0.434375 0.0328125 0.0125
1 0.2828125 0.5515625 0.0375 0.01875
1 0.3296875 0.46484375 0.034375 0.01875
1 0.9640625 0.88515625 0.0359375 0.01875
1 0.3734375 0.44375 0.034375 0.0171875
1 0.53125 0.26484375 0.03125 0.0125
1 0.39296875 0.4390625 0.0328125 0.015625
3 0.0578125 0.49609375 0.115625 0.1390625
1 0.57578125 0.38125 0.034375 0.015625
1 0.503125 0.30546875 0.034375 0.0109375
1 0.365625 0.40859375 0.034375 0.0171875
1 0.3578125 0.30078125 0.0328125 0.0140625
1 0.52578125 0.3953125 0.034375 0.0171875
1 0.4265625 0.43046875 0.034375 0.015625
1 0.146875 0.92578125 0.0375 0.01875
1 0.65390625 0.33984375 0.0328125 0.0140625
1 0.63203125 0.86015625 0.0328125 0.0125
1 0.2765625 0.51171875 0.034375 0.0140625
1 0.471875 0.2890625 0.0328125 0.0109375
1 0.6203125 0.44609375 0.034375 0.0171875
1 0.7921875 0.8515625 0.03125 0.0125
1 0.55234375 0.4546875 0.0359375 0.0171875
1 0.23671875 0.603125 0.0375 0.021875
1 0.91171875 0.35234375 0.034375 0.0140625
1 0.44921875 0.41171875 0.034375 0.0140625
1 0.67265625 0.39296875 0.034375 0.0140625
1 0.05234375 0.3484375 0.034375 0.0109375
1 0.878125 0.8625 0.0328125 0.0140625
1 0.66171875 0.5609375 0.0375 0.0203125
1 0.42890625 0.3390625 0.0328125 0.0140625
1 0.5328125 0.32578125 0.034375 0.0140625
1 0.40078125 0.48203125 0.0359375 0.0171875
1 0.34375 0.303125 0.0328125 0.0140625
1 0.959375 0.8484375 0.0328125 0.0140625
1 0.91640625 0.8421875 0.03125 0.0125
1 0.3484375 0.34453125 0.0328125 0.0140625
1 0.675 0.50546875 0.0359375 0.0203125
1 0.30859375 0.40234375 0.034375 0.0125
1 0.2453125 0.915625 0.034375 0.015625
1 0.6421875 0.38984375 0.0328125 0.0125
1 0.6828125 0.38046875 0.034375 0.015625
1 0.5234375 0.428125 0.034375 0.015625
1 0.24296875 0.9375 0.0359375 0.01875
1 0.7078125 0.5234375 0.0375 0.01875
1 0.2515625 0.55078125 0.0359375 0.01875
4 0.6953125 0.85234375 0.1140625 0.1
1 0.4546875 0.37578125 0.034375 0.0109375
1 0.82578125 0.26328125 0.0328125 0.0140625
1 0.66796875 0.340625 0.0359375 0.0171875
1 0.33359375 0.3078125 0.034375 0.0125
1 0.7484375 0.5484375 0.0375 0.021875
1 0.4015625 0.28828125 0.034375 0.0125
1 0.484375 0.396875 0.0359375 0.0140625
1 0.1609375 0.90078125 0.0328125 0.0125
1 0.1109375 0.94296875 0.0375 0.0234375
1 0.5125 0.44140625 0.0328125 0.0140625
1 0.009375 0.40390625 0.01875 0.0140625
1 0.61484375 0.36328125 0.0359375 0.0140625
1 0.51875 0.346875 0.0328125 0.0125
1 0.65625 0.3703125 0.0359375 0.01875
1 0.97734375 0.884375 0.0359375 0.0171875
0 0.109375 0.0640625 0.0390625 0.0234375
1 0.12421875 0.92109375 0.034375 0.0171875
1 0.97421875 0.9578125 0.0421875 0.0171875
1 0.61171875 0.390625 0.034375 0.0140625
1 0.60546875 0.56328125 0.0375 0.021875
1 0.28125 0.665625 0.03125 0.009375
0 0.071875 0.23984375 0.034375 0.0171875
0 0.42109375 0.71171875 0.0328125 0.0140625
1 0.040625 0.38359375 0.034375 0.015625
1 0.321875 0.35390625 0.0328125 0.0125
1 0.18125 0.94375 0.0390625 0.025
1 0.58046875 0.4046875 0.0296875 0.0109375
1 0.940625 0.8515625 0.034375 0.0171875
1 0.5078125 0.3265625 0.034375 0.0140625
1 0.29140625 0.475 0.0359375 0.0171875
1 0.646875 0.38203125 0.034375 0.0109375
1 0.403125 0.45234375 0.034375 0.01875
1 0.5640625 0.38125 0.0328125 0.0140625
0 0.29375 0.7828125 0.034375 0.01875
1 0.728125 0.54296875 0.0375 0.021875
1 0.6234375 0.60234375 0.0359375 0.01875
1 0.709375 0.58046875 0.0359375 0.015625
1 0.07890625 0.99140625 0.046875 0.015625
1 0.54609375 0.5984375 0.0375 0.0234375
1 0.1046875 0.665625 0.0359375 0.01875
1 0.62109375 0.5984375 0.0359375 0.0203125
1 0.47265625 0.4 0.0359375 0.0140625
0 0.30234375 0.721875 0.0375 0.01875
1 0.89140625 0.8640625 0.034375 0.0125
1 0.5078125 0.35859375 0.034375 0.0140625
1 0.9515625 0.47109375 0.040625 0.025
1 0.56171875 0.3375 0.034375 0.0109375
0 0.16484375 0.1078125 0.0328125 0.0171875
1 0.3078125 0.87890625 0.0296875 0.009375
1 0.48671875 0.38203125 0.0359375 0.0140625
1 0.9859375 0.51796875 0.028125 0.0203125
1 0.4578125 0.3109375 0.0328125 0.0140625
1 0.29140625 0.4140625 0.034375 0.0140625
1 0.2359375 0.95625 0.0390625 0.021875
1 0.859375 0.29609375 0.03125 0.0125
1 0.23515625 0.89375 0.03125 0.009375
1 0.553125 0.353125 0.0296875 0.009375
1 0.56640625 0.25390625 0.0328125 0.0125
1 0.2984375 0.41640625 0.0328125 0.015625
1 0.39140625 0.38125 0.034375 0.015625
1 0.4921875 0.88515625 0.0328125 0.0125
1 0.5375 0.26171875 0.03125 0.0109375
0 0.14140625 0.190625 0.0328125 0.0140625
1 0.596875 0.3796875 0.0328125 0.0140625
1 0.54453125 0.55390625 0.0328125 0.0171875
1 0.44921875 0.31640625 0.0296875 0.009375
1 0.6375 0.3390625 0.03125 0.0125
1 0.37265625 0.26640625 0.034375 0.0125
0 0.1453125 0.2796875 0.034375 0.0140625
1 0.5609375 0.325 0.034375 0.0109375
1 0.41015625 0.421875 0.034375 0.0125
1 0.49765625 0.3578125 0.0328125 0.015625
1 0.065625 0.33359375 0.034375 0.0125
1 0.4125 0.41953125 0.03125 0.0109375
1 0.2171875 0.94921875 0.0390625 0.0234375
1 0.56015625 0.42109375 0.0328125 0.0109375
1 0.6 0.37890625 0.0359375 0.015625
1 0.490625 0.503125 0.0328125 0.0109375
1 0.5515625 0.353125 0.0359375 0.015625
1 0.040625 0.353125 0.034375 0.0125
1 0.66875 0.3640625 0.0328125 0.0109375
1 0.559375 0.434375 0.0328125 0.0140625
0 0.134375 0.09140625 0.034375 0.0109375
1 0.93828125 0.85078125 0.0296875 0.015625
1 0.95 0.9625 0.040625 0.0125
1 0.49140625 0.48671875 0.0359375 0.015625
1 0.26640625 0.51875 0.0359375 0.0140625
1 0.43828125 0.503125 0.0359375 0.0171875