4 0.39140625 0.42265625 0.1046875 0.1203125
4 0.1671875 0.84140625 0.0984375 0.1046875
4 0.75078125 0.846875 0.075 0.06875
2 0.2390625 0.21328125 0.0984375 0.05625
1 0.31875 0.4859375 0.0203125 0.0203125
3 0.06328125 0.44375 0.1 0.1125
1 0.20390625 0.56015625 0.021875 0.021875
1 0.44140625 0.53046875 0.0203125 0.021875
1 0.728125 0.56015625 0.021875 0.0234375
1 0.56171875 0.58359375 0.021875 0.021875
1 0.89765625 0.4578125 0.01875 0.0171875
1 0.52734375 0.61796875 0.021875 0.021875
1 0.303125 0.45234375 0.01875 0.01875
1 0.7265625 0.50234375 0.0203125 0.0203125
0 0.1734375 0.77734375 0.021875 0.025
1 0.64296875 0.87578125 0.0171875 0.0171875
1 0.93984375 0.49921875 0.0203125 0.01875
1 0.80703125 0.44296875 0.01875 0.0171875
1 0.83828125 0.9140625 0.0234375 0.0265625
4 0.83125 0.371875 0.071875 0.071875
1 0.21953125 0.49140625 0.01875 0.021875
0 0.2 0.70234375 0.021875 0.0234375
1 0.69609375 0.90703125 0.0234375 0.0171875
1 0.33515625 0.59140625 0.0203125 0.015625
1 0.61171875 0.87578125 0.01875 0.01875
1 0.24453125 0.878125 0.0234375 0.0234375
0 0.2078125 0.1515625 0.0203125 0.0203125
0 0.7921875 0.21796875 0.01875 0.01875
1 0.509375 0.4484375 0.01875 0.01875
3 0.55 0.50625 0.0890625 0.115625
1 0.7296875 0.53671875 0.0203125 0.0203125
1 0.4296875 0.45703125 0.01875 0.01875
1 0.3453125 0.3640625 0.0171875 0.015625
1 0.30546875 0.35 0.01875 0.0171875
1 0.7421875 0.50625 0.0203125 0.01875
0 0.0890625 0.10859375 0.021875 0.0203125
0 0.2 0.21796875 0.01875 0.0171875
0 0.0625 0.21875 0.0203125 0.0203125
1 0.2171875 0.5796875 0.021875 0.0171875
1 0.33671875 0.4234375 0.0171875 0.015625
1 0.4546875 0.4453125 0.01875 0.01875
3 0.803125 0.57734375 0.134375 0.15625
0 0.18984375 0.11015625 0.0203125 0.01875
1 0.2859375 0.5421875 0.021875 0.0234375
1 0.10078125 0.55625 0.01875 0.0203125
1 0.59609375 0.4734375 0.01875 0.01875
1 0.1765625 0.3671875 0.0171875 0.015625
1 0.603125 0.453125 0.01875 0.0203125
1 0.92265625 0.409375 0.01875 0.015625
1 0.51015625 0.5765625 0.021875 0.0234375
1 0.7828125 0.8875 0.01875 0.01875
1 0.49453125 0.40078125 0.0171875 0.015625
0 0.05078125 0.2734375 0.0203125 0.0171875
1 0.4734375 0.3671875 0.015625 0.015625
1 0.04296875 0.8890625 0.021875 0.0234375
1 0.33515625 0.34140625 0.0171875 0.015625
1 0.6515625 0.4109375 0.01875 0.01875
1 0.61484375 0.38984375 0.01875 0.0171875
1 0.51484375 0.434375 0.01875 0.015625
0 0.15625 0.09765625 0.0203125 0.0203125
1 0.5953125 0.5921875 0.0203125 0.015625
1 0.234375 0.6125 0.0203125 0.021875
1 0.44453125 0.44296875 0.01875 0.01875
1 0.33984375 0.38984375 0.0171875 0.015625
1 0.09609375 0.86640625 0.0171875 0.0171875
1 0.52265625 0.396875 0.015625 0.0140625
1 0.41875 0.51328125 0.01875 0.015625
1 0.5078125 0.39453125 0.0171875 0.0140625
1 0.3625 0.36015625 0.015625 0.0125
1 0.9203125 0.39609375 0.0171875 0.0140625
1 0.72109375 0.89296875 0.0203125 0.01875
1 0.47578125 0.39375 0.0171875 0.0140625
1 0.903125 0.425 0.0171875 0.0171875
1 0.68203125 0.3765625 0.0171875 0.0140625
1 0.6875 0.346875 0.015625 0.0140625
0 0.07109375 0.190625 0.0203125 0.0203125
1 0.95078125 0.4015625 0.0171875 0.0140625
1 0.87578125 0.36796875 0.0171875 0.0125
1 0.171875 0.2953125 0.0171875 0.0125
1 0.1265625 0.28984375 0.015625 0.0125
1 0.409375 0.52890625 0.0203125 0.015625
1 0.30078125 0.415625 0.01875 0.0171875
1 0.62265625 0.36328125 0.01875 0.015625
1 0.7171875 0.346875 0.01875 0.015625
1 0.5265625 0.5484375 0.01875 0.015625
1 0.521875 0.35 0.0171875 0.015625
1 0.2984375 0.39765625 0.0171875 0.0125
1 0.59765625 0.3671875 0.0171875 0.015625
1 0.6328125 0.38046875 0.0171875 0.015625
1 0.53515625 0.3234375 0.015625 0.0140625
1 0.1046875 0.290625 0.0171875 0.0125
1 0.63359375 0.328125 0.015625 0.0140625
1 0.65859375 0.3984375 0.0171875 0.0140625
1 0.6703125 0.37734375 0.015625 0.0125
1 0.8046875 0.46015625 0.01875 0.0171875
1 0.4265625 0.35625 0.01875 0.0171875
1 0.45078125 0.846875 0.0171875 0.0140625
1 0.44765625 0.33125 0.0171875 0.0140625
1 0.75234375 0.53671875 0.01875 0.0171875
1 0.6859375 0.33125 0.0171875 0.015625
1 0.05 0.92890625 0.015625 0.0171875
4 0.04765625 0.371875 0.0953125 0.08125
1 0.8921875 0.390625 0.0171875 0.0140625
1 0.60078125 0.50078125 0.01875 0.0203125
1 0.9625 0.43203125 0.01875 0.0171875
1 0.52265625 0.41171875 0.0171875 0.0171875
2 0.75859375 0.23203125 0.1015625 0.053125
1 0.7109375 0.9078125 0.021875 0.0171875
1 0.978125 0.434375 0.01875 0.0203125
1 0.74296875 0.6234375 0.021875 0.01875
1 0.51328125 0.41875 0.0171875 0.0140625
1 0.8296875 0.87578125 0.0171875 0.015625
1 0.2484375 0.846875 0.0171875 0.0140625
1 0.3421875 0.3203125 0.0171875 0.0140625
1 0.31015625 0.3921875 0.0171875 0.015625
1 0.68515625 0.87109375 0.015625 0.0140625
1 0.85625 0.89140625 0.0203125 0.01875
1 0.7015625 0.3265625 0.015625 0.0140625
1 0.228125 0.82890625 0.015625 0.0109375
1 0.25859375 0.6234375 0.021875 0.0234375
1 0.11484375 0.29140625 0.015625 0.0125
1 0.2125 0.60546875 0.021875 0.0171875
1 0.62734375 0.33828125 0.015625 0.0125
1 0.73515625 0.59765625 0.01875 0.0125
1 0.53984375 0.853125 0.0171875 0.0125
1 0.90859375 0.89921875 0.01875 0.01875
1 0.75546875 0.65078125 0.0234375 0.0203125
1 0.77109375 0.52109375 0.0203125 0.021875
1 0.65234375 0.3109375 0.015625 0.0125
1 0.49140625 0.646875 0.0140625 0.009375
1 0.596875 0.3234375 0.0171875 0.015625
1 0.109375 0.609375 0.0234375 0.025
1 0.6171875 0.346875 0.01875 0.0140625
1 0.39140625 0.33046875 0.0171875 0.0140625
1 0.05625 0.91875 0.01875 0.0125
1 0.7046875 0.8296875 0.015625 0.0125
1 0.18046875 0.3265625 0.01875 0.0171875
1 0.5828125 0.3046875 0.0171875 0.0125
1 0.06015625 0.93203125 0.0171875 0.01875
1 0.45390625 0.33671875 0.01875 0.0140625
1 0.66796875 0.38828125 0.0171875 0.0125
1 0.57109375 0.37421875 0.0171875 0.0140625
1 0.14921875 0.9765625 0.0296875 0.021875
1 0.95390625 0.553125 0.0140625 0.0140625
1 0.2609375 0.840625 0.015625 0.0125
1 0.50625 0.40703125 0.0171875 0.0125
1 0.0625 0.871875 0.01875 0.0171875
1 0.603125 0.3453125 0.0140625 0.0109375
1 0.471875 0.2984375 0.0171875 0.0125
1 0.11953125 0.85546875 0.025 0.025
1 0.61484375 0.31171875 0.015625 0.0125
1 0.40859375 0.2953125 0.0171875 0.0140625
1 0.078125 0.85859375 0.01875 0.015625
1 0.53984375 0.3046875 0.015625 0.0125
0 0.72421875 0.22109375 0.01875 0.01875
1 0.6671875 0.3046875 0.015625 0.0125
1 0.87578125 0.35390625 0.0171875 0.0125
1 0.85625 0.33828125 0.0171875 0.015625
1 0.309375 0.375 0.015625 0.0109375
1 0.2328125 0.634375 0.01875 0.0109375
1 0.43984375 0.8390625 0.015625 0.0140625
1 0.36015625 0.37421875 0.01875 0.015625
1 0.06875 0.315625 0.01875 0.015625
1 0.80859375 0.85234375 0.0140625 0.009375
1 0.50859375 0.29765625 0.0171875 0.0125
1 0.1984375 0.58515625 0.0203125 0.0140625
1 0.940625 0.39765625 0.0203125 0.015625
1 0.390625 0.3 0.015625 0.0125
1 0.89296875 0.37578125 0.015625 0.0109375
1 0.71015625 0.85859375 0.0171875 0.0125
1 0.80703125 0.6515625 0.021875 0.021875
1 0.59140625 0.91015625 0.015625 0.009375
1 0.33984375 0.2921875 0.0171875 0.015625
1 0.4421875 0.828125 0.015625 0.0109375
0 0.20234375 0.18046875 0.0171875 0.01875
1 0.63984375 0.30703125 0.015625 0.0109375
4 0.45703125 0.81796875 0.0421875 0.0578125
1 0.43984375 0.29296875 0.015625 0.0125
1 0.47890625 0.6296875 0.0171875 0.01875
1 0.85703125 0.321875 0.015625 0.0109375
1 0.55078125 0.3046875 0.015625 0.0109375
1 0.3828125 0.32578125 0.0203125 0.0140625
1 0.73828125 0.52421875 0.01875 0.015625
1 0.08515625 0.8328125 0.0140625 0.0125
1 0.86640625 0.89296875 0.0171875 0.01875
1 0.3328125 0.78671875 0.01875 0.0171875
1 0.396875 0.321875 0.015625 0.0140625
1 0.60546875 0.31015625 0.015625 0.0125
1 0.85546875 0.87421875 0.0171875 0.0140625
1 0.3609375 0.296875 0.0171875 0.0140625
1 0.3484375 0.29296875 0.0171875 0.0140625
1 0.40078125 0.3 0.015625 0.0125
1 0.41796875 0.7953125 0.0171875 0.015625
1 0.55078125 0.8375 0.015625 0.0125
0 0.140625 0.08046875 0.0203125 0.0203125
1 0.9375 0.4828125 0.01875 0.0125
3 0.31796875 0.86796875 0.1109375 0.121875