3 0.09609375 0.471875 0.0828125 0.1171875
3 0.07265625 0.3359375 0.0734375 0.07734375
1 0.3453125 0.515625 0.0125 0.02109375
3 0.23515625 0.84921875 0.0515625 0.05078125
4 0.92265625 0.490625 0.10625 0.12265625
1 0.8125 0.45703125 0.01015625 0.01796875
4 0.7828125 0.85078125 0.0578125 0.0625
1 0.390625 0.5140625 0.01171875 0.0203125
1 0.6421875 0.478125 0.01171875 0.01796875
1 0.646875 0.45390625 0.01015625 0.0171875
2 0.24453125 0.209375 0.090625 0.05625
1 0.76640625 0.45078125 0.01015625 0.01640625
0 0.721875 0.21484375 0.0109375 0.01640625
0 0.79296875 0.16640625 0.01171875 0.01953125
1 0.68125 0.46953125 0.0109375 0.01796875
1 0.90703125 0.91953125 0.01484375 0.02421875
1 0.47109375 0.37890625 0.00859375 0.015625
1 0.29609375 0.46640625 0.01171875 0.01875
0 0.78515625 0.21015625 0.01015625 0.01796875
1 0.71171875 0.5671875 0.0125 0.02109375
1 0.3359375 0.88984375 0.009375 0.015625
1 0.3171875 0.52265625 0.0109375 0.01796875
1 0.6234375 0.54609375 0.01171875 0.02265625
1 0.59765625 0.45 0.0109375 0.01953125
1 0.84609375 0.3796875 0.01015625 0.015625
1 0.34765625 0.44765625 0.01015625 0.01875
4 0.521875 0.37578125 0.06875 0.075
1 0.4796875 0.46328125 0.0109375 0.01875
1 0.30078125 0.52109375 0.01171875 0.01875
1 0.909375 0.88984375 0.01015625 0.01640625
1 0.3078125 0.4609375 0.0109375 0.01796875
1 0.28671875 0.44375 0.0109375 0.01796875
1 0.1890625 0.37265625 0.0109375 0.0171875
1 0.82109375 0.32109375 0.00859375 0.01484375
0 0.8078125 0.221875 0.01015625 0.01640625
1 0.4046875 0.42109375 0.009375 0.01484375
1 0.73515625 0.459375 0.01015625 0.01875
0 0.27421875 0.18125 0.009375 0.015625
1 0.59921875 0.36640625 0.009375 0.0140625
1 0.7328125 0.5765625 0.0125 0.0203125
0 0.8234375 0.16796875 0.0125 0.02109375
1 0.7140625 0.50625 0.01171875 0.01953125
1 0.34375 0.425 0.01015625 0.01796875
1 0.203125 0.32734375 0.01171875 0.0203125
1 0.6484375 0.40390625 0.0109375 0.015625
1 0.46953125 0.40390625 0.01015625 0.0140625
1 0.95 0.365625 0.01015625 0.015625
1 0.67421875 0.4515625 0.01171875 0.01796875
1 0.615625 0.44765625 0.01015625 0.01796875
1 0.66796875 0.4296875 0.00859375 0.0140625
0 0.7609375 0.16171875 0.01015625 0.01796875
1 0.42421875 0.44375 0.009375 0.01484375
1 0.415625 0.45859375 0.01015625 0.01796875
1 0.61484375 0.409375 0.0109375 0.01796875
1 0.571875 0.40390625 0.01015625 0.015625
1 0.5625 0.425 0.0109375 0.01875
1 0.60625 0.3453125 0.009375 0.01640625
1 0.35546875 0.40078125 0.0125 0.0171875
1 0.6984375 0.34296875 0.01015625 0.015625
1 0.7421875 0.88984375 0.01015625 0.01640625
1 0.71953125 0.5859375 0.0125 0.021875
1 0.4578125 0.425 0.01015625 0.01875
0 0.771875 0.22578125 0.0109375 0.0203125
1 0.396875 0.43515625 0.0109375 0.0171875
1 0.89453125 0.28125 0.0078125 0.0125
1 0.8203125 0.8734375 0.00703125 0.0125
1 0.85625 0.9921875 0.0171875 0.0140625
0 0.18828125 0.05859375 0.0125 0.01875
1 0.57734375 0.26875 0.00703125 0.0125
1 0.88125 0.28984375 0.0078125 0.01328125
1 0.46640625 0.35234375 0.00859375 0.0140625
1 0.61953125 0.378125 0.009375 0.01484375
0 0.2375 0.78984375 0.0171875 0.025
1 0.6234375 0.43046875 0.0109375 0.0171875
1 0.346875 0.2671875 0.0078125 0.0125
1 0.88671875 0.93984375 0.0140625 0.0234375
1 0.83046875 0.3859375 0.009375 0.01484375
1 0.37734375 0.42578125 0.01015625 0.0171875
1 0.375 0.403125 0.01015625 0.015625
1 0.4625 0.325 0.009375 0.01484375
0 0.1921875 0.10703125 0.0109375 0.0203125
1 0.62421875 0.478125 0.0109375 0.01875
1 0.82421875 0.3671875 0.009375 0.0140625
1 0.56484375 0.29453125 0.0078125 0.01484375
0 0.74140625 0.16953125 0.00859375 0.015625
1 0.8390625 0.3953125 0.009375 0.015625
1 0.6859375 0.52109375 0.01171875 0.02109375
1 0.3375 0.44921875 0.0109375 0.0171875
1 0.634375 0.3 0.009375 0.0140625
1 0.57109375 0.39296875 0.009375 0.0125
1 0.71328125 0.44921875 0.0109375 0.01640625
1 0.47109375 0.29765625 0.00859375 0.01484375
1 0.41015625 0.396875 0.01015625 0.01640625
1 0.396875 0.3578125 0.0078125 0.0140625
1 0.60546875 0.3921875 0.00859375 0.015625
1 0.58515625 0.41796875 0.009375 0.01875
1 0.01171875 0.36640625 0.0125 0.01640625
0 0.65546875 0.70625 0.00859375 0.0171875
1 0.61796875 0.31640625 0.009375 0.015625
1 0.7 0.5171875 0.01015625 0.01953125
1 0.66484375 0.44453125 0.00859375 0.01640625
1 0.05546875 0.4578125 0.00859375 0.015625
1 0.4515625 0.38203125 0.01015625 0.01484375
1 0.6421875 0.340625 0.00859375 0.0140625
1 0.465625 0.4203125 0.00859375 0.0140625
1 0.3296875 0.4015625 0.01015625 0.0171875
1 0.43046875 0.41796875 0.009375 0.01640625
1 0.42109375 0.42734375 0.009375 0.0140625
1 0.54609375 0.259375 0.0078125 0.01328125
1 0.62890625 0.378125 0.009375 0.015625
1 0.41953125 0.325 0.00859375 0.015625
1 0.35390625 0.2921875 0.0078125 0.0125
1 0.59921875 0.41484375 0.009375 0.015625
1 0.640625 0.27265625 0.00859375 0.0125
2 0.7609375 0.21875 0.0796875 0.06328125
1 0.7140625 0.43203125 0.009375 0.01328125
1 0.684375 0.4515625 0.01171875 0.0171875
1 0.634375 0.35234375 0.01015625 0.015625
1 0.9390625 0.32890625 0.009375 0.0140625
1 0.521875 0.28828125 0.009375 0.0140625
1 0.08515625 0.89375 0.01015625 0.0171875
1 0.4203125 0.3515625 0.00859375 0.0140625
1 0.6171875 0.33515625 0.009375 0.0140625
1 0.65625 0.32890625 0.009375 0.01171875
1 0.41640625 0.36875 0.00859375 0.01484375
1 0.34765625 0.3828125 0.0109375 0.0140625
1 0.68515625 0.43515625 0.0109375 0.0171875
1 0.43984375 0.34609375 0.00859375 0.01328125
1 0.2734375 0.86640625 0.00859375 0.009375
1 0.36875 0.31484375 0.0078125 0.0140625
1 0.51875 0.32734375 0.00859375 0.0140625
1 0.38828125 0.39140625 0.0109375 0.0140625
0 0.41640625 0.70625 0.009375 0.01640625
1 0.2984375 0.4390625 0.01171875 0.0171875
1 0.75703125 0.87734375 0.00703125 0.0125
1 0.3953125 0.3796875 0.009375 0.01640625
1 0.3203125 0.42421875 0.0109375 0.0171875
1 0.4828125 0.32578125 0.00859375 0.01484375
1 0.43671875 0.39453125 0.009375 0.01328125
1 0.653125 0.3421875 0.00859375 0.01328125
0 0.840625 0.25546875 0.01171875 0.01875
1 0.334375 0.3203125 0.00859375 0.01328125
1 0.44453125 0.40078125 0.01171875 0.01875
1 0.30234375 0.3421875 0.01015625 0.0140625
0 0.75703125 0.23125 0.01171875 0.01875
1 0.33515625 0.30234375 0.0078125 0.0125
1 0.41015625 0.43984375 0.01015625 0.01484375
1 0.69375 0.31015625 0.009375 0.0140625
1 0.3078125 0.4328125 0.009375 0.0171875
1 0.64453125 0.38203125 0.01015625 0.0140625
0 0.2140625 0.15234375 0.009375 0.015625
1 0.31640625 0.2984375 0.0078125 0.01328125
1 0.49921875 0.278125 0.009375 0.0125
0 0.225 0.13515625 0.0109375 0.01796875
1 0.71328125 0.84765625 0.01015625 0.015625
1 0.35859375 0.38125 0.009375 0.01484375
1 0.6234375 0.35 0.0109375 0.01484375
1 0.6671875 0.328125 0.0078125 0.0109375
1 0.45234375 0.36640625 0.0109375 0.015625
1 0.07265625 0.99453125 0.0171875 0.01015625
0 0.2421875 0.75234375 0.0078125 0.01328125
1 0.4046875 0.37109375 0.009375 0.01484375
1 0.6984375 0.43984375 0.009375 0.01640625
1 0.659375 0.39140625 0.0109375 0.01640625
1 0.65625 0.3734375 0.009375 0.01640625
1 0.9234375 0.86640625 0.00859375 0.0125
0 0.2265625 0.82421875 0.009375 0.015625
1 0.50078125 0.35546875 0.01015625 0.0125
0 0.40859375 0.81484375 0.01171875 0.02109375
1 0.3359375 0.3828125 0.01015625 0.015625
1 0.41953125 0.39296875 0.0109375 0.01640625
1 0.66875 0.390625 0.0109375 0.01640625
1 0.334375 0.34140625 0.01015625 0.01484375
1 0.30703125 0.33046875 0.00625 0.01171875
1 0.353125 0.28046875 0.0078125 0.0109375
1 0.34140625 0.4 0.0125 0.0171875
1 0.06640625 0.61171875 0.0109375 0.01171875
1 0.67578125 0.41015625 0.0109375 0.01640625
3 0.134375 0.8703125 0.0453125 0.0703125
1 0.9328125 0.86640625 0.00703125 0.01171875
1 0.4234375 0.3796875 0.0109375 0.01328125
1 0.63515625 0.39296875 0.01015625 0.0125
1 0.38671875 0.3421875 0.01015625 0.0140625
1 0.659375 0.35 0.01015625 0.0140625
1 0.440625 0.37109375 0.00859375 0.01484375
1 0.9359375 0.94609375 0.009375 0.0140625
1 0.434375 0.38046875 0.009375 0.015625
0 0.72265625 0.2359375 0.009375 0.01171875
1 0.325 0.328125 0.01015625 0.01328125
1 0.3015625 0.4171875 0.00859375 0.015625
1 0.4421875 0.3828125 0.009375 0.01484375
3 0.0125 0.3328125 0.025 0.0640625
1 0.2921875 0.4078125 0.00703125 0.0109375
1 0.54296875 0.840625 0.00703125 0.0125
1 0.31875 0.34296875 0.00703125 0.01171875
0 0.7125 0.746875 0.009375 0.01484375
1 0.37109375 0.38046875 0.009375 0.01484375
0 0.3953125 0.884375 0.01640625 0.02890625
1 0.38046875 0.39296875 0.0078125 0.015625
1 0.43046875 0.34765625 0.0078125 0.01328125
1 0.2921875 0.428125 0.00859375 0.0140625
0 0.81796875 0.07421875 0.0109375 0.0203125
1 0.67578125 0.34765625 0.01015625 0.0171875
1 0.30625 0.9890625 0.01796875 0.01953125
1 0.70703125 0.41953125 0.0078125 0.0140625
1 0.41015625 0.38046875 0.01015625 0.01328125
1 0.70390625 0.290625 0.0078125 0.01328125
1 0.38203125 0.35703125 0.0109375 0.01484375
1 0.346875 0.36875 0.01171875 0.0140625
1 0.55546875 0.87109375 0.0078125 0.01328125