3 0.15859375 0.3796875 0.0984375 0.0953125
1 0.3703125 0.87421875 0.028125 0.021875
3 0.2796875 0.83125 0.0984375 0.0921875
4 0.1140625 0.30625 0.1015625 0.0859375
2 0.2421875 0.20546875 0.103125 0.0640625
1 0.30703125 0.46953125 0.028125 0.021875
4 0.14609375 0.81953125 0.0625 0.06875
1 0.465625 0.45390625 0.028125 0.0203125
2 0.765625 0.240625 0.109375 0.053125
1 0.203125 0.5546875 0.03125 0.0234375
1 0.6234375 0.58046875 0.0296875 0.0265625
1 0.21640625 0.56953125 0.03125 0.021875
1 0.2296875 0.5203125 0.028125 0.0234375
0 0.1859375 0.1859375 0.0296875 0.021875
1 0.2671875 0.48359375 0.028125 0.0171875
1 0.6234375 0.4375 0.0265625 0.0171875
1 0.3890625 0.38515625 0.0265625 0.0171875
1 0.9484375 0.57421875 0.028125 0.0234375
1 0.534375 0.46484375 0.028125 0.01875
1 0.69609375 0.4484375 0.0265625 0.01875
1 0.15859375 0.62578125 0.0296875 0.01875
1 0.87890625 0.42734375 0.0265625 0.01875
1 0.425 0.43359375 0.0265625 0.0203125
1 0.25390625 0.53515625 0.0296875 0.0234375
1 0.87265625 0.45390625 0.0265625 0.0171875
1 0.625 0.39921875 0.025 0.0171875
1 0.33515625 0.86015625 0.0265625 0.0203125
1 0.64453125 0.44375 0.0265625 0.0203125
1 0.79921875 0.4375 0.021875 0.015625
1 0.44609375 0.4375 0.028125 0.0171875
1 0.99296875 0.46875 0.0140625 0.01875
1 0.85 0.4453125 0.0265625 0.01875
1 0.521875 0.48671875 0.028125 0.0203125
1 0.02578125 0.34921875 0.0265625 0.0171875
1 0.53671875 0.4484375 0.025 0.015625
1 0.01796875 0.36796875 0.028125 0.01875
1 0.665625 0.41171875 0.0265625 0.0171875
1 0.48515625 0.378125 0.0265625 0.0171875
1 0.9875 0.59453125 0.025 0.0234375
1 0.665625 0.45078125 0.0265625 0.0203125
1 0.36484375 0.3484375 0.0234375 0.015625
1 0.846875 0.4203125 0.0265625 0.01875
1 0.559375 0.525 0.028125 0.021875
1 0.0890625 0.86015625 0.0265625 0.01875
1 0.81171875 0.66015625 0.03125 0.0203125
1 0.8453125 0.91171875 0.028125 0.021875
1 0.12421875 0.9359375 0.0359375 0.0375
1 0.9390625 0.40703125 0.025 0.0171875
1 0.88359375 0.46328125 0.0265625 0.0171875
1 0.9421875 0.5421875 0.028125 0.021875
0 0.18359375 0.1515625 0.028125 0.0203125
1 0.55390625 0.4015625 0.028125 0.01875
1 0.62421875 0.6515625 0.0296875 0.01875
1 0.625 0.353125 0.025 0.0171875
1 0.409375 0.37734375 0.025 0.0171875
1 0.48671875 0.35546875 0.025 0.015625
1 0.48046875 0.4390625 0.028125 0.0171875
1 0.50078125 0.44765625 0.0265625 0.015625
1 0.60078125 0.59453125 0.028125 0.0171875
1 0.40234375 0.3375 0.0234375 0.015625
1 0.65703125 0.4390625 0.0265625 0.0171875
1 0.821875 0.40625 0.025 0.0171875
1 0.55234375 0.44609375 0.0265625 0.01875
1 0.3078125 0.38671875 0.025 0.015625
1 0.7609375 0.66015625 0.03125 0.01875
1 0.31171875 0.3984375 0.0265625 0.0171875
1 0.62734375 0.32421875 0.021875 0.0140625
1 0.034375 0.3265625 0.025 0.0171875
1 0.6265625 0.62109375 0.028125 0.0234375
1 0.39921875 0.38984375 0.025 0.01875
1 0.55546875 0.465625 0.0265625 0.01875
1 0.47109375 0.35546875 0.025 0.0171875
1 0.26328125 0.49921875 0.028125 0.0203125
1 0.43046875 0.39921875 0.025 0.015625
1 0.62890625 0.88671875 0.025 0.01875
1 0.5265625 0.40234375 0.0265625 0.0171875
1 0.6203125 0.42421875 0.0265625 0.01875
1 0.86328125 0.8859375 0.025 0.0171875
1 0.4953125 0.378125 0.0265625 0.0171875
1 0.47265625 0.33671875 0.025 0.0171875
1 0.68359375 0.4171875 0.0265625 0.01875
1 0.82578125 0.32109375 0.0234375 0.0140625
1 0.34375 0.38984375 0.0265625 0.01875
1 0.1734375 0.3234375 0.025 0.0171875
1 0.5859375 0.4890625 0.028125 0.0234375
1 0.92109375 0.953125 0.0328125 0.03125
1 0.4734375 0.41640625 0.0265625 0.0171875
1 0.296875 0.3375 0.0265625 0.0171875
4 0.90390625 0.51171875 0.09375 0.1234375
0 0.2078125 0.1921875 0.0265625 0.01875
1 0.45234375 0.3921875 0.0265625 0.0171875
1 0.83125 0.415625 0.0265625 0.01875
1 0.18125 0.62734375 0.0296875 0.01875
1 0.63828125 0.3578125 0.0265625 0.0171875
1 0.52109375 0.41953125 0.025 0.015625
1 0.225 0.82421875 0.021875 0.0125
1 0.3828125 0.32265625 0.0234375 0.0140625
1 0.60390625 0.33671875 0.0234375 0.0140625
4 0.5796875 0.8671875 0.1109375 0.1078125
1 0.665625 0.35234375 0.0234375 0.015625
1 0.46328125 0.40859375 0.0265625 0.0171875
1 0.44453125 0.3671875 0.0265625 0.0171875
1 0.45703125 0.32734375 0.0234375 0.015625
1 0.51953125 0.4359375 0.0265625 0.0171875
1 0.3109375 0.375 0.025 0.0140625
1 0.4140625 0.34921875 0.025 0.015625
1 0.85390625 0.3234375 0.0234375 0.0140625
1 0.41484375 0.78671875 0.025 0.015625
1 0.4453125 0.3015625 0.021875 0.0140625
1 0.26796875 0.6328125 0.0296875 0.0171875
1 0.696875 0.428125 0.028125 0.0203125
1 0.41640625 0.36875 0.025 0.015625
1 0.1828125 0.31015625 0.025 0.015625
1 0.36015625 0.3109375 0.025 0.0140625
1 0.859375 0.34375 0.0234375 0.0140625
1 0.3953125 0.36953125 0.0265625 0.0171875
1 0.49375 0.4171875 0.0265625 0.015625
1 0.43671875 0.43359375 0.0265625 0.0203125
0 0.11796875 0.19609375 0.0265625 0.01875
1 0.6796875 0.34296875 0.025 0.015625
1 0.51171875 0.4421875 0.028125 0.01875
1 0.04296875 0.92109375 0.0234375 0.01875
1 0.84921875 0.478125 0.0265625 0.01875
1 0.5125 0.3890625 0.025 0.015625
1 0.6 0.325 0.025 0.0140625
1 0.40703125 0.29375 0.0234375 0.0140625
1 0.44921875 0.340625 0.025 0.0171875
1 0.46875 0.38046875 0.028125 0.021875
1 0.1859375 0.8328125 0.0234375 0.0140625
1 0.8203125 0.3625 0.025 0.015625
1 0.42734375 0.3375 0.025 0.0171875
1 0.6125 0.3125 0.0234375 0.0125
1 0.5953125 0.91015625 0.028125 0.0140625
1 0.69453125 0.34609375 0.0234375 0.015625
1 0.06328125 0.85234375 0.0265625 0.0171875
1 0.503125 0.4609375 0.0265625 0.0140625
1 0.053125 0.9234375 0.025 0.0203125
1 0.875 0.34921875 0.025 0.015625
0 0.121875 0.01796875 0.03125 0.021875
1 0.53671875 0.64921875 0.028125 0.0125
1 0.05234375 0.321875 0.025 0.015625
1 0.0484375 0.9109375 0.0265625 0.015625
1 0.375 0.3140625 0.025 0.0140625
1 0.515625 0.32265625 0.0234375 0.0140625
1 0.45859375 0.3796875 0.028125 0.01875
1 0.5390625 0.90859375 0.025 0.0109375
1 0.58671875 0.30546875 0.025 0.0140625
1 0.65546875 0.325 0.0234375 0.0140625
1 0.52734375 0.30625 0.0234375 0.0140625
1 0.06015625 0.31796875 0.0265625 0.015625
1 0.4859375 0.39453125 0.028125 0.0203125
1 0.86484375 0.3203125 0.025 0.015625
1 0.82421875 0.46640625 0.0265625 0.0125
1 0.9046875 0.98203125 0.0375 0.0359375
1 0.66796875 0.38203125 0.0265625 0.015625
1 0.93203125 0.984375 0.0359375 0.03125
1 0.5125 0.41875 0.025 0.0171875
1 0.70078125 0.33203125 0.025 0.0140625
1 0.50625 0.32890625 0.0234375 0.0140625
0 0.27265625 0.203125 0.0265625 0.0171875
0 0.1546875 0.68984375 0.025 0.015625
1 0.6609375 0.33515625 0.025 0.015625
1 0.07890625 0.825 0.0234375 0.0140625
1 0.528125 0.85703125 0.021875 0.0109375
1 0.69140625 0.4015625 0.025 0.0171875
1 0.5140625 0.28828125 0.0234375 0.0140625
1 0.184375 0.2859375 0.025 0.0125
1 0.9390625 0.39140625 0.025 0.015625
1 0.66015625 0.890625 0.021875 0.015625
1 0.584375 0.32578125 0.025 0.015625
1 0.98828125 0.6734375 0.0234375 0.0171875
1 0.459375 0.365625 0.028125 0.0171875
1 0.56328125 0.2953125 0.0234375 0.0140625
1 0.64296875 0.85546875 0.0265625 0.01875
1 0.421875 0.31640625 0.0234375 0.015625
1 0.6765625 0.36484375 0.0234375 0.015625
4 0.55234375 0.36875 0.109375 0.1078125
1 0.04375 0.8546875 0.025 0.0171875
1 0.43203125 0.3859375 0.0265625 0.0125
1 0.1546875 0.84609375 0.0265625 0.015625
1 0.56171875 0.31015625 0.025 0.0140625
1 0.50078125 0.4328125 0.0296875 0.015625
1 0.546875 0.309375 0.025 0.015625
1 0.609375 0.38046875 0.0234375 0.015625
0 0.275 0.778125 0.0265625 0.01875
1 0.5765625 0.65 0.0265625 0.0125
1 0.634375 0.34453125 0.0234375 0.0140625
0 0.203959721875 0.043975009375 0.20174119687499997 0.03178048125 0.18294944375 0.025237146874999998 0.1759972296875 0.0402349671875 0.203959721875 0.043975009375