2 0.22734375 0.225 0.1234375 0.075
3 0.91015625 0.3515625 0.1203125 0.115625
2 0.74375 0.2 0.1234375 0.06875
4 0.45703125 0.28359375 0.09375 0.0875
3 0.80078125 0.87109375 0.1125 0.1015625
3 0.57109375 0.51953125 0.1359375 0.1703125
3 0.5125 0.28203125 0.0953125 0.0765625
4 0.4875 0.51640625 0.1171875 0.171875
1 0.42265625 0.32890625 0.0421875 0.0265625
1 0.434375 0.521875 0.0453125 0.03125
0 0.18515625 0.16796875 0.04375 0.0296875
4 0.25078125 0.5921875 0.1328125 0.140625
1 0.440625 0.32578125 0.0421875 0.025
1 0.5453125 0.30390625 0.040625 0.0234375
3 0.55234375 0.84453125 0.0703125 0.0625
1 0.43671875 0.41640625 0.040625 0.025
1 0.4453125 0.509375 0.04375 0.028125
3 0.5546875 0.00859375 0.146875 0.0171875
1 0.56171875 0.43203125 0.0421875 0.0234375