2 0.234375 0.21484375 0.1046875 0.0609375
3 0.4 0.32109375 0.0875 0.0765625
3 0.33125 0.85078125 0.09375 0.0984375
1 0.70546875 0.4875 0.028125 0.0203125
1 0.8421875 0.44765625 0.0265625 0.0171875
1 0.84453125 0.575 0.0296875 0.0234375
1 0.80703125 0.4609375 0.0265625 0.0171875
1 0.5921875 0.54453125 0.0296875 0.0234375
3 0.41953125 0.44140625 0.1109375 0.1125
1 0.5546875 0.39296875 0.025 0.015625
1 0.51875 0.57578125 0.0296875 0.025
1 0.2390625 0.50546875 0.0265625 0.0203125
1 0.840625 0.43046875 0.0265625 0.0171875
1 0.3390625 0.4484375 0.0265625 0.01875
2 0.75546875 0.23203125 0.1078125 0.05
1 0.5515625 0.50390625 0.028125 0.01875
1 0.284375 0.50234375 0.028125 0.021875
1 0.496875 0.553125 0.028125 0.021875
1 0.396875 0.8734375 0.0265625 0.0203125
1 0.7328125 0.571875 0.028125 0.0234375
1 0.06875 0.89453125 0.028125 0.021875
1 0.046875 0.3953125 0.0265625 0.0171875
1 0.346875 0.51796875 0.028125 0.021875
1 0.5296875 0.4671875 0.0265625 0.01875
1 0.07734375 0.4203125 0.028125 0.01875
1 0.33984375 0.42890625 0.0265625 0.0171875
1 0.49765625 0.38515625 0.025 0.0171875
1 0.92421875 0.446875 0.0265625 0.0171875
1 0.20703125 0.4625 0.028125 0.0171875
1 0.46796875 0.33828125 0.0234375 0.0140625
1 0.01328125 0.42265625 0.0265625 0.0171875
1 0.04609375 0.89453125 0.028125 0.0234375
1 0.26015625 0.48125 0.0265625 0.01875
1 0.234375 0.571875 0.0296875 0.025
1 0.66171875 0.34296875 0.0234375 0.0140625
1 0.17890625 0.4453125 0.0265625 0.01875
1 0.78515625 0.8765625 0.0265625 0.015625
1 0.15 0.44453125 0.0296875 0.021875
1 0.1875 0.48046875 0.028125 0.0203125
1 0.53828125 0.34296875 0.0234375 0.0140625
1 0.34375 0.378125 0.0234375 0.0140625
1 0.878125 0.4046875 0.0265625 0.0171875
1 0.8203125 0.41171875 0.025 0.015625
1 0.42734375 0.36328125 0.025 0.015625
1 0.2734375 0.44921875 0.0265625 0.0171875
1 0.44453125 0.35625 0.0265625 0.0171875
4 0.6203125 0.37421875 0.0828125 0.103125
1 0.13515625 0.33203125 0.0234375 0.0140625
1 0.5546875 0.34765625 0.0234375 0.015625
1 0.4984375 0.3296875 0.0234375 0.0125
1 0.81953125 0.9609375 0.0359375 0.034375
1 0.36640625 0.465625 0.0265625 0.01875
1 0.0953125 0.371875 0.0265625 0.015625
1 0.3796875 0.86875 0.025 0.0171875
1 0.09140625 0.89296875 0.0296875 0.021875
1 0.059375 0.37578125 0.0265625 0.015625
1 0.76875 0.8921875 0.028125 0.021875
1 0.72421875 0.52265625 0.028125 0.0203125
1 0.83671875 0.88046875 0.0234375 0.0171875
1 0.459375 0.375 0.025 0.015625
1 0.73203125 0.5375 0.028125 0.021875
1 0.51015625 0.640625 0.0296875 0.0234375
1 0.4984375 0.36796875 0.0234375 0.0140625
1 0.89296875 0.4046875 0.0265625 0.015625
1 0.5921875 0.4234375 0.0234375 0.0125
1 0.26953125 0.4671875 0.0265625 0.01875
1 0.87890625 0.525 0.0265625 0.015625
1 0.25859375 0.846875 0.0265625 0.015625
1 0.17578125 0.3625 0.025 0.015625
1 0.26796875 0.61484375 0.0296875 0.01875
1 0.8171875 0.9171875 0.0296875 0.025
1 0.88984375 0.42265625 0.0265625 0.015625
1 0.91015625 0.440625 0.025 0.0171875
1 0.64921875 0.30546875 0.0234375 0.0125
1 0.16796875 0.890625 0.028125 0.021875
1 0.14765625 0.63359375 0.0296875 0.01875
1 0.06796875 0.34453125 0.0265625 0.0140625
1 0.14296875 0.89609375 0.0296875 0.021875
1 0.05546875 0.36171875 0.025 0.0125
1 0.11484375 0.87890625 0.028125 0.021875
1 0.32578125 0.44921875 0.028125 0.01875
1 0.9296875 0.925 0.0296875 0.028125
1 0.15625 0.315625 0.025 0.0125
1 0.8640625 0.87734375 0.0265625 0.015625
1 0.29609375 0.42734375 0.025 0.0140625
1 0.51796875 0.3609375 0.025 0.0171875
1 0.11015625 0.33828125 0.025 0.015625
1 0.31640625 0.44609375 0.025 0.0203125
1 0.84609375 0.334375 0.0234375 0.0140625
1 0.87578125 0.87421875 0.025 0.015625
1 0.16875 0.2875 0.028125 0.01875
0 0.459375 0.77265625 0.0265625 0.021875
1 0.15859375 0.87578125 0.0265625 0.0171875
1 0.8421875 0.3140625 0.025 0.015625
1 0.834375 0.334375 0.0234375 0.0140625
1 0.9203125 0.425 0.025 0.015625
1 0.85078125 0.40390625 0.0265625 0.0171875
1 0.81953125 0.39921875 0.0234375 0.0109375
1 0.28203125 0.84921875 0.025 0.0171875
1 0.25859375 0.64140625 0.025 0.0125
1 0.44296875 0.34140625 0.0234375 0.0109375
1 0.1890625 0.4015625 0.028125 0.01875
1 0.3578125 0.38046875 0.025 0.015625
1 0.15234375 0.98359375 0.0375 0.01875
1 0.2328125 0.8515625 0.025 0.0140625
1 0.85625 0.3328125 0.0234375 0.0140625
1 0.29609375 0.45 0.028125 0.01875
1 0.284375 0.43046875 0.0265625 0.0171875
1 0.75703125 0.87578125 0.025 0.015625
1 0.175 0.41015625 0.0265625 0.0171875
1 0.62890625 0.32109375 0.0234375 0.0125
1 0.28515625 0.45234375 0.028125 0.01875
1 0.8140625 0.3125 0.0234375 0.0125
1 0.06875 0.3609375 0.028125 0.0140625
1 0.58515625 0.325 0.0234375 0.0140625
1 0.08046875 0.359375 0.0265625 0.015625
1 0.0328125 0.98203125 0.034375 0.01875
1 0.73984375 0.51875 0.0265625 0.0234375
1 0.09296875 0.35 0.0265625 0.0140625
1 0.071875 0.86484375 0.0265625 0.015625
1 0.31640625 0.39140625 0.0265625 0.0140625
1 0.20078125 0.61171875 0.0296875 0.0171875
1 0.3625 0.628125 0.028125 0.0234375
1 0.33984375 0.29453125 0.0234375 0.0125
1 0.91015625 0.41328125 0.025 0.015625
1 0.01171875 0.39765625 0.0234375 0.0171875
1 0.36953125 0.3875 0.025 0.0140625
1 0.88359375 0.340625 0.025 0.015625
1 0.9171875 0.3953125 0.025 0.0140625
1 0.06015625 0.32890625 0.025 0.0140625
1 0.72421875 0.84921875 0.0234375 0.0109375
1 0.14140625 0.86640625 0.0234375 0.0125
1 0.0734375 0.321875 0.025 0.0125
1 0.8078125 0.88359375 0.0296875 0.0203125
1 0.25 0.6109375 0.0296875 0.0171875
1 0.10859375 0.31484375 0.025 0.0140625
1 0.753125 0.84375 0.021875 0.0109375
1 0.36171875 0.34375 0.025 0.0140625
1 0.3546875 0.35 0.025 0.0140625
1 0.81015625 0.84609375 0.021875 0.009375
1 0.3765625 0.3796875 0.025 0.0171875
1 0.78359375 0.8453125 0.021875 0.009375
1 0.36171875 0.36328125 0.025 0.0140625
1 0.82109375 0.31171875 0.0234375 0.0125
1 0.09609375 0.8640625 0.0265625 0.015625
1 0.18203125 0.8375 0.0234375 0.0109375
1 0.03125 0.3875 0.0265625 0.015625
1 0.17265625 0.4609375 0.0234375 0.015625
1 0.3484375 0.29453125 0.0234375 0.0125
1 0.89375 0.87109375 0.0265625 0.0140625
1 0.2984375 0.40078125 0.025 0.0140625
1 0.01171875 0.3671875 0.0234375 0.015625
1 0.94140625 0.38359375 0.025 0.0109375
1 0.03359375 0.3625 0.021875 0.0109375
1 0.346875 0.33125 0.0234375 0.0109375
1 0.30390625 0.3828125 0.025 0.015625
1 0.0875 0.33984375 0.025 0.0109375
1 0.04375 0.3234375 0.025 0.0140625
1 0.0203125 0.38203125 0.0265625 0.0140625
1 0.1515625 0.84765625 0.0234375 0.0125
1 0.44296875 0.478125 0.028125 0.0203125
1 0.165625 0.86328125 0.028125 0.01875
1 0.321875 0.37734375 0.025 0.0140625
1 0.34296875 0.35078125 0.025 0.0140625
1 0.184375 0.41640625 0.025 0.0125
1 0.3765625 0.453125 0.028125 0.0171875
1 0.42265625 0.846875 0.025 0.0125
0 0.6125 0.26796875 0.0296875 0.021875
1 0.15234375 0.29765625 0.0265625 0.0140625
1 0.37109375 0.365625 0.025 0.0125
1 0.9328125 0.40546875 0.028125 0.01875
1 0.66640625 0.8875 0.028125 0.0140625
1 0.209375 0.625 0.0296875 0.01875
1 0.76640625 0.84609375 0.0234375 0.0109375
1 0.11640625 0.30390625 0.025 0.0125
1 0.80546875 0.8515625 0.021875 0.0109375
1 0.3296875 0.3703125 0.025 0.0125
1 0.09375 0.321875 0.025 0.0140625
1 0.325 0.29296875 0.021875 0.0109375
1 0.775 0.87734375 0.025 0.0125
1 0.9375 0.39375 0.025 0.0140625
1 0.99296875 0.478125 0.0140625 0.0125
1 0.53125 0.8546875 0.025 0.0109375
1 0.05625 0.87421875 0.03125 0.0203125
1 0.05546875 0.30859375 0.025 0.0140625
1 0.234375 0.83359375 0.0234375 0.009375
1 0.20234375 0.83515625 0.025 0.0109375
1 0.57265625 0.64453125 0.025 0.01875
1 0.83671875 0.84765625 0.021875 0.0109375
1 0.42890625 0.83984375 0.0234375 0.0109375
1 0.26953125 0.84296875 0.0265625 0.0140625
1 0.95078125 0.9828125 0.0359375 0.034375
1 0.86875 0.321875 0.025 0.015625
1 0.82265625 0.61484375 0.028125 0.01875
1 0.228125 0.83359375 0.0234375 0.0109375
3 0.115625 0.4234375 0.0984375 0.1265625
4 0.4859375 0.465625 0.1203125 0.1375