4 0.92109375 0.4734375 0.11875 0.103125
3 0.6 0.39765625 0.1125 0.09375
2 0.23984375 0.209375 0.1203125 0.053125
4 0.340625 0.31953125 0.1015625 0.0703125
1 0.8390625 0.58984375 0.04375 0.0078125
1 0.22578125 0.5453125 0.0453125 0.0125
3 0.5203125 0.828125 0.0765625 0.04375
1 0.1 0.38828125 0.0421875 0.00625
1 0.03125 0.42421875 0.04375 0.00625
1 0.68046875 0.58515625 0.0453125 0.0125
1 0.5515625 0.88515625 0.0421875 0.009375
1 0.184375 0.4359375 0.040625 0.0078125
1 0.175 0.88046875 0.04375 0.0109375
2 0.7609375 0.2359375 0.1234375 0.0390625
1 0.3671875 0.86484375 0.0421875 0.0046875
1 0.29296875 0.553125 0.0453125 0.0109375
1 0.1453125 0.35859375 0.040625 0.0046875
1 0.88515625 0.38359375 0.0390625 0.003125
1 0.55390625 0.559375 0.0453125 0.0125
4 0.6328125 0.86328125 0.115625 0.096875
1 0.36796875 0.88203125 0.04375 0.0109375
1 0.64609375 0.37109375 0.0390625 0.003125
1 0.72109375 0.46875 0.0421875 0.0078125
1 0.73203125 0.49375 0.0421875 0.009375
3 0.21953125 0.81953125 0.0828125 0.0421875
1 0.53984375 0.62265625 0.0453125 0.0140625
1 0.584375 0.884375 0.040625 0.009375
1 0.12890625 0.88203125 0.04375 0.009375
1 0.30078125 0.62265625 0.046875 0.0125
1 0.02578125 0.365625 0.0421875 0.0046875
1 0.28359375 0.84921875 0.0390625 0.0046875
1 0.33828125 0.40390625 0.0421875 0.0078125
1 0.10859375 0.578125 0.0453125 0.00625
1 0.059375 0.4046875 0.0421875 0.0046875
1 0.43828125 0.315625 0.0390625 0.003125
1 0.04296875 0.41015625 0.0421875 0.00625
1 0.546875 0.33125 0.040625 0.003125
1 0.72578125 0.44453125 0.0421875 0.0078125
1 0.9484375 0.59765625 0.04375 0.00625
1 0.2484375 0.83515625 0.0375 0.0015625
1 0.52421875 0.3453125 0.0390625 0.0046875
1 0.30546875 0.4140625 0.0421875 0.0046875
1 0.86171875 0.57578125 0.0453125 0.0125
1 0.29375 0.41796875 0.0421875 0.0078125
1 0.3203125 0.85390625 0.0421875 0.00625
1 0.9609375 0.43671875 0.040625 0.00625
1 0.22421875 0.88046875 0.0421875 0.0109375
1 0.80546875 0.94765625 0.05 0.0203125
1 0.15078125 0.92109375 0.05 0.01875
1 0.06484375 0.4203125 0.0421875 0.0078125
1 0.0125 0.40546875 0.025 0.0046875
1 0.440625 0.42578125 0.0421875 0.00625
1 0.475 0.56015625 0.0453125 0.0125
1 0.83984375 0.47265625 0.0421875 0.00625
1 0.4640625 0.3046875 0.0390625 0.0015625
1 0.759375 0.9046875 0.04375 0.0078125
1 0.80859375 0.89609375 0.0421875 0.0078125
1 0.2046875 0.8671875 0.0421875 0.0046875
1 0.81796875 0.91875 0.0453125 0.0109375
1 0.70703125 0.87578125 0.0390625 0.003125
1 0.83515625 0.31796875 0.040625 0.003125
1 0.115625 0.28984375 0.0390625 0.0015625
1 0.91015625 0.3875 0.040625 0.003125
1 0.1671875 0.3078125 0.0390625 0.003125
1 0.14921875 0.3078125 0.0390625 0.003125
1 0.19609375 0.93359375 0.0515625 0.0234375
1 0.103125 0.3078125 0.0390625 0.003125
1 0.20078125 0.88828125 0.0453125 0.0125
1 0.31171875 0.3984375 0.040625 0.0046875
1 0.16953125 0.93046875 0.05 0.01875
1 0.8953125 0.66328125 0.04375 0.0046875
1 0.08828125 0.8625 0.0421875 0.0046875
1 0.10234375 0.628125 0.0453125 0.0109375
1 0.95390625 0.4515625 0.0421875 0.0078125
1 0.38515625 0.29609375 0.0390625 0.0015625
1 0.04453125 0.38984375 0.04375 0.00625
1 0.29765625 0.39921875 0.040625 0.0015625
1 0.828125 0.403125 0.040625 0.0046875
1 0.1234375 0.2890625 0.040625 0.003125
1 0.1671875 0.2875 0.0390625 0.0015625
1 0.8265625 0.9484375 0.05 0.015625
1 0.81328125 0.87890625 0.040625 0.0046875
1 0.8359375 0.39921875 0.040625 0.0046875
1 0.68984375 0.87578125 0.040625 0.003125
1 0.43671875 0.41328125 0.040625 0.0046875
1 0.19609375 0.85390625 0.040625 0.003125
1 0.921875 0.396875 0.040625 0.003125
1 0.090625 0.30078125 0.0390625 0.0015625
1 0.87109375 0.96484375 0.05 0.01875
1 0.87265625 0.34765625 0.040625 0.0015625
1 0.18984375 0.87421875 0.0421875 0.009375
1 0.8125 0.40546875 0.04375 0.003125
1 0.02890625 0.9140625 0.0484375 0.0140625
1 0.80078125 0.41953125 0.0421875 0.00625
1 0.0609375 0.975 0.0515625 0.009375
1 0.5609375 0.35078125 0.0390625 0.003125
1 0.890625 0.35234375 0.0390625 0.003125
1 0.65546875 0.32578125 0.0390625 0.003125
1 0.64765625 0.33046875 0.0390625 0.003125
1 0.84140625 0.3328125 0.040625 0.0015625
1 0.1796875 0.29375 0.0421875 0.0046875
1 0.853125 0.95 0.05 0.015625
1 0.7890625 0.89453125 0.04375 0.0078125
1 0.9609375 0.6640625 0.04375 0.0078125
1 0.84609375 0.6625 0.0421875 0.0015625
1 0.0484375 0.9078125 0.0484375 0.021875
1 0.14921875 0.875 0.0421875 0.0078125
1 0.7421875 0.63671875 0.0453125 0.0140625
1 0.84609375 0.63359375 0.04375 0.009375
1 0.0546875 0.38359375 0.0421875 0.003125
1 0.66875 0.875 0.0375 0.0015625
1 0.79140625 0.8703125 0.0390625 0.0015625
1 0.08046875 0.83671875 0.0390625 0.0015625
1 0.88515625 0.91328125 0.04375 0.009375
1 0.10859375 0.834375 0.040625 0.003125
4 0.2515625 0.8109375 0.0625 0.0234375
1 0.909375 0.35859375 0.0421875 0.003125
1 0.13515625 0.86484375 0.0390625 0.0015625
1 0.165625 0.83046875 0.0390625 0.0015625
1 0.85625 0.9125 0.04375 0.0046875
1 0.13984375 0.3015625 0.0390625 0.003125
1 0.86953125 0.90546875 0.0421875 0.0046875