2 0.78515625 0.23359375 0.1 0.0703125
3 0.1015625 0.31875 0.0921875 0.0828125
4 0.6421875 0.3609375 0.090625 0.090625
1 0.94921875 0.42890625 0.025 0.0203125
1 0.340625 0.57421875 0.0265625 0.021875
3 0.47109375 0.4265625 0.0828125 0.103125
3 0.09453125 0.815625 0.0671875 0.065625
1 0.87109375 0.43828125 0.0234375 0.0203125
2 0.2640625 0.2140625 0.1078125 0.059375
1 0.39375 0.55 0.0265625 0.0265625
1 0.9734375 0.4640625 0.025 0.021875
1 0.27734375 0.88046875 0.0265625 0.025
1 0.38828125 0.4484375 0.0234375 0.021875
1 0.296875 0.4703125 0.0234375 0.0203125
1 0.6515625 0.55078125 0.028125 0.0265625
1 0.0765625 0.4890625 0.0265625 0.025
1 0.61328125 0.559375 0.0265625 0.025
1 0.66875 0.48671875 0.025 0.021875
1 0.36171875 0.428125 0.0234375 0.0203125
1 0.71484375 0.51796875 0.025 0.025
1 0.6234375 0.53984375 0.0265625 0.025
1 0.5453125 0.5703125 0.025 0.021875
4 0.58359375 0.4421875 0.10625 0.10625
1 0.16796875 0.41171875 0.0234375 0.0203125
1 0.33359375 0.4296875 0.0234375 0.0203125
1 0.16328125 0.37265625 0.0234375 0.01875
1 0.70078125 0.46796875 0.025 0.021875
1 0.26328125 0.4953125 0.025 0.021875
1 0.37890625 0.40078125 0.0234375 0.0203125
1 0.2140625 0.85078125 0.021875 0.01875
1 0.16875 0.28828125 0.0203125 0.015625
1 0.684375 0.43203125 0.0234375 0.0171875
1 0.5921875 0.54296875 0.0265625 0.0234375
1 0.65078125 0.41484375 0.0234375 0.0203125
1 0.15625 0.43046875 0.0234375 0.021875
1 0.4515625 0.50546875 0.0265625 0.0234375
1 0.02734375 0.375 0.0234375 0.01875
1 0.30546875 0.44921875 0.025 0.0203125
1 0.3984375 0.409375 0.0234375 0.0203125
1 0.703125 0.3875 0.021875 0.01875
1 0.3203125 0.42421875 0.0234375 0.01875
1 0.340625 0.39453125 0.0234375 0.0203125
1 0.30546875 0.87109375 0.025 0.021875
1 0.6828125 0.4125 0.0234375 0.01875
1 0.596875 0.584375 0.0265625 0.0265625
1 0.1265625 0.4265625 0.0234375 0.01875
1 0.35625 0.89296875 0.0265625 0.0203125
1 0.44296875 0.640625 0.0265625 0.0203125
1 0.3609375 0.41015625 0.0234375 0.01875
1 0.8609375 0.32734375 0.0203125 0.0171875
1 0.60234375 0.509375 0.025 0.0234375
0 0.715625 0.73671875 0.0265625 0.0265625
1 0.66875 0.4265625 0.025 0.021875
1 0.57578125 0.52578125 0.025 0.025
3 0.40078125 0.35703125 0.103125 0.1
1 0.59296875 0.6296875 0.0265625 0.025
1 0.85078125 0.3484375 0.0203125 0.0171875
1 0.60546875 0.3328125 0.0203125 0.0171875
1 0.521875 0.37734375 0.021875 0.01875
1 0.10390625 0.440625 0.025 0.021875
1 0.403125 0.63515625 0.028125 0.0265625
1 0.6375 0.44609375 0.025 0.0203125
1 0.66015625 0.3984375 0.021875 0.01875
1 0.8375 0.3328125 0.0203125 0.0171875
1 0.45390625 0.35546875 0.0234375 0.01875
1 0.28515625 0.47578125 0.025 0.021875
1 0.6171875 0.59921875 0.025 0.0203125
1 0.90546875 0.321875 0.021875 0.0171875
1 0.92109375 0.34140625 0.021875 0.015625
1 0.071875 0.85078125 0.021875 0.01875
1 0.7 0.44375 0.0234375 0.01875
1 0.525 0.33203125 0.0203125 0.0171875
1 0.35078125 0.41328125 0.025 0.0203125
1 0.39609375 0.4671875 0.025 0.021875
0 0.090625 0.24453125 0.0203125 0.0171875
1 0.68359375 0.459375 0.025 0.01875
1 0.46640625 0.4859375 0.0234375 0.0234375
1 0.5578125 0.3421875 0.0234375 0.01875
1 0.40703125 0.47421875 0.025 0.01875
1 0.2859375 0.86328125 0.0234375 0.0203125
1 0.66796875 0.4578125 0.025 0.0203125
1 0.3078125 0.434375 0.0234375 0.015625
1 0.2890625 0.434375 0.021875 0.015625
1 0.42890625 0.503125 0.0203125 0.0171875
1 0.659375 0.44765625 0.021875 0.01875
1 0.31328125 0.39453125 0.021875 0.015625
1 0.8140625 0.86796875 0.0203125 0.015625
1 0.5671875 0.340625 0.0234375 0.01875
1 0.3265625 0.396875 0.021875 0.0171875
1 0.5828125 0.33203125 0.0234375 0.0171875
1 0.71875 0.33515625 0.0234375 0.0203125
1 0.67421875 0.384375 0.0234375 0.01875
1 0.7171875 0.4515625 0.0234375 0.01875
1 0.01640625 0.3765625 0.021875 0.0171875
1 0.48515625 0.346875 0.0234375 0.01875
1 0.52578125 0.30859375 0.0203125 0.015625
1 0.30859375 0.3359375 0.0234375 0.0203125
1 0.671875 0.86640625 0.021875 0.0140625
1 0.26484375 0.47890625 0.0234375 0.01875
1 0.60703125 0.4953125 0.025 0.0203125
1 0.90234375 0.8703125 0.021875 0.0203125
1 0.04765625 0.35546875 0.021875 0.0171875
1 0.70703125 0.36875 0.021875 0.01875
1 0.29609375 0.43046875 0.021875 0.015625
1 0.40234375 0.3015625 0.021875 0.01875
1 0.15 0.31328125 0.021875 0.015625
1 0.28359375 0.44765625 0.0203125 0.0171875
0 0.1296875 0.153125 0.0234375 0.01875
1 0.328125 0.3171875 0.021875 0.0171875
1 0.05859375 0.9734375 0.025 0.0109375
1 0.15703125 0.30390625 0.0203125 0.0171875
1 0.55546875 0.3265625 0.0234375 0.0171875
1 0.70859375 0.45703125 0.021875 0.01875
1 0.3578125 0.3859375 0.025 0.01875
1 0.42109375 0.44453125 0.0234375 0.0171875
1 0.3984375 0.44765625 0.025 0.0203125
1 0.559375 0.3953125 0.01875 0.0125
1 0.06484375 0.34765625 0.0203125 0.0171875
1 0.65 0.3171875 0.01875 0.015625
1 0.546875 0.3234375 0.021875 0.015625
1 0.3015625 0.41796875 0.0265625 0.021875
1 0.5 0.30078125 0.021875 0.015625
1 0.60703125 0.59140625 0.025 0.025
1 0.41953125 0.46171875 0.025 0.0203125
1 0.0609375 0.85078125 0.0234375 0.0203125
1 0.2203125 0.8140625 0.021875 0.0171875
1 0.95390625 0.32109375 0.0265625 0.021875
1 0.69921875 0.3484375 0.0203125 0.0140625
1 0.54765625 0.296875 0.0203125 0.015625
1 0.384375 0.3109375 0.021875 0.015625
1 0.521875 0.90546875 0.0265625 0.0171875
1 0.44375 0.48984375 0.025 0.0203125
1 0.43046875 0.4859375 0.021875 0.021875
1 0.53515625 0.45859375 0.021875 0.0171875
1 0.54765625 0.4015625 0.01875 0.015625
1 0.70390625 0.43125 0.021875 0.015625
1 0.5203125 0.29765625 0.0203125 0.01875
1 0.35 0.384375 0.021875 0.01875
1 0.54140625 0.4125 0.021875 0.01875
1 0.11171875 0.709375 0.0234375 0.021875
1 0.5765625 0.3 0.0203125 0.015625
0 0.98828125 0.24140625 0.021875 0.0171875
1 0.5484375 0.84921875 0.0234375 0.0171875
1 0.5734375 0.4921875 0.021875 0.0171875
1 0.82109375 0.86328125 0.0203125 0.015625
1 0.14296875 0.28828125 0.021875 0.015625
1 0.55078125 0.90859375 0.0265625 0.0140625
1 0.43046875 0.453125 0.021875 0.0171875
1 0.68359375 0.44375 0.0234375 0.015625
1 0.68984375 0.3609375 0.021875 0.0171875
1 0.2859375 0.45859375 0.0234375 0.0125
1 0.58359375 0.31875 0.0234375 0.015625
1 0.403125 0.78515625 0.021875 0.01875
1 0.5328125 0.84921875 0.0234375 0.0171875
1 0.51015625 0.296875 0.0234375 0.01875