2 0.7703125 0.2203125 0.084375 0.05859375
4 0.75078125 0.53515625 0.10078125 0.13515625
1 0.68359375 0.4515625 0.0109375 0.01796875
1 0.09453125 0.4546875 0.01015625 0.0171875
1 0.5375 0.43515625 0.009375 0.01796875
1 0.34609375 0.575 0.01328125 0.02421875
1 0.7265625 0.4453125 0.0109375 0.0171875
1 0.63125 0.47890625 0.0109375 0.01796875
1 0.10703125 0.4828125 0.01171875 0.01796875
1 0.10859375 0.5046875 0.01171875 0.01953125
1 0.06796875 0.45703125 0.01015625 0.01796875
1 0.3421875 0.89375 0.01328125 0.02109375
1 0.3859375 0.384375 0.00859375 0.01640625
1 0.5953125 0.5234375 0.0125 0.021875
1 0.34453125 0.42109375 0.009375 0.015625
1 0.90703125 0.4796875 0.009375 0.01640625
1 0.09375 0.54453125 0.0140625 0.02265625
1 0.33203125 0.546875 0.01328125 0.02265625
3 0.96953125 0.53515625 0.0609375 0.13203125
1 0.57109375 0.35625 0.00859375 0.0140625
1 0.35703125 0.896875 0.0125 0.0203125
1 0.45546875 0.50546875 0.01171875 0.02109375
1 0.65625 0.534375 0.01171875 0.0171875
1 0.98203125 0.446875 0.01171875 0.01796875
0 0.2109375 0.18046875 0.009375 0.01640625
1 0.62578125 0.45546875 0.0109375 0.01875
1 0.60390625 0.88984375 0.0125 0.02421875
1 0.96875 0.40078125 0.0109375 0.0171875
1 0.7265625 0.8890625 0.01171875 0.0203125
1 0.72578125 0.40390625 0.0125 0.01953125
1 0.65546875 0.46171875 0.0109375 0.01796875
4 0.271875 0.83125 0.08046875 0.0734375
1 0.33046875 0.44609375 0.01015625 0.01796875
1 0.246875 0.8953125 0.01171875 0.02265625
1 0.94375 0.4 0.0109375 0.01640625
1 0.09453125 0.49609375 0.0109375 0.0171875
0 0.20625 0.20859375 0.00859375 0.0140625
1 0.275 0.89140625 0.01171875 0.0203125
1 0.34765625 0.51015625 0.0109375 0.01953125
1 0.67578125 0.54375 0.01171875 0.01953125
1 0.646875 0.49765625 0.01328125 0.021875
1 0.4984375 0.3828125 0.009375 0.01484375
1 0.134375 0.88125 0.01015625 0.01796875
1 0.31640625 0.540625 0.0125 0.0203125
1 0.08203125 0.41953125 0.009375 0.015625
1 0.3578125 0.51875 0.01171875 0.02109375
1 0.44921875 0.41640625 0.01015625 0.0171875
1 0.88828125 0.4015625 0.0109375 0.01640625
1 0.67890625 0.4171875 0.00859375 0.01640625
1 0.684375 0.39453125 0.009375 0.015625
1 0.56171875 0.4296875 0.0109375 0.015625
1 0.58203125 0.40390625 0.009375 0.01484375
1 0.884375 0.35703125 0.009375 0.015625
1 0.56640625 0.4046875 0.00859375 0.015625
2 0.24609375 0.225 0.09296875 0.046875
1 0.753125 0.9140625 0.0140625 0.0265625
1 0.1796875 0.3890625 0.0078125 0.01171875
1 0.8671875 0.91796875 0.0140625 0.02421875
1 0.89296875 0.37734375 0.01015625 0.01484375
1 0.625 0.5203125 0.01171875 0.02109375
1 0.20546875 0.96953125 0.0203125 0.0390625
1 0.60234375 0.45625 0.01015625 0.015625
1 0.08515625 0.51796875 0.01171875 0.0203125
1 0.446875 0.8984375 0.01328125 0.01953125
1 0.5734375 0.5421875 0.0125 0.021875
1 0.84375 0.30625 0.00859375 0.01328125
1 0.36640625 0.8765625 0.009375 0.01796875
1 0.35078125 0.38046875 0.009375 0.01484375
1 0.3265625 0.4234375 0.009375 0.01640625
1 0.990625 0.4640625 0.0125 0.01796875
1 0.6328125 0.89453125 0.0109375 0.0171875
1 0.3484375 0.62578125 0.0140625 0.021875
4 0.90625 0.84453125 0.065625 0.07265625
1 0.9265625 0.38125 0.01015625 0.015625
1 0.88125 0.37734375 0.009375 0.01484375
1 0.70234375 0.59765625 0.0109375 0.0140625
1 0.60390625 0.39609375 0.009375 0.01640625
1 0.4828125 0.39921875 0.009375 0.0171875
1 0.66484375 0.34375 0.009375 0.01484375
1 0.31875 0.39765625 0.00859375 0.015625
1 0.79375 0.903125 0.0140625 0.02578125
1 0.73125 0.62421875 0.0140625 0.021875
1 0.8296875 0.88046875 0.01015625 0.0171875
1 0.03984375 0.421875 0.01015625 0.0171875
1 0.65078125 0.55078125 0.0125 0.02109375
1 0.496875 0.36484375 0.009375 0.01484375
1 0.334375 0.37109375 0.00859375 0.0140625
1 0.61640625 0.38125 0.00859375 0.015625
1 0.5359375 0.30390625 0.00859375 0.0140625
0 0.23515625 0.753125 0.00859375 0.015625
1 0.1796875 0.62578125 0.0140625 0.02421875
1 0.10078125 0.40703125 0.0109375 0.01484375
1 0.31875 0.5890625 0.0109375 0.01328125
1 0.60078125 0.478125 0.0109375 0.01796875
1 0.65390625 0.40546875 0.0109375 0.0171875
1 0.88515625 0.903125 0.0125 0.021875
3 0.215625 0.8328125 0.04921875 0.0609375
1 0.98828125 0.40703125 0.0125 0.02109375
1 0.5546875 0.32265625 0.0078125 0.0140625
1 0.63515625 0.8765625 0.015625 0.02421875
1 0.70234375 0.37890625 0.01015625 0.015625
1 0.87421875 0.30078125 0.009375 0.01328125
1 0.15234375 0.640625 0.0140625 0.025
1 0.27734375 0.609375 0.0125 0.01796875
1 0.59296875 0.4375 0.01015625 0.0171875
1 0.31484375 0.86484375 0.01015625 0.01875
1 0.734375 0.64609375 0.01015625 0.0125
1 0.734375 0.84375 0.00859375 0.01171875
1 0.32890625 0.6265625 0.0140625 0.021875
1 0.39453125 0.8984375 0.01796875 0.02265625
1 0.1421875 0.32890625 0.0078125 0.01328125
1 0.121875 0.86875 0.00859375 0.01484375
1 0.78515625 0.85234375 0.009375 0.0125
1 0.8328125 0.30078125 0.0078125 0.0125
1 0.5859375 0.31015625 0.0078125 0.01328125
1 0.78203125 0.90078125 0.01171875 0.021875
1 0.3328125 0.39296875 0.00859375 0.0140625
1 0.6125 0.39921875 0.0109375 0.01484375
1 0.11328125 0.3984375 0.0109375 0.015625
1 0.6640625 0.39921875 0.009375 0.01484375
1 0.875 0.3375 0.01015625 0.0140625
1 0.10546875 0.38515625 0.0078125 0.01171875
1 0.3265625 0.5234375 0.01015625 0.0171875
1 0.81484375 0.86953125 0.01015625 0.015625
1 0.91875 0.37578125 0.00859375 0.01640625
4 0.9828125 0.36015625 0.034375 0.08203125
1 0.1640625 0.87265625 0.01015625 0.0171875
0 0.21484375 0.15078125 0.009375 0.01484375
1 0.85234375 0.884375 0.009375 0.01796875
1 0.8515625 0.85390625 0.00625 0.0125
1 0.60234375 0.42734375 0.009375 0.01640625
1 0.64765625 0.315625 0.0078125 0.01328125
1 0.8390625 0.98984375 0.021875 0.01875
1 0.0703125 0.9234375 0.01328125 0.02578125
1 0.3421875 0.3828125 0.009375 0.01484375
0 0.2328125 0.7140625 0.00859375 0.015625
1 0.034375 0.390625 0.01015625 0.0140625
1 0.71328125 0.346875 0.0109375 0.0171875
1 0.79765625 0.86796875 0.01015625 0.01484375
1 0.896875 0.30703125 0.009375 0.0140625
1 0.528125 0.340625 0.009375 0.0140625
1 0.459375 0.84296875 0.0078125 0.01171875
1 0.925 0.440625 0.01015625 0.015625
1 0.17890625 0.59296875 0.009375 0.0109375
1 0.62265625 0.3953125 0.009375 0.0140625
1 0.55859375 0.30078125 0.01015625 0.0140625
1 0.053125 0.39296875 0.00703125 0.0125
1 0.70078125 0.4234375 0.01015625 0.0171875
1 0.2171875 0.85625 0.00859375 0.0125
1 0.62890625 0.38125 0.009375 0.01484375
1 0.5171875 0.31875 0.0078125 0.01328125
1 0.99453125 0.44765625 0.009375 0.01640625
1 0.34140625 0.4046875 0.00859375 0.0125
1 0.70234375 0.30859375 0.009375 0.015625
1 0.18125 0.8734375 0.00859375 0.01796875
1 0.84140625 0.87265625 0.01015625 0.01640625
1 0.065625 0.3984375 0.009375 0.015625
1 0.59921875 0.31796875 0.009375 0.01328125
1 0.67265625 0.615625 0.009375 0.0125
1 0.64140625 0.37734375 0.00859375 0.01484375
1 0.43984375 0.85 0.00859375 0.01171875
1 0.65625 0.37890625 0.00703125 0.01328125
1 0.259375 0.8640625 0.00859375 0.01484375
1 0.21171875 0.6484375 0.009375 0.0125
1 0.5796875 0.425 0.01171875 0.01796875
1 0.4625 0.3046875 0.00859375 0.01171875
1 0.90234375 0.31484375 0.00703125 0.01328125
1 0.05859375 0.3796875 0.009375 0.0140625
1 0.09140625 0.39765625 0.009375 0.015625
1 0.640625 0.32578125 0.009375 0.0125
1 0.2265625 0.63984375 0.01328125 0.02265625
1 0.8296875 0.8640625 0.00859375 0.01171875
1 0.57109375 0.7828125 0.0078125 0.0140625
1 0.5640625 0.56484375 0.00859375 0.0125
1 0.9953125 0.64453125 0.00859375 0.0234375
1 0.11484375 0.5328125 0.00859375 0.01171875
1 0.4171875 0.3671875 0.00703125 0.01328125
1 0.6734375 0.35546875 0.01015625 0.01328125
1 0.4703125 0.29609375 0.0078125 0.0125
1 0.19140625 0.878125 0.0109375 0.02109375
1 0.93515625 0.9046875 0.01171875 0.0203125
1 0.296875 0.64921875 0.0078125 0.009375
1 0.09375 0.86953125 0.0078125 0.015625
1 0.628125 0.36953125 0.0078125 0.0109375
1 0.103125 0.34140625 0.00859375 0.01328125
1 0.41640625 0.8484375 0.0078125 0.01171875
1 0.60703125 0.28359375 0.00703125 0.01171875
1 0.91171875 0.91015625 0.01328125 0.02421875
1 0.59375 0.42265625 0.009375 0.0140625
1 0.628125 0.8109375 0.0125 0.021875
1 0.67265625 0.6 0.009375 0.01015625
1 0.42734375 0.35 0.01015625 0.01328125
0 0.228125 0.1234375 0.00859375 0.01328125
1 0.453125 0.2984375 0.00859375 0.0125
1 0.165625 0.3140625 0.00703125 0.01171875
1 0.09140625 0.34609375 0.00859375 0.01328125
0 0.60859375 0.9890625 0.0203125 0.021875
1 0.44765625 0.83671875 0.00859375 0.01171875
1 0.15234375 0.32265625 0.01015625 0.0140625
1 0.5640625 0.79453125 0.0078125 0.01171875
1 0.23671875 0.590625 0.00703125 0.01171875
1 0.6515625 0.36875 0.0109375 0.0140625
1 0.07578125 0.39921875 0.009375 0.015625
1 0.94609375 0.903125 0.0109375 0.02109375
1 0.571875 0.8171875 0.0078125 0.01015625
0 0.77578125 0.234375 0.01796875 0.02109375
1 0.11015625 0.33359375 0.0078125 0.0125
1 0.88125 0.88359375 0.00859375 0.0140625
1 0.68203125 0.35546875 0.01015625 0.01328125
1 0.44296875 0.3875 0.00703125 0.01171875