2 0.7640625 0.215625 0.0890625 0.06328125
4 0.39765625 0.2828125 0.05859375 0.08203125
3 0.1546875 0.33515625 0.07734375 0.09453125
3 0.57421875 0.2765625 0.05390625 0.07734375
2 0.24609375 0.20703125 0.08984375 0.0609375
1 0.20625 0.56796875 0.01328125 0.02265625
4 0.28515625 0.46171875 0.08984375 0.12421875
1 0.88515625 0.44375 0.0109375 0.01796875
1 0.41953125 0.540625 0.0125 0.021875
1 0.259375 0.54375 0.01328125 0.0203125
1 0.85625 0.40625 0.01015625 0.01640625
1 0.7296875 0.515625 0.0109375 0.01953125
1 0.38359375 0.353125 0.00859375 0.01484375
1 0.83515625 0.3671875 0.00859375 0.015625
1 0.4234375 0.3921875 0.009375 0.015625
1 0.81953125 0.4390625 0.0109375 0.01796875
1 0.10625 0.390625 0.009375 0.01640625
1 0.41015625 0.371875 0.009375 0.01484375
1 0.446875 0.39453125 0.009375 0.01640625
1 0.19375 0.4453125 0.009375 0.01640625
1 0.7140625 0.490625 0.0109375 0.0171875
4 0.0296875 0.43515625 0.059375 0.1109375
1 0.71171875 0.46875 0.01171875 0.0171875
1 0.7203125 0.90234375 0.0109375 0.01484375
1 0.375 0.5109375 0.01171875 0.021875
0 0.27734375 0.81484375 0.01484375 0.02734375
1 0.425 0.42578125 0.0109375 0.01875
0 0.18203125 0.1546875 0.01015625 0.0171875
1 0.81328125 0.40234375 0.01015625 0.01640625
1 0.92421875 0.38203125 0.01015625 0.01484375
1 0.98359375 0.4890625 0.0125 0.01953125
1 0.8734375 0.35859375 0.009375 0.015625
1 0.18984375 0.39140625 0.009375 0.015625
1 0.0828125 0.34375 0.009375 0.01484375
1 0.45859375 0.47890625 0.01015625 0.01953125
1 0.61953125 0.90234375 0.01015625 0.0140625
1 0.5375 0.34296875 0.009375 0.01484375
1 0.55390625 0.4546875 0.0109375 0.0171875
1 0.99453125 0.434375 0.009375 0.0171875
1 0.8421875 0.621875 0.0125 0.01640625
1 0.49921875 0.4609375 0.01015625 0.0203125
1 0.596875 0.3703125 0.009375 0.015625
1 0.75625 0.94140625 0.01640625 0.02890625
1 0.6640625 0.3921875 0.009375 0.0171875
0 0.20390625 0.14140625 0.01171875 0.01796875
1 0.309375 0.53828125 0.0125 0.0203125
1 0.54921875 0.90234375 0.009375 0.0125
1 0.89765625 0.38671875 0.01015625 0.015625
1 0.1296875 0.41796875 0.009375 0.015625
0 0.24296875 0.16328125 0.009375 0.01640625
1 0.1953125 0.92734375 0.0140625 0.025
1 0.99609375 0.5484375 0.0078125 0.0203125
1 0.42578125 0.903125 0.01015625 0.0140625
1 0.9171875 0.36953125 0.0078125 0.0140625
1 0.82109375 0.3703125 0.009375 0.01484375
1 0.74609375 0.89375 0.0109375 0.0171875
1 0.57109375 0.33515625 0.01015625 0.0140625
1 0.76015625 0.8828125 0.009375 0.015625
1 0.92265625 0.41484375 0.0109375 0.01640625
1 0.609375 0.37421875 0.01015625 0.015625
1 0.72109375 0.46328125 0.01015625 0.01875
4 0.29140625 0.90625 0.125 0.13046875
1 0.94921875 0.496875 0.01171875 0.01953125
1 0.71171875 0.43203125 0.009375 0.01796875
1 0.8890625 0.321875 0.00859375 0.0140625
1 0.68359375 0.39375 0.01015625 0.01640625
1 0.0828125 0.4375 0.01015625 0.01640625
1 0.9046875 0.57578125 0.01328125 0.01953125
1 0.85703125 0.9328125 0.0140625 0.025
1 0.06015625 0.48125 0.0109375 0.01796875
1 0.8796875 0.921875 0.0125 0.021875
1 0.44296875 0.35 0.00859375 0.01484375
1 0.06796875 0.9453125 0.015625 0.025
1 0.40078125 0.39921875 0.009375 0.01640625
1 0.36640625 0.35390625 0.009375 0.015625
1 0.37734375 0.32890625 0.009375 0.0140625
1 0.7 0.4375 0.0109375 0.01953125
1 0.66796875 0.31796875 0.009375 0.01484375
1 0.65 0.33515625 0.009375 0.0140625
1 0.1828125 0.88046875 0.0078125 0.01328125
1 0.89609375 0.35234375 0.00859375 0.0140625
1 0.384375 0.9 0.0125 0.0171875
1 0.35 0.35234375 0.01015625 0.015625
1 0.6296875 0.28359375 0.00703125 0.01328125
0 0.1609375 0.10859375 0.0109375 0.01953125
1 0.578125 0.353125 0.00859375 0.01484375
1 0.3296875 0.37734375 0.00859375 0.0140625
1 0.63359375 0.35 0.009375 0.0140625
0 0.96640625 0.18984375 0.00859375 0.01484375
1 0.9671875 0.40625 0.0109375 0.01484375
0 0.27890625 0.78515625 0.009375 0.01875
0 0.28125 0.1625 0.01015625 0.0171875
1 0.05078125 0.49140625 0.01171875 0.0171875
1 0.67265625 0.89140625 0.01015625 0.01796875
1 0.1140625 0.91796875 0.0140625 0.02265625
4 0.92734375 0.31484375 0.04765625 0.084375
1 0.6625 0.89140625 0.01171875 0.01640625
1 0.10234375 0.3359375 0.009375 0.0140625
1 0.71015625 0.5609375 0.01171875 0.0234375
1 0.68515625 0.41875 0.01015625 0.015625
1 0.471875 0.32890625 0.009375 0.015625
1 0.93515625 0.4046875 0.01015625 0.015625
0 0.28203125 0.17734375 0.009375 0.01328125
1 0.0453125 0.34453125 0.0078125 0.0140625
1 0.53984375 0.31640625 0.009375 0.01484375
1 0.08203125 0.39140625 0.009375 0.01640625
1 0.48671875 0.29296875 0.009375 0.01328125
1 0.15 0.39375 0.009375 0.0125
0 0.17578125 0.184375 0.009375 0.0171875
0 0.18125 0.06171875 0.01171875 0.01953125
1 0.55 0.440625 0.01015625 0.015625
1 0.66484375 0.26640625 0.0078125 0.0125
1 0.02265625 0.34453125 0.009375 0.01484375
1 0.1875 0.4234375 0.009375 0.01796875
1 0.77890625 0.88359375 0.0078125 0.015625
1 0.48984375 0.32421875 0.00859375 0.01328125
0 0.1640625 0.15859375 0.01015625 0.015625
1 0.70390625 0.415625 0.009375 0.01484375
1 0.890625 0.28203125 0.00703125 0.0125
0 0.2953125 0.7296875 0.01015625 0.01796875
1 0.02109375 0.49921875 0.0125 0.0203125
1 0.8453125 0.9046875 0.01328125 0.01796875
1 0.60625 0.353125 0.009375 0.01328125
1 0.15390625 0.4078125 0.01015625 0.015625
1 0.7109375 0.453125 0.0109375 0.01484375
1 0.346875 0.29296875 0.00859375 0.0125
0 0.2140625 0.12734375 0.01171875 0.0171875
1 0.98828125 0.46015625 0.01171875 0.01796875
0 0.16796875 0.19140625 0.009375 0.0171875
1 0.50703125 0.2609375 0.00859375 0.01328125
1 0.45078125 0.309375 0.009375 0.01484375
1 0.8828125 0.34921875 0.009375 0.01484375
1 0.7421875 0.87734375 0.00859375 0.01328125
0 0.1609375 0.21171875 0.01015625 0.01640625
1 0.34375 0.25390625 0.01015625 0.015625
1 0.6421875 0.37734375 0.009375 0.015625
1 0.625 0.33203125 0.009375 0.01328125
1 0.78671875 0.9921875 0.01875 0.0140625
1 0.1125 0.3109375 0.00625 0.0109375
1 0.59609375 0.3328125 0.009375 0.01328125
1 0.634375 0.36875 0.009375 0.01328125
1 0.86875 0.9890625 0.01953125 0.021875
1 0.94609375 0.4078125 0.0125 0.01875
1 0.0734375 0.39765625 0.01015625 0.01640625
1 0.53515625 0.25859375 0.00859375 0.01328125
1 0.34375 0.33515625 0.009375 0.015625
1 0.70546875 0.8875 0.00859375 0.015625
1 0.84609375 0.50078125 0.00859375 0.01640625
1 0.3171875 0.340625 0.0109375 0.01484375
1 0.33046875 0.34375 0.00859375 0.0125
1 0.80703125 0.38515625 0.009375 0.01484375
1 0.10859375 0.2953125 0.00859375 0.01328125
1 0.8875 0.5484375 0.0125 0.01953125
3 0.23046875 0.86953125 0.0375 0.06640625
0 0.190625 0.08984375 0.01171875 0.0203125
1 0.34453125 0.31875 0.00859375 0.0140625
1 0.321875 0.29296875 0.0078125 0.01171875
1 0.48984375 0.34375 0.009375 0.01484375
1 0.65390625 0.34609375 0.0078125 0.0140625
1 0.31484375 0.38203125 0.0125 0.01796875
1 0.1765625 0.39453125 0.009375 0.01484375
1 0.8125 0.90859375 0.01328125 0.02265625
1 0.93359375 0.93046875 0.01484375 0.02734375
1 0.2015625 0.41875 0.01171875 0.015625
1 0.0046875 0.3703125 0.0078125 0.01640625
1 0.43671875 0.28125 0.00859375 0.0125
1 0.61484375 0.2875 0.00703125 0.01328125
1 0.9 0.37421875 0.009375 0.0109375
1 0.10078125 0.89609375 0.0109375 0.01640625
1 0.61875 0.3609375 0.01015625 0.01484375
1 0.0125 0.37265625 0.01171875 0.01484375
1 0.33828125 0.35390625 0.009375 0.015625
1 0.13359375 0.2609375 0.0078125 0.0125
1 0.06328125 0.45703125 0.009375 0.01328125
1 0.76640625 0.86875 0.00625 0.0109375
1 0.6109375 0.3421875 0.00859375 0.01328125
1 0.67265625 0.36484375 0.009375 0.01484375
1 0.7171875 0.884375 0.0109375 0.01640625
1 0.90546875 0.9890625 0.01328125 0.0203125
1 0.14140625 0.40546875 0.009375 0.0140625
1 0.296875 0.29609375 0.00859375 0.01640625
1 0.621875 0.32109375 0.0078125 0.01171875
1 0.93203125 0.38046875 0.0078125 0.0125
1 0.6625 0.36484375 0.0109375 0.01484375
1 0.4609375 0.32734375 0.0109375 0.01484375
1 0.98984375 0.371875 0.00859375 0.0125
1 0.21796875 0.9234375 0.01328125 0.0203125
0 0.228125 0.125 0.01171875 0.015625
0 0.2765625 0.19140625 0.01015625 0.01484375
1 0.31953125 0.35546875 0.009375 0.0140625
1 0.0921875 0.30390625 0.0078125 0.0125
0 0.2875 0.74375 0.0109375 0.0203125
1 0.57890625 0.3359375 0.00859375 0.01328125
1 0.1484375 0.878125 0.009375 0.01640625
1 0.33359375 0.32109375 0.00859375 0.0125
1 0.59765625 0.34609375 0.01015625 0.015625
1 0.3546875 0.30546875 0.00859375 0.01328125
1 0.16796875 0.38984375 0.01015625 0.0140625
1 0.90625 0.559375 0.0125 0.01484375
1 0.16328125 0.40234375 0.01171875 0.015625
1 0.60234375 0.87109375 0.009375 0.01171875
1 0.8390625 0.98515625 0.01953125 0.02890625
1 0.06484375 0.32890625 0.00859375 0.0125
1 0.32421875 0.25859375 0.00859375 0.0109375
1 0.60078125 0.89921875 0.01171875 0.01328125
1 0.7953125 0.85703125 0.00859375 0.01171875
1 0.43515625 0.88203125 0.009375 0.01328125
1 0.5640625 0.8734375 0.0078125 0.0109375
1 0.5625 0.90078125 0.01328125 0.01328125
1 0.66875 0.2984375 0.00859375 0.01171875
1 0.6109375 0.32578125 0.009375 0.0125
1 0.98515625 0.39375 0.009375 0.01328125
1 0.8234375 0.89375 0.009375 0.015625
0 0.559375 0.98984375 0.0375 0.01953125
0 0.459375 0.765625 0.00859375 0.015625
1 0.63359375 0.99140625 0.01875 0.01640625
1 0.36640625 0.2625 0.00703125 0.01171875
1 0.92578125 0.99453125 0.01640625 0.01015625
1 0.953125 0.92578125 0.01171875 0.021875
1 0.08125 0.42421875 0.01015625 0.01171875
1 0.1203125 0.278125 0.00859375 0.0125
1 0.57578125 0.87265625 0.00859375 0.0109375
1 0.93359375 0.36953125 0.0078125 0.0140625
1 0.30078125 0.4 0.00703125 0.01328125
1 0.84609375 0.86484375 0.00703125 0.0109375
1 0.05234375 0.3375 0.00859375 0.0125
1 0.875 0.275 0.01015625 0.01171875
1 0.59140625 0.8703125 0.00703125 0.01171875
1 0.60625 0.27734375 0.00703125 0.0125
1 0.5828125 0.9 0.0140625 0.0140625
1 0.875 0.54609375 0.0109375 0.0203125
1 0.125 0.26953125 0.009375 0.0109375
1 0.975 0.38203125 0.00859375 0.01328125
1 0.32109375 0.30546875 0.00859375 0.0125
1 0.459375 0.8890625 0.00703125 0.01328125
1 0.0796875 0.30625 0.00859375 0.01171875
1 0.7046875 0.85234375 0.00546875 0.009375
1 0.99453125 0.39609375 0.00859375 0.01484375
1 0.053125 0.9859375 0.01796875 0.02734375
1 0.3359375 0.33359375 0.009375 0.01328125
1 0.975 0.9890625 0.01796875 0.0203125
4 0.91328125 0.86171875 0.06328125 0.06328125
1 0.6140625 0.25859375 0.0078125 0.01171875
1 0.83984375 0.8875 0.0078125 0.0125
1 0.071875 0.31484375 0.00859375 0.01328125
1 0.084375 0.28515625 0.01015625 0.0140625
1 0.6796875 0.38046875 0.00859375 0.0125
1 0.96484375 0.39296875 0.0109375 0.0125
1 0.075 0.9828125 0.01796875 0.03359375