4 0.41484375 0.396875 0.08515625 0.1
2 0.2453125 0.20859375 0.08984375 0.05625
3 0.5859375 0.2546875 0.06328125 0.0734375
4 0.8421875 0.3109375 0.06953125 0.08515625
4 0.8328125 0.8546875 0.05234375 0.06171875
2 0.7625 0.2171875 0.08515625 0.06171875
1 0.09921875 0.38046875 0.01015625 0.015625
1 0.696875 0.5921875 0.0140625 0.0234375
3 0.91953125 0.45234375 0.0875 0.10703125
1 0.4234375 0.4515625 0.01015625 0.01640625
1 0.759375 0.615625 0.01328125 0.01875
1 0.55859375 0.36875 0.009375 0.015625
1 0.084375 0.48203125 0.01171875 0.01875
1 0.109375 0.43671875 0.0109375 0.01796875
1 0.62265625 0.4171875 0.009375 0.01640625
1 0.0828125 0.38125 0.01015625 0.015625
0 0.846875 0.228125 0.01171875 0.02109375
1 0.69375 0.41640625 0.009375 0.0171875
1 0.88125 0.940625 0.01484375 0.021875
1 0.621875 0.90390625 0.01015625 0.01171875
1 0.73828125 0.6046875 0.0125 0.02265625
1 0.05859375 0.37890625 0.009375 0.015625
1 0.2703125 0.5171875 0.01171875 0.01796875
4 0.66484375 0.8578125 0.06953125 0.09453125
1 0.63125 0.57109375 0.0125 0.02109375
1 0.2828125 0.48828125 0.01328125 0.01953125
1 0.35234375 0.47890625 0.0109375 0.01796875
1 0.546875 0.32265625 0.00859375 0.01484375
1 0.603125 0.45078125 0.0109375 0.01796875
1 0.3859375 0.47734375 0.0109375 0.01796875
1 0.328125 0.4625 0.0109375 0.01796875
1 0.1734375 0.60078125 0.01328125 0.0234375
1 0.03359375 0.43125 0.0109375 0.0171875
1 0.85703125 0.365625 0.0109375 0.0171875
0 0.79609375 0.15 0.01171875 0.01953125
1 0.878125 0.503125 0.00859375 0.0171875
0 0.83203125 0.12265625 0.0109375 0.0203125
1 0.759375 0.43046875 0.01015625 0.0171875
1 0.30234375 0.42421875 0.00859375 0.01796875
1 0.390625 0.45703125 0.01015625 0.0171875
1 0.428125 0.51171875 0.01171875 0.0203125
1 0.2390625 0.9203125 0.01328125 0.0234375
1 0.59453125 0.3828125 0.009375 0.015625
1 0.34765625 0.43359375 0.01015625 0.0171875
4 0.83515625 0.42421875 0.08046875 0.103125
1 0.53828125 0.48125 0.0109375 0.01875
1 0.28359375 0.8890625 0.009375 0.015625
1 0.32890625 0.39765625 0.01015625 0.0171875
1 0.9171875 0.38828125 0.0109375 0.01875
1 0.18125 0.33515625 0.009375 0.015625
1 0.21953125 0.89765625 0.0109375 0.01875
1 0.625 0.4828125 0.0109375 0.0203125
3 0.78359375 0.853125 0.03515625 0.053125
1 0.93359375 0.340625 0.00859375 0.0140625
1 0.50546875 0.29140625 0.00703125 0.01328125
1 0.12265625 0.48359375 0.01015625 0.01796875
1 0.9328125 0.91640625 0.0125 0.0203125
1 0.14453125 0.32265625 0.0078125 0.0140625
1 0.178125 0.359375 0.009375 0.01640625
1 0.4796875 0.384375 0.01015625 0.0171875
1 0.7828125 0.621875 0.01171875 0.01484375
0 0.83203125 0.14921875 0.01171875 0.01953125
1 0.64765625 0.30546875 0.00859375 0.0140625
1 0.18359375 0.271875 0.0078125 0.01328125
1 0.24765625 0.52734375 0.01171875 0.0203125
1 0.01484375 0.44609375 0.0109375 0.0171875
1 0.57421875 0.50859375 0.01171875 0.02109375
1 0.15390625 0.64609375 0.01171875 0.0171875
1 0.95390625 0.38125 0.009375 0.01484375
1 0.15625 0.45078125 0.01015625 0.01796875
1 0.59453125 0.365625 0.009375 0.015625
1 0.93984375 0.39609375 0.009375 0.01484375
1 0.67890625 0.37109375 0.00859375 0.01484375
1 0.94765625 0.940625 0.0125 0.021875
0 0.81484375 0.23359375 0.0109375 0.01953125
1 0.33359375 0.315625 0.0078125 0.0140625
1 0.63046875 0.39453125 0.009375 0.0125
1 0.40859375 0.27734375 0.0078125 0.01328125
1 0.91796875 0.31953125 0.009375 0.01796875
0 0.7859375 0.19375 0.01015625 0.01796875
1 0.3796875 0.43984375 0.009375 0.01328125
1 0.25703125 0.8828125 0.0078125 0.0140625
1 0.54453125 0.46328125 0.0109375 0.0171875
1 0.65 0.359375 0.01015625 0.0171875
0 0.83828125 0.18984375 0.01171875 0.01953125
1 0.30859375 0.39453125 0.009375 0.01484375
1 0.6609375 0.3453125 0.009375 0.01484375
0 0.81484375 0.1828125 0.0109375 0.01875
1 0.08984375 0.43046875 0.0109375 0.015625
1 0.878125 0.3328125 0.00859375 0.015625
1 0.45703125 0.44765625 0.009375 0.01953125
1 0.634375 0.38359375 0.009375 0.01484375
1 0.1046875 0.33203125 0.00859375 0.01328125
1 0.65625 0.29140625 0.00859375 0.0125
1 0.1140625 0.46171875 0.01015625 0.01796875
1 0.00625 0.434375 0.01015625 0.015625
1 0.94921875 0.9203125 0.0109375 0.01796875
1 0.93515625 0.99140625 0.0171875 0.015625
1 0.15546875 0.28828125 0.0078125 0.01328125
1 0.06171875 0.42421875 0.0109375 0.0171875
1 0.48984375 0.3203125 0.009375 0.0140625
1 0.63984375 0.34140625 0.009375 0.015625
0 0.6703125 0.76328125 0.0109375 0.025
1 0.70234375 0.43828125 0.01015625 0.01796875
1 0.909375 0.2953125 0.00859375 0.01328125
1 0.625 0.5546875 0.0109375 0.01953125
1 0.37265625 0.2609375 0.00859375 0.01328125
1 0.35 0.8890625 0.0109375 0.01640625
1 0.44921875 0.453125 0.01015625 0.015625
1 0.128125 0.2921875 0.0078125 0.01171875
1 0.33828125 0.42109375 0.01015625 0.0171875
1 0.43828125 0.28515625 0.00703125 0.01328125
1 0.09921875 0.30625 0.00859375 0.01328125
1 0.68203125 0.34453125 0.009375 0.0140625
1 0.075 0.4359375 0.01015625 0.01796875
1 0.03984375 0.4171875 0.0109375 0.01328125
1 0.10703125 0.99453125 0.015625 0.01015625
1 0.340625 0.64609375 0.01171875 0.01328125
1 0.1515625 0.94453125 0.01640625 0.02734375
1 0.1125 0.94921875 0.01640625 0.0296875
1 0.715625 0.3265625 0.01015625 0.01640625
1 0.8859375 0.2890625 0.00859375 0.01328125
1 0.52890625 0.33984375 0.00859375 0.01171875
1 0.38671875 0.2765625 0.009375 0.0125
1 0.12578125 0.4625 0.0125 0.0171875
1 0.36015625 0.3296875 0.01015625 0.0140625
1 0.01015625 0.40234375 0.00859375 0.015625
1 0.66171875 0.37578125 0.01015625 0.0140625
1 0.09140625 0.3484375 0.00859375 0.01484375
1 0.3796875 0.3 0.00859375 0.015625
1 0.19609375 0.94296875 0.01640625 0.0265625
1 0.67265625 0.33984375 0.009375 0.015625
1 0.1140625 0.31015625 0.00859375 0.01328125
0 0.6984375 0.7203125 0.00859375 0.015625
1 0.55546875 0.26796875 0.00625 0.0109375
1 0.63359375 0.2765625 0.00859375 0.01328125
1 0.35625 0.3 0.00859375 0.01484375
1 0.2640625 0.48828125 0.01015625 0.0171875
1 0.028125 0.36953125 0.01015625 0.01484375
1 0.02734375 0.4015625 0.0109375 0.01640625
1 0.33984375 0.29453125 0.00703125 0.0140625
1 0.1703125 0.971875 0.01796875 0.02578125
1 0.30859375 0.3828125 0.00859375 0.01171875
1 0.503125 0.26796875 0.00703125 0.0125
1 0.19296875 0.88046875 0.0078125 0.01328125
1 0.146875 0.28828125 0.0078125 0.01328125
1 0.89921875 0.89140625 0.0109375 0.01875
1 0.0921875 0.33046875 0.009375 0.01484375
1 0.621875 0.27265625 0.00859375 0.01484375
1 0.06953125 0.9296875 0.0140625 0.02265625
1 0.15390625 0.92109375 0.0125 0.01953125
1 0.0171875 0.41796875 0.0109375 0.01640625
1 0.078125 0.35 0.009375 0.01484375
1 0.95078125 0.33515625 0.009375 0.01328125
1 0.06875 0.35546875 0.01015625 0.0140625
1 0.3765625 0.4625 0.01171875 0.01640625
1 0.384375 0.2546875 0.0078125 0.0125
1 0.83671875 0.896875 0.01015625 0.01875
1 0.53515625 0.259375 0.00859375 0.0140625
1 0.48359375 0.88828125 0.00859375 0.01484375
1 0.89765625 0.28359375 0.00859375 0.01171875
1 0.6640625 0.31875 0.00859375 0.0140625
1 0.8546875 0.9 0.0109375 0.01796875
1 0.53125 0.3296875 0.00859375 0.0125
1 0.2140625 0.93359375 0.01484375 0.025
1 0.67578125 0.29921875 0.00859375 0.0125
1 0.18046875 0.9296875 0.01484375 0.021875
1 0.59140625 0.87109375 0.00703125 0.009375
1 0.54921875 0.2578125 0.00859375 0.01171875
1 0.72109375 0.64765625 0.009375 0.01015625
1 0.45703125 0.88828125 0.00703125 0.0109375
1 0.14375 0.44296875 0.01171875 0.02109375
1 0.340625 0.28125 0.00625 0.01171875
1 0.465625 0.88828125 0.0078125 0.0125
1 0.91796875 0.8828125 0.0078125 0.01484375
1 0.23515625 0.86953125 0.00859375 0.01171875
1 0.49453125 0.2625 0.0078125 0.0125
1 0.38984375 0.44296875 0.009375 0.0109375
1 0.6640625 0.303125 0.0078125 0.01171875
1 0.01171875 0.378125 0.01171875 0.0171875
1 0.67265625 0.625 0.01015625 0.0109375
1 0.365625 0.275 0.009375 0.0125
1 0.521875 0.259375 0.01015625 0.015625
1 0.8546875 0.62578125 0.01015625 0.009375
1 0.13359375 0.91484375 0.01484375 0.025
1 0.36875 0.2984375 0.00859375 0.0140625
1 0.4640625 0.25703125 0.009375 0.01328125
1 0.27109375 0.5015625 0.0109375 0.0140625
1 0.19765625 0.8953125 0.01015625 0.0140625
1 0.06328125 0.3390625 0.01015625 0.0171875
1 0.8453125 0.89453125 0.00859375 0.015625
1 0.05 0.36875 0.0109375 0.0140625
1 0.94375 0.37578125 0.0078125 0.01328125
1 0.88828125 0.27421875 0.009375 0.01171875
1 0.9390625 0.88125 0.00859375 0.01171875
1 0.271875 0.871875 0.01015625 0.01484375
1 0.078125 0.3375 0.00859375 0.0125
1 0.690625 0.296875 0.01015625 0.0140625
1 0.60703125 0.8703125 0.00546875 0.0109375
1 0.76328125 0.64453125 0.01171875 0.01015625
1 0.64609375 0.27109375 0.009375 0.01484375
1 0.14453125 0.89453125 0.01171875 0.01640625
1 0.16015625 0.98984375 0.01875 0.0203125
1 0.63125 0.26171875 0.0109375 0.0140625
1 0.28046875 0.871875 0.00859375 0.0140625
1 0.59296875 0.85390625 0.00625 0.01015625
1 0.12890625 0.27109375 0.00859375 0.0125
0 0.7125 0.21953125 0.01015625 0.01484375
1 0.340625 0.8890625 0.0078125 0.015625
1 0.5109375 0.29765625 0.01015625 0.015625
0 0.809375 0.2640625 0.0078125 0.0109375
1 0.671875 0.64453125 0.01015625 0.0078125
1 0.86640625 0.88984375 0.00859375 0.01484375
1 0.88046875 0.27265625 0.00703125 0.0125
1 0.19609375 0.9171875 0.0140625 0.01640625
1 0.11875 0.27578125 0.00859375 0.0125
1 0.365625 0.90625 0.009375 0.009375
1 0.86640625 0.87734375 0.00703125 0.009375
1 0.465625 0.86796875 0.00703125 0.009375
1 0.65625 0.278125 0.00859375 0.01171875
1 0.0984375 0.28984375 0.009375 0.0140625
1 0.5546875 0.846875 0.0046875 0.009375
1 0.446875 0.8859375 0.00625 0.009375
1 0.09296875 0.915625 0.01328125 0.021875
1 0.85546875 0.6453125 0.0109375 0.009375
1 0.06796875 0.9828125 0.0203125 0.03203125
1 0.859375 0.26640625 0.0109375 0.0203125
1 0.97109375 0.975 0.015625 0.03125
1 0.1140625 0.29375 0.01015625 0.01328125