2 0.77109375 0.21953125 0.0859375 0.0609375
3 0.778125 0.82890625 0.05 0.05
3 0.1796875 0.83203125 0.0421875 0.05
4 0.1578125 0.38515625 0.06171875 0.06875
4 0.23984375 0.84296875 0.07890625 0.07578125
1 0.146875 0.5796875 0.01328125 0.01796875
1 0.45703125 0.43203125 0.01015625 0.0171875
1 0.63125 0.4421875 0.01015625 0.01640625
1 0.83984375 0.44453125 0.01015625 0.015625
1 0.2859375 0.47890625 0.0109375 0.01640625
1 0.58203125 0.43046875 0.01015625 0.01640625
1 0.64921875 0.4953125 0.01171875 0.02109375
1 0.0484375 0.42421875 0.01015625 0.0171875
1 0.509375 0.4328125 0.009375 0.01640625
1 0.184375 0.57265625 0.01328125 0.02421875
1 0.3015625 0.45546875 0.01015625 0.0171875
1 0.48515625 0.4609375 0.0109375 0.01953125
1 0.6765625 0.51796875 0.01171875 0.021875
1 0.35625 0.4078125 0.009375 0.01640625
1 0.33515625 0.453125 0.0109375 0.015625
1 0.6265625 0.5421875 0.0125 0.0234375
1 0.07890625 0.43046875 0.01015625 0.015625
1 0.34140625 0.86875 0.00859375 0.015625
1 0.20625 0.42890625 0.00859375 0.01640625
2 0.24921875 0.22578125 0.09375 0.0484375
1 0.4703125 0.36875 0.0078125 0.01484375
1 0.44765625 0.50078125 0.01171875 0.02109375
1 0.22421875 0.89140625 0.0125 0.021875
1 0.69296875 0.57890625 0.0140625 0.02421875
1 0.41875 0.48515625 0.0109375 0.01953125
1 0.7265625 0.4453125 0.0109375 0.0171875
1 0.965625 0.409375 0.0109375 0.01796875
1 0.71015625 0.525 0.0125 0.021875
1 0.115625 0.9296875 0.01640625 0.0296875
1 0.54375 0.43984375 0.01015625 0.0171875
1 0.446875 0.8984375 0.01328125 0.01796875
1 0.309375 0.428125 0.01015625 0.01640625
1 0.93828125 0.3953125 0.01015625 0.01640625
1 0.7125 0.4515625 0.0109375 0.0171875
1 0.059375 0.37890625 0.009375 0.01484375
1 0.109375 0.50625 0.01171875 0.01875
1 0.88046875 0.37734375 0.009375 0.01484375
1 0.659375 0.36640625 0.009375 0.0140625
1 0.659375 0.634375 0.01171875 0.0171875
1 0.9859375 0.3734375 0.01171875 0.01640625
1 0.09375 0.54453125 0.0140625 0.021875
1 0.60703125 0.4328125 0.01015625 0.01640625
1 0.5515625 0.4640625 0.01171875 0.015625
1 0.684375 0.39453125 0.009375 0.015625
1 0.3796875 0.4265625 0.009375 0.0171875
1 0.6578125 0.40625 0.009375 0.01484375
1 0.68359375 0.559375 0.0125 0.0203125
1 0.52109375 0.41640625 0.0109375 0.01796875
1 0.65078125 0.55078125 0.0125 0.02265625
1 0.4375 0.44921875 0.0109375 0.01875
1 0.33984375 0.89140625 0.0109375 0.0171875
1 0.58984375 0.40234375 0.01015625 0.01484375
1 0.20546875 0.9703125 0.0203125 0.03828125
1 0.6734375 0.4265625 0.01015625 0.01640625
1 0.31875 0.85703125 0.0078125 0.0140625
1 0.6078125 0.40859375 0.01015625 0.01875
1 0.33359375 0.4703125 0.0109375 0.01640625
1 0.621875 0.428125 0.01328125 0.0171875
1 0.6671875 0.40625 0.00859375 0.01484375
1 0.0734375 0.5078125 0.0109375 0.01796875
1 0.71328125 0.3515625 0.01171875 0.01640625
1 0.2375 0.95 0.01953125 0.03515625
1 0.065625 0.44765625 0.01015625 0.0171875
1 0.34609375 0.90390625 0.0125 0.01171875
1 0.90859375 0.3875 0.009375 0.01640625
1 0.028125 0.390625 0.00859375 0.015625
1 0.5828125 0.3390625 0.00859375 0.0140625
1 0.56015625 0.42265625 0.0109375 0.01484375
1 0.92734375 0.3953125 0.01015625 0.0171875
1 0.91953125 0.37578125 0.009375 0.01484375
1 0.8390625 0.3296875 0.00703125 0.01328125
1 0.7 0.35703125 0.01015625 0.015625
1 0.4296875 0.403125 0.00625 0.01171875
1 0.5640625 0.35703125 0.0078125 0.01484375
1 0.68515625 0.35859375 0.01015625 0.01484375
1 0.59609375 0.3875 0.009375 0.0140625
1 0.6265625 0.37265625 0.01015625 0.0171875
1 0.32890625 0.41640625 0.01015625 0.015625
1 0.359375 0.3828125 0.00859375 0.0140625
1 0.528125 0.38515625 0.009375 0.015625
1 0.5984375 0.33359375 0.0078125 0.0140625
1 0.7140625 0.42734375 0.01015625 0.01640625
1 0.88984375 0.34765625 0.00859375 0.0140625
1 0.7046875 0.325 0.009375 0.01640625
1 0.05625 0.4453125 0.009375 0.01640625
1 0.08515625 0.5171875 0.0109375 0.0203125
1 0.65 0.3828125 0.0109375 0.015625
1 0.65 0.35234375 0.01015625 0.0140625
1 0.83515625 0.88671875 0.0125 0.021875
1 0.7015625 0.54609375 0.0125 0.02109375
1 0.8546875 0.32109375 0.00859375 0.01328125
1 0.1296875 0.3328125 0.00859375 0.01328125
1 0.10859375 0.4828125 0.0125 0.021875
1 0.39765625 0.9 0.0140625 0.01875
1 0.57265625 0.421875 0.01015625 0.01484375
1 0.48515625 0.3390625 0.0078125 0.01484375
1 0.55390625 0.37265625 0.0078125 0.0140625
1 0.140625 0.90390625 0.01328125 0.02421875
1 0.41875 0.8859375 0.009375 0.01953125
1 0.8703125 0.33359375 0.00859375 0.01484375
1 0.384375 0.38671875 0.01015625 0.01640625
1 0.1203125 0.4984375 0.01015625 0.02109375
1 0.36796875 0.90234375 0.0140625 0.01484375
1 0.32421875 0.39609375 0.009375 0.01328125
1 0.83046875 0.859375 0.0078125 0.01171875
1 0.409375 0.3703125 0.009375 0.0140625
1 0.84140625 0.31640625 0.00703125 0.01171875
1 0.11484375 0.8875 0.01171875 0.0203125
1 0.62109375 0.59375 0.01328125 0.01640625
1 0.06328125 0.9390625 0.01640625 0.028125
1 0.3265625 0.48671875 0.0109375 0.0171875
1 0.88046875 0.35546875 0.00859375 0.0140625
1 0.55 0.48671875 0.01171875 0.01875
1 0.54140625 0.325 0.00703125 0.0140625
1 0.4453125 0.35078125 0.00625 0.01328125
1 0.3328125 0.3953125 0.009375 0.015625
1 0.81953125 0.8765625 0.0125 0.01875
1 0.5390625 0.42421875 0.0109375 0.015625
1 0.62578125 0.3875 0.0078125 0.01328125
1 0.99609375 0.3765625 0.00703125 0.01640625
1 0.321875 0.371875 0.00859375 0.0140625
1 0.20703125 0.8890625 0.015625 0.02421875
1 0.56796875 0.790625 0.009375 0.0140625
1 0.6625 0.86484375 0.01015625 0.01875
1 0.3359375 0.26875 0.009375 0.01328125
1 0.65390625 0.29609375 0.00625 0.01171875
1 0.3203125 0.40859375 0.009375 0.0140625
1 0.55625 0.4390625 0.01015625 0.015625
1 0.84375 0.87109375 0.00859375 0.0140625
1 0.33046875 0.37265625 0.00859375 0.0140625
1 0.79765625 0.8671875 0.0109375 0.01484375
1 0.87734375 0.3359375 0.00859375 0.0140625
1 0.15 0.328125 0.00859375 0.01328125
1 0.6640625 0.596875 0.0109375 0.01328125
1 0.43984375 0.396875 0.0078125 0.01015625
4 0.7421875 0.81953125 0.034375 0.03515625
1 0.82421875 0.84375 0.009375 0.0109375
1 0.15625 0.8921875 0.00625 0.0125
1 0.528125 0.33984375 0.009375 0.0140625
1 0.3765625 0.3421875 0.0109375 0.0140625
1 0.296875 0.64921875 0.00859375 0.009375
1 0.32734375 0.4390625 0.009375 0.015625
1 0.85234375 0.85859375 0.00703125 0.0109375
1 0.73828125 0.84296875 0.0078125 0.0125
1 0.62421875 0.58125 0.0125 0.015625
1 0.35546875 0.3515625 0.0125 0.01484375
1 0.1 0.865625 0.0125 0.01796875
1 0.375 0.3015625 0.01015625 0.0140625
1 0.66875 0.33671875 0.0078125 0.0140625
1 0.0671875 0.43203125 0.009375 0.01328125
1 0.92421875 0.31875 0.00859375 0.0140625
1 0.29765625 0.33203125 0.01015625 0.01484375
1 0.29453125 0.8640625 0.01171875 0.01484375
1 0.3375 0.35546875 0.0078125 0.0125
1 0.35625 0.33828125 0.009375 0.01328125
1 0.425 0.33203125 0.00859375 0.01171875
1 0.6046875 0.29765625 0.0078125 0.01328125
1 0.58359375 0.2984375 0.0078125 0.0125
1 0.39765625 0.36875 0.009375 0.01171875
1 0.3921875 0.3 0.00703125 0.01171875
1 0.35 0.3890625 0.01015625 0.01640625
1 0.11015625 0.33515625 0.0078125 0.0125
1 0.35703125 0.32578125 0.00859375 0.0125
1 0.15625 0.8796875 0.00546875 0.01015625
4 0.5953125 0.928125 0.1734375 0.14375
1 0.09140625 0.346875 0.00859375 0.01328125
1 0.17265625 0.64296875 0.01328125 0.01796875
1 0.36484375 0.35234375 0.0109375 0.0125
1 0.484375 0.30859375 0.00703125 0.0125
1 0.34609375 0.353125 0.009375 0.0171875
1 0.16953125 0.3046875 0.00703125 0.01171875
1 0.67890625 0.8296875 0.00625 0.01171875
1 0.5671875 0.38359375 0.00859375 0.0140625
1 0.40703125 0.353125 0.0078125 0.0125
1 0.5390625 0.3984375 0.0109375 0.01640625
1 0.425 0.30859375 0.009375 0.01484375
1 0.55234375 0.809375 0.00859375 0.0125
1 0.084375 0.86953125 0.009375 0.01484375
1 0.55078125 0.40625 0.01171875 0.01484375
1 0.5625 0.40625 0.0109375 0.015625
1 0.89921875 0.99296875 0.0125 0.01328125
1 0.75234375 0.84375 0.0109375 0.0125
1 0.853125 0.30703125 0.00703125 0.01015625
1 0.87734375 0.8453125 0.0078125 0.01171875
1 0.559375 0.3828125 0.0078125 0.0125
1 0.30703125 0.63671875 0.01015625 0.02265625
1 0.478125 0.303125 0.009375 0.0125
1 0.07265625 0.35 0.00859375 0.0125
1 0.28046875 0.4609375 0.0078125 0.01171875
1 0.31484375 0.58984375 0.00859375 0.0109375
1 0.56484375 0.44453125 0.009375 0.01328125
1 0.35859375 0.88984375 0.01171875 0.01328125
1 0.15234375 0.64140625 0.01328125 0.021875
1 0.921875 0.8484375 0.01015625 0.0140625
1 0.646875 0.37109375 0.0109375 0.01171875
1 0.653125 0.34140625 0.0078125 0.01328125
1 0.4453125 0.29453125 0.00859375 0.01328125
1 0.2359375 0.590625 0.0078125 0.0109375
1 0.1140625 0.53359375 0.00859375 0.01171875
1 0.34609375 0.24296875 0.01015625 0.01796875
1 0.37734375 0.3296875 0.00859375 0.009375
1 0.36484375 0.32734375 0.0109375 0.01171875
1 0.053125 0.984375 0.01796875 0.03046875
1 0.9203125 0.8734375 0.009375 0.01640625
1 0.97265625 0.95859375 0.01328125 0.0234375
1 0.9359375 0.87578125 0.01015625 0.015625
1 0.565625 0.2953125 0.00625 0.01171875
1 0.29375 0.8078125 0.00625 0.0109375
1 0.8515625 0.8453125 0.00625 0.00859375