4 0.10703125 0.32734375 0.09375 0.0796875
3 0.859375 0.3390625 0.090625 0.0765625
3 0.2359375 0.834375 0.0921875 0.065625
4 0.1625 0.83203125 0.075 0.0671875
1 0.71640625 0.51484375 0.0296875 0.0171875
3 0.16484375 0.34609375 0.06875 0.0765625
0 0.153125 0.1609375 0.03125 0.0171875
0 0.17578125 0.13671875 0.0296875 0.015625
1 0.2609375 0.4796875 0.028125 0.015625
1 0.27109375 0.58515625 0.03125 0.015625
1 0.34375 0.5671875 0.03125 0.01875
1 0.65390625 0.484375 0.028125 0.0140625
2 0.23359375 0.2171875 0.103125 0.0546875
1 0.35078125 0.865625 0.028125 0.0140625
1 0.36953125 0.46015625 0.0296875 0.015625
1 0.5546875 0.37890625 0.0265625 0.0109375
1 0.20859375 0.5890625 0.0296875 0.0109375
1 0.40703125 0.42734375 0.028125 0.0125
0 0.12109375 0.13671875 0.03125 0.0171875
1 0.63359375 0.42421875 0.0265625 0.0125
1 0.96953125 0.45859375 0.028125 0.0125
1 0.3859375 0.3796875 0.0265625 0.0109375
1 0.1359375 0.91484375 0.0328125 0.021875
1 0.69375 0.428125 0.028125 0.0140625
1 0.3515625 0.40625 0.028125 0.0125
1 0.29453125 0.571875 0.03125 0.01875
1 0.10078125 0.43359375 0.028125 0.0140625
1 0.02421875 0.4109375 0.0296875 0.0125
1 0.28671875 0.8828125 0.0296875 0.0171875
1 0.0515625 0.8953125 0.0296875 0.01875
1 0.04921875 0.39921875 0.028125 0.0125
4 0.7703125 0.90234375 0.1109375 0.1546875
1 0.33984375 0.61796875 0.03125 0.01875
0 0.1234375 0.2171875 0.028125 0.0140625
1 0.60625 0.45078125 0.028125 0.0140625
1 0.8375 0.409375 0.0265625 0.0109375
0 0.16640625 0.76640625 0.0265625 0.0125
1 0.4859375 0.3875 0.0265625 0.0125
1 0.903125 0.653125 0.03125 0.0140625
1 0.49921875 0.62734375 0.0296875 0.015625
1 0.0140625 0.36796875 0.028125 0.0109375
0 0.12890625 0.19921875 0.028125 0.0140625
1 0.7125 0.465625 0.028125 0.0140625
1 0.92421875 0.4125 0.0265625 0.0109375
1 0.66640625 0.440625 0.028125 0.0109375
1 0.62109375 0.3984375 0.0265625 0.0109375
1 0.4578125 0.3921875 0.0265625 0.0125
1 0.62265625 0.45859375 0.0265625 0.0109375
1 0.628125 0.47421875 0.028125 0.0140625
1 0.05625 0.38046875 0.028125 0.0125
1 0.9484375 0.4328125 0.028125 0.0125
1 0.34140625 0.40546875 0.028125 0.0125
1 0.03046875 0.37265625 0.0265625 0.0109375
1 0.74453125 0.53984375 0.0296875 0.015625
1 0.90859375 0.3734375 0.025 0.009375
0 0.82109375 0.196875 0.0296875 0.0140625
1 0.8265625 0.6453125 0.03125 0.01875
1 0.13671875 0.88828125 0.03125 0.0125
1 0.55546875 0.334375 0.025 0.009375
1 0.15390625 0.40390625 0.028125 0.0125
0 0.20859375 0.159375 0.0296875 0.015625
1 0.78203125 0.58984375 0.028125 0.009375
1 0.28828125 0.45078125 0.028125 0.0125
1 0.32265625 0.63828125 0.0296875 0.0140625
1 0.07578125 0.896875 0.03125 0.0203125
1 0.3359375 0.3828125 0.0265625 0.009375
1 0.6421875 0.48125 0.028125 0.0140625
1 0.409375 0.33203125 0.0265625 0.009375
0 0.73359375 0.1875 0.0265625 0.0125
0 0.1203125 0.23984375 0.028125 0.0140625
1 0.671875 0.47421875 0.0296875 0.0125
1 0.56953125 0.3703125 0.025 0.009375
0 0.76640625 0.2140625 0.0265625 0.0109375
1 0.34609375 0.38828125 0.0265625 0.0125
1 0.675 0.515625 0.0265625 0.0125
1 0.3984375 0.32890625 0.025 0.0078125
1 0.3015625 0.34609375 0.028125 0.0109375
1 0.91875 0.934375 0.03125 0.01875
1 0.84453125 0.97890625 0.040625 0.0375
1 0.60859375 0.38828125 0.0265625 0.0109375
1 0.6 0.43046875 0.0265625 0.0125
1 0.9671875 0.40546875 0.028125 0.0109375
1 0.159375 0.2953125 0.0265625 0.009375
1 0.66171875 0.36484375 0.0265625 0.0125
1 0.3234375 0.40234375 0.0265625 0.009375
1 0.3171875 0.42890625 0.0265625 0.009375
1 0.6296875 0.446875 0.0265625 0.009375
1 0.734375 0.6203125 0.0296875 0.01875
0 0.73828125 0.79609375 0.025 0.009375
1 0.65625 0.43671875 0.028125 0.0125
1 0.6859375 0.46796875 0.028125 0.0125
1 0.41875 0.3890625 0.0296875 0.0125
1 0.6765625 0.45546875 0.0265625 0.0078125
1 0.1421875 0.8703125 0.0265625 0.0125
1 0.32421875 0.41953125 0.025 0.009375
1 0.39921875 0.3140625 0.025 0.009375
0 0.24453125 0.20625 0.028125 0.0125
1 0.64140625 0.35703125 0.025 0.0109375
1 0.28671875 0.865625 0.0265625 0.0078125
0 0.18125 0.7171875 0.028125 0.0125
1 0.6203125 0.384375 0.025 0.0078125
1 0.3375 0.3296875 0.025 0.009375
1 0.83125 0.8875 0.028125 0.0140625
1 0.15625 0.88359375 0.0296875 0.015625
1 0.62265625 0.35078125 0.025 0.009375
1 0.66640625 0.45625 0.028125 0.009375
1 0.93671875 0.41796875 0.0265625 0.0109375
1 0.8859375 0.92109375 0.03125 0.01875
1 0.58359375 0.40859375 0.025 0.0109375
1 0.94609375 0.4109375 0.0265625 0.009375
1 0.4390625 0.3296875 0.0265625 0.009375
1 0.075 0.86796875 0.0265625 0.0109375
1 0.9234375 0.3890625 0.0265625 0.009375
0 0.80234375 0.0515625 0.028125 0.0140625
1 0.35078125 0.3296875 0.0265625 0.009375
1 0.10234375 0.86796875 0.0265625 0.0109375
1 0.44140625 0.30859375 0.025 0.0078125
1 0.0921875 0.88359375 0.0296875 0.0140625
1 0.30234375 0.434375 0.0296875 0.0125
0 0.82109375 0.06796875 0.028125 0.0125
1 0.946875 0.390625 0.0265625 0.009375
1 0.68671875 0.2890625 0.025 0.009375
1 0.90234375 0.92890625 0.03125 0.01875
0 0.73046875 0.75859375 0.0265625 0.0078125
0 0.73828125 0.7390625 0.025 0.009375
1 0.8703125 0.90859375 0.03125 0.015625
0 0.8203125 0.27890625 0.0296875 0.015625
0 0.1578125 0.07734375 0.0296875 0.0140625
1 0.93671875 0.3765625 0.0265625 0.009375
1 0.7359375 0.51015625 0.0296875 0.009375
1 0.34453125 0.2984375 0.025 0.009375
1 0.8296875 0.3234375 0.0265625 0.0078125
1 0.49921875 0.29921875 0.0234375 0.00625
0 0.72265625 0.7140625 0.0265625 0.0109375
1 0.353125 0.2984375 0.0265625 0.009375
1 0.61171875 0.34375 0.0265625 0.009375
0 0.69921875 0.76953125 0.025 0.0078125
1 0.91796875 0.35234375 0.0265625 0.0078125
1 0.1640625 0.88046875 0.0265625 0.015625
1 0.6125 0.64453125 0.0296875 0.0140625
1 0.396875 0.29609375 0.0265625 0.0078125
2 0.75390625 0.23125 0.109375 0.05
1 0.51875 0.61328125 0.0296875 0.009375
1 0.5984375 0.32890625 0.025 0.009375
0 0.828125 0.05078125 0.028125 0.0125
1 0.81484375 0.29765625 0.0234375 0.0046875
0 0.73046875 0.72890625 0.025 0.0078125
1 0.11015625 0.8390625 0.0265625 0.009375
1 0.03046875 0.340625 0.025 0.0078125
1 0.8625 0.634375 0.03125 0.0140625
0 0.74765625 0.7765625 0.028125 0.0125
1 0.64765625 0.4484375 0.0265625 0.0109375
1 0.0390625 0.98046875 0.034375 0.01875
1 0.02265625 0.346875 0.0265625 0.009375
0 0.7140625 0.715625 0.025 0.0109375
0 0.65859375 0.7484375 0.028125 0.015625
1 0.284375 0.85 0.025 0.00625
1 0.06875 0.93984375 0.0265625 0.0109375
1 0.33515625 0.2953125 0.0265625 0.0078125
1 0.3046875 0.38828125 0.025 0.00625
1 0.4125 0.29765625 0.025 0.0078125
1 0.51640625 0.64453125 0.028125 0.0078125
1 0.29609375 0.4 0.025 0.009375
1 0.8625 0.65546875 0.028125 0.0078125
1 0.92421875 0.4015625 0.028125 0.00625
1 0.0609375 0.86796875 0.0265625 0.009375
1 0.62578125 0.65078125 0.028125 0.0078125
1 0.92109375 0.90859375 0.0296875 0.0078125
1 0.046875 0.93515625 0.028125 0.0125
0 0.73046875 0.77578125 0.028125 0.009375
1 0.1921875 0.63046875 0.03125 0.0171875
1 0.86171875 0.87578125 0.028125 0.0140625
1 0.73671875 0.49765625 0.028125 0.009375
0 0.2296875 0.2171875 0.0296875 0.0125
0 0.725 0.23671875 0.0265625 0.0078125
1 0.73515625 0.52578125 0.0296875 0.0125
1 0.15234375 0.2953125 0.025 0.0078125
1 0.34375 0.33515625 0.0265625 0.009375
0 0.76015625 0.25 0.028125 0.0109375
0 0.73203125 0.1640625 0.0265625 0.009375
1 0.58046875 0.32421875 0.0234375 0.0078125
1 0.41171875 0.384375 0.0265625 0.0125
1 0.58671875 0.3328125 0.0234375 0.009375
1 0.01484375 0.346875 0.025 0.009375
1 0.4265625 0.42734375 0.0265625 0.009375
1 0.63515625 0.4578125 0.0265625 0.0109375
1 0.93515625 0.40390625 0.0265625 0.00625
1 0.30703125 0.3984375 0.025 0.00625
1 0.8890625 0.8765625 0.0296875 0.0140625
3 0.82421875 0.83984375 0.0578125 0.0546875
1 0.53984375 0.6453125 0.03125 0.0078125
1 0.51953125 0.628125 0.0328125 0.0109375
1 0.27421875 0.64296875 0.0265625 0.00625
1 0.58046875 0.64296875 0.03125 0.0140625
0 0.7890625 0.03125 0.028125 0.0140625
1 0.459375 0.29453125 0.0265625 0.0078125