0 0.12109375 0.221875 0.021875 0.021875
0 0.24375 0.19375 0.0203125 0.0203125
0 0.16171875 0.16484375 0.0203125 0.0203125
0 0.15 0.19375 0.0203125 0.0234375
0 0.21484375 0.12421875 0.0203125 0.0203125
0 0.1390625 0.228125 0.021875 0.01875
0 0.17421875 0.1328125 0.0203125 0.021875
3 0.11953125 0.33046875 0.0828125 0.0890625
4 0.43125 0.82109375 0.0765625 0.0953125
4 0.540625 0.8484375 0.0984375 0.11875
1 0.875 0.37265625 0.0171875 0.01875
0 0.23828125 0.17890625 0.0171875 0.0171875
0 0.19375 0.11171875 0.0203125 0.0203125
2 0.7828125 0.234375 0.1 0.0625
1 0.2828125 0.4421875 0.0203125 0.021875
0 0.14921875 0.77421875 0.0203125 0.0234375
1 0.90078125 0.53671875 0.0234375 0.0234375
1 0.35 0.3640625 0.0171875 0.01875
0 0.1671875 0.7359375 0.021875 0.0265625
0 0.23984375 0.13515625 0.0203125 0.0203125
1 0.88359375 0.415625 0.0203125 0.0203125
3 0.76328125 0.88671875 0.1296875 0.1203125
1 0.6578125 0.41171875 0.01875 0.01875
4 0.23359375 0.45078125 0.0734375 0.1078125
1 0.65078125 0.87734375 0.0203125 0.021875
1 0.5484375 0.38203125 0.0203125 0.0203125
1 0.7390625 0.57890625 0.025 0.028125
1 0.7296875 0.515625 0.0234375 0.0234375
1 0.67109375 0.49296875 0.021875 0.021875
1 0.81875 0.91953125 0.021875 0.021875
1 0.6828125 0.47578125 0.0203125 0.021875
1 0.0078125 0.4375 0.015625 0.021875
1 0.58828125 0.3234375 0.01875 0.015625
0 0.12890625 0.26796875 0.0171875 0.0171875
1 0.46015625 0.45078125 0.021875 0.021875
1 0.91015625 0.3921875 0.01875 0.0171875
0 0.19765625 0.09765625 0.0203125 0.01875
1 0.3734375 0.5734375 0.025 0.0265625
1 0.684375 0.5984375 0.0234375 0.025
1 0.5578125 0.3859375 0.01875 0.01875
1 0.69609375 0.51328125 0.021875 0.0203125
1 0.2515625 0.5546875 0.0234375 0.021875
1 0.3765625 0.871875 0.021875 0.0234375
1 0.3625 0.3203125 0.015625 0.0140625
3 0.153125 0.82734375 0.05 0.0609375
1 0.9484375 0.61484375 0.0265625 0.021875
1 0.87578125 0.35546875 0.0171875 0.0171875
1 0.60859375 0.50234375 0.021875 0.021875
1 0.88125 0.9359375 0.0234375 0.0265625
1 0.64296875 0.465625 0.0203125 0.0203125
0 0.78828125 0.1984375 0.015625 0.0140625
1 0.02734375 0.9015625 0.0265625 0.0328125
1 0.625 0.35234375 0.0171875 0.0171875
1 0.55234375 0.334375 0.0171875 0.015625
1 0.2515625 0.53359375 0.021875 0.0234375
1 0.7390625 0.53359375 0.0234375 0.0234375
1 0.68515625 0.428125 0.01875 0.0171875
1 0.15625 0.8890625 0.0234375 0.028125
1 0.5984375 0.4625 0.01875 0.0203125
1 0.6984375 0.52734375 0.0203125 0.015625
1 0.60234375 0.4453125 0.01875 0.0171875
1 0.93515625 0.36171875 0.01875 0.0140625
1 0.59140625 0.3921875 0.01875 0.015625
1 0.55625 0.43671875 0.01875 0.0171875
1 0.61640625 0.5625 0.021875 0.0234375
1 0.60703125 0.52578125 0.021875 0.025
1 0.14453125 0.86328125 0.0203125 0.0203125
1 0.89921875 0.94140625 0.025 0.025
1 0.63046875 0.48359375 0.021875 0.0234375
0 0.20859375 0.0953125 0.0203125 0.0203125
1 0.825 0.94453125 0.0265625 0.03125
1 0.64140625 0.3421875 0.0171875 0.01875
1 0.85859375 0.3359375 0.0203125 0.0140625
1 0.578125 0.321875 0.01875 0.015625
1 0.6921875 0.58046875 0.021875 0.021875
1 0.5609375 0.3234375 0.01875 0.0140625
1 0.65 0.62265625 0.021875 0.0203125
1 0.64375 0.56953125 0.0234375 0.0265625
1 0.71484375 0.51953125 0.0234375 0.021875
3 0.0703125 0.4109375 0.121875 0.1078125
1 0.5109375 0.3203125 0.0171875 0.0171875
1 0.89375 0.36953125 0.0203125 0.0171875
0 0.18671875 0.69765625 0.021875 0.025
1 0.49453125 0.39296875 0.0203125 0.01875
1 0.65390625 0.5140625 0.0203125 0.0203125
1 0.50546875 0.40703125 0.021875 0.0203125
1 0.93125 0.38828125 0.0203125 0.0171875
1 0.35234375 0.3296875 0.015625 0.015625
4 0.86015625 0.46875 0.1 0.090625
1 0.84921875 0.90703125 0.0203125 0.0265625
1 0.8875 0.896875 0.0171875 0.0171875
1 0.66015625 0.3796875 0.0171875 0.0171875
1 0.5015625 0.315625 0.0171875 0.015625
1 0.0421875 0.94296875 0.03125 0.0453125
1 0.83046875 0.903125 0.01875 0.0203125
1 0.625 0.4421875 0.0203125 0.021875
1 0.909375 0.37421875 0.01875 0.0171875
2 0.26171875 0.2140625 0.1015625 0.0515625
1 0.56015625 0.459375 0.0203125 0.0203125
1 0.7140625 0.475 0.021875 0.0203125
1 0.58515625 0.45 0.021875 0.021875
1 0.690625 0.55859375 0.025 0.0234375
1 0.6375 0.3140625 0.01875 0.015625
1 0.0625 0.85234375 0.0203125 0.021875
1 0.56015625 0.3359375 0.01875 0.015625
1 0.43984375 0.3 0.0171875 0.0171875
1 0.38046875 0.32890625 0.0171875 0.01875
0 0.80390625 0.1828125 0.0203125 0.0171875
1 0.6484375 0.40703125 0.0203125 0.01875
1 0.64765625 0.44609375 0.0203125 0.0203125
1 0.72421875 0.4734375 0.01875 0.021875
1 0.5515625 0.4484375 0.01875 0.0203125
1 0.565625 0.45 0.0203125 0.01875
1 0.640625 0.5328125 0.021875 0.025
1 0.3046875 0.8546875 0.0171875 0.0171875
1 0.653125 0.38203125 0.0203125 0.0203125
1 0.61328125 0.44453125 0.01875 0.0203125
1 0.1203125 0.86015625 0.021875 0.021875
1 0.53515625 0.8953125 0.0234375 0.0265625
1 0.85078125 0.32578125 0.0171875 0.015625
1 0.53203125 0.3046875 0.01875 0.0140625
1 0.2703125 0.55703125 0.025 0.025
1 0.46796875 0.34375 0.01875 0.01875
1 0.67109375 0.31015625 0.0203125 0.01875
1 0.39765625 0.321875 0.0203125 0.015625
1 0.475 0.303125 0.0171875 0.015625
1 0.57109375 0.34296875 0.021875 0.01875
3 0.2390625 0.84296875 0.1265625 0.10625
3 0.96015625 0.4484375 0.0796875 0.134375
0 0.8017725671875 0.13026722500000001 0.785878775 0.1346909765625 0.78751539375 0.1496680625 0.7989193625000001 0.1484046765625 0.8068837765625 0.13707533593750001 0.8017725671875 0.13026722500000001
0 0.7347764812500001 0.7132217796875 0.735731853125 0.702475721875 0.7184823703125 0.703738753125 0.71907679375 0.71632861875 0.7347764812500001 0.7132217796875
0 0.73855943125 0.71563671875 0.7435336453125 0.7033376359375 0.7324552953125 0.7012522859375 0.7274810781250001 0.7135513703125 0.73855943125 0.71563671875
0 0.750083021875 0.7258771546875 0.751752175 0.7103393296875 0.737818096875 0.7099830734375 0.736334409375 0.723794471875 0.750083021875 0.7258771546875
0 0.7507283218749999 0.7746260828125 0.753671075 0.7633244578125 0.7404580859375 0.7629338453125001 0.737691196875 0.772342565625 0.7507283218749999 0.7746260828125
0 0.726840409375 0.7730120968749999 0.726332553125 0.7796042703125 0.7299128703125 0.7863421953125 0.73536376875 0.7865365265625 0.74379404375 0.783531940625 0.7482631109375 0.778733559375 0.74740824375 0.772092803125 0.7449367234375 0.768699546875 0.740848546875 0.7685538000000001 0.7382500640625 0.766808590625 0.7367603734375 0.76840805 0.7326722015625 0.7682623000000001 0.7298197859375 0.769813175 0.726840409375 0.7730120968749999
0 0.125475603125 0.1858544140625 0.14472011093749998 0.1817968625 0.14577623125 0.16751981875 0.141207625 0.16098740625000002 0.1245994609375 0.1635521484375 0.12114169062499999 0.17614932656249999 0.125475603125 0.1858544140625