4 0.57578125 0.28984375 0.071875 0.08203125
2 0.76484375 0.21640625 0.090625 0.06171875
4 0.42265625 0.41875 0.0796875 0.10390625
4 0.33359375 0.51640625 0.1015625 0.13828125
1 0.8109375 0.44296875 0.01015625 0.0171875
3 0.18046875 0.309375 0.0375 0.071875
1 0.40625 0.53125 0.0125 0.02109375
1 0.2203125 0.5921875 0.01328125 0.02109375
3 0.2421875 0.859375 0.0578125 0.06171875
1 0.71015625 0.44609375 0.0109375 0.01796875
1 0.83359375 0.4203125 0.01015625 0.01640625
1 0.5109375 0.4640625 0.0109375 0.0171875
1 0.71015625 0.46484375 0.0109375 0.01796875
3 0.77890625 0.846875 0.05 0.04921875
1 0.30546875 0.43046875 0.0109375 0.0171875
1 0.87890625 0.47890625 0.0109375 0.01796875
1 0.54765625 0.41875 0.01015625 0.01640625
1 0.046875 0.42109375 0.01015625 0.0171875
1 0.18984375 0.40625 0.009375 0.0171875
1 0.7078125 0.89296875 0.01015625 0.0171875
0 0.21171875 0.14375 0.01171875 0.0203125
0 0.19375 0.08515625 0.009375 0.01875
1 0.67890625 0.49765625 0.0109375 0.01953125
0 0.221875 0.1796875 0.0109375 0.015625
1 0.353125 0.43203125 0.009375 0.01484375
1 0.4703125 0.39765625 0.01015625 0.0171875
1 0.87421875 0.9171875 0.01171875 0.02109375
1 0.715625 0.496875 0.01015625 0.01875
1 0.5484375 0.32734375 0.00859375 0.0140625
1 0.98203125 0.4265625 0.01171875 0.01640625
1 0.3796875 0.3828125 0.00859375 0.01640625
0 0.26796875 0.21953125 0.00859375 0.0171875
1 0.2453125 0.5625 0.0125 0.0203125
1 0.4234375 0.47265625 0.0109375 0.01640625
1 0.76484375 0.6015625 0.0125 0.02265625
1 0.9203125 0.53984375 0.0125 0.01953125
1 0.26953125 0.64140625 0.0140625 0.021875
0 0.18515625 0.121875 0.01171875 0.01875
1 0.59453125 0.43203125 0.009375 0.01640625
1 0.14765625 0.29765625 0.00859375 0.0140625
1 0.49765625 0.46484375 0.0109375 0.01796875
1 0.61328125 0.40625 0.009375 0.01640625
1 0.83828125 0.44375 0.01015625 0.0171875
0 0.19453125 0.1078125 0.00859375 0.015625
1 0.21015625 0.91953125 0.0140625 0.021875
1 0.60859375 0.42734375 0.01015625 0.015625
1 0.67578125 0.4453125 0.01015625 0.01796875
1 0.65859375 0.33203125 0.00859375 0.0140625
1 0.646875 0.365625 0.009375 0.015625
1 0.8953125 0.378125 0.009375 0.015625
0 0.184375 0.06640625 0.01015625 0.01796875
1 0.2734375 0.4640625 0.01015625 0.01640625
1 0.540625 0.3578125 0.009375 0.015625
1 0.73515625 0.56484375 0.0125 0.02265625
1 0.06640625 0.38359375 0.009375 0.015625
1 0.26171875 0.55078125 0.0125 0.0203125
1 0.46953125 0.45546875 0.009375 0.01640625
1 0.384375 0.41875 0.01015625 0.01484375
1 0.6046875 0.90390625 0.01015625 0.01171875
1 0.65234375 0.53671875 0.01171875 0.02109375
1 0.53984375 0.5203125 0.01171875 0.02109375
1 0.93203125 0.3859375 0.01015625 0.01640625
1 0.6984375 0.403125 0.00859375 0.015625
1 0.34140625 0.8890625 0.0078125 0.01484375
1 0.65234375 0.89140625 0.009375 0.01796875
1 0.028125 0.39453125 0.0109375 0.01484375
1 0.35546875 0.36953125 0.009375 0.01328125
0 0.19375 0.18359375 0.00859375 0.01640625
1 0.6109375 0.89375 0.009375 0.0140625
1 0.3234375 0.34140625 0.009375 0.0140625
1 0.7046875 0.50078125 0.01171875 0.01875
1 0.184375 0.9 0.0109375 0.01796875
1 0.375 0.3171875 0.009375 0.01328125
1 0.58359375 0.3453125 0.00859375 0.01484375
1 0.059375 0.3515625 0.00859375 0.01484375
1 0.70234375 0.60546875 0.01328125 0.0234375
1 0.11796875 0.29609375 0.0078125 0.0140625
1 0.56328125 0.57890625 0.01328125 0.0234375
0 0.17578125 0.16171875 0.0109375 0.01875
1 0.89921875 0.53125 0.01171875 0.01875
1 0.4828125 0.46875 0.00859375 0.01640625
1 0.353125 0.38359375 0.009375 0.015625
1 0.59140625 0.3859375 0.01015625 0.01640625
1 0.10625 0.3265625 0.00859375 0.0140625
1 0.41640625 0.3453125 0.00859375 0.01328125
1 0.1625 0.64296875 0.0140625 0.021875
1 0.9484375 0.359375 0.01015625 0.01640625
1 0.815625 0.27109375 0.0078125 0.01328125
1 0.8234375 0.884375 0.00859375 0.015625
1 0.87421875 0.5140625 0.009375 0.01484375
1 0.95859375 0.34296875 0.01015625 0.01484375
1 0.61875 0.375 0.00859375 0.015625
1 0.225 0.56953125 0.0125 0.0171875
1 0.51953125 0.41015625 0.0109375 0.01796875
0 0.21640625 0.19140625 0.00859375 0.01328125
1 0.590625 0.36796875 0.009375 0.01484375
1 0.9 0.553125 0.01328125 0.0203125
1 0.25390625 0.53203125 0.01171875 0.01875
1 0.38671875 0.45859375 0.01015625 0.01796875
1 0.2890625 0.44609375 0.01015625 0.0171875
1 0.675 0.41875 0.01015625 0.01640625
1 0.7234375 0.87890625 0.009375 0.0140625
1 0.1 0.95 0.01640625 0.03046875
1 0.67578125 0.34609375 0.00859375 0.01171875
1 0.18359375 0.646875 0.0125 0.015625
1 0.51015625 0.359375 0.01015625 0.01640625
1 0.4796875 0.4375 0.01015625 0.0171875
1 0.37109375 0.43984375 0.00859375 0.01484375
1 0.02734375 0.36953125 0.009375 0.0140625
1 0.2671875 0.534375 0.0109375 0.0171875
1 0.34375 0.3796875 0.009375 0.01328125
1 0.92265625 0.36015625 0.009375 0.01484375
0 0.315625 0.815625 0.009375 0.01640625
0 0.18203125 0.034375 0.01015625 0.01796875
1 0.74609375 0.86484375 0.0078125 0.01171875
1 0.625 0.35390625 0.009375 0.0140625
1 0.40703125 0.2734375 0.0078125 0.01328125
1 0.56640625 0.9 0.009375 0.01484375
1 0.60234375 0.35625 0.00859375 0.015625
1 0.67578125 0.89609375 0.01015625 0.0171875
1 0.29921875 0.33984375 0.01015625 0.015625
1 0.49453125 0.384375 0.00859375 0.01484375
1 0.88515625 0.36015625 0.01015625 0.015625
1 0.30859375 0.29453125 0.00859375 0.0140625
1 0.14375 0.26015625 0.00703125 0.01171875
1 0.865625 0.8953125 0.009375 0.01640625
1 0.0625 0.4 0.0109375 0.01640625
1 0.6296875 0.31484375 0.0078125 0.0140625
0 0.19375 0.01953125 0.0109375 0.01875
0 0.2671875 0.75390625 0.00859375 0.01875
1 0.35546875 0.40546875 0.009375 0.0125
1 0.01171875 0.3921875 0.0109375 0.01640625
1 0.8828125 0.29140625 0.0078125 0.0125
1 0.30703125 0.31953125 0.009375 0.0140625
1 0.3296875 0.36796875 0.01171875 0.01484375
1 0.3984375 0.35078125 0.01015625 0.0171875
1 0.403125 0.4859375 0.0125 0.01875
1 0.890625 0.8890625 0.009375 0.01484375
1 0.53125 0.38984375 0.0125 0.0171875
1 0.33125 0.3265625 0.0078125 0.01484375
1 0.86484375 0.35546875 0.00859375 0.01484375
1 0.21640625 0.64921875 0.01171875 0.0125
1 0.68046875 0.37265625 0.01171875 0.01640625
1 0.54296875 0.39140625 0.01015625 0.01484375
1 0.6109375 0.340625 0.009375 0.01484375
1 0.13203125 0.8890625 0.009375 0.015625
1 0.484375 0.41640625 0.009375 0.01796875
1 0.9 0.33984375 0.01015625 0.01484375
1 0.68515625 0.38984375 0.0109375 0.01640625
1 0.346875 0.30546875 0.0078125 0.0125
1 0.0921875 0.365625 0.00859375 0.01484375
1 0.2671875 0.49921875 0.0109375 0.015625
1 0.87421875 0.2984375 0.00859375 0.01328125
1 0.134375 0.275 0.00859375 0.01328125
1 0.49921875 0.4171875 0.01015625 0.0171875
1 0.50546875 0.4 0.0109375 0.01640625
1 0.86640625 0.2859375 0.0078125 0.0125
1 0.30703125 0.27109375 0.009375 0.01484375
1 0.66953125 0.26875 0.00703125 0.0125
1 0.31484375 0.3734375 0.01015625 0.015625
1 0.36015625 0.3375 0.00703125 0.01328125
1 0.09765625 0.35625 0.00859375 0.01484375
0 0.2546875 0.1875 0.0078125 0.01328125
1 0.51328125 0.3890625 0.009375 0.01640625
1 0.93125 0.36484375 0.009375 0.015625
1 0.3359375 0.25703125 0.00703125 0.01171875
1 0.6671875 0.375 0.009375 0.0171875
1 0.30703125 0.4515625 0.01171875 0.0203125
1 0.6515625 0.30859375 0.01015625 0.01484375
1 0.88515625 0.275 0.0078125 0.01171875
1 0.66171875 0.903125 0.01015625 0.01015625
1 0.53046875 0.37265625 0.0109375 0.01484375
0 0.32578125 0.8046875 0.0125 0.0203125
1 0.91015625 0.88828125 0.009375 0.0171875
1 0.58125 0.59296875 0.00859375 0.0171875
1 0.1546875 0.91484375 0.0140625 0.02421875
1 0.62578125 0.334375 0.0078125 0.01171875
1 0.50703125 0.25703125 0.00703125 0.01171875
1 0.50546875 0.45 0.00859375 0.01484375
1 0.2765625 0.5046875 0.01015625 0.01796875
1 0.8515625 0.28671875 0.0078125 0.0140625
1 0.37734375 0.44609375 0.009375 0.01640625
1 0.13515625 0.91640625 0.0140625 0.02265625
1 0.4625 0.440625 0.009375 0.015625
1 0.01171875 0.35390625 0.0125 0.01640625
1 0.59453125 0.3484375 0.009375 0.01640625
1 0.55078125 0.3984375 0.01015625 0.015625
1 0.83359375 0.8921875 0.01015625 0.015625
1 0.1421875 0.8734375 0.00703125 0.01171875
1 0.3234375 0.32421875 0.00859375 0.0140625
1 0.35546875 0.26796875 0.0078125 0.0109375
1 0.01328125 0.41875 0.009375 0.01484375
1 0.540625 0.3765625 0.009375 0.01328125
1 0.32890625 0.45078125 0.01015625 0.01875
1 0.25703125 0.51015625 0.009375 0.015625
1 0.1703125 0.875 0.00546875 0.0109375
1 0.1 0.90078125 0.0109375 0.01953125
1 0.35 0.3234375 0.01015625 0.01484375
1 0.8421875 0.27578125 0.00703125 0.0125
1 0.59140625 0.8703125 0.00859375 0.01171875
1 0.19453125 0.8640625 0.00625 0.01171875
1 0.3984375 0.26171875 0.009375 0.0140625
1 0.8703125 0.86484375 0.00546875 0.0109375
0 0.2546875 0.20546875 0.00859375 0.01328125
1 0.85 0.8859375 0.009375 0.0140625
1 0.82578125 0.9859375 0.0203125 0.028125
1 0.35625 0.309375 0.00859375 0.0125
1 0.3 0.9921875 0.01953125 0.01484375
1 0.81953125 0.86484375 0.00703125 0.0109375
1 0.5703125 0.87265625 0.01015625 0.0125
1 0.2671875 0.5140625 0.0109375 0.0140625
1 0.521875 0.35625 0.009375 0.01328125
1 0.015625 0.4046875 0.0109375 0.0125
0 0.3515625 0.7203125 0.0078125 0.01484375
1 0.94140625 0.88359375 0.00703125 0.01328125
0 0.17578125 0.1078125 0.009375 0.0171875
2 0.2453125 0.209375 0.0875 0.05546875
1 0.0703125 0.321875 0.009375 0.01484375
1 0.0265625 0.3421875 0.00859375 0.0125
1 0.60078125 0.86953125 0.0109375 0.0109375
0 0.125 0.09453125 0.01015625 0.0171875
1 0.05859375 0.3390625 0.009375 0.0140625
1 0.18984375 0.26015625 0.00625 0.0125
1 0.34140625 0.859375 0.00546875 0.0109375
1 0.93046875 0.865625 0.00625 0.01015625
1 0.93125 0.89375 0.00859375 0.0140625
1 0.18203125 0.8859375 0.0078125 0.01015625
1 0.91015625 0.8703125 0.00703125 0.0125
1 0.85 0.271875 0.00859375 0.01328125
1 0.078125 0.29375 0.00859375 0.01484375
1 0.76953125 0.871875 0.01015625 0.01328125
1 0.10546875 0.27734375 0.01015625 0.015625
1 0.35390625 0.4203125 0.009375 0.01015625
1 0.04921875 0.35078125 0.01015625 0.01640625
1 0.275 0.44921875 0.01015625 0.01171875
1 0.83203125 0.86484375 0.00859375 0.01171875
1 0.75859375 0.86875 0.00859375 0.0140625
1 0.3890625 0.26328125 0.009375 0.01328125
1 0.36484375 0.89765625 0.01171875 0.01484375