2 0.75546875 0.20546875 0.1109375 0.059375
3 0.075 0.4109375 0.103125 0.1125
1 0.503125 0.4453125 0.0296875 0.0125
3 0.2234375 0.8703125 0.0890625 0.084375
1 0.59140625 0.39140625 0.0296875 0.0125
1 0.87421875 0.54609375 0.034375 0.0203125
1 0.83125 0.55625 0.0328125 0.01875
3 0.43671875 0.346875 0.0890625 0.078125
1 0.8296875 0.43046875 0.03125 0.0140625
1 0.540625 0.36796875 0.028125 0.0109375
3 0.30234375 0.484375 0.134375 0.1015625
1 0.91640625 0.490625 0.0328125 0.015625
1 0.596875 0.89140625 0.0328125 0.0171875
1 0.43359375 0.45546875 0.03125 0.0125
1 0.371875 0.43671875 0.03125 0.0125
1 0.98203125 0.4015625 0.03125 0.0140625
1 0.85625 0.87578125 0.03125 0.0171875
1 0.1640625 0.6453125 0.0359375 0.021875
1 0.209375 0.4203125 0.0296875 0.0125
1 0.6453125 0.86796875 0.03125 0.0140625
1 0.34609375 0.46328125 0.03125 0.0125
1 0.38359375 0.4671875 0.03125 0.0140625
1 0.64453125 0.43046875 0.03125 0.0140625
1 0.05078125 0.4671875 0.03125 0.0125
1 0.55234375 0.40703125 0.0296875 0.0125
1 0.2796875 0.87890625 0.0265625 0.009375
1 0.72421875 0.525 0.0328125 0.01875
1 0.92578125 0.3046875 0.0296875 0.009375
4 0.26484375 0.83984375 0.0640625 0.040625
1 0.6859375 0.38359375 0.028125 0.0109375
1 0.36640625 0.40859375 0.0296875 0.0109375
1 0.73671875 0.5 0.0328125 0.0140625
1 0.35234375 0.48671875 0.028125 0.0125
4 0.4546875 0.825 0.0859375 0.0671875
1 0.64140625 0.5171875 0.0328125 0.01875
1 0.40546875 0.4328125 0.03125 0.0109375
2 0.23203125 0.23984375 0.1109375 0.0515625
1 0.02109375 0.46875 0.03125 0.0109375
1 0.8953125 0.29765625 0.0265625 0.0078125
1 0.42734375 0.4375 0.0296875 0.0109375
1 0.55390625 0.3375 0.0296875 0.0109375
1 0.7484375 0.8390625 0.0265625 0.0078125
1 0.3 0.33828125 0.028125 0.009375
1 0.48515625 0.39140625 0.0265625 0.0109375
1 0.72421875 0.496875 0.03125 0.0140625
1 0.15 0.40703125 0.028125 0.0109375
0 0.1984375 0.22578125 0.03125 0.0140625
1 0.5046875 0.378125 0.028125 0.0109375
1 0.3328125 0.34296875 0.028125 0.009375
1 0.4046875 0.4875 0.0296875 0.0140625
1 0.9859375 0.459375 0.028125 0.015625
1 0.3078125 0.86953125 0.0265625 0.009375
0 0.2109375 0.24609375 0.0296875 0.009375
1 0.36171875 0.32265625 0.0265625 0.009375
1 0.41875 0.47421875 0.0265625 0.0109375
1 0.48671875 0.353125 0.0265625 0.009375
1 0.4859375 0.4078125 0.0265625 0.009375
1 0.34765625 0.446875 0.028125 0.0109375
1 0.38359375 0.43515625 0.03125 0.0125
1 0.365625 0.39140625 0.0296875 0.0109375
1 0.646875 0.896875 0.03125 0.0078125
1 0.38046875 0.39140625 0.0296875 0.0109375
1 0.73203125 0.89296875 0.03125 0.0078125
1 0.87734375 0.903125 0.034375 0.0234375
1 0.88046875 0.2796875 0.0265625 0.0078125
1 0.24765625 0.52265625 0.0296875 0.0140625
1 0.35390625 0.390625 0.028125 0.009375
1 0.12109375 0.4046875 0.028125 0.0109375
1 0.2359375 0.996875 0.040625 0.0015625
1 0.1609375 0.4171875 0.028125 0.0109375
1 0.34375 0.3421875 0.0265625 0.009375
1 0.3046875 0.41171875 0.0296875 0.0109375
1 0.39453125 0.4640625 0.03125 0.0125
1 0.95546875 0.8515625 0.0296875 0.0125
1 0.978125 0.909375 0.034375 0.0234375
1 0.26171875 0.5265625 0.0296875 0.0109375
1 0.18359375 0.909375 0.0328125 0.0203125
1 0.540625 0.89375 0.0359375 0.0203125
1 0.49609375 0.30234375 0.0265625 0.0078125
1 0.33359375 0.4078125 0.03125 0.0125
1 0.40625 0.4625 0.03125 0.0125
1 0.26484375 0.85703125 0.0265625 0.00625
1 0.384375 0.35546875 0.028125 0.0109375
1 0.3171875 0.4265625 0.028125 0.0109375
1 0.3953125 0.47734375 0.03125 0.0125
1 0.27734375 0.3453125 0.0296875 0.0109375
1 0.3078125 0.37109375 0.0296875 0.0109375
1 0.44453125 0.4390625 0.0296875 0.009375
1 0.2609375 0.634375 0.0328125 0.01875
1 0.1203125 0.36484375 0.0265625 0.0078125
1 0.58046875 0.8375 0.0265625 0.0078125
1 0.2234375 0.9078125 0.034375 0.0171875
1 0.38828125 0.3796875 0.028125 0.0109375
1 0.77265625 0.834375 0.025 0.0078125
1 0.38671875 0.30078125 0.028125 0.0078125
1 0.334375 0.39296875 0.028125 0.009375
1 0.31640625 0.3984375 0.028125 0.0109375
1 0.4421875 0.39765625 0.0296875 0.0109375
1 0.34453125 0.3078125 0.0265625 0.00625
1 0.16640625 0.31171875 0.028125 0.0078125
1 0.45078125 0.425 0.0265625 0.009375
1 0.40703125 0.446875 0.03125 0.0078125
1 0.03671875 0.4671875 0.0328125 0.0125
1 0.15859375 0.33203125 0.0265625 0.009375
4 0.13984375 0.8578125 0.0546875 0.05
1 0.35625 0.9921875 0.0375 0.0109375
1 0.53125 0.30234375 0.0265625 0.0078125
1 0.428125 0.41875 0.03125 0.0125
1 0.509375 0.31328125 0.0265625 0.009375
1 0.45234375 0.3921875 0.028125 0.0109375
1 0.17734375 0.3203125 0.0296875 0.0078125
1 0.1328125 0.8921875 0.03125 0.0140625
0 0.24375 0.246875 0.028125 0.0125
1 0.14375 0.33515625 0.028125 0.0078125
1 0.30234375 0.325 0.0265625 0.009375
1 0.48046875 0.29921875 0.0265625 0.0078125
1 0.13203125 0.9578125 0.040625 0.0421875
1 0.75625 0.8296875 0.0265625 0.0078125
1 0.178125 0.665625 0.028125 0.0046875
1 0.134375 0.39765625 0.0296875 0.0078125
1 0.43125 0.39921875 0.028125 0.0078125
1 0.88828125 0.28046875 0.0296875 0.009375
0 0.0453125 0.08125 0.0328125 0.0078125
1 0.19765625 0.9078125 0.034375 0.01875
1 0.9140625 0.909375 0.0328125 0.021875
1 0.44296875 0.4265625 0.0296875 0.0078125
1 0.478125 0.8546875 0.028125 0.0046875
1 0.16171875 0.90703125 0.034375 0.0203125
1 0.55859375 0.840625 0.0265625 0.0078125
0 0.2765625 0.98984375 0.04375 0.015625
1 0.37734375 0.38046875 0.028125 0.0078125
1 0.98828125 0.34921875 0.0234375 0.0078125
1 0.94609375 0.83125 0.0265625 0.00625
1 0.0375 0.44140625 0.028125 0.00625
1 0.940625 0.90625 0.0328125 0.021875
1 0.0125 0.45703125 0.025 0.009375
1 0.20859375 0.60625 0.028125 0.00625
1 0.084375 0.9609375 0.034375 0.015625
1 0.95390625 0.9734375 0.0296875 0.0015625
1 0.928125 0.91640625 0.0375 0.0203125
1 0.3515625 0.37578125 0.028125 0.009375