2 0.76484375 0.21484375 0.08984375 0.065625
4 0.44921875 0.30234375 0.0734375 0.08671875
3 0.75234375 0.8578125 0.06796875 0.06640625
3 0.1734375 0.31640625 0.05546875 0.084375
4 0.6265625 0.32734375 0.06953125 0.08828125
2 0.24609375 0.209375 0.0890625 0.05546875
1 0.88515625 0.46875 0.0109375 0.01875
1 0.6984375 0.4078125 0.009375 0.0171875
1 0.27890625 0.4234375 0.01015625 0.0171875
3 0.81171875 0.34609375 0.03359375 0.06875
1 0.06953125 0.54921875 0.0140625 0.021875
3 0.24921875 0.8640625 0.07265625 0.06796875
1 0.328125 0.90078125 0.01171875 0.01640625
1 0.546875 0.521875 0.01171875 0.01953125
1 0.55390625 0.42109375 0.01015625 0.0171875
1 0.93359375 0.48203125 0.0109375 0.01796875
1 0.63203125 0.440625 0.01015625 0.0171875
1 0.115625 0.34296875 0.00859375 0.01484375
1 0.31875 0.46171875 0.01015625 0.0203125
1 0.67265625 0.42890625 0.0109375 0.01640625
1 0.65859375 0.4671875 0.01015625 0.0171875
1 0.73359375 0.53515625 0.01171875 0.01640625
1 0.7296875 0.5078125 0.01015625 0.01953125
1 0.48671875 0.6125 0.0125 0.0203125
1 0.43125 0.4234375 0.009375 0.01796875
1 0.4625 0.346875 0.00859375 0.015625
1 0.203125 0.90625 0.01328125 0.02109375
1 0.459375 0.61640625 0.0125 0.0171875
1 0.840625 0.340625 0.0078125 0.01484375
1 0.3390625 0.40546875 0.009375 0.0171875
1 0.71171875 0.48515625 0.01171875 0.01796875
1 0.5359375 0.29375 0.0078125 0.0140625
1 0.3171875 0.40390625 0.009375 0.01640625
1 0.590625 0.4171875 0.01015625 0.0171875
1 0.2890625 0.45078125 0.0109375 0.0171875
1 0.996875 0.4921875 0.00625 0.01484375
1 0.01796875 0.37109375 0.01015625 0.01484375
1 0.1140625 0.54296875 0.01328125 0.02109375
1 0.759375 0.91640625 0.0140625 0.02578125
1 0.15703125 0.40625 0.009375 0.015625
1 0.94765625 0.42421875 0.0109375 0.0171875
1 0.65 0.4234375 0.01015625 0.0171875
1 0.925 0.4671875 0.0109375 0.01640625
1 0.67109375 0.35625 0.009375 0.01640625
1 0.4984375 0.346875 0.00859375 0.015625
1 0.0640625 0.39765625 0.0109375 0.0171875
1 0.9265625 0.43046875 0.0109375 0.0171875
1 0.69921875 0.5 0.01171875 0.01953125
1 0.53046875 0.4015625 0.009375 0.015625
1 0.696875 0.44765625 0.009375 0.01640625
1 0.90234375 0.51875 0.0109375 0.015625
1 0.81015625 0.91953125 0.0125 0.021875
1 0.67578125 0.50859375 0.0109375 0.01953125
1 0.7109375 0.46484375 0.0109375 0.01484375
1 0.07890625 0.96953125 0.01875 0.03359375
1 0.83515625 0.28984375 0.0078125 0.0125
1 0.303125 0.89921875 0.0109375 0.0171875
1 0.909375 0.4390625 0.0109375 0.01796875
1 0.7359375 0.55234375 0.01171875 0.01953125
1 0.84375 0.32421875 0.0078125 0.01328125
1 0.33671875 0.57421875 0.0125 0.02265625
1 0.38203125 0.2890625 0.00703125 0.01328125
1 0.68203125 0.47109375 0.0109375 0.01796875
1 0.51796875 0.3796875 0.009375 0.0125
1 0.9515625 0.44375 0.01171875 0.0171875
1 0.5125 0.34609375 0.01015625 0.015625
1 0.109375 0.28125 0.0078125 0.0125
1 0.9359375 0.340625 0.009375 0.0140625
1 0.68046875 0.90390625 0.009375 0.01171875
1 0.82578125 0.459375 0.0109375 0.0171875
1 0.88203125 0.503125 0.01171875 0.0171875
1 0.06640625 0.38515625 0.009375 0.01328125
1 0.81328125 0.42734375 0.01015625 0.01640625
1 0.35390625 0.29140625 0.00703125 0.01328125
1 0.41484375 0.36171875 0.009375 0.0171875
1 0.915625 0.315625 0.009375 0.01484375
1 0.02734375 0.34609375 0.01015625 0.0171875
1 0.3359375 0.30546875 0.00859375 0.01328125
1 0.53828125 0.4203125 0.0109375 0.01640625
1 0.63515625 0.39609375 0.01015625 0.01640625
0 0.23984375 0.165625 0.00703125 0.0125
1 0.35390625 0.27265625 0.00703125 0.0125
1 0.31953125 0.31953125 0.00625 0.01328125
1 0.92421875 0.44921875 0.0125 0.01640625
1 0.56875 0.26171875 0.0078125 0.0125
0 0.1953125 0.18515625 0.01171875 0.01484375
1 0.10546875 0.8953125 0.009375 0.015625
1 0.31640625 0.34296875 0.0078125 0.0140625
0 0.21640625 0.175 0.00859375 0.01484375
1 0.709375 0.88125 0.00859375 0.01484375
1 0.146875 0.2828125 0.00703125 0.0125
1 0.6234375 0.3828125 0.01015625 0.01484375
1 0.4921875 0.2578125 0.0078125 0.01171875
1 0.66015625 0.27109375 0.0078125 0.0125
1 0.3796875 0.271875 0.0078125 0.0125
1 0.9765625 0.43828125 0.01171875 0.0171875
1 0.15078125 0.39375 0.01015625 0.0140625
1 0.3703125 0.27265625 0.0078125 0.01328125
1 0.85703125 0.8953125 0.01171875 0.01875
1 0.4859375 0.33203125 0.00859375 0.01484375
1 0.6046875 0.28046875 0.0078125 0.01171875
1 0.18828125 0.8859375 0.00859375 0.0125
1 0.40703125 0.28203125 0.00859375 0.0125
1 0.78671875 0.9484375 0.01484375 0.02890625
1 0.86796875 0.278125 0.00703125 0.01171875
1 0.653125 0.45234375 0.00859375 0.01484375
1 0.96015625 0.4296875 0.01171875 0.01640625
1 0.54921875 0.2765625 0.009375 0.0125
1 0.52109375 0.646875 0.01015625 0.0109375
1 0.690625 0.8859375 0.01015625 0.01640625
1 0.63515625 0.89453125 0.01015625 0.01484375
1 0.34375 0.2921875 0.00859375 0.01640625
1 0.996875 0.46171875 0.00625 0.0171875
1 0.6859375 0.35546875 0.00859375 0.01484375
1 0.0921875 0.30390625 0.0078125 0.01328125
1 0.79453125 0.91015625 0.01171875 0.021875
1 0.81875 0.87890625 0.00703125 0.0125
1 0.20703125 0.87734375 0.0078125 0.0109375
1 0.1875 0.90234375 0.0109375 0.01796875
1 0.01484375 0.61015625 0.0109375 0.0140625
1 0.34296875 0.865625 0.0046875 0.009375
1 0.80859375 0.85703125 0.00625 0.0109375
1 0.8484375 0.97890625 0.01953125 0.03359375
1 0.67421875 0.88984375 0.0125 0.01796875
1 0.8328125 0.9078125 0.009375 0.0171875
1 0.15703125 0.26171875 0.00703125 0.01328125
1 0.8890625 0.51640625 0.01171875 0.01640625
1 0.92265625 0.37890625 0.009375 0.01328125
1 0.8859375 0.28046875 0.009375 0.0125
1 0.92109375 0.5203125 0.0078125 0.01171875
1 0.11484375 0.26484375 0.0078125 0.0109375
1 0.80390625 0.42109375 0.009375 0.0140625
1 0.12734375 0.26171875 0.00703125 0.01171875
1 0.40234375 0.2609375 0.00703125 0.0109375
1 0.92265625 0.34921875 0.01015625 0.0140625
1 0.79765625 0.40390625 0.01015625 0.0140625
1 0.8953125 0.28046875 0.00859375 0.01328125
1 0.92734375 0.3875 0.009375 0.01484375
1 0.75546875 0.99609375 0.01171875 0.00625
0 0.18203125 0.15 0.009375 0.01640625
1 0.08046875 0.30625 0.00859375 0.01328125
1 0.8859375 0.5359375 0.01171875 0.01640625
1 0.83125 0.94921875 0.01796875 0.0265625
1 0.04375 0.64453125 0.01484375 0.01953125
1 0.325 0.88203125 0.01015625 0.01328125
1 0.84140625 0.87578125 0.0078125 0.0125
1 0.9390625 0.38125 0.01015625 0.01640625
1 0.66796875 0.31953125 0.00703125 0.0125
0 0.23671875 0.78828125 0.00859375 0.015625
1 0.146875 0.26875 0.00703125 0.0109375
1 0.046875 0.33671875 0.01015625 0.0140625
1 0.85078125 0.87421875 0.0078125 0.01328125
1 0.86953125 0.86953125 0.00625 0.0109375
1 0.94921875 0.3921875 0.01171875 0.01640625
1 0.521875 0.36953125 0.009375 0.0140625
1 0.359375 0.25546875 0.00703125 0.01015625
1 0.28828125 0.87578125 0.009375 0.0140625
1 0.14609375 0.45859375 0.0078125 0.0109375
1 0.625 0.9046875 0.01015625 0.009375
1 0.65 0.26953125 0.009375 0.01171875
1 0.82734375 0.9875 0.0203125 0.025
1 0.38046875 0.25859375 0.0078125 0.0109375
1 0.653125 0.28515625 0.00859375 0.01015625
1 0.134375 0.86875 0.0078125 0.01171875
1 0.8265625 0.87265625 0.00859375 0.01171875
1 0.1921875 0.8734375 0.0078125 0.0125
1 0.8546875 0.9484375 0.01640625 0.02265625
1 0.6859375 0.4578125 0.0109375 0.0125
1 0.6 0.259375 0.01015625 0.01171875
1 0.11875 0.8765625 0.0078125 0.0125
1 0.0671875 0.3171875 0.00859375 0.01328125
1 0.665625 0.33984375 0.00859375 0.015625
1 0.1421875 0.2609375 0.00703125 0.0109375
1 0.10390625 0.2734375 0.00625 0.01171875
1 0.61953125 0.259375 0.00859375 0.01171875
0 0.22890625 0.021875 0.0078125 0.01484375
1 0.05546875 0.3265625 0.00859375 0.01328125
1 0.9140625 0.3421875 0.01015625 0.0140625
1 0.96015625 0.3859375 0.01171875 0.01484375
1 0.784375 0.85703125 0.0078125 0.01171875
1 0.88046875 0.89296875 0.00625 0.0109375
1 0.14765625 0.86640625 0.00859375 0.01171875
1 0.88046875 0.56015625 0.009375 0.01640625
1 0.84296875 0.91640625 0.01015625 0.015625
1 0.45859375 0.871875 0.00703125 0.0109375
1 0.4796875 0.89375 0.00625 0.0109375
1 0.70390625 0.35546875 0.0078125 0.01171875