3 0.45078125 0.3921875 0.09375 0.121875
4 0.20546875 0.80234375 0.05625 0.0546875
1 0.71484375 0.53515625 0.015625 0.021875
3 0.78125 0.4640625 0.109375 0.125
1 0.7421875 0.525 0.0140625 0.021875
2 0.7734375 0.24921875 0.0953125 0.05625
1 0.3515625 0.48125 0.0140625 0.021875
2 0.253125 0.1984375 0.0921875 0.06875
1 0.39453125 0.42265625 0.0109375 0.01875
0 0.01328125 0.421875 0.0140625 0.0203125
1 0.6765625 0.5390625 0.015625 0.0234375
1 0.98359375 0.6171875 0.015625 0.0234375
1 0.35 0.3828125 0.009375 0.015625
1 0.3796875 0.54609375 0.015625 0.025
1 0.70703125 0.56171875 0.0140625 0.0234375
1 0.2609375 0.49609375 0.0140625 0.021875
1 0.378125 0.396875 0.0109375 0.0171875
1 0.7390625 0.50625 0.0125 0.0203125
0 0.02421875 0.4046875 0.0140625 0.01875
1 0.9234375 0.45625 0.0109375 0.015625
1 0.0875 0.35546875 0.0109375 0.015625
1 0.8890625 0.39296875 0.009375 0.015625
1 0.33984375 0.42109375 0.0109375 0.01875
1 0.30703125 0.4078125 0.0109375 0.01875
1 0.34375 0.5375 0.0140625 0.0234375
1 0.240625 0.86796875 0.0140625 0.021875
1 0.66796875 0.41796875 0.0125 0.021875
1 0.08125 0.40546875 0.0125 0.01875
1 0.67421875 0.51484375 0.0140625 0.0234375
1 0.246875 0.4640625 0.0109375 0.0171875
0 0.0984375 0.25078125 0.0171875 0.028125
1 0.44765625 0.4734375 0.0125 0.01875
1 0.24296875 0.8234375 0.0078125 0.0125
1 0.0828125 0.8453125 0.0109375 0.0171875
4 0.5578125 0.86640625 0.1125 0.103125
0 0.059375 0.365625 0.0171875 0.0234375
1 0.21171875 0.890625 0.015625 0.028125
1 0.26953125 0.46875 0.0140625 0.0203125
1 0.72578125 0.55390625 0.0140625 0.021875
1 0.11953125 0.34375 0.0109375 0.015625
1 0.54609375 0.37578125 0.009375 0.015625
1 0.03203125 0.34921875 0.0125 0.0171875
1 0.5 0.39375 0.009375 0.0140625
0 0.13046875 0.16953125 0.0171875 0.0296875
1 0.20703125 0.59921875 0.0171875 0.025
1 0.67578125 0.38671875 0.009375 0.015625
1 0.753125 0.9859375 0.025 0.028125
1 0.65546875 0.46015625 0.0125 0.0203125
1 0.0765625 0.36015625 0.0140625 0.0203125
1 0.89453125 0.43203125 0.0125 0.0171875
0 0.08125 0.25703125 0.0171875 0.025
1 0.48125 0.31484375 0.009375 0.0140625
1 0.53125 0.40625 0.0109375 0.0171875
1 0.125 0.83984375 0.009375 0.015625
1 0.98359375 0.4796875 0.0125 0.01875
1 0.13125 0.34453125 0.0109375 0.015625
1 0.66640625 0.36875 0.0109375 0.015625
1 0.171875 0.87578125 0.015625 0.0265625
1 0.14921875 0.58984375 0.0171875 0.0234375
0 0.25234375 0.00859375 0.0109375 0.0171875
1 0.14609375 0.2875 0.009375 0.0140625
0 0.13671875 0.23203125 0.0171875 0.028125
1 0.79921875 0.89765625 0.009375 0.0171875
0 0.1265625 0.25703125 0.0171875 0.021875
1 0.14765625 0.84609375 0.0109375 0.01875
1 0.50625 0.40625 0.0109375 0.0140625
1 0.90703125 0.44140625 0.0109375 0.0171875
1 0.65078125 0.37421875 0.009375 0.015625
1 0.77421875 0.66640625 0.0140625 0.021875
3 0.43359375 0.8125 0.05 0.0578125
1 0.51875 0.31953125 0.009375 0.0140625
1 0.16484375 0.2453125 0.0109375 0.015625
1 0.45078125 0.49140625 0.0140625 0.0203125
1 0.70390625 0.60234375 0.0125 0.0171875
1 0.640625 0.88828125 0.0125 0.01875
1 0.54609375 0.41328125 0.0109375 0.0171875
0 0.09921875 0.196875 0.0171875 0.0265625
1 0.25546875 0.47890625 0.0125 0.01875
0 0.25390625 0.146875 0.0125 0.01875
1 0.56953125 0.421875 0.009375 0.015625
0 0.240625 0.209375 0.0125 0.021875
1 0.09921875 0.875 0.015625 0.025
0 0.1171875 0.17734375 0.0171875 0.0265625
1 0.171875 0.2703125 0.009375 0.0125
1 0.50078125 0.3171875 0.0078125 0.0140625
1 0.3203125 0.4234375 0.0109375 0.01875
1 0.84375 0.6203125 0.0125 0.0140625
0 0.11953125 0.2421875 0.015625 0.021875
0 0.2359375 0.025 0.0109375 0.0171875
1 0.4609375 0.31875 0.009375 0.0140625
1 0.73359375 0.86484375 0.0078125 0.0109375
0 0.0859375 0.28671875 0.0171875 0.025
1 0.58203125 0.31171875 0.009375 0.0125
1 0.65234375 0.87265625 0.009375 0.0140625
1 0.83125 0.3328125 0.009375 0.0125
1 0.63125 0.33125 0.009375 0.0140625
0 0.2546875 0.134375 0.009375 0.0125
0 0.2234375 0.06484375 0.0140625 0.0203125
1 0.88515625 0.56484375 0.0109375 0.0171875
1 0.325 0.37890625 0.0109375 0.015625
1 0.30703125 0.384375 0.0109375 0.0171875
1 0.253125 0.6078125 0.015625 0.0234375
1 0.8703125 0.36171875 0.009375 0.0125
0 0.26328125 0.103125 0.009375 0.0171875
1 0.11953125 0.95859375 0.0234375 0.0203125
1 0.8921875 0.95859375 0.015625 0.0265625
0 0.11875 0.00234375 0.0125 0.0046875
1 0.184375 0.875 0.0140625 0.0234375
1 0.778125 0.90546875 0.0125 0.01875
1 0.01171875 0.4046875 0.0109375 0.0171875
1 0.04765625 0.8671875 0.015625 0.021875
1 0.6578125 0.31640625 0.009375 0.015625
1 0.84453125 0.9 0.009375 0.015625
1 0.6765625 0.6046875 0.0125 0.0140625
1 0.834375 0.9015625 0.0109375 0.0171875
1 0.94140625 0.4375 0.0109375 0.015625
1 0.02109375 0.8609375 0.0140625 0.025
1 0.95 0.41796875 0.009375 0.0140625
1 0.459375 0.2984375 0.009375 0.0140625
1 0.2328125 0.82265625 0.009375 0.0125
1 0.89296875 0.36796875 0.009375 0.0140625
3 0.01484375 0.525 0.0296875 0.1
1 0.059375 0.3203125 0.009375 0.0140625
1 0.09453125 0.33984375 0.009375 0.015625
1 0.9546875 0.43203125 0.0078125 0.0140625
1 0.17109375 0.840625 0.0109375 0.015625
1 0.90078125 0.41953125 0.009375 0.0125
1 0.72578125 0.84765625 0.009375 0.0125
1 0.7046875 0.8640625 0.0125 0.0140625
0 0.25859375 0.0296875 0.009375 0.0109375
1 0.43125 0.83828125 0.0078125 0.0109375
1 0.92109375 0.425 0.0109375 0.0171875
1 0.66953125 0.31875 0.0109375 0.0140625
0 0.21484375 0.72890625 0.0109375 0.015625
1 0.7484375 0.86171875 0.0078125 0.009375
1 0.76015625 0.66328125 0.015625 0.021875
1 0.41328125 0.8390625 0.0109375 0.0140625
0 0.2703125 0.01875 0.009375 0.015625
1 0.13125 0.284375 0.0109375 0.015625
1 0.109375 0.30625 0.009375 0.0109375
1 0.375 0.3140625 0.0109375 0.0140625
1 0.015625 0.33515625 0.0078125 0.015625
1 0.93203125 0.4375 0.0125 0.0171875
1 0.775 0.865625 0.00625 0.009375
1 0.0609375 0.8515625 0.0125 0.0203125
0 0.1109375 0.32578125 0.015625 0.028125
1 0.6890625 0.66640625 0.009375 0.009375
1 0.04375 0.33359375 0.009375 0.0171875
0 0.25 0.221875 0.009375 0.0125
0 0.23515625 0.71328125 0.0078125 0.0125
1 0.46953125 0.29375 0.009375 0.0125
1 0.825 0.33203125 0.00625 0.0125
1 0.5390625 0.29765625 0.0078125 0.0125
1 0.91015625 0.42578125 0.0140625 0.015625
1 0.85234375 0.34375 0.009375 0.0125
0 0.22890625 0.7 0.0109375 0.015625
1 0.81015625 0.86796875 0.009375 0.0109375
1 0.09140625 0.83125 0.009375 0.0171875
1 0.82109375 0.91640625 0.009375 0.01875
1 0.86640625 0.89921875 0.0109375 0.015625
1 0.0328125 0.86484375 0.015625 0.0234375
1 0.8609375 0.35625 0.009375 0.0140625
1 0.85546875 0.90234375 0.009375 0.015625
0 0.1953125 0.71796875 0.009375 0.0125
1 0.03515625 0.33203125 0.0125 0.01875
1 0.9203125 0.3828125 0.009375 0.0125
1 0.33125 0.37265625 0.009375 0.0125
0 0.24609375 0.028125 0.0109375 0.0140625
1 0.15859375 0.84140625 0.009375 0.015625
1 0.1671875 0.81328125 0.009375 0.009375
1 0.315625 0.79296875 0.015625 0.0234375
1 0.815625 0.634375 0.0125 0.0140625
1 0.09765625 0.31796875 0.009375 0.015625
1 0.57734375 0.303125 0.009375 0.0125
1 0.9390625 0.3875 0.0109375 0.0125
1 0.4125 0.8265625 0.0078125 0.0125
0 0.103125 0.290625 0.015625 0.0234375
1 0.07890625 0.30703125 0.0109375 0.0171875
0 0.0790888140625 0.31817884531249996 0.07637374218750001 0.3402484140625 0.09026168125 0.34285764531249996 0.09327083124999999 0.32639058125 0.086992634375 0.3174761453125 0.0790888140625 0.31817884531249996