3 0.76796875 0.83046875 0.0453125 0.04609375
3 0.48515625 0.3296875 0.06953125 0.08203125
4 0.64140625 0.2953125 0.0609375 0.071875
1 0.1828125 0.4453125 0.01015625 0.015625
1 0.375 0.45234375 0.01015625 0.015625
1 0.06015625 0.48203125 0.01171875 0.01875
1 0.47109375 0.46328125 0.0109375 0.0171875
1 0.93515625 0.4578125 0.01171875 0.01953125
1 0.59453125 0.5046875 0.01171875 0.021875
4 0.2390625 0.8265625 0.04609375 0.04140625
1 0.778125 0.58359375 0.01328125 0.02109375
1 0.37109375 0.50703125 0.01171875 0.021875
1 0.39765625 0.575 0.01328125 0.02421875
1 0.615625 0.4625 0.0109375 0.01875
1 0.35703125 0.45703125 0.0109375 0.01875
1 0.64296875 0.86796875 0.01015625 0.01796875
1 0.37421875 0.42109375 0.0109375 0.01640625
1 0.43125 0.50625 0.01015625 0.01953125
1 0.40546875 0.4796875 0.0109375 0.01875
1 0.3078125 0.425 0.01015625 0.01796875
1 0.67890625 0.41875 0.009375 0.01640625
1 0.528125 0.45546875 0.01015625 0.0171875
2 0.2484375 0.22734375 0.090625 0.0453125
1 0.15390625 0.4515625 0.0109375 0.01796875
1 0.33359375 0.4375 0.01015625 0.01796875
1 0.028125 0.42421875 0.009375 0.0171875
1 0.94140625 0.903125 0.01328125 0.02265625
1 0.53359375 0.3828125 0.009375 0.01484375
1 0.16484375 0.40234375 0.009375 0.015625
1 0.59140625 0.41796875 0.009375 0.01640625
1 0.265625 0.86875 0.00859375 0.0140625
1 0.8984375 0.4421875 0.0109375 0.01640625
1 0.7421875 0.853125 0.0078125 0.01328125
1 0.503125 0.40625 0.00859375 0.015625
1 0.5296875 0.42578125 0.01015625 0.01640625
1 0.3953125 0.425 0.009375 0.01796875
1 0.35390625 0.8734375 0.0109375 0.01796875
1 0.49609375 0.38203125 0.00859375 0.0140625
1 0.64921875 0.3875 0.009375 0.015625
1 0.70390625 0.8953125 0.01328125 0.0203125
1 0.671875 0.35 0.009375 0.01640625
1 0.44609375 0.48125 0.01015625 0.01640625
1 0.97421875 0.3828125 0.01171875 0.01953125
1 0.41015625 0.4546875 0.0109375 0.01875
1 0.8109375 0.6421875 0.01328125 0.01875
2 0.77109375 0.22421875 0.09140625 0.053125
1 0.1953125 0.95390625 0.0203125 0.03671875
1 0.85625 0.9203125 0.01484375 0.02578125
1 0.2859375 0.9 0.0140625 0.0171875
1 0.48984375 0.4359375 0.01015625 0.01796875
1 0.61953125 0.37265625 0.009375 0.0140625
1 0.57265625 0.4296875 0.01015625 0.01640625
1 0.7328125 0.59453125 0.01171875 0.0140625
1 0.9171875 0.90390625 0.0140625 0.025
1 0.084375 0.6453125 0.0140625 0.02109375
1 0.70859375 0.3390625 0.00859375 0.015625
1 0.83125 0.8828125 0.01328125 0.02109375
1 0.84765625 0.41015625 0.01015625 0.01796875
0 0.775 0.21015625 0.0109375 0.01953125
1 0.55625 0.32890625 0.00703125 0.0125
1 0.65625 0.559375 0.009375 0.021875
1 0.596875 0.36015625 0.00859375 0.015625
1 0.4109375 0.5125 0.01171875 0.0203125
1 0.22734375 0.584375 0.0109375 0.01484375
1 0.61640625 0.32421875 0.009375 0.0140625
1 0.48671875 0.359375 0.00859375 0.01484375
1 0.56171875 0.43984375 0.0109375 0.015625
1 0.35234375 0.38046875 0.0078125 0.01328125
1 0.41796875 0.90546875 0.01015625 0.01171875
1 0.63125 0.33125 0.0078125 0.0125
1 0.14140625 0.9203125 0.01328125 0.02421875
1 0.346875 0.3671875 0.009375 0.01484375
1 0.3375 0.8796875 0.0109375 0.01953125
1 0.69921875 0.88203125 0.0109375 0.01484375
1 0.4078125 0.40859375 0.009375 0.01328125
1 0.4796875 0.38515625 0.009375 0.015625
1 0.38359375 0.34609375 0.00859375 0.01484375
1 0.38046875 0.40390625 0.00859375 0.01484375
1 0.375 0.4375 0.01015625 0.0140625
1 0.45625 0.3890625 0.01015625 0.01484375
1 0.47109375 0.64453125 0.01171875 0.01484375
1 0.89375 0.8765625 0.0109375 0.01796875
1 0.30078125 0.33984375 0.00859375 0.015625
1 0.7078125 0.871875 0.01015625 0.01640625
1 0.375 0.39296875 0.009375 0.0140625
1 0.865625 0.8953125 0.01171875 0.01796875
1 0.603125 0.32109375 0.0078125 0.01328125
1 0.8875 0.9 0.0125 0.0203125
1 0.95234375 0.4046875 0.01171875 0.01953125
1 0.18984375 0.3140625 0.00546875 0.01171875
1 0.84140625 0.9015625 0.0140625 0.021875
1 0.65 0.3703125 0.01015625 0.0140625
1 0.5828125 0.31796875 0.00859375 0.0140625
1 0.7171875 0.58125 0.00859375 0.01953125
1 0.95625 0.34765625 0.00859375 0.01484375
1 0.56015625 0.39765625 0.009375 0.0140625
1 0.446875 0.45078125 0.01015625 0.01640625
1 0.553125 0.428125 0.009375 0.0171875
1 0.40703125 0.6453125 0.009375 0.01328125
1 0.44765625 0.4046875 0.00859375 0.015625
1 0.89140625 0.321875 0.009375 0.0140625
1 0.69765625 0.39140625 0.0078125 0.01328125
0 0.80703125 0.7796875 0.009375 0.01484375
1 0.546875 0.3484375 0.00859375 0.0140625
1 0.325 0.33828125 0.01015625 0.01484375
1 0.0296875 0.64921875 0.01328125 0.01328125
1 0.40390625 0.34140625 0.0078125 0.01328125
1 0.575 0.365625 0.009375 0.01328125
1 0.36015625 0.36640625 0.009375 0.01484375
1 0.925 0.88359375 0.0109375 0.01484375
1 0.62578125 0.35625 0.0078125 0.01328125
1 0.64921875 0.3390625 0.00859375 0.0125
1 0.38515625 0.35625 0.0078125 0.0109375
1 0.46796875 0.43515625 0.01015625 0.01640625
1 0.996875 0.37421875 0.00625 0.01484375
1 0.84375 0.3 0.0078125 0.01328125
1 0.434375 0.34765625 0.00859375 0.01484375
1 0.46484375 0.37734375 0.01015625 0.015625
1 0.1953125 0.98828125 0.0203125 0.02265625
1 0.87265625 0.64453125 0.01328125 0.015625
1 0.7390625 0.8421875 0.00625 0.0109375
1 0.3359375 0.3640625 0.009375 0.01484375
1 0.8515625 0.3015625 0.00703125 0.0125
1 0.7875 0.6390625 0.015625 0.02109375
1 0.91015625 0.35 0.01015625 0.0140625
1 0.46171875 0.4453125 0.0109375 0.015625
1 0.565625 0.38046875 0.01015625 0.01796875
1 0.1421875 0.30859375 0.0078125 0.0140625
1 0.54453125 0.3078125 0.0078125 0.0125
1 0.5484375 0.375 0.01015625 0.015625
1 0.44453125 0.3453125 0.0078125 0.0140625
1 0.4296875 0.43515625 0.01015625 0.0125
1 0.528125 0.3234375 0.00859375 0.0140625
1 0.11640625 0.99609375 0.0125 0.0078125
1 0.87734375 0.86015625 0.00859375 0.0140625
1 0.428125 0.41796875 0.009375 0.015625
1 0.709375 0.85390625 0.00859375 0.01015625
1 0.3671875 0.35234375 0.00703125 0.0109375
1 0.61796875 0.359375 0.00859375 0.0109375
1 0.62265625 0.3453125 0.00859375 0.0125
1 0.071875 0.35625 0.00859375 0.0140625
1 0.5640625 0.35703125 0.0078125 0.0125
4 0.73984375 0.51640625 0.0640625 0.14609375
1 0.16015625 0.840625 0.00625 0.01015625
1 0.5578125 0.37734375 0.009375 0.01484375
1 0.89296875 0.30078125 0.0109375 0.01640625
1 0.10859375 0.33203125 0.0078125 0.0125
1 0.05625 0.95859375 0.01953125 0.03125
1 0.5703125 0.84765625 0.00859375 0.0109375
1 0.6859375 0.39609375 0.0109375 0.01484375
1 0.9390625 0.334375 0.01015625 0.0140625
1 0.89296875 0.85078125 0.00859375 0.01171875
1 0.125 0.92890625 0.015625 0.02265625
1 0.9234375 0.94765625 0.00859375 0.015625
1 0.44609375 0.378125 0.01015625 0.0140625
1 0.43671875 0.44921875 0.0109375 0.01640625
1 0.440625 0.4328125 0.00859375 0.0140625
1 0.95234375 0.98828125 0.0171875 0.0234375
0 0.38125 0.9890625 0.02265625 0.01953125
1 0.78515625 0.6171875 0.01328125 0.01640625
1 0.07421875 0.95390625 0.01640625 0.02265625
1 0.409375 0.33125 0.009375 0.01171875
1 0.5609375 0.30859375 0.00703125 0.0125
1 0.078125 0.8875 0.01015625 0.01953125
0 0.78203125 0.18046875 0.0078125 0.0140625
1 0.5546875 0.3546875 0.009375 0.015625
1 0.29453125 0.31484375 0.009375 0.01484375
1 0.42421875 0.37109375 0.0078125 0.01171875
1 0.003125 0.43515625 0.00625 0.01171875
1 0.5515625 0.84921875 0.00859375 0.01015625
1 0.7078125 0.4703125 0.01015625 0.015625
1 0.46875 0.42109375 0.0078125 0.01484375
1 0.94609375 0.94296875 0.0109375 0.01640625
1 0.97265625 0.35 0.009375 0.01328125
1 0.459375 0.3578125 0.00703125 0.01015625
1 0.74609375 0.36015625 0.01328125 0.02421875
1 0.98203125 0.35390625 0.01015625 0.015625
1 0.575 0.30859375 0.009375 0.01328125
1 0.87890625 0.84453125 0.0078125 0.0109375
1 0.6671875 0.33515625 0.0078125 0.0125
1 0.55859375 0.415625 0.00859375 0.0140625
1 0.71953125 0.43125 0.00859375 0.015625
1 0.415625 0.3421875 0.0109375 0.0140625
1 0.81171875 0.43125 0.00703125 0.01328125
1 0.4359375 0.39609375 0.0078125 0.009375