4 0.12421875 0.38046875 0.1203125 0.1015625
3 0.56953125 0.2546875 0.0921875 0.0828125
2 0.2375 0.21640625 0.1171875 0.0703125
2 0.75390625 0.209375 0.11875 0.0640625
1 0.26640625 0.4859375 0.0390625 0.0265625
1 0.82734375 0.44296875 0.0421875 0.0265625
1 0.390625 0.3953125 0.0390625 0.0234375
1 0.11484375 0.53828125 0.0421875 0.0296875
1 0.675 0.44375 0.0390625 0.0265625
1 0.615625 0.35546875 0.0390625 0.0234375
4 0.2375 0.86953125 0.1140625 0.0921875
1 0.9171875 0.5015625 0.0421875 0.028125
1 0.98515625 0.43515625 0.0296875 0.0265625
1 0.50234375 0.4171875 0.0390625 0.025
4 0.42109375 0.3625 0.096875 0.103125
1 0.60234375 0.4390625 0.040625 0.0265625
1 0.64609375 0.50078125 0.0421875 0.0265625
1 0.45234375 0.41640625 0.0390625 0.0234375
1 0.98359375 0.46796875 0.0328125 0.0265625
4 0.190625 0.58203125 0.121875 0.1390625
1 0.6921875 0.5625 0.0421875 0.03125
1 0.61953125 0.46640625 0.0390625 0.0265625
1 0.6078125 0.509375 0.040625 0.028125
1 0.06640625 0.58515625 0.04375 0.0296875
1 0.9421875 0.459375 0.0421875 0.0265625
1 0.29609375 0.44609375 0.0390625 0.0265625
1 0.65625 0.890625 0.0390625 0.0234375
1 0.328125 0.89609375 0.0421875 0.0265625
1 0.8703125 0.4265625 0.0390625 0.0265625
1 0.46015625 0.5015625 0.040625 0.0265625
1 0.371875 0.89609375 0.0390625 0.0234375
1 0.07421875 0.45234375 0.040625 0.025
1 0.32578125 0.56171875 0.0421875 0.0296875
1 0.91484375 0.43046875 0.0390625 0.0234375
1 0.540625 0.30859375 0.0375 0.0234375
1 0.5453125 0.4296875 0.0390625 0.0265625
1 0.28359375 0.55078125 0.0421875 0.028125
1 0.2875 0.50625 0.040625 0.0265625
0 0.16328125 0.128125 0.0421875 0.0265625
1 0.90234375 0.41796875 0.040625 0.025
1 0.63984375 0.42734375 0.0390625 0.0265625
1 0.34765625 0.44296875 0.0390625 0.0265625
1 0.47109375 0.9046875 0.0390625 0.0203125
1 0.66015625 0.37890625 0.0390625 0.0234375
1 0.2875 0.53359375 0.040625 0.0265625
1 0.84453125 0.92890625 0.0453125 0.0328125
0 0.26171875 0.803125 0.0390625 0.028125
1 0.55625 0.3484375 0.0390625 0.0234375
1 0.14921875 0.43984375 0.0390625 0.0234375
1 0.028125 0.42109375 0.0390625 0.0234375
1 0.96484375 0.46953125 0.0421875 0.0265625
1 0.7078125 0.43671875 0.0390625 0.0234375
1 0.24140625 0.61171875 0.0390625 0.0296875
1 0.73515625 0.5328125 0.0421875 0.0265625
1 0.20234375 0.4671875 0.0421875 0.028125
0 0.14375 0.2140625 0.040625 0.0296875
1 0.8546875 0.3390625 0.0390625 0.021875
1 0.309375 0.47734375 0.0390625 0.0265625
1 0.78359375 0.640625 0.0421875 0.0296875
1 0.0421875 0.40859375 0.0390625 0.0234375
1 0.6484375 0.3671875 0.0390625 0.0234375
1 0.33828125 0.37890625 0.0390625 0.0234375
1 0.1453125 0.94609375 0.0453125 0.03125
1 0.59453125 0.31953125 0.0390625 0.0234375
1 0.60390625 0.9046875 0.0390625 0.0203125
1 0.671875 0.9046875 0.0390625 0.0203125
1 0.93515625 0.9421875 0.0453125 0.0375
1 0.36953125 0.47578125 0.040625 0.0265625
1 0.89609375 0.30234375 0.0375 0.0203125
1 0.02109375 0.496875 0.0421875 0.0265625
1 0.35625 0.290625 0.0359375 0.0203125
1 0.06171875 0.409375 0.0390625 0.025
1 0.32734375 0.32578125 0.0390625 0.0234375
1 0.0640625 0.396875 0.0390625 0.0203125
1 0.83984375 0.26015625 0.0390625 0.0203125
1 0.59140625 0.296875 0.0375 0.0203125
1 0.14140625 0.9796875 0.0484375 0.040625
1 0.41953125 0.90546875 0.0375 0.0171875
1 0.39453125 0.31796875 0.0390625 0.0234375
1 0.70078125 0.4625 0.040625 0.0234375
1 0.5578125 0.4265625 0.0390625 0.0265625
1 0.88046875 0.93046875 0.04375 0.0296875
1 0.01328125 0.46640625 0.0265625 0.0203125
0 0.2734375 0.7265625 0.040625 0.0265625
1 0.4375 0.28984375 0.0390625 0.021875
1 0.959375 0.44140625 0.0390625 0.025
1 0.72734375 0.4953125 0.0421875 0.0234375
1 0.3578125 0.45859375 0.0390625 0.0265625
1 0.72109375 0.4453125 0.0390625 0.0234375
0 0.153125 0.2140625 0.040625 0.0265625
1 0.10390625 0.29765625 0.0375 0.021875
1 0.58515625 0.6171875 0.0421875 0.0234375
1 0.73203125 0.4796875 0.0390625 0.025
1 0.71328125 0.51171875 0.0421875 0.0265625
1 0.43515625 0.4140625 0.040625 0.0265625
1 0.01015625 0.51328125 0.0203125 0.0265625
0 0.19453125 0.15 0.0390625 0.0265625
0 0.19375 0.12421875 0.040625 0.0265625
1 0.0109375 0.42734375 0.021875 0.0234375
1 0.85078125 0.98984375 0.0515625 0.0203125
1 0.08046875 0.30390625 0.0375 0.0203125
1 0.78515625 0.88515625 0.0390625 0.0234375
1 0.3140625 0.36328125 0.0390625 0.0234375
1 0.0140625 0.48671875 0.028125 0.0265625
1 0.16015625 0.4484375 0.040625 0.025
1 0.24296875 0.91875 0.0421875 0.0296875
0 0.1421875 0.2890625 0.0390625 0.0234375
1 0.08203125 0.62421875 0.0421875 0.0234375
1 0.30390625 0.896875 0.0421875 0.0265625
1 0.7640625 0.9296875 0.04375 0.0328125
1 0.7265625 0.51171875 0.0421875 0.0265625
1 0.634375 0.39765625 0.0390625 0.0234375
0 0.1453125 0.3328125 0.0390625 0.0234375
1 0.4171875 0.871875 0.0359375 0.01875
1 0.946875 0.44296875 0.0390625 0.0234375
1 0.946875 0.3515625 0.040625 0.0234375
1 0.6703125 0.34140625 0.0359375 0.021875
0 0.2625 0.746875 0.0390625 0.025
1 0.43046875 0.26953125 0.0375 0.0203125
1 0.65 0.309375 0.0390625 0.0234375
1 0.88671875 0.9578125 0.0484375 0.0390625
1 0.721875 0.86875 0.0359375 0.0203125
1 0.628125 0.4421875 0.0390625 0.0234375
1 0.4046875 0.51328125 0.0390625 0.0234375
1 0.73828125 0.92890625 0.0421875 0.028125
1 0.18125 0.93359375 0.0421875 0.028125
0 0.86640625 0.8421875 0.0421875 0.0296875
1 0.41640625 0.2671875 0.0390625 0.0203125
1 0.71015625 0.49609375 0.040625 0.021875
1 0.728125 0.35859375 0.0390625 0.0265625
1 0.65625 0.32890625 0.0375 0.0203125
0 0.15859375 0.16953125 0.0421875 0.0265625
1 0.1734375 0.465625 0.0390625 0.021875
0 0.2625 0.7296875 0.0390625 0.0234375
1 0.97265625 0.3484375 0.0390625 0.0234375
0 0.2453125 0.7984375 0.0390625 0.0265625
1 0.98125 0.36796875 0.0375 0.0234375
1 0.1609375 0.28515625 0.0359375 0.0203125
1 0.6625 0.3421875 0.040625 0.021875
1 0.98359375 0.39296875 0.0328125 0.0234375
1 0.66484375 0.2609375 0.0375 0.0203125
1 0.18359375 0.9890625 0.0484375 0.021875
1 0.7375 0.50703125 0.040625 0.021875
1 0.37421875 0.2796875 0.0390625 0.0203125
1 0.73046875 0.9046875 0.0375 0.0203125
1 0.01640625 0.41015625 0.0328125 0.0234375
1 0.934375 0.34765625 0.0390625 0.021875
1 0.7546875 0.97421875 0.0453125 0.0390625
1 0.584375 0.31875 0.0390625 0.0203125
0 0.14140625 0.27265625 0.0390625 0.0234375
1 0.17890625 0.88671875 0.0390625 0.0234375
1 0.72109375 0.4765625 0.040625 0.0234375
1 0.696875 0.44765625 0.0390625 0.021875
1 0.59765625 0.64375 0.0390625 0.0234375
1 0.18359375 0.96015625 0.0453125 0.0375
1 0.0328125 0.3953125 0.0375 0.0203125
4 0.41484375 0.8375 0.0796875 0.0640625
1 0.52109375 0.26171875 0.0359375 0.0203125
1 0.15859375 0.43359375 0.0390625 0.0203125
1 0.15859375 0.9046875 0.0390625 0.0265625
0 0.18203125 0.1421875 0.0453125 0.0265625
1 0.68359375 0.6171875 0.0375 0.0203125
1 0.39140625 0.26484375 0.0390625 0.0203125
1 0.97734375 0.3921875 0.040625 0.025
1 0.07265625 0.32890625 0.0390625 0.021875
1 0.71171875 0.48203125 0.0390625 0.0203125
1 0.1546875 0.2890625 0.0390625 0.0203125
1 0.59921875 0.27734375 0.0390625 0.0203125
1 0.48671875 0.2609375 0.0375 0.0203125
1 0.3484375 0.26875 0.040625 0.0203125
1 0.6203125 0.45 0.0390625 0.0203125
1 0.40078125 0.265625 0.0390625 0.0203125
1 0.62265625 0.26484375 0.0390625 0.0203125
1 0.20859375 0.94453125 0.0453125 0.0359375
1 0.85859375 0.9046875 0.0421875 0.0265625
1 0.57109375 0.64921875 0.0375 0.0171875
1 0.7453125 0.51875 0.0390625 0.0234375
1 0.63046875 0.3859375 0.0390625 0.0203125
1 0.81328125 0.9328125 0.0390625 0.025
1 0.13359375 0.909375 0.0421875 0.0265625
1 0.52109375 0.89296875 0.0375 0.01875
1 0.7796875 0.86640625 0.0359375 0.0171875
1 0.95859375 0.99140625 0.0453125 0.0171875
1 0.921875 0.2953125 0.0375 0.0203125
1 0.809375 0.2609375 0.0359375 0.0203125
1 0.34140625 0.26171875 0.0359375 0.0203125
1 0.0546875 0.36015625 0.0375 0.0203125
1 0.2578125 0.96171875 0.0484375 0.0390625
1 0.93203125 0.31640625 0.0390625 0.021875
1 0.10703125 0.27890625 0.0375 0.0234375
1 0.75234375 0.9421875 0.0453125 0.0234375
1 0.12265625 0.27734375 0.0390625 0.0234375
1 0.7359375 0.98125 0.046875 0.0375
1 0.0109375 0.39375 0.021875 0.021875
1 0.14375 0.88671875 0.0390625 0.0234375
1 0.87109375 0.26875 0.0390625 0.0203125
1 0.31640625 0.89453125 0.0390625 0.0234375
1 0.8796875 0.2703125 0.0375 0.0203125
1 0.04609375 0.36875 0.0390625 0.0234375
1 0.60234375 0.265625 0.0375 0.01875
1 0.01484375 0.371875 0.0296875 0.021875
1 0.66484375 0.271875 0.0359375 0.015625
1 0.44609375 0.871875 0.0359375 0.0203125
1 0.90078125 0.91484375 0.04375 0.0296875
1 0.35859375 0.26875 0.0390625 0.0203125
1 0.0875 0.9171875 0.0453125 0.0328125
1 0.1125 0.9390625 0.0421875 0.028125
0 0.2765625 0.69921875 0.0390625 0.0203125
1 0.9890625 0.3671875 0.021875 0.025
0 0.16953125 0.2705729171875 0.16953125 0.2522135421875 0.14501201875 0.24609375 0.1296875 0.264453125 0.16953125 0.2705729171875
0 0.11015625 0.358009784375 0.1285456734375 0.36640625 0.15 0.3643071328125 0.15 0.34331597187499996 0.11628605781250001 0.34331597187499996 0.11015625 0.358009784375