2 0.77109375 0.21953125 0.103125 0.0625
4 0.20859375 0.8296875 0.065625 0.059375
1 0.14765625 0.5796875 0.028125 0.021875
1 0.7453125 0.48046875 0.0265625 0.021875
1 0.92265625 0.49375 0.028125 0.021875
3 0.77890625 0.82890625 0.06875 0.0515625
1 0.64921875 0.49453125 0.028125 0.0234375
1 0.28671875 0.47890625 0.025 0.01875
1 0.4359375 0.4078125 0.025 0.01875
1 0.0484375 0.4234375 0.025 0.01875
1 0.7328125 0.846875 0.0234375 0.015625
1 0.46015625 0.484375 0.0265625 0.0234375
1 0.22421875 0.8921875 0.028125 0.025
1 0.18515625 0.57265625 0.028125 0.028125
1 0.60703125 0.49921875 0.028125 0.025
1 0.20546875 0.42890625 0.025 0.0203125
1 0.61796875 0.896875 0.0296875 0.025
1 0.6765625 0.51796875 0.028125 0.025
1 0.61875 0.43046875 0.0265625 0.01875
1 0.07890625 0.43046875 0.025 0.01875
1 0.33515625 0.46875 0.0265625 0.01875
1 0.6265625 0.5421875 0.028125 0.0265625
2 0.24921875 0.22421875 0.109375 0.053125
1 0.7265625 0.44453125 0.025 0.0203125
1 0.3015625 0.45546875 0.025 0.0203125
1 0.38203125 0.4078125 0.025 0.01875
1 0.6671875 0.41796875 0.025 0.01875
1 0.69296875 0.57890625 0.0296875 0.0265625
1 0.940625 0.3953125 0.025 0.01875
1 0.5125 0.396875 0.025 0.01875
1 0.40703125 0.4328125 0.025 0.01875
1 0.33984375 0.89140625 0.0265625 0.0203125
1 0.48671875 0.40546875 0.0265625 0.01875
1 0.92265625 0.38828125 0.025 0.01875
1 0.71015625 0.525 0.028125 0.025
1 0.62578125 0.3859375 0.025 0.01875
1 0.50859375 0.421875 0.025 0.01875
1 0.59375 0.49765625 0.0265625 0.021875
1 0.340625 0.86875 0.025 0.01875
1 0.88125 0.378125 0.025 0.01875
1 0.4875 0.46171875 0.025 0.021875
1 0.3390625 0.4515625 0.028125 0.01875
1 0.57265625 0.4671875 0.025 0.0203125
3 0.26015625 0.82890625 0.071875 0.059375
0 0.721875 0.21875 0.025 0.01875
1 0.61796875 0.40859375 0.025 0.01875
1 0.73046875 0.6203125 0.03125 0.0234375
1 0.115625 0.9296875 0.03125 0.0328125
1 0.46328125 0.40625 0.025 0.01875
1 0.059375 0.37890625 0.025 0.01875
1 0.240625 0.85 0.0234375 0.015625
1 0.57265625 0.36640625 0.025 0.01875
1 0.68359375 0.35625 0.025 0.01875
1 0.37265625 0.37890625 0.025 0.01875
1 0.11015625 0.50546875 0.028125 0.021875
1 0.31875 0.85703125 0.0234375 0.0171875
1 0.60859375 0.3796875 0.025 0.01875
1 0.68515625 0.39453125 0.025 0.01875
1 0.9859375 0.3734375 0.028125 0.01875
1 0.46640625 0.428125 0.025 0.01875
1 0.91953125 0.37421875 0.025 0.015625
1 0.65078125 0.55078125 0.028125 0.025
3 0.3328125 0.2859375 0.0578125 0.053125
1 0.90859375 0.38671875 0.025 0.01875
1 0.35234375 0.41953125 0.025 0.01875
1 0.340625 0.39609375 0.025 0.01875
1 0.3671875 0.42109375 0.025 0.01875
1 0.4671875 0.3515625 0.0234375 0.0171875
1 0.5328125 0.4328125 0.025 0.01875
1 0.20546875 0.96953125 0.0359375 0.0421875
1 0.5984375 0.39140625 0.025 0.01875
1 0.59140625 0.45390625 0.025 0.01875
1 0.340625 0.38046875 0.025 0.015625
1 0.6828125 0.559375 0.028125 0.0234375
1 0.628125 0.36953125 0.025 0.015625
1 0.3265625 0.4859375 0.0265625 0.021875
1 0.028125 0.39140625 0.025 0.01875
1 0.665625 0.34296875 0.025 0.015625
1 0.4546875 0.42265625 0.025 0.01875
1 0.4171875 0.49453125 0.028125 0.021875
1 0.065625 0.44765625 0.025 0.021875
1 0.88984375 0.34765625 0.025 0.0171875
1 0.5984375 0.42578125 0.0265625 0.01875
0 0.73984375 0.77890625 0.021875 0.015625
1 0.8671875 0.3328125 0.025 0.01875
1 0.16171875 0.89296875 0.028125 0.025
1 0.58359375 0.346875 0.025 0.01875
1 0.40625 0.4796875 0.025 0.01875
1 0.61875 0.59453125 0.0265625 0.01875
1 0.34609375 0.90390625 0.028125 0.015625
1 0.14375 0.90546875 0.03125 0.028125
1 0.7421875 0.64140625 0.028125 0.01875
1 0.66640625 0.328125 0.0234375 0.015625
1 0.49921875 0.3984375 0.025 0.0203125
1 0.35703125 0.384375 0.025 0.0203125
1 0.1296875 0.3328125 0.0234375 0.015625
1 0.35390625 0.35859375 0.0234375 0.015625
1 0.10859375 0.48359375 0.028125 0.025
1 0.29140625 0.86640625 0.025 0.01875
1 0.54375 0.36796875 0.025 0.0171875
4 0.8140625 0.58828125 0.0875 0.10625
1 0.7015625 0.54609375 0.028125 0.025
1 0.82890625 0.3015625 0.021875 0.015625
1 0.68515625 0.41953125 0.0265625 0.01875
1 0.56953125 0.4453125 0.0265625 0.01875
1 0.1796875 0.30546875 0.021875 0.015625
1 0.61484375 0.30078125 0.021875 0.015625
1 0.64765625 0.3375 0.025 0.01875
1 0.65 0.3828125 0.025 0.01875
1 0.8796875 0.35546875 0.025 0.0171875
1 0.2953125 0.34296875 0.025 0.01875
1 0.0921875 0.54453125 0.03125 0.025
1 0.82421875 0.99140625 0.0359375 0.0171875
1 0.9875 0.4140625 0.025 0.021875
1 0.303125 0.86875 0.025 0.0171875
1 0.31484375 0.434375 0.025 0.0203125
1 0.7140625 0.42734375 0.025 0.01875
1 0.20703125 0.88984375 0.03125 0.0265625
1 0.5828125 0.43046875 0.0265625 0.01875
1 0.0734375 0.5078125 0.0265625 0.021875
1 0.834375 0.878125 0.025 0.0203125
1 0.4484375 0.89921875 0.028125 0.0203125
1 0.1921875 0.4171875 0.025 0.01875
1 0.8453125 0.31796875 0.025 0.0171875
1 0.31640625 0.40625 0.025 0.0203125
1 0.34453125 0.30703125 0.0234375 0.015625
1 0.8109375 0.85078125 0.021875 0.015625
1 0.40859375 0.28359375 0.025 0.01875
0 0.7203125 0.73359375 0.0234375 0.015625
0 0.7328125 0.778125 0.0234375 0.015625
1 0.32578125 0.44296875 0.0265625 0.01875
1 0.1203125 0.49921875 0.025 0.025
1 0.8265625 0.3375 0.025 0.0171875
1 0.634375 0.353125 0.025 0.015625
1 0.57265625 0.4203125 0.025 0.01875
1 0.52890625 0.41640625 0.025 0.01875
1 0.83046875 0.85703125 0.0234375 0.015625
1 0.38125 0.32109375 0.021875 0.015625
1 0.11328125 0.88671875 0.028125 0.0234375
1 0.5375 0.39921875 0.025 0.01875
1 0.55390625 0.4078125 0.025 0.015625
1 0.22109375 0.8546875 0.025 0.0125
1 0.33671875 0.35625 0.021875 0.015625
1 0.38671875 0.3515625 0.025 0.01875
1 0.303125 0.42578125 0.025 0.01875
1 0.5203125 0.32734375 0.0234375 0.015625
1 0.64921875 0.30078125 0.025 0.015625
1 0.48359375 0.309375 0.021875 0.015625
1 0.36796875 0.90234375 0.0296875 0.01875
1 0.54375 0.34765625 0.025 0.01875
1 0.58203125 0.39609375 0.0265625 0.021875
1 0.425 0.51484375 0.025 0.0171875
1 0.528125 0.340625 0.025 0.0171875
1 0.06328125 0.9390625 0.03125 0.0328125
1 0.65859375 0.371875 0.025 0.0125
1 0.54140625 0.325 0.021875 0.0171875
1 0.75390625 0.85 0.021875 0.015625
1 0.36640625 0.31953125 0.021875 0.015625
1 0.81484375 0.8734375 0.025 0.01875
1 0.79765625 0.86796875 0.025 0.0171875
1 0.66328125 0.865625 0.025 0.0203125
1 0.5453125 0.43828125 0.025 0.015625
1 0.8515625 0.85625 0.021875 0.01875
1 0.33984375 0.34609375 0.021875 0.015625
1 0.415625 0.3578125 0.025 0.0171875
1 0.19140625 0.3609375 0.025 0.0171875
1 0.14921875 0.3296875 0.0234375 0.015625
1 0.6640625 0.596875 0.025 0.015625
1 0.084375 0.51484375 0.028125 0.021875
1 0.31484375 0.31953125 0.025 0.0171875
1 0.35625 0.33671875 0.025 0.015625
1 0.4453125 0.33046875 0.021875 0.015625
1 0.84375 0.87109375 0.025 0.0171875
1 0.19375 0.4 0.025 0.015625
1 0.59375 0.29609375 0.021875 0.015625
1 0.59375 0.37578125 0.028125 0.01875
1 0.5984375 0.44140625 0.0265625 0.01875
1 0.62578125 0.58203125 0.028125 0.0203125
1 0.9921875 0.375 0.015625 0.01875
1 0.1 0.865625 0.028125 0.021875
1 0.92421875 0.31953125 0.025 0.0171875
1 0.11015625 0.33515625 0.0234375 0.015625
0 0.7078125 0.7109375 0.021875 0.01875
1 0.56875 0.43359375 0.0265625 0.015625
1 0.434375 0.89921875 0.028125 0.021875
1 0.09140625 0.346875 0.025 0.015625
0 0.72578125 0.77109375 0.025 0.015625
1 0.396875 0.8984375 0.03125 0.025
1 0.55234375 0.38125 0.025 0.0203125
1 0.58046875 0.3796875 0.025 0.015625
1 0.37265625 0.340625 0.025 0.01875
1 0.8546875 0.3203125 0.025 0.015625
1 0.0671875 0.43203125 0.025 0.015625
1 0.5703125 0.39375 0.0265625 0.01875
1 0.8453125 0.29921875 0.025 0.015625
1 0.4265625 0.36640625 0.0265625 0.01875
1 0.40078125 0.30390625 0.025 0.015625
4 0.73203125 0.81328125 0.065625 0.0625
1 0.296875 0.6484375 0.0234375 0.0125
1 0.4203125 0.84921875 0.021875 0.0125
1 0.54765625 0.396875 0.025 0.01875
1 0.56640625 0.85 0.021875 0.0125
1 0.084375 0.8703125 0.025 0.0171875
1 0.28125 0.46171875 0.0234375 0.015625
1 0.41875 0.421875 0.0234375 0.01875
1 0.07265625 0.35 0.025 0.015625
1 0.92109375 0.8484375 0.025 0.015625
1 0.38984375 0.29609375 0.021875 0.015625
1 0.78828125 0.56328125 0.025 0.021875
0 0.72578125 0.7203125 0.025 0.015625
1 0.17265625 0.64296875 0.028125 0.021875
1 0.2359375 0.58984375 0.0234375 0.0140625
1 0.91953125 0.8734375 0.025 0.01875
1 0.85546875 0.3046875 0.025 0.015625
1 0.4453125 0.2953125 0.0234375 0.015625
1 0.83984375 0.8421875 0.021875 0.0125
1 0.425 0.30859375 0.025 0.01875
1 0.15234375 0.64140625 0.028125 0.025
1 0.16953125 0.3046875 0.021875 0.015625
1 0.471875 0.3046875 0.025 0.015625
1 0.8984375 0.9921875 0.028125 0.015625
1 0.5546875 0.43828125 0.025 0.015625
1 0.76953125 0.84609375 0.0234375 0.015625
4 0.18515625 0.33203125 0.040625 0.0484375
1 0.309375 0.28046875 0.025 0.01875
1 0.9359375 0.875 0.025 0.01875
1 0.1140625 0.53359375 0.025 0.015625
1 0.1421875 0.31953125 0.0234375 0.015625
1 0.35859375 0.890625 0.028125 0.0171875
1 0.053125 0.984375 0.034375 0.03125
3 0.01953125 0.334375 0.0390625 0.0875
1 0.3234375 0.4 0.0234375 0.0171875
1 0.82421875 0.87578125 0.0265625 0.0203125
1 0.53671875 0.41875 0.025 0.0171875