2 0.77734375 0.2296875 0.121875 0.0625
4 0.45390625 0.25 0.096875 0.0734375
4 0.69921875 0.58828125 0.153125 0.140625
2 0.2625 0.196875 0.125 0.05625
1 0.65078125 0.43984375 0.040625 0.0125
1 0.03828125 0.396875 0.0421875 0.0140625
1 0.66796875 0.4625 0.040625 0.0140625
1 0.23984375 0.53984375 0.04375 0.0171875
1 0.40234375 0.4 0.040625 0.0125
3 0.90234375 0.5828125 0.14375 0.1421875
1 0.25859375 0.5265625 0.04375 0.0171875
1 0.3078125 0.4453125 0.040625 0.0140625
1 0.39296875 0.37578125 0.040625 0.0109375
1 0.4421875 0.3921875 0.040625 0.0125
1 0.4828125 0.440625 0.040625 0.0140625
1 0.32265625 0.52421875 0.0421875 0.0171875
1 0.6890625 0.38125 0.0390625 0.0109375
1 0.33359375 0.49140625 0.0421875 0.0140625
1 0.4359375 0.51171875 0.0421875 0.0171875
1 0.58359375 0.44296875 0.0421875 0.0140625
1 0.0328125 0.478125 0.04375 0.0171875
1 0.4765625 0.3578125 0.040625 0.0125
1 0.45625 0.35390625 0.0390625 0.0109375
1 0.82109375 0.921875 0.0421875 0.015625
1 0.51796875 0.3546875 0.040625 0.0109375
1 0.28046875 0.4546875 0.0421875 0.0140625
1 0.6296875 0.41484375 0.040625 0.0140625
1 0.10859375 0.3125 0.0390625 0.0109375
1 0.3171875 0.49296875 0.0421875 0.015625
1 0.01484375 0.51484375 0.0296875 0.0171875
1 0.08046875 0.5828125 0.0421875 0.015625
1 0.8640625 0.63671875 0.0421875 0.015625
1 0.94453125 0.35390625 0.0390625 0.009375
1 0.67734375 0.33984375 0.0375 0.009375
1 0.5296875 0.35859375 0.040625 0.0125
1 0.55 0.359375 0.0390625 0.0125
1 0.2671875 0.4671875 0.040625 0.0140625
1 0.95390625 0.38359375 0.0421875 0.0109375
1 0.8953125 0.9421875 0.04375 0.0171875
1 0.425 0.36484375 0.0390625 0.0109375
1 0.2921875 0.428125 0.040625 0.0109375
1 0.359375 0.37421875 0.040625 0.0109375
1 0.15078125 0.31484375 0.0390625 0.0109375
1 0.2890625 0.4765625 0.0421875 0.0140625
1 0.66953125 0.2765625 0.0375 0.0078125
1 0.16015625 0.2625 0.0375 0.0078125
1 0.36328125 0.39296875 0.040625 0.0109375
1 0.33359375 0.56640625 0.04375 0.0171875
1 0.14765625 0.38046875 0.040625 0.0125
1 0.9421875 0.434375 0.0421875 0.0125
1 0.40546875 0.340625 0.0390625 0.0109375
1 0.91875 0.3265625 0.0390625 0.009375
1 0.76875 0.98515625 0.0515625 0.025
1 0.35078125 0.48046875 0.0421875 0.0140625
1 0.3515625 0.4359375 0.0421875 0.0140625
1 0.01953125 0.39296875 0.0390625 0.0140625
1 0.33046875 0.44375 0.0421875 0.0140625
1 0.1953125 0.3828125 0.040625 0.0125
1 0.89296875 0.3296875 0.0390625 0.009375
1 0.8265625 0.8921875 0.0375 0.009375
1 0.46328125 0.321875 0.0390625 0.009375
1 0.4421875 0.29453125 0.0390625 0.0109375
1 0.4125 0.27890625 0.0390625 0.0109375
1 0.1578125 0.61953125 0.04375 0.01875
1 0.85390625 0.32109375 0.0375 0.0078125
1 0.3390625 0.3734375 0.0390625 0.009375
1 0.34375 0.35 0.0390625 0.0109375
1 0.11875 0.29375 0.0390625 0.009375
1 0.56640625 0.4109375 0.0421875 0.0140625
1 0.453125 0.4640625 0.0390625 0.0125
1 0.97734375 0.38515625 0.0421875 0.0109375
1 0.46640625 0.3984375 0.040625 0.0125
1 0.4765625 0.31875 0.0375 0.009375
1 0.8125 0.9875 0.0515625 0.0203125
1 0.984375 0.60078125 0.03125 0.0171875
1 0.3609375 0.3515625 0.0390625 0.0109375
1 0.14140625 0.62890625 0.04375 0.0125
1 0.9296875 0.36953125 0.0390625 0.009375
1 0.38515625 0.41484375 0.0390625 0.0109375
1 0.925 0.38203125 0.0390625 0.0109375
1 0.2640625 0.60546875 0.040625 0.00625
1 0.93359375 0.33125 0.0390625 0.009375
1 0.6515625 0.271875 0.0375 0.0078125
1 0.0703125 0.35 0.040625 0.0109375
1 0.3296875 0.88671875 0.04375 0.0171875
1 0.85078125 0.88984375 0.0375 0.009375
1 0.4109375 0.365625 0.040625 0.015625
1 0.8640625 0.303125 0.0375 0.0078125
1 0.19453125 0.2484375 0.0375 0.00625
1 0.18046875 0.25546875 0.0375 0.0109375
1 0.9 0.2953125 0.0390625 0.0078125
1 0.17890625 0.59921875 0.040625 0.0078125
1 0.49453125 0.2859375 0.0375 0.0078125
1 0.34765625 0.25078125 0.0375 0.009375
1 0.478125 0.29140625 0.0375 0.0078125
1 0.846875 0.33828125 0.0390625 0.009375
1 0.39296875 0.41953125 0.040625 0.0125
1 0.02578125 0.36875 0.040625 0.0109375
1 0.31796875 0.41640625 0.0421875 0.0125
1 0.340625 0.471875 0.0421875 0.0109375
1 0.9171875 0.95390625 0.04375 0.0203125
1 0.396875 0.3109375 0.040625 0.0109375
1 0.0375 0.3546875 0.0421875 0.0140625
1 0.896875 0.31171875 0.0375 0.0078125
1 0.16796875 0.24453125 0.0375 0.0078125
1 0.346875 0.33515625 0.0390625 0.0109375
1 0.4046875 0.26328125 0.0375 0.009375
1 0.4703125 0.30390625 0.0390625 0.0078125
1 0.8796875 0.90390625 0.0390625 0.009375
1 0.8390625 0.28984375 0.0375 0.0078125
1 0.2640625 0.6203125 0.040625 0.0078125
1 0.86796875 0.29296875 0.0375 0.00625
1 0.12890625 0.26015625 0.0390625 0.0078125
1 0.7515625 0.8796875 0.0359375 0.0078125
1 0.134375 0.246875 0.0390625 0.009375
1 0.9296875 0.96953125 0.040625 0.0109375
1 0.1203125 0.27109375 0.0390625 0.009375
1 0.409375 0.3203125 0.040625 0.0078125
1 0.91796875 0.92734375 0.0421875 0.0125
1 0.83359375 0.28671875 0.0375 0.0078125
1 0.37265625 0.38125 0.0390625 0.009375
1 0.10390625 0.30078125 0.0375 0.0078125
1 0.815625 0.87421875 0.0375 0.00625
1 0.98515625 0.40390625 0.0296875 0.0078125
1 0.59453125 0.26328125 0.0390625 0.009375
1 0.1203125 0.2515625 0.0390625 0.0078125
1 0.015625 0.3578125 0.03125 0.009375
1 0.346875 0.28828125 0.0390625 0.0078125
1 0.24921875 0.621875 0.0421875 0.0109375
1 0.3421875 0.44921875 0.0421875 0.0140625
1 0.49453125 0.2578125 0.0375 0.0078125
1 0.07265625 0.3171875 0.040625 0.0125
1 0.1453125 0.25078125 0.0390625 0.0078125
1 0.3015625 0.41953125 0.040625 0.0109375
1 0.40390625 0.32890625 0.0390625 0.00625
1 0.00859375 0.603125 0.0171875 0.009375
1 0.37578125 0.36875 0.040625 0.0109375
1 0.06171875 0.34296875 0.0390625 0.0109375
3 0.33125 0.31875 0.071875 0.0734375
1 0.60390625 0.26484375 0.0375 0.0078125
1 0.77109375 0.86875 0.0359375 0.00625
1 0.0140625 0.34453125 0.028125 0.0078125
1 0.89765625 0.90859375 0.0390625 0.009375
1 0.8890625 0.8859375 0.0359375 0.0078125
1 0.334375 0.36328125 0.0390625 0.0078125
1 0.02421875 0.32890625 0.0390625 0.009375
1 0.79765625 0.884375 0.0359375 0.00625
1 0.178125 0.61328125 0.040625 0.00625
1 0.559375 0.87265625 0.0375 0.009375
1 0.7859375 0.88046875 0.0359375 0.0078125
1 0.915625 0.9125 0.0390625 0.009375
1 0.484375 0.26015625 0.040625 0.009375
1 0.9203125 0.996875 0.0453125 0.0015625
1 0.23515625 0.49921875 0.0359375 0.00625
1 0.546875 0.87265625 0.0375 0.0078125
4 0.29765625 0.84609375 0.096875 0.0671875
1 0.8421875 0.66328125 0.0421875 0.00625
1 0.44296875 0.8875 0.0390625 0.00625
1 0.571875 0.86875 0.0375 0.0078125