3 0.44609375 0.35234375 0.06875 0.08984375
1 0.68046875 0.49375 0.0125 0.0203125
2 0.7703125 0.21953125 0.08671875 0.0578125
3 0.86796875 0.30625 0.07421875 0.07890625
1 0.23125 0.56875 0.01328125 0.0234375
1 0.00546875 0.46875 0.0109375 0.01796875
1 0.8828125 0.38203125 0.01015625 0.015625
1 0.31953125 0.48125 0.01015625 0.015625
1 0.1546875 0.4171875 0.009375 0.01640625
1 0.18359375 0.446875 0.009375 0.015625
1 0.9734375 0.42109375 0.0109375 0.0171875
1 0.659375 0.4484375 0.01015625 0.01796875
1 0.9734375 0.52265625 0.0140625 0.02265625
1 0.73046875 0.5 0.01171875 0.021875
1 0.6421875 0.5140625 0.01171875 0.02109375
4 0.13359375 0.33203125 0.0515625 0.0609375
1 0.08359375 0.4875 0.01171875 0.01953125
1 0.353125 0.4171875 0.009375 0.01640625
1 0.8703125 0.8984375 0.01328125 0.021875
1 0.16484375 0.56875 0.0125 0.0234375
1 0.66640625 0.49375 0.0109375 0.01953125
3 0.915625 0.8484375 0.059375 0.07578125
1 0.04765625 0.47734375 0.01171875 0.0171875
1 0.35625 0.8734375 0.0109375 0.01875
1 0.334375 0.89765625 0.0125 0.0203125
1 0.86953125 0.565625 0.0140625 0.02421875
1 0.61015625 0.39140625 0.01015625 0.01640625
1 0.71015625 0.434375 0.01015625 0.0171875
1 0.83046875 0.88984375 0.01171875 0.0203125
1 0.70703125 0.85625 0.00859375 0.01484375
1 0.27265625 0.871875 0.01015625 0.01640625
1 0.7046875 0.45859375 0.01015625 0.01875
1 0.26875 0.50859375 0.01171875 0.0203125
2 0.25 0.228125 0.0890625 0.0453125
1 0.671875 0.41875 0.0109375 0.01640625
1 0.64765625 0.465625 0.0109375 0.01875
1 0.56484375 0.4640625 0.01015625 0.01796875
1 0.94765625 0.37734375 0.01015625 0.015625
1 0.67265625 0.875 0.0109375 0.01953125
1 0.70078125 0.41953125 0.0109375 0.01640625
1 0.05859375 0.446875 0.01015625 0.01796875
1 0.8515625 0.8953125 0.0125 0.0203125
4 0.6984375 0.57890625 0.115625 0.12421875
1 0.28359375 0.490625 0.0109375 0.0171875
1 0.49765625 0.40234375 0.01015625 0.01640625
1 0.575 0.45234375 0.01171875 0.0171875
1 0.8484375 0.4328125 0.0109375 0.0171875
1 0.44140625 0.5890625 0.0125 0.01796875
1 0.6609375 0.353125 0.00859375 0.01328125
3 0.98203125 0.34921875 0.0359375 0.1
1 0.64765625 0.36796875 0.009375 0.0140625
1 0.446875 0.42109375 0.009375 0.015625
1 0.234375 0.9015625 0.01171875 0.02109375
1 0.5765625 0.425 0.0109375 0.0171875
3 0.84296875 0.8359375 0.03203125 0.05390625
1 0.6578125 0.8875 0.0125 0.02265625
1 0.36796875 0.340625 0.00703125 0.0140625
1 0.53828125 0.390625 0.01015625 0.015625
1 0.05234375 0.52109375 0.0125 0.01953125
1 0.65 0.43515625 0.01015625 0.01640625
1 0.5078125 0.390625 0.009375 0.015625
1 0.79453125 0.8703125 0.009375 0.01484375
1 0.2625 0.90546875 0.01328125 0.025
1 0.28125 0.85625 0.0078125 0.01328125
1 0.465625 0.415625 0.009375 0.01484375
1 0.30625 0.43359375 0.01015625 0.01640625
1 0.58359375 0.321875 0.0078125 0.0125
1 0.1890625 0.90859375 0.01484375 0.025
1 0.13046875 0.89453125 0.0125 0.02109375
1 0.375 0.90390625 0.0109375 0.0109375
0 0.77421875 0.1921875 0.01015625 0.01640625
1 0.4875 0.40234375 0.009375 0.015625
1 0.33203125 0.365625 0.0078125 0.0140625
1 0.04765625 0.45859375 0.01015625 0.0125
1 0.58984375 0.43984375 0.0109375 0.01640625
1 0.62890625 0.4265625 0.01015625 0.01640625
1 0.64609375 0.58984375 0.00859375 0.0171875
1 0.1046875 0.93359375 0.01640625 0.0296875
1 0.83125 0.33828125 0.0078125 0.0125
1 0.60234375 0.9046875 0.0125 0.01171875
1 0.58125 0.396875 0.0109375 0.0171875
1 0.28984375 0.47109375 0.0109375 0.0171875
1 0.07734375 0.95234375 0.01875 0.0359375
1 0.046875 0.5828125 0.01015625 0.0125
1 0.5578125 0.38046875 0.01015625 0.01640625
1 0.6671875 0.3828125 0.009375 0.01640625
1 0.996875 0.42578125 0.00625 0.01640625
1 0.3 0.4203125 0.00859375 0.0140625
1 0.603125 0.4328125 0.0109375 0.01640625
1 0.75625 0.853125 0.00703125 0.01328125
1 0.3 0.45703125 0.009375 0.01484375
1 0.12890625 0.87265625 0.01171875 0.01796875
1 0.7703125 0.83984375 0.00625 0.01015625
1 0.53828125 0.3359375 0.00859375 0.015625
1 0.63046875 0.38828125 0.009375 0.01484375
1 0.65234375 0.39375 0.00859375 0.0140625
1 0.08046875 0.39765625 0.009375 0.01484375
1 0.3953125 0.36875 0.00703125 0.0140625
1 0.22421875 0.9640625 0.0203125 0.03671875
1 0.4359375 0.4171875 0.00859375 0.0109375
1 0.584375 0.37890625 0.009375 0.01484375
1 0.69140625 0.384375 0.009375 0.015625
1 0.0625 0.89296875 0.01171875 0.02265625
1 0.10234375 0.9046875 0.01328125 0.01640625
1 0.62734375 0.32890625 0.00625 0.01328125
1 0.29609375 0.44609375 0.009375 0.0125
1 0.21796875 0.89453125 0.01328125 0.0203125
1 0.02890625 0.40234375 0.009375 0.01484375
1 0.05859375 0.3984375 0.01015625 0.0140625
1 0.190625 0.3203125 0.00703125 0.01171875
1 0.61875 0.5578125 0.00859375 0.0125
1 0.56171875 0.39765625 0.0109375 0.015625
1 0.5796875 0.346875 0.00859375 0.01484375
1 0.090625 0.371875 0.009375 0.0140625
1 0.5546875 0.303125 0.00703125 0.0109375
0 0.89609375 0.78046875 0.0078125 0.01484375
1 0.065625 0.42734375 0.01015625 0.01796875
1 0.51953125 0.89453125 0.0140625 0.0234375
1 0.05546875 0.42109375 0.00859375 0.01171875
1 0.640625 0.4515625 0.009375 0.0171875
1 0.50859375 0.31875 0.00703125 0.0125
1 0.05625 0.4328125 0.01015625 0.01171875
1 0.70390625 0.32578125 0.009375 0.01640625
1 0.0171875 0.40234375 0.00859375 0.01484375
1 0.46796875 0.396875 0.0125 0.01328125
1 0.50078125 0.3328125 0.0109375 0.01484375
1 0.20703125 0.88125 0.01015625 0.01640625
1 0.08046875 0.4203125 0.01015625 0.01640625
1 0.6734375 0.4734375 0.0109375 0.0140625
1 0.62734375 0.36953125 0.00859375 0.01640625
1 0.003125 0.44609375 0.00625 0.0140625
1 0.45625 0.30546875 0.00625 0.009375
1 0.675 0.34765625 0.009375 0.01328125
1 0.08984375 0.425 0.01015625 0.01640625
1 0.6140625 0.428125 0.01015625 0.01875
1 0.16796875 0.309375 0.009375 0.0171875
1 0.0921875 0.996875 0.01171875 0.00625
1 0.6046875 0.36796875 0.01015625 0.015625
1 0.528125 0.3203125 0.01015625 0.0140625
1 0.0765625 0.375 0.0078125 0.0140625
1 0.903125 0.98984375 0.01640625 0.01796875
1 0.92421875 0.54765625 0.009375 0.01484375
1 0.6625 0.403125 0.0109375 0.0140625
0 0.9 0.22109375 0.01015625 0.01484375
1 0.534375 0.6296875 0.0109375 0.01640625
1 0.61640625 0.34921875 0.0078125 0.0125
1 0.796875 0.8515625 0.00859375 0.0125
1 0.5015625 0.64140625 0.009375 0.0171875
1 0.571875 0.8484375 0.0078125 0.01171875
1 0.2796875 0.45859375 0.0078125 0.01171875
1 0.53125 0.8546875 0.009375 0.015625
1 0.490625 0.334375 0.0078125 0.0171875
1 0.01015625 0.39765625 0.00859375 0.015625
1 0.63515625 0.44140625 0.01015625 0.015625
0 0.88515625 0.7421875 0.0078125 0.01796875
1 0.59453125 0.2984375 0.0078125 0.0125
1 0.28984375 0.4578125 0.0078125 0.01328125
1 0.56953125 0.36015625 0.009375 0.0171875
1 0.6078125 0.42109375 0.00859375 0.0109375
1 0.03984375 0.38828125 0.0109375 0.0140625
1 0.571875 0.83515625 0.0078125 0.01484375
1 0.065625 0.40703125 0.00859375 0.0125
1 0.6109375 0.3015625 0.00859375 0.0125
1 0.59296875 0.3703125 0.01015625 0.0140625
1 0.05390625 0.38359375 0.00859375 0.01484375
1 0.87421875 0.871875 0.009375 0.015625
3 0.4234375 0.82421875 0.03046875 0.0421875
1 0.63828125 0.33046875 0.0078125 0.01484375
1 0.56953125 0.346875 0.01015625 0.0140625
1 0.540625 0.8484375 0.0078125 0.01171875
1 0.93046875 0.33359375 0.01015625 0.01484375
1 0.15625 0.30703125 0.0078125 0.0125
1 0.48671875 0.303125 0.01015625 0.01328125
1 0.81015625 0.8421875 0.01171875 0.01328125
1 0.16015625 0.9828125 0.02109375 0.03359375
1 0.06875 0.39765625 0.00859375 0.01328125
1 0.96953125 0.96875 0.0140625 0.02734375
1 0.1046875 0.8734375 0.01015625 0.01328125
1 0.746875 0.83984375 0.009375 0.01015625
0 0.9 0.2640625 0.009375 0.01328125
1 0.67734375 0.83046875 0.00546875 0.01015625
1 0.02578125 0.3890625 0.009375 0.01328125
1 0.196875 0.59140625 0.009375 0.009375
1 0.634375 0.634375 0.009375 0.0140625
3 0.0171875 0.91875 0.034375 0.14140625
1 0.56953125 0.81328125 0.00859375 0.01171875
1 0.0046875 0.55703125 0.009375 0.0328125
1 0.67890625 0.37890625 0.00859375 0.0140625
1 0.18515625 0.88125 0.0109375 0.01953125