2 0.7703125 0.21953125 0.0875 0.06015625
3 0.603125 0.32265625 0.0703125 0.07578125
3 0.6625 0.85390625 0.07578125 0.09765625
1 0.29453125 0.48359375 0.01171875 0.01953125
1 0.15859375 0.44140625 0.01015625 0.0171875
1 0.15390625 0.56875 0.01328125 0.0234375
1 0.19375 0.45546875 0.01015625 0.0171875
1 0.40703125 0.54296875 0.01328125 0.0234375
3 0.58125 0.44296875 0.09296875 0.1109375
1 0.446875 0.3921875 0.00859375 0.015625
1 0.4796875 0.57578125 0.0140625 0.02421875
1 0.7609375 0.51015625 0.0109375 0.0203125
1 0.1609375 0.42421875 0.01015625 0.0171875
1 0.66171875 0.4515625 0.0109375 0.01796875
2 0.24921875 0.22734375 0.090625 0.04765625
1 0.4484375 0.503125 0.01171875 0.01875
1 0.715625 0.50625 0.01171875 0.021875
1 0.50234375 0.553125 0.0125 0.021875
1 0.596875 0.875 0.0109375 0.01953125
1 0.265625 0.56796875 0.0125 0.0234375
1 0.92421875 0.90234375 0.0125 0.021875
1 0.9546875 0.403125 0.0109375 0.01640625
1 0.653125 0.5203125 0.01171875 0.02109375
1 0.47109375 0.46640625 0.01015625 0.01796875
1 0.92421875 0.42734375 0.0125 0.01875
1 0.66171875 0.43203125 0.01015625 0.01640625
1 0.5046875 0.38515625 0.00859375 0.01640625
1 0.0765625 0.43984375 0.0109375 0.0171875
1 0.79375 0.46796875 0.0125 0.0171875
1 0.53515625 0.3390625 0.0078125 0.0140625
1 0.9890625 0.43125 0.01171875 0.0171875
1 0.946875 0.90234375 0.0125 0.02265625
1 0.73984375 0.48515625 0.0109375 0.01875
1 0.7640625 0.5765625 0.01328125 0.02421875
1 0.34140625 0.33984375 0.0078125 0.0140625
1 0.821875 0.45078125 0.0109375 0.01875
1 0.20859375 0.871875 0.01015625 0.015625
1 0.85078125 0.45078125 0.0140625 0.021875
1 0.8125 0.4859375 0.0125 0.0203125
1 0.46484375 0.3421875 0.00703125 0.0140625
1 0.65859375 0.38125 0.0078125 0.0140625
1 0.1234375 0.3984375 0.01015625 0.01640625
1 0.18125 0.40625 0.00859375 0.01484375
1 0.575 0.36484375 0.00859375 0.01484375
1 0.72734375 0.453125 0.0109375 0.0171875
1 0.5578125 0.35703125 0.01015625 0.01640625
4 0.38203125 0.371875 0.06484375 0.10234375
1 0.86796875 0.33828125 0.0078125 0.0140625
1 0.44765625 0.346875 0.0078125 0.01484375
1 0.5046875 0.3296875 0.00703125 0.0125
1 0.17265625 0.95546875 0.01953125 0.034375
1 0.634375 0.46796875 0.01015625 0.01796875
1 0.90703125 0.37890625 0.01015625 0.015625
1 0.6140625 0.87109375 0.00859375 0.01640625
1 0.9015625 0.9 0.0140625 0.02109375
1 0.94296875 0.38359375 0.01015625 0.015625
1 0.22421875 0.8875 0.0125 0.02109375
1 0.27578125 0.51875 0.0125 0.0203125
1 0.15703125 0.87421875 0.00703125 0.01640625
1 0.54296875 0.37578125 0.00859375 0.015625
1 0.2671875 0.53359375 0.01171875 0.02109375
1 0.4875 0.640625 0.0140625 0.02265625
1 0.50390625 0.36796875 0.0078125 0.01328125
1 0.10859375 0.39765625 0.01015625 0.01484375
1 0.409375 0.421875 0.0078125 0.0125
1 0.73125 0.47109375 0.01015625 0.01875
1 0.12109375 0.51875 0.01015625 0.015625
1 0.73515625 0.85078125 0.01015625 0.015625
1 0.8265625 0.36796875 0.009375 0.01484375
1 0.7296875 0.61875 0.01328125 0.01796875
1 0.17578125 0.91171875 0.0140625 0.02421875
1 0.11171875 0.415625 0.01015625 0.015625
1 0.090625 0.43359375 0.009375 0.01640625
1 0.35390625 0.303125 0.00703125 0.01171875
1 0.825 0.89609375 0.01171875 0.02109375
1 0.85 0.63984375 0.01328125 0.01796875
1 0.934375 0.35234375 0.0109375 0.01328125
1 0.85 0.90234375 0.01328125 0.021875
1 0.946875 0.36953125 0.009375 0.0125
1 0.878125 0.8859375 0.0125 0.021875
1 0.675 0.45234375 0.01171875 0.01796875
1 0.06328125 0.9171875 0.0140625 0.028125
1 0.846875 0.321875 0.009375 0.0125
1 0.1296875 0.87109375 0.01015625 0.01484375
1 0.70546875 0.43125 0.009375 0.0140625
1 0.484375 0.3609375 0.009375 0.0171875
1 0.89296875 0.3453125 0.00859375 0.01484375
1 0.684375 0.44921875 0.009375 0.01953125
1 0.15703125 0.328125 0.0078125 0.01328125
1 0.11796875 0.86796875 0.009375 0.01484375
1 0.83515625 0.29296875 0.0125 0.01796875
0 0.5359375 0.7734375 0.01015625 0.02109375
1 0.83515625 0.88203125 0.01015625 0.01640625
1 0.1609375 0.3078125 0.00859375 0.01484375
1 0.16875 0.32890625 0.00703125 0.01328125
1 0.08125 0.41796875 0.009375 0.01484375
1 0.15078125 0.39765625 0.0109375 0.01640625
1 0.18203125 0.39375 0.0078125 0.01015625
1 0.71171875 0.853125 0.009375 0.01640625
1 0.7390625 0.6453125 0.009375 0.01171875
1 0.56015625 0.3421875 0.0078125 0.0109375
1 0.8125 0.40703125 0.01171875 0.01875
1 0.64453125 0.3828125 0.00859375 0.01484375
1 0.8390625 0.98984375 0.021875 0.01875
1 0.7609375 0.85625 0.00859375 0.0140625
1 0.146875 0.3265625 0.0078125 0.01328125
1 0.7046875 0.45390625 0.01171875 0.01875
1 0.7171875 0.434375 0.01015625 0.01640625
1 0.23671875 0.87109375 0.009375 0.015625
1 0.8265625 0.415625 0.01015625 0.01640625
1 0.37421875 0.31875 0.0078125 0.01171875
1 0.715625 0.45625 0.01171875 0.01796875
1 0.1890625 0.30703125 0.00703125 0.0125
1 0.93359375 0.36875 0.01171875 0.0140625
1 0.41796875 0.3234375 0.00703125 0.01328125
1 0.921875 0.36640625 0.01015625 0.01484375
1 0.95859375 0.98984375 0.01875 0.01796875
1 0.26015625 0.51484375 0.0109375 0.02265625
1 0.909375 0.35703125 0.01015625 0.01328125
1 0.921875 0.871875 0.01015625 0.01484375
1 0.68515625 0.39453125 0.01015625 0.0140625
1 0.796875 0.6171875 0.01328125 0.0171875
1 0.63515625 0.63046875 0.01171875 0.02265625
1 0.6640625 0.29765625 0.0078125 0.0125
1 0.09140625 0.40625 0.009375 0.01484375
1 0.9921875 0.40625 0.01171875 0.0171875
1 0.63203125 0.38984375 0.009375 0.01328125
1 0.11953125 0.33359375 0.00859375 0.01484375
1 0.084375 0.38828125 0.009375 0.01328125
1 0.94296875 0.33671875 0.00859375 0.01328125
1 0.26953125 0.8453125 0.00703125 0.0109375
1 0.85234375 0.87265625 0.00703125 0.0125
1 0.9296875 0.3296875 0.00859375 0.01171875
1 0.18515625 0.878125 0.0140625 0.0203125
1 0.74765625 0.615625 0.01328125 0.0171875
1 0.89453125 0.321875 0.00859375 0.0140625
1 0.240625 0.8390625 0.00625 0.01015625
1 0.640625 0.34609375 0.00859375 0.0140625
1 0.64765625 0.35234375 0.009375 0.01328125
1 0.18359375 0.840625 0.00625 0.009375
1 0.62578125 0.38203125 0.00859375 0.01640625
1 0.21015625 0.840625 0.00625 0.009375
1 0.640625 0.365625 0.009375 0.0140625
1 0.18203125 0.30625 0.0078125 0.0125
1 0.89765625 0.87109375 0.01015625 0.01484375
1 0.81171875 0.84296875 0.0078125 0.01015625
1 0.9703125 0.3953125 0.0109375 0.01484375
1 0.828125 0.46640625 0.00703125 0.015625
1 0.65546875 0.296875 0.0078125 0.01171875
1 0.1 0.8640625 0.01015625 0.01328125
1 0.703125 0.4046875 0.00859375 0.01328125
1 0.9921875 0.3765625 0.0109375 0.015625
1 0.0609375 0.37578125 0.00859375 0.0109375
1 0.96875 0.3703125 0.00546875 0.01015625
1 0.65625 0.33359375 0.00703125 0.01015625
1 0.6984375 0.3859375 0.009375 0.015625
1 0.915625 0.346875 0.009375 0.01015625
1 0.959375 0.33125 0.009375 0.01328125
1 0.98203125 0.390625 0.0109375 0.0140625
1 0.8421875 0.85390625 0.00703125 0.01171875
1 0.55703125 0.47890625 0.01171875 0.0203125
1 0.828125 0.86875 0.01171875 0.01796875
1 0.68046875 0.38046875 0.009375 0.0140625
1 0.659375 0.35390625 0.009375 0.01328125
1 0.8171875 0.421875 0.00859375 0.01171875
1 0.62421875 0.45546875 0.01171875 0.01640625
1 0.57109375 0.8484375 0.00859375 0.01171875
0 0.39140625 0.26640625 0.0140625 0.021875
1 0.85078125 0.30390625 0.0109375 0.01328125
1 0.63125 0.36796875 0.00859375 0.0125
1 0.06875 0.39765625 0.0125 0.01796875
1 0.3265625 0.884375 0.0125 0.0140625
1 0.78828125 0.6296875 0.01328125 0.01875
1 0.22734375 0.84140625 0.0078125 0.0109375
1 0.88671875 0.3109375 0.00859375 0.01171875
1 0.18828125 0.84609375 0.00625 0.0109375
1 0.67265625 0.3734375 0.009375 0.0125
1 0.909375 0.32890625 0.009375 0.0140625
1 0.67890625 0.29609375 0.00625 0.0109375
1 0.21875 0.87265625 0.009375 0.0125
1 0.0640625 0.3859375 0.00859375 0.01328125
1 0.003125 0.46953125 0.00625 0.01171875
1 0.4625 0.85390625 0.00859375 0.01015625
1 0.9375 0.88203125 0.015625 0.0203125
1 0.94765625 0.31640625 0.009375 0.01328125
1 0.759375 0.83828125 0.0078125 0.009375
1 0.79140625 0.840625 0.00859375 0.0109375
1 0.425 0.64296875 0.00859375 0.01796875
1 0.15703125 0.84140625 0.00625 0.0109375
1 0.56484375 0.84140625 0.0078125 0.0109375
1 0.72421875 0.846875 0.0109375 0.01328125
1 0.040625 0.978125 0.0203125 0.0390625
1 0.134375 0.315625 0.00859375 0.01484375
1 0.175 0.609375 0.0125 0.01796875
1 0.765625 0.83828125 0.00703125 0.01015625
3 0.8859375 0.43046875 0.08046875 0.125
4 0.51484375 0.465625 0.1015625 0.1359375