2 0.76953125 0.21953125 0.0875 0.0609375
3 0.46796875 0.35 0.065625 0.0921875
1 0.30703125 0.48359375 0.0109375 0.01953125
1 0.61015625 0.4578125 0.0109375 0.01875
1 0.159375 0.56875 0.01328125 0.02265625
4 0.10078125 0.871875 0.09765625 0.128125
1 0.88203125 0.4296875 0.0109375 0.0171875
1 0.34140625 0.5671875 0.0140625 0.02421875
3 0.546875 0.81171875 0.03828125 0.03984375
1 0.4921875 0.45859375 0.01015625 0.01796875
1 0.6484375 0.5625 0.0125 0.0234375
1 0.59765625 0.3515625 0.00859375 0.015625
1 0.765625 0.53359375 0.01328125 0.02109375
1 0.68203125 0.4609375 0.0109375 0.0203125
0 0.190625 0.14140625 0.01171875 0.0203125
1 0.5953125 0.5015625 0.01171875 0.0203125
1 0.571875 0.3578125 0.009375 0.015625
1 0.7 0.4203125 0.01015625 0.01953125
1 0.40859375 0.4703125 0.0109375 0.01796875
1 0.57578125 0.4578125 0.0109375 0.01953125
1 0.67734375 0.53359375 0.0125 0.02109375
1 0.1265625 0.3890625 0.00859375 0.01484375
1 0.84140625 0.4265625 0.01015625 0.0171875
1 0.7265625 0.5171875 0.01171875 0.02109375
4 0.52890625 0.575 0.0796875 0.13671875
1 0.39140625 0.40625 0.009375 0.01484375
1 0.94140625 0.38203125 0.009375 0.01484375
1 0.765625 0.49765625 0.0109375 0.01953125
1 0.04609375 0.440625 0.01171875 0.01875
1 0.67421875 0.56015625 0.0125 0.0203125
2 0.2484375 0.225 0.0953125 0.05078125
1 0.6921875 0.57421875 0.0140625 0.02265625
1 0.6984375 0.5484375 0.0125 0.0203125
1 0.36875 0.39296875 0.00859375 0.015625
1 0.62734375 0.50625 0.01171875 0.01875
1 0.48125 0.44296875 0.01015625 0.01640625
1 0.65703125 0.371875 0.009375 0.015625
1 0.10390625 0.40546875 0.00859375 0.015625
1 0.521875 0.35390625 0.00859375 0.0125
1 0.62109375 0.38125 0.009375 0.0140625
1 0.07890625 0.928125 0.0171875 0.02890625
1 0.4015625 0.5890625 0.01171875 0.015625
1 0.6828125 0.41640625 0.01015625 0.01640625
1 0.27578125 0.4703125 0.01015625 0.01875
1 0.6609375 0.33203125 0.009375 0.0140625
1 0.36875 0.4609375 0.01015625 0.0171875
1 0.74765625 0.52109375 0.01171875 0.0203125
1 0.6171875 0.4953125 0.01015625 0.01796875
1 0.71171875 0.571875 0.01328125 0.021875
1 0.35546875 0.3953125 0.009375 0.015625
1 0.565625 0.4546875 0.01015625 0.01875
0 0.06171875 0.184375 0.01328125 0.0203125
1 0.99453125 0.559375 0.009375 0.02265625
1 0.53671875 0.31875 0.00703125 0.0125
1 0.9359375 0.35390625 0.009375 0.01328125
1 0.36875 0.44609375 0.00859375 0.01328125
1 0.40234375 0.45390625 0.01015625 0.01640625
1 0.7375 0.50390625 0.01171875 0.01796875
1 0.33671875 0.38046875 0.0078125 0.0171875
1 0.07890625 0.6453125 0.0140625 0.01875
1 0.35 0.48828125 0.01171875 0.02109375
1 0.92734375 0.3859375 0.009375 0.015625
1 0.425 0.88984375 0.01015625 0.02109375
1 0.56015625 0.33671875 0.00859375 0.01484375
1 0.7109375 0.53359375 0.01171875 0.0140625
1 0.41640625 0.43828125 0.01015625 0.0171875
1 0.52890625 0.371875 0.009375 0.01484375
1 0.3984375 0.44375 0.009375 0.01328125
1 0.71484375 0.54921875 0.01328125 0.0203125
1 0.34375 0.35625 0.00859375 0.0140625
1 0.4953125 0.43203125 0.0109375 0.01640625
0 0.0421875 0.26953125 0.01328125 0.0203125
1 0.95234375 0.3703125 0.00859375 0.01484375
1 0.08359375 0.3953125 0.00859375 0.0125
1 0.621875 0.36484375 0.00859375 0.01484375
1 0.1296875 0.346875 0.00859375 0.01328125
1 0.17109375 0.33828125 0.0078125 0.01328125
1 0.23046875 0.8453125 0.00625 0.01171875
1 0.14765625 0.321875 0.00859375 0.0125
1 0.34765625 0.3734375 0.009375 0.01328125
1 0.5828125 0.3515625 0.009375 0.0140625
1 0.17109375 0.3234375 0.009375 0.015625
1 0.63125 0.490625 0.0109375 0.0140625
1 0.9875 0.6453125 0.015625 0.0203125
1 0.7125 0.6171875 0.01171875 0.0171875
1 0.84765625 0.90234375 0.0125 0.0234375
1 0.18359375 0.3203125 0.00703125 0.0125
1 0.64140625 0.3234375 0.0078125 0.01328125
1 0.10625 0.540625 0.0109375 0.01796875
1 0.3890625 0.36875 0.009375 0.0140625
1 0.625 0.39609375 0.01015625 0.015625
0 0.26328125 0.1796875 0.01015625 0.01640625
1 0.84140625 0.29921875 0.0078125 0.01328125
1 0.38046875 0.3421875 0.0078125 0.01171875
1 0.890625 0.86953125 0.009375 0.01796875
1 0.321875 0.321875 0.00859375 0.01484375
1 0.12890625 0.36484375 0.0078125 0.01328125
1 0.4046875 0.3671875 0.0078125 0.01171875
1 0.37890625 0.35625 0.00859375 0.01484375
1 0.06328125 0.43125 0.0109375 0.015625
1 0.45234375 0.9 0.01171875 0.01640625
1 0.2078125 0.84609375 0.00625 0.01171875
1 0.3921875 0.34765625 0.00859375 0.0140625
1 0.6796875 0.378125 0.0078125 0.01484375
0 0.2828125 0.17890625 0.009375 0.01640625
1 0.18046875 0.3046875 0.0078125 0.01171875
1 0.40859375 0.3171875 0.0078125 0.0125
1 0.159375 0.33359375 0.0078125 0.0125
1 0.38359375 0.64765625 0.01171875 0.01171875
1 0.06328125 0.35390625 0.009375 0.01328125
1 0.18359375 0.8453125 0.00703125 0.01171875
1 0.03515625 0.64765625 0.0109375 0.01875
1 0.18828125 0.33515625 0.00703125 0.0125
1 0.0359375 0.9953125 0.0140625 0.009375
1 0.56953125 0.334375 0.0078125 0.0125
1 0.01796875 0.40390625 0.01484375 0.021875
1 0.1171875 0.31875 0.0078125 0.01171875
1 0.8359375 0.87421875 0.01015625 0.0171875
0 0.25390625 0.203125 0.0078125 0.0125
1 0.94296875 0.33828125 0.00859375 0.0140625
1 0.50546875 0.34140625 0.0078125 0.0125
1 0.92890625 0.325 0.01015625 0.01640625
1 0.38203125 0.30234375 0.00703125 0.0125
1 0.52890625 0.84609375 0.00859375 0.01484375
1 0.4046875 0.34921875 0.00625 0.01171875
1 0.16875 0.30546875 0.0078125 0.01171875
1 0.653125 0.3140625 0.00703125 0.01171875
1 0.09453125 0.4078125 0.01015625 0.0171875
1 0.48046875 0.42734375 0.009375 0.0109375
1 0.103125 0.33828125 0.00859375 0.01171875
1 0.51640625 0.31484375 0.00703125 0.01171875
1 0.165625 0.896875 0.0125 0.01875
1 0.59921875 0.303125 0.009375 0.0125
1 0.390625 0.39375 0.0078125 0.01015625
4 0.3328125 0.9078125 0.16796875 0.1734375
1 0.434375 0.33359375 0.00625 0.0125
1 0.6921875 0.39921875 0.0078125 0.0125
1 0.42421875 0.37109375 0.0078125 0.01171875
1 0.46640625 0.4359375 0.01015625 0.01796875
1 0.39140625 0.30234375 0.0078125 0.0140625
1 0.16171875 0.97734375 0.0203125 0.03984375
1 0.57578125 0.30390625 0.0078125 0.01328125
1 0.18984375 0.5859375 0.0109375 0.015625
1 0.0734375 0.421875 0.0109375 0.0140625
1 0.8078125 0.84140625 0.00625 0.01015625
1 0.10078125 0.9921875 0.0203125 0.01484375
0 0.1109375 0.14140625 0.01328125 0.0203125
1 0.6921875 0.38046875 0.0078125 0.0140625
1 0.65 0.34296875 0.01015625 0.01328125
1 0.53671875 0.29609375 0.00703125 0.0125
1 0.29921875 0.33203125 0.0109375 0.015625
1 0.9078125 0.98984375 0.0203125 0.01953125
0 0.08828125 0.14140625 0.0140625 0.0203125
1 0.509375 0.33203125 0.0078125 0.01171875
1 0.86640625 0.90859375 0.0140625 0.025
1 0.06796875 0.40703125 0.00859375 0.0125
1 0.12578125 0.328125 0.00859375 0.0109375
1 0.8796875 0.8875 0.01015625 0.0171875
1 0.665625 0.29765625 0.00703125 0.01171875
1 0.88828125 0.30859375 0.00703125 0.0125
1 0.4078125 0.421875 0.0078125 0.01015625
1 0.196875 0.821875 0.009375 0.01328125
1 0.09453125 0.33828125 0.00703125 0.0125
1 0.28828125 0.3328125 0.01015625 0.0171875
1 0.4015625 0.39453125 0.00859375 0.0109375
1 0.90703125 0.30703125 0.0109375 0.01484375
1 0.18359375 0.8921875 0.01328125 0.01953125
1 0.17109375 0.8484375 0.0078125 0.01171875
1 0.43359375 0.3671875 0.00625 0.01171875
1 0.575 0.3234375 0.00859375 0.0125
1 0.4171875 0.303125 0.0078125 0.0125
1 0.1609375 0.853125 0.009375 0.0109375
1 0.07890625 0.40703125 0.009375 0.0125
1 0.29765625 0.31640625 0.009375 0.01328125
3 0.01875 0.49921875 0.0375 0.1265625
1 0.14921875 0.30859375 0.0078125 0.01015625
1 0.971875 0.35546875 0.00703125 0.0125
1 0.1578125 0.30703125 0.009375 0.01171875
1 0.159375 0.8734375 0.01015625 0.0171875
1 0.053125 0.43046875 0.009375 0.01484375
1 0.1265625 0.31953125 0.00703125 0.0109375
1 0.32734375 0.2828125 0.0078125 0.0109375
1 0.4046875 0.40390625 0.00859375 0.0140625
1 0.98203125 0.36484375 0.01015625 0.01484375
1 0.15703125 0.84296875 0.00625 0.01171875
1 0.38046875 0.278125 0.0078125 0.0109375
1 0.16484375 0.921875 0.01171875 0.01875
1 0.9390625 0.990625 0.01796875 0.01640625
1 0.19296875 0.8734375 0.01015625 0.0140625
1 0.91640625 0.97109375 0.0078125 0.0125
1 0.5609375 0.8296875 0.009375 0.00859375
1 0.734375 0.84921875 0.00859375 0.01171875