4 0.84609375 0.29765625 0.0765625 0.06875
2 0.2296875 0.21953125 0.0984375 0.0625
1 0.403125 0.44140625 0.021875 0.0171875
1 0.02734375 0.41796875 0.021875 0.0171875
1 0.53203125 0.56640625 0.025 0.0234375
3 0.09140625 0.4390625 0.1109375 0.096875
1 0.6328125 0.5828125 0.0234375 0.01875
1 0.9 0.434375 0.021875 0.0171875
1 0.3546875 0.5046875 0.0234375 0.021875
1 0.609375 0.4546875 0.0203125 0.01875
1 0.940625 0.5234375 0.0234375 0.021875
1 0.18203125 0.446875 0.0203125 0.01875
1 0.54140625 0.53515625 0.0234375 0.021875
1 0.37109375 0.446875 0.0203125 0.01875
1 0.20390625 0.59453125 0.0234375 0.015625
1 0.2296875 0.62734375 0.0234375 0.0203125
1 0.40703125 0.3921875 0.0203125 0.015625
1 0.38125 0.88671875 0.0234375 0.021875
1 0.37734375 0.3890625 0.0203125 0.015625
1 0.315625 0.40390625 0.0203125 0.015625
3 0.4453125 0.55546875 0.0734375 0.08125
1 0.284375 0.5 0.0234375 0.01875
1 0.57734375 0.9046875 0.021875 0.0125
4 0.8203125 0.375 0.0578125 0.078125
2 0.75078125 0.22734375 0.1015625 0.046875
1 0.05390625 0.36796875 0.0203125 0.015625
1 0.47890625 0.35234375 0.0203125 0.0140625
1 0.4046875 0.34296875 0.01875 0.0125
1 0.9453125 0.44765625 0.0203125 0.01875
1 0.1421875 0.8953125 0.0234375 0.0203125
1 0.5625 0.5703125 0.0234375 0.021875
1 0.5125 0.58984375 0.0234375 0.0171875
1 0.55625 0.44921875 0.021875 0.01875
1 0.6421875 0.37734375 0.0203125 0.015625
1 0.89375 0.384375 0.0203125 0.015625
1 0.62890625 0.49765625 0.0234375 0.01875
1 0.28203125 0.43671875 0.021875 0.01875
1 0.6046875 0.49765625 0.0234375 0.0203125
1 0.25234375 0.503125 0.0234375 0.0203125
1 0.53046875 0.3203125 0.01875 0.0125
1 0.021875 0.3828125 0.021875 0.015625
3 0.95234375 0.3609375 0.0828125 0.0875
1 0.6734375 0.5203125 0.0203125 0.0203125
1 0.4453125 0.39453125 0.0203125 0.015625
1 0.428125 0.3703125 0.0203125 0.015625
1 0.83828125 0.35703125 0.0203125 0.0140625
1 0.3796875 0.86953125 0.0203125 0.0140625
1 0.62734375 0.86796875 0.0203125 0.015625
1 0.925 0.42421875 0.0203125 0.015625
1 0.16328125 0.8890625 0.021875 0.01875
1 0.34140625 0.32734375 0.01875 0.0140625
1 0.53515625 0.359375 0.01875 0.015625
1 0.2859375 0.5484375 0.0234375 0.021875
1 0.6515625 0.45234375 0.021875 0.0171875
1 0.00546875 0.4234375 0.0109375 0.015625
1 0.49921875 0.58125 0.025 0.021875
1 0.953125 0.425 0.0234375 0.01875
1 0.03203125 0.39921875 0.0203125 0.015625
1 0.54296875 0.5125 0.0234375 0.0171875
1 0.359375 0.40625 0.0203125 0.015625
1 0.43203125 0.3515625 0.0203125 0.0140625
1 0.584375 0.434375 0.0203125 0.0171875
1 0.621875 0.46640625 0.0203125 0.0171875
1 0.65234375 0.3703125 0.0203125 0.0140625
1 0.4578125 0.371875 0.0203125 0.0140625
1 0.34765625 0.378125 0.0203125 0.015625
1 0.2984375 0.596875 0.0234375 0.015625
4 0.7375 0.91328125 0.13125 0.165625
1 0.3515625 0.325 0.0203125 0.0140625
1 0.3234375 0.35 0.0203125 0.0140625
1 0.03046875 0.36484375 0.0203125 0.0140625
1 0.27421875 0.62578125 0.0234375 0.021875
1 0.6171875 0.3375 0.01875 0.0140625
1 0.490625 0.34921875 0.0203125 0.015625
1 0.1578125 0.3015625 0.01875 0.0125
1 0.109375 0.61328125 0.0234375 0.015625
1 0.55546875 0.3546875 0.01875 0.0125
1 0.1203125 0.328125 0.01875 0.0125
1 0.56328125 0.30390625 0.0203125 0.0125
1 0.30859375 0.3734375 0.0203125 0.015625
1 0.44453125 0.359375 0.01875 0.0125
1 0.16953125 0.31796875 0.0171875 0.0125
1 0.21875 0.83984375 0.0171875 0.0109375
1 0.33984375 0.63984375 0.0234375 0.015625
1 0.50078125 0.34609375 0.0203125 0.015625
1 0.096875 0.321875 0.0203125 0.0125
1 0.4578125 0.3546875 0.01875 0.0125
1 0.675 0.3921875 0.0203125 0.015625
1 0.08203125 0.8703125 0.0203125 0.015625
1 0.85390625 0.3875 0.0203125 0.015625
1 0.1953125 0.94921875 0.0296875 0.0359375
1 0.9296875 0.64921875 0.0234375 0.0125
1 0.8671875 0.36015625 0.01875 0.0140625
1 0.3015625 0.41953125 0.0203125 0.015625
1 0.6140625 0.4875 0.021875 0.01875
1 0.5546875 0.3421875 0.01875 0.009375
1 0.46953125 0.321875 0.0203125 0.015625
4 0.6859375 0.84140625 0.0609375 0.0640625
1 0.19375 0.8421875 0.0171875 0.009375
1 0.45078125 0.38125 0.0203125 0.0125
1 0.06328125 0.33125 0.0203125 0.0125
1 0.85546875 0.35625 0.01875 0.0140625
1 0.66640625 0.340625 0.0203125 0.0140625
1 0.15 0.44140625 0.0203125 0.015625
1 0.4140625 0.309375 0.01875 0.0125
1 0.2609375 0.840625 0.0171875 0.0109375
1 0.6625 0.37265625 0.021875 0.015625
1 0.08359375 0.31484375 0.0203125 0.0125
1 0.809375 0.26640625 0.01875 0.0125
1 0.8984375 0.36875 0.021875 0.015625
1 0.3265625 0.29765625 0.0203125 0.0125
1 0.54921875 0.30078125 0.0203125 0.0125
1 0.64375 0.35 0.0203125 0.0140625
1 0.125 0.9453125 0.028125 0.028125
1 0.5953125 0.30390625 0.0171875 0.0109375
1 0.496875 0.3 0.0171875 0.0125
1 0.60625 0.30078125 0.0171875 0.0125
1 0.60859375 0.3234375 0.0171875 0.0125
1 0.578125 0.3 0.0203125 0.0125
1 0.14609375 0.30078125 0.01875 0.0125
1 0.91015625 0.38203125 0.021875 0.015625
1 0.71171875 0.39296875 0.0203125 0.015625
1 0.92109375 0.40390625 0.0203125 0.0140625
1 0.23515625 0.8484375 0.0203125 0.0125
1 0.1015625 0.8765625 0.021875 0.015625
1 0.6515625 0.86328125 0.021875 0.015625
1 0.42421875 0.30078125 0.01875 0.0125
1 0.29140625 0.42109375 0.0203125 0.01875
1 0.11171875 0.87265625 0.0203125 0.0140625
1 0.85859375 0.37578125 0.0203125 0.0125
1 0.04296875 0.93046875 0.0265625 0.025
1 0.1734375 0.95 0.0296875 0.034375
1 0.9375 0.421875 0.0234375 0.0171875
1 0.76484375 0.63046875 0.0234375 0.01875
1 0.5046875 0.296875 0.01875 0.0125
1 0.10546875 0.30625 0.021875 0.015625
1 0.5203125 0.296875 0.0171875 0.0109375
1 0.478125 0.29609375 0.0203125 0.0109375
0 0.93203125 0.984375 0.03125 0.0296875
1 0.121875 0.8515625 0.0171875 0.0125
1 0.85859375 0.3453125 0.0203125 0.0109375
1 0.428125 0.84296875 0.0203125 0.015625
1 0.63359375 0.34140625 0.0203125 0.0140625
1 0.7671875 0.64921875 0.0234375 0.0109375
1 0.0609375 0.925 0.0265625 0.03125
1 0.09296875 0.98984375 0.0328125 0.01875
1 0.25625 0.84609375 0.01875 0.0125
1 0.2421875 0.6421875 0.0234375 0.0125
1 0.1296875 0.29921875 0.0203125 0.0125
1 0.153125 0.9484375 0.0296875 0.028125
1 0.14609375 0.878125 0.0171875 0.009375
1 0.125 0.3171875 0.0203125 0.0125
1 0.82890625 0.26328125 0.021875 0.015625
1 0.30234375 0.40625 0.0203125 0.0125
1 0.4703125 0.840625 0.0171875 0.0125
1 0.17578125 0.30390625 0.0203125 0.009375
1 0.86640625 0.64609375 0.0234375 0.015625
1 0.8921875 0.3484375 0.0203125 0.0125
1 0.446875 0.83203125 0.0171875 0.009375
1 0.65 0.33125 0.0203125 0.0109375
1 0.071875 0.85546875 0.01875 0.0125
1 0.5953125 0.37578125 0.0171875 0.0109375
1 0.7453125 0.62734375 0.0265625 0.0203125
1 0.86640625 0.61953125 0.025 0.0203125