2 0.215625 0.234375 0.1 0.065625
3 0.8078125 0.3796875 0.065625 0.0890625
3 0.696875 0.83359375 0.0875 0.0796875
4 0.13125 0.61015625 0.10625 0.1234375
3 0.86484375 0.55390625 0.1296875 0.15625
3 0.75703125 0.81171875 0.053125 0.040625
4 0.28515625 0.83203125 0.0515625 0.0578125
2 0.7359375 0.2140625 0.1 0.0515625
1 0.43046875 0.51015625 0.021875 0.021875
3 0.66484375 0.27578125 0.0484375 0.05
1 0.53671875 0.51171875 0.021875 0.01875
1 0.4453125 0.5078125 0.021875 0.021875
1 0.5640625 0.49296875 0.0203125 0.021875
1 0.55546875 0.503125 0.0203125 0.01875
4 0.30234375 0.30234375 0.053125 0.0640625
1 0.43359375 0.3984375 0.01875 0.015625
3 0.46640625 0.80234375 0.053125 0.0328125
1 0.56328125 0.46640625 0.01875 0.0140625