0 0.20859375 0.22421875 0.034375 0.01875
3 0.31015625 0.85625 0.1140625 0.0953125
1 0.83125 0.396875 0.03125 0.01875
3 0.7765625 0.821875 0.0796875 0.0453125
4 0.3796875 0.51328125 0.1328125 0.1375
1 0.69609375 0.45078125 0.034375 0.01875
1 0.93359375 0.44921875 0.034375 0.01875
1 0.67890625 0.43984375 0.0328125 0.01875
1 0.53203125 0.375 0.0328125 0.015625
0 0.271875 0.290625 0.034375 0.01875
4 0.57578125 0.540625 0.109375 0.103125
1 0.48203125 0.35390625 0.03125 0.0171875
1 0.0390625 0.40859375 0.034375 0.01875
3 0.1171875 0.41640625 0.1046875 0.0953125
1 0.94453125 0.634375 0.0359375 0.025
1 0.79765625 0.5765625 0.0359375 0.01875
1 0.98203125 0.47265625 0.0359375 0.021875
1 0.04453125 0.38046875 0.03125 0.015625
1 0.70546875 0.43671875 0.034375 0.01875
1 0.8828125 0.3765625 0.0328125 0.0171875
1 0.390625 0.88515625 0.0359375 0.025
1 0.50625 0.375 0.0328125 0.015625
1 0.45703125 0.3921875 0.0328125 0.0171875
1 0.68203125 0.30625 0.0296875 0.0140625
4 0.15625 0.8859375 0.1265625 0.125
1 0.90234375 0.53828125 0.0375 0.025
1 0.465625 0.40390625 0.03125 0.0171875
1 0.8875 0.45859375 0.034375 0.0203125
1 0.40078125 0.4171875 0.034375 0.021875
1 0.47890625 0.4 0.03125 0.0171875
1 0.84609375 0.55546875 0.0375 0.025
1 0.81796875 0.37734375 0.03125 0.0171875
1 0.46875 0.54609375 0.0328125 0.0171875
1 0.71171875 0.475 0.034375 0.01875
1 0.86484375 0.89453125 0.0375 0.025
1 0.67890625 0.9 0.0359375 0.015625
1 0.56328125 0.446875 0.034375 0.0203125
1 0.69375 0.4953125 0.034375 0.021875
1 0.5171875 0.36796875 0.0328125 0.0171875
1 0.740625 0.865625 0.0328125 0.015625
1 0.678125 0.42265625 0.0328125 0.0171875
1 0.64453125 0.3484375 0.03125 0.0171875
1 0.06875 0.90703125 0.0375 0.021875
1 0.55 0.3765625 0.03125 0.015625
1 0.5109375 0.30859375 0.028125 0.0140625
1 0.51796875 0.39765625 0.034375 0.01875
1 0.14296875 0.30546875 0.03125 0.0140625
1 0.7765625 0.91171875 0.040625 0.028125
2 0.7484375 0.22265625 0.115625 0.0484375
1 0.7328125 0.8984375 0.0359375 0.0171875
1 0.5421875 0.40546875 0.0328125 0.0171875
1 0.615625 0.37265625 0.0328125 0.015625
1 0.653125 0.903125 0.034375 0.0140625
1 0.6859375 0.88671875 0.034375 0.021875
0 0.74921875 0.18828125 0.0296875 0.015625
1 0.840625 0.3 0.03125 0.0140625
1 0.94140625 0.490625 0.034375 0.0203125
1 0.65625 0.434375 0.034375 0.0203125
1 0.94921875 0.50703125 0.0359375 0.021875
1 0.115625 0.3078125 0.0328125 0.0140625
1 0.6890625 0.8609375 0.03125 0.015625
0 0.73671875 0.1921875 0.03125 0.01875
1 0.65078125 0.31796875 0.03125 0.0140625
1 0.5328125 0.63125 0.0359375 0.0234375
1 0.828125 0.63515625 0.0390625 0.025
1 0.94296875 0.54140625 0.0359375 0.0234375
1 0.78046875 0.8765625 0.034375 0.01875
1 0.8765625 0.43984375 0.0328125 0.01875
1 0.88046875 0.9203125 0.0390625 0.0296875
1 0.71796875 0.88203125 0.034375 0.0203125
1 0.0859375 0.909375 0.0375 0.021875
1 0.6421875 0.3859375 0.034375 0.0171875
2 0.22734375 0.225 0.109375 0.0625
1 0.9046875 0.415625 0.0328125 0.0171875
1 0.81953125 0.95234375 0.0453125 0.040625
1 0.3265625 0.37109375 0.03125 0.015625
1 0.92421875 0.415625 0.0359375 0.015625
1 0.3125 0.37578125 0.034375 0.0171875
1 0.7984375 0.875 0.034375 0.01875
1 0.890625 0.88984375 0.0375 0.0203125
1 0.89453125 0.41796875 0.034375 0.01875
1 0.6734375 0.86171875 0.0359375 0.01875
1 0.91953125 0.53515625 0.0359375 0.0234375
1 0.91015625 0.8921875 0.0375 0.0234375
1 0.9515625 0.92421875 0.040625 0.0328125
1 0.3859375 0.33046875 0.0328125 0.015625
1 0.95 0.47421875 0.034375 0.0203125
1 0.62109375 0.5875 0.0359375 0.0140625
1 0.7375 0.5078125 0.0328125 0.01875
1 0.925 0.88046875 0.0328125 0.01875
1 0.86171875 0.87109375 0.034375 0.01875
1 0.659375 0.38359375 0.0328125 0.015625
1 0.39765625 0.30546875 0.0328125 0.0140625
1 0.60078125 0.32890625 0.0296875 0.0140625
1 0.49921875 0.39921875 0.034375 0.0171875
1 0.11484375 0.33125 0.03125 0.0140625
1 0.65234375 0.29765625 0.0328125 0.0125
1 0.8234375 0.3 0.0328125 0.0140625
1 0.06640625 0.33671875 0.034375 0.01875
1 0.7609375 0.8921875 0.0375 0.0234375
1 0.01328125 0.40625 0.0265625 0.01875
1 0.66953125 0.37265625 0.034375 0.015625
1 0.603125 0.38671875 0.03125 0.015625
1 0.58203125 0.4015625 0.0328125 0.0109375
1 0.88515625 0.3203125 0.0328125 0.0140625
1 0.85625 0.3171875 0.034375 0.015625
1 0.17265625 0.4125 0.034375 0.0171875
1 0.5390625 0.61328125 0.034375 0.01875
1 0.84765625 0.87265625 0.034375 0.01875