2 0.7640625 0.21484375 0.08984375 0.065625
4 0.66953125 0.37265625 0.07578125 0.1015625
3 0.07734375 0.4328125 0.090625 0.10234375
1 0.89453125 0.54296875 0.0125 0.0203125
3 0.8640625 0.43359375 0.0953125 0.10546875
1 0.93515625 0.49453125 0.0109375 0.0171875
1 0.49765625 0.40625 0.009375 0.01640625
3 0.0765625 0.3234375 0.0796875 0.08359375
1 0.79140625 0.61015625 0.01328125 0.02265625
4 0.68359375 0.4890625 0.09765625 0.1140625
1 0.38515625 0.36796875 0.009375 0.01484375
1 0.13359375 0.384375 0.01015625 0.01640625
1 0.77109375 0.503125 0.0109375 0.0171875
1 0.02734375 0.5328125 0.0125 0.01875
1 0.78125 0.46875 0.0109375 0.01875
1 0.95625 0.49375 0.01171875 0.01875
1 0.21015625 0.425 0.01015625 0.0171875
1 0.81015625 0.575 0.01328125 0.02421875
1 0.946875 0.42421875 0.0109375 0.01796875
1 0.48046875 0.4046875 0.00859375 0.01640625
1 0.4578125 0.40234375 0.009375 0.015625
1 0.58125 0.446875 0.0109375 0.01796875
1 0.328125 0.43359375 0.01015625 0.01796875
1 0.66796875 0.565625 0.0125 0.0203125
1 0.57734375 0.46484375 0.0109375 0.01875
1 0.37890625 0.43203125 0.01015625 0.01796875
1 0.4078125 0.40078125 0.009375 0.015625
1 0.375 0.47109375 0.0109375 0.01953125
1 0.72421875 0.61953125 0.0125 0.01796875
1 0.42890625 0.59375 0.01328125 0.02421875
1 0.35703125 0.3828125 0.009375 0.01484375
2 0.24453125 0.21015625 0.08671875 0.05390625
1 0.9296875 0.428125 0.0109375 0.01796875
1 0.3046875 0.40078125 0.01015625 0.01640625
1 0.35078125 0.575 0.01171875 0.021875
3 0.67890625 0.87421875 0.0828125 0.0796875
1 0.46015625 0.38671875 0.01015625 0.015625
1 0.38515625 0.346875 0.009375 0.01484375
1 0.14609375 0.33984375 0.00859375 0.0140625
1 0.57734375 0.36953125 0.009375 0.01484375
1 0.5484375 0.45 0.0109375 0.01875
1 0.16796875 0.346875 0.00859375 0.015625
1 0.9328125 0.396875 0.009375 0.01640625
1 0.15703125 0.40625 0.009375 0.015625
1 0.30234375 0.31875 0.0078125 0.01484375
1 0.56015625 0.2796875 0.0078125 0.01328125
1 0.36875 0.3296875 0.0078125 0.0140625
1 0.5609375 0.34140625 0.009375 0.01484375
1 0.44140625 0.384375 0.009375 0.01640625
1 0.2890625 0.4515625 0.0109375 0.01640625
1 0.1203125 0.9296875 0.01484375 0.021875
1 0.92421875 0.44921875 0.0109375 0.01640625
1 0.4046875 0.371875 0.00859375 0.01484375
1 0.2296875 0.9171875 0.01484375 0.02109375
1 0.803125 0.4875 0.01015625 0.01640625
1 0.20234375 0.90703125 0.0125 0.0203125
1 0.62734375 0.3390625 0.0078125 0.01484375
1 0.40859375 0.33515625 0.0078125 0.0140625
1 0.64921875 0.30703125 0.00859375 0.01484375
1 0.721875 0.6 0.01328125 0.01953125
1 0.50234375 0.43671875 0.01015625 0.01796875
0 0.2078125 0.1890625 0.0078125 0.01328125
1 0.1125 0.4 0.0109375 0.0171875
1 0.46953125 0.290625 0.0078125 0.0140625
1 0.609375 0.89921875 0.0109375 0.015625
1 0.11640625 0.34296875 0.00859375 0.01484375
1 0.4375 0.340625 0.01015625 0.0140625
1 0.42734375 0.36953125 0.009375 0.01484375
1 0.034375 0.3859375 0.01015625 0.0171875
1 0.56796875 0.45234375 0.0109375 0.0171875
1 0.84375 0.4953125 0.009375 0.015625
1 0.078125 0.971875 0.01875 0.0296875
1 0.7296875 0.578125 0.0125 0.01875
0 0.29140625 0.184375 0.00859375 0.01484375
1 0.5484375 0.38828125 0.01015625 0.0171875
1 0.17890625 0.32109375 0.0078125 0.01484375
1 0.99609375 0.48984375 0.00625 0.0171875
1 0.11015625 0.95625 0.0171875 0.03046875
0 0.209375 0.1671875 0.0078125 0.01328125
1 0.01484375 0.41875 0.009375 0.015625
1 0.7578125 0.57421875 0.0125 0.01796875
1 0.1828125 0.27734375 0.0078125 0.01328125
1 0.54921875 0.4265625 0.01015625 0.0171875
1 0.83359375 0.9078125 0.01171875 0.01875
0 0.2203125 0.1546875 0.00859375 0.01484375
1 0.73671875 0.48046875 0.0109375 0.01875
1 0.3421875 0.371875 0.00859375 0.01484375
1 0.903125 0.42578125 0.00859375 0.01640625
1 0.76640625 0.95390625 0.01640625 0.03046875
1 0.925 0.465625 0.0109375 0.01484375
1 0.39765625 0.35390625 0.009375 0.0140625
1 0.45234375 0.34140625 0.0109375 0.0140625
1 0.23046875 0.88125 0.00703125 0.0125
1 0.75859375 0.50078125 0.0109375 0.01484375
1 0.99609375 0.44453125 0.00625 0.01328125
1 0.4296875 0.38828125 0.01015625 0.01640625
1 0.775 0.90546875 0.0109375 0.0203125
1 0.07265625 0.47734375 0.01171875 0.01953125
1 0.165625 0.3078125 0.0078125 0.0125
1 0.91484375 0.5109375 0.0125 0.01875
1 0.88984375 0.49609375 0.01015625 0.01484375
1 0.93515625 0.371875 0.0109375 0.0171875
1 0.528125 0.38125 0.009375 0.0140625
1 0.02265625 0.39296875 0.01171875 0.01484375
1 0.303125 0.60546875 0.0078125 0.0140625
1 0.6609375 0.27890625 0.0078125 0.0125
1 0.3984375 0.3203125 0.009375 0.0140625
1 0.15078125 0.39375 0.01015625 0.0140625
1 0.5609375 0.38125 0.01015625 0.01796875
1 0.7390625 0.54375 0.0125 0.01640625
1 0.98984375 0.46015625 0.0125 0.01875
1 0.89140625 0.91953125 0.0140625 0.021875
1 0.2890625 0.43984375 0.0109375 0.0125
1 0.740625 0.909375 0.0109375 0.0203125
1 0.9421875 0.39609375 0.009375 0.015625
1 0.15 0.26171875 0.00859375 0.0125
1 0.35390625 0.26953125 0.00625 0.0125
1 0.37421875 0.28671875 0.009375 0.01484375
1 0.146875 0.90234375 0.0140625 0.02109375
1 0.3328125 0.33671875 0.00859375 0.01484375
0 0.14375 0.03203125 0.01328125 0.0203125
1 0.6671875 0.31953125 0.00703125 0.01015625
1 0.8953125 0.3 0.00859375 0.0140625
1 0.75703125 0.55703125 0.01171875 0.01484375
1 0.75703125 0.5359375 0.00859375 0.0140625
1 0.2171875 0.88671875 0.009375 0.01484375
1 0.8671875 0.86953125 0.009375 0.01640625
1 0.2453125 0.9078125 0.0109375 0.01796875
1 0.34375 0.2453125 0.0078125 0.0125
1 0.86796875 0.27890625 0.0078125 0.0125
1 0.56640625 0.88046875 0.01015625 0.015625
1 0.85625 0.9515625 0.015625 0.0265625
1 0.25625 0.8875 0.00859375 0.015625
1 0.67265625 0.55078125 0.01015625 0.015625
1 0.37734375 0.309375 0.009375 0.0140625
1 0.9171875 0.4953125 0.01171875 0.01484375
1 0.73984375 0.5265625 0.0109375 0.015625
1 0.0484375 0.35703125 0.00703125 0.0109375
1 0.725 0.5546875 0.0125 0.0203125
1 0.3265625 0.3546875 0.009375 0.0140625
1 0.75546875 0.5171875 0.01171875 0.01484375
1 0.88984375 0.51796875 0.01171875 0.01953125
4 0.075 0.5859375 0.1375 0.1296875
1 0.109375 0.27109375 0.00859375 0.01328125
1 0.3046875 0.290625 0.0078125 0.01328125
1 0.8546875 0.92578125 0.0125 0.021875
1 0.80390625 0.90625 0.009375 0.01640625
1 0.378125 0.27265625 0.00703125 0.01171875
1 0.2609375 0.9140625 0.0109375 0.0171875
1 0.4625 0.3296875 0.01015625 0.01328125
1 0.92421875 0.484375 0.0109375 0.0140625
1 0.415625 0.3015625 0.009375 0.0140625
1 0.89453125 0.28046875 0.009375 0.01328125
1 0.0671875 0.38359375 0.0078125 0.01171875
1 0.62734375 0.371875 0.00546875 0.0109375
0 0.23671875 0.18515625 0.00625 0.01171875
1 0.4453125 0.33203125 0.00859375 0.01328125
1 0.7578125 0.9171875 0.01328125 0.02109375
1 0.73828125 0.56328125 0.0140625 0.01875
1 0.84609375 0.89921875 0.01171875 0.01796875
1 0.00859375 0.36953125 0.01015625 0.015625
1 0.83984375 0.86484375 0.00546875 0.01171875
0 0.29140625 0.2140625 0.0078125 0.01640625
1 0.91328125 0.34296875 0.00859375 0.01328125
1 0.14453125 0.32578125 0.0078125 0.0125
1 0.32421875 0.3359375 0.009375 0.01484375
1 0.87890625 0.48828125 0.0109375 0.01796875
1 0.52265625 0.3671875 0.01015625 0.01328125
1 0.19140625 0.88359375 0.00859375 0.0109375
1 0.625 0.2828125 0.009375 0.01328125
1 0.934375 0.47734375 0.009375 0.01328125
1 0.86484375 0.89921875 0.0109375 0.0171875
1 0.85859375 0.9875 0.0203125 0.025
1 0.15703125 0.32421875 0.01015625 0.015625
1 0.48125 0.87890625 0.00703125 0.01015625
1 0.9484375 0.3734375 0.0109375 0.0171875
1 0.99609375 0.40078125 0.00703125 0.0171875
1 0.8703125 0.92578125 0.01171875 0.02109375
1 0.2546875 0.86484375 0.00625 0.01015625
1 0.765625 0.515625 0.0078125 0.0125
1 0.64375 0.9875 0.0171875 0.021875
0 0.21640625 0.0171875 0.0109375 0.01640625
1 0.6015625 0.2625 0.009375 0.0140625
1 0.6234375 0.90078125 0.0109375 0.0140625
1 0.62109375 0.26015625 0.0078125 0.0125
1 0.81171875 0.925 0.015625 0.02421875
1 0.6953125 0.625 0.00859375 0.0109375
1 0.84765625 0.8765625 0.01015625 0.015625
1 0.959375 0.38515625 0.009375 0.01328125
1 0.57421875 0.3484375 0.0109375 0.015625
1 0.1875 0.90234375 0.01015625 0.01875
1 0.0609375 0.94453125 0.0140625 0.02265625
1 0.8984375 0.89375 0.01015625 0.015625
1 0.36875 0.28125 0.00625 0.01328125
1 0.89921875 0.52109375 0.0109375 0.015625
1 0.46875 0.8921875 0.00703125 0.01015625
1 0.01875 0.36796875 0.01015625 0.0140625
1 0.82578125 0.9484375 0.0125 0.025
1 0.840625 0.95078125 0.01640625 0.02578125
1 0.4796875 0.89296875 0.00703125 0.0109375
1 0.865625 0.84765625 0.009375 0.015625
1 0.6390625 0.903125 0.01171875 0.0125
1 0.2796875 0.87421875 0.00859375 0.0125
1 0.35 0.3734375 0.01015625 0.0125
1 0.90234375 0.44140625 0.00703125 0.01171875
1 0.90625 0.91484375 0.0125 0.02109375
1 0.27109375 0.90390625 0.00859375 0.015625
0 0.25625 0.753125 0.00703125 0.01171875
1 0.9875 0.3921875 0.0109375 0.01484375
0 0.40859375 0.70546875 0.00859375 0.01484375
1 0.778125 0.85703125 0.00625 0.01171875
1 0.996875 0.43046875 0.00625 0.01171875
1 0.521875 0.23359375 0.009375 0.0125
3 0.13046875 0.86484375 0.04609375 0.06953125
1 0.49140625 0.4671875 0.00625 0.0125
1 0.92578125 0.340625 0.01171875 0.0140625
1 0.89296875 0.88125 0.00625 0.01171875
1 0.10625 0.93046875 0.01171875 0.01640625
1 0.828125 0.92578125 0.0125 0.0140625
1 0.38046875 0.2578125 0.00703125 0.0109375
1 0.83515625 0.859375 0.0078125 0.0109375
1 0.2390625 0.86640625 0.00703125 0.009375
0 0.26796875 0.75703125 0.00703125 0.0125
0 0.1859375 0.09140625 0.01171875 0.01953125
1 0.67578125 0.26484375 0.009375 0.01015625
1 0.40078125 0.640625 0.0078125 0.0109375
1 0.3953125 0.63515625 0.0078125 0.0109375
1 0.190625 0.87109375 0.00703125 0.01328125
1 0.15703125 0.30859375 0.00859375 0.01015625
0 0.15390625 0.09296875 0.0109375 0.01875
1 0.20234375 0.88125 0.01171875 0.01484375
1 0.42421875 0.86015625 0.01171875 0.021875
1 0.24765625 0.98515625 0.02578125 0.0296875
1 0.27265625 0.83828125 0.00703125 0.01328125
1 0.909375 0.646875 0.01015625 0.0109375