2 0.74296875 0.1984375 0.125 0.0609375
3 0.25546875 0.87421875 0.096875 0.0609375
3 0.80859375 0.8296875 0.090625 0.0484375
1 0.37109375 0.4640625 0.04375 0.0109375
3 0.4328125 0.56875 0.1484375 0.1515625
1 0.66796875 0.4953125 0.04375 0.0125
2 0.22890625 0.2265625 0.125 0.0546875
1 0.0421875 0.453125 0.04375 0.009375
1 0.23984375 0.93984375 0.046875 0.015625
1 0.803125 0.59765625 0.0453125 0.015625
1 0.290625 0.5 0.04375 0.0125
1 0.96796875 0.3984375 0.04375 0.009375
1 0.43359375 0.45 0.0421875 0.0109375
1 0.2703125 0.47265625 0.0421875 0.0109375
3 0.165625 0.3171875 0.0765625 0.078125
1 0.9734375 0.4953125 0.0453125 0.0140625
4 0.62421875 0.24765625 0.090625 0.0671875
1 0.39296875 0.434375 0.0421875 0.0109375
1 0.6625 0.43125 0.0421875 0.0109375
1 0.93515625 0.590625 0.0453125 0.0140625
1 0.18515625 0.428125 0.0421875 0.009375
1 0.66953125 0.46796875 0.04375 0.0109375
1 0.82890625 0.4234375 0.04375 0.0109375
1 0.96796875 0.4515625 0.04375 0.0125
1 0.06015625 0.41484375 0.0421875 0.0078125
1 0.42421875 0.34453125 0.0421875 0.0078125
4 0.325 0.5625 0.153125 0.14375
1 0.6265625 0.453125 0.04375 0.0109375
1 0.0984375 0.371875 0.0421875 0.009375
1 0.87421875 0.35390625 0.0421875 0.0078125
1 0.0890625 0.38359375 0.0421875 0.0078125
1 0.98359375 0.42578125 0.0328125 0.0109375
0 0.24921875 0.23671875 0.040625 0.0078125
0 0.15234375 0.20625 0.0421875 0.009375
1 0.25078125 0.6234375 0.0453125 0.0140625
1 0.7609375 0.5578125 0.0453125 0.0140625
1 0.1890625 0.95546875 0.0484375 0.01875
1 0.91328125 0.55546875 0.0453125 0.015625
1 0.08984375 0.58515625 0.0453125 0.015625
1 0.88203125 0.89296875 0.0453125 0.0140625
1 0.3015625 0.396875 0.0421875 0.009375
1 0.2125 0.9203125 0.04375 0.009375
1 0.98046875 0.371875 0.0390625 0.009375
1 0.8625 0.90859375 0.0484375 0.01875
1 0.91875 0.5328125 0.0453125 0.015625
1 0.48203125 0.3484375 0.0421875 0.009375
1 0.0921875 0.53984375 0.0453125 0.0140625
1 0.89375 0.3703125 0.0421875 0.009375
0 0.16171875 0.20703125 0.0421875 0.0109375
1 0.36875 0.89921875 0.040625 0.0078125
1 0.740625 0.4921875 0.04375 0.0109375
1 0.5171875 0.29296875 0.040625 0.00625
1 0.87578125 0.32734375 0.0421875 0.0078125
1 0.31171875 0.38046875 0.040625 0.0078125
1 0.809375 0.41796875 0.04375 0.009375
1 0.9875 0.45859375 0.025 0.0078125
0 0.27578125 0.75390625 0.04375 0.0125
1 0.728125 0.48671875 0.0421875 0.00625
1 0.4390625 0.36875 0.0421875 0.009375
0 0.2671875 0.81328125 0.040625 0.0109375
1 0.9625 0.33984375 0.0421875 0.009375
1 0.73828125 0.51640625 0.0453125 0.0109375
1 0.72109375 0.521875 0.04375 0.0125
1 0.7890625 0.9171875 0.046875 0.0203125
1 0.17890625 0.9328125 0.04375 0.0109375
1 0.8484375 0.84609375 0.0390625 0.003125
1 0.33984375 0.35078125 0.040625 0.00625
1 0.709375 0.5046875 0.0453125 0.0140625
1 0.1203125 0.58359375 0.04375 0.0125
1 0.775 0.9453125 0.0546875 0.0265625
1 0.91640625 0.31015625 0.040625 0.00625
1 0.90390625 0.321875 0.0421875 0.0078125
1 0.96171875 0.359375 0.040625 0.0078125
1 0.32109375 0.4296875 0.0421875 0.009375
1 0.9078125 0.3453125 0.0421875 0.0078125
1 0.53203125 0.26171875 0.040625 0.0046875
1 0.153125 0.6703125 0.0453125 0.0109375
1 0.3546875 0.36484375 0.04375 0.0078125
0 0.16953125 0.234375 0.0421875 0.0078125
4 0.484375 0.84375 0.0703125 0.0328125
1 0.26328125 0.6328125 0.0421875 0.00625
1 0.38671875 0.3 0.040625 0.00625
1 0.3390625 0.36640625 0.0421875 0.0078125
1 0.93828125 0.34375 0.04375 0.009375
1 0.3109375 0.415625 0.0421875 0.0078125
1 0.04375 0.3734375 0.0421875 0.009375
1 0.865625 0.26875 0.040625 0.00625
1 0.8 0.403125 0.04375 0.009375
1 0.09609375 0.3546875 0.0421875 0.00625
1 0.89140625 0.86484375 0.04375 0.0078125
1 0.8765625 0.27890625 0.040625 0.00625
1 0.21875 0.8953125 0.040625 0.0046875
0 0.1609375 0.15390625 0.04375 0.009375
1 0.58984375 0.25078125 0.040625 0.00625
1 0.734375 0.5375 0.04375 0.0125
1 0.59609375 0.86484375 0.0390625 0.0046875
1 0.80546875 0.95234375 0.053125 0.028125
1 0.72890625 0.50078125 0.04375 0.009375
1 0.1296875 0.92734375 0.04375 0.0125
1 0.11953125 0.30078125 0.040625 0.00625
1 0.8390625 0.25 0.0421875 0.0046875
1 0.48515625 0.88984375 0.0390625 0.0046875
1 0.47578125 0.2984375 0.0421875 0.0078125
1 0.7125 0.49296875 0.04375 0.00625
1 0.653125 0.3359375 0.0421875 0.0078125
1 0.98515625 0.390625 0.0296875 0.00625
1 0.83125 0.2625 0.040625 0.0078125
1 0.6921875 0.88125 0.04375 0.0109375
1 0.97890625 0.33984375 0.0421875 0.0078125
1 0.66328125 0.34453125 0.0421875 0.0078125
1 0.8140625 0.25078125 0.040625 0.00625
1 0.5078125 0.8953125 0.0375 0.003125
1 0.90859375 0.2765625 0.0421875 0.00625
1 0.840625 0.875 0.04375 0.0109375
0 0.15234375 0.13203125 0.040625 0.009375
1 0.340625 0.33828125 0.0390625 0.003125
0 0.28359375 0.725 0.040625 0.009375
1 0.29453125 0.88125 0.0375 0.003125
1 0.12734375 0.28671875 0.0390625 0.0046875
1 0.91484375 0.8984375 0.0453125 0.0140625
1 0.8296875 0.93046875 0.05 0.021875
1 0.74453125 0.55 0.04375 0.0109375
1 0.56640625 0.2515625 0.040625 0.0046875
0 0.15625 0.0796875 0.04375 0.009375
1 0.8390625 0.2640625 0.0421875 0.00625
1 0.884375 0.29453125 0.0421875 0.0046875
1 0.18671875 0.93046875 0.040625 0.0078125
1 0.80390625 0.26640625 0.040625 0.00625
1 0.8734375 0.86015625 0.0421875 0.0078125
1 0.01484375 0.4546875 0.0296875 0.00625
1 0.421875 0.26015625 0.0390625 0.0046875
0 0.1578125 0.10234375 0.04375 0.009375
1 0.01484375 0.4390625 0.0296875 0.00625
1 0.9859375 0.44453125 0.028125 0.0046875
1 0.75859375 0.85234375 0.0390625 0.0046875
1 0.3921875 0.90703125 0.0453125 0.0125
1 0.815625 0.9234375 0.0453125 0.0140625
0 0.1359375 0.0796875 0.0421875 0.0078125
1 0.2875 0.66484375 0.040625 0.003125
1 0.80078125 0.25078125 0.040625 0.0046875
1 0.14453125 0.91640625 0.04375 0.009375
1 0.08984375 0.30703125 0.040625 0.00625
1 0.91875 0.29609375 0.040625 0.0046875
1 0.01796875 0.3765625 0.0359375 0.00625
1 0.059375 0.35234375 0.0421875 0.0078125
1 0.4859375 0.2609375 0.040625 0.0046875
1 0.9328125 0.909375 0.046875 0.015625
1 0.9484375 0.33984375 0.04375 0.0109375
1 0.1578125 0.50625 0.04375 0.009375
1 0.33828125 0.27421875 0.040625 0.0046875
1 0.1578125 0.89296875 0.0390625 0.003125
1 0.6671875 0.978125 0.0484375 0.0140625
1 0.47421875 0.26015625 0.0390625 0.0046875
1 0.20703125 0.90546875 0.0375 0.003125
1 0.115625 0.28984375 0.040625 0.00625
1 0.4640625 0.25859375 0.040625 0.0046875
1 0.746875 0.6109375 0.0453125 0.00625
1 0.021875 0.38515625 0.0390625 0.003125
1 0.34609375 0.26875 0.040625 0.00625
1 0.4515625 0.2609375 0.040625 0.0046875
1 0.853125 0.60390625 0.0421875 0.003125
1 0.10390625 0.29140625 0.040625 0.00625
1 0.86484375 0.84375 0.0390625 0.003125
1 0.784375 0.8484375 0.0375 0.003125
1 0.13125 0.95859375 0.0421875 0.0046875
1 0.4921875 0.87421875 0.0375 0.003125
1 0.60625 0.840625 0.0375 0.0015625
1 0.06484375 0.32421875 0.040625 0.00625
1 0.0375 0.38515625 0.0390625 0.0046875
1 0.89140625 0.26484375 0.040625 0.00625
1 0.7890625 0.628125 0.040625 0.0015625
1 0.7890625 0.37109375 0.0421875 0.0046875
1 0.09453125 0.28984375 0.040625 0.0078125
4 0.6765625 0.58125 0.184375 0.14375