4 0.8859375 0.42421875 0.10625 0.096875
3 0.1375 0.296875 0.08125 0.071875
3 0.32421875 0.4203125 0.103125 0.1078125
4 0.59140625 0.31875 0.09375 0.08125
3 0.13828125 0.81875 0.0640625 0.04375
1 0.603125 0.4734375 0.03125 0.0203125
4 0.71015625 0.86015625 0.090625 0.1
1 0.73984375 0.59453125 0.0328125 0.025
3 0.45390625 0.3609375 0.1046875 0.090625
1 0.54765625 0.48828125 0.0296875 0.021875
1 0.6375 0.41328125 0.0296875 0.0203125
1 0.571875 0.4859375 0.0296875 0.0203125
1 0.3890625 0.45859375 0.0296875 0.021875
1 0.603125 0.4328125 0.028125 0.0171875
1 0.2390625 0.8921875 0.0328125 0.0265625
0 0.85859375 0.7421875 0.040625 0.040625
4 0.875 0.91953125 0.15 0.1609375
1 0.66640625 0.4140625 0.028125 0.0171875
1 0.58515625 0.47109375 0.03125 0.0203125
1 0.55078125 0.53046875 0.03125 0.021875
1 0.125 0.378125 0.028125 0.01875
1 0.1828125 0.390625 0.028125 0.01875
1 0.44609375 0.55 0.03125 0.025
1 0.53203125 0.44921875 0.028125 0.0203125
1 0.5515625 0.45234375 0.028125 0.0203125
1 0.37578125 0.41171875 0.028125 0.01875
1 0.4 0.45703125 0.0296875 0.0203125
1 0.43515625 0.403125 0.0265625 0.0171875
1 0.14921875 0.88125 0.03125 0.025
1 0.2234375 0.86015625 0.028125 0.0171875
1 0.71171875 0.44375 0.028125 0.0171875
1 0.6796875 0.378125 0.028125 0.015625
1 0.94375 0.36875 0.0265625 0.0171875
1 0.65859375 0.52578125 0.0296875 0.0203125
1 0.83984375 0.4 0.028125 0.0171875
1 0.5796875 0.42734375 0.0296875 0.0203125
1 0.93046875 0.36640625 0.028125 0.0171875
1 0.4796875 0.48828125 0.03125 0.0203125
1 0.41875 0.459375 0.03125 0.0203125
1 0.37890625 0.434375 0.028125 0.01875
1 0.625 0.409375 0.0265625 0.015625
1 0.8515625 0.38828125 0.0265625 0.0171875
1 0.8984375 0.34296875 0.025 0.015625
1 0.6640625 0.3921875 0.028125 0.0203125
1 0.44140625 0.4546875 0.028125 0.0203125
3 0.446875 0.825 0.0578125 0.053125
1 0.57734375 0.371875 0.0265625 0.015625
1 0.35625 0.32109375 0.025 0.015625
0 0.8234375 0.19453125 0.0296875 0.021875
1 0.3859375 0.38515625 0.025 0.015625
0 0.240625 0.209375 0.028125 0.01875
1 0.68671875 0.41015625 0.028125 0.0171875
1 0.38828125 0.42578125 0.0265625 0.0171875
1 0.17734375 0.30546875 0.025 0.015625
1 0.3625 0.3640625 0.028125 0.015625
1 0.38828125 0.33828125 0.025 0.015625
2 0.259375 0.21171875 0.1140625 0.05625
1 0.2484375 0.84140625 0.0234375 0.0140625
1 0.6984375 0.4328125 0.028125 0.01875
1 0.61640625 0.409375 0.028125 0.015625
1 0.0890625 0.9 0.0328125 0.0296875
1 0.6984375 0.4125 0.0265625 0.0171875
1 0.6046875 0.4046875 0.0296875 0.0171875
1 0.63515625 0.37578125 0.028125 0.015625
1 0.65390625 0.3734375 0.0265625 0.0171875
1 0.4453125 0.42734375 0.0265625 0.0171875
1 0.628125 0.35703125 0.0265625 0.0171875
1 0.91796875 0.3484375 0.0265625 0.015625
1 0.6046875 0.35234375 0.0265625 0.015625
1 0.98828125 0.4203125 0.0234375 0.01875
1 0.6171875 0.5734375 0.03125 0.0234375
0 0.75625 0.24140625 0.0265625 0.0171875
1 0.5671875 0.42421875 0.028125 0.01875
1 0.684375 0.39296875 0.028125 0.0171875
1 0.46328125 0.45 0.0296875 0.01875
1 0.34921875 0.3421875 0.025 0.015625
0 0.840625 0.17421875 0.03125 0.0203125
1 0.54375 0.4125 0.0296875 0.01875
1 0.634375 0.39375 0.028125 0.0171875
1 0.165625 0.31875 0.0265625 0.0171875
1 0.67265625 0.6265625 0.03125 0.0171875
1 0.64921875 0.54296875 0.0296875 0.0234375
0 0.884375 0.14921875 0.0296875 0.021875
1 0.5734375 0.40390625 0.028125 0.0171875
1 0.5671875 0.38515625 0.028125 0.0171875
2 0.7875 0.23828125 0.1 0.0609375
1 0.5375 0.3875 0.0265625 0.0140625
1 0.64375 0.38984375 0.0265625 0.015625
1 0.03359375 0.4375 0.0265625 0.015625
0 0.94921875 0.8375 0.0359375 0.0328125
1 0.51171875 0.41953125 0.0265625 0.015625
1 0.34296875 0.33828125 0.025 0.015625
1 0.759375 0.878125 0.025 0.015625
1 0.39375 0.3625 0.0265625 0.015625
1 0.08125 0.36015625 0.028125 0.015625
1 0.609375 0.38359375 0.0265625 0.015625
1 0.39921875 0.396875 0.025 0.015625
1 0.490625 0.31484375 0.025 0.015625
1 0.321875 0.328125 0.025 0.0140625
1 0.6703125 0.65078125 0.03125 0.021875
1 0.67109375 0.340625 0.0265625 0.015625
1 0.47890625 0.46328125 0.0296875 0.01875
1 0.45390625 0.4046875 0.0296875 0.015625
1 0.325 0.33984375 0.025 0.015625
1 0.5171875 0.4046875 0.028125 0.0171875
1 0.64375 0.3125 0.0265625 0.0140625
0 0.98671875 0.15078125 0.0265625 0.0171875
1 0.3953125 0.3796875 0.0265625 0.0140625
1 0.51328125 0.32578125 0.025 0.015625
1 0.72421875 0.6421875 0.0328125 0.0234375
0 0.8734375 0.15703125 0.0296875 0.0234375
1 0.46171875 0.4296875 0.028125 0.01875
1 0.54921875 0.3109375 0.025 0.0140625
1 0.803125 0.95703125 0.0359375 0.0359375
1 0.36484375 0.3953125 0.0265625 0.015625
1 0.53203125 0.4109375 0.0296875 0.01875
0 0.7875 0.20703125 0.0265625 0.0171875
1 0.521875 0.3859375 0.025 0.015625
1 0.66015625 0.634375 0.03125 0.021875
1 0.4875 0.45546875 0.028125 0.015625
1 0.14453125 0.853125 0.028125 0.015625
0 0.78125 0.22578125 0.025 0.015625
1 0.31875 0.2984375 0.0265625 0.0171875
1 0.5421875 0.39921875 0.0265625 0.0140625
1 0.07109375 0.3578125 0.0265625 0.0171875
1 0.61953125 0.39765625 0.0265625 0.0171875
1 0.6828125 0.30546875 0.0265625 0.015625
1 0.496875 0.43984375 0.0265625 0.01875
1 0.3421875 0.3609375 0.0265625 0.0125
1 0.4859375 0.44375 0.028125 0.0171875
1 0.58125 0.45859375 0.0265625 0.0140625
1 0.4671875 0.40703125 0.028125 0.015625
1 0.5640625 0.40234375 0.028125 0.0171875
1 0.3484375 0.83046875 0.028125 0.0203125
1 0.103125 0.3125 0.025 0.0125
1 0.4984375 0.3203125 0.028125 0.015625
1 0.50390625 0.403125 0.028125 0.015625
1 0.6609375 0.34375 0.0265625 0.0171875
1 0.23671875 0.82890625 0.0265625 0.0125
1 0.4125 0.36484375 0.025 0.015625
1 0.61640625 0.55 0.025 0.0171875
1 0.515625 0.303125 0.025 0.0140625
1 0.93125 0.3515625 0.0296875 0.0171875
1 0.50390625 0.41796875 0.028125 0.015625
1 0.1125 0.85625 0.0265625 0.015625
1 0.709375 0.43125 0.0265625 0.0171875
1 0.06875 0.33515625 0.028125 0.0171875
1 0.35078125 0.41484375 0.028125 0.0140625
1 0.6484375 0.3515625 0.0265625 0.015625
1 0.09140625 0.32421875 0.025 0.0140625
1 0.35 0.3625 0.0265625 0.0140625
1 0.128125 0.84765625 0.028125 0.01875
1 0.0875 0.3125 0.025 0.015625
1 0.49765625 0.29765625 0.0265625 0.0140625
1 0.6359375 0.35625 0.028125 0.0171875
1 0.7890625 0.6625 0.028125 0.0125
1 0.63125 0.30390625 0.0265625 0.0171875
1 0.71875 0.33359375 0.028125 0.01875
1 0.72890625 0.34921875 0.028125 0.0203125
1 0.03671875 0.37109375 0.0265625 0.0140625
0 0.8828125 0.84609375 0.0328125 0.025