3 0.13046875 0.86875 0.09375 0.0734375
3 0.32265625 0.33984375 0.0921875 0.084375
3 0.06484375 0.38984375 0.0921875 0.0796875
4 0.66484375 0.37421875 0.1171875 0.1109375
2 0.7515625 0.203125 0.11875 0.0640625
1 0.35078125 0.59296875 0.04375 0.0203125
4 0.50546875 0.3765625 0.1171875 0.0984375
1 0.33125 0.478125 0.0421875 0.01875
1 0.38046875 0.590625 0.04375 0.0203125
2 0.2296875 0.2453125 0.125 0.0546875
1 0.64453125 0.44140625 0.0421875 0.0171875
3 0.14296875 0.4875 0.13125 0.121875
1 0.3953125 0.56484375 0.0453125 0.025
3 0.41796875 0.86015625 0.1375 0.1109375
1 0.6671875 0.446875 0.0421875 0.01875
1 0.2640625 0.45859375 0.040625 0.01875
1 0.32578125 0.4578125 0.0421875 0.01875
1 0.7140625 0.440625 0.040625 0.01875
1 0.34921875 0.384375 0.0390625 0.015625
1 0.37109375 0.4578125 0.0421875 0.01875
1 0.36953125 0.4421875 0.040625 0.015625
1 0.7640625 0.4734375 0.0421875 0.0203125
1 0.70234375 0.4390625 0.040625 0.0171875
1 0.6015625 0.36484375 0.0390625 0.015625
1 0.340625 0.41015625 0.040625 0.0171875
1 0.5984375 0.33203125 0.0390625 0.0140625
1 0.42421875 0.4515625 0.040625 0.01875
1 0.28359375 0.478125 0.0421875 0.0171875
1 0.4375 0.42734375 0.0390625 0.015625
1 0.30234375 0.47265625 0.0421875 0.01875
1 0.753125 0.41875 0.0421875 0.0203125
0 0.759375 0.21171875 0.0390625 0.0171875
1 0.390625 0.42421875 0.0390625 0.0125
1 0.38359375 0.896875 0.0453125 0.025
1 0.26796875 0.58671875 0.040625 0.0171875
1 0.73828125 0.4453125 0.0421875 0.0203125
1 0.1046875 0.496875 0.0421875 0.01875
1 0.3625 0.88125 0.040625 0.015625
1 0.28046875 0.59765625 0.0421875 0.0171875
1 0.2828125 0.45859375 0.040625 0.0171875
1 0.3671875 0.32734375 0.0375 0.0125
1 0.3140625 0.60546875 0.0421875 0.0125
1 0.2484375 0.446875 0.040625 0.0171875
0 0.759375 0.121875 0.0421875 0.021875
1 0.27265625 0.47890625 0.0421875 0.01875
4 0.5703125 0.8078125 0.09375 0.075
1 0.75390625 0.453125 0.040625 0.01875
1 0.71328125 0.4203125 0.040625 0.0171875
1 0.3265625 0.4375 0.0421875 0.01875
1 0.39296875 0.33203125 0.0390625 0.015625
1 0.421875 0.41015625 0.040625 0.0171875
1 0.4390625 0.371875 0.040625 0.0171875
1 0.59921875 0.8390625 0.040625 0.0140625
1 0.36953125 0.89375 0.0421875 0.01875
1 0.28671875 0.86171875 0.0375 0.0109375
1 0.4375 0.34609375 0.040625 0.0140625
1 0.45703125 0.35859375 0.0390625 0.0140625
4 0.4828125 0.8203125 0.075 0.0546875
1 0.45078125 0.3984375 0.040625 0.0171875
1 0.64609375 0.28671875 0.0390625 0.0125
1 0.659375 0.43359375 0.0421875 0.015625
1 0.4453125 0.38359375 0.0390625 0.0125
1 0.31328125 0.44609375 0.04375 0.0203125
1 0.0984375 0.35234375 0.0375 0.0125
1 0.70625 0.8203125 0.0390625 0.015625
0 0.24609375 0.25078125 0.0421875 0.0171875
1 0.765625 0.821875 0.0359375 0.0109375
1 0.2921875 0.459375 0.0421875 0.0171875
1 0.10078125 0.47109375 0.0390625 0.015625
1 0.31484375 0.84609375 0.0390625 0.0140625
1 0.43984375 0.39375 0.0421875 0.0171875
1 0.44453125 0.3359375 0.0390625 0.0140625
1 0.70390625 0.41953125 0.040625 0.0171875
1 0.33671875 0.3859375 0.040625 0.0140625
1 0.2890625 0.44375 0.040625 0.015625
1 0.328125 0.4125 0.040625 0.0140625
0 0.9328125 0.00234375 0.0421875 0.0046875
1 0.43125 0.40703125 0.0421875 0.015625
1 0.55234375 0.83984375 0.040625 0.0140625
1 0.63515625 0.390625 0.0421875 0.01875
0 0.7559029453125 0.19850080625 0.7266466265625 0.200540278125 0.7253945828125 0.21727533906250002 0.743251925 0.2196648703125 0.768819675 0.21213787343749999 0.7559029453125 0.19850080625