4 0.07421875 0.34140625 0.1171875 0.0859375
3 0.14609375 0.29765625 0.1015625 0.075
3 0.7734375 0.8265625 0.0765625 0.040625
1 0.21015625 0.59140625 0.0484375 0.0171875
3 0.5875 0.54140625 0.1421875 0.1296875
4 0.21953125 0.8265625 0.0765625 0.04375
1 0.35234375 0.44609375 0.046875 0.01875
1 0.28203125 0.5953125 0.0484375 0.0140625
1 0.453125 0.4609375 0.046875 0.0203125
4 0.925 0.5125 0.1203125 0.1171875
1 0.3203125 0.50390625 0.0484375 0.0203125
2 0.75 0.2265625 0.1234375 0.05
1 0.90390625 0.4171875 0.0453125 0.015625
1 0.09296875 0.384375 0.0453125 0.015625
1 0.51640625 0.41875 0.0453125 0.015625
1 0.60390625 0.44765625 0.0453125 0.01875
1 0.31953125 0.4796875 0.0484375 0.01875
1 0.87265625 0.4296875 0.0453125 0.015625
1 0.25390625 0.4828125 0.046875 0.01875
1 0.6765625 0.87265625 0.0453125 0.0171875
1 0.3078125 0.559375 0.0484375 0.021875
1 0.04453125 0.45078125 0.0484375 0.01875
1 0.246875 0.53125 0.0484375 0.0203125
1 0.553125 0.38203125 0.0453125 0.015625
1 0.2453125 0.44765625 0.0453125 0.01875
1 0.415625 0.43046875 0.0453125 0.0171875
1 0.34453125 0.50546875 0.0484375 0.01875
1 0.1671875 0.3921875 0.0453125 0.015625
1 0.05234375 0.41796875 0.046875 0.015625
1 0.82109375 0.4296875 0.0453125 0.015625
1 0.54609375 0.421875 0.0453125 0.015625
1 0.91953125 0.64453125 0.05 0.0203125
1 0.2546875 0.896875 0.0484375 0.021875
1 0.29375 0.4890625 0.0484375 0.01875
4 0.56640625 0.86171875 0.1265625 0.1046875
1 0.4015625 0.37421875 0.0453125 0.015625
1 0.50390625 0.4484375 0.046875 0.01875
1 0.628125 0.37890625 0.0453125 0.015625
1 0.2765625 0.55546875 0.0484375 0.021875
0 0.1453125 0.06796875 0.046875 0.015625
1 0.3 0.8515625 0.0453125 0.0140625
1 0.640625 0.4 0.0453125 0.015625
1 0.16484375 0.35 0.0453125 0.015625
1 0.21875 0.934375 0.0546875 0.03125
1 0.43359375 0.39296875 0.0453125 0.015625
1 0.68359375 0.40078125 0.0453125 0.015625
1 0.315625 0.42265625 0.0453125 0.015625
1 0.24609375 0.50546875 0.0484375 0.01875
1 0.50390625 0.3734375 0.0453125 0.015625
1 0.23359375 0.48984375 0.0484375 0.01875
0 0.225 0.20625 0.0484375 0.0171875
1 0.34375 0.42734375 0.0453125 0.0171875
1 0.58203125 0.44921875 0.0453125 0.0171875
1 0.66875 0.434375 0.046875 0.021875
0 0.09140625 0.14375 0.0484375 0.01875
1 0.265625 0.49296875 0.0484375 0.015625
1 0.73046875 0.878125 0.0453125 0.0171875
1 0.34140625 0.40546875 0.0453125 0.015625
1 0.85078125 0.42578125 0.0453125 0.0171875
1 0.30234375 0.3359375 0.0453125 0.015625
0 0.22265625 0.15390625 0.0453125 0.01875
1 0.3578125 0.40078125 0.046875 0.015625
1 0.3234375 0.45546875 0.0453125 0.015625
1 0.42265625 0.4078125 0.04375 0.0140625
1 0.5921875 0.4265625 0.046875 0.0171875
1 0.4625 0.8859375 0.046875 0.021875
1 0.6578125 0.39140625 0.0453125 0.015625
0 0.23125 0.1671875 0.0453125 0.01875
0 0.18671875 0.134375 0.046875 0.01875
0 0.2078125 0.13984375 0.0484375 0.01875
1 0.18125 0.871875 0.0453125 0.015625
1 0.60625 0.36796875 0.04375 0.0125
0 0.07734375 0.1453125 0.0453125 0.01875
1 0.51328125 0.3859375 0.0453125 0.015625
1 0.37265625 0.3703125 0.0453125 0.015625
1 0.36484375 0.86953125 0.0484375 0.01875
1 0.71015625 0.85234375 0.0421875 0.0125
1 0.33203125 0.446875 0.0453125 0.0171875
1 0.796875 0.87734375 0.0453125 0.01875
1 0.54296875 0.33203125 0.04375 0.0140625
1 0.459375 0.38984375 0.046875 0.015625
1 0.44140625 0.3796875 0.0453125 0.0125
0 0.2375 0.2265625 0.046875 0.0171875
1 0.1875 0.4328125 0.0453125 0.015625
1 0.79453125 0.44140625 0.0453125 0.015625
1 0.31796875 0.40546875 0.0453125 0.0125
1 0.2640625 0.56328125 0.0484375 0.021875
1 0.41015625 0.34765625 0.0453125 0.015625
1 0.50625 0.34375 0.04375 0.0140625
1 0.375 0.4015625 0.0453125 0.015625
1 0.14296875 0.92109375 0.0515625 0.025
1 0.02890625 0.4046875 0.0453125 0.015625
1 0.165625 0.621875 0.0515625 0.0234375
1 0.3859375 0.36640625 0.0453125 0.015625
1 0.57109375 0.46171875 0.04375 0.0125
1 0.1875 0.890625 0.0484375 0.0203125
1 0.29765625 0.621875 0.0484375 0.021875
1 0.01640625 0.3765625 0.0328125 0.015625
1 0.84140625 0.321875 0.04375 0.0125
1 0.8109375 0.309375 0.0421875 0.0125
1 0.87734375 0.3453125 0.0453125 0.0140625
1 0.27578125 0.50703125 0.0484375 0.01875
1 0.6 0.4 0.0453125 0.015625
1 0.8390625 0.4125 0.046875 0.01875
1 0.4671875 0.35 0.0453125 0.0140625
1 0.459375 0.3703125 0.0453125 0.015625
1 0.5921875 0.34921875 0.0453125 0.0140625
1 0.0328125 0.425 0.0484375 0.01875
1 0.65 0.36953125 0.0453125 0.0125
1 0.4890625 0.4296875 0.0453125 0.01875
1 0.32734375 0.3546875 0.0453125 0.0140625
1 0.45078125 0.35078125 0.0453125 0.0140625
0 0.2359375 0.71484375 0.04375 0.0140625
1 0.528125 0.36796875 0.0453125 0.0125
1 0.678125 0.31875 0.0453125 0.015625
1 0.828125 0.840625 0.0421875 0.009375
1 0.84609375 0.33515625 0.0421875 0.0140625
4 0.14921875 0.84296875 0.0890625 0.0703125
1 0.678125 0.85390625 0.04375 0.0125
2 0.2296875 0.21796875 0.1234375 0.0625
0 0.1640625 0.7265625 0.0453125 0.0171875
1 0.20859375 0.8546875 0.04375 0.0125
0 0.0734375 0.26640625 0.0453125 0.015625
1 0.42109375 0.31796875 0.0421875 0.0125
1 0.26328125 0.9234375 0.046875 0.025
1 0.4359375 0.321875 0.0421875 0.0125
0 0.2265625 0.13125 0.0453125 0.015625
1 0.02109375 0.41875 0.0421875 0.01875
1 0.35078125 0.3375 0.0453125 0.0125
0 0.25625 0.22109375 0.046875 0.015625
0 0.221875 0.78671875 0.0421875 0.0125
1 0.71796875 0.875 0.0453125 0.0171875
1 0.5203125 0.34921875 0.0421875 0.0125
1 0.70390625 0.8390625 0.0421875 0.0109375
1 0.14453125 0.61796875 0.05 0.0203125
1 0.23359375 0.91953125 0.0515625 0.025
0 0.153125 0.04375 0.0484375 0.01875
1 0.80546875 0.44921875 0.046875 0.015625
1 0.36015625 0.31796875 0.0453125 0.0125
1 0.6078125 0.34921875 0.0453125 0.0125
1 0.26328125 0.5125 0.0484375 0.01875
1 0.35859375 0.3828125 0.04375 0.0125
1 0.3515625 0.2984375 0.04375 0.0125
1 0.24140625 0.83828125 0.0421875 0.009375
1 0.75625 0.8484375 0.04375 0.0125
1 0.16953125 0.89140625 0.046875 0.01875
0 0.24609375 0.1828125 0.04375 0.0171875
1 0.31875 0.35546875 0.04375 0.0140625
1 0.34375 0.3828125 0.0453125 0.0140625
1 0.8796875 0.33203125 0.0453125 0.0125
1 0.125 0.64375 0.0484375 0.01875
0 0.11015625 0.0546875 0.046875 0.015625
1 0.42578125 0.34609375 0.0453125 0.015625
1 0.8890625 0.3375 0.0453125 0.0125
1 0.61796875 0.29921875 0.0421875 0.0125
1 0.33203125 0.4234375 0.046875 0.0171875
1 0.83984375 0.8390625 0.0421875 0.0109375
1 0.3265625 0.40625 0.0453125 0.0125
1 0.61875 0.33828125 0.04375 0.0125
1 0.95078125 0.36875 0.0453125 0.0125
1 0.34921875 0.490625 0.0484375 0.015625
1 0.346875 0.315625 0.04375 0.0125
1 0.4890625 0.3015625 0.0453125 0.0125
1 0.0765625 0.9265625 0.0484375 0.021875
1 0.7515625 0.9875 0.059375 0.0234375
1 0.4234375 0.42578125 0.0453125 0.015625
1 0.30625 0.834375 0.0453125 0.015625
1 0.434375 0.36875 0.0453125 0.015625
1 0.3703125 0.30078125 0.0421875 0.0125
1 0.3359375 0.34609375 0.0453125 0.015625
1 0.33359375 0.39375 0.0453125 0.015625
1 0.63671875 0.87265625 0.0484375 0.01875
1 0.0171875 0.403125 0.034375 0.0125
1 0.86875 0.85078125 0.0453125 0.0109375
0 0.228125 0.75390625 0.0421875 0.0109375
1 0.6734375 0.38515625 0.046875 0.015625
1 0.0578125 0.93203125 0.0515625 0.021875
1 0.409375 0.3015625 0.0453125 0.0140625
1 0.08984375 0.90078125 0.046875 0.01875
1 0.8734375 0.321875 0.04375 0.0125
1 0.2734375 0.64765625 0.0453125 0.009375
1 0.1578125 0.9015625 0.05 0.021875
1 0.81640625 0.44921875 0.04375 0.0125
1 0.121875 0.89921875 0.0484375 0.01875
1 0.94453125 0.35859375 0.0453125 0.015625
1 0.428125 0.296875 0.04375 0.0125
1 0.1765625 0.84375 0.04375 0.009375
1 0.85546875 0.3203125 0.04375 0.0125
1 0.31953125 0.37578125 0.0453125 0.015625
0 0.11640625 0.0375 0.046875 0.0203125
1 0.3359375 0.328125 0.0453125 0.0125
1 0.046875 0.98828125 0.053125 0.021875
1 0.0203125 0.35859375 0.040625 0.0140625
1 0.3203125 0.390625 0.0453125 0.015625
1 0.703125 0.99140625 0.0546875 0.015625
1 0.41171875 0.3625 0.0453125 0.015625
1 0.4984375 0.42734375 0.0453125 0.01875
1 0.70859375 0.40234375 0.04375 0.015625
1 0.74375 0.8484375 0.0453125 0.0125
1 0.19609375 0.846875 0.0453125 0.0125
0 0.34765625 0.78125 0.0515625 0.025
1 0.30859375 0.38359375 0.04375 0.0125
1 0.44609375 0.84296875 0.04375 0.0125
1 0.590625 0.37265625 0.0453125 0.0125
1 0.1265625 0.61640625 0.0484375 0.01875
1 0.4359375 0.84765625 0.0453125 0.0109375
1 0.44375 0.8109375 0.04375 0.0109375
1 0.34453125 0.3296875 0.0453125 0.0125
1 0.92734375 0.3515625 0.046875 0.015625
1 0.85859375 0.30625 0.0453125 0.0125
1 0.109375 0.89140625 0.05 0.0203125
1 0.5765625 0.371875 0.0421875 0.009375
0 0.146875 0.78828125 0.0421875 0.015625