2 0.22265625 0.2296875 0.1046875 0.0640625
4 0.56484375 0.32890625 0.0875 0.0875
3 0.625 0.2578125 0.075 0.08125
3 0.88125 0.8875 0.1546875 0.1421875
2 0.7390625 0.19609375 0.1078125 0.05625
1 0.50859375 0.3953125 0.0234375 0.0140625
4 0.54453125 0.24921875 0.0859375 0.075
1 0.571875 0.43046875 0.0234375 0.015625
1 0.4515625 0.4453125 0.025 0.015625
1 0.3875 0.4640625 0.025 0.0171875
4 0.7828125 0.83984375 0.06875 0.05
1 0.43359375 0.37421875 0.0234375 0.0140625
1 0.73125 0.53203125 0.0265625 0.01875
1 0.8640625 0.4375 0.0234375 0.0140625
1 0.37265625 0.41328125 0.0234375 0.0140625
1 0.92265625 0.584375 0.0265625 0.0171875
1 0.5171875 0.43984375 0.0234375 0.0140625
1 0.71953125 0.4546875 0.025 0.015625
1 0.7078125 0.50703125 0.025 0.01875
1 0.3015625 0.4546875 0.0234375 0.0140625
1 0.7375 0.4296875 0.0234375 0.015625
1 0.4875 0.3921875 0.0234375 0.0125
1 0.33203125 0.4625 0.0234375 0.015625
1 0.6625 0.42265625 0.0234375 0.0140625
1 0.93046875 0.38125 0.0234375 0.0140625
1 0.7109375 0.41953125 0.0234375 0.015625
1 0.253125 0.44765625 0.0234375 0.015625
1 0.55625 0.47421875 0.025 0.0171875
1 0.3359375 0.43203125 0.025 0.015625
1 0.89140625 0.3125 0.021875 0.0125
1 0.38125 0.3375 0.021875 0.0109375
1 0.52578125 0.3953125 0.0234375 0.0140625
1 0.17890625 0.92109375 0.025 0.0171875
1 0.3109375 0.38125 0.021875 0.0125
1 0.04609375 0.38359375 0.0234375 0.0125
1 0.32421875 0.41953125 0.0234375 0.015625
1 0.46875 0.30859375 0.0203125 0.0125
1 0.9890625 0.5140625 0.021875 0.01875
1 0.05546875 0.35390625 0.021875 0.0109375
1 0.85234375 0.3515625 0.0234375 0.0125
1 0.6984375 0.3953125 0.0234375 0.0125
1 0.32265625 0.33984375 0.0203125 0.0109375
1 0.10390625 0.9421875 0.0265625 0.01875
1 0.840625 0.26171875 0.0203125 0.009375
1 0.66953125 0.88671875 0.025 0.01875
1 0.84921875 0.31484375 0.021875 0.0125
1 0.52265625 0.31875 0.0203125 0.0109375
4 0.5609375 0.8578125 0.04375 0.04375
1 0.3984375 0.3375 0.021875 0.0125
1 0.71640625 0.87109375 0.021875 0.0125
1 0.984375 0.41953125 0.025 0.015625
1 0.9515625 0.3734375 0.025 0.0140625
1 0.3484375 0.3671875 0.0234375 0.0125
1 0.17734375 0.62890625 0.0265625 0.01875
1 0.0578125 0.434375 0.025 0.015625
1 0.8046875 0.3828125 0.0234375 0.0140625
1 0.715625 0.546875 0.0265625 0.01875
1 0.08125 0.3265625 0.021875 0.0109375
1 0.33125 0.36796875 0.021875 0.0140625
1 0.3671875 0.35078125 0.021875 0.0125
1 0.8421875 0.61953125 0.0265625 0.0203125
1 0.18671875 0.98828125 0.0328125 0.0203125
1 0.4921875 0.3203125 0.021875 0.0109375
1 0.14609375 0.32109375 0.0203125 0.009375
1 0.53515625 0.4078125 0.0234375 0.0140625
1 0.6625 0.34609375 0.021875 0.0140625
1 0.33046875 0.27578125 0.0203125 0.009375
1 0.10703125 0.3296875 0.021875 0.0109375
1 0.7640625 0.6328125 0.025 0.0140625
1 0.3375 0.50546875 0.025 0.0171875
1 0.88125 0.29375 0.021875 0.0109375
1 0.1734375 0.8921875 0.0203125 0.0109375
1 0.0234375 0.3890625 0.0234375 0.0125
1 0.65625 0.3015625 0.021875 0.0109375
1 0.0703125 0.36953125 0.021875 0.0109375
1 0.80546875 0.8921875 0.025 0.015625
1 0.76953125 0.94296875 0.0328125 0.0296875
1 0.075 0.38203125 0.021875 0.0125
3 0.28515625 0.93359375 0.1734375 0.1296875
1 0.3484375 0.271875 0.0203125 0.0109375
1 0.70078125 0.41484375 0.0234375 0.0140625
1 0.06640625 0.33125 0.021875 0.0109375
1 0.80546875 0.2484375 0.0203125 0.009375
1 0.7375 0.62109375 0.0234375 0.0109375
1 0.65390625 0.34453125 0.0234375 0.0125
1 0.859375 0.62890625 0.0265625 0.0125
1 0.14921875 0.88984375 0.0203125 0.0109375
1 0.77578125 0.62109375 0.0265625 0.015625
1 0.684375 0.39453125 0.0234375 0.0125
1 0.41015625 0.8734375 0.021875 0.0109375
1 0.1359375 0.303125 0.0203125 0.009375
1 0.15859375 0.96171875 0.028125 0.025
1 0.35 0.90234375 0.0265625 0.0203125
1 0.9640625 0.38984375 0.025 0.0140625
1 0.9296875 0.34921875 0.0234375 0.0125
1 0.81953125 0.25546875 0.0203125 0.0125
1 0.66953125 0.4078125 0.025 0.0140625
1 0.153125 0.33828125 0.021875 0.0109375
1 0.82109375 0.5984375 0.0234375 0.0078125
1 0.7671875 0.88046875 0.0234375 0.0140625
1 0.5046875 0.2859375 0.0203125 0.009375
1 0.73671875 0.60546875 0.0234375 0.009375
1 0.52109375 0.29140625 0.01875 0.009375
1 0.1 0.2953125 0.021875 0.009375
1 0.54140625 0.8890625 0.0203125 0.0109375
1 0.984375 0.40390625 0.0234375 0.0109375
1 0.83203125 0.24453125 0.0203125 0.009375
1 0.103125 0.31171875 0.0203125 0.009375
1 0.0828125 0.95390625 0.0265625 0.021875
1 0.49140625 0.35390625 0.0234375 0.0125
1 0.1203125 0.90390625 0.021875 0.0109375
1 0.3390625 0.3 0.0234375 0.009375
1 0.1609375 0.28984375 0.0203125 0.009375
1 0.13203125 0.29296875 0.021875 0.0078125
1 0.453125 0.8734375 0.0203125 0.009375
1 0.99375 0.60625 0.0125 0.015625
1 0.8703125 0.26015625 0.021875 0.009375
1 0.865625 0.246875 0.021875 0.0109375
1 0.0703125 0.9703125 0.0234375 0.0125
1 0.5296875 0.303125 0.021875 0.009375
1 0.0109375 0.4046875 0.0203125 0.009375
3 0.01796875 0.54375 0.0359375 0.1125
1 0.16640625 0.28671875 0.01875 0.009375
1 0.5046875 0.2578125 0.0203125 0.009375
1 0.40546875 0.26328125 0.0203125 0.0109375
1 0.8796875 0.27109375 0.021875 0.0109375
1 0.55546875 0.8875 0.0203125 0.009375
1 0.8796875 0.2515625 0.021875 0.009375
1 0.89609375 0.30078125 0.0203125 0.009375
1 0.08203125 0.92734375 0.025 0.0140625
1 0.96328125 0.91796875 0.03125 0.03125
1 0.39609375 0.26484375 0.0203125 0.009375
1 0.534375 0.284375 0.0203125 0.0109375
1 0.8546875 0.25078125 0.021875 0.009375
1 0.971875 0.9578125 0.0328125 0.034375
1 0.10234375 0.90859375 0.021875 0.0125
1 0.8125 0.8671875 0.0203125 0.0109375
1 0.821875 0.61328125 0.021875 0.0078125
1 0.9890625 0.3453125 0.01875 0.0109375
1 0.184375 0.87421875 0.0203125 0.0078125
1 0.978125 0.390625 0.025 0.0125
1 0.1109375 0.8859375 0.01875 0.009375
1 0.92734375 0.3171875 0.0234375 0.0140625
1 0.0109375 0.52265625 0.021875 0.0140625
1 0.515625 0.259375 0.021875 0.0109375
1 0.97578125 0.32890625 0.021875 0.0109375
1 0.80703125 0.91875 0.0203125 0.0125
1 0.43515625 0.87578125 0.021875 0.0078125
1 0.93828125 0.34375 0.0234375 0.0125
1 0.64609375 0.2859375 0.0296875 0.01875
1 0.20234375 0.98984375 0.0296875 0.0171875
1 0.58671875 0.27109375 0.0203125 0.009375
1 0.5640625 0.884375 0.0203125 0.009375
1 0.2140625 0.88046875 0.01875 0.009375
1 0.22890625 0.86875 0.01875 0.0078125
1 0.084375 0.9125 0.021875 0.0109375
1 0.20234375 0.884375 0.01875 0.0078125
0 0.66640625 0.98203125 0.0328125 0.0171875