3 0.8421875 0.29453125 0.0734375 0.0765625
2 0.76875 0.21953125 0.103125 0.0703125
2 0.25078125 0.20390625 0.1046875 0.0609375
3 0.41328125 0.3140625 0.06875 0.065625
4 0.3640625 0.3171875 0.0734375 0.09375
4 0.66953125 0.5015625 0.1 0.1359375
1 0.4484375 0.40390625 0.0234375 0.0203125
3 0.11640625 0.43828125 0.0984375 0.134375
1 0.73984375 0.53515625 0.0234375 0.0234375
3 0.8375 0.8546875 0.0703125 0.0640625
1 0.81328125 0.42734375 0.0234375 0.0203125
1 0.33359375 0.55390625 0.025 0.025
1 0.35 0.52890625 0.0265625 0.025
1 0.809375 0.58046875 0.0265625 0.0265625
1 0.2578125 0.59453125 0.0265625 0.028125
1 0.38671875 0.503125 0.0234375 0.0234375
1 0.66640625 0.4203125 0.0234375 0.0203125
1 0.58515625 0.35703125 0.021875 0.01875
1 0.0625 0.365625 0.021875 0.0203125
1 0.284375 0.440625 0.0234375 0.0203125
1 0.009375 0.50703125 0.01875 0.0234375
1 0.896875 0.403125 0.021875 0.0203125
1 0.15 0.559375 0.0234375 0.0234375
1 0.83828125 0.33671875 0.021875 0.0171875
1 0.0890625 0.92265625 0.028125 0.0265625
4 0.44375 0.5203125 0.103125 0.1515625
1 0.571875 0.35546875 0.021875 0.01875
1 0.184375 0.3625 0.021875 0.01875
1 0.00703125 0.534375 0.0140625 0.025
1 0.51171875 0.38046875 0.0234375 0.01875
1 0.2546875 0.92734375 0.025 0.025
1 0.68046875 0.37421875 0.021875 0.01875
1 0.9890625 0.46875 0.021875 0.021875
1 0.9484375 0.43203125 0.0234375 0.021875
1 0.6546875 0.3734375 0.021875 0.01875
1 0.2203125 0.9453125 0.0296875 0.034375
1 0.73046875 0.56328125 0.025 0.025
1 0.04375 0.496875 0.025 0.0203125
1 0.7609375 0.61171875 0.0265625 0.0265625
3 0.56953125 0.83125 0.0546875 0.0390625
1 0.89765625 0.5296875 0.025 0.025
1 0.93515625 0.44296875 0.0234375 0.021875
1 0.93515625 0.42734375 0.0234375 0.01875
1 0.60078125 0.38984375 0.021875 0.0203125
1 0.7375 0.88671875 0.021875 0.01875
1 0.10859375 0.3484375 0.021875 0.021875
1 0.1921875 0.340625 0.021875 0.01875
1 0.84296875 0.5 0.021875 0.01875
1 0.8484375 0.9578125 0.0296875 0.03125
1 0.784375 0.9203125 0.0265625 0.0234375
1 0.13671875 0.35078125 0.021875 0.0203125
1 0.459375 0.37109375 0.021875 0.0203125
1 0.746875 0.55859375 0.025 0.0234375
1 0.71328125 0.4546875 0.0234375 0.021875
1 0.165625 0.3953125 0.0234375 0.0203125
1 0.89375 0.38984375 0.021875 0.01875
1 0.559375 0.39765625 0.021875 0.0203125
1 0.14765625 0.3328125 0.021875 0.0171875
1 0.603125 0.9 0.0234375 0.01875
1 0.72109375 0.475 0.0234375 0.021875
1 0.296875 0.44375 0.0234375 0.021875
1 0.628125 0.9046875 0.0234375 0.015625
1 0.66015625 0.2953125 0.0203125 0.0171875
1 0.1234375 0.36796875 0.021875 0.0203125
1 0.4953125 0.29375 0.0203125 0.0171875
1 0.32265625 0.6109375 0.025 0.021875
1 0.8515625 0.378125 0.021875 0.01875
1 0.884375 0.925 0.0265625 0.0234375
1 0.2828125 0.41875 0.021875 0.0171875
1 0.7125 0.8890625 0.0234375 0.021875
1 0.5078125 0.4265625 0.021875 0.0203125
1 0.41796875 0.3984375 0.021875 0.0203125
1 0.63203125 0.31875 0.0203125 0.0171875
1 0.625 0.3734375 0.021875 0.01875
1 0.8609375 0.4703125 0.025 0.0203125
1 0.60546875 0.3421875 0.021875 0.01875
1 0.55078125 0.4 0.0234375 0.0203125
1 0.30703125 0.43984375 0.0234375 0.0203125
1 0.5125 0.48984375 0.0234375 0.021875
1 0.84375 0.903125 0.025 0.021875
1 0.534375 0.35 0.021875 0.01875
1 0.82578125 0.91328125 0.0234375 0.021875
1 0.309375 0.37578125 0.0234375 0.01875
1 0.25234375 0.90234375 0.025 0.01875
1 0.81171875 0.91328125 0.0234375 0.021875
1 0.0390625 0.51484375 0.025 0.0234375
1 0.56484375 0.44140625 0.0234375 0.0203125
1 0.92109375 0.39140625 0.021875 0.01875
1 0.81875 0.39921875 0.021875 0.01875
1 0.88828125 0.478125 0.025 0.021875
1 0.99453125 0.4359375 0.0109375 0.01875
1 0.81953125 0.9375 0.0265625 0.028125
1 0.75234375 0.89140625 0.021875 0.01875
1 0.05234375 0.43671875 0.0234375 0.0203125
1 0.7359375 0.51171875 0.025 0.0203125
1 0.95703125 0.39375 0.025 0.021875
1 0.175 0.95078125 0.03125 0.0328125
1 0.78203125 0.890625 0.021875 0.01875
1 0.0453125 0.4265625 0.021875 0.0203125
1 0.38671875 0.6421875 0.0234375 0.021875
1 0.0109375 0.36484375 0.021875 0.0203125
1 0.93046875 0.396875 0.0234375 0.01875
1 0.15625 0.9328125 0.028125 0.0296875
1 0.4796875 0.35078125 0.0234375 0.0203125
1 0.86953125 0.95 0.028125 0.025
1 0.5421875 0.26015625 0.0203125 0.0171875
1 0.7984375 0.9015625 0.0234375 0.0203125
1 0.6734375 0.90703125 0.0234375 0.015625
1 0.1953125 0.25703125 0.021875 0.0171875
1 0.93046875 0.3359375 0.021875 0.01875
1 0.19921875 0.94453125 0.03125 0.0328125
1 0.19296875 0.29375 0.01875 0.015625
1 0.22890625 0.92109375 0.0265625 0.025
1 0.6234375 0.5390625 0.025 0.025
1 0.2734375 0.88125 0.021875 0.01875
1 0.33671875 0.52421875 0.025 0.0234375
1 0.8296875 0.38125 0.021875 0.01875
1 0.41796875 0.365625 0.021875 0.01875
1 0.459375 0.35234375 0.021875 0.0171875
1 0.1109375 0.32734375 0.021875 0.0171875
1 0.05 0.4828125 0.025 0.01875
1 0.884375 0.2953125 0.021875 0.01875
1 0.303125 0.428125 0.0203125 0.015625
1 0.725 0.509375 0.025 0.021875
1 0.23984375 0.875 0.0203125 0.015625
1 0.3296875 0.36796875 0.025 0.025
1 0.81796875 0.38125 0.021875 0.01875
1 0.1296875 0.28359375 0.021875 0.0171875
1 0.190625 0.31875 0.021875 0.0171875
1 0.1890625 0.88515625 0.0234375 0.0203125
1 0.81328125 0.8953125 0.021875 0.0171875
1 0.64453125 0.29921875 0.021875 0.0171875
1 0.678125 0.3375 0.021875 0.01875
1 0.90390625 0.30546875 0.021875 0.0171875
1 0.5734375 0.875 0.0203125 0.0140625
1 0.715625 0.496875 0.021875 0.0203125
1 0.52265625 0.25859375 0.0203125 0.0171875
1 0.290625 0.88671875 0.021875 0.01875
1 0.06328125 0.340625 0.021875 0.01875
1 0.5875 0.8703125 0.0203125 0.015625
1 0.32109375 0.375 0.021875 0.01875
1 0.94375 0.3359375 0.01875 0.0171875
1 0.8765625 0.48984375 0.0234375 0.01875
1 0.234375 0.6375 0.0265625 0.025
1 0.734375 0.496875 0.021875 0.0171875
1 0.0234375 0.359375 0.025 0.0203125
1 0.140625 0.259375 0.021875 0.015625
1 0.1234375 0.884375 0.025 0.021875
1 0.14609375 0.97578125 0.034375 0.0390625
1 0.9765625 0.38203125 0.021875 0.0171875
1 0.1609375 0.275 0.025 0.01875
1 0.2109375 0.88515625 0.0234375 0.0203125
1 0.6453125 0.90546875 0.021875 0.0171875
1 0.76015625 0.8796875 0.01875 0.0140625
1 0.14765625 0.2765625 0.021875 0.01875
1 0.65859375 0.9046875 0.025 0.01875
1 0.7203125 0.6515625 0.0234375 0.015625
1 0.5984375 0.8546875 0.01875 0.0140625
1 0.8921875 0.3 0.021875 0.0171875
1 0.11640625 0.3015625 0.0203125 0.0171875
1 0.67421875 0.8921875 0.021875 0.0203125
1 0.23046875 0.8890625 0.0234375 0.021875
1 0.653125 0.328125 0.021875 0.0171875
1 0.63203125 0.290625 0.0203125 0.015625
1 0.46328125 0.25546875 0.0203125 0.0140625
1 0.034375 0.35703125 0.0234375 0.01875
1 0.11640625 0.253125 0.0203125 0.0171875
1 0.428125 0.2796875 0.0203125 0.015625
1 0.7984375 0.8703125 0.0203125 0.0140625
1 0.2125 0.64453125 0.021875 0.0140625
1 0.60390625 0.26015625 0.021875 0.015625
1 0.290625 0.86875 0.021875 0.015625
1 0.63671875 0.36875 0.025 0.021875
1 0.3203125 0.33984375 0.0203125 0.015625
1 0.86171875 0.9765625 0.0265625 0.021875
1 0.46796875 0.35 0.0203125 0.01875
1 0.4734375 0.8921875 0.0203125 0.015625
1 0.85234375 0.99140625 0.0328125 0.0171875
1 0.08671875 0.8984375 0.0234375 0.01875
1 0.1265625 0.34765625 0.0234375 0.0203125
1 0.23359375 0.61328125 0.0234375 0.015625
1 0.3203125 0.328125 0.01875 0.0140625
1 0.70859375 0.375 0.0203125 0.0171875
1 0.6953125 0.8828125 0.025 0.01875
1 0.0546875 0.34453125 0.021875 0.0203125
1 0.9546875 0.3765625 0.0203125 0.0171875
0 0.375 0.98671875 0.0328125 0.0234375
1 0.0828125 0.97734375 0.03125 0.034375
1 0.21640625 0.8703125 0.0203125 0.015625
1 0.37890625 0.26953125 0.021875 0.015625
1 0.27421875 0.98515625 0.03125 0.025
1 0.6859375 0.88515625 0.0203125 0.0171875
1 0.5484375 0.87734375 0.0171875 0.0140625
1 0.63046875 0.26640625 0.0203125 0.015625
1 0.8828125 0.87578125 0.0203125 0.0171875
1 0.09453125 0.29453125 0.021875 0.015625
1 0.47265625 0.87890625 0.0203125 0.0140625
1 0.34296875 0.278125 0.021875 0.01875
1 0.890625 0.95 0.0265625 0.021875
1 0.3890625 0.25390625 0.0203125 0.0171875
1 0.0984375 0.86171875 0.0203125 0.015625
1 0.31640625 0.353125 0.021875 0.015625