2 0.2515625 0.2015625 0.096875 0.06875
4 0.38203125 0.29140625 0.0625 0.103125
2 0.76796875 0.221875 0.0984375 0.0640625
3 0.51875 0.2578125 0.0625 0.075
3 0.81328125 0.46484375 0.1203125 0.1265625
4 0.48671875 0.35625 0.0765625 0.0828125
3 0.5609375 0.359375 0.071875 0.084375
1 0.67890625 0.465625 0.0171875 0.01875
1 0.98125 0.4796875 0.01875 0.01875
1 0.94609375 0.51328125 0.01875 0.01875
1 0.39921875 0.53671875 0.01875 0.021875
1 0.3421875 0.4328125 0.0171875 0.0171875
1 0.64296875 0.4734375 0.0171875 0.0171875
1 0.21171875 0.596875 0.01875 0.0234375
1 0.071875 0.396875 0.0171875 0.0171875
1 0.06015625 0.44375 0.0171875 0.0171875
1 0.95625 0.4328125 0.0171875 0.01875
1 0.75234375 0.55859375 0.0171875 0.021875
1 0.5546875 0.44921875 0.015625 0.01875
1 0.2796875 0.5671875 0.01875 0.0234375
1 0.846875 0.6609375 0.0203125 0.0234375
1 0.38359375 0.40859375 0.015625 0.015625
1 0.78203125 0.6078125 0.01875 0.0234375
1 0.05703125 0.40078125 0.0171875 0.01875
1 0.44453125 0.42890625 0.0171875 0.01875
1 0.53359375 0.42109375 0.015625 0.015625
1 0.715625 0.91484375 0.0171875 0.0203125
1 0.63203125 0.4234375 0.015625 0.015625
1 0.21484375 0.42265625 0.015625 0.01875
1 0.89296875 0.41796875 0.015625 0.01875
1 0.56875 0.53125 0.01875 0.0203125
1 0.6796875 0.446875 0.015625 0.0171875
1 0.8828125 0.48203125 0.0171875 0.01875
1 0.3609375 0.43359375 0.015625 0.0171875
1 0.8 0.659375 0.01875 0.01875
1 0.2796875 0.43203125 0.015625 0.0171875
1 0.45703125 0.49296875 0.0171875 0.0171875
4 0.15078125 0.4390625 0.109375 0.121875
1 0.55625 0.409375 0.015625 0.015625
1 0.409375 0.3890625 0.0140625 0.0140625
1 0.425 0.490625 0.0171875 0.01875
1 0.1140625 0.31015625 0.0140625 0.0140625
1 0.3359375 0.4578125 0.0171875 0.0203125
1 0.31875 0.4515625 0.0171875 0.01875
1 0.0671875 0.36015625 0.0171875 0.015625
1 0.4546875 0.4265625 0.0171875 0.01875
1 0.2984375 0.41640625 0.015625 0.0171875
1 0.38828125 0.38671875 0.0140625 0.015625
1 0.59609375 0.90703125 0.0171875 0.015625
1 0.62109375 0.45390625 0.015625 0.01875
1 0.44765625 0.40390625 0.015625 0.0171875
1 0.7265625 0.4328125 0.015625 0.0171875
1 0.45703125 0.47578125 0.015625 0.015625
1 0.73359375 0.53203125 0.0171875 0.021875
1 0.41015625 0.42578125 0.015625 0.0171875
1 0.71484375 0.4453125 0.015625 0.0171875
1 0.0859375 0.8953125 0.01875 0.021875
1 0.31953125 0.41796875 0.015625 0.0171875
1 0.45234375 0.5109375 0.0171875 0.0203125
1 0.30390625 0.32890625 0.015625 0.0171875
1 0.55546875 0.43046875 0.0171875 0.0171875
1 0.603125 0.421875 0.015625 0.0171875
1 0.13203125 0.328125 0.015625 0.015625
1 0.78203125 0.93125 0.01875 0.021875
1 0.35859375 0.38125 0.015625 0.0125
1 0.39765625 0.36640625 0.0140625 0.015625
1 0.484375 0.46875 0.0171875 0.01875
1 0.69375 0.4640625 0.015625 0.01875
1 0.40078125 0.43515625 0.015625 0.0171875
1 0.7390625 0.95234375 0.0203125 0.028125
1 0.62265625 0.37578125 0.0171875 0.015625
1 0.3953125 0.41328125 0.015625 0.0171875
1 0.196875 0.9609375 0.0265625 0.0375
1 0.16015625 0.8890625 0.0171875 0.0203125
1 0.5328125 0.45703125 0.015625 0.015625
1 0.70390625 0.4625 0.0171875 0.0171875
1 0.00859375 0.4 0.0125 0.0171875
1 0.225 0.9140625 0.0203125 0.0265625
1 0.76953125 0.646875 0.0171875 0.0171875
1 0.4296875 0.36328125 0.0140625 0.015625
1 0.66640625 0.2875 0.0125 0.0140625
1 0.50859375 0.4546875 0.0140625 0.0171875
1 0.0203125 0.36875 0.015625 0.015625
1 0.146875 0.89140625 0.0171875 0.021875
1 0.390625 0.34921875 0.0140625 0.0140625
1 0.528125 0.60859375 0.015625 0.01875
1 0.33203125 0.390625 0.015625 0.0171875
1 0.584375 0.4 0.0203125 0.0171875
1 0.61796875 0.403125 0.0171875 0.0171875
1 0.45 0.3375 0.0140625 0.015625
1 0.6578125 0.3890625 0.0171875 0.0171875
1 0.61328125 0.334375 0.0125 0.0140625
1 0.3125 0.39375 0.0140625 0.015625
1 0.70703125 0.88203125 0.0125 0.0125
1 0.434375 0.28984375 0.0125 0.0140625
1 0.5765625 0.4703125 0.0171875 0.01875
1 0.70703125 0.41328125 0.0171875 0.015625
1 0.509375 0.64609375 0.0171875 0.0140625
1 0.475 0.28984375 0.0125 0.0125
1 0.65078125 0.4375 0.015625 0.0171875
1 0.2671875 0.41640625 0.015625 0.0171875
1 0.51796875 0.4171875 0.0171875 0.015625
1 0.7578125 0.6609375 0.01875 0.0171875
1 0.59921875 0.48359375 0.0171875 0.0171875
1 0.4375 0.3828125 0.015625 0.0171875
1 0.34296875 0.40234375 0.015625 0.0171875
1 0.3578125 0.40703125 0.015625 0.015625
1 0.09453125 0.8578125 0.0140625 0.0140625
1 0.484375 0.45078125 0.015625 0.015625
1 0.78984375 0.88828125 0.0109375 0.0109375
1 0.203125 0.37265625 0.0140625 0.0171875
1 0.65703125 0.34375 0.0140625 0.015625
1 0.7953125 0.9015625 0.0140625 0.015625
1 0.49140625 0.43984375 0.0171875 0.015625
1 0.61875 0.28046875 0.0125 0.0140625
1 0.6609375 0.4328125 0.015625 0.0171875
1 0.60234375 0.38671875 0.0140625 0.0125
1 0.31328125 0.38046875 0.0140625 0.0125
1 0.4703125 0.43359375 0.015625 0.015625
1 0.453125 0.4453125 0.0171875 0.0171875
1 0.1390625 0.8640625 0.0125 0.0140625
1 0.678125 0.41484375 0.015625 0.015625
1 0.26640625 0.871875 0.0140625 0.015625
1 0.8984375 0.353125 0.0140625 0.0140625
1 0.43828125 0.50234375 0.0171875 0.01875
0 0.71953125 0.2125 0.015625 0.0171875
1 0.88984375 0.35859375 0.0140625 0.0140625
1 0.609375 0.46796875 0.015625 0.0171875
1 0.253125 0.8609375 0.0125 0.0140625
1 0.91484375 0.3484375 0.0140625 0.0140625
1 0.65 0.36640625 0.015625 0.015625
1 0.54375 0.45234375 0.015625 0.0171875
1 0.33515625 0.33203125 0.0140625 0.0125
1 0.0578125 0.31953125 0.015625 0.0171875
1 0.353125 0.36015625 0.0125 0.015625
1 0.74453125 0.52890625 0.015625 0.01875
1 0.6515625 0.4609375 0.0140625 0.0171875
1 0.103125 0.96796875 0.0265625 0.0234375
1 0.6890625 0.425 0.015625 0.0171875
1 0.5515625 0.2578125 0.0109375 0.0109375
1 0.83671875 0.89921875 0.0125 0.0140625
1 0.55546875 0.46796875 0.0140625 0.015625
1 0.3453125 0.35390625 0.0140625 0.015625
1 0.61953125 0.30625 0.0125 0.0125
1 0.85703125 0.9125 0.015625 0.0171875
1 0.17734375 0.25703125 0.0140625 0.0140625
1 0.1625 0.30234375 0.015625 0.0140625
1 0.61875 0.26328125 0.0125 0.0125
1 0.51875 0.4375 0.0140625 0.015625
1 0.40625 0.3484375 0.015625 0.015625
1 0.39765625 0.3359375 0.015625 0.0171875
1 0.45234375 0.26640625 0.0140625 0.0140625
1 0.44140625 0.34765625 0.0140625 0.0140625
1 0.58671875 0.471875 0.0171875 0.01875
1 0.60546875 0.4 0.0171875 0.0140625
1 0.57265625 0.265625 0.0125 0.0140625
1 0.834375 0.3078125 0.0140625 0.0140625
1 0.8078125 0.90078125 0.0109375 0.0125
1 0.40625 0.3296875 0.015625 0.0171875
1 0.3546875 0.3421875 0.0140625 0.0125
1 0.47578125 0.41796875 0.015625 0.015625
1 0.33671875 0.31015625 0.0140625 0.0140625
1 0.47734375 0.30703125 0.0125 0.0140625
1 0.046875 0.85859375 0.015625 0.015625
1 0.67734375 0.39609375 0.0125 0.0125
1 0.4484375 0.3625 0.015625 0.0140625
1 0.50078125 0.4296875 0.015625 0.0171875
1 0.465625 0.446875 0.015625 0.015625
1 0.32890625 0.31796875 0.0140625 0.0140625
1 0.678125 0.3625 0.0140625 0.0140625
1 0.45859375 0.40625 0.015625 0.015625
1 0.46875 0.40390625 0.0171875 0.0171875
1 0.60234375 0.65 0.0140625 0.0171875
1 0.5265625 0.29609375 0.0140625 0.0109375
1 0.51015625 0.396875 0.0125 0.0125
1 0.4703125 0.26875 0.0125 0.0125
1 0.6671875 0.35234375 0.0140625 0.0140625
1 0.9171875 0.32578125 0.015625 0.015625
1 0.35 0.309375 0.0125 0.0125
1 0.98671875 0.6765625 0.0140625 0.0125
1 0.59375 0.32265625 0.0140625 0.0140625
1 0.60390625 0.371875 0.0140625 0.0140625
1 0.09609375 0.8453125 0.0109375 0.0125
1 0.1015625 0.8734375 0.0109375 0.0125
1 0.68828125 0.39375 0.0125 0.0125
1 0.41484375 0.3734375 0.015625 0.015625
1 0.59453125 0.36015625 0.0125 0.0125
1 0.0546875 0.625 0.0171875 0.0140625
1 0.6046875 0.35859375 0.0140625 0.0125
1 0.44375 0.265625 0.0140625 0.0140625
1 0.4453125 0.37578125 0.015625 0.0125
1 0.13046875 0.85625 0.0140625 0.0125
1 0.48359375 0.4 0.015625 0.015625
1 0.52578125 0.40390625 0.0125 0.0125
1 0.06015625 0.87265625 0.0140625 0.0125
1 0.47890625 0.26796875 0.0140625 0.0125
1 0.23046875 0.63125 0.015625 0.009375
1 0.51484375 0.30625 0.0140625 0.0140625
1 0.2890625 0.8875 0.0171875 0.01875
1 0.61171875 0.32109375 0.0140625 0.0140625
1 0.2875 0.86953125 0.0140625 0.0140625
1 0.70078125 0.3921875 0.015625 0.0171875
1 0.49765625 0.3125 0.0125 0.0125
1 0.46015625 0.459375 0.0140625 0.015625
1 0.6796875 0.38203125 0.015625 0.0140625
1 0.6046875 0.3140625 0.0125 0.015625
1 0.3078125 0.6390625 0.0140625 0.009375
1 0.0484375 0.90703125 0.01875 0.0203125
1 0.6375 0.459375 0.015625 0.0140625
1 0.4203125 0.86953125 0.0140625 0.0109375
1 0.909375 0.99296875 0.0265625 0.0140625
1 0.4890625 0.41171875 0.0140625 0.0140625