0 0.04296875 0.16015625 0.046875 0.0125
0 0.01484375 0.2390625 0.0296875 0.0125
0 0.03359375 0.20546875 0.046875 0.0109375
4 0.0921875 0.48828125 0.1234375 0.0984375
0 0.0765625 0.240625 0.04375 0.0078125
0 0.08984375 0.16953125 0.0453125 0.00625
3 0.08359375 0.38359375 0.115625 0.075
0 0.7609375 0.15078125 0.0421875 0.0046875
0 0.2046875 0.1984375 0.0453125 0.0078125
0 0.74765625 0.02734375 0.04375 0.0078125
0 0.16015625 0.14453125 0.0453125 0.0078125
0 0.1203125 0.1328125 0.04375 0.00625
4 0.9390625 0.4640625 0.121875 0.121875
0 0.75546875 0.125 0.04375 0.009375
4 0.59765625 0.85625 0.1171875 0.0953125
0 0.2203125 0.20703125 0.04375 0.0078125
1 0.296875 0.4453125 0.04375 0.0078125
0 0.7046875 0.1921875 0.04375 0.00625
0 0.0734375 0.2046875 0.04375 0.00625
0 0.21875 0.24296875 0.04375 0.003125
0 0.09609375 0.0984375 0.0453125 0.0078125
0 0.753125 0.00625 0.0453125 0.0015625
0 0.07890625 0.1890625 0.04375 0.0046875
0 0.075 0.28125 0.0421875 0.0015625
0 0.1875 0.14765625 0.0453125 0.0078125
1 0.89140625 0.32578125 0.04375 0.0046875
0 0.2453125 0.80859375 0.0546875 0.021875
1 0.315625 0.38984375 0.0421875 0.00625
1 0.94453125 0.3703125 0.0453125 0.00625
1 0.746875 0.55 0.0484375 0.0140625
0 0.77265625 0.74921875 0.040625 0.0046875
1 0.73046875 0.4875 0.046875 0.009375
1 0.63515625 0.36015625 0.0421875 0.0046875
1 0.34453125 0.3625 0.0421875 0.0046875
3 0.14609375 0.8671875 0.0734375 0.0421875
1 0.91171875 0.3515625 0.04375 0.0046875
1 0.61171875 0.3625 0.040625 0.003125
0 0.25078125 0.21796875 0.040625 0.003125
4 0.35234375 0.8734375 0.140625 0.096875
1 0.03984375 0.45 0.04375 0.00625
1 0.3828125 0.58828125 0.0484375 0.0140625
1 0.56484375 0.31640625 0.0421875 0.0015625
1 0.678125 0.45390625 0.04375 0.0078125
0 0.253125 0.725 0.0515625 0.0171875
0 0.7328125 0.175 0.040625 0.0015625
1 0.9046875 0.8421875 0.04375 0.003125
0 0.184375 0.73125 0.04375 0.0078125
1 0.94453125 0.8625 0.0453125 0.00625
1 0.6078125 0.48984375 0.0453125 0.0078125
1 0.26484375 0.54296875 0.0453125 0.0109375
1 0.9625 0.36796875 0.0453125 0.00625
1 0.1390625 0.6703125 0.0484375 0.0078125
1 0.6953125 0.575 0.046875 0.0109375
1 0.69375 0.49375 0.0453125 0.0046875
1 0.6375 0.44921875 0.04375 0.0078125
1 0.55625 0.3859375 0.04375 0.00625
1 0.08046875 0.95625 0.05 0.0203125
1 0.57265625 0.3453125 0.040625 0.003125
1 0.6453125 0.3953125 0.04375 0.0046875
1 0.62265625 0.54765625 0.046875 0.0109375
0 0.121875 0.08515625 0.0453125 0.00625
1 0.48984375 0.3953125 0.04375 0.00625
0 0.03984375 0.1578125 0.046875 0.0140625
1 0.74140625 0.50390625 0.046875 0.0109375
1 0.9484375 0.8875 0.0453125 0.009375
1 0.65859375 0.47734375 0.046875 0.009375
1 0.1484375 0.60078125 0.0484375 0.0140625
1 0.59453125 0.4328125 0.0421875 0.003125
1 0.659375 0.37890625 0.0421875 0.0046875
1 0.90234375 0.89375 0.0484375 0.0125
1 0.87421875 0.32265625 0.04375 0.003125
1 0.5546875 0.31328125 0.0421875 0.0015625
1 0.675 0.40546875 0.0421875 0.003125
1 0.5328125 0.33046875 0.0421875 0.003125
1 0.54921875 0.4296875 0.04375 0.003125
1 0.65078125 0.55078125 0.046875 0.0109375
1 0.8453125 0.81875 0.040625 0.0015625
1 0.71640625 0.49453125 0.046875 0.0078125
1 0.5796875 0.43671875 0.04375 0.0046875
1 0.9328125 0.88671875 0.046875 0.0125
1 0.61015625 0.51328125 0.0453125 0.0109375
1 0.33125 0.42265625 0.040625 0.0015625
1 0.59375 0.45 0.0421875 0.0046875
1 0.62734375 0.46640625 0.0453125 0.009375
1 0.8765625 0.85625 0.0421875 0.003125
1 0.8421875 0.29453125 0.0421875 0.003125
1 0.6640625 0.6046875 0.0453125 0.0046875
1 0.1296875 0.359375 0.04375 0.003125
1 0.97890625 0.89453125 0.0421875 0.0109375
1 0.92890625 0.3421875 0.04375 0.0109375
1 0.3296875 0.41875 0.04375 0.0046875
1 0.09921875 0.9875 0.05625 0.0140625
1 0.16015625 0.67265625 0.0453125 0.0015625
1 0.47265625 0.3875 0.04375 0.003125
1 0.853125 0.3125 0.0421875 0.003125
1 0.91953125 0.8578125 0.046875 0.009375
2 0.75 0.2 0.1234375 0.0546875
3 0.665625 0.846875 0.1 0.0828125
1 0.86953125 0.8734375 0.046875 0.0109375
1 0.71953125 0.44609375 0.0421875 0.0078125
0 0.7765625 0.71171875 0.040625 0.003125
1 0.709375 0.44921875 0.0453125 0.00625
1 0.6171875 0.42734375 0.04375 0.0078125
1 0.696875 0.53515625 0.0484375 0.009375
1 0.70078125 0.55703125 0.0453125 0.009375
1 0.63671875 0.38359375 0.0421875 0.00625
1 0.63984375 0.428125 0.04375 0.00625
1 0.46953125 0.315625 0.040625 0.0015625
1 0.6109375 0.32734375 0.0421875 0.003125
1 0.915625 0.31015625 0.0421875 0.0015625
1 0.54453125 0.44453125 0.04375 0.0078125
1 0.35859375 0.33515625 0.040625 0.0015625
1 0.83046875 0.83828125 0.0421875 0.003125
0 0.759375 0.69921875 0.04375 0.0046875
1 0.415625 0.31015625 0.0421875 0.0015625
1 0.60546875 0.43203125 0.0421875 0.00625
1 0.578125 0.384375 0.04375 0.00625
1 0.05625 0.45 0.04375 0.0046875
1 0.95 0.91328125 0.0453125 0.0078125
1 0.1921875 0.6484375 0.046875 0.009375
1 0.646875 0.51875 0.0453125 0.0109375
1 0.65390625 0.4953125 0.04375 0.0046875
1 0.10859375 0.903125 0.04375 0.0078125
3 0.2390625 0.90703125 0.2 0.171875
3 0.7625 0.86015625 0.1703125 0.140625