2 0.78828125 0.23984375 0.13125 0.0640625
4 0.0640625 0.403125 0.128125 0.103125
4 0.64453125 0.86015625 0.1578125 0.1265625
4 0.78359375 0.85546875 0.0984375 0.0625
3 0.10703125 0.8640625 0.1796875 0.1421875
4 0.85078125 0.3515625 0.08125 0.065625
4 0.22109375 0.840625 0.1359375 0.1078125
3 0.72265625 0.8515625 0.1046875 0.065625
1 0.02109375 0.54296875 0.0421875 0.0203125
1 0.7875 0.603125 0.0515625 0.021875
1 0.76171875 0.51171875 0.0515625 0.0203125
1 0.20859375 0.4234375 0.0484375 0.015625
1 0.66953125 0.51484375 0.0515625 0.0171875
1 0.1765625 0.38125 0.0484375 0.0140625
1 0.35546875 0.890625 0.053125 0.0171875
1 0.31953125 0.49140625 0.05 0.0203125
1 0.8 0.45703125 0.05 0.0171875
1 0.85078125 0.4671875 0.05 0.015625
1 0.446875 0.46171875 0.05 0.0171875
1 0.0546875 0.459375 0.05 0.0171875
1 0.15625 0.4015625 0.0484375 0.015625
1 0.0796875 0.48125 0.0515625 0.0203125
1 0.39453125 0.3875 0.0484375 0.015625
1 0.30546875 0.54296875 0.0515625 0.021875
1 0.4890625 0.428125 0.0484375 0.015625
1 0.34296875 0.859375 0.0484375 0.015625
1 0.81875 0.58828125 0.053125 0.0234375
1 0.975 0.4375 0.0484375 0.015625
1 0.5671875 0.8953125 0.0515625 0.021875
1 0.23359375 0.4515625 0.05 0.01875
1 0.3015625 0.87890625 0.05 0.01875
1 0.6671875 0.53515625 0.0515625 0.021875
1 0.82265625 0.428125 0.046875 0.0140625
1 0.75078125 0.95234375 0.05625 0.03125
1 0.54609375 0.4421875 0.05 0.0171875
1 0.134375 0.3984375 0.0484375 0.0171875
1 0.3671875 0.38515625 0.0484375 0.0140625
1 0.71953125 0.528125 0.05 0.0203125
1 0.390625 0.87109375 0.0484375 0.0171875
1 0.8484375 0.40625 0.046875 0.0140625
1 0.5703125 0.3734375 0.0484375 0.0140625
1 0.31328125 0.390625 0.0484375 0.015625
1 0.03671875 0.44765625 0.05 0.0140625
4 0.909375 0.4703125 0.1421875 0.13125
1 0.35 0.3828125 0.046875 0.0140625
1 0.565625 0.41484375 0.046875 0.015625
1 0.1078125 0.44296875 0.0484375 0.0171875
1 0.67578125 0.47421875 0.05 0.01875
1 0.62734375 0.36484375 0.046875 0.0140625
0 0.23671875 0.1765625 0.05 0.0171875
1 0.5109375 0.45 0.0484375 0.0171875
1 0.68515625 0.384375 0.046875 0.0140625
1 0.7375 0.51328125 0.0515625 0.0171875
1 0.3515625 0.44921875 0.05 0.01875
1 0.4359375 0.5375 0.05 0.0203125
1 0.8265625 0.9453125 0.0546875 0.025
1 0.12421875 0.61796875 0.0515625 0.0203125
1 0.7359375 0.4984375 0.0484375 0.0125
1 0.52421875 0.425 0.05 0.015625
1 0.29765625 0.84296875 0.046875 0.0140625
1 0.50859375 0.3546875 0.046875 0.0125
1 0.096875 0.44140625 0.05 0.0171875
1 0.5 0.45 0.05 0.0171875
1 0.44375 0.40078125 0.0484375 0.015625
1 0.51015625 0.8875 0.05 0.0203125
1 0.653125 0.340625 0.046875 0.0109375
1 0.97578125 0.41171875 0.0484375 0.0140625
1 0.5515625 0.37734375 0.046875 0.0140625
1 0.11171875 0.35 0.0484375 0.0125
1 0.91796875 0.37578125 0.046875 0.0140625
1 0.81328125 0.92421875 0.053125 0.021875
1 0.6671875 0.31953125 0.0453125 0.0125
1 0.7171875 0.9375 0.0546875 0.028125
1 0.015625 0.4171875 0.03125 0.015625
1 0.09921875 0.5140625 0.0515625 0.0203125
0 0.28125 0.17890625 0.0484375 0.015625
1 0.48515625 0.64609375 0.0484375 0.0109375
0 0.85234375 0.1734375 0.0484375 0.0140625
1 0.98359375 0.4453125 0.0328125 0.01875
3 0.20078125 0.5484375 0.16875 0.14375
1 0.3328125 0.384375 0.0484375 0.0109375
1 0.45859375 0.36796875 0.0484375 0.0125
1 0.08671875 0.36328125 0.046875 0.0171875
1 0.20390625 0.90390625 0.05625 0.028125
1 0.6671875 0.35234375 0.046875 0.0125
1 0.0140625 0.53125 0.028125 0.01875
2 0.26953125 0.21171875 0.1328125 0.053125
1 0.44140625 0.44609375 0.05 0.015625
1 0.84921875 0.925 0.0515625 0.0203125
1 0.95859375 0.409375 0.046875 0.0140625
1 0.72734375 0.88203125 0.0484375 0.015625
1 0.46953125 0.3890625 0.0484375 0.0125
1 0.82109375 0.90625 0.05 0.0140625
1 0.6625 0.3953125 0.046875 0.015625
1 0.9546875 0.38046875 0.05 0.015625
1 0.33359375 0.3703125 0.0484375 0.0140625
1 0.709375 0.3703125 0.046875 0.0140625
1 0.42265625 0.89296875 0.05 0.01875
1 0.5828125 0.8609375 0.05 0.015625
1 0.6546875 0.3984375 0.0484375 0.0140625
0 0.3203125 0.24296875 0.046875 0.0140625
1 0.71171875 0.35 0.0484375 0.0140625
1 0.6359375 0.309375 0.046875 0.0109375
1 0.8890625 0.36796875 0.0453125 0.0125
1 0.3296875 0.32421875 0.046875 0.0140625
1 0.67578125 0.35546875 0.0484375 0.015625
1 0.134375 0.31875 0.046875 0.0125
1 0.37890625 0.34453125 0.0453125 0.0109375
0 0.8484375 0.14296875 0.0484375 0.0140625
1 0.45703125 0.3859375 0.05 0.0140625
1 0.203125 0.29375 0.0453125 0.0109375
1 0.5640625 0.3265625 0.046875 0.0125
1 0.01953125 0.44296875 0.0390625 0.0140625
1 0.63515625 0.35390625 0.046875 0.0125
1 0.4046875 0.39375 0.046875 0.0125
1 0.15703125 0.3078125 0.0453125 0.0109375
1 0.3921875 0.29296875 0.046875 0.0109375
1 0.38515625 0.3359375 0.046875 0.0109375
1 0.3859375 0.3625 0.05 0.0140625
1 0.19765625 0.284375 0.0453125 0.0109375
1 0.55234375 0.3578125 0.0484375 0.0140625
1 0.2890625 0.88828125 0.0515625 0.0140625
1 0.36015625 0.371875 0.046875 0.0140625
1 0.31328125 0.32265625 0.0484375 0.0140625
1 0.50078125 0.34609375 0.046875 0.0125
1 0.9453125 0.37109375 0.0484375 0.0125
1 0.52578125 0.81953125 0.0453125 0.009375
1 0.2390625 0.48203125 0.046875 0.0109375
1 0.528125 0.409375 0.0484375 0.0109375
1 0.89296875 0.9546875 0.0515625 0.021875
1 0.465625 0.37578125 0.0484375 0.0125
1 0.83203125 0.66484375 0.053125 0.015625
1 0.88515625 0.36015625 0.046875 0.0125
1 0.421875 0.84375 0.046875 0.0125
1 0.67109375 0.3421875 0.046875 0.0109375
0 0.08203125 0.1203125 0.053125 0.0265625
1 0.1234375 0.3109375 0.0484375 0.0125
1 0.1453125 0.31015625 0.0484375 0.0125
1 0.23125 0.91328125 0.0546875 0.028125
1 0.88125 0.92890625 0.05 0.0171875
1 0.39296875 0.3296875 0.0453125 0.0125
0 0.31171875 0.17109375 0.0484375 0.015625
1 0.13359375 0.30546875 0.0484375 0.0140625
1 0.41484375 0.83671875 0.046875 0.0125
1 0.825 0.87890625 0.046875 0.0109375
0 0.25703125 0.11015625 0.046875 0.015625
1 0.15546875 0.28203125 0.046875 0.0109375
1 0.9109375 0.96171875 0.053125 0.021875
0 0.26484375 0.228125 0.0484375 0.0125
1 0.98359375 0.40859375 0.0328125 0.0171875
1 0.8125 0.875 0.0484375 0.0125
1 0.8625 0.915625 0.05 0.0171875
0 0.85078125 0.15546875 0.0484375 0.0140625
1 0.51328125 0.8375 0.0453125 0.0109375
1 0.97734375 0.396875 0.0453125 0.009375
1 0.85390625 0.8984375 0.0484375 0.0140625
1 0.22265625 0.97109375 0.0609375 0.01875
1 0.83203125 0.91796875 0.0515625 0.015625
1 0.54296875 0.8328125 0.0453125 0.0109375
1 0.3109375 0.3046875 0.0484375 0.0140625
0 0.2046875 0.0328125 0.0515625 0.015625
1 0.52578125 0.83828125 0.0484375 0.0109375
1 0.56640625 0.30546875 0.046875 0.0109375
1 0.9109375 0.9375 0.0515625 0.015625
1 0.39296875 0.84140625 0.0453125 0.0125
1 0.93359375 0.3703125 0.05 0.015625
1 0.87265625 0.85859375 0.046875 0.0125
1 0.884375 0.33125 0.0484375 0.0140625