2 0.7625 0.215625 0.08828125 0.0625
4 0.4421875 0.25234375 0.0671875 0.07578125
3 0.07890625 0.29296875 0.053125 0.084375
1 0.0328125 0.396875 0.01171875 0.01796875
1 0.49609375 0.40390625 0.009375 0.0171875
4 0.24453125 0.84921875 0.0453125 0.04765625
1 0.27890625 0.46640625 0.0109375 0.01875
1 0.375 0.35703125 0.01015625 0.015625
1 0.171875 0.41953125 0.01015625 0.0171875
1 0.828125 0.6125 0.0140625 0.0234375
1 0.56796875 0.42265625 0.01015625 0.0171875
1 0.94609375 0.359375 0.01015625 0.015625
1 0.44609375 0.390625 0.009375 0.01484375
1 0.665625 0.453125 0.01015625 0.01796875
1 0.39375 0.38125 0.009375 0.01484375
1 0.35390625 0.44453125 0.01015625 0.01875
1 0.171875 0.36953125 0.01015625 0.01640625
1 0.67109375 0.559375 0.01328125 0.021875
1 0.39765625 0.3546875 0.009375 0.015625
1 0.11953125 0.37734375 0.01015625 0.015625
1 0.7078125 0.44375 0.009375 0.0171875
3 0.125 0.85 0.0609375 0.0703125
4 0.8171875 0.8421875 0.04609375 0.0515625
1 0.053125 0.40703125 0.0109375 0.0171875
1 0.3953125 0.32265625 0.00859375 0.01484375
1 0.30546875 0.390625 0.009375 0.015625
1 0.64375 0.40859375 0.009375 0.01796875
1 0.55390625 0.42109375 0.01015625 0.0171875
1 0.06953125 0.390625 0.0109375 0.015625
1 0.3453125 0.41015625 0.01015625 0.01640625
1 0.2546875 0.90625 0.0125 0.01953125
1 0.69453125 0.4453125 0.009375 0.01640625
1 0.40625 0.3046875 0.0078125 0.01328125
3 0.28671875 0.84765625 0.04609375 0.0484375
1 0.25703125 0.8796875 0.0078125 0.0140625
1 0.41875 0.3859375 0.00859375 0.0171875
1 0.82421875 0.35703125 0.009375 0.015625
1 0.01015625 0.53984375 0.01328125 0.02265625
1 0.509375 0.31796875 0.00859375 0.01328125
1 0.684375 0.41953125 0.009375 0.01484375
1 0.375 0.38203125 0.01015625 0.015625
0 0.2359375 0.20390625 0.01015625 0.01640625
0 0.20859375 0.1484375 0.0109375 0.02109375
1 0.846875 0.87421875 0.0078125 0.01328125
1 0.4484375 0.3734375 0.01015625 0.015625
1 0.496875 0.34140625 0.00859375 0.0140625
0 0.21484375 0.171875 0.009375 0.0171875
1 0.3359375 0.3828125 0.009375 0.01484375
1 0.61796875 0.4265625 0.01015625 0.01875
1 0.95234375 0.396875 0.01171875 0.01640625
1 0.61328125 0.3421875 0.009375 0.01484375
1 0.97109375 0.359375 0.01171875 0.01796875
1 0.90546875 0.4046875 0.009375 0.01484375
1 0.6578125 0.26796875 0.0078125 0.0125
1 0.19609375 0.33515625 0.0109375 0.01953125
1 0.89609375 0.28828125 0.00859375 0.0140625
1 0.98828125 0.46796875 0.0125 0.01796875
1 0.2890625 0.88046875 0.0078125 0.0140625
1 0.34765625 0.32109375 0.00859375 0.01328125
1 0.53125 0.33125 0.0078125 0.0140625
1 0.9171875 0.359375 0.00859375 0.015625
1 0.16484375 0.33828125 0.00859375 0.01484375
1 0.18984375 0.39921875 0.009375 0.0171875
1 0.93046875 0.39921875 0.009375 0.015625
1 0.4 0.41640625 0.01015625 0.0171875
1 0.5375 0.371875 0.01015625 0.01640625
1 0.153125 0.303125 0.0078125 0.0125
1 0.47734375 0.3890625 0.0109375 0.01640625
1 0.18515625 0.93671875 0.015625 0.028125
1 0.621875 0.28984375 0.0078125 0.0140625
1 0.1015625 0.40078125 0.0109375 0.015625
1 0.84375 0.303125 0.0078125 0.0125
1 0.1421875 0.33359375 0.01015625 0.015625
0 0.40625 0.71640625 0.0078125 0.01328125
1 0.1484375 0.2796875 0.0078125 0.01171875
1 0.890625 0.9375 0.0140625 0.02421875
1 0.06328125 0.565625 0.01015625 0.0203125
1 0.5015625 0.36640625 0.009375 0.015625
1 0.35 0.35859375 0.01015625 0.01640625
1 0.87421875 0.30546875 0.009375 0.01328125
1 0.88828125 0.33984375 0.00859375 0.015625
1 0.490625 0.36875 0.00859375 0.015625
1 0.909375 0.3046875 0.009375 0.01328125
1 0.3828125 0.39921875 0.009375 0.01640625
1 0.92421875 0.3265625 0.00859375 0.01328125
1 0.85234375 0.965625 0.0125 0.0234375
1 0.1875 0.315625 0.009375 0.01484375
1 0.3453125 0.259375 0.0078125 0.01328125
1 0.121875 0.3375 0.009375 0.01484375
1 0.02578125 0.3421875 0.00859375 0.01328125
1 0.3703125 0.3234375 0.01015625 0.0171875
1 0.46640625 0.375 0.009375 0.015625
1 0.10234375 0.3484375 0.009375 0.01484375
1 0.59296875 0.33671875 0.00859375 0.015625
1 0.55859375 0.27421875 0.0078125 0.01328125
1 0.30078125 0.30625 0.009375 0.0140625
1 0.69296875 0.39453125 0.01015625 0.015625
1 0.31875 0.32109375 0.00703125 0.01328125
1 0.35859375 0.90078125 0.0109375 0.015625
0 0.228125 0.221875 0.0125 0.0171875
1 0.40703125 0.35078125 0.009375 0.0140625
1 0.91875 0.40390625 0.009375 0.015625
1 0.946875 0.9890625 0.0171875 0.0203125
1 0.58984375 0.39375 0.01015625 0.01484375
1 0.91953125 0.925 0.01171875 0.01796875
1 0.9421875 0.9234375 0.01171875 0.01875
1 0.57578125 0.2765625 0.0078125 0.0125
1 0.6625 0.38203125 0.0109375 0.015625
1 0.20625 0.88359375 0.009375 0.01484375
1 0.14140625 0.646875 0.0125 0.01640625
1 0.5078125 0.2765625 0.0078125 0.0125
1 0.4546875 0.4078125 0.00859375 0.0171875
1 0.87109375 0.87109375 0.0078125 0.01328125
1 0.4671875 0.32109375 0.0078125 0.01328125
1 0.92421875 0.30859375 0.00859375 0.01328125
0 0.178125 0.17109375 0.0109375 0.01875
1 0.12109375 0.32109375 0.01015625 0.015625
1 0.46015625 0.33046875 0.009375 0.0140625
1 0.69375 0.43046875 0.01015625 0.0125
1 0.2046875 0.91015625 0.0140625 0.02265625
1 0.4625 0.346875 0.01015625 0.01484375
1 0.6390625 0.2640625 0.0078125 0.0125
1 0.45234375 0.3234375 0.00703125 0.0125
1 0.9921875 0.3765625 0.01015625 0.01640625
1 0.33125 0.33828125 0.0078125 0.0140625
1 0.7109375 0.39375 0.0078125 0.01484375
1 0.853125 0.284375 0.0078125 0.01171875
1 0.61328125 0.2765625 0.009375 0.01328125
1 0.83828125 0.31953125 0.00859375 0.01328125
1 0.97265625 0.96875 0.015625 0.02890625
1 0.396875 0.28046875 0.0078125 0.01171875
1 0.38671875 0.2703125 0.009375 0.0125
1 0.48359375 0.2875 0.00703125 0.01171875
1 0.33828125 0.353125 0.009375 0.0140625
0 0.4046875 0.81640625 0.0125 0.02578125
1 0.16796875 0.27265625 0.0078125 0.015625
1 0.23515625 0.8765625 0.009375 0.01328125
1 0.46796875 0.2921875 0.00703125 0.0125
2 0.24140625 0.21171875 0.09453125 0.05546875
1 0.5859375 0.31015625 0.0078125 0.0140625
1 0.5375 0.35625 0.009375 0.0125
1 0.2875 0.3234375 0.01015625 0.01640625
1 0.95625 0.38515625 0.01015625 0.01171875
1 0.67734375 0.39921875 0.00859375 0.015625
1 0.43046875 0.903125 0.00859375 0.01171875
1 0.4609375 0.41953125 0.01015625 0.01875
1 0.23828125 0.90234375 0.0109375 0.0171875
1 0.584375 0.378125 0.01015625 0.01875
1 0.6671875 0.35625 0.0078125 0.0140625
1 0.84921875 0.89921875 0.0109375 0.0171875
1 0.33359375 0.315625 0.009375 0.0140625
1 0.1125 0.3328125 0.0078125 0.0140625
0 0.39453125 0.70703125 0.00859375 0.015625
1 0.82734375 0.27265625 0.00703125 0.0125
1 0.88671875 0.2875 0.0109375 0.01328125
1 0.965625 0.921875 0.01328125 0.02265625
1 0.45390625 0.28671875 0.00703125 0.0125
1 0.996875 0.45078125 0.00625 0.0140625
1 0.85625 0.27421875 0.0078125 0.01015625
1 0.5921875 0.259375 0.00625 0.01171875
1 0.8890625 0.275 0.00859375 0.01171875
1 0.94765625 0.8890625 0.009375 0.01640625
1 0.09609375 0.909375 0.0125 0.021875
1 0.9390625 0.32890625 0.009375 0.01171875
1 0.47734375 0.8828125 0.01015625 0.0140625
1 0.1546875 0.2625 0.00703125 0.01171875
1 0.32890625 0.26328125 0.00625 0.01171875
1 0.85625 0.92734375 0.01171875 0.02421875
1 0.89453125 0.87265625 0.00703125 0.01171875
1 0.184375 0.2765625 0.00859375 0.01328125
1 0.13046875 0.30234375 0.0078125 0.01171875
1 0.91875 0.8875 0.00859375 0.0140625
1 0.1859375 0.89921875 0.01171875 0.01953125
1 0.00546875 0.63203125 0.01015625 0.01640625
1 0.88515625 0.8953125 0.0078125 0.01328125
1 0.35 0.8921875 0.009375 0.01796875
1 0.48671875 0.26171875 0.00859375 0.01328125
1 0.46015625 0.30625 0.009375 0.01328125
1 0.28515625 0.35234375 0.00859375 0.0125
1 0.8984375 0.89609375 0.01015625 0.01640625
1 0.0984375 0.88359375 0.00859375 0.01484375
1 0.90859375 0.865625 0.00625 0.01171875
0 0.43984375 0.809375 0.009375 0.02109375
1 0.671875 0.371875 0.0078125 0.0125
1 0.4578125 0.871875 0.00859375 0.0109375
1 0.56640625 0.8703125 0.00703125 0.0125
1 0.13125 0.290625 0.00859375 0.01328125
1 0.3421875 0.859375 0.00546875 0.01015625
1 0.12578125 0.54609375 0.009375 0.01328125
1 0.19140625 0.884375 0.01015625 0.01484375
1 0.04921875 0.3234375 0.00859375 0.01328125
1 0.6078125 0.86875 0.0078125 0.0109375
1 0.10234375 0.38828125 0.009375 0.0125
1 0.04296875 0.3359375 0.00703125 0.0125
3 0.01015625 0.30546875 0.0203125 0.0875
1 0.58125 0.2578125 0.00625 0.0125
1 0.1203125 0.30234375 0.0109375 0.01328125
1 0.58359375 0.87109375 0.00859375 0.01015625
1 0.3984375 0.26015625 0.009375 0.01328125
1 0.1890625 0.865625 0.00703125 0.01015625
1 0.17109375 0.86484375 0.00625 0.01015625
1 0.14375 0.31875 0.009375 0.01328125
1 0.1328125 0.26875 0.00859375 0.01328125
1 0.68046875 0.37578125 0.009375 0.015625
1 0.934375 0.890625 0.00859375 0.015625
1 0.0484375 0.6515625 0.01015625 0.0109375
0 0.41796875 0.70625 0.00703125 0.01328125
1 0.1734375 0.88125 0.009375 0.01484375
1 0.34296875 0.30703125 0.00859375 0.0125
1 0.41171875 0.34375 0.0078125 0.01328125
1 0.48515625 0.87265625 0.00625 0.01015625
0 0.240625 0.22578125 0.0140625 0.01484375
1 0.05 0.30625 0.01015625 0.01328125
0 0.1171875 0.8203125 0.00859375 0.0140625
1 0.45390625 0.84609375 0.00703125 0.0109375