4 0.4953125 0.390625 0.115625 0.1140625
2 0.76796875 0.2203125 0.121875 0.0609375
2 0.2515625 0.20390625 0.125 0.05625
3 0.1296875 0.31953125 0.1125 0.0875
3 0.0796875 0.459375 0.13125 0.109375
3 0.21640625 0.85859375 0.0984375 0.065625
1 0.375 0.4625 0.04375 0.0171875
1 0.60390625 0.89765625 0.0421875 0.015625
1 0.97265625 0.440625 0.04375 0.015625
1 0.621875 0.49453125 0.0453125 0.01875
1 0.29140625 0.6046875 0.0453125 0.01875
1 0.83671875 0.43828125 0.04375 0.015625
1 0.55546875 0.5015625 0.04375 0.01875
1 0.8859375 0.43828125 0.04375 0.015625
1 0.62265625 0.4640625 0.0453125 0.015625
1 0.421875 0.59765625 0.046875 0.021875
1 0.9421875 0.4609375 0.04375 0.0140625
1 0.3265625 0.5953125 0.0453125 0.0203125
1 0.3515625 0.440625 0.04375 0.0171875
1 0.4453125 0.51640625 0.0453125 0.0171875
1 0.1078125 0.3640625 0.0421875 0.0140625
1 0.70625 0.4609375 0.0421875 0.0171875
1 0.1015625 0.5671875 0.046875 0.0203125
1 0.33203125 0.421875 0.04375 0.0171875
1 0.32890625 0.56015625 0.046875 0.0203125
1 0.29609375 0.4125 0.04375 0.015625
1 0.83984375 0.92421875 0.0453125 0.0203125
1 0.68671875 0.89765625 0.04375 0.0171875
1 0.609375 0.471875 0.0453125 0.0171875
1 0.275 0.50390625 0.0453125 0.0203125
1 0.378125 0.50625 0.0453125 0.01875
1 0.5109375 0.44765625 0.04375 0.015625
1 0.6 0.4359375 0.04375 0.015625
1 0.9203125 0.46875 0.04375 0.0171875
1 0.6078125 0.51171875 0.0453125 0.0203125
1 0.95703125 0.39296875 0.04375 0.015625
1 0.93671875 0.434375 0.04375 0.015625
1 0.31796875 0.4 0.04375 0.015625
1 0.821875 0.98203125 0.0515625 0.034375
1 0.45 0.5484375 0.0453125 0.0203125
1 0.54921875 0.9046875 0.0421875 0.0109375
1 0.6015625 0.325 0.0421875 0.0140625
1 0.60078125 0.40703125 0.0421875 0.0140625
1 0.37421875 0.5984375 0.0453125 0.021875
1 0.6578125 0.40703125 0.04375 0.015625
1 0.3234375 0.50859375 0.0453125 0.0203125
1 0.571875 0.41171875 0.04375 0.015625
1 0.40234375 0.39296875 0.0421875 0.0140625
1 0.825 0.3515625 0.0421875 0.0140625
1 0.62421875 0.36171875 0.0421875 0.0140625
1 0.41015625 0.415625 0.04375 0.015625
1 0.075 0.3875 0.04375 0.0140625
1 0.33359375 0.88671875 0.04375 0.015625
3 0.7640625 0.85546875 0.096875 0.0546875
1 0.6234375 0.446875 0.04375 0.0125
1 0.459375 0.5953125 0.0453125 0.021875
1 0.56171875 0.453125 0.04375 0.0171875
1 0.421875 0.37734375 0.0421875 0.0125
1 0.37734375 0.36875 0.0421875 0.0140625
1 0.73359375 0.90546875 0.0453125 0.0171875
1 0.70078125 0.58359375 0.0453125 0.021875
1 0.9078125 0.40703125 0.04375 0.0140625
1 0.37734375 0.41171875 0.04375 0.0171875
1 0.45078125 0.378125 0.0421875 0.0140625
1 0.34140625 0.475 0.04375 0.0125
1 0.9734375 0.37890625 0.04375 0.0125
1 0.8296875 0.3859375 0.04375 0.015625
1 0.4265625 0.42578125 0.04375 0.0140625
1 0.34765625 0.51328125 0.04375 0.0140625
1 0.434375 0.53515625 0.0453125 0.0171875
1 0.3625 0.32734375 0.04375 0.0125
1 0.4890625 0.2921875 0.040625 0.0125
1 0.18828125 0.31484375 0.0421875 0.0125
1 0.83828125 0.9 0.0421875 0.0140625
1 0.44765625 0.3921875 0.0421875 0.0125
1 0.35625 0.51953125 0.04375 0.0203125
1 0.12890625 0.4328125 0.0421875 0.015625
1 0.37109375 0.38515625 0.0421875 0.015625
1 0.5828125 0.3890625 0.0421875 0.0140625
1 0.53984375 0.46640625 0.0453125 0.015625
1 0.8265625 0.309375 0.0421875 0.0109375
1 0.0328125 0.3953125 0.04375 0.015625
1 0.4296875 0.51640625 0.04375 0.015625
1 0.65546875 0.3453125 0.040625 0.0140625
1 0.65234375 0.31015625 0.0421875 0.0125
1 0.90703125 0.340625 0.0421875 0.0140625
1 0.4328125 0.36953125 0.0421875 0.0125
1 0.12890625 0.40078125 0.0421875 0.015625
1 0.43984375 0.43828125 0.0421875 0.0171875
1 0.52890625 0.44765625 0.04375 0.015625
1 0.9859375 0.41875 0.028125 0.015625
1 0.571875 0.44921875 0.04375 0.0171875
1 0.78125 0.88359375 0.040625 0.0125
1 0.89921875 0.92890625 0.0453125 0.01875
1 0.21875 0.915625 0.046875 0.0203125
1 0.35703125 0.29140625 0.0421875 0.015625
1 0.89296875 0.303125 0.040625 0.0125
1 0.61171875 0.32734375 0.0421875 0.0140625
1 0.7234375 0.87734375 0.0453125 0.0140625
1 0.91953125 0.39375 0.0421875 0.015625
1 0.88046875 0.94765625 0.046875 0.021875
1 0.83515625 0.2859375 0.040625 0.0109375
1 0.1546875 0.9296875 0.0484375 0.025
1 0.91875 0.32890625 0.0421875 0.0125
1 0.4046875 0.31875 0.040625 0.0125
1 0.34765625 0.25703125 0.040625 0.0109375
1 0.82890625 0.90234375 0.04375 0.015625
1 0.53984375 0.44921875 0.04375 0.015625
1 0.6703125 0.3296875 0.0421875 0.0140625
1 0.64375 0.34296875 0.0421875 0.0140625
1 0.7453125 0.93046875 0.0453125 0.0234375
1 0.81484375 0.37734375 0.04375 0.0140625
1 0.5453125 0.4265625 0.04375 0.015625
1 0.45625 0.340625 0.0421875 0.0125
1 0.384375 0.29140625 0.0421875 0.0125
1 0.47265625 0.27734375 0.040625 0.0109375
1 0.134375 0.93046875 0.05 0.025
1 0.64140625 0.36796875 0.04375 0.015625
1 0.26171875 0.875 0.040625 0.0109375
1 0.57421875 0.2703125 0.040625 0.0125
1 0.63046875 0.37890625 0.040625 0.0125
1 0.4609375 0.32421875 0.0421875 0.0125
1 0.5390625 0.27109375 0.040625 0.0125
1 0.55234375 0.4015625 0.0453125 0.015625
1 0.3953125 0.3140625 0.040625 0.0125
1 0.79921875 0.40703125 0.04375 0.0140625
1 0.43125 0.32265625 0.040625 0.0125
1 0.4265625 0.40703125 0.04375 0.0125
1 0.19921875 0.88828125 0.0421875 0.0125
1 0.184375 0.9046875 0.0453125 0.0203125
1 0.29296875 0.89921875 0.046875 0.0140625
1 0.8703125 0.27890625 0.040625 0.0109375
1 0.4046875 0.275 0.0421875 0.0125
1 0.83359375 0.878125 0.040625 0.009375
1 0.84609375 0.2984375 0.0421875 0.0109375
1 0.5859375 0.4359375 0.0453125 0.015625
1 0.9171875 0.93984375 0.046875 0.0203125
1 0.6125 0.259375 0.040625 0.0109375
1 0.36484375 0.5 0.0453125 0.015625
1 0.425 0.31484375 0.040625 0.0125
1 0.64609375 0.328125 0.0421875 0.0125
1 0.11875 0.55 0.040625 0.0125
1 0.80390625 0.9171875 0.0453125 0.01875
1 0.69296875 0.38203125 0.0421875 0.0140625
1 0.53203125 0.43046875 0.04375 0.0140625
1 0.50546875 0.321875 0.040625 0.0125
1 0.50703125 0.2671875 0.0390625 0.009375
1 0.3765625 0.3234375 0.0421875 0.0140625
1 0.46640625 0.30078125 0.040625 0.0125
1 0.1484375 0.64296875 0.04375 0.0125
1 0.8859375 0.90078125 0.0421875 0.0125
1 0.1671875 0.9015625 0.04375 0.0203125
1 0.43046875 0.3515625 0.0421875 0.0109375
1 0.21171875 0.62578125 0.04375 0.0109375
1 0.6640625 0.35859375 0.04375 0.0125
1 0.8078125 0.9 0.0421875 0.0125
1 0.33828125 0.4984375 0.04375 0.0171875
1 0.440625 0.29296875 0.0421875 0.0125
1 0.11953125 0.26171875 0.040625 0.0109375
1 0.58671875 0.359375 0.0421875 0.0125
1 0.8875 0.8875 0.040625 0.0109375
1 0.109375 0.26640625 0.040625 0.0109375
1 0.075 0.921875 0.0484375 0.021875
1 0.8578125 0.87109375 0.040625 0.0109375
1 0.65859375 0.39140625 0.0421875 0.0109375
1 0.8953125 0.28359375 0.0421875 0.0125
1 0.56484375 0.396875 0.0421875 0.0125
1 0.1046875 0.9125 0.046875 0.0234375
1 0.59921875 0.38046875 0.0453125 0.015625
1 0.67421875 0.36796875 0.0421875 0.0140625
1 0.70546875 0.3140625 0.0421875 0.0140625
1 0.05390625 0.39921875 0.046875 0.0203125
1 0.1390625 0.2546875 0.0390625 0.0109375
1 0.68125 0.38125 0.0421875 0.0140625
1 0.5734375 0.3875 0.0421875 0.0125
1 0.92890625 0.9953125 0.05 0.0078125
1 0.84296875 0.27890625 0.040625 0.0109375
1 0.575 0.371875 0.04375 0.0140625
1 0.20078125 0.9125 0.0453125 0.01875
1 0.053125 0.92421875 0.0484375 0.028125
1 0.1515625 0.25390625 0.0421875 0.0109375
1 0.98359375 0.3953125 0.0328125 0.015625
1 0.95078125 0.3546875 0.04375 0.0140625
1 0.834375 0.48984375 0.040625 0.0109375
1 0.68984375 0.88515625 0.0421875 0.0109375
1 0.05078125 0.3796875 0.0421875 0.0109375
1 0.1203125 0.40859375 0.0421875 0.0140625
1 0.7640625 0.88125 0.0421875 0.0125
1 0.45625 0.265625 0.040625 0.0109375
1 0.3984375 0.63828125 0.04375 0.0125
1 0.375 0.28984375 0.0421875 0.0140625
1 0.453125 0.36015625 0.0421875 0.0109375
1 0.59296875 0.42109375 0.0421875 0.009375
1 0.49375 0.275 0.0421875 0.009375
1 0.03125 0.33515625 0.0421875 0.0140625
1 0.565625 0.87421875 0.040625 0.009375
1 0.5734375 0.33984375 0.0421875 0.0109375
1 0.2125 0.61171875 0.0421875 0.009375
1 0.04765625 0.325 0.04375 0.015625
1 0.90703125 0.99375 0.05 0.0109375
1 0.75234375 0.8890625 0.0421875 0.0109375
1 0.61484375 0.3 0.04375 0.0125
1 0.81015625 0.86484375 0.0390625 0.009375
1 0.446875 0.26171875 0.040625 0.0125
1 0.06640625 0.31953125 0.04375 0.0125
1 0.25625 0.86953125 0.0421875 0.009375
1 0.421875 0.2578125 0.040625 0.0125
1 0.09765625 0.28515625 0.040625 0.0109375
1 0.575 0.35390625 0.0421875 0.0109375
1 0.37578125 0.259375 0.0421875 0.0109375
1 0.58046875 0.346875 0.040625 0.0125
1 0.53828125 0.4 0.04375 0.015625
1 0.925 0.91796875 0.04375 0.015625
1 0.3265625 0.25625 0.0390625 0.009375
1 0.38671875 0.27890625 0.0421875 0.0109375
1 0.88359375 0.2796875 0.0421875 0.0109375
1 0.3359375 0.86171875 0.0390625 0.0078125
1 0.04765625 0.9859375 0.0421875 0.009375
1 0.740625 0.88671875 0.04375 0.0140625
1 0.59765625 0.8578125 0.040625 0.0109375
1 0.08046875 0.28671875 0.040625 0.0125
1 0.0609375 0.6046875 0.04375 0.0109375
1 0.884375 0.87265625 0.040625 0.0109375
1 0.19296875 0.2765625 0.0390625 0.009375
1 0.55546875 0.2625 0.04375 0.0109375
3 0.54375 0.34375 0.090625 0.0859375
1 0.46796875 0.328125 0.040625 0.0140625
1 0.84453125 0.28828125 0.0421875 0.009375
1 0.26484375 0.865625 0.0421875 0.009375
1 0.98828125 0.39140625 0.0234375 0.0171875
1 0.47265625 0.25625 0.040625 0.0109375
1 0.196875 0.28125 0.0390625 0.009375
1 0.8234375 0.37578125 0.0421875 0.0125
1 0.53828125 0.2578125 0.040625 0.0109375
1 0.35078125 0.49921875 0.04375 0.0171875