3 0.17421875 0.33359375 0.1078125 0.1
3 0.165625 0.25390625 0.1046875 0.0859375
2 0.78515625 0.23984375 0.121875 0.078125
1 0.33359375 0.5203125 0.04375 0.028125
1 0.9203125 0.5515625 0.04375 0.0265625
1 0.42734375 0.46015625 0.0421875 0.0265625
1 0.16328125 0.53359375 0.0453125 0.0296875
3 0.25546875 0.85 0.1109375 0.0890625
1 0.4015625 0.56875 0.04375 0.0296875
1 0.72421875 0.5375 0.04375 0.028125
1 0.4359375 0.49765625 0.04375 0.0296875
1 0.96328125 0.5921875 0.04375 0.025
1 0.39609375 0.5140625 0.04375 0.028125
1 0.24296875 0.534375 0.04375 0.0265625
1 0.29296875 0.4875 0.0421875 0.025
1 0.05390625 0.4203125 0.04375 0.0265625
4 0.8296875 0.3953125 0.0890625 0.0765625
1 0.6359375 0.57265625 0.04375 0.028125
1 0.675 0.459375 0.040625 0.025
1 0.6046875 0.53203125 0.04375 0.0296875
1 0.51640625 0.48203125 0.0421875 0.0265625
1 0.51875 0.50234375 0.04375 0.0265625
1 0.671875 0.6046875 0.04375 0.03125
1 0.28828125 0.4328125 0.04375 0.0265625
1 0.27578125 0.53359375 0.0453125 0.0296875
1 0.40546875 0.4546875 0.0421875 0.025
4 0.965625 0.45703125 0.06875 0.1453125
1 0.31328125 0.51875 0.04375 0.028125
1 0.72890625 0.56640625 0.04375 0.028125
1 0.65 0.49140625 0.0421875 0.0265625
1 0.3859375 0.34765625 0.040625 0.021875
1 0.815625 0.48671875 0.040625 0.025
1 0.90625 0.39296875 0.040625 0.021875
1 0.6203125 0.396875 0.040625 0.0234375
1 0.8375 0.48046875 0.0421875 0.025
1 0.70390625 0.56640625 0.04375 0.028125
1 0.91796875 0.52109375 0.0421875 0.0265625
1 0.48046875 0.371875 0.040625 0.0234375
1 0.64453125 0.3921875 0.040625 0.021875
1 0.47734375 0.42578125 0.040625 0.021875
1 0.95859375 0.51953125 0.0421875 0.025
1 0.084375 0.90703125 0.046875 0.034375
1 0.3390625 0.3890625 0.0390625 0.0203125
1 0.20078125 0.27890625 0.0390625 0.0203125
0 0.29296875 0.20078125 0.0390625 0.021875
1 0.803125 0.60390625 0.04375 0.0296875
1 0.58046875 0.39609375 0.040625 0.021875
1 0.83125 0.4609375 0.040625 0.0234375
1 0.46953125 0.478125 0.0390625 0.021875
1 0.80234375 0.459375 0.0421875 0.0234375
1 0.70625 0.421875 0.040625 0.0234375
0 0.25390625 0.14609375 0.0421875 0.0265625
0 0.75625 0.228125 0.0421875 0.0234375
1 0.69296875 0.41953125 0.040625 0.021875
1 0.71875 0.60546875 0.04375 0.028125
1 0.68984375 0.5359375 0.0421875 0.028125
1 0.946875 0.553125 0.04375 0.0265625
1 0.45 0.3875 0.0390625 0.021875
1 0.81640625 0.63046875 0.04375 0.028125
1 0.70234375 0.5046875 0.0421875 0.0265625
1 0.10078125 0.54296875 0.04375 0.0265625
1 0.01796875 0.46171875 0.0359375 0.0265625
1 0.88125 0.46171875 0.040625 0.0234375
1 0.35390625 0.37109375 0.040625 0.0234375
1 0.56640625 0.36015625 0.0390625 0.021875
1 0.45390625 0.353125 0.040625 0.0234375
1 0.1328125 0.37265625 0.040625 0.0234375
1 0.31953125 0.365625 0.040625 0.0234375
1 0.746875 0.57578125 0.04375 0.0265625
1 0.69453125 0.4796875 0.0421875 0.025
1 0.87890625 0.4203125 0.0421875 0.025
1 0.07890625 0.42109375 0.0421875 0.025
1 0.06171875 0.9125 0.05 0.0390625
1 0.159375 0.40390625 0.040625 0.025
1 0.32265625 0.87890625 0.040625 0.021875
1 0.534375 0.428125 0.040625 0.025
1 0.46796875 0.375 0.0390625 0.0234375
1 0.57109375 0.44453125 0.040625 0.025
1 0.95234375 0.44765625 0.040625 0.0234375
1 0.43671875 0.44453125 0.0421875 0.0265625
1 0.59296875 0.37421875 0.040625 0.021875
1 0.46328125 0.325 0.0390625 0.0203125
1 0.40546875 0.3453125 0.040625 0.0203125
1 0.87421875 0.3359375 0.0390625 0.0203125
1 0.134375 0.2859375 0.0390625 0.01875
1 0.334375 0.35390625 0.0390625 0.0203125
1 0.89296875 0.5875 0.04375 0.0265625
1 0.509375 0.425 0.040625 0.025
1 0.67421875 0.36640625 0.040625 0.0234375
1 0.80390625 0.44453125 0.0421875 0.021875
1 0.43828125 0.3484375 0.040625 0.0203125
1 0.821875 0.61015625 0.0421875 0.0234375
1 0.41484375 0.540625 0.04375 0.028125
1 0.946875 0.50078125 0.0421875 0.025
1 0.3484375 0.35390625 0.040625 0.021875
1 0.9296875 0.4046875 0.040625 0.021875
1 0.53203125 0.3875 0.0390625 0.0203125
1 0.659375 0.34609375 0.0390625 0.021875
1 0.46484375 0.27421875 0.0390625 0.01875
1 0.02109375 0.35078125 0.040625 0.021875
1 0.42421875 0.521875 0.04375 0.0265625
1 0.66953125 0.4390625 0.040625 0.025
1 0.6703125 0.66171875 0.0421875 0.0203125
1 0.659375 0.42265625 0.040625 0.0234375
0 0.2578125 0.17421875 0.040625 0.021875
1 0.27421875 0.46328125 0.0421875 0.0234375
1 0.375 0.3984375 0.040625 0.0234375
1 0.39140625 0.3671875 0.0390625 0.0234375
1 0.50234375 0.45625 0.040625 0.0203125
1 0.39453125 0.4140625 0.0421875 0.025
1 0.36875 0.371875 0.040625 0.021875
0 0.234375 0.02734375 0.0421875 0.0265625
1 0.6015625 0.29765625 0.0390625 0.01875
1 0.559375 0.528125 0.04375 0.0296875
1 0.41953125 0.3859375 0.040625 0.0234375
1 0.17109375 0.43984375 0.0390625 0.021875
1 0.44609375 0.334375 0.0390625 0.0203125
1 0.4125 0.36328125 0.040625 0.021875
1 0.95390625 0.43046875 0.040625 0.0234375
1 0.83359375 0.3015625 0.0390625 0.01875
1 0.31953125 0.38828125 0.0421875 0.0234375
1 0.58828125 0.3875 0.0390625 0.0203125
1 0.42265625 0.33515625 0.040625 0.0234375
1 0.48828125 0.40234375 0.0421875 0.021875
1 0.48515625 0.3375 0.040625 0.0203125
1 0.571875 0.2875 0.0375 0.0203125
1 0.4984375 0.41796875 0.040625 0.021875
1 0.81796875 0.44921875 0.0421875 0.025
2 0.26953125 0.19140625 0.1265625 0.065625
1 0.5359375 0.35078125 0.040625 0.0234375
1 0.51015625 0.359375 0.0390625 0.0203125
1 0.74375 0.60546875 0.04375 0.0265625
1 0.49765625 0.471875 0.04375 0.025
1 0.47265625 0.35625 0.0375 0.0203125
1 0.48359375 0.30390625 0.0390625 0.0203125
1 0.078125 0.95234375 0.053125 0.03125
1 0.1359375 0.61796875 0.0421875 0.021875
1 0.521875 0.45078125 0.040625 0.025
1 0.534375 0.278125 0.0375 0.01875
1 0.3625 0.38671875 0.0390625 0.021875
1 0.528125 0.33359375 0.0390625 0.0203125
1 0.41171875 0.26953125 0.0390625 0.01875
1 0.1734375 0.85546875 0.0375 0.021875
1 0.87421875 0.54453125 0.040625 0.0265625
1 0.49609375 0.30625 0.0390625 0.0203125
1 0.4421875 0.29453125 0.0390625 0.0203125
1 0.33515625 0.3203125 0.0390625 0.021875
1 0.94140625 0.40390625 0.040625 0.0203125
1 0.41171875 0.33046875 0.040625 0.0203125
1 0.71171875 0.528125 0.04375 0.0265625
1 0.41328125 0.34375 0.0421875 0.021875
1 0.7875 0.60859375 0.04375 0.0296875
1 0.4703125 0.459375 0.0390625 0.01875
1 0.1859375 0.84609375 0.0375 0.0171875
1 0.4703125 0.41484375 0.0390625 0.021875
1 0.25546875 0.47890625 0.040625 0.025
1 0.31015625 0.87421875 0.040625 0.021875
1 0.27890625 0.50234375 0.0421875 0.025
1 0.475 0.3328125 0.0390625 0.0203125
1 0.4078125 0.2890625 0.0390625 0.0203125
1 0.334375 0.59296875 0.0390625 0.025
1 0.45625 0.46640625 0.0375 0.01875
1 0.26171875 0.528125 0.0453125 0.028125
1 0.4359375 0.321875 0.0390625 0.0203125
1 0.35 0.3015625 0.0390625 0.021875
1 0.515625 0.38125 0.0390625 0.0203125
1 0.2734375 0.4796875 0.040625 0.0234375
1 0.88203125 0.5796875 0.04375 0.0265625
1 0.35859375 0.24296875 0.0375 0.01875
1 0.36953125 0.22578125 0.0390625 0.0203125
1 0.2421875 0.51796875 0.0421875 0.021875
1 0.45703125 0.25234375 0.0390625 0.01875
1 0.55625 0.27890625 0.0390625 0.0203125
1 0.3828125 0.3703125 0.040625 0.021875
1 0.8171875 0.67421875 0.04375 0.01875
1 0.42421875 0.29921875 0.0390625 0.0203125
1 0.3734375 0.32109375 0.0390625 0.01875
1 0.50859375 0.3921875 0.040625 0.0203125
1 0.29140625 0.47109375 0.0421875 0.021875
1 0.30078125 0.871875 0.0390625 0.021875
1 0.66953125 0.32109375 0.0390625 0.0203125
1 0.4921875 0.26640625 0.040625 0.0203125
1 0.1796875 0.859375 0.0390625 0.0234375
1 0.5296875 0.890625 0.0390625 0.021875
1 0.63515625 0.3859375 0.040625 0.021875
1 0.39609375 0.2875 0.0390625 0.0203125
1 0.4828125 0.290625 0.0375 0.01875
1 0.64375 0.3109375 0.0375 0.0203125
1 0.6421875 0.29453125 0.040625 0.0203125
1 0.3671875 0.3046875 0.0390625 0.0203125
1 0.334375 0.28359375 0.0390625 0.0203125
1 0.50390625 0.33125 0.040625 0.021875
1 0.3453125 0.31875 0.040625 0.0203125
1 0.89453125 0.31640625 0.040625 0.0203125
1 0.3625 0.34765625 0.0421875 0.025
1 0.51015625 0.4625 0.0421875 0.0234375
1 0.5 0.40234375 0.0421875 0.0203125
1 0.334375 0.37890625 0.040625 0.0171875
1 0.3078125 0.31484375 0.0421875 0.0234375
1 0.3890625 0.278125 0.0375 0.0203125
1 0.0109375 0.47265625 0.021875 0.0234375
1 0.5765625 0.2640625 0.0375 0.01875
1 0.6328125 0.825 0.0421875 0.0265625
1 0.534375 0.31796875 0.0390625 0.0203125
1 0.51875 0.27109375 0.040625 0.01875
1 0.44453125 0.88984375 0.0375 0.0171875
1 0.56484375 0.91015625 0.040625 0.0171875
1 0.36640625 0.28828125 0.040625 0.0203125
1 0.69296875 0.3921875 0.0390625 0.021875
1 0.1984375 0.23359375 0.0390625 0.01875
1 0.490625 0.28125 0.040625 0.01875
1 0.44765625 0.34921875 0.0390625 0.0203125
1 0.38984375 0.32109375 0.040625 0.0203125
1 0.02265625 0.36640625 0.04375 0.0265625
1 0.28515625 0.459375 0.040625 0.025
1 0.66796875 0.3046875 0.040625 0.0203125
1 0.54609375 0.65078125 0.0421875 0.01875
1 0.4328125 0.64375 0.0390625 0.0171875
1 0.3546875 0.3203125 0.0390625 0.01875
1 0.6859375 0.284375 0.0375 0.0171875
1 0.4171875 0.3109375 0.040625 0.01875
1 0.95390625 0.41015625 0.040625 0.0203125
1 0.0890625 0.8671875 0.040625 0.0203125
1 0.5203125 0.3953125 0.0421875 0.0234375
1 0.43671875 0.2875 0.0375 0.01875
1 0.25390625 0.496875 0.0390625 0.021875
3 0.14921875 0.825 0.071875 0.065625
1 0.65078125 0.29296875 0.0421875 0.0203125
1 0.2140625 0.84140625 0.0375 0.0171875
1 0.35390625 0.33359375 0.040625 0.021875
1 0.44765625 0.8734375 0.0375 0.01875
1 0.12421875 0.25234375 0.0375 0.0171875
1 0.67265625 0.27890625 0.0390625 0.01875
1 0.103125 0.840625 0.0390625 0.0203125
1 0.42421875 0.87890625 0.0375 0.01875
1 0.67265625 0.64140625 0.0390625 0.015625
0 0.3921875 0.69765625 0.040625 0.0234375
1 0.415625 0.25546875 0.0390625 0.01875
1 0.61875 0.26796875 0.0390625 0.01875
1 0.37109375 0.33359375 0.0390625 0.021875
1 0.54140625 0.9109375 0.0359375 0.015625
1 0.9625 0.38203125 0.0390625 0.0203125
1 0.0953125 0.884375 0.046875 0.0296875
1 0.6015625 0.2875 0.0390625 0.0171875
1 0.75234375 0.8796875 0.0390625 0.01875
1 0.70390625 0.86171875 0.0390625 0.01875
1 0.54609375 0.29921875 0.040625 0.021875
1 0.54375 0.26171875 0.040625 0.0203125
1 0.52265625 0.25859375 0.0390625 0.01875
1 0.91015625 0.3203125 0.040625 0.021875
1 0.10234375 0.265625 0.0390625 0.01875
1 0.890625 0.30546875 0.0390625 0.01875
1 0.6578125 0.275 0.0390625 0.0203125
1 0.55234375 0.8765625 0.0390625 0.01875
1 0.90703125 0.309375 0.0390625 0.01875
1 0.51953125 0.87578125 0.0390625 0.01875
1 0.121875 0.26328125 0.040625 0.01875
1 0.53046875 0.30625 0.0390625 0.01875
1 0.49765625 0.28515625 0.0390625 0.0203125
1 0.53828125 0.8765625 0.040625 0.01875
1 0.11640625 0.8796875 0.0453125 0.0296875
1 0.509375 0.6453125 0.0421875 0.0203125
1 0.4046875 0.859375 0.0453125 0.03125
1 0.62578125 0.26875 0.0390625 0.01875
1 0.3359375 0.334375 0.0390625 0.0203125
1 0.52421875 0.646875 0.040625 0.0203125
1 0.5765625 0.9125 0.0421875 0.0171875
1 0.0671875 0.284375 0.0421875 0.025
1 0.18828125 0.2328125 0.0375 0.01875
1 0.69609375 0.27734375 0.0390625 0.01875