4 0.68828125 0.86875 0.096875 0.1015625
2 0.25078125 0.2015625 0.1046875 0.0703125
3 0.20078125 0.81484375 0.06875 0.0609375
4 0.88125 0.428125 0.1140625 0.146875
3 0.6765625 0.30234375 0.0703125 0.0671875
4 0.36484375 0.328125 0.08125 0.09375
4 0.83515625 0.59609375 0.134375 0.1625
3 0.76171875 0.86640625 0.090625 0.0859375
1 0.01328125 0.51875 0.0265625 0.028125
1 0.39609375 0.4 0.021875 0.0203125
1 0.290625 0.49296875 0.0234375 0.0234375
1 0.29765625 0.44921875 0.021875 0.0203125
1 0.73515625 0.58125 0.0265625 0.028125
1 0.14921875 0.4140625 0.0234375 0.021875
1 0.046875 0.4 0.0234375 0.0203125
1 0.60390625 0.8921875 0.0234375 0.0234375
1 0.3046875 0.48203125 0.0234375 0.0234375
2 0.7703125 0.24296875 0.1078125 0.0578125
1 0.83828125 0.940625 0.028125 0.0296875
1 0.0828125 0.37734375 0.0234375 0.0203125
1 0.38125 0.37265625 0.0203125 0.01875
1 0.13828125 0.86875 0.0234375 0.0234375
1 0.15 0.9046875 0.0296875 0.0328125
1 0.9796875 0.48125 0.0234375 0.021875
1 0.184375 0.87265625 0.0234375 0.0234375
1 0.509375 0.89375 0.0234375 0.025
1 0.490625 0.57890625 0.0234375 0.0265625
1 0.54609375 0.41015625 0.021875 0.0203125
1 0.4265625 0.378125 0.021875 0.01875
1 0.37890625 0.43203125 0.0234375 0.0203125
1 0.1671875 0.38359375 0.021875 0.0203125
1 0.4375 0.4359375 0.021875 0.0203125
1 0.46171875 0.57265625 0.025 0.0234375
1 0.653125 0.41796875 0.0203125 0.0203125
1 0.81015625 0.9375 0.025 0.0265625
0 0.90078125 0.25859375 0.021875 0.021875
1 0.52109375 0.44609375 0.021875 0.0203125
1 0.5109375 0.3984375 0.021875 0.0203125
1 0.53359375 0.45390625 0.0234375 0.021875
0 0.90625 0.2171875 0.0234375 0.021875
0 0.74921875 0.77421875 0.021875 0.021875
0 0.87421875 0.16875 0.0234375 0.0203125
1 0.02265625 0.38984375 0.025 0.021875
1 0.475 0.39765625 0.021875 0.0203125
1 0.465625 0.37578125 0.0203125 0.01875
1 0.3421875 0.38359375 0.021875 0.0203125
1 0.8046875 0.915625 0.0234375 0.0234375
1 0.15625 0.934375 0.0328125 0.040625
1 0.81953125 0.43828125 0.021875 0.01875
1 0.840625 0.896875 0.0203125 0.0203125
1 0.3984375 0.35859375 0.021875 0.01875
1 0.65234375 0.45703125 0.021875 0.0203125
1 0.90234375 0.971875 0.0296875 0.0375
1 0.125 0.915625 0.0296875 0.03125
1 0.3109375 0.865625 0.0234375 0.0203125
0 0.91328125 0.1875 0.0234375 0.021875
1 0.27109375 0.85625 0.021875 0.0203125
1 0.8140625 0.9640625 0.0296875 0.0359375
1 0.75703125 0.59609375 0.025 0.0234375
1 0.93984375 0.42734375 0.021875 0.01875
1 0.07578125 0.51484375 0.025 0.021875
1 0.7765625 0.6609375 0.0234375 0.025
1 0.53828125 0.39609375 0.021875 0.01875
1 0.86171875 0.89296875 0.021875 0.01875
1 0.31015625 0.84609375 0.0203125 0.0171875
1 0.5609375 0.396875 0.0203125 0.0171875
1 0.353125 0.58515625 0.025 0.01875
1 0.63359375 0.34765625 0.021875 0.0171875
1 0.596875 0.653125 0.0203125 0.015625
1 0.31640625 0.38046875 0.0203125 0.01875
1 0.84921875 0.49375 0.021875 0.0203125
1 0.428125 0.34921875 0.021875 0.0203125
1 0.60390625 0.41015625 0.0203125 0.0171875
0 0.8671875 0.18515625 0.0234375 0.0203125
1 0.3578125 0.371875 0.0234375 0.0171875
1 0.6703125 0.3625 0.0203125 0.0171875
1 0.43515625 0.4125 0.021875 0.0203125
1 0.55546875 0.38515625 0.0203125 0.015625
1 0.1453125 0.6171875 0.025 0.021875
1 0.4640625 0.3328125 0.0203125 0.0171875
1 0.59140625 0.3765625 0.01875 0.015625
1 0.47265625 0.59375 0.0234375 0.01875
1 0.096875 0.59609375 0.028125 0.028125
1 0.61328125 0.40078125 0.0203125 0.01875
1 0.2859375 0.42109375 0.0234375 0.021875
1 0.44375 0.8921875 0.025 0.0265625
1 0.3125 0.3625 0.021875 0.0203125
1 0.546875 0.3625 0.021875 0.01875
1 0.2828125 0.8390625 0.0203125 0.0171875
0 0.89765625 0.1734375 0.025 0.021875
0 0.859375 0.2390625 0.021875 0.0234375
1 0.81953125 0.3609375 0.01875 0.01875
1 0.30234375 0.41875 0.021875 0.01875
1 0.83671875 0.984375 0.0328125 0.03125
1 0.4203125 0.90078125 0.0203125 0.0125
1 0.828125 0.40625 0.0203125 0.0171875
1 0.46875 0.3203125 0.0203125 0.015625
1 0.23125 0.8359375 0.021875 0.01875
1 0.60546875 0.32578125 0.0203125 0.015625
1 0.25859375 0.83828125 0.0203125 0.015625
1 0.5546875 0.31875 0.01875 0.0171875
1 0.62890625 0.32734375 0.0203125 0.01875
1 0.52890625 0.390625 0.021875 0.01875
1 0.440625 0.84609375 0.0203125 0.015625
1 0.56015625 0.33828125 0.0203125 0.0171875
1 0.0703125 0.31328125 0.021875 0.0171875
1 0.24140625 0.83671875 0.0203125 0.015625
1 0.40546875 0.84296875 0.0203125 0.015625
1 0.709375 0.3484375 0.021875 0.01875
1 0.16640625 0.2828125 0.021875 0.0171875
1 0.94296875 0.41171875 0.021875 0.0171875
1 0.184375 0.85546875 0.021875 0.0140625
1 0.06328125 0.91171875 0.028125 0.0296875
1 0.88828125 0.9125 0.021875 0.021875
1 0.765625 0.6375 0.0265625 0.025
1 0.67421875 0.3515625 0.01875 0.015625
1 0.05546875 0.31796875 0.0203125 0.0171875
0 0.8890625 0.35390625 0.021875 0.021875
1 0.8296875 0.42734375 0.0203125 0.0171875
1 0.4203125 0.83515625 0.0171875 0.0140625
0 0.746875 0.74296875 0.0234375 0.025
0 0.890625 0.32265625 0.021875 0.01875
1 0.4578125 0.559375 0.021875 0.01875
1 0.14140625 0.82109375 0.0203125 0.0140625
1 0.4859375 0.37421875 0.021875 0.01875
1 0.015625 0.36953125 0.025 0.021875
1 0.1171875 0.2921875 0.021875 0.0171875
1 0.58125 0.33828125 0.0171875 0.015625
1 0.0515625 0.8890625 0.0265625 0.025
1 0.34453125 0.37109375 0.0203125 0.0140625
1 0.43984375 0.83515625 0.0171875 0.0140625
1 0.0421875 0.3515625 0.0203125 0.0203125
1 0.26875 0.83828125 0.0203125 0.015625
1 0.23359375 0.821875 0.01875 0.0125
1 0.7546875 0.66875 0.0234375 0.015625
1 0.44375 0.42265625 0.0234375 0.01875
1 0.60390625 0.3015625 0.021875 0.015625
1 0.40703125 0.828125 0.01875 0.0140625
1 0.9390625 0.38046875 0.0203125 0.0171875
1 0.51484375 0.2953125 0.021875 0.015625
1 0.2984375 0.40625 0.0203125 0.015625
1 0.62890625 0.30703125 0.0203125 0.015625
1 0.52734375 0.853125 0.021875 0.015625
1 0.15625 0.2828125 0.021875 0.0171875
1 0.10546875 0.86171875 0.021875 0.0234375
1 0.0828125 0.8640625 0.028125 0.025
1 0.09453125 0.28984375 0.0234375 0.01875
1 0.571875 0.3 0.01875 0.015625
1 0.1265625 0.29296875 0.021875 0.0171875
1 0.72578125 0.346875 0.0203125 0.0171875
1 0.43125 0.81796875 0.0171875 0.0125
1 0.0046875 0.9265625 0.009375 0.028125
1 0.80234375 0.4125 0.01875 0.015625