4 0.3015625 0.85078125 0.1125 0.090625
3 0.534375 0.3828125 0.0953125 0.0984375
4 0.1328125 0.40625 0.0984375 0.0890625
4 0.434375 0.53203125 0.140625 0.1390625
1 0.2859375 0.4421875 0.0421875 0.0203125
1 0.771875 0.559375 0.046875 0.025
1 0.21484375 0.56328125 0.046875 0.025
3 0.90546875 0.31953125 0.1015625 0.1
1 0.63046875 0.4546875 0.04375 0.01875
1 0.5984375 0.42265625 0.04375 0.01875
1 0.62265625 0.5078125 0.0453125 0.0234375
1 0.4109375 0.4296875 0.04375 0.01875
1 0.74375 0.53828125 0.0453125 0.0234375
2 0.253125 0.221875 0.1265625 0.05
1 0.69453125 0.4921875 0.04375 0.021875
1 0.7 0.43515625 0.0421875 0.0203125
1 0.353125 0.45859375 0.04375 0.021875
1 0.46484375 0.43203125 0.04375 0.0203125
1 0.6203125 0.56015625 0.0453125 0.021875
1 0.05859375 0.5203125 0.0453125 0.0234375
1 0.08515625 0.41796875 0.0421875 0.01875
1 0.95 0.540625 0.046875 0.025
2 0.778125 0.2265625 0.121875 0.059375
1 0.3953125 0.446875 0.04375 0.0203125
1 0.30390625 0.4453125 0.04375 0.01875
1 0.0296875 0.43046875 0.04375 0.01875
1 0.821875 0.43125 0.04375 0.0203125
1 0.565625 0.903125 0.046875 0.0171875
1 0.9046875 0.37578125 0.0421875 0.015625
1 0.32578125 0.44765625 0.04375 0.0203125
1 0.57265625 0.44453125 0.04375 0.01875
1 0.4 0.43046875 0.04375 0.01875
1 0.71171875 0.85703125 0.040625 0.015625
1 0.496875 0.39453125 0.04375 0.01875
1 0.4390625 0.43125 0.04375 0.01875
1 0.3796875 0.371875 0.0421875 0.01875
1 0.56328125 0.42890625 0.04375 0.01875
1 0.675 0.34609375 0.0421875 0.0171875
1 0.01796875 0.41484375 0.0359375 0.0171875
1 0.23828125 0.88125 0.04375 0.0203125
1 0.18984375 0.3890625 0.0421875 0.0171875
1 0.18203125 0.92578125 0.0484375 0.0234375
0 0.82734375 0.1765625 0.0453125 0.0203125
1 0.5640625 0.47734375 0.04375 0.0203125
1 0.446875 0.36953125 0.040625 0.015625
1 0.13515625 0.55859375 0.046875 0.025
1 0.10234375 0.440625 0.04375 0.0203125
1 0.6390625 0.31953125 0.0421875 0.0171875
1 0.6109375 0.40625 0.04375 0.015625
1 0.3390625 0.3765625 0.0421875 0.015625
0 0.921875 0.2484375 0.0421875 0.01875
1 0.63359375 0.409375 0.0421875 0.01875
1 0.94140625 0.3984375 0.04375 0.01875
1 0.32734375 0.3375 0.0421875 0.015625
1 0.03515625 0.4140625 0.0453125 0.01875
1 0.66171875 0.8609375 0.0421875 0.015625
1 0.1859375 0.95625 0.0546875 0.0375
1 0.92734375 0.37421875 0.04375 0.015625
1 0.62421875 0.4171875 0.04375 0.01875
1 0.05078125 0.48671875 0.0453125 0.021875
1 0.6796875 0.38984375 0.0421875 0.01875
1 0.9890625 0.43203125 0.021875 0.0171875
1 0.96796875 0.4109375 0.04375 0.0171875
1 0.42109375 0.903125 0.04375 0.0140625
1 0.0515625 0.41328125 0.04375 0.0171875
1 0.65390625 0.4046875 0.04375 0.01875
1 0.34140625 0.90078125 0.0453125 0.015625
1 0.6203125 0.3203125 0.040625 0.0140625
1 0.53515625 0.890625 0.0453125 0.025
1 0.5546875 0.88515625 0.04375 0.021875
1 0.33828125 0.39140625 0.04375 0.0171875
0 0.92109375 0.18515625 0.04375 0.01875
1 0.56796875 0.4 0.0421875 0.0171875
1 0.18828125 0.2984375 0.0421875 0.0140625
1 0.12421875 0.35390625 0.040625 0.0171875
0 0.17109375 0.80390625 0.05 0.0296875
1 0.5125 0.309375 0.040625 0.015625
1 0.37109375 0.30078125 0.0390625 0.0140625
1 0.15234375 0.92109375 0.0484375 0.0265625
1 0.12421875 0.63984375 0.0453125 0.01875
1 0.58046875 0.39375 0.0421875 0.0171875
1 0.66875 0.3109375 0.040625 0.0140625
1 0.95859375 0.39765625 0.04375 0.0171875
1 0.32265625 0.39609375 0.0421875 0.0171875
1 0.68671875 0.4125 0.04375 0.01875
1 0.196875 0.33984375 0.040625 0.015625
0 0.79140625 0.23515625 0.0453125 0.01875
1 0.93828125 0.3765625 0.04375 0.0171875
1 0.8359375 0.87421875 0.040625 0.015625
1 0.64296875 0.38828125 0.04375 0.01875
1 0.4859375 0.3515625 0.040625 0.015625
1 0.30390625 0.4265625 0.0453125 0.01875
1 0.325 0.38203125 0.0421875 0.0140625
1 0.2265625 0.878125 0.04375 0.01875
1 0.1984375 0.8890625 0.0453125 0.021875
1 0.85078125 0.90078125 0.0453125 0.021875
1 0.34296875 0.88359375 0.0453125 0.021875
1 0.08515625 0.97109375 0.053125 0.034375
1 0.3234375 0.60859375 0.0453125 0.0203125
1 0.565625 0.38125 0.0421875 0.015625
1 0.10703125 0.384375 0.0421875 0.015625
0 0.128125 0.81953125 0.0484375 0.0296875
1 0.67265625 0.40546875 0.0453125 0.0203125
1 0.0671875 0.40859375 0.0453125 0.0171875
1 0.16015625 0.984375 0.053125 0.021875
1 0.62578125 0.3390625 0.0421875 0.0171875
1 0.49375 0.36015625 0.040625 0.015625
1 0.60390625 0.3765625 0.04375 0.0171875
1 0.8703125 0.30859375 0.0421875 0.015625
1 0.153125 0.64296875 0.0453125 0.0140625
1 0.66640625 0.3390625 0.040625 0.015625
1 0.43671875 0.328125 0.040625 0.0140625
1 0.17109375 0.3375 0.040625 0.0140625
1 0.51015625 0.3421875 0.0390625 0.0140625
1 0.81484375 0.103125 0.04375 0.021875
1 0.84453125 0.30625 0.0421875 0.015625
1 0.7203125 0.628125 0.0421875 0.0203125
1 0.83125 0.3046875 0.040625 0.0140625
1 0.66328125 0.40234375 0.04375 0.0203125
1 0.2078125 0.87734375 0.04375 0.015625
1 0.178125 0.34375 0.0421875 0.015625
1 0.78359375 0.85 0.0390625 0.0125
1 0.0796875 0.36484375 0.0421875 0.015625
1 0.21484375 0.86484375 0.04375 0.0171875
1 0.6734375 0.83671875 0.0390625 0.0109375
1 0.228125 0.8484375 0.040625 0.0140625
1 0.7125 0.62734375 0.0421875 0.021875
1 0.87578125 0.92421875 0.046875 0.025
1 0.5859375 0.40234375 0.04375 0.0171875
1 0.02421875 0.38515625 0.0421875 0.015625
1 0.853125 0.30625 0.0421875 0.015625
1 0.5640625 0.8484375 0.0421875 0.0140625
1 0.253125 0.846875 0.040625 0.015625
1 0.21484375 0.60234375 0.0453125 0.015625
1 0.8875 0.92265625 0.0453125 0.025
1 0.7390625 0.84921875 0.04375 0.0203125
1 0.1671875 0.32109375 0.04375 0.0140625
1 0.09296875 0.925 0.0484375 0.0265625
1 0.1515625 0.8859375 0.046875 0.0234375
1 0.496875 0.3765625 0.0421875 0.0140625
1 0.34609375 0.29765625 0.040625 0.0140625
1 0.240625 0.86640625 0.04375 0.0125
4 0.884375 0.84765625 0.071875 0.053125
1 0.95546875 0.3515625 0.04375 0.0203125
1 0.72109375 0.8484375 0.040625 0.015625
1 0.29453125 0.6453125 0.040625 0.0109375
1 0.6515625 0.8671875 0.040625 0.0140625
1 0.98359375 0.3953125 0.0328125 0.01875
0 0.76171875 0.19375 0.0421875 0.0203125
1 0.56328125 0.34765625 0.0421875 0.015625
1 0.1734375 0.2984375 0.0421875 0.0140625
1 0.01171875 0.42578125 0.0234375 0.0171875
1 0.07734375 0.4 0.0421875 0.015625
1 0.97109375 0.38671875 0.0421875 0.0140625
1 0.759375 0.84453125 0.040625 0.0125
1 0.2671875 0.8421875 0.0421875 0.0125
1 0.12109375 0.321875 0.0421875 0.015625
1 0.97421875 0.4015625 0.0453125 0.015625
1 0.090625 0.403125 0.0421875 0.0140625
1 0.06796875 0.39140625 0.0421875 0.0140625
1 0.4734375 0.85078125 0.0390625 0.0125
1 0.84140625 0.88984375 0.04375 0.0171875
1 0.24140625 0.84609375 0.04375 0.015625
1 0.9890625 0.38046875 0.021875 0.0140625
1 0.50390625 0.36875 0.0421875 0.0140625
1 0.0625 0.98046875 0.053125 0.0234375
1 0.57109375 0.8828125 0.0390625 0.0140625
1 0.46015625 0.8515625 0.040625 0.0109375
1 0.146875 0.31953125 0.040625 0.0140625
1 0.05703125 0.3625 0.04375 0.01875
1 0.79765625 0.84609375 0.040625 0.0109375
1 0.44921875 0.83671875 0.0390625 0.0125