4 0.16875 0.4328125 0.10625 0.10625
3 0.6546875 0.334375 0.0984375 0.096875
2 0.75390625 0.20859375 0.1140625 0.0609375
3 0.1140625 0.3296875 0.1 0.0921875
2 0.23515625 0.21875 0.1125 0.0640625
3 0.15390625 0.8640625 0.0734375 0.0703125
1 0.93203125 0.43125 0.034375 0.021875
3 0.07890625 0.48203125 0.0953125 0.1109375
1 0.428125 0.43515625 0.0328125 0.021875
1 0.57734375 0.46796875 0.034375 0.0234375
1 0.7578125 0.553125 0.0359375 0.0265625
1 0.59453125 0.56484375 0.0359375 0.0265625
1 0.93984375 0.5296875 0.0359375 0.0265625
1 0.26640625 0.55390625 0.0359375 0.025
1 0.60546875 0.5125 0.0359375 0.0265625
1 0.46484375 0.384375 0.0328125 0.021875
1 0.7078125 0.46328125 0.034375 0.021875
1 0.671875 0.9015625 0.0359375 0.0203125
1 0.48984375 0.42421875 0.0328125 0.0234375
1 0.39140625 0.4203125 0.0328125 0.0203125
1 0.57109375 0.51953125 0.0359375 0.0265625
1 0.9453125 0.3984375 0.0328125 0.021875
1 0.346875 0.56015625 0.0359375 0.0265625
1 0.25390625 0.5203125 0.0359375 0.0234375
1 0.0640625 0.571875 0.0359375 0.0265625
1 0.17578125 0.58203125 0.0359375 0.028125
1 0.884375 0.34296875 0.0328125 0.0203125
1 0.2734375 0.5109375 0.0359375 0.025
0 0.190625 0.03046875 0.0375 0.0296875
1 0.528125 0.3546875 0.0328125 0.0203125
1 0.23203125 0.91484375 0.0359375 0.0265625
1 0.440625 0.328125 0.03125 0.01875
1 0.77890625 0.6421875 0.0375 0.0265625
1 0.35625 0.353125 0.0328125 0.01875
1 0.871875 0.91875 0.0359375 0.0265625
1 0.853125 0.9703125 0.0421875 0.0375
1 0.23125 0.6140625 0.0359375 0.0265625
1 0.14140625 0.603125 0.0359375 0.0265625
1 0.328125 0.41640625 0.034375 0.0203125
1 0.74296875 0.59765625 0.0359375 0.021875
1 0.49609375 0.38203125 0.0328125 0.01875
1 0.3765625 0.4625 0.034375 0.0234375
1 0.15625 0.90234375 0.034375 0.0234375
1 0.753125 0.53203125 0.0328125 0.0234375
1 0.3390625 0.3546875 0.0328125 0.0203125
1 0.46015625 0.43515625 0.0328125 0.021875
1 0.30625 0.47734375 0.034375 0.0234375
1 0.3203125 0.37265625 0.0328125 0.0203125
1 0.88984375 0.31640625 0.0328125 0.0171875
1 0.38046875 0.38828125 0.0328125 0.021875
1 0.6703125 0.44921875 0.0328125 0.021875
1 0.84296875 0.40703125 0.0328125 0.0203125
4 0.41328125 0.9265625 0.1546875 0.146875
1 0.828125 0.4109375 0.034375 0.021875
1 0.5046875 0.39296875 0.0328125 0.0203125
1 0.734375 0.49921875 0.034375 0.0234375
1 0.51328125 0.3328125 0.03125 0.01875
1 0.65 0.38984375 0.0328125 0.021875
1 0.08984375 0.6125 0.0359375 0.0265625
1 0.91484375 0.6046875 0.0359375 0.0265625
1 0.3296875 0.46171875 0.034375 0.0234375
1 0.375 0.44453125 0.0328125 0.0203125
1 0.15625 0.3078125 0.03125 0.0171875
1 0.67578125 0.41015625 0.0328125 0.021875
1 0.3703125 0.31484375 0.03125 0.01875
1 0.3953125 0.30390625 0.03125 0.0171875
1 0.6203125 0.37734375 0.0328125 0.0203125
1 0.73671875 0.92421875 0.034375 0.028125
1 0.909375 0.3703125 0.0328125 0.0203125
1 0.34140625 0.38046875 0.0359375 0.0203125
1 0.33359375 0.39609375 0.034375 0.0203125
1 0.3078125 0.43828125 0.0328125 0.0234375
1 0.69140625 0.52265625 0.0359375 0.0265625
1 0.7140625 0.50234375 0.0359375 0.0203125
1 0.440625 0.365625 0.034375 0.021875
1 0.03046875 0.4203125 0.0328125 0.0203125
1 0.46484375 0.303125 0.0328125 0.01875
1 0.32578125 0.5109375 0.0359375 0.025
1 0.73125 0.48203125 0.034375 0.0203125
1 0.31796875 0.33828125 0.0328125 0.0203125
1 0.51953125 0.38671875 0.0328125 0.0203125
1 0.903125 0.328125 0.0328125 0.01875
1 0.82578125 0.89375 0.0328125 0.0203125
1 0.50546875 0.2796875 0.0328125 0.0203125
1 0.06328125 0.40390625 0.034375 0.0203125
1 0.4 0.35546875 0.0328125 0.0203125
0 0.203125 0.125 0.0359375 0.0234375
1 0.34296875 0.27109375 0.0296875 0.0171875
1 0.703125 0.51875 0.0359375 0.0203125
1 0.696875 0.89921875 0.0328125 0.0203125
1 0.715625 0.45078125 0.0328125 0.0203125
1 0.81171875 0.90703125 0.0359375 0.025
1 0.70078125 0.44921875 0.034375 0.0203125
1 0.61328125 0.61875 0.0359375 0.01875
1 0.1296875 0.909375 0.0359375 0.025
1 0.32265625 0.30703125 0.03125 0.0203125
1 0.3234375 0.43515625 0.034375 0.021875
1 0.865625 0.2953125 0.0328125 0.0203125
1 0.609375 0.278125 0.0296875 0.0171875
1 0.925 0.36640625 0.0328125 0.0234375
1 0.81875 0.2921875 0.0296875 0.0171875
1 0.3171875 0.4609375 0.034375 0.021875
1 0.665625 0.4015625 0.0328125 0.0203125
1 0.8890625 0.97265625 0.0421875 0.0390625
1 0.675 0.86796875 0.0328125 0.0171875
1 0.703125 0.5390625 0.0359375 0.0234375
1 0.34921875 0.3984375 0.034375 0.0234375
1 0.93359375 0.559375 0.0328125 0.0234375
1 0.81953125 0.26484375 0.0296875 0.0171875
1 0.32109375 0.39765625 0.0328125 0.0203125
0 0.0734375 0.246875 0.0359375 0.0265625
1 0.42734375 0.40078125 0.0328125 0.0203125
1 0.85234375 0.8828125 0.0328125 0.01875
1 0.765625 0.87265625 0.0328125 0.0171875
1 0.046875 0.39296875 0.0328125 0.0203125
1 0.715625 0.5203125 0.0359375 0.0234375
1 0.47265625 0.39921875 0.034375 0.0203125
1 0.39140625 0.3390625 0.0328125 0.021875
1 0.73046875 0.51484375 0.034375 0.01875
1 0.84921875 0.39375 0.0328125 0.0203125
1 0.921875 0.97265625 0.0421875 0.0328125
1 0.72890625 0.53671875 0.0359375 0.0234375
1 0.11953125 0.55546875 0.0359375 0.0296875
1 0.66953125 0.43515625 0.0328125 0.0171875
1 0.68203125 0.3796875 0.0328125 0.0203125
1 0.48359375 0.2703125 0.0296875 0.0171875
1 0.41875 0.32734375 0.0328125 0.0203125
1 0.375 0.4109375 0.0328125 0.0234375
1 0.640625 0.89453125 0.0328125 0.0203125
1 0.33046875 0.265625 0.0296875 0.0171875
1 0.83828125 0.28828125 0.0296875 0.0171875
1 0.746875 0.61171875 0.0359375 0.0203125
1 0.8296875 0.29453125 0.0328125 0.0171875
1 0.40625 0.32734375 0.0328125 0.0203125
1 0.73984375 0.534375 0.034375 0.025
1 0.96875 0.35546875 0.0328125 0.01875
1 0.43359375 0.3546875 0.0296875 0.01875
1 0.98671875 0.36953125 0.0265625 0.0203125
1 0.13515625 0.29765625 0.0328125 0.01875
1 0.62890625 0.37578125 0.034375 0.0203125
1 0.246875 0.4 0.034375 0.0234375
1 0.65078125 0.9015625 0.034375 0.0203125
1 0.87265625 0.290625 0.0328125 0.0171875
1 0.665625 0.88828125 0.0328125 0.0203125
1 0.6578125 0.865625 0.0296875 0.0140625
1 0.93671875 0.3390625 0.0328125 0.0203125
1 0.5453125 0.27578125 0.0296875 0.0171875
1 0.57265625 0.39921875 0.0328125 0.0203125
1 0.39140625 0.25703125 0.0296875 0.015625
0 0.040625 0.18125 0.0328125 0.0171875
1 0.85390625 0.45859375 0.03125 0.015625
1 0.690625 0.35625 0.0328125 0.0203125
1 0.46953125 0.64609375 0.0359375 0.015625
1 0.29453125 0.371875 0.0328125 0.0171875
1 0.70625 0.8734375 0.03125 0.0171875
1 0.88046875 0.5546875 0.0328125 0.01875
1 0.85390625 0.26875 0.03125 0.0171875
1 0.9796875 0.35546875 0.0328125 0.0203125
1 0.44296875 0.25859375 0.0296875 0.0171875
1 0.61953125 0.2671875 0.0328125 0.01875
1 0.91796875 0.30625 0.0328125 0.021875
0 0.19453125 0.078125 0.03125 0.0234375
1 0.0125 0.3703125 0.025 0.015625
1 0.24453125 0.8875 0.0296875 0.0203125
1 0.35703125 0.27109375 0.0296875 0.0171875
1 0.9296875 0.54375 0.0359375 0.0203125
4 0.0875 0.86171875 0.0859375 0.0703125
1 0.22265625 0.87265625 0.03125 0.0171875
1 0.94609375 0.3375 0.0328125 0.01875
1 0.103125 0.284375 0.0328125 0.0171875
1 0.140625 0.2734375 0.0328125 0.015625
1 0.73125 0.465625 0.0328125 0.0171875
1 0.90546875 0.2828125 0.03125 0.0171875
1 0.40546875 0.259375 0.03125 0.0171875
1 0.59765625 0.26328125 0.0296875 0.0171875
1 0.375 0.26875 0.0328125 0.0171875
1 0.8890625 0.28203125 0.0328125 0.0203125
1 0.73515625 0.8765625 0.0328125 0.015625
1 0.07890625 0.64609375 0.0359375 0.0140625
1 0.953125 0.35625 0.0296875 0.0171875
1 0.3625 0.2578125 0.0296875 0.0171875
1 0.56328125 0.90625 0.0328125 0.0140625
1 0.60703125 0.26484375 0.03125 0.0171875
1 0.97421875 0.34140625 0.03125 0.01875
1 0.22890625 0.85546875 0.0328125 0.0171875
1 0.80703125 0.89375 0.03125 0.0171875
1 0.6375 0.26171875 0.0328125 0.0203125
0 0.33125 0.709375 0.0328125 0.021875
1 0.55625 0.25703125 0.0296875 0.0171875
1 0.9328125 0.9578125 0.0359375 0.0390625
1 0.63046875 0.2671875 0.03125 0.01875
1 0.47734375 0.29609375 0.0328125 0.0171875
1 0.69140625 0.37578125 0.0328125 0.0203125
1 0.840625 0.25703125 0.03125 0.0140625
1 0.81171875 0.87265625 0.03125 0.0171875
1 0.55234375 0.88359375 0.03125 0.015625
1 0.01484375 0.37890625 0.0296875 0.0171875
1 0.12265625 0.27890625 0.0328125 0.0171875
1 0.00859375 0.4171875 0.0171875 0.01875
1 0.74140625 0.86953125 0.0296875 0.0171875
1 0.01640625 0.4 0.0328125 0.021875
1 0.7109375 0.4375 0.03125 0.015625
1 0.95625 0.33046875 0.0328125 0.0171875
1 0.49140625 0.2609375 0.034375 0.0203125
1 0.534375 0.87421875 0.0296875 0.0140625
1 0.13203125 0.6265625 0.03125 0.0140625
1 0.53046875 0.26484375 0.0296875 0.0171875
1 0.5484375 0.2578125 0.03125 0.0171875
1 0.121875 0.621875 0.03125 0.0171875
0 0.23984375 0.2328125 0.0359375 0.025
1 0.0109375 0.3984375 0.021875 0.021875
1 0.11640625 0.90234375 0.034375 0.0234375
1 0.084375 0.91328125 0.0359375 0.028125
1 0.03359375 0.39140625 0.034375 0.0234375
1 0.53046875 0.8921875 0.0296875 0.0140625