4 0.33125 0.30390625 0.0828125 0.09375
2 0.728125 0.18515625 0.109375 0.065625
2 0.21953125 0.2375 0.1078125 0.075
4 0.875 0.3015625 0.0890625 0.096875
1 0.31484375 0.45703125 0.0203125 0.01875
1 0.37109375 0.2796875 0.0171875 0.0125
1 0.82578125 0.41015625 0.0203125 0.0203125
1 0.15625 0.334375 0.0171875 0.0125
0 0.79296875 0.00390625 0.021875 0.0078125
1 0.9046875 0.4953125 0.0234375 0.021875
1 0.28984375 0.575 0.0203125 0.0234375
1 0.8265625 0.33125 0.0171875 0.0140625
1 0.87109375 0.421875 0.0203125 0.01875
1 0.57578125 0.25234375 0.015625 0.0140625
1 0.36796875 0.48828125 0.021875 0.021875
1 0.76875 0.5421875 0.021875 0.0234375
1 0.94921875 0.41953125 0.021875 0.0203125
1 0.93046875 0.41328125 0.0203125 0.01875
1 0.16796875 0.33359375 0.01875 0.0125
1 0.6296875 0.48671875 0.021875 0.0234375
1 0.09375 0.37265625 0.0171875 0.0140625
1 0.3046875 0.47890625 0.0203125 0.0203125
1 0.67421875 0.3328125 0.0203125 0.0171875
1 0.60390625 0.36796875 0.01875 0.015625
1 0.690625 0.4828125 0.021875 0.0234375
1 0.26875 0.55078125 0.0203125 0.0203125
1 0.6703125 0.37734375 0.0171875 0.0140625
1 0.81640625 0.3578125 0.01875 0.0171875
1 0.7140625 0.440625 0.0203125 0.021875
1 0.67734375 0.4609375 0.01875 0.01875
1 0.0453125 0.53671875 0.021875 0.0203125
1 0.3015625 0.42109375 0.01875 0.015625
1 0.4546875 0.3890625 0.01875 0.0171875
1 0.63671875 0.30390625 0.0171875 0.0125
1 0.43125 0.26484375 0.0171875 0.0140625
1 0.98984375 0.42578125 0.01875 0.01875
1 0.3734375 0.6015625 0.0234375 0.025
1 0.65859375 0.4421875 0.0203125 0.01875
1 0.140625 0.30078125 0.0171875 0.0125
1 0.578125 0.29609375 0.0171875 0.0140625
3 0.6421875 0.23515625 0.075 0.0796875
3 0.9421875 0.3109375 0.096875 0.09375
0 0.8760808687500001 0 0.8722835218749999 0.0042151796875 0.8767770078125 0.0179150359375 0.8870845046875001 0.0187539171875 0.892617525 0.012879048437499999 0.8887956390625 0 0.8760808687500001 0
0 0.85710905 0 0.854746296875 0.009932070312500001 0.8632644421875 0.015057942187500001 0.8692958703125001 0.011950282812500001 0.8745270312500001 0.0033082078124999996 0.8736028031249999 0 0.85710905 0
0 0.7724114531249999 0.12332489531249999 0.7655890750000001 0.1292678546875 0.769902103125 0.1415841078125 0.7791769640624999 0.1438746796875 0.7858020296875 0.13654812031250002 0.7827576078125 0.1241637765625 0.7724114531249999 0.12332489531249999
0 0.752311375 0.175109253125 0.75043795625 0.18914956249999998 0.7616191640625 0.19413925468749998 0.767699775 0.19103159375 0.7699765921874999 0.17975849375 0.7654810890625 0.175811953125 0.752311375 0.175109253125
0 0.74443229375 0.1387733078125 0.7399237296875001 0.127840659375 0.7266752203125 0.132672375 0.7357851609375 0.1461679609375 0.74443229375 0.1387733078125
0 0.7242364296875 0.14961607187499998 0.73960289375 0.1544695828125 0.74114615625 0.1460317796875 0.7317912765625 0.1422895109375 0.726004696875 0.142561871875 0.7242364296875 0.14961607187499998
0 0.7648142328125 0.17560768124999998 0.7762175171875 0.17084405625000001 0.7763067671874999 0.16247434375 0.7685859828125 0.155896778125 0.7575983875000001 0.163427609375 0.7648142328125 0.17560768124999998
0 0.763513434375 0.15036236249999999 0.7703310140624999 0.170912146875 0.7834842906249999 0.154875421875 0.7810129296875 0.1466418875 0.7701894874999999 0.1430358015625 0.763513434375 0.15036236249999999
0 0.8299900906250001 0.202391875 0.8252941109374999 0.18869202031250001 0.8109705406250001 0.1908246171875 0.8143457 0.2045925640625 0.8299900906250001 0.202391875
0 0.7569494140625 0.72855345625 0.7447426562499999 0.73200156875 0.744378415625 0.7473573906250001 0.7598887203125 0.7493075124999999 0.764816378125 0.7392818343750001 0.7625767421874999 0.73243190625 0.7569494140625 0.72855345625
0 0.69602105625 0.7238388312499999 0.7016902046875 0.7263336781249999 0.7113922453125 0.7202545390624999 0.7038823046875 0.7053072593749999 0.6922516453124999 0.7073036765625 0.69602105625 0.7238388312499999
0 0.6999601875 0.724043103125 0.6970373765625 0.7088234609375 0.6856103015625 0.712067303125 0.6880016921875 0.7245197359375 0.6999601875 0.724043103125
0 0.6621409375 0.7127264109375 0.6703990796875 0.7193039765625 0.6792927640624999 0.7119093265624999 0.6754180390625 0.696757775 0.6632210984375 0.7015214000000001 0.6621409375 0.7127264109375
0 0.639341440625 0.6944917015625001 0.633474390625 0.683627140625 0.6214633171874999 0.6870071624999999 0.6261630296875 0.699323415625 0.639341440625 0.6944917015625001
0 0.673498765625 0.726358178125 0.670862790625 0.7195082484374999 0.657056146875 0.71735385625 0.66381091875 0.7309856203125 0.673498765625 0.726358178125
0 0.6975397203125 0.8184005187500001 0.696919896875 0.8323727375000001 0.7110764203125 0.8330754375 0.7146079000000001 0.8287203546875 0.714267375 0.8175834343749999 0.70782424375 0.81232138125 0.6975397203125 0.8184005187500001
0 0.7101373093750001 0.8049267296875 0.7039073 0.8136368953125 0.713853046875 0.8228454875000001 0.720000934375 0.8225050359375 0.725192609375 0.8152465640625 0.7230068171874999 0.8083966359374999 0.7101373093750001 0.8049267296875
0 0.6948227109375 0.7997790625000001 0.6939437046875 0.785874934375 0.6794524484375 0.78510414375 0.6837432078125001 0.8002556953125 0.6948227109375 0.7997790625000001
0 0.763924040625 0.808734384375 0.7556090703125 0.8161290359375 0.754391353125 0.8259504421875 0.7592316671875 0.8312805859375001 0.7730997328125 0.8249971765625 0.7723576078125001 0.8110930484375001 0.763924040625 0.808734384375