3 0.11953125 0.84609375 0.0921875 0.1
4 0.8578125 0.3265625 0.0875 0.0765625
4 0.1375 0.32578125 0.0859375 0.115625
2 0.7796875 0.22890625 0.1 0.0609375
4 0.82109375 0.8453125 0.0734375 0.0609375
1 0.11875 0.565625 0.0265625 0.01875
1 0.44921875 0.4640625 0.025 0.01875
4 0.21171875 0.8328125 0.0734375 0.0625
1 0.7203125 0.45078125 0.025 0.01875
1 0.8140625 0.5953125 0.028125 0.021875
1 0.30546875 0.48203125 0.0265625 0.021875
1 0.890625 0.58671875 0.028125 0.0234375
1 0.25546875 0.57265625 0.0265625 0.01875
1 0.39609375 0.4890625 0.0265625 0.0203125
1 0.309375 0.41015625 0.0234375 0.0171875
1 0.465625 0.52734375 0.0265625 0.021875
4 0.671875 0.47265625 0.0953125 0.1328125
1 0.05546875 0.41640625 0.025 0.0171875
1 0.5703125 0.46953125 0.025 0.01875
1 0.4625 0.5671875 0.028125 0.0234375
1 0.2703125 0.4921875 0.0265625 0.021875
1 0.6109375 0.47421875 0.025 0.01875
2 0.25703125 0.2171875 0.109375 0.0515625
1 0.59921875 0.434375 0.025 0.015625
1 0.53984375 0.42890625 0.025 0.0171875
1 0.484375 0.38984375 0.0234375 0.015625
1 0.471875 0.37265625 0.0234375 0.0171875
1 0.146875 0.42265625 0.0234375 0.0171875
1 0.7984375 0.88203125 0.0234375 0.0171875
1 0.46171875 0.40703125 0.025 0.0171875
1 0.75546875 0.5484375 0.0265625 0.021875
1 0.58046875 0.56328125 0.028125 0.0234375
1 0.40859375 0.47890625 0.025 0.01875
0 0.8453125 0.1546875 0.025 0.015625
1 0.10390625 0.525 0.028125 0.021875
1 0.73203125 0.55703125 0.028125 0.0234375
1 0.36796875 0.42890625 0.025 0.01875
1 0.271875 0.54921875 0.028125 0.0203125
1 0.32265625 0.878125 0.025 0.021875
1 0.36015625 0.88125 0.0265625 0.0203125
1 0.2859375 0.5609375 0.028125 0.0234375
1 0.021875 0.42578125 0.025 0.0171875
1 0.96328125 0.409375 0.025 0.015625
1 0.5875 0.39609375 0.0234375 0.015625
1 0.94765625 0.38359375 0.0234375 0.0140625
1 0.378125 0.37890625 0.0234375 0.015625
1 0.31171875 0.8609375 0.021875 0.0140625
1 0.49453125 0.42265625 0.0234375 0.0171875
1 0.50390625 0.340625 0.021875 0.015625
1 0.940625 0.58046875 0.0265625 0.0203125
1 0.53359375 0.38046875 0.0234375 0.015625
1 0.86875 0.42734375 0.025 0.01875
1 0.6625 0.55625 0.0265625 0.021875
1 0.57578125 0.446875 0.0265625 0.0171875
1 0.48671875 0.4328125 0.025 0.015625
1 0.48515625 0.47734375 0.025 0.01875
1 0.8921875 0.39375 0.0234375 0.015625
1 0.71875 0.56875 0.0296875 0.021875
1 0.390625 0.88046875 0.025 0.01875
1 0.97890625 0.42265625 0.025 0.0171875
1 0.46796875 0.44375 0.025 0.0171875
1 0.2046875 0.87890625 0.025 0.0203125
1 0.0625 0.6296875 0.028125 0.0203125
1 0.6359375 0.40390625 0.0234375 0.0125
1 0.64609375 0.37734375 0.0234375 0.015625
1 0.4515625 0.41328125 0.025 0.01875
1 0.6171875 0.43828125 0.025 0.0171875
1 0.42109375 0.44921875 0.021875 0.015625
1 0.93046875 0.40390625 0.025 0.0171875
1 0.84296875 0.92109375 0.03125 0.028125
1 0.36796875 0.8640625 0.0234375 0.015625
1 0.57109375 0.38671875 0.025 0.0171875
1 0.66953125 0.35625 0.0234375 0.015625
1 0.846875 0.5828125 0.0265625 0.01875
1 0.70390625 0.40859375 0.025 0.015625
1 0.3546875 0.38359375 0.0234375 0.015625
1 0.18125 0.3609375 0.021875 0.0140625
1 0.20703125 0.4171875 0.021875 0.015625
1 0.45546875 0.4375 0.025 0.0171875
1 0.63359375 0.390625 0.0234375 0.015625
1 0.57421875 0.4265625 0.0265625 0.01875
1 0.61953125 0.34375 0.021875 0.015625
0 0.84765625 0.20859375 0.025 0.0171875
1 0.19140625 0.38671875 0.0234375 0.0171875
1 0.51328125 0.32109375 0.021875 0.0140625
1 0.83984375 0.89609375 0.0234375 0.015625
1 0.98984375 0.41796875 0.0203125 0.0171875
1 0.33671875 0.34453125 0.021875 0.0140625
1 0.8734375 0.91171875 0.0265625 0.0203125
1 0.80625 0.6359375 0.0296875 0.0234375
1 0.1703125 0.921875 0.03125 0.0296875
1 0.48515625 0.32890625 0.021875 0.0125
1 0.55390625 0.41171875 0.025 0.0171875
0 0.8109375 0.7875 0.0234375 0.015625
1 0.41875 0.88203125 0.0234375 0.01875
1 0.70546875 0.34453125 0.0234375 0.015625
1 0.5734375 0.64921875 0.021875 0.0109375
1 0.9921875 0.3921875 0.015625 0.015625
1 0.4515625 0.88828125 0.025 0.0203125
1 0.6765625 0.4046875 0.0234375 0.0171875
1 0.6390625 0.3125 0.021875 0.0140625
1 0.09765625 0.36796875 0.0234375 0.015625
1 0.228125 0.62109375 0.0296875 0.028125
1 0.1859375 0.33125 0.021875 0.0125
1 0.1171875 0.97734375 0.034375 0.0171875
1 0.5734375 0.621875 0.025 0.021875
1 0.07421875 0.38828125 0.025 0.015625
1 0.6609375 0.38984375 0.0234375 0.015625
1 0.3734375 0.36640625 0.021875 0.0140625
1 0.87109375 0.65390625 0.0296875 0.0234375
1 0.55234375 0.32890625 0.021875 0.0140625
1 0.178125 0.32109375 0.021875 0.0125
1 0.084375 0.37890625 0.0234375 0.015625
1 0.37109375 0.8828125 0.0265625 0.021875
1 0.85078125 0.60625 0.025 0.0140625
1 0.12734375 0.43125 0.025 0.0171875
1 0.571875 0.3625 0.0234375 0.015625
1 0.6078125 0.40859375 0.0234375 0.0125
1 0.65078125 0.5640625 0.028125 0.021875
1 0.58046875 0.375 0.0234375 0.0140625
1 0.59765625 0.45 0.025 0.015625
1 0.409375 0.88515625 0.025 0.0203125
1 0.584375 0.31875 0.021875 0.0171875
1 0.34609375 0.33515625 0.021875 0.0140625
1 0.634375 0.43984375 0.028125 0.01875
1 0.48828125 0.3015625 0.021875 0.0109375
1 0.696875 0.3375 0.0234375 0.015625
1 0.25 0.85546875 0.0203125 0.0125
1 0.55625 0.4421875 0.025 0.0171875
1 0.06015625 0.38828125 0.0234375 0.0140625
1 0.35625 0.37265625 0.0234375 0.0109375
1 0.66875 0.38828125 0.0234375 0.015625
1 0.6453125 0.3953125 0.021875 0.015625
1 0.18359375 0.884375 0.0234375 0.015625
0 0.84453125 0.16953125 0.0234375 0.0140625
1 0.46640625 0.89609375 0.025 0.0203125
1 0.6546875 0.303125 0.0234375 0.0125
1 0.78203125 0.8546875 0.021875 0.0125
3 0.03046875 0.371875 0.0609375 0.1125
1 0.13671875 0.93125 0.03125 0.0296875
1 0.89921875 0.95390625 0.0296875 0.0203125
1 0.76171875 0.84921875 0.021875 0.0109375
1 0.86953125 0.89296875 0.025 0.0140625
1 0.85703125 0.89140625 0.021875 0.0140625
1 0.11171875 0.9015625 0.0265625 0.0203125
1 0.9203125 0.3625 0.0234375 0.015625
1 0.12109375 0.63125 0.028125 0.01875
1 0.153125 0.4515625 0.025 0.01875
1 0.3546875 0.3359375 0.025 0.0140625
1 0.2484375 0.59921875 0.0265625 0.015625
1 0.9375 0.35703125 0.0234375 0.0140625
1 0.0296875 0.63203125 0.025 0.01875
1 0.77265625 0.84921875 0.021875 0.0109375
1 0.93125 0.9328125 0.028125 0.0234375
1 0.7203125 0.3359375 0.025 0.015625
1 0.60546875 0.3015625 0.021875 0.0140625
1 0.09921875 0.90625 0.0296875 0.025
1 0.1203125 0.94921875 0.0359375 0.03125
1 0.8578125 0.59609375 0.0265625 0.0203125
1 0.46171875 0.61015625 0.025 0.0125
1 0.71796875 0.3125 0.0234375 0.0140625
1 0.40625 0.63515625 0.028125 0.0265625
1 0.41171875 0.4234375 0.0234375 0.0140625
1 0.56328125 0.4515625 0.025 0.0171875
1 0.09375 0.63515625 0.0265625 0.0140625
1 0.55859375 0.32265625 0.021875 0.0125
1 0.86875 0.87265625 0.0234375 0.0140625
0 0.14921875 0.01953125 0.0265625 0.0203125
1 0.71171875 0.32734375 0.0234375 0.015625
1 0.1671875 0.63515625 0.0234375 0.015625
1 0.51796875 0.296875 0.025 0.0140625
1 0.24375 0.98125 0.028125 0.0203125
1 0.69453125 0.3984375 0.025 0.0171875
1 0.56015625 0.84375 0.0234375 0.0140625
1 0.59765625 0.30234375 0.021875 0.0125
1 0.93046875 0.34375 0.0265625 0.0140625
1 0.70703125 0.83515625 0.0265625 0.0203125
1 0.675 0.84296875 0.0203125 0.0109375
1 0.28515625 0.83515625 0.021875 0.0109375
1 0.6828125 0.3046875 0.0234375 0.0125
1 0.878125 0.8828125 0.0234375 0.015625
1 0.9015625 0.93671875 0.025 0.0171875
1 0.6390625 0.30078125 0.0234375 0.0125
1 0.85390625 0.29609375 0.0234375 0.0140625
1 0.3703125 0.98359375 0.0296875 0.01875
1 0.9390625 0.34375 0.0234375 0.0140625
1 0.91484375 0.921875 0.0265625 0.015625
1 0.0828125 0.36171875 0.021875 0.0140625
1 0.5484375 0.81171875 0.021875 0.0109375
1 0.91484375 0.33984375 0.0234375 0.0125
1 0.496875 0.2953125 0.0234375 0.0125