4 0.09296875 0.29765625 0.1171875 0.1109375
2 0.7828125 0.23359375 0.11875 0.0671875
4 0.521875 0.35 0.0984375 0.09375
1 0.05859375 0.5015625 0.0390625 0.01875
1 0.33984375 0.4125 0.0359375 0.015625
1 0.6984375 0.47890625 0.0375 0.015625
3 0.8375 0.33828125 0.0734375 0.071875
1 0.06953125 0.35234375 0.0359375 0.0125
1 0.81640625 0.44375 0.0359375 0.0140625
1 0.878125 0.434375 0.0359375 0.0140625
1 0.9453125 0.51484375 0.0375 0.015625
2 0.26953125 0.19296875 0.11875 0.059375
1 0.29453125 0.4890625 0.0375 0.0171875
1 0.16796875 0.3953125 0.0359375 0.0140625
1 0.6296875 0.50234375 0.0375 0.015625
1 0.97109375 0.52265625 0.0390625 0.0171875
1 0.80390625 0.5953125 0.0390625 0.0203125
1 0.79921875 0.61953125 0.0390625 0.0203125
1 0.36796875 0.34765625 0.0359375 0.0125
1 0.1703125 0.33515625 0.0359375 0.015625
1 0.10546875 0.5359375 0.040625 0.0203125
3 0.77421875 0.87265625 0.0890625 0.0640625
1 0.09921875 0.38046875 0.0359375 0.015625
1 0.93515625 0.49921875 0.0375 0.015625
4 0.1921875 0.553125 0.159375 0.15625
1 0.95078125 0.45546875 0.0375 0.015625
1 0.73046875 0.6203125 0.0390625 0.021875
1 0.8953125 0.55 0.0375 0.01875
1 0.68671875 0.38359375 0.034375 0.0125
1 0.66328125 0.53515625 0.0375 0.01875
1 0.8984375 0.4109375 0.034375 0.0125
1 0.2796875 0.47421875 0.0375 0.015625
1 0.93359375 0.45859375 0.0375 0.0140625
1 0.73515625 0.5515625 0.0375 0.0140625
1 0.309375 0.42890625 0.0375 0.0140625
1 0.08125 0.5328125 0.0390625 0.0203125
4 0.171875 0.84609375 0.0921875 0.0765625
1 0.74296875 0.57109375 0.0375 0.0171875
1 0.3171875 0.3796875 0.0359375 0.0140625
1 0.29296875 0.43671875 0.0359375 0.0140625
1 0.59140625 0.4046875 0.0359375 0.015625
1 0.9859375 0.49453125 0.028125 0.0171875
1 0.8796875 0.48125 0.0359375 0.0140625
1 0.61875 0.37578125 0.034375 0.0109375
1 0.8421875 0.44140625 0.0359375 0.0140625
1 0.58125 0.90546875 0.0359375 0.0125
1 0.83828125 0.953125 0.040625 0.0203125
1 0.86015625 0.94609375 0.0390625 0.0203125
1 0.87265625 0.39921875 0.0359375 0.0125
1 0.38125 0.3796875 0.0359375 0.0140625
1 0.84296875 0.51875 0.0359375 0.0125
1 0.346875 0.34140625 0.0359375 0.0109375
0 0.240625 0.1515625 0.034375 0.0109375
1 0.2328125 0.890625 0.0375 0.0171875
1 0.60703125 0.9109375 0.0375 0.0109375
1 0.6609375 0.38359375 0.0359375 0.0140625
1 0.9890625 0.5203125 0.021875 0.015625
1 0.71328125 0.95546875 0.0421875 0.025
1 0.16015625 0.93984375 0.046875 0.03125
1 0.38203125 0.41484375 0.0375 0.0140625
1 0.91796875 0.471875 0.0390625 0.0171875
1 0.0421875 0.3765625 0.0359375 0.0140625
1 0.684375 0.33828125 0.034375 0.0125
1 0.66015625 0.4328125 0.0359375 0.0140625
1 0.7171875 0.89921875 0.0359375 0.0125
1 0.68203125 0.42109375 0.0359375 0.0140625
1 0.671875 0.2890625 0.0328125 0.0109375
1 0.48671875 0.28671875 0.0359375 0.0109375
1 0.6625 0.31796875 0.034375 0.0109375
1 0.6015625 0.37265625 0.0359375 0.0125
1 0.1390625 0.309375 0.034375 0.0125
1 0.8234375 0.97578125 0.04375 0.0265625
1 0.396875 0.3484375 0.0359375 0.0125
1 0.4328125 0.39375 0.0359375 0.015625
1 0.8578125 0.396875 0.0359375 0.0125
1 0.6109375 0.3875 0.034375 0.0109375
1 0.3328125 0.3765625 0.0359375 0.0140625
1 0.62578125 0.28046875 0.034375 0.0109375
1 0.8046875 0.93046875 0.0375 0.015625
1 0.15078125 0.91640625 0.0421875 0.0234375
1 0.8765625 0.49453125 0.0375 0.0125
1 0.79609375 0.95390625 0.040625 0.0234375
1 0.671875 0.43359375 0.0359375 0.0140625
1 0.35078125 0.365625 0.0359375 0.0125
1 0.79296875 0.91328125 0.0359375 0.0140625
1 0.73125 0.91328125 0.0375 0.015625
1 0.321875 0.45703125 0.0359375 0.0140625
1 0.371875 0.4109375 0.0359375 0.0140625
1 0.4453125 0.315625 0.034375 0.0109375
0 0.2625 0.7375 0.0390625 0.0203125
1 0.1515625 0.8921875 0.0390625 0.0171875
1 0.3203125 0.44140625 0.0359375 0.0125
1 0.92265625 0.3234375 0.034375 0.0109375
1 0.35078125 0.31640625 0.0359375 0.0125
1 0.9484375 0.4265625 0.0359375 0.0125
1 0.34609375 0.8546875 0.0359375 0.0125
1 0.6484375 0.30625 0.0359375 0.0109375
1 0.29375 0.415625 0.0359375 0.009375
1 0.1703125 0.290625 0.034375 0.0109375
1 0.01796875 0.34140625 0.0359375 0.0140625
1 0.3109375 0.31875 0.0359375 0.0125
1 0.25625 0.85703125 0.034375 0.009375
1 0.884375 0.5078125 0.0375 0.0171875
1 0.5546875 0.2625 0.0328125 0.0109375
1 0.76015625 0.98359375 0.0421875 0.0296875
1 0.11953125 0.9171875 0.04375 0.025
1 0.8375 0.4 0.034375 0.0125
1 0.03046875 0.36640625 0.0359375 0.0140625
1 0.453125 0.31953125 0.034375 0.0109375
1 0.39453125 0.265625 0.034375 0.0109375
1 0.20234375 0.27890625 0.0359375 0.0140625
1 0.76171875 0.90625 0.034375 0.0125
1 0.196875 0.26015625 0.034375 0.009375
1 0.82265625 0.39765625 0.0359375 0.0125
1 0.93828125 0.35859375 0.0359375 0.0125
1 0.31484375 0.365625 0.0359375 0.0125
1 0.33046875 0.3265625 0.034375 0.0109375
3 0.10625 0.82890625 0.078125 0.078125
1 0.72421875 0.5203125 0.0375 0.015625
1 0.1640625 0.2515625 0.034375 0.0109375
1 0.33046875 0.46484375 0.0359375 0.0125
1 0.734375 0.51015625 0.0359375 0.0109375
1 0.5453125 0.4015625 0.0375 0.0125
1 0.35234375 0.28828125 0.0359375 0.0109375
1 0.77578125 0.92890625 0.0375 0.0171875
1 0.73359375 0.9 0.034375 0.009375
1 0.07578125 0.91015625 0.0421875 0.0234375
1 0.9515625 0.359375 0.0328125 0.009375
1 0.8171875 0.66796875 0.0375 0.0109375
1 0.153125 0.2390625 0.034375 0.0109375
1 0.9921875 0.465625 0.015625 0.009375
1 0.2296875 0.9453125 0.040625 0.03125
1 0.53515625 0.26015625 0.034375 0.0109375
0 0.54921875 0.778125 0.0375 0.0203125
1 0.9671875 0.41640625 0.0359375 0.0140625
1 0.328125 0.340625 0.034375 0.009375
1 0.16640625 0.21328125 0.034375 0.0109375
1 0.828125 0.92265625 0.0421875 0.0203125
1 0.35390625 0.24375 0.03125 0.009375
1 0.05390625 0.6 0.0390625 0.0171875
1 0.328125 0.359375 0.0375 0.0125
0 0.246875 0.18984375 0.0359375 0.0078125
1 0.734375 0.53046875 0.0375 0.0125
1 0.1734375 0.275 0.0328125 0.0078125
1 0.57578125 0.8765625 0.0359375 0.009375
1 0.09765625 0.91953125 0.04375 0.0234375
1 0.93828125 0.4234375 0.034375 0.0109375
1 0.8703125 0.9203125 0.0375 0.015625
1 0.14921875 0.8734375 0.0359375 0.0109375
1 0.31875 0.85390625 0.03125 0.0078125
1 0.7765625 0.99296875 0.046875 0.0109375
1 0.13203125 0.2328125 0.034375 0.0109375
1 0.4234375 0.86015625 0.0359375 0.009375
1 0.6046875 0.2671875 0.034375 0.009375
0 0.25546875 0.79296875 0.0359375 0.0109375
0 0.2390625 0.815625 0.034375 0.0125
1 0.07109375 0.8796875 0.0375 0.0140625
1 0.03046875 0.9359375 0.0421875 0.021875
1 0.63984375 0.29140625 0.0359375 0.0109375
1 0.634375 0.9109375 0.0375 0.0125
1 0.38828125 0.24375 0.0359375 0.0109375
1 0.95625 0.4046875 0.0359375 0.0125
1 0.04453125 0.90390625 0.0421875 0.021875
1 0.12578125 0.8828125 0.0390625 0.01875
1 0.8671875 0.31015625 0.034375 0.0109375
1 0.3109375 0.28203125 0.0359375 0.0140625
1 0.2359375 0.85234375 0.034375 0.009375
1 0.8015625 0.89921875 0.0328125 0.009375
1 0.8875 0.93828125 0.0375 0.0140625
1 0.6671875 0.91484375 0.0359375 0.0109375
0 0.21171875 0.71875 0.0328125 0.0109375
0 0.22734375 0.77265625 0.0359375 0.0140625
1 0.34296875 0.359375 0.0375 0.0109375
1 0.85859375 0.3015625 0.034375 0.0125
1 0.534375 0.87734375 0.034375 0.0078125
1 0.20546875 0.35 0.034375 0.009375
1 0.775 0.9078125 0.0375 0.0125
1 0.88125 0.31796875 0.034375 0.0109375
1 0.21484375 0.84765625 0.03125 0.00625
1 0.2015625 0.253125 0.034375 0.0078125
1 0.84375 0.29453125 0.0328125 0.009375
1 0.08203125 0.61171875 0.040625 0.021875
1 0.6453125 0.99375 0.0375 0.009375
1 0.14375 0.96484375 0.05 0.021875
1 0.68515625 0.90703125 0.0375 0.0140625
1 0.9328125 0.4125 0.0375 0.0140625
1 0.54609375 0.859375 0.0328125 0.0078125
1 0.98203125 0.40546875 0.0359375 0.0109375
1 0.71328125 0.3859375 0.034375 0.0109375
1 0.64296875 0.2734375 0.0328125 0.009375
0 0.20859375 0.8046875 0.0359375 0.0109375
1 0.03828125 0.61875 0.0375 0.009375
1 0.65390625 0.90078125 0.0359375 0.0140625
0 0.2859375 0.6953125 0.0359375 0.0125
1 0.0375 0.32734375 0.0359375 0.009375
4 0.5421875 0.840625 0.0703125 0.040625
1 0.0484375 0.965625 0.034375 0.0046875
1 0.8890625 0.9203125 0.0359375 0.0125
1 0.81875 0.65078125 0.034375 0.00625
1 0.20703125 0.82421875 0.0328125 0.0078125
1 0.73125 0.890625 0.0328125 0.0078125
1 0.86484375 0.96953125 0.0375 0.0125
1 0.08671875 0.86171875 0.0390625 0.0203125
1 0.43359375 0.8640625 0.034375 0.009375
1 0.8953125 0.90703125 0.034375 0.009375
1 0.86171875 0.89375 0.0359375 0.0109375
1 0.68046875 0.9171875 0.0375 0.009375
1 0.55859375 0.87265625 0.0359375 0.009375
1 0.37578125 0.83359375 0.0375 0.0203125
1 0.52734375 0.8796875 0.0296875 0.0078125