2 0.75234375 0.20625 0.1171875 0.0578125
3 0.14453125 0.29140625 0.090625 0.0703125
1 0.17109375 0.45078125 0.0375 0.0109375
1 0.4421875 0.49453125 0.0390625 0.0125
4 0.0703125 0.44140625 0.134375 0.103125
1 0.0125 0.46171875 0.025 0.0109375
4 0.69296875 0.86484375 0.1078125 0.084375
1 0.30703125 0.5078125 0.0390625 0.0140625
1 0.153125 0.4515625 0.0375 0.0109375
1 0.28828125 0.47109375 0.0375 0.0109375
1 0.18671875 0.41328125 0.0375 0.009375
1 0.42421875 0.3546875 0.0359375 0.0078125
1 0.2875 0.5265625 0.0390625 0.0140625
1 0.5171875 0.4078125 0.0375 0.0109375
1 0.96953125 0.43046875 0.0390625 0.0109375
1 0.22578125 0.94765625 0.04375 0.0203125
1 0.85859375 0.58046875 0.0390625 0.0140625
1 0.6671875 0.35078125 0.0359375 0.009375
1 0.8484375 0.321875 0.0359375 0.0078125
1 0.94453125 0.42890625 0.0375 0.009375
1 0.47890625 0.3796875 0.0359375 0.0078125
1 0.93671875 0.49609375 0.0390625 0.0140625
1 0.3484375 0.3484375 0.034375 0.0078125
0 0.21171875 0.17265625 0.0390625 0.0140625
1 0.9875 0.50859375 0.025 0.0140625
1 0.29921875 0.52734375 0.0390625 0.0140625
1 0.32578125 0.346875 0.034375 0.00625
0 0.22265625 0.19296875 0.0375 0.0109375
1 0.3421875 0.36484375 0.0359375 0.0078125
1 0.66640625 0.33515625 0.0359375 0.00625
1 0.371875 0.3484375 0.0359375 0.0078125
1 0.878125 0.34453125 0.0359375 0.00625
1 0.6515625 0.26796875 0.0359375 0.00625
1 0.64921875 0.28515625 0.034375 0.00625
1 0.69140625 0.38984375 0.0359375 0.009375
4 0.86484375 0.43515625 0.1328125 0.1015625
0 0.20546875 0.21640625 0.0375 0.0109375
1 0.6390625 0.31640625 0.0359375 0.00625
1 0.29609375 0.4234375 0.0375 0.009375
1 0.1578125 0.64609375 0.040625 0.0140625
4 0.2328125 0.859375 0.0765625 0.0421875
1 0.1671875 0.96171875 0.0453125 0.0234375
0 0.1796875 0.12578125 0.0375 0.0125
1 0.83984375 0.91328125 0.040625 0.015625
1 0.62421875 0.2875 0.0359375 0.0078125
1 0.55078125 0.37109375 0.0359375 0.009375
1 0.37734375 0.27421875 0.034375 0.00625
1 0.9234375 0.38671875 0.0375 0.009375
1 0.5625 0.38203125 0.0359375 0.009375
1 0.0453125 0.64453125 0.040625 0.009375
1 0.296875 0.3984375 0.0375 0.0078125
1 0.91015625 0.36640625 0.0375 0.0078125
1 0.5984375 0.2640625 0.034375 0.0046875
1 0.9421875 0.39375 0.0375 0.0078125
0 0.15 0.1171875 0.0390625 0.0140625
3 0.8234375 0.38671875 0.096875 0.090625
1 0.30234375 0.31171875 0.0359375 0.0078125
1 0.103125 0.29375 0.0359375 0.0046875
1 0.678125 0.34765625 0.0359375 0.0078125
1 0.18984375 0.92890625 0.0390625 0.0125
1 0.83046875 0.88515625 0.0359375 0.009375
1 0.859375 0.89296875 0.0375 0.0109375
0 0.25078125 0.22890625 0.0359375 0.009375
1 0.56953125 0.35546875 0.0359375 0.009375
1 0.36171875 0.35859375 0.0359375 0.00625
1 0.83515625 0.2671875 0.034375 0.0046875
1 0.98359375 0.40859375 0.0328125 0.0109375
1 0.396875 0.2703125 0.034375 0.00625
1 0.31171875 0.36015625 0.034375 0.00625
1 0.79921875 0.88125 0.0375 0.009375
1 0.87421875 0.28984375 0.034375 0.0046875
1 0.93046875 0.3578125 0.0390625 0.0109375
1 0.9640625 0.40546875 0.0375 0.009375
1 0.3375 0.315625 0.0359375 0.00625
1 0.06953125 0.98828125 0.046875 0.015625
1 0.18046875 0.30625 0.0359375 0.00625
1 0.8953125 0.30703125 0.0359375 0.00625
1 0.934375 0.42109375 0.0375 0.0078125
0 0.15625 0.04375 0.0375 0.009375
1 0.1609375 0.31015625 0.034375 0.0046875
0 0.21953125 0.71953125 0.0359375 0.009375
1 0.63828125 0.2984375 0.034375 0.00625
1 0.771875 0.87734375 0.0375 0.0109375
1 0.3125 0.34453125 0.034375 0.00625
1 0.31484375 0.39296875 0.0375 0.0078125
1 0.40546875 0.90859375 0.0359375 0.0046875
1 0.91015625 0.328125 0.0359375 0.00625
1 0.97265625 0.4125 0.0390625 0.009375
1 0.89375 0.90234375 0.040625 0.0125
0 0.14296875 0.15859375 0.0359375 0.0078125
1 0.43125 0.334375 0.0359375 0.0078125
3 0.128125 0.8890625 0.1171875 0.0859375
1 0.228125 0.88359375 0.0359375 0.00625
1 0.7921875 0.946875 0.04375 0.0203125
0 0.28125 0.2609375 0.0359375 0.0078125
1 0.871875 0.9046875 0.040625 0.0140625
1 0.54765625 0.26796875 0.034375 0.0046875
1 0.346875 0.2984375 0.034375 0.00625
1 0.81171875 0.91015625 0.0390625 0.0140625
1 0.484375 0.26171875 0.034375 0.00625
1 0.09609375 0.309375 0.034375 0.0046875
1 0.55703125 0.2671875 0.034375 0.0046875
1 0.4578125 0.25859375 0.034375 0.0046875
0 0.259375 0.2109375 0.0359375 0.0078125
1 0.81640625 0.265625 0.0375 0.0046875
1 0.77734375 0.98515625 0.0390625 0.003125
0 0.18984375 0.0328125 0.0375 0.0109375
0 0.71015625 0.73125 0.040625 0.01875
1 0.078125 0.9515625 0.04375 0.021875
1 0.34765625 0.26640625 0.0375 0.00625
1 0.5078125 0.26640625 0.034375 0.00625
0 0.2046875 0.7796875 0.0375 0.0125
0 0.17109375 0.01796875 0.0375 0.00625
0 0.1390625 0.20078125 0.0359375 0.00625
0 0.1609375 0.03125 0.0375 0.009375
1 0.86875 0.375 0.034375 0.00625
1 0.075 0.31796875 0.0359375 0.0046875
1 0.5375 0.25625 0.034375 0.003125
1 0.87890625 0.33359375 0.034375 0.0046875
1 0.50078125 0.26484375 0.034375 0.00625
0 0.17578125 0.034375 0.0375 0.0109375
1 0.04609375 0.38359375 0.0390625 0.0125
1 0.20546875 0.884375 0.0359375 0.00625
0 0.24140625 0.20078125 0.0375 0.00625
1 0.0921875 0.29140625 0.0359375 0.0046875
1 0.6171875 0.259375 0.034375 0.003125
1 0.81875 0.85625 0.040625 0.015625
1 0.94296875 0.359375 0.0375 0.0078125
0 0.13203125 0.1453125 0.0375 0.009375
0 0.1375 0.06328125 0.0359375 0.0078125
0 0.9859375 0.27734375 0.028125 0.0109375
1 0.92734375 0.32265625 0.0375 0.00625
1 0.4609375 0.87734375 0.034375 0.0046875
1 0.625 0.27265625 0.034375 0.003125
1 0.8953125 0.28515625 0.0359375 0.0046875
1 0.07578125 0.3046875 0.0375 0.0078125
1 0.43828125 0.26015625 0.034375 0.0046875
1 0.884375 0.284375 0.0359375 0.00625
1 0.91015625 0.3015625 0.0359375 0.00625
1 0.30390625 0.38359375 0.034375 0.0046875
1 0.03984375 0.3453125 0.0359375 0.00625
1 0.42109375 0.3359375 0.0390625 0.0078125
1 0.934375 0.6328125 0.040625 0.0046875
1 0.853125 0.8734375 0.034375 0.0078125
0 0.4265625 0.71015625 0.034375 0.00625
3 0.02578125 0.390625 0.0515625 0.078125
1 0.90625 0.92578125 0.04375 0.015625
1 0.06796875 0.33125 0.0390625 0.00625
1 0.98671875 0.3796875 0.0265625 0.009375
1 0.2703125 0.88046875 0.034375 0.003125
1 0.7078125 0.3875 0.0359375 0.00625
2 0.23671875 0.2234375 0.11875 0.04375
0 0.1515625 0.01875 0.0359375 0.00625
1 0.28203125 0.8796875 0.034375 0.003125
1 0.24765625 0.88359375 0.0375 0.0046875
1 0.9421875 0.3390625 0.0390625 0.00625
1 0.98359375 0.35546875 0.0328125 0.0078125
0 0.38984375 0.7140625 0.034375 0.0078125
0 0.13671875 0.07890625 0.0375 0.0078125
1 0.884375 0.96953125 0.046875 0.025
1 0.86484375 0.2609375 0.0375 0.00625
1 0.3390625 0.3 0.0359375 0.0046875
1 0.98125 0.3828125 0.0375 0.0125
1 0.91015625 0.903125 0.0390625 0.0109375
0 0.18359375 0.82890625 0.0359375 0.0078125
1 0.6171875 0.84921875 0.0328125 0.0015625
1 0.3703125 0.26484375 0.034375 0.0046875