4 0.45390625 0.303125 0.1 0.0796875
2 0.7890625 0.2390625 0.121875 0.065625
4 0.20390625 0.809375 0.0859375 0.0546875
3 0.68046875 0.87109375 0.134375 0.1078125
1 0.765625 0.57578125 0.0421875 0.0234375
3 0.9109375 0.44921875 0.1375 0.103125
2 0.26875 0.209375 0.121875 0.0546875
1 0.165625 0.40625 0.0390625 0.015625
1 0.58125 0.36171875 0.0375 0.015625
1 0.821875 0.59609375 0.0421875 0.0234375
1 0.76953125 0.4859375 0.040625 0.01875
3 0.49609375 0.5765625 0.1390625 0.140625
1 0.26875 0.4921875 0.040625 0.0203125
1 0.67265625 0.515625 0.0421875 0.0234375
4 0.9765625 0.434375 0.046875 0.128125
1 0.275 0.521875 0.040625 0.0203125
1 0.734375 0.4671875 0.040625 0.01875
1 0.55703125 0.47421875 0.040625 0.0203125
1 0.48984375 0.4625 0.0390625 0.01875
1 0.29140625 0.46953125 0.040625 0.01875
1 0.90703125 0.384375 0.0390625 0.015625
1 0.34375 0.38203125 0.0390625 0.015625
1 0.3109375 0.4234375 0.0390625 0.0171875
1 0.85546875 0.3828125 0.0375 0.015625
4 0.809375 0.89296875 0.1203125 0.1296875
1 0.646875 0.41484375 0.0390625 0.0171875
1 0.48203125 0.3546875 0.0390625 0.015625
1 0.384375 0.5265625 0.0390625 0.021875
1 0.61953125 0.3765625 0.0390625 0.0140625
1 0.303125 0.440625 0.040625 0.0171875
1 0.628125 0.38828125 0.0375 0.0140625
1 0.09765625 0.42109375 0.0390625 0.01875
1 0.40078125 0.42421875 0.0390625 0.015625
1 0.87734375 0.40078125 0.0390625 0.0171875
1 0.30625 0.40703125 0.0390625 0.015625
1 0.12109375 0.3984375 0.0390625 0.0171875
1 0.6828125 0.440625 0.0390625 0.0171875
1 0.10859375 0.3546875 0.0375 0.015625
1 0.2609375 0.840625 0.0375 0.0140625
1 0.64609375 0.33984375 0.0390625 0.0140625
1 0.1890625 0.321875 0.0375 0.0140625
1 0.35625 0.36484375 0.0390625 0.015625
1 0.896875 0.91875 0.040625 0.0203125
1 0.94453125 0.49296875 0.0390625 0.0140625
1 0.0671875 0.3703125 0.0390625 0.015625
1 0.17734375 0.88515625 0.0453125 0.0265625
1 0.3125 0.46328125 0.040625 0.01875
1 0.2796875 0.4671875 0.040625 0.01875
1 0.27421875 0.86015625 0.0390625 0.0171875
1 0.865625 0.359375 0.0375 0.0140625
1 0.23828125 0.871875 0.040625 0.0203125
1 0.6265625 0.35859375 0.0375 0.0140625
1 0.37265625 0.32578125 0.0375 0.0125
1 0.45703125 0.64140625 0.040625 0.015625
1 0.3375 0.49921875 0.040625 0.021875
1 0.1921875 0.94375 0.05 0.0375
1 0.79453125 0.63828125 0.04375 0.0203125
1 0.11171875 0.4015625 0.0390625 0.0171875
1 0.36640625 0.3140625 0.0375 0.0140625
1 0.08125 0.90625 0.0484375 0.0328125
1 0.19453125 0.8625 0.0390625 0.01875
1 0.84765625 0.34140625 0.0390625 0.0140625
1 0.07421875 0.87734375 0.04375 0.021875
1 0.1671875 0.32421875 0.0375 0.0140625
1 0.60390625 0.3671875 0.0375 0.015625
1 0.67265625 0.3875 0.0390625 0.015625
1 0.16015625 0.37578125 0.0390625 0.015625
1 0.91484375 0.38203125 0.0375 0.0140625
1 0.14375 0.9515625 0.053125 0.040625
1 0.2125 0.8625 0.0421875 0.0203125
1 0.64140625 0.31875 0.0359375 0.0140625
1 0.06328125 0.40703125 0.0375 0.0171875
1 0.10859375 0.846875 0.0375 0.0171875
1 0.2828125 0.4390625 0.0375 0.0140625
1 0.91328125 0.36484375 0.0375 0.0140625
1 0.8546875 0.3671875 0.0375 0.0140625
1 0.15625 0.85703125 0.040625 0.01875
1 0.6734375 0.90703125 0.040625 0.0171875
1 0.7140625 0.4375 0.040625 0.0203125
1 0.0890625 0.39765625 0.040625 0.0171875
1 0.11484375 0.3375 0.0375 0.0140625
1 0.1859375 0.30625 0.0390625 0.0140625
1 0.0890625 0.3796875 0.0390625 0.0125
1 0.67890625 0.4296875 0.0390625 0.0140625
1 0.76484375 0.884375 0.0375 0.01875
1 0.88515625 0.328125 0.0375 0.0125
1 0.1359375 0.85 0.040625 0.0171875
1 0.85390625 0.32421875 0.0359375 0.0125
1 0.4921875 0.8953125 0.04375 0.0234375
1 0.903125 0.35390625 0.0359375 0.0125
1 0.38671875 0.31328125 0.0375 0.0125
1 0.078125 0.39453125 0.040625 0.0203125
1 0.4796875 0.646875 0.0421875 0.0125
1 0.078125 0.37109375 0.0390625 0.015625
1 0.20078125 0.29453125 0.0390625 0.0140625
1 0.01796875 0.43125 0.0359375 0.015625
1 0.10703125 0.82734375 0.0375 0.0125
1 0.3390625 0.32265625 0.0375 0.0125
1 0.61640625 0.3328125 0.0375 0.0140625
1 0.184375 0.86171875 0.040625 0.0171875
1 0.95 0.371875 0.0390625 0.015625
1 0.35078125 0.3359375 0.0375 0.015625
1 0.096875 0.84453125 0.0390625 0.015625
1 0.765625 0.46875 0.0390625 0.01875
1 0.68515625 0.359375 0.0390625 0.0140625
1 0.40703125 0.3109375 0.0359375 0.0125
1 0.56953125 0.30234375 0.0359375 0.0125
1 0.32734375 0.3421875 0.0375 0.0140625
1 0.16796875 0.30703125 0.0375 0.0125
1 0.63359375 0.3046875 0.0375 0.0125
1 0.521875 0.85078125 0.0375 0.0125
1 0.340625 0.365625 0.0375 0.0140625
1 0.6859375 0.9109375 0.04375 0.01875
1 0.06484375 0.35703125 0.0390625 0.0125
1 0.8046875 0.653125 0.0421875 0.0203125
1 0.2359375 0.82421875 0.0359375 0.0125
1 0.5046875 0.2953125 0.0375 0.0125
4 0.9421875 0.9171875 0.096875 0.165625
1 0.1015625 0.39921875 0.0390625 0.0171875
1 0.19140625 0.29375 0.0359375 0.0140625
1 0.9328125 0.4921875 0.0375 0.0125
1 0.14453125 0.82734375 0.0359375 0.0109375
1 0.3734375 0.6171875 0.040625 0.015625
4 0.53984375 0.8109375 0.0671875 0.0390625
1 0.12109375 0.30859375 0.0390625 0.0140625
1 0.2203125 0.84765625 0.0359375 0.0109375
1 0.1640625 0.82578125 0.0390625 0.0125
1 0.39609375 0.3015625 0.0375 0.0140625
1 0.3421875 0.3390625 0.0390625 0.015625
1 0.071875 0.8421875 0.0375 0.0171875
1 0.08671875 0.36875 0.0375 0.0140625
1 0.77734375 0.98515625 0.0515625 0.0296875
1 0.29296875 0.45234375 0.040625 0.0125
1 0.28046875 0.45 0.0390625 0.0125
1 0.665625 0.659375 0.0375 0.0109375
1 0.9390625 0.3578125 0.0390625 0.0140625
1 0.2921875 0.440625 0.0390625 0.015625
1 0.86484375 0.5828125 0.0359375 0.009375
1 0.87109375 0.971875 0.04375 0.0203125
1 0.21640625 0.96328125 0.053125 0.034375
1 0.1359375 0.3046875 0.0390625 0.0140625
1 0.94375 0.678125 0.040625 0.0140625
1 0.39921875 0.84375 0.0359375 0.009375
1 0.08203125 0.34609375 0.0390625 0.0140625
1 0.1671875 0.8609375 0.040625 0.0203125
1 0.89921875 0.3296875 0.040625 0.0140625
1 0.428125 0.8390625 0.0359375 0.0109375
1 0.53671875 0.84765625 0.0390625 0.0125
1 0.1828125 0.28359375 0.0375 0.0125
1 0.928125 0.3484375 0.0390625 0.0125
1 0.3484375 0.3515625 0.0375 0.0125
1 0.75859375 0.86484375 0.0375 0.0125