2 0.78359375 0.23359375 0.1078125 0.065625
3 0.17265625 0.8125 0.0734375 0.05
3 0.90546875 0.36484375 0.0953125 0.0828125
4 0.453125 0.5171875 0.10625 0.1296875
1 0.98125 0.578125 0.034375 0.0234375
1 0.6671875 0.390625 0.0265625 0.015625
1 0.70859375 0.5171875 0.0296875 0.0203125
1 0.0984375 0.4078125 0.028125 0.0171875
1 0.63828125 0.409375 0.028125 0.015625
1 0.65 0.46953125 0.0296875 0.0203125
1 0.02578125 0.421875 0.0296875 0.01875
1 0.06953125 0.40859375 0.028125 0.0171875
1 0.40859375 0.8875 0.0296875 0.021875
1 0.50078125 0.57734375 0.03125 0.0234375
1 0.596875 0.428125 0.028125 0.0171875
1 0.80859375 0.94296875 0.0359375 0.028125
1 0.37734375 0.37265625 0.0265625 0.015625
1 0.5546875 0.38671875 0.0265625 0.0171875
1 0.79140625 0.8859375 0.028125 0.015625
1 0.08203125 0.421875 0.028125 0.0171875
1 0.4140625 0.42890625 0.028125 0.01875
4 0.2859375 0.484375 0.08125 0.11875
1 0.325 0.3890625 0.028125 0.0171875
1 0.21484375 0.87578125 0.0296875 0.0203125
1 0.17265625 0.86953125 0.0296875 0.0203125
0 0.228125 0.15703125 0.028125 0.015625
0 0.22734375 0.21171875 0.0265625 0.0140625
1 0.18984375 0.40078125 0.028125 0.015625
1 0.34453125 0.3328125 0.0265625 0.0140625
1 0.553125 0.5609375 0.0296875 0.01875
1 0.540625 0.38125 0.028125 0.015625
1 0.14609375 0.87734375 0.03125 0.021875
1 0.53515625 0.56640625 0.03125 0.01875
1 0.6046875 0.3703125 0.028125 0.015625
0 0.24765625 0.134375 0.0296875 0.0171875
1 0.7890625 0.47109375 0.0296875 0.0203125
1 0.21015625 0.40234375 0.025 0.015625
3 0.81015625 0.85859375 0.0859375 0.065625
1 0.2015625 0.86875 0.0296875 0.01875
1 0.21015625 0.628125 0.0328125 0.01875
1 0.4546875 0.33203125 0.025 0.015625
1 0.18515625 0.3671875 0.025 0.015625
1 0.73203125 0.58046875 0.03125 0.0234375
1 0.89921875 0.4015625 0.0265625 0.0140625
1 0.0984375 0.36015625 0.0265625 0.0140625
1 0.47421875 0.58671875 0.03125 0.01875
1 0.13125 0.33046875 0.0265625 0.0140625
1 0.40390625 0.58515625 0.0296875 0.0140625
1 0.31484375 0.85703125 0.0296875 0.0171875
1 0.38359375 0.31875 0.025 0.0140625
1 0.2609375 0.6 0.03125 0.021875
0 0.22890625 0.18125 0.028125 0.015625
1 0.50859375 0.89609375 0.03125 0.021875
1 0.53203125 0.5859375 0.03125 0.0203125
1 0.184375 0.2890625 0.0265625 0.0125
1 0.2640625 0.571875 0.0296875 0.015625
1 0.52109375 0.8421875 0.0234375 0.0125
1 0.51953125 0.36953125 0.028125 0.015625
1 0.64609375 0.8671875 0.028125 0.0171875
1 0.678125 0.4421875 0.028125 0.0171875
1 0.225 0.8453125 0.025 0.015625
1 0.9859375 0.5328125 0.028125 0.021875
1 0.6328125 0.91484375 0.0265625 0.009375
1 0.52109375 0.3453125 0.0265625 0.0140625
1 0.26484375 0.8578125 0.0265625 0.015625
0 0.25234375 0.20859375 0.028125 0.0171875
1 0.134375 0.95859375 0.0421875 0.0421875
1 0.38359375 0.6390625 0.0265625 0.0140625
1 0.53046875 0.9078125 0.0265625 0.009375
1 0.61796875 0.309375 0.025 0.0125
1 0.36875 0.3296875 0.0265625 0.0140625
1 0.7140625 0.4453125 0.0296875 0.021875
1 0.2828125 0.859375 0.028125 0.0140625
1 0.64765625 0.35 0.028125 0.015625
1 0.67421875 0.34453125 0.028125 0.0171875
1 0.07890625 0.32734375 0.0265625 0.0140625
1 0.58203125 0.36875 0.0265625 0.015625
1 0.2109375 0.82734375 0.0234375 0.0109375
1 0.81015625 0.89453125 0.028125 0.0171875
1 0.18203125 0.38828125 0.0265625 0.0140625
1 0.17109375 0.303125 0.025 0.0140625
1 0.540625 0.84609375 0.0265625 0.015625
1 0.41171875 0.846875 0.0234375 0.0109375
0 0.25390625 0.165625 0.0296875 0.01875
1 0.97421875 0.42109375 0.028125 0.0171875
1 0.94296875 0.4203125 0.0296875 0.015625
0 0.21171875 0.71171875 0.0265625 0.0140625
0 0.2578125 0.23203125 0.0265625 0.0125
1 0.6890625 0.37734375 0.025 0.0140625
1 0.49375 0.625 0.03125 0.021875
0 0.23515625 0.13359375 0.03125 0.01875
1 0.98671875 0.42421875 0.0265625 0.0203125
1 0.70859375 0.865625 0.025 0.0125
1 0.5375 0.3203125 0.0265625 0.0125
1 0.228125 0.82734375 0.0234375 0.0109375
1 0.65 0.32421875 0.028125 0.015625
1 0.12265625 0.3125 0.0265625 0.0125
1 0.790625 0.94609375 0.034375 0.0296875
0 0.24375 0.11328125 0.0296875 0.01875
1 0.7640625 0.8640625 0.025 0.0125
1 0.434375 0.84921875 0.025 0.0109375
0 0.3 0.1609375 0.028125 0.0171875
1 0.8828125 0.96171875 0.0328125 0.0265625
1 0.6984375 0.38359375 0.025 0.0140625
1 0.7421875 0.865625 0.0265625 0.0140625
1 0.85703125 0.3265625 0.028125 0.0125
0 0.19140625 0.74609375 0.0296875 0.01875
1 0.08515625 0.83046875 0.025 0.0140625
1 0.0703125 0.33203125 0.0265625 0.015625
1 0.67265625 0.86171875 0.0265625 0.0140625
1 0.96171875 0.41484375 0.0265625 0.015625
1 0.16953125 0.28828125 0.0265625 0.0125
3 0.53984375 0.77421875 0.0609375 0.0453125
1 0.62265625 0.578125 0.0296875 0.021875
4 0.6671875 0.56640625 0.1109375 0.1546875
1 0.57109375 0.30625 0.0265625 0.0125
1 0.4140625 0.82890625 0.021875 0.0078125
1 0.13671875 0.32265625 0.025 0.0125
1 0.30234375 0.85625 0.0296875 0.0171875
1 0.93984375 0.40390625 0.028125 0.0140625
0 0.225 0.6890625 0.0265625 0.015625
1 0.66640625 0.33125 0.028125 0.015625
1 0.45859375 0.29453125 0.025 0.0125
1 0.821875 0.8953125 0.028125 0.01875
1 0.89765625 0.940625 0.0328125 0.0203125
1 0.315625 0.63671875 0.028125 0.0125
1 0.11328125 0.83203125 0.0265625 0.0125
1 0.1 0.33125 0.025 0.0125
1 0.11484375 0.84765625 0.025 0.0109375
1 0.51796875 0.59453125 0.0296875 0.0140625
1 0.29765625 0.38671875 0.025 0.0140625
1 0.51953125 0.29921875 0.025 0.0140625
1 0.3765625 0.6015625 0.0265625 0.0171875
1 0.553125 0.84609375 0.0265625 0.015625
1 0.8671875 0.32578125 0.0265625 0.0125
1 0.84765625 0.89921875 0.025 0.0140625
1 0.284375 0.63125 0.0328125 0.01875
1 0.665625 0.30390625 0.025 0.0125
1 0.5390625 0.29921875 0.0265625 0.0125
1 0.70546875 0.39296875 0.025 0.0125
1 0.85859375 0.91171875 0.0296875 0.0203125
1 0.12578125 0.49375 0.0265625 0.0125
1 0.134375 0.30859375 0.028125 0.0125
1 0.68046875 0.3109375 0.025 0.0125
1 0.99296875 0.4234375 0.0140625 0.01875
1 0.26015625 0.5 0.025 0.0140625
1 0.51015625 0.29453125 0.028125 0.0140625
1 0.1328125 0.296875 0.0265625 0.015625
1 0.540625 0.83203125 0.0265625 0.0109375
1 0.1046875 0.32109375 0.0265625 0.0140625
3 0.38203125 0.5421875 0.0765625 0.1015625
1 0.52578125 0.81875 0.0234375 0.0078125
1 0.43671875 0.8375 0.0234375 0.009375
1 0.6828125 0.86328125 0.028125 0.0125
1 0.584375 0.30546875 0.028125 0.0109375
1 0.4453125 0.85234375 0.0234375 0.009375
1 0.7125 0.85546875 0.025 0.0109375
1 0.46640625 0.29375 0.025 0.0140625
1 0.83046875 0.8953125 0.0265625 0.015625
1 0.14453125 0.3015625 0.0265625 0.0140625
1 0.63828125 0.3046875 0.0265625 0.015625
1 0.72265625 0.86015625 0.0265625 0.0125