4 0.4453125 0.2984375 0.084375 0.084375
2 0.7515625 0.2015625 0.10625 0.06875
3 0.31484375 0.44140625 0.0984375 0.11875
3 0.39765625 0.33984375 0.084375 0.084375
1 0.784375 0.48515625 0.028125 0.021875
1 0.8546875 0.42890625 0.028125 0.021875
1 0.72890625 0.44765625 0.028125 0.021875
4 0.5671875 0.48828125 0.0953125 0.1234375
1 0.40390625 0.4484375 0.0265625 0.0203125
1 0.84296875 0.54375 0.03125 0.028125
1 0.63984375 0.39375 0.0265625 0.01875
1 0.26171875 0.59296875 0.0296875 0.0265625
1 0.88515625 0.8953125 0.0328125 0.03125
1 0.74609375 0.53125 0.0296875 0.0265625
1 0.02890625 0.48359375 0.028125 0.0203125
3 0.32421875 0.3046875 0.071875 0.0640625
1 0.88671875 0.346875 0.0265625 0.0203125
1 0.66796875 0.86953125 0.028125 0.021875
1 0.72265625 0.42578125 0.0265625 0.021875
1 0.59765625 0.39453125 0.025 0.0203125
1 0.9453125 0.37578125 0.028125 0.0203125
1 0.7375 0.4953125 0.028125 0.021875
1 0.70859375 0.45703125 0.028125 0.021875
1 0.6484375 0.340625 0.025 0.0171875
1 0.34609375 0.59296875 0.0296875 0.0234375
1 0.615625 0.41953125 0.0265625 0.021875
1 0.6515625 0.39609375 0.0265625 0.0203125
2 0.2296875 0.24453125 0.109375 0.0546875
1 0.528125 0.36484375 0.0265625 0.0171875
1 0.9703125 0.3859375 0.028125 0.0203125
1 0.88359375 0.86875 0.0296875 0.0203125
1 0.37734375 0.38515625 0.025 0.01875
1 0.70859375 0.5609375 0.0296875 0.0265625
1 0.271875 0.49296875 0.028125 0.021875
1 0.96171875 0.3484375 0.0265625 0.0171875
1 0.40078125 0.47890625 0.028125 0.0234375
1 0.32421875 0.5734375 0.0296875 0.0265625
1 0.73359375 0.85625 0.0265625 0.021875
1 0.5015625 0.37109375 0.0265625 0.01875
1 0.96875 0.87109375 0.03125 0.028125
1 0.39140625 0.4296875 0.0265625 0.0203125
1 0.2609375 0.484375 0.0265625 0.021875
1 0.1578125 0.42578125 0.0265625 0.0203125
1 0.51328125 0.378125 0.025 0.01875
1 0.52265625 0.54921875 0.028125 0.0265625
1 0.25703125 0.5140625 0.028125 0.0234375
1 0.49453125 0.45703125 0.0265625 0.0203125
1 0.34453125 0.5765625 0.028125 0.01875
1 0.73046875 0.56953125 0.0296875 0.025
1 0.29140625 0.884375 0.0265625 0.01875
1 0.21640625 0.9171875 0.028125 0.025
1 0.3578125 0.4796875 0.028125 0.025
1 0.871875 0.32265625 0.0265625 0.01875
1 0.43515625 0.44609375 0.0265625 0.0203125
1 0.34765625 0.3625 0.025 0.0171875
1 0.4859375 0.34453125 0.0265625 0.0171875
1 0.94453125 0.8734375 0.03125 0.0296875
1 0.5109375 0.4546875 0.0296875 0.0234375
1 0.54453125 0.35 0.025 0.0171875
1 0.25859375 0.559375 0.0296875 0.0234375
1 0.4984375 0.3421875 0.025 0.0171875
1 0.88203125 0.2921875 0.0265625 0.0171875
1 0.5828125 0.33984375 0.025 0.01875
1 0.503125 0.390625 0.0265625 0.01875
1 0.71484375 0.44140625 0.0265625 0.01875
1 0.85234375 0.2984375 0.025 0.015625
1 0.11171875 0.36484375 0.025 0.0171875
1 0.69296875 0.5078125 0.0296875 0.0234375
1 0.71015625 0.49609375 0.028125 0.0234375
1 0.2390625 0.50546875 0.028125 0.025
1 0.840625 0.3859375 0.0265625 0.021875
1 0.24296875 0.93515625 0.03125 0.0296875
1 0.26796875 0.54609375 0.028125 0.0234375
1 0.38515625 0.4640625 0.028125 0.0234375
1 0.615625 0.36328125 0.0265625 0.0234375
1 0.9828125 0.33515625 0.0265625 0.01875
1 0.7203125 0.50625 0.0296875 0.0234375
1 0.84765625 0.3203125 0.0265625 0.0171875
1 0.684375 0.3671875 0.0234375 0.0171875
1 0.06328125 0.440625 0.0265625 0.01875
1 0.10390625 0.95625 0.03125 0.028125
1 0.08515625 0.3953125 0.025 0.0171875
1 0.38046875 0.43046875 0.0265625 0.01875
1 0.6234375 0.3359375 0.0265625 0.0171875
1 0.6796875 0.41875 0.0265625 0.0171875
1 0.07265625 0.43046875 0.0265625 0.021875
1 0.484375 0.31796875 0.025 0.0171875
1 0.82578125 0.28203125 0.0234375 0.0171875
1 0.571875 0.32421875 0.0265625 0.0171875
1 0.18984375 0.8984375 0.028125 0.0234375
1 0.67109375 0.409375 0.025 0.01875
1 0.6984375 0.49375 0.0265625 0.0171875
1 0.91640625 0.846875 0.025 0.01875
1 0.05 0.43203125 0.025 0.0171875
1 0.3609375 0.403125 0.025 0.0171875
1 0.59296875 0.2875 0.025 0.0171875
1 0.5328125 0.34921875 0.025 0.0171875
1 0.55546875 0.84609375 0.021875 0.0140625
1 0.55078125 0.32265625 0.025 0.0171875
1 0.86328125 0.865625 0.028125 0.0234375
1 0.7234375 0.4921875 0.028125 0.0171875
1 0.096875 0.35859375 0.025 0.0171875
1 0.41953125 0.621875 0.0328125 0.0265625
1 0.60546875 0.37421875 0.0265625 0.01875
1 0.57109375 0.846875 0.0234375 0.0140625
1 0.86875 0.30625 0.0265625 0.01875
1 0.84921875 0.8453125 0.0265625 0.0171875
1 0.06328125 0.3984375 0.025 0.015625
1 0.6671875 0.85390625 0.0265625 0.015625
1 0.6796875 0.3328125 0.0265625 0.01875
1 0.7 0.42578125 0.028125 0.0203125
1 0.1296875 0.33359375 0.0234375 0.015625
1 0.1375 0.940625 0.03125 0.028125
1 0.35 0.34375 0.025 0.015625
1 0.89609375 0.28515625 0.025 0.0171875
1 0.3640625 0.45859375 0.028125 0.01875
1 0.52109375 0.30234375 0.025 0.0171875
1 0.87578125 0.28046875 0.021875 0.0140625
1 0.271875 0.45859375 0.0265625 0.0203125
1 0.071875 0.41171875 0.025 0.0171875
1 0.8625 0.32109375 0.0265625 0.01875
1 0.3234375 0.38125 0.025 0.015625
1 0.753125 0.834375 0.0234375 0.015625
1 0.3953125 0.64921875 0.03125 0.028125
1 0.07421875 0.375 0.025 0.015625
1 0.5546875 0.371875 0.0265625 0.0171875
1 0.34453125 0.38046875 0.028125 0.0171875
1 0.2625 0.8578125 0.021875 0.0140625
1 0.3328125 0.3453125 0.0234375 0.015625
1 0.6296875 0.32421875 0.025 0.0140625
1 0.54296875 0.64453125 0.0234375 0.0140625
1 0.65546875 0.28671875 0.025 0.0171875
1 0.84765625 0.81875 0.025 0.0140625
1 0.1203125 0.94921875 0.0296875 0.0265625
1 0.73359375 0.83828125 0.025 0.0140625
1 0.9578125 0.8453125 0.0265625 0.01875
1 0.46953125 0.32734375 0.025 0.0171875
1 0.1328125 0.89609375 0.0265625 0.01875
1 0.1453125 0.67265625 0.0296875 0.0203125
1 0.6984375 0.38984375 0.025 0.0171875
1 0.3578125 0.3890625 0.0265625 0.01875
1 0.3375 0.3578125 0.025 0.015625
1 0.1515625 0.9265625 0.03125 0.025
1 0.33984375 0.34375 0.025 0.0171875
1 0.95390625 0.9171875 0.025 0.01875
1 0.4625 0.65078125 0.0234375 0.0140625
1 0.7453125 0.8328125 0.025 0.0171875
1 0.3734375 0.4453125 0.028125 0.01875
1 0.44296875 0.85390625 0.0234375 0.0140625
1 0.965625 0.325 0.028125 0.0171875
3 0.465625 0.83203125 0.078125 0.0640625
1 0.465625 0.85546875 0.0234375 0.0140625
1 0.6203125 0.2890625 0.025 0.015625
1 0.86796875 0.8328125 0.025 0.01875
3 0.575 0.7859375 0.0640625 0.065625
1 0.15703125 0.8953125 0.028125 0.01875
1 0.390625 0.40625 0.025 0.015625
1 0.36171875 0.44375 0.0265625 0.01875
1 0.14375 0.8953125 0.0265625 0.01875
1 0.63828125 0.2890625 0.025 0.015625
1 0.484375 0.85390625 0.0234375 0.0140625
1 0.10078125 0.93046875 0.0296875 0.015625
1 0.85390625 0.86328125 0.025 0.0234375
1 0.934375 0.840625 0.0265625 0.01875
1 0.76875 0.81953125 0.0234375 0.0140625
1 0.11796875 0.334375 0.025 0.015625
1 0.925 0.82109375 0.025 0.015625
1 0.32578125 0.365625 0.025 0.0140625
1 0.71015625 0.41484375 0.0265625 0.01875
1 0.54140625 0.3828125 0.0265625 0.01875
1 0.97578125 0.91171875 0.028125 0.0203125
1 0.3734375 0.33203125 0.025 0.0171875
1 0.3609375 0.43046875 0.0265625 0.0171875
1 0.38125 0.45 0.025 0.0171875
1 0.25859375 0.53203125 0.025 0.0140625
1 0.565625 0.83515625 0.021875 0.0125
1 0.35625 0.6296875 0.0296875 0.025
1 0.3703125 0.415625 0.028125 0.015625
1 0.50703125 0.2953125 0.025 0.015625
1 0.54296875 0.8296875 0.0234375 0.015625
1 0.359375 0.41640625 0.0265625 0.015625
1 0.984375 0.95390625 0.03125 0.0265625
1 0.68828125 0.38828125 0.025 0.015625
1 0.496875 0.29765625 0.0265625 0.0140625
1 0.80625 0.40859375 0.0234375 0.0171875
1 0.04765625 0.415625 0.025 0.0140625
1 0.58515625 0.8328125 0.025 0.015625
1 0.85234375 0.83125 0.0234375 0.0140625
1 0.4046875 0.603125 0.0265625 0.015625