4 0.15703125 0.42265625 0.1078125 0.10625
3 0.7640625 0.90078125 0.090625 0.1
2 0.7734375 0.228125 0.1015625 0.059375
2 0.25703125 0.19921875 0.1 0.0640625
1 0.3171875 0.503125 0.0203125 0.015625
1 0.68984375 0.53359375 0.021875 0.01875
1 0.2125 0.5578125 0.0234375 0.021875
4 0.11953125 0.26015625 0.0796875 0.09375
1 0.4328125 0.459375 0.01875 0.0171875
1 0.63359375 0.4609375 0.01875 0.0171875
1 0.70625 0.56171875 0.021875 0.0203125
1 0.32421875 0.48515625 0.0203125 0.0171875
4 0.315625 0.85859375 0.0796875 0.0859375
1 0.3671875 0.49921875 0.0203125 0.01875
1 0.11640625 0.3296875 0.01875 0.015625
1 0.4859375 0.48046875 0.0203125 0.0171875
1 0.603125 0.609375 0.021875 0.021875
3 0.95078125 0.4 0.0984375 0.115625
1 0.4484375 0.503125 0.021875 0.0203125
1 0.3125 0.40625 0.0171875 0.015625
1 0.396875 0.38125 0.01875 0.015625
1 0.70859375 0.4765625 0.0203125 0.01875
1 0.70390625 0.534375 0.021875 0.0203125
1 0.23359375 0.55859375 0.021875 0.021875
1 0.68984375 0.559375 0.021875 0.01875
1 0.67265625 0.5109375 0.0203125 0.01875
1 0.31640625 0.52734375 0.0203125 0.01875
1 0.134375 0.30546875 0.0171875 0.0125
1 0.2546875 0.5296875 0.021875 0.0203125
1 0.08671875 0.41484375 0.0203125 0.0171875
1 0.73046875 0.615625 0.021875 0.021875
1 0.46171875 0.50234375 0.0203125 0.01875
1 0.60859375 0.44296875 0.0203125 0.0171875
1 0.4046875 0.43359375 0.01875 0.015625
1 0.39921875 0.50390625 0.0203125 0.0203125
1 0.3328125 0.5046875 0.01875 0.0140625
1 0.33125 0.42734375 0.01875 0.0171875
1 0.46640625 0.3890625 0.01875 0.0140625
3 0.89453125 0.56640625 0.0984375 0.1375
1 0.2953125 0.50625 0.0203125 0.01875
1 0.37578125 0.47890625 0.0203125 0.01875
1 0.59765625 0.4359375 0.0203125 0.015625
1 0.73671875 0.975 0.028125 0.0328125
1 0.36875 0.89140625 0.01875 0.0140625
1 0.628125 0.39765625 0.01875 0.015625
1 0.3765625 0.40859375 0.01875 0.0140625
1 0.80234375 0.95859375 0.0265625 0.0265625
1 0.8078125 0.44296875 0.01875 0.0171875
1 0.94296875 0.51015625 0.0203125 0.0140625
1 0.671875 0.5703125 0.0203125 0.0203125
1 0.42734375 0.3765625 0.0171875 0.0140625
1 0.55234375 0.5046875 0.01875 0.0171875
4 0.1703125 0.8953125 0.1625 0.1515625
1 0.41953125 0.89921875 0.0171875 0.009375
1 0.33671875 0.53984375 0.021875 0.0203125
1 0.7109375 0.44453125 0.01875 0.0140625
1 0.56875 0.4546875 0.0203125 0.015625
1 0.63203125 0.9 0.0203125 0.015625
1 0.38046875 0.3375 0.0171875 0.0140625
1 0.11953125 0.52890625 0.0203125 0.0171875
1 0.603125 0.3421875 0.0171875 0.0125
1 0.57421875 0.42734375 0.0203125 0.0140625
1 0.17734375 0.328125 0.01875 0.0140625
1 0.16640625 0.35390625 0.01875 0.0140625
1 0.09765625 0.55546875 0.021875 0.0203125
1 0.48515625 0.39375 0.01875 0.0140625
1 0.4953125 0.496875 0.01875 0.0171875
1 0.52109375 0.4875 0.01875 0.015625
1 0.59296875 0.45546875 0.01875 0.0171875
1 0.70078125 0.4421875 0.01875 0.015625
1 0.6859375 0.3578125 0.0171875 0.0140625
1 0.27734375 0.4546875 0.0203125 0.0171875
1 0.575 0.4828125 0.0203125 0.0171875
1 0.6078125 0.27421875 0.0171875 0.0109375
1 0.61875 0.37890625 0.01875 0.0140625
1 0.2828125 0.53984375 0.021875 0.01875
1 0.83984375 0.634375 0.0203125 0.0171875
1 0.81953125 0.9609375 0.0265625 0.028125
1 0.81875 0.44453125 0.0203125 0.0171875
1 0.5921875 0.9078125 0.0203125 0.0140625
1 0.6078125 0.39296875 0.01875 0.015625
1 0.57734375 0.38203125 0.01875 0.015625
1 0.271875 0.52734375 0.021875 0.01875
1 0.19453125 0.24765625 0.0171875 0.0109375
1 0.27421875 0.8828125 0.0203125 0.0171875
1 0.465625 0.44453125 0.0203125 0.0171875
4 0.021875 0.43203125 0.04375 0.1078125
1 0.64140625 0.29921875 0.0171875 0.0125
1 0.50859375 0.51640625 0.0203125 0.0171875
1 0.18828125 0.32265625 0.01875 0.0140625
1 0.54375 0.346875 0.0171875 0.0125
1 0.48671875 0.4515625 0.01875 0.0171875
1 0.0765625 0.553125 0.01875 0.0171875
1 0.44765625 0.30078125 0.0171875 0.0125
1 0.6234375 0.36171875 0.01875 0.0125
1 0.37890625 0.31953125 0.01875 0.0140625
1 0.19921875 0.32421875 0.01875 0.0140625
1 0.35546875 0.26953125 0.0171875 0.0109375
1 0.66171875 0.328125 0.0171875 0.0125
1 0.4109375 0.29375 0.015625 0.0109375
1 0.45 0.34140625 0.01875 0.0125
1 0.29765625 0.44765625 0.01875 0.0171875
1 0.20078125 0.3015625 0.0171875 0.0125
1 0.703125 0.42265625 0.01875 0.0125
1 0.8859375 0.9546875 0.025 0.025
1 0.54453125 0.47578125 0.01875 0.0109375
1 0.60234375 0.35625 0.01875 0.0125
1 0.3921875 0.284375 0.01875 0.0125
1 0.3296875 0.36796875 0.0171875 0.0140625
1 0.4671875 0.35703125 0.01875 0.0140625
1 0.55703125 0.4546875 0.01875 0.015625
1 0.4328125 0.32578125 0.0171875 0.0125
1 0.38046875 0.440625 0.0203125 0.0171875
1 0.559375 0.3546875 0.01875 0.0140625
1 0.44765625 0.275 0.0171875 0.0125
1 0.36484375 0.315625 0.01875 0.0125
1 0.55859375 0.4 0.01875 0.0140625
1 0.0953125 0.30703125 0.0171875 0.0125
1 0.56328125 0.38125 0.0171875 0.0140625
1 0.47578125 0.33671875 0.01875 0.0140625
1 0.84609375 0.9265625 0.0203125 0.0171875
1 0.35546875 0.2546875 0.0171875 0.0109375
1 0.6734375 0.32109375 0.0171875 0.0125
1 0.465625 0.340625 0.01875 0.0140625
1 0.48984375 0.32265625 0.01875 0.0140625
1 0.56953125 0.4109375 0.01875 0.0109375
1 0.49609375 0.4640625 0.01875 0.0140625
1 0.4546875 0.3140625 0.0171875 0.0125
1 0.71171875 0.425 0.01875 0.0125
1 0.39140625 0.29921875 0.01875 0.0125
1 0.415625 0.34453125 0.0171875 0.0125
1 0.88046875 0.28671875 0.015625 0.0125
1 0.46953125 0.315625 0.0171875 0.0109375
1 0.4265625 0.3375 0.01875 0.0109375
1 0.7484375 0.66796875 0.01875 0.0109375
1 0.909375 0.3015625 0.0171875 0.0109375
1 0.58203125 0.28125 0.015625 0.0125
1 0.73203125 0.65234375 0.021875 0.0171875
1 0.384375 0.27734375 0.0171875 0.0109375
1 0.5734375 0.30859375 0.0171875 0.0125
1 0.5203125 0.315625 0.0171875 0.0109375
1 0.55390625 0.4875 0.0171875 0.0109375
1 0.6015625 0.38046875 0.021875 0.015625
1 0.471875 0.3796875 0.0171875 0.0125
1 0.58125 0.26640625 0.015625 0.0109375
1 0.35546875 0.3375 0.0171875 0.0140625
1 0.509375 0.49296875 0.0171875 0.015625
1 0.54921875 0.32421875 0.0171875 0.0125
1 0.3046875 0.4234375 0.01875 0.0125
1 0.39453125 0.340625 0.0171875 0.0125
1 0.5859375 0.38203125 0.01875 0.0140625
1 0.30390625 0.4359375 0.01875 0.0140625
1 0.0484375 0.86328125 0.01875 0.015625
1 0.50859375 0.3171875 0.0171875 0.0109375
1 0.6609375 0.3125 0.015625 0.0078125
1 0.41875 0.36484375 0.0171875 0.0125
1 0.54609375 0.26015625 0.0171875 0.0109375
1 0.83984375 0.284375 0.01875 0.0109375
1 0.86875 0.28515625 0.0171875 0.0109375
1 0.9 0.2953125 0.015625 0.0109375
1 0.62578125 0.265625 0.015625 0.0109375
1 0.08671875 0.9 0.0203125 0.021875
1 0.903125 0.321875 0.01875 0.0125
1 0.5609375 0.3359375 0.01875 0.0125
1 0.56328125 0.26796875 0.015625 0.0109375
1 0.66796875 0.2984375 0.015625 0.0109375
1 0.33359375 0.52265625 0.0203125 0.0140625
1 0.5703125 0.29140625 0.0171875 0.0109375
1 0.38203125 0.29765625 0.01875 0.0125
1 0.45390625 0.2546875 0.0171875 0.0109375
1 0.50234375 0.44296875 0.01875 0.0125
1 0.6875 0.34453125 0.015625 0.009375
1 0.6421875 0.271875 0.015625 0.009375
1 0.5265625 0.321875 0.01875 0.0125
1 0.51640625 0.33046875 0.01875 0.0140625
1 0.53671875 0.290625 0.01875 0.0109375
1 0.4390625 0.90390625 0.015625 0.0078125
1 0.646875 0.2828125 0.01875 0.0109375
1 0.040625 0.83671875 0.01875 0.0125
1 0.40234375 0.2671875 0.0171875 0.0125
1 0.5078125 0.328125 0.0171875 0.0125
1 0.49296875 0.4078125 0.0171875 0.0140625
1 0.6125 0.3625 0.0203125 0.0125
1 0.5375 0.4578125 0.01875 0.0125
4 0.0765625 0.81875 0.0578125 0.084375
1 0.36953125 0.86171875 0.015625 0.009375
1 0.42109375 0.31875 0.015625 0.0109375
1 0.5234375 0.459375 0.0171875 0.0140625
1 0.49375 0.38046875 0.0171875 0.0125
1 0.50078125 0.43046875 0.01875 0.0125
1 0.8703125 0.94453125 0.021875 0.021875
1 0.7125 0.884375 0.015625 0.0109375
1 0.91875 0.32109375 0.0171875 0.0109375
1 0.36015625 0.3 0.0171875 0.0109375
1 0.446875 0.33046875 0.015625 0.0109375
1 0.409375 0.31875 0.0171875 0.0109375
1 0.33203125 0.3390625 0.0171875 0.0109375
1 0.525 0.34609375 0.0203125 0.0140625
1 0.48125 0.3671875 0.01875 0.0109375
1 0.66015625 0.29921875 0.0171875 0.0125
1 0.56796875 0.4421875 0.01875 0.0109375
1 0.07265625 0.853125 0.015625 0.0125
1 0.534375 0.4984375 0.0171875 0.009375
1 0.54296875 0.4953125 0.01875 0.0140625
1 0.51015625 0.4265625 0.01875 0.015625
1 0.6359375 0.28828125 0.015625 0.0109375
1 0.55078125 0.29609375 0.0171875 0.0125
1 0.67421875 0.2796875 0.015625 0.0109375
1 0.65703125 0.28046875 0.0171875 0.0109375
1 0.40859375 0.3359375 0.0171875 0.0125
1 0.55078125 0.31171875 0.0171875 0.0125
1 0.66875 0.26953125 0.01875 0.0109375
1 0.6515625 0.303125 0.0171875 0.015625
1 0.32890625 0.35625 0.0171875 0.0109375
1 0.2484375 0.86328125 0.01875 0.0109375
1 0.84453125 0.51484375 0.015625 0.0125
1 0.37109375 0.259375 0.015625 0.0109375
1 0.55 0.36484375 0.01875 0.015625
1 0.409375 0.284375 0.0171875 0.0109375
1 0.25703125 0.9734375 0.0265625 0.0203125
1 0.41484375 0.33046875 0.01875 0.0109375
1 0.5109375 0.44296875 0.01875 0.0140625
1 0.66015625 0.26953125 0.01875 0.0109375
1 0.99140625 0.45234375 0.0171875 0.0140625
1 0.478125 0.321875 0.01875 0.0125
1 0.93671875 0.3234375 0.0171875 0.0125
1 0.55859375 0.4125 0.0171875 0.0125
1 0.296875 0.36640625 0.01875 0.0125
1 0.4890625 0.34609375 0.01875 0.0125
1 0.52421875 0.4390625 0.01875 0.0140625
1 0.52578125 0.88125 0.0171875 0.0109375
1 0.825 0.30390625 0.0140625 0.009375
1 0.4546875 0.33125 0.01875 0.0109375
1 0.6828125 0.27890625 0.0171875 0.0109375
1 0.36953125 0.3 0.0171875 0.0109375
1 0.05703125 0.85 0.0171875 0.0109375
1 0.0140625 0.89609375 0.021875 0.021875