2 0.7640625 0.215625 0.0890625 0.06484375
2 0.24609375 0.20859375 0.090625 0.05625
4 0.5765625 0.41953125 0.0921875 0.10859375
1 0.23203125 0.60546875 0.0140625 0.021875
1 0.00703125 0.4546875 0.0125 0.01953125
3 0.7828125 0.8453125 0.0546875 0.0484375
1 0.740625 0.53125 0.0109375 0.01953125
1 0.89609375 0.52109375 0.01171875 0.01953125
1 0.81015625 0.575 0.01328125 0.02421875
1 0.1171875 0.403125 0.009375 0.015625
1 0.3953125 0.5921875 0.0140625 0.0234375
1 0.9328125 0.41953125 0.01015625 0.01640625
1 0.94765625 0.42421875 0.0109375 0.01796875
1 0.75859375 0.884375 0.009375 0.015625
1 0.9234375 0.38046875 0.01015625 0.01484375
1 0.81015625 0.4390625 0.0109375 0.01640625
1 0.2703125 0.5328125 0.01171875 0.01796875
1 0.14375 0.584375 0.0125 0.02109375
1 0.62578125 0.4953125 0.01171875 0.01953125
1 0.20390625 0.584375 0.0125 0.021875
1 0.04765625 0.415625 0.0109375 0.015625
1 0.74765625 0.55390625 0.0125 0.021875
1 0.990625 0.46015625 0.0125 0.01875
1 0.121875 0.3015625 0.00859375 0.01328125
1 0.84609375 0.3453125 0.009375 0.01484375
1 0.64765625 0.90390625 0.01015625 0.0125
1 0.39375 0.54453125 0.01171875 0.02109375
1 0.740625 0.5765625 0.01328125 0.02265625
1 0.51953125 0.48046875 0.0109375 0.01640625
1 0.28515625 0.9015625 0.0109375 0.015625
1 0.6703125 0.4625 0.0109375 0.01875
1 0.8078125 0.41875 0.01015625 0.01640625
1 0.66171875 0.61328125 0.01328125 0.0234375
1 0.1046875 0.33984375 0.00859375 0.01484375
1 0.4421875 0.346875 0.00859375 0.01640625
1 0.0703125 0.375 0.009375 0.01640625
1 0.6109375 0.56796875 0.0125 0.02265625
1 0.62109375 0.32734375 0.00859375 0.0140625
1 0.85859375 0.89375 0.01015625 0.015625
1 0.25390625 0.5515625 0.0125 0.01953125
1 0.89453125 0.3671875 0.009375 0.01328125
1 0.85546875 0.9515625 0.0171875 0.02734375
1 0.66484375 0.90390625 0.0109375 0.01328125
1 0.61015625 0.4875 0.01171875 0.01875
1 0.71015625 0.4359375 0.01015625 0.0171875
1 0.384375 0.51015625 0.01171875 0.0203125
1 0.621875 0.87421875 0.009375 0.01640625
1 0.56328125 0.5234375 0.01171875 0.02109375
1 0.6 0.5609375 0.0109375 0.021875
0 0.45390625 0.76796875 0.01875 0.04453125
1 0.8546875 0.3234375 0.00859375 0.0140625
1 0.1640625 0.58515625 0.01328125 0.02265625
1 0.8765625 0.4171875 0.01015625 0.01640625
1 0.38515625 0.64453125 0.01328125 0.01875
1 0.3375 0.390625 0.0109375 0.015625
1 0.3578125 0.3296875 0.0078125 0.01328125
3 0.6625 0.3515625 0.059375 0.07890625
1 0.83359375 0.30234375 0.00859375 0.01484375
1 0.72109375 0.87890625 0.00859375 0.01484375
1 0.2859375 0.43046875 0.009375 0.01328125
1 0.82890625 0.378125 0.009375 0.01640625
1 0.6546875 0.39296875 0.00859375 0.015625
1 0.02265625 0.36875 0.01015625 0.015625
4 0.34375 0.540625 0.0828125 0.159375
1 0.58984375 0.52265625 0.01171875 0.02109375
1 0.490625 0.29296875 0.00703125 0.01328125
1 0.8328125 0.9078125 0.01171875 0.01796875
1 0.30625 0.3796875 0.009375 0.015625
1 0.6625 0.44296875 0.0109375 0.01796875
1 0.478125 0.5359375 0.01015625 0.01953125
1 0.896875 0.3390625 0.009375 0.01328125
1 0.134375 0.346875 0.009375 0.0140625
1 0.82734375 0.93203125 0.0140625 0.025
1 0.2546875 0.97890625 0.0203125 0.03515625
1 0.62109375 0.8984375 0.0125 0.01796875
1 0.53125 0.34375 0.00859375 0.01484375
1 0.2671875 0.9 0.0109375 0.01875
1 0.72890625 0.5703125 0.0109375 0.02109375
1 0.92265625 0.359375 0.01015625 0.015625
1 0.9015625 0.39296875 0.009375 0.01640625
1 0.51640625 0.496875 0.01015625 0.0171875
1 0.0828125 0.93515625 0.015625 0.028125
1 0.7890625 0.8859375 0.00859375 0.015625
1 0.1203125 0.38828125 0.01015625 0.015625
1 0.46328125 0.34921875 0.00859375 0.01484375
1 0.11953125 0.93046875 0.01640625 0.02734375
1 0.94140625 0.38359375 0.01015625 0.015625
1 0.1734375 0.89296875 0.009375 0.01484375
1 0.875 0.46875 0.01015625 0.01484375
1 0.27421875 0.45546875 0.009375 0.0140625
1 0.540625 0.34453125 0.00859375 0.015625
1 0.7359375 0.50546875 0.0109375 0.01875
1 0.82109375 0.90703125 0.0109375 0.01953125
1 0.68203125 0.88828125 0.009375 0.01640625
1 0.225 0.95078125 0.015625 0.0296875
1 0.9921875 0.409375 0.01015625 0.01484375
1 0.51484375 0.5171875 0.009375 0.0140625
1 0.325 0.3890625 0.0109375 0.01640625
1 0.0078125 0.36953125 0.0125 0.01875
1 0.1453125 0.91796875 0.01328125 0.02265625
1 0.28359375 0.45234375 0.009375 0.0125
1 0.02265625 0.403125 0.015625 0.021875
1 0.50625 0.50703125 0.009375 0.01484375
1 0.3390625 0.3 0.009375 0.01484375
1 0.06953125 0.3546875 0.01015625 0.0140625
1 0.22890625 0.88515625 0.009375 0.015625
1 0.08984375 0.35859375 0.01015625 0.0171875
1 0.61484375 0.28984375 0.0078125 0.0140625
1 0.8765625 0.94375 0.01484375 0.021875
1 0.2046875 0.9171875 0.0140625 0.0234375
1 0.54609375 0.26015625 0.0078125 0.01171875
1 0.14921875 0.89453125 0.009375 0.015625
1 0.86796875 0.30390625 0.0078125 0.0125
1 0.72890625 0.48828125 0.01015625 0.01640625
1 0.61328125 0.46875 0.01015625 0.01484375
1 0.684375 0.40859375 0.01171875 0.01953125
1 0.21484375 0.8859375 0.009375 0.01484375
1 0.3828125 0.2703125 0.0078125 0.01328125
1 0.93046875 0.34296875 0.009375 0.0140625
1 0.62890625 0.30078125 0.00625 0.0125
1 0.34375 0.32109375 0.01015625 0.01484375
1 0.99609375 0.42578125 0.00703125 0.01640625
1 0.1484375 0.3046875 0.00859375 0.0140625
1 0.1453125 0.33828125 0.0078125 0.01328125
1 0.1625 0.6484375 0.0109375 0.01328125
1 0.51875 0.25859375 0.0078125 0.0125
0 0.41875 0.7765625 0.0265625 0.04609375
1 0.8171875 0.28359375 0.00625 0.01171875
1 0.9453125 0.3671875 0.0109375 0.0171875
1 0.9671875 0.3828125 0.009375 0.01484375
1 0.84921875 0.37109375 0.01015625 0.015625
1 0.1921875 0.2625 0.00859375 0.01328125
1 0.15546875 0.2828125 0.00859375 0.0140625
1 0.37734375 0.31953125 0.009375 0.0140625
1 0.0109375 0.40625 0.00859375 0.01484375
1 0.81015625 0.88203125 0.0125 0.01796875
1 0.04921875 0.37421875 0.009375 0.0140625
1 0.48203125 0.89453125 0.00703125 0.01015625
1 0.82734375 0.2859375 0.0078125 0.0125
1 0.24453125 0.50546875 0.01015625 0.0140625
1 0.27109375 0.509375 0.01015625 0.0171875
1 0.8703125 0.9703125 0.01328125 0.01953125
1 0.09375 0.31875 0.00859375 0.0125
1 0.3984375 0.9890625 0.01875 0.0203125
1 0.190625 0.8765625 0.0078125 0.0125
1 0.2734375 0.86953125 0.0078125 0.0109375
1 0.69921875 0.38125 0.009375 0.01484375
1 0.70078125 0.42734375 0.01015625 0.0171875
1 0.3265625 0.37109375 0.0109375 0.01796875
1 0.83125 0.47265625 0.00859375 0.015625
1 0.8390625 0.28671875 0.00703125 0.0125
1 0.18359375 0.8953125 0.0109375 0.0171875
1 0.13671875 0.265625 0.0078125 0.0125
1 0.8546875 0.2796875 0.0109375 0.01328125
1 0.34296875 0.865625 0.00625 0.01015625
1 0.9 0.31953125 0.009375 0.0125
1 0.91640625 0.34765625 0.0078125 0.0109375
1 0.70625 0.3328125 0.009375 0.015625
1 0.89375 0.915625 0.0125 0.02109375
1 0.1125 0.26015625 0.0078125 0.0140625
1 0.815625 0.29921875 0.00859375 0.01484375
1 0.7109375 0.87890625 0.009375 0.01484375
1 0.8625 0.28515625 0.00703125 0.0125
1 0.32421875 0.35 0.009375 0.01328125
1 0.8625 0.9890625 0.02109375 0.02109375
1 0.64140625 0.296875 0.00703125 0.0125
1 0.87421875 0.29140625 0.009375 0.0125
1 0.06640625 0.3390625 0.01015625 0.0140625
1 0.27734375 0.48671875 0.0078125 0.015625
1 0.078125 0.35390625 0.00859375 0.015625
1 0.2453125 0.875 0.009375 0.01328125
1 0.62578125 0.26171875 0.0078125 0.0125
1 0.82890625 0.86953125 0.00625 0.0109375
1 0.09140625 0.30078125 0.00859375 0.01171875
1 0.140625 0.28515625 0.009375 0.015625
1 0.83203125 0.8921875 0.01015625 0.01171875
1 0.61875 0.26015625 0.0078125 0.0125
1 0.6 0.25859375 0.009375 0.0125
1 0.090625 0.34140625 0.00859375 0.0125
1 0.653125 0.29609375 0.00703125 0.00859375
1 0.8984375 0.94375 0.01328125 0.01796875
1 0.3515625 0.31953125 0.00703125 0.0125
1 0.31640625 0.34375 0.0078125 0.0140625
1 0.28203125 0.46796875 0.009375 0.01328125
1 0.93984375 0.328125 0.00703125 0.0125
1 0.28046875 0.865625 0.00703125 0.0109375
1 0.3265625 0.33828125 0.009375 0.01171875
1 0.53984375 0.64375 0.009375 0.0125
1 0.68359375 0.38828125 0.0109375 0.01640625
1 0.11015625 0.8953125 0.01015625 0.015625
1 0.271875 0.46796875 0.01015625 0.0125
1 0.45859375 0.890625 0.00625 0.00859375
1 0.684375 0.32109375 0.009375 0.01328125
1 0.69296875 0.39140625 0.0078125 0.0140625
1 0.18125 0.87578125 0.0078125 0.0125
1 0.8796875 0.89296875 0.00703125 0.01328125
1 0.12578125 0.28671875 0.009375 0.01484375
1 0.25859375 0.4921875 0.0078125 0.01328125
1 0.05 0.98671875 0.01796875 0.0265625
1 0.58359375 0.8546875 0.0078125 0.01015625
1 0.84140625 0.87109375 0.0078125 0.01328125
1 0.07265625 0.9875 0.0203125 0.02421875
1 0.909375 0.32734375 0.009375 0.015625
1 0.26640625 0.4828125 0.0078125 0.01328125
1 0.44765625 0.87421875 0.0078125 0.01015625
1 0.85078125 0.8765625 0.00703125 0.01328125
1 0.253125 0.87421875 0.01015625 0.0140625
1 0.2453125 0.521875 0.01015625 0.015625
1 0.221875 0.8671875 0.00859375 0.0109375
1 0.890625 0.2796875 0.0109375 0.01484375
1 0.19609375 0.64921875 0.00703125 0.00859375
1 0.1453125 0.88125 0.00859375 0.01171875
1 0.83515625 0.271875 0.00859375 0.01171875
1 0.8796875 0.27421875 0.0078125 0.01171875
1 0.43515625 0.90078125 0.0125 0.015625
1 0.7 0.8703125 0.009375 0.01171875
1 0.95390625 0.36875 0.0109375 0.01640625
1 0.6921875 0.88203125 0.00703125 0.01328125
1 0.56796875 0.6234375 0.01015625 0.0109375
1 0.025 0.34765625 0.01171875 0.01796875