4 0.090625 0.3875 0.1140625 0.1109375
2 0.20625 0.24453125 0.1265625 0.0625
3 0.92265625 0.81953125 0.125 0.1015625
1 0.60078125 0.45703125 0.0421875 0.015625
1 0.41484375 0.88046875 0.0421875 0.0140625
1 0.8421875 0.3953125 0.040625 0.0125
1 0.821875 0.37578125 0.0390625 0.0109375
4 0.215625 0.87265625 0.125 0.08125
1 0.9078125 0.37265625 0.040625 0.0125
1 0.32265625 0.51875 0.04375 0.0171875
1 0.33984375 0.5171875 0.04375 0.0171875
1 0.47109375 0.4 0.040625 0.0140625
1 0.6046875 0.3859375 0.040625 0.0125
1 0.78984375 0.415625 0.0421875 0.0140625
1 0.07109375 0.503125 0.04375 0.015625
1 0.3484375 0.871875 0.040625 0.0140625
3 0.26953125 0.85234375 0.078125 0.0546875
1 0.75703125 0.48359375 0.0421875 0.0171875
1 0.64296875 0.48828125 0.04375 0.0171875
1 0.175 0.4765625 0.0421875 0.015625
1 0.70859375 0.8390625 0.0390625 0.0109375
1 0.35859375 0.909375 0.0453125 0.01875
1 0.15859375 0.625 0.0421875 0.0109375
2 0.72890625 0.2046875 0.1234375 0.05
1 0.5484375 0.43203125 0.0421875 0.015625
1 0.25546875 0.52890625 0.04375 0.0171875
1 0.25 0.55703125 0.04375 0.0171875
1 0.25703125 0.95625 0.05 0.028125
1 0.021875 0.44609375 0.0421875 0.0125
1 0.32421875 0.478125 0.0421875 0.015625
1 0.72890625 0.528125 0.04375 0.01875
1 0.45 0.52734375 0.0421875 0.01875
1 0.1703125 0.41328125 0.040625 0.0125
1 0.49453125 0.39765625 0.040625 0.0109375
1 0.68125 0.3859375 0.040625 0.0109375
1 0.3234375 0.41328125 0.040625 0.0140625
1 0.33984375 0.4984375 0.0421875 0.0125
1 0.75625 0.61875 0.0453125 0.0203125
1 0.6265625 0.8703125 0.0421875 0.015625
1 0.33359375 0.5421875 0.04375 0.0171875
1 0.41015625 0.375 0.0390625 0.009375
1 0.57890625 0.34765625 0.040625 0.0109375
1 0.403125 0.3484375 0.0390625 0.009375
1 0.315625 0.45390625 0.040625 0.0140625
0 0.82578125 0.7078125 0.05 0.0296875
1 0.79296875 0.8703125 0.0453125 0.01875
0 0.7890625 0.175 0.046875 0.0203125
1 0.525 0.38671875 0.040625 0.0125
1 0.2875 0.3640625 0.0390625 0.0109375
1 0.44453125 0.49921875 0.0421875 0.0171875
1 0.86328125 0.3921875 0.040625 0.0125
1 0.30859375 0.87734375 0.0390625 0.0125
1 0.4703125 0.3734375 0.0390625 0.009375
1 0.64296875 0.38515625 0.040625 0.0109375
1 0.42109375 0.378125 0.0390625 0.0109375
1 0.18125 0.95 0.046875 0.021875
1 0.540625 0.36953125 0.040625 0.009375
1 0.178125 0.45546875 0.0421875 0.0140625
1 0.59453125 0.3484375 0.0390625 0.009375
1 0.49609375 0.88828125 0.0421875 0.01875
1 0.3171875 0.396875 0.040625 0.0109375
1 0.93125 0.41484375 0.0421875 0.0109375
1 0.41171875 0.30859375 0.0375 0.0078125
1 0.38671875 0.41875 0.040625 0.0125
1 0.50703125 0.38984375 0.040625 0.0109375
1 0.6609375 0.36796875 0.0390625 0.0109375
0 0.15390625 0.253125 0.0421875 0.015625
1 0.51171875 0.403125 0.040625 0.009375
1 0.87265625 0.39453125 0.040625 0.0125
1 0.8515625 0.84609375 0.040625 0.0140625
1 0.13125 0.36640625 0.0390625 0.009375
1 0.6828125 0.86796875 0.0421875 0.015625
1 0.21171875 0.496875 0.0421875 0.0171875
1 0.59609375 0.39765625 0.0390625 0.009375
1 0.77421875 0.8546875 0.04375 0.0140625
1 0.19375 0.9296875 0.0453125 0.01875
1 0.1671875 0.6640625 0.046875 0.021875
1 0.3578125 0.35 0.0390625 0.009375
1 0.01328125 0.453125 0.0265625 0.015625
1 0.225 0.65078125 0.0453125 0.0203125
1 0.528125 0.42109375 0.040625 0.0109375
1 0.54296875 0.4109375 0.040625 0.0125
1 0.88515625 0.34375 0.040625 0.0109375
1 0.51484375 0.4234375 0.040625 0.0109375
1 0.31796875 0.36875 0.040625 0.0109375
1 0.6046875 0.328125 0.0390625 0.009375
1 0.38125 0.88046875 0.0421875 0.0140625
1 0.32734375 0.36015625 0.040625 0.009375
1 0.6203125 0.36796875 0.040625 0.009375
1 0.35078125 0.6328125 0.0453125 0.015625
1 0.496875 0.42734375 0.040625 0.0125
1 0.37578125 0.42109375 0.040625 0.0109375
1 0.659375 0.384375 0.040625 0.0109375
1 0.63515625 0.3921875 0.040625 0.009375
1 0.02265625 0.4203125 0.040625 0.0109375
1 0.75 0.85625 0.040625 0.0125
1 0.534375 0.35234375 0.0390625 0.009375
4 0.58046875 0.865625 0.109375 0.096875
1 0.37109375 0.40859375 0.0390625 0.0078125
1 0.64375 0.4046875 0.0421875 0.0109375
1 0.15546875 0.3296875 0.0375 0.0078125
1 0.6703125 0.85703125 0.040625 0.0125
1 0.47578125 0.85 0.0375 0.0078125
1 0.60546875 0.3125 0.0390625 0.009375
1 0.1578125 0.93046875 0.0453125 0.0171875
1 0.62265625 0.38203125 0.0390625 0.009375
1 0.4953125 0.35 0.040625 0.0140625
3 0.91015625 0.5265625 0.1734375 0.1453125
1 0.49140625 0.384375 0.0390625 0.00625
1 0.65625 0.32109375 0.0375 0.0078125
1 0.35390625 0.31328125 0.0375 0.0078125
1 0.8625 0.3140625 0.0390625 0.009375
1 0.48671875 0.3703125 0.0390625 0.009375
1 0.5328125 0.32734375 0.0375 0.0078125
1 0.88125 0.3265625 0.040625 0.0109375
1 0.49140625 0.84921875 0.040625 0.0109375
1 0.37109375 0.33359375 0.0390625 0.0078125
1 0.81328125 0.821875 0.0390625 0.0078125
1 0.7578125 0.8484375 0.0390625 0.009375
1 0.84609375 0.43046875 0.0390625 0.0109375
1 0.46953125 0.35703125 0.0390625 0.0078125
1 0.46015625 0.84453125 0.0390625 0.0078125
1 0.840625 0.3015625 0.0390625 0.0078125
1 0.33671875 0.35234375 0.040625 0.009375
0 0.721875 0.7375 0.04375 0.015625
1 0.865625 0.9640625 0.0484375 0.009375
1 0.1484375 0.359375 0.040625 0.009375
1 0.9265625 0.35859375 0.0421875 0.0109375
3 0.95546875 0.34453125 0.0890625 0.1359375
1 0.60078125 0.290625 0.0375 0.0078125
1 0.19609375 0.65546875 0.040625 0.0140625
1 0.42109375 0.4578125 0.0390625 0.00625
1 0.490625 0.296875 0.0375 0.009375
1 0.86796875 0.809375 0.0375 0.00625
1 0.79375 0.82421875 0.040625 0.0078125
1 0.91796875 0.33203125 0.040625 0.009375
1 0.30078125 0.94140625 0.0421875 0.021875
1 0.66953125 0.31640625 0.0390625 0.0109375
1 0.115625 0.9625 0.0453125 0.01875
0 0.70234375 0.74609375 0.0453125 0.0171875
1 0.8921875 0.31875 0.040625 0.009375
1 0.796875 0.2796875 0.0390625 0.00625
1 0.13671875 0.3546875 0.040625 0.009375
1 0.63984375 0.36953125 0.0421875 0.0109375
1 0.31171875 0.36015625 0.0390625 0.009375
1 0.7921875 0.2875 0.0375 0.0078125
1 0.8515625 0.3046875 0.040625 0.009375
1 0.87421875 0.30390625 0.040625 0.009375
1 0.12890625 0.334375 0.040625 0.0109375
1 0.8625 0.29921875 0.040625 0.0109375
1 0.096875 0.96875 0.046875 0.01875
1 0.040625 0.4171875 0.0390625 0.0109375
1 0.50859375 0.84765625 0.040625 0.0109375
1 0.3171875 0.34921875 0.0390625 0.0078125
1 0.1265625 0.93515625 0.0421875 0.0140625
1 0.840625 0.27578125 0.0390625 0.0078125
1 0.78515625 0.965625 0.053125 0.0171875
1 0.1359375 0.33203125 0.040625 0.0109375
1 0.859375 0.81015625 0.0359375 0.0046875
1 0.0421875 0.38828125 0.0421875 0.0125
1 0.14453125 0.921875 0.0421875 0.0140625
1 0.36875 0.31484375 0.0375 0.0078125
0 0.3171875 0.71796875 0.040625 0.009375
1 0.153125 0.9046875 0.040625 0.0109375
1 0.0140625 0.41640625 0.028125 0.0140625
1 0.1140625 0.3359375 0.0390625 0.009375
1 0.37421875 0.31953125 0.0390625 0.0078125
1 0.88359375 0.2953125 0.040625 0.0109375
1 0.17578125 0.9234375 0.04375 0.0109375
1 0.096875 0.94453125 0.0421875 0.0125