3 0.1515625 0.34453125 0.0921875 0.096875
3 0.4765625 0.2578125 0.0765625 0.08125
3 0.25390625 0.88203125 0.0625 0.0703125
0 0.7421875 0.14765625 0.028125 0.021875
1 0.12578125 0.465625 0.028125 0.0203125
1 0.32109375 0.490625 0.0296875 0.0203125
1 0.70234375 0.48359375 0.0296875 0.021875
1 0.27109375 0.496875 0.0296875 0.021875
1 0.57109375 0.50390625 0.0296875 0.0234375
1 0.6296875 0.4453125 0.028125 0.021875
1 0.45078125 0.54140625 0.0296875 0.025
1 0.96328125 0.3234375 0.028125 0.01875
1 0.10546875 0.42109375 0.028125 0.0203125
3 0.05390625 0.4859375 0.1078125 0.125
1 0.6625 0.42890625 0.028125 0.0203125
1 0.2984375 0.54375 0.03125 0.0265625
1 0.3078125 0.509375 0.0296875 0.0234375
1 0.09765625 0.58984375 0.03125 0.025
1 0.2015625 0.95234375 0.034375 0.03125
4 0.81796875 0.81953125 0.0734375 0.0625
0 0.76484375 0.14453125 0.0296875 0.025
1 0.7375 0.515625 0.0296875 0.0234375
1 0.74609375 0.86953125 0.028125 0.0203125
0 0.23984375 0.23203125 0.028125 0.0203125
1 0.85078125 0.884375 0.0296875 0.0234375
1 0.64140625 0.40859375 0.028125 0.0203125
4 0.50546875 0.3703125 0.09375 0.0828125
1 0.88984375 0.3015625 0.0265625 0.0171875
1 0.02578125 0.41875 0.028125 0.0203125
1 0.34375 0.31640625 0.0265625 0.01875
1 0.68046875 0.43125 0.028125 0.0203125
1 0.32421875 0.340625 0.0265625 0.01875
1 0.98828125 0.38984375 0.0234375 0.0203125
1 0.09765625 0.97109375 0.034375 0.034375
0 0.209375 0.246875 0.0296875 0.0203125
1 0.38359375 0.5921875 0.03125 0.0265625
1 0.7015625 0.4484375 0.0296875 0.021875
1 0.8734375 0.30625 0.028125 0.01875
1 0.371875 0.33046875 0.028125 0.0171875
1 0.921875 0.88828125 0.03125 0.025
1 0.3671875 0.42421875 0.028125 0.021875
1 0.66328125 0.409375 0.028125 0.01875
0 0.2359375 0.2109375 0.028125 0.0203125
0 0.7453125 0.175 0.028125 0.0203125
1 0.5875 0.440625 0.0296875 0.021875
1 0.15078125 0.91796875 0.028125 0.0203125
1 0.5546875 0.421875 0.028125 0.0203125
1 0.52109375 0.2890625 0.0265625 0.01875
2 0.74375 0.19921875 0.1109375 0.071875
1 0.92890625 0.35234375 0.028125 0.01875
1 0.80625 0.3703125 0.028125 0.01875
1 0.6125 0.4125 0.028125 0.01875
4 0.9421875 0.496875 0.115625 0.153125
1 0.64140625 0.428125 0.028125 0.021875
1 0.31953125 0.47109375 0.0296875 0.01875
0 0.7546875 0.1078125 0.0296875 0.0203125
0 0.09296875 0.1953125 0.03125 0.025
1 0.290625 0.4921875 0.03125 0.0203125
1 0.82265625 0.59921875 0.03125 0.021875
1 0.6234375 0.4125 0.028125 0.0203125
1 0.81015625 0.95546875 0.0390625 0.040625
1 0.4578125 0.4 0.028125 0.0203125
1 0.5515625 0.403125 0.028125 0.0171875
1 0.01171875 0.4015625 0.0234375 0.01875
1 0.09296875 0.54609375 0.03125 0.0234375
1 0.553125 0.3875 0.028125 0.01875
0 0.05703125 0.15078125 0.03125 0.0265625
1 0.16875 0.284375 0.0265625 0.0171875
1 0.69921875 0.4046875 0.028125 0.0203125
0 0.1390625 0.065625 0.03125 0.0234375
1 0.42421875 0.3390625 0.0265625 0.01875
1 0.57890625 0.275 0.025 0.0171875
1 0.63828125 0.2703125 0.025 0.015625
1 0.93125 0.390625 0.0296875 0.0203125
1 0.1796875 0.9234375 0.0296875 0.021875
1 0.62890625 0.57265625 0.03125 0.028125
1 0.3484375 0.4375 0.028125 0.0203125
0 0.7515625 0.16328125 0.028125 0.0203125
1 0.20078125 0.9109375 0.0265625 0.01875
1 0.4421875 0.37890625 0.028125 0.0203125
1 0.58671875 0.3609375 0.028125 0.0203125
1 0.41015625 0.29609375 0.0265625 0.0171875
1 0.44453125 0.4140625 0.028125 0.0203125
0 0.0515625 0.21640625 0.0296875 0.0234375
1 0.5546875 0.35078125 0.0265625 0.01875
1 0.40859375 0.34921875 0.028125 0.0203125
1 0.26953125 0.434375 0.0296875 0.0203125
1 0.8515625 0.30234375 0.028125 0.01875
1 0.6171875 0.32265625 0.0265625 0.0171875
1 0.37421875 0.35078125 0.028125 0.021875
1 0.08125 0.38125 0.028125 0.01875
1 0.4484375 0.459375 0.0265625 0.01875
1 0.715625 0.4203125 0.028125 0.021875
1 0.690625 0.48515625 0.0296875 0.0234375
0 0.12578125 0.08046875 0.028125 0.0203125
1 0.81953125 0.24921875 0.028125 0.015625
1 0.596875 0.37421875 0.028125 0.01875
1 0.37578125 0.2734375 0.025 0.015625
1 0.921875 0.85 0.025 0.015625
1 0.88046875 0.85078125 0.0265625 0.0171875
1 0.62265625 0.3765625 0.028125 0.0171875
1 0.58984375 0.42109375 0.028125 0.0203125
1 0.65 0.37890625 0.028125 0.01875
1 0.46640625 0.29140625 0.0265625 0.015625
1 0.57734375 0.403125 0.028125 0.0203125
1 0.69765625 0.43046875 0.028125 0.01875
1 0.28984375 0.3421875 0.0265625 0.0203125
1 0.5328125 0.26796875 0.028125 0.015625
0 0.70703125 0.15390625 0.028125 0.01875
0 0.253125 0.209375 0.0296875 0.021875
1 0.46640625 0.32734375 0.028125 0.01875
1 0.33046875 0.44609375 0.028125 0.0203125
1 0.0921875 0.365625 0.028125 0.0171875
0 0.26015625 0.24765625 0.025 0.015625
0 0.27578125 0.8328125 0.028125 0.0203125
1 0.56796875 0.35 0.028125 0.0234375
0 0.26484375 0.20625 0.0296875 0.021875
0 0.05390625 0.23828125 0.0296875 0.0203125
1 0.640625 0.2578125 0.0265625 0.015625
1 0.6078125 0.34765625 0.0265625 0.01875
1 0.34921875 0.36328125 0.028125 0.021875
0 0.115625 0.09296875 0.0296875 0.021875
1 0.38671875 0.30078125 0.0265625 0.0171875
1 0.85546875 0.82265625 0.0265625 0.01875
1 0.32578125 0.37578125 0.0296875 0.01875
1 0.3609375 0.39375 0.028125 0.021875
0 0.7546875 0.221875 0.0265625 0.0171875
0 0.10390625 0.1 0.0296875 0.025
0 0.75 0.12578125 0.0296875 0.0203125
1 0.334375 0.36640625 0.028125 0.01875
1 0.13359375 0.9203125 0.028125 0.01875
1 0.19296875 0.35 0.0296875 0.021875
1 0.6890625 0.40390625 0.0265625 0.01875
0 0.19453125 0.2375 0.0296875 0.01875
1 0.34140625 0.265625 0.0265625 0.0171875
1 0.3484375 0.390625 0.028125 0.025
0 0.275 0.28359375 0.028125 0.01875
0 0.23984375 0.1984375 0.025 0.0140625
1 0.634375 0.32734375 0.028125 0.01875
1 0.6359375 0.38828125 0.028125 0.0203125
1 0.60546875 0.3859375 0.028125 0.0203125
1 0.5046875 0.26875 0.0265625 0.015625
1 0.6203125 0.34453125 0.0296875 0.0203125
1 0.015625 0.375 0.0265625 0.0171875
1 0.55234375 0.26484375 0.0265625 0.0171875
1 0.909375 0.8375 0.025 0.015625
1 0.5953125 0.34453125 0.028125 0.015625
0 0.17890625 0.14609375 0.028125 0.01875
0 0.2046875 0.1515625 0.028125 0.0234375
1 0.440625 0.734375 0.0265625 0.0171875
0 0.403125 0.7125 0.028125 0.0203125
1 0.328125 0.39609375 0.028125 0.0171875
1 0.3 0.3671875 0.0296875 0.0203125
1 0.01171875 0.6359375 0.0234375 0.025
1 0.7265625 0.8328125 0.0265625 0.0171875
0 0.078125 0.07578125 0.03125 0.025
1 0.54453125 0.2609375 0.028125 0.01875
0 0.68046875 0.178125 0.028125 0.01875
1 0.66796875 0.39296875 0.028125 0.0171875
1 0.90546875 0.865625 0.0234375 0.015625
1 0.63828125 0.34375 0.028125 0.01875
1 0.3609375 0.37421875 0.0265625 0.015625
0 0.20078125 0.22890625 0.0265625 0.0171875
1 0.74140625 0.85625 0.025 0.015625
1 0.66796875 0.334375 0.028125 0.0203125
1 0.64765625 0.3578125 0.028125 0.015625
1 0.3140625 0.36015625 0.0265625 0.015625
1 0.959375 0.8984375 0.03125 0.0234375
1 0.5234375 0.265625 0.025 0.01875
1 0.3515625 0.4171875 0.0296875 0.01875
1 0.615625 0.39140625 0.028125 0.0203125
1 0.60546875 0.37109375 0.028125 0.0171875
1 0.56171875 0.26015625 0.0265625 0.0171875
1 0.70546875 0.4203125 0.0296875 0.0203125
1 0.403125 0.2921875 0.025 0.01875
1 0.28359375 0.471875 0.0296875 0.021875
0 0.425 0.7234375 0.028125 0.015625
1 0.65546875 0.321875 0.028125 0.0203125
0 0.29453125 0.29453125 0.028125 0.01875
0 0.20625 0.3296875 0.03125 0.025
1 0.6234375 0.36328125 0.0265625 0.015625
0 0.29375 0.2796875 0.0296875 0.01875
1 0.3890625 0.99296875 0.0375 0.0140625
1 0.3046875 0.45859375 0.0265625 0.0171875
1 0.7640625 0.90625 0.028125 0.021875
1 0.28515625 0.3234375 0.028125 0.01875