4 0.89765625 0.35234375 0.07578125 0.109375
2 0.7703125 0.21953125 0.0921875 0.06015625
3 0.10703125 0.85546875 0.0875 0.0984375
1 0.39609375 0.465625 0.0109375 0.01875
1 0.61796875 0.871875 0.0109375 0.01796875
1 0.15 0.42578125 0.009375 0.01640625
1 0.16875 0.40390625 0.00859375 0.015625
4 0.815625 0.84609375 0.0890625 0.07890625
1 0.0828125 0.40859375 0.009375 0.01640625
1 0.678125 0.503125 0.0125 0.02109375
1 0.6609375 0.503125 0.01171875 0.02109375
1 0.5203125 0.39765625 0.01015625 0.0171875
1 0.3859375 0.3953125 0.01015625 0.01640625
1 0.20390625 0.44140625 0.0109375 0.0171875
1 0.92734375 0.465625 0.01171875 0.01953125
1 0.68359375 0.85703125 0.01015625 0.0171875
3 0.76015625 0.83125 0.04375 0.05546875
1 0.2421875 0.50625 0.0109375 0.0203125
1 0.35625 0.50078125 0.0125 0.02109375
1 0.821875 0.4484375 0.0109375 0.01875
1 0.321875 0.85625 0.00859375 0.015625
1 0.6765625 0.8953125 0.01328125 0.021875
1 0.85078125 0.59453125 0.01171875 0.01484375
2 0.24609375 0.22578125 0.08984375 0.04765625
1 0.44609375 0.43671875 0.01015625 0.01875
1 0.74609375 0.5078125 0.01171875 0.02109375
1 0.75390625 0.53515625 0.01171875 0.02109375
1 0.78203125 0.93359375 0.0171875 0.03203125
1 0.971875 0.4046875 0.01171875 0.01640625
1 0.6734375 0.4625 0.0109375 0.01875
1 0.27421875 0.54765625 0.0125 0.02265625
1 0.55234375 0.52265625 0.01015625 0.021875
1 0.82109375 0.38515625 0.009375 0.01640625
1 0.496875 0.39765625 0.009375 0.015625
1 0.309375 0.40234375 0.009375 0.015625
1 0.66796875 0.3984375 0.01015625 0.0171875
1 0.659375 0.484375 0.0109375 0.015625
1 0.2546875 0.640625 0.01328125 0.0234375
1 0.40625 0.8796875 0.01015625 0.01953125
1 0.66953125 0.52734375 0.01171875 0.02109375
1 0.57890625 0.36796875 0.00859375 0.0140625
1 0.4078125 0.35546875 0.009375 0.01484375
1 0.58359375 0.340625 0.0078125 0.01328125
1 0.6796875 0.43828125 0.01015625 0.01796875
0 0.19375 0.73515625 0.01796875 0.03359375
1 0.240625 0.89453125 0.01328125 0.02265625
0 0.18359375 0.2015625 0.01484375 0.02421875
1 0.46484375 0.3890625 0.01015625 0.015625
1 0.7 0.34609375 0.00859375 0.015625
1 0.55546875 0.49453125 0.01015625 0.0203125
1 0.12890625 0.42421875 0.009375 0.0171875
1 0.7234375 0.859375 0.00859375 0.01640625
1 0.51875 0.37109375 0.00859375 0.0140625
1 0.34765625 0.3984375 0.01015625 0.0140625
1 0.56796875 0.371875 0.00859375 0.015625
1 0.85703125 0.9203125 0.01484375 0.02578125
1 0.4484375 0.3734375 0.009375 0.0140625
1 0.81640625 0.42734375 0.0109375 0.01796875
1 0.39296875 0.35703125 0.0078125 0.0140625
1 0.5375 0.88671875 0.0109375 0.02265625
1 0.6734375 0.38125 0.009375 0.015625
1 0.06328125 0.45234375 0.0109375 0.01484375
1 0.57109375 0.3015625 0.00703125 0.0125
1 0.60546875 0.409375 0.009375 0.01640625
1 0.48359375 0.390625 0.009375 0.015625
1 0.328125 0.3828125 0.00859375 0.01484375
0 0.8234375 0.22421875 0.0109375 0.01875
1 0.4796875 0.4046875 0.009375 0.01328125
1 0.11953125 0.42734375 0.01015625 0.015625
1 0.1796875 0.87578125 0.009375 0.01796875
1 0.85546875 0.33515625 0.00859375 0.01328125
1 0.35 0.8828125 0.0109375 0.01875
1 0.78671875 0.471875 0.0109375 0.0203125
1 0.3953125 0.40625 0.0078125 0.0140625
1 0.2578125 0.87734375 0.01328125 0.01796875
1 0.8421875 0.9015625 0.0140625 0.021875
1 0.84609375 0.634375 0.01484375 0.025
1 0.62890625 0.33828125 0.0078125 0.0140625
1 0.9890625 0.41171875 0.01171875 0.01875
1 0.7875 0.6265625 0.0140625 0.0234375
1 0.46484375 0.42421875 0.009375 0.015625
1 0.44921875 0.41484375 0.01015625 0.01640625
1 0.10234375 0.378125 0.01015625 0.0140625
1 0.47890625 0.425 0.01015625 0.01484375
1 0.66953125 0.353125 0.009375 0.01484375
1 0.38046875 0.33828125 0.0078125 0.0140625
1 0.6515625 0.86875 0.0109375 0.01796875
1 0.66015625 0.3453125 0.009375 0.0140625
1 0.36875 0.37890625 0.009375 0.0140625
1 0.66015625 0.61953125 0.01328125 0.01953125
1 0.496875 0.42734375 0.01015625 0.01640625
1 0.6171875 0.41015625 0.009375 0.01484375
1 0.33125 0.3984375 0.009375 0.015625
1 0.35625 0.4046875 0.009375 0.0140625
1 0.96875 0.37890625 0.009375 0.01484375
1 0.28203125 0.8765625 0.01015625 0.01640625
1 0.453125 0.35625 0.0078125 0.01328125
4 0.4515625 0.87109375 0.07109375 0.0953125
1 0.6203125 0.39765625 0.00859375 0.0125
1 0.3484375 0.41796875 0.0109375 0.01484375
1 0.828125 0.3 0.00703125 0.0125
1 0.36171875 0.8703125 0.009375 0.01640625
1 0.5546875 0.846875 0.00703125 0.0125
1 0.37890625 0.32265625 0.00859375 0.0140625
1 0.878125 0.89921875 0.01328125 0.0203125
1 0.3671875 0.39296875 0.0078125 0.01328125
1 0.49140625 0.35 0.01015625 0.0171875
3 0.09375 0.5625 0.13203125 0.13828125
1 0.4984375 0.384375 0.00859375 0.01015625
1 0.32890625 0.33515625 0.00625 0.0125
1 0.62890625 0.3015625 0.00703125 0.01171875
1 0.12265625 0.34609375 0.00859375 0.01328125
1 0.5015625 0.36953125 0.00859375 0.0140625
1 0.45234375 0.33046875 0.00703125 0.0125
1 0.1046875 0.36015625 0.009375 0.015625
1 0.5390625 0.846875 0.01015625 0.01484375
1 0.6140625 0.32265625 0.00859375 0.0125
1 0.215625 0.84765625 0.0078125 0.0125
1 0.2734375 0.86953125 0.00859375 0.0140625
1 0.14921875 0.4609375 0.0078125 0.01484375
1 0.51796875 0.3546875 0.0078125 0.01171875
1 0.56953125 0.83984375 0.0078125 0.01171875
1 0.14375 0.33203125 0.0078125 0.0125
1 0.65 0.33828125 0.009375 0.0140625
0 0.3 0.75625 0.0125 0.01875
1 0.1765625 0.99375 0.01796875 0.0125
1 0.83828125 0.32890625 0.009375 0.01328125
1 0.0625 0.39609375 0.0109375 0.01484375
3 0.028125 0.3859375 0.05546875 0.1359375
1 0.38125 0.3 0.00703125 0.01171875
1 0.81640625 0.628125 0.01015625 0.0171875
1 0.575 0.45078125 0.00859375 0.0109375
1 0.49140625 0.296875 0.00625 0.01328125
1 0.16015625 0.840625 0.00703125 0.01015625
1 0.2359375 0.8484375 0.009375 0.0125
1 0.06875 0.36875 0.009375 0.01328125
1 0.73671875 0.92265625 0.0109375 0.025
1 0.31484375 0.33203125 0.00859375 0.01484375
1 0.9234375 0.92734375 0.01328125 0.02265625
0 0.31953125 0.7625 0.01328125 0.02109375
1 0.09375 0.35390625 0.009375 0.01328125
1 0.18515625 0.30625 0.00859375 0.0109375
1 0.84921875 0.3234375 0.009375 0.01328125
1 0.34921875 0.38203125 0.0109375 0.0140625
1 0.67578125 0.34453125 0.00859375 0.01328125
1 0.190625 0.3140625 0.00625 0.0125
1 0.1328125 0.3359375 0.009375 0.0140625
1 0.11015625 0.3375 0.009375 0.01328125
1 0.85546875 0.30234375 0.009375 0.01484375
1 0.12109375 0.33125 0.009375 0.015625
1 0.953125 0.98828125 0.0171875 0.0234375
1 0.9421875 0.93203125 0.01484375 0.021875
1 0.95078125 0.37734375 0.00859375 0.01484375
1 0.521875 0.846875 0.009375 0.01484375
1 0.66875 0.33359375 0.0078125 0.01171875
1 0.996875 0.37734375 0.00625 0.0140625
1 0.91015625 0.90078125 0.0109375 0.01796875
1 0.14140625 0.30625 0.00859375 0.0125
1 0.25625 0.9890625 0.021875 0.01953125
1 0.84765625 0.30078125 0.01015625 0.0140625
1 0.16875 0.840625 0.00546875 0.009375
1 0.94609375 0.3484375 0.0109375 0.01640625
1 0.890625 0.8890625 0.01171875 0.01796875
1 0.61484375 0.30390625 0.00703125 0.0125
0 0.70078125 0.7015625 0.009375 0.01328125
1 0.88046875 0.87265625 0.01015625 0.01484375
1 0.98359375 0.37421875 0.0125 0.0171875
1 0.8703125 0.303125 0.0078125 0.0140625
1 0.609375 0.309375 0.0078125 0.01171875
1 0.1 0.3296875 0.01015625 0.0140625
1 0.86015625 0.89375 0.0125 0.01484375
1 0.940625 0.9078125 0.01171875 0.015625