4 0.5984375 0.38046875 0.09375 0.1015625
3 0.109375 0.3234375 0.0921875 0.084375
3 0.19296875 0.8578125 0.146875 0.1515625
3 0.8578125 0.36171875 0.078125 0.078125
1 0.69375 0.56015625 0.03125 0.0234375
0 0.86015625 0.221875 0.0265625 0.0171875
1 0.13046875 0.3734375 0.0265625 0.0171875
1 0.28515625 0.4625 0.0296875 0.0203125
1 0.93828125 0.58125 0.03125 0.0234375
1 0.7234375 0.59921875 0.03125 0.0234375
1 0.75234375 0.525 0.0296875 0.0203125
1 0.8203125 0.4703125 0.028125 0.01875
1 0.19140625 0.3921875 0.0265625 0.015625
1 0.95625 0.4328125 0.028125 0.0171875
1 0.65859375 0.39765625 0.025 0.015625
1 0.6234375 0.89765625 0.0296875 0.021875
0 0.8 0.19375 0.0265625 0.01875
3 0.77265625 0.85703125 0.0859375 0.0671875
1 0.5125 0.9015625 0.03125 0.0203125
1 0.34765625 0.421875 0.025 0.0171875
1 0.665625 0.45 0.0265625 0.0171875
1 0.4296875 0.5703125 0.0296875 0.0234375
1 0.3984375 0.48984375 0.0296875 0.0203125
1 0.4171875 0.55 0.0296875 0.0234375
1 0.2125 0.403125 0.025 0.0171875
1 0.7375 0.56875 0.0296875 0.021875
0 0.80625 0.2375 0.028125 0.021875
1 0.67109375 0.46796875 0.028125 0.021875
1 0.37890625 0.53359375 0.0265625 0.0203125
1 0.41171875 0.39453125 0.0265625 0.01875
1 0.08203125 0.38515625 0.0265625 0.0171875
1 0.4421875 0.39921875 0.0265625 0.0140625
1 0.6640625 0.53671875 0.0296875 0.021875
1 0.1078125 0.4015625 0.0265625 0.01875
1 0.39375 0.38125 0.0265625 0.015625
1 0.36796875 0.3734375 0.025 0.015625
1 0.68828125 0.534375 0.028125 0.021875
1 0.73515625 0.478125 0.0265625 0.01875
0 0.83671875 0.19921875 0.0265625 0.0171875
1 0.5125 0.34140625 0.025 0.0140625
0 0.23125 0.20703125 0.0265625 0.0171875
1 0.4671875 0.5046875 0.0296875 0.021875
1 0.2953125 0.42265625 0.0265625 0.0171875
1 0.309375 0.853125 0.0265625 0.0171875
1 0.4484375 0.540625 0.03125 0.021875
0 0.14765625 0.16328125 0.028125 0.01875
1 0.684375 0.86875 0.0234375 0.0140625
1 0.6734375 0.334375 0.025 0.0125
1 0.82109375 0.92734375 0.03125 0.025
0 0.8046875 0.265625 0.0265625 0.015625
4 0.4078125 0.8546875 0.1046875 0.0984375
1 0.5890625 0.8953125 0.0296875 0.0234375
1 0.7234375 0.48125 0.028125 0.01875
1 0.28203125 0.5640625 0.0296875 0.0203125
1 0.85 0.9578125 0.0328125 0.028125
1 0.4234375 0.46015625 0.0265625 0.0140625
1 0.678125 0.39921875 0.0265625 0.0140625
1 0.3953125 0.44609375 0.0265625 0.015625
1 0.3171875 0.3984375 0.028125 0.0203125
0 0.83984375 0.16875 0.028125 0.01875
1 0.3328125 0.4640625 0.028125 0.0203125
1 0.74140625 0.5515625 0.028125 0.015625
1 0.621875 0.51953125 0.028125 0.021875
1 0.92890625 0.41015625 0.025 0.0109375
1 0.08671875 0.92890625 0.0390625 0.040625
1 0.52421875 0.64296875 0.0296875 0.0203125
0 0.82734375 0.15625 0.0296875 0.0203125
0 0.74609375 0.2359375 0.0265625 0.01875
1 0.5421875 0.39375 0.025 0.015625
1 0.46953125 0.38125 0.0265625 0.015625
1 0.45703125 0.52578125 0.028125 0.01875
0 0.8625 0.18125 0.0265625 0.01875
1 0.44765625 0.48515625 0.028125 0.01875
1 0.44765625 0.44609375 0.028125 0.01875
1 0.83125 0.4859375 0.025 0.0171875
1 0.15625 0.44140625 0.0265625 0.0171875
1 0.67578125 0.41484375 0.0265625 0.015625
1 0.4078125 0.63671875 0.0265625 0.0171875
0 0.85546875 0.19765625 0.0265625 0.015625
1 0.9296875 0.42421875 0.0265625 0.0171875
1 0.578125 0.88359375 0.03125 0.0203125
1 0.17109375 0.403125 0.0265625 0.0171875
1 0.28828125 0.83984375 0.025 0.0140625
1 0.3859375 0.50859375 0.0296875 0.021875
1 0.6578125 0.35703125 0.025 0.0140625
1 0.9015625 0.40703125 0.0265625 0.01875
1 0.846875 0.90546875 0.025 0.015625
1 0.43671875 0.49609375 0.028125 0.01875
0 0.20390625 0.10390625 0.0265625 0.015625
1 0.43671875 0.52890625 0.0296875 0.0203125
1 0.59140625 0.8796875 0.028125 0.015625
1 0.63125 0.4140625 0.0265625 0.0171875
1 0.70703125 0.46796875 0.028125 0.01875
1 0.07890625 0.3625 0.0265625 0.015625
1 0.48515625 0.3296875 0.025 0.0140625
1 0.70625 0.44765625 0.028125 0.01875
0 0.24921875 0.20546875 0.0265625 0.0171875
1 0.9546875 0.37890625 0.025 0.0140625
0 0.16484375 0.1125 0.0265625 0.0171875
0 0.7609375 0.22890625 0.028125 0.01875
1 0.4859375 0.50390625 0.025 0.015625
1 0.53125 0.384375 0.025 0.0140625
1 0.4171875 0.4796875 0.028125 0.0171875
1 0.4578125 0.42890625 0.0265625 0.0171875
0 0.2203125 0.0890625 0.028125 0.01875
1 0.9171875 0.42265625 0.0265625 0.0171875
1 0.796875 0.9625 0.034375 0.0328125
0 0.2421875 0.190625 0.0265625 0.0171875
1 0.49609375 0.44296875 0.0265625 0.0171875
1 0.553125 0.35625 0.025 0.0140625
1 0.88828125 0.92421875 0.028125 0.021875
1 0.509375 0.4203125 0.028125 0.0171875
1 0.9015625 0.38125 0.025 0.0140625
1 0.46640625 0.47734375 0.0296875 0.0203125
1 0.5328125 0.3453125 0.025 0.0140625
1 0.53125 0.3734375 0.0265625 0.0125
1 0.27421875 0.88671875 0.0296875 0.0125
1 0.38359375 0.4765625 0.028125 0.01875
1 0.48671875 0.44765625 0.028125 0.0203125
0 0.75625 0.74921875 0.0234375 0.0140625
1 0.296875 0.4515625 0.028125 0.01875
1 0.2734375 0.85546875 0.0296875 0.0203125
0 0.83828125 0.246875 0.0265625 0.0171875
0 0.85078125 0.23828125 0.0265625 0.015625
1 0.34375 0.33046875 0.025 0.0140625
0 0.7640625 0.734375 0.025 0.0171875
1 0.89296875 0.37578125 0.025 0.0125
1 0.3796875 0.33203125 0.0265625 0.0140625
1 0.3265625 0.8875 0.03125 0.0171875
1 0.49140625 0.36796875 0.025 0.0140625
0 0.7828125 0.1953125 0.0265625 0.01875
1 0.39375 0.46171875 0.028125 0.0171875
1 0.890625 0.39140625 0.0265625 0.0171875
1 0.5265625 0.30546875 0.025 0.0125
1 0.4796875 0.38125 0.0265625 0.0171875
1 0.99140625 0.43046875 0.0171875 0.0171875
1 0.35234375 0.46640625 0.0296875 0.0203125
1 0.87265625 0.9234375 0.028125 0.01875
0 0.2375 0.10546875 0.028125 0.01875
2 0.27578125 0.2046875 0.1125 0.0546875
1 0.48671875 0.42734375 0.028125 0.01875
1 0.68984375 0.31328125 0.025 0.0125
1 0.8140625 0.90625 0.028125 0.0171875
1 0.371875 0.4703125 0.0265625 0.0171875
1 0.38125 0.45546875 0.0265625 0.015625
1 0.39453125 0.35546875 0.025 0.0140625
1 0.34609375 0.3703125 0.025 0.015625
1 0.78203125 0.8984375 0.0265625 0.01875
1 0.3359375 0.384375 0.028125 0.015625
1 0.48046875 0.46796875 0.028125 0.0203125
1 0.315625 0.44765625 0.0296875 0.0234375
1 0.715625 0.86015625 0.025 0.0109375
0 0.18671875 0.09609375 0.0265625 0.0171875
1 0.32109375 0.42890625 0.025 0.0140625
1 0.46796875 0.4265625 0.0265625 0.01875
0 0.84609375 0.14609375 0.028125 0.0171875
1 0.40234375 0.47265625 0.028125 0.0171875
1 0.634375 0.3984375 0.0265625 0.0140625
1 0.14921875 0.27421875 0.025 0.0125
0 0.8421875 0.21640625 0.0265625 0.0171875
1 0.465625 0.36640625 0.025 0.015625
1 0.55234375 0.34375 0.0234375 0.0140625
1 0.68828125 0.4171875 0.025 0.015625
1 0.4625 0.30078125 0.025 0.0125
1 0.54140625 0.853125 0.025 0.0125
0 0.178125 0.08828125 0.025 0.015625
1 0.459375 0.38046875 0.028125 0.015625
1 0.278125 0.59921875 0.03125 0.021875
1 0.42890625 0.35078125 0.025 0.015625
1 0.0140625 0.93515625 0.028125 0.0296875
1 0.0640625 0.34375 0.0265625 0.0140625
1 0.4984375 0.42421875 0.0265625 0.0171875
1 0.53671875 0.30234375 0.025 0.0140625
1 0.38515625 0.309375 0.0234375 0.0125
1 0.465625 0.453125 0.028125 0.015625
1 0.26015625 0.6265625 0.0296875 0.015625
1 0.3421875 0.4828125 0.025 0.0125
0 0.8484375 0.10703125 0.028125 0.0171875
1 0.32890625 0.44140625 0.028125 0.0171875
1 0.34140625 0.88046875 0.0265625 0.01875
1 0.06796875 0.828125 0.0265625 0.01875
1 0.81953125 0.88671875 0.0234375 0.0125
1 0.4765625 0.30078125 0.025 0.0125
1 0.44921875 0.3453125 0.025 0.0125
0 0.77890625 0.8140625 0.0234375 0.0125
1 0.43671875 0.36484375 0.025 0.0109375
1 0.51171875 0.371875 0.0265625 0.0140625
1 0.70390625 0.4109375 0.028125 0.015625
1 0.2734375 0.628125 0.028125 0.0125
1 0.4734375 0.3640625 0.0265625 0.0140625
1 0.44765625 0.36484375 0.025 0.0140625
1 0.68671875 0.38046875 0.025 0.0125
1 0.50078125 0.36875 0.028125 0.0140625
1 0.45625 0.46640625 0.028125 0.01875
0 0.2015625 0.7625 0.034375 0.025
1 0.41953125 0.340625 0.025 0.0140625
1 0.328125 0.30390625 0.0265625 0.0171875
1 0.79296875 0.9015625 0.028125 0.0171875
1 0.48203125 0.3484375 0.025 0.0140625
1 0.41171875 0.3359375 0.025 0.0125
1 0.9 0.35 0.025 0.0125
2 0.79140625 0.24765625 0.1109375 0.0609375
0 0.82890625 0.07890625 0.025 0.0140625
1 0.43828125 0.60546875 0.0265625 0.0171875
1 0.82734375 0.9953125 0.0359375 0.009375
1 0.53359375 0.33515625 0.025 0.009375
1 0.50546875 0.38046875 0.028125 0.0140625
1 0.13828125 0.284375 0.025 0.0125
0 0.03125 0.15546875 0.0234375 0.01875
1 0.565625 0.3578125 0.0234375 0.0125
1 0.6765625 0.3734375 0.0265625 0.0171875
1 0.30546875 0.4265625 0.0265625 0.015625
1 0.01640625 0.9046875 0.0328125 0.03125
1 0.63515625 0.36171875 0.025 0.0125
1 0.49375 0.39140625 0.0265625 0.0140625
1 0.3078125 0.31640625 0.0265625 0.015625
1 0.49453125 0.3421875 0.025 0.0125
1 0.46484375 0.440625 0.028125 0.0125
1 0.05234375 0.340625 0.028125 0.015625
1 0.4578125 0.29140625 0.025 0.0125
1 0.940625 0.3640625 0.0265625 0.0125
0 0.85546875 0.134375 0.0296875 0.0203125
1 0.5046875 0.403125 0.028125 0.015625
1 0.43671875 0.5921875 0.0265625 0.0140625
1 0.5078125 0.29765625 0.0265625 0.0125
1 0.51796875 0.61875 0.028125 0.01875
1 0.93046875 0.3578125 0.0265625 0.0140625