4 0.6515625 0.28984375 0.0671875 0.0890625
1 0.64765625 0.25703125 0.0078125 0.0109375
1 0.5703125 0.4171875 0.009375 0.01640625
1 0.60546875 0.2734375 0.00625 0.0140625
1 0.4015625 0.51640625 0.01015625 0.0203125
1 0.69296875 0.46171875 0.01015625 0.01875
1 0.2203125 0.97578125 0.021875 0.0375
4 0.10546875 0.3890625 0.09765625 0.103125
1 0.59375 0.315625 0.00703125 0.01328125
1 0.69296875 0.6109375 0.01328125 0.025
1 0.828125 0.3046875 0.0078125 0.01171875
1 0.60859375 0.30546875 0.0078125 0.0125
1 0.6046875 0.36953125 0.00859375 0.01484375
1 0.66171875 0.40390625 0.0109375 0.01484375
1 0.54375 0.3890625 0.01015625 0.015625
1 0.33515625 0.40625 0.009375 0.01328125
1 0.81640625 0.30546875 0.009375 0.0125
1 0.89375 0.33828125 0.00859375 0.0140625
1 0.10390625 0.33125 0.00859375 0.01328125
1 0.725 0.55 0.01171875 0.01875
2 0.24453125 0.20546875 0.08828125 0.0578125
1 0.2359375 0.565625 0.0125 0.021875
2 0.75703125 0.2140625 0.090625 0.0671875
1 0.2265625 0.9 0.01171875 0.02109375
1 0.6078125 0.33671875 0.0078125 0.0140625
1 0.42578125 0.434375 0.0109375 0.0171875
1 0.27734375 0.52890625 0.01171875 0.02109375
1 0.47109375 0.39609375 0.009375 0.01640625
1 0.51796875 0.43828125 0.0109375 0.01875
1 0.5484375 0.359375 0.009375 0.015625
1 0.715625 0.4421875 0.009375 0.01484375
1 0.07890625 0.33671875 0.01015625 0.01875
1 0.54765625 0.2609375 0.0078125 0.0140625
1 0.0328125 0.41796875 0.01015625 0.0140625
1 0.18046875 0.92734375 0.015625 0.02734375
1 0.1171875 0.31796875 0.00859375 0.01171875
1 0.72734375 0.45234375 0.009375 0.0171875
1 0.4046875 0.36875 0.00859375 0.01484375
1 0.840625 0.2703125 0.0078125 0.01171875
1 0.67421875 0.378125 0.0125 0.01640625
1 0.1703125 0.33671875 0.0078125 0.0140625
1 0.3578125 0.42578125 0.009375 0.01796875
3 0.303125 0.46640625 0.0984375 0.14140625
3 0.3140625 0.31484375 0.06015625 0.11015625
4 0.28671875 0.8765625 0.10625 0.103125