3 0.759375 0.8421875 0.075 0.06875
4 0.25546875 0.87421875 0.0625 0.065625
3 0.48828125 0.2515625 0.0609375 0.071875
1 0.3421875 0.49296875 0.0140625 0.0203125
0 0.23515625 0.24609375 0.015625 0.021875
1 0.625 0.45703125 0.0140625 0.01875
1 0.60546875 0.48671875 0.0140625 0.0203125
3 0.91484375 0.425 0.0984375 0.11875
1 0.72734375 0.50390625 0.0140625 0.0203125
0 0.184375 0.2484375 0.0140625 0.01875
0 0.83984375 0.0703125 0.015625 0.0234375
1 0.19609375 0.59609375 0.0171875 0.025
1 0.6734375 0.44375 0.0140625 0.01875
1 0.88046875 0.3703125 0.0125 0.01875
1 0.259375 0.5546875 0.015625 0.021875
1 0.81171875 0.56328125 0.0171875 0.025
1 0.0625 0.45 0.0140625 0.0171875
1 0.29296875 0.4765625 0.0125 0.01875
1 0.06171875 0.475 0.0140625 0.01875
1 0.42265625 0.4953125 0.0140625 0.01875
1 0.34375 0.41328125 0.0125 0.0171875
0 0.1640625 0.16484375 0.0140625 0.0234375
1 0.0046875 0.4984375 0.009375 0.01875
1 0.459375 0.51796875 0.0140625 0.0203125
1 0.54296875 0.4625 0.0140625 0.01875
1 0.59453125 0.45234375 0.0125 0.01875
1 0.1109375 0.39921875 0.0125 0.015625
1 0.7640625 0.88671875 0.0140625 0.0203125
1 0.43046875 0.4328125 0.0125 0.0171875
1 0.29765625 0.62421875 0.0171875 0.025
1 0.30859375 0.50390625 0.0140625 0.01875
4 0.4703125 0.36015625 0.0734375 0.0765625
0 0.71875 0.1546875 0.0125 0.015625
1 0.52109375 0.39296875 0.0125 0.015625
1 0.6875 0.44140625 0.0125 0.01875
1 0.33515625 0.3625 0.0109375 0.015625
1 0.73125 0.4828125 0.0140625 0.0203125
1 0.54609375 0.55703125 0.015625 0.021875
1 0.5359375 0.3921875 0.0125 0.0171875
1 0.0484375 0.45546875 0.0140625 0.01875
1 0.115625 0.34609375 0.0109375 0.0140625
1 0.5640625 0.63984375 0.015625 0.01875
1 0.82734375 0.61953125 0.0171875 0.0234375
1 0.09375 0.359375 0.0109375 0.0140625
1 0.71328125 0.44453125 0.0140625 0.0171875
1 0.4765625 0.4796875 0.0140625 0.01875
1 0.64453125 0.44453125 0.0140625 0.01875
1 0.29609375 0.4375 0.0125 0.01875
0 0.775 0.0078125 0.0140625 0.015625
1 0.5625 0.3734375 0.0125 0.0171875
1 0.11328125 0.453125 0.0140625 0.0171875
1 0.5890625 0.36328125 0.0125 0.015625
1 0.83203125 0.89375 0.015625 0.0234375
1 0.1359375 0.96875 0.015625 0.021875
1 0.5625 0.534375 0.015625 0.0203125
1 0.39609375 0.47109375 0.0125 0.01875
1 0.3515625 0.28046875 0.009375 0.0125
1 0.3109375 0.3671875 0.0109375 0.0140625
0 0.1546875 0.21484375 0.0140625 0.01875
1 0.28515625 0.9171875 0.0140625 0.0203125
1 0.3765625 0.45703125 0.0125 0.01875
1 0.79296875 0.5890625 0.015625 0.0203125
1 0.246875 0.51015625 0.0140625 0.0203125
1 0.73828125 0.5296875 0.0140625 0.021875
0 0.75 0.21015625 0.0140625 0.0171875
1 0.6921875 0.31875 0.0125 0.015625
1 0.06796875 0.38125 0.0125 0.0140625
0 0.19140625 0.22421875 0.0125 0.0171875
1 0.06328125 0.4015625 0.0125 0.015625
1 0.5734375 0.515625 0.0140625 0.0203125
1 0.6078125 0.415625 0.0125 0.0171875
0 0.85 0.0875 0.01875 0.025
1 0.42890625 0.340625 0.0109375 0.015625
0 0.15859375 0.14140625 0.0125 0.015625
1 0.51640625 0.4703125 0.0125 0.01875
1 0.44140625 0.46328125 0.0125 0.0171875
1 0.65390625 0.31015625 0.0109375 0.0140625
0 0.86015625 0.11640625 0.015625 0.021875
1 0.0015625 0.46015625 0.003125 0.0171875
1 0.13671875 0.94296875 0.015625 0.021875
1 0.053125 0.4140625 0.0125 0.015625
1 0.2828125 0.45078125 0.0125 0.01875
0 0.78046875 0.05390625 0.0140625 0.0171875
1 0.5796875 0.6015625 0.0171875 0.025
0 0.78046875 0.10234375 0.0125 0.01875
1 0.8796875 0.32109375 0.0140625 0.01875
1 0.34375 0.31484375 0.0109375 0.0140625
1 0.69140625 0.4234375 0.0140625 0.015625
1 0.2546875 0.98828125 0.0234375 0.0234375
1 0.10078125 0.6453125 0.0125 0.01875
1 0.20390625 0.95703125 0.0171875 0.0265625
1 0.64765625 0.3984375 0.0140625 0.01875
1 0.578125 0.29609375 0.0109375 0.0140625
1 0.409375 0.33046875 0.0109375 0.015625
2 0.7328125 0.1921875 0.0953125 0.0640625
1 0.634375 0.3828125 0.0140625 0.0171875
1 0.42109375 0.365625 0.0125 0.015625
1 0.4484375 0.5109375 0.0140625 0.0203125
1 0.88203125 0.85390625 0.0109375 0.0140625
1 0.4921875 0.459375 0.0125 0.0171875
1 0.31015625 0.4 0.0125 0.015625
0 0.16953125 0.22421875 0.0125 0.015625
1 0.37578125 0.40390625 0.0125 0.0171875
1 0.37265625 0.3125 0.0109375 0.0140625
0 0.78359375 0.0765625 0.015625 0.021875
1 0.63828125 0.425 0.0140625 0.0203125
1 0.83828125 0.86640625 0.0125 0.0171875
1 0.52421875 0.42890625 0.0140625 0.015625
1 0.54375 0.35703125 0.0125 0.015625
1 0.9546875 0.4640625 0.0140625 0.0203125
1 0.384375 0.44453125 0.0125 0.0171875
1 0.3671875 0.425 0.0125 0.0171875
1 0.61875 0.4 0.0125 0.0171875
0 0.17421875 0.18515625 0.0125 0.0171875
1 0.41015625 0.40703125 0.0140625 0.015625
1 0.59296875 0.26875 0.009375 0.0125
1 0.4578125 0.49296875 0.0140625 0.01875
1 0.80546875 0.9296875 0.0203125 0.03125
1 0.209375 0.92734375 0.0140625 0.0203125
0 0.26015625 0.2015625 0.0125 0.0171875
1 0.51015625 0.44140625 0.0125 0.015625
1 0.59453125 0.41171875 0.0140625 0.0171875
1 0.875 0.2421875 0.0109375 0.0125
1 0.6359375 0.3421875 0.0109375 0.0140625
1 0.6703125 0.30625 0.0109375 0.0140625
0 0.7328125 0.74921875 0.0125 0.0171875
1 0.6515625 0.3796875 0.0140625 0.0171875
0 0.80390625 0.03125 0.015625 0.0171875
1 0.52734375 0.37734375 0.0109375 0.015625
1 0.384375 0.4015625 0.0109375 0.0140625
1 0.39296875 0.4265625 0.0125 0.0171875
1 0.42109375 0.39453125 0.0140625 0.015625
1 0.4609375 0.44765625 0.0125 0.015625
1 0.61484375 0.26796875 0.009375 0.0125
1 0.71640625 0.42890625 0.0109375 0.0140625
1 0.54140625 0.3171875 0.0109375 0.0140625
1 0.5390625 0.29296875 0.0109375 0.0140625
0 0.18515625 0.14609375 0.0140625 0.015625
1 0.4671875 0.30546875 0.0109375 0.0140625
1 0.47890625 0.290625 0.0109375 0.0140625
0 0.203125 0.303125 0.0125 0.0171875
1 0.40703125 0.37421875 0.0125 0.0140625
1 0.140625 0.3453125 0.0125 0.0140625
1 0.634375 0.40078125 0.0125 0.0171875
0 0.15859375 0.0828125 0.0140625 0.01875
1 0.44921875 0.29453125 0.0125 0.0171875
0 0.190625 0.17109375 0.0125 0.0171875
1 0.66796875 0.4234375 0.0125 0.01875
0 0.22265625 0.22890625 0.0109375 0.015625
1 0.45546875 0.42109375 0.0140625 0.015625
1 0.4046875 0.30546875 0.0109375 0.0140625
1 0.53984375 0.484375 0.0109375 0.0171875
4 0.47421875 0.91875 0.128125 0.1625
1 0.98515625 0.34140625 0.0109375 0.015625
0 0.81484375 0.04453125 0.0109375 0.0171875
1 0.96015625 0.31328125 0.0109375 0.015625
1 0.47109375 0.2875 0.009375 0.0140625
1 0.6203125 0.63671875 0.0109375 0.0171875
0 0.71640625 0.1734375 0.0125 0.0125
1 0.83515625 0.85 0.009375 0.0109375
1 0.3921875 0.33203125 0.0109375 0.0140625
1 0.4921875 0.290625 0.0109375 0.0140625
1 0.65703125 0.421875 0.0140625 0.0171875
1 0.5296875 0.3484375 0.0125 0.0140625
1 0.36484375 0.35625 0.0125 0.015625
1 0.37265625 0.38359375 0.0125 0.015625
1 0.41015625 0.28828125 0.0109375 0.0140625
1 0.596875 0.33359375 0.0109375 0.0140625
1 0.196875 0.9296875 0.0140625 0.0203125
1 0.32890625 0.89140625 0.0109375 0.015625
1 0.35 0.3546875 0.0125 0.0140625
1 0.62265625 0.38125 0.0109375 0.015625
1 0.69765625 0.4390625 0.0140625 0.0171875
1 0.9453125 0.37421875 0.0109375 0.0109375
1 0.44765625 0.48125 0.0140625 0.0140625
1 0.83984375 0.2390625 0.009375 0.0125
1 0.1890625 0.409375 0.0109375 0.0171875
1 0.64609375 0.34921875 0.0125 0.015625
1 0.28203125 0.33359375 0.0109375 0.0140625
1 0.97265625 0.44609375 0.0125 0.0171875
1 0.43984375 0.3921875 0.0125 0.0171875
1 0.6953125 0.4 0.0140625 0.01875
1 0.3140625 0.89765625 0.0140625 0.0140625
1 0.8109375 0.26796875 0.0109375 0.0125
1 0.52890625 0.2921875 0.0109375 0.0140625
1 0.36328125 0.3953125 0.0125 0.015625
1 0.09375 0.91171875 0.0125 0.015625
0 0.2765625 0.72421875 0.0109375 0.0140625
1 0.0390625 0.37421875 0.0125 0.0171875
1 0.303125 0.41328125 0.0125 0.015625
1 0.39375 0.4109375 0.0125 0.0140625
1 0.39453125 0.3796875 0.0125 0.0171875
1 0.5109375 0.34375 0.0109375 0.0140625
1 0.24453125 0.64296875 0.0125 0.0125
1 0.04921875 0.40078125 0.009375 0.0125
1 0.54375 0.25859375 0.0109375 0.0125
0 0.16484375 0.1015625 0.0125 0.0171875
1 0.275 0.346875 0.0125 0.015625
0 0.3265625 0.7734375 0.0125 0.01875
0 0.40625 0.8140625 0.01875 0.028125
1 0.53984375 0.43359375 0.0140625 0.01875
1 0.5890625 0.25 0.009375 0.0125
0 0.71484375 0.7015625 0.0125 0.0171875
1 0.1609375 0.30234375 0.0125 0.0140625
1 0.521875 0.25234375 0.0078125 0.0125
1 0.47265625 0.42890625 0.0125 0.0171875
1 0.93984375 0.31171875 0.0140625 0.015625
1 0.4375 0.36484375 0.009375 0.0125
1 0.36484375 0.38203125 0.0109375 0.015625
1 0.1328125 0.915625 0.0125 0.015625
1 0.4390625 0.328125 0.0109375 0.0140625
1 0.49609375 0.42734375 0.0140625 0.0171875
1 0.4828125 0.459375 0.0140625 0.015625
1 0.303125 0.878125 0.0109375 0.0140625
1 0.38671875 0.38671875 0.0109375 0.0140625
1 0.43984375 0.290625 0.0109375 0.015625
1 0.45859375 0.46875 0.0140625 0.0203125
1 0.52109375 0.32734375 0.0125 0.0140625
1 0.98515625 0.95078125 0.0234375 0.034375
1 0.671875 0.35390625 0.0109375 0.0125
0 0.72109375 0.2078125 0.0140625 0.01875
1 0.39921875 0.2640625 0.0109375 0.0125
1 0.68515625 0.365625 0.0125 0.015625
0 0.76484375 0.18828125 0.0125 0.0125
1 0.884375 0.29296875 0.0125 0.0140625
1 0.96015625 0.95625 0.0234375 0.0265625
1 0.525 0.55703125 0.0109375 0.0140625
1 0.44296875 0.2734375 0.0109375 0.0140625
1 0.425 0.278125 0.0125 0.0140625
1 0.41640625 0.3828125 0.0125 0.0140625
1 0.928125 0.8671875 0.0125 0.0171875
0 0.16796875 0.13359375 0.009375 0.0140625
1 0.20234375 0.91015625 0.0125 0.015625
1 0.67265625 0.3796875 0.0109375 0.015625
1 0.6765625 0.41484375 0.0125 0.0140625
1 0.3515625 0.38515625 0.0140625 0.015625
1 0.0859375 0.93515625 0.015625 0.01875
1 0.85234375 0.8625 0.0125 0.0171875
1 0.91953125 0.5796875 0.0125 0.0140625
1 0.6625 0.3484375 0.0109375 0.0125
1 0.49921875 0.2875 0.0109375 0.0140625
4 0.03984375 0.6 0.0765625 0.1296875
1 0.50859375 0.3140625 0.0125 0.0125
1 0.16015625 0.89140625 0.009375 0.0125
1 0.5453125 0.42421875 0.0125 0.0171875
1 0.909375 0.8546875 0.0109375 0.0171875
1 0.5890625 0.3421875 0.0125 0.015625
1 0.1015625 0.959375 0.015625 0.021875
1 0.84375 0.8453125 0.0109375 0.0125
0 0.175 0.284375 0.0109375 0.0140625
1 0.66484375 0.365625 0.0125 0.015625
1 0.14140625 0.89140625 0.009375 0.0125
1 0.578125 0.28515625 0.009375 0.0109375
1 0.53203125 0.5359375 0.0125 0.01875
1 0.98359375 0.325 0.0109375 0.0109375
1 0.67890625 0.3984375 0.0109375 0.0125
1 0.5109375 0.3296875 0.0125 0.0125
1 0.17734375 0.8984375 0.0125 0.0140625
1 0.89375 0.27265625 0.0109375 0.0125
0 0.70859375 0.175 0.0109375 0.0140625
1 0.14921875 0.91875 0.009375 0.0125
1 0.51484375 0.45390625 0.0109375 0.0109375
1 0.14921875 0.29921875 0.0125 0.0140625
1 0.5046875 0.42109375 0.0125 0.0171875
1 0.4515625 0.2734375 0.0109375 0.0140625
1 0.6859375 0.3796875 0.0125 0.015625
0 0.146875 0.0859375 0.0140625 0.0171875
1 0.940625 0.86484375 0.0140625 0.0171875
1 0.6625 0.39140625 0.0125 0.0125
1 0.41484375 0.2734375 0.0109375 0.0140625
1 0.484375 0.4265625 0.0125 0.01875
1 0.8984375 0.8375 0.0109375 0.0109375
0 0.6015625 0.709375 0.0125 0.0140625
1 0.0734375 0.67890625 0.0140625 0.0140625
1 0.66640625 0.409375 0.0125 0.0125
1 0.4515625 0.40234375 0.0125 0.0125
1 0.315625 0.6328125 0.0078125 0.0109375
1 0.8796875 0.30390625 0.0125 0.0125
1 0.096875 0.92578125 0.0109375 0.0109375