4 0.3046875 0.44140625 0.09375 0.109375
3 0.86796875 0.32578125 0.0703125 0.06875
4 0.20546875 0.8140625 0.0609375 0.0484375
1 0.83671875 0.5859375 0.021875 0.021875
1 0.40546875 0.41875 0.0171875 0.015625
4 0.04296875 0.43125 0.084375 0.0984375
2 0.24296875 0.20625 0.09375 0.0609375
1 0.64140625 0.525 0.0203125 0.01875
1 0.20703125 0.4671875 0.01875 0.01875
1 0.16171875 0.54765625 0.021875 0.0234375
1 0.896875 0.42421875 0.0171875 0.0140625
1 0.6203125 0.484375 0.01875 0.0171875
3 0.86796875 0.84921875 0.05625 0.05
1 0.22265625 0.4875 0.01875 0.01875
1 0.3546875 0.53203125 0.0203125 0.0203125
0 0.6828125 0.22890625 0.015625 0.015625
1 0.23984375 0.50390625 0.0203125 0.01875
1 0.6328125 0.39609375 0.0171875 0.0140625
1 0.459375 0.37734375 0.0171875 0.0140625
1 0.44375 0.421875 0.0171875 0.0171875
0 0.63515625 0.20234375 0.021875 0.0171875
1 0.24609375 0.45625 0.0171875 0.0171875
1 0.83046875 0.93203125 0.021875 0.025
3 0.94921875 0.49453125 0.0984375 0.109375
1 0.40078125 0.35234375 0.015625 0.015625
0 0.671875 0.253125 0.0171875 0.015625
0 0.11640625 0.1546875 0.021875 0.0203125
1 0.05078125 0.85546875 0.015625 0.015625
0 0.66328125 0.19765625 0.015625 0.0171875
0 0.06875 0.2390625 0.0203125 0.01875
1 0.30859375 0.3734375 0.0171875 0.015625
0 0.1328125 0.15546875 0.021875 0.021875
1 0.08984375 0.35234375 0.0171875 0.015625
1 0.9390625 0.41484375 0.015625 0.0125
1 0.703125 0.4984375 0.01875 0.0171875
1 0.06953125 0.34453125 0.0171875 0.0140625
1 0.11640625 0.33046875 0.015625 0.0140625
0 0.034375 0.35546875 0.021875 0.0203125
1 0.85703125 0.915625 0.0203125 0.0203125
1 0.2984375 0.35390625 0.0171875 0.015625
1 0.50078125 0.3328125 0.0140625 0.0125
1 0.4953125 0.39609375 0.015625 0.0140625
1 0.38125 0.41953125 0.0171875 0.015625
1 0.8953125 0.50859375 0.0171875 0.01875
0 0.146875 0.13515625 0.0203125 0.01875
0 0.12734375 0.1203125 0.021875 0.0203125
1 0.65859375 0.43828125 0.0171875 0.015625
0 0.75546875 0.21484375 0.0171875 0.015625
1 0.70859375 0.44375 0.0171875 0.0125
1 0.309375 0.3265625 0.015625 0.0140625
1 0.6484375 0.48828125 0.0171875 0.0171875
1 0.3890625 0.3921875 0.0171875 0.015625
1 0.09765625 0.84921875 0.015625 0.0140625
1 0.32734375 0.36328125 0.015625 0.0140625
0 0.06015625 0.28046875 0.0203125 0.01875
1 0.9140625 0.9015625 0.01875 0.0171875
0 0.6265625 0.26171875 0.0171875 0.0140625
1 0.8375 0.42890625 0.0171875 0.015625
0 0.69609375 0.21953125 0.01875 0.01875
1 0.5140625 0.4296875 0.0171875 0.015625
1 0.121875 0.9203125 0.025 0.0328125
0 0.2390625 0.1203125 0.01875 0.021875
1 0.721875 0.4890625 0.01875 0.0171875
0 0.64921875 0.17734375 0.0171875 0.0171875
0 0.0890625 0.196875 0.021875 0.0203125
0 0.615625 0.23984375 0.0171875 0.01875
1 0.69921875 0.478125 0.0171875 0.0140625
1 0.95625 0.43828125 0.0171875 0.015625
1 0.15 0.83671875 0.0140625 0.0125
0 0.8015625 0.2046875 0.01875 0.0203125
0 0.24296875 0.14765625 0.01875 0.01875
1 0.68359375 0.47265625 0.01875 0.015625
1 0.634375 0.3484375 0.0140625 0.0109375
1 0.61328125 0.634375 0.021875 0.0203125
1 0.36796875 0.309375 0.0125 0.0125
1 0.434375 0.38359375 0.0171875 0.015625
1 0.72265625 0.89609375 0.0171875 0.0171875
0 0.796875 0.14140625 0.01875 0.015625
1 0.2890625 0.33046875 0.0171875 0.0140625
1 0.88828125 0.8921875 0.0140625 0.0125
1 0.9109375 0.38828125 0.0171875 0.0171875
1 0.8953125 0.371875 0.015625 0.0125
1 0.59921875 0.37109375 0.01875 0.0140625
1 0.503125 0.30078125 0.0140625 0.0109375
1 0.3953125 0.31796875 0.015625 0.0125
1 0.14375 0.86875 0.01875 0.01875
1 0.65234375 0.4546875 0.0171875 0.015625
1 0.44296875 0.62734375 0.021875 0.0234375
1 0.70703125 0.45546875 0.015625 0.0125
1 0.61640625 0.4296875 0.01875 0.0171875
1 0.7515625 0.83046875 0.0171875 0.0140625
1 0.54140625 0.340625 0.0140625 0.0125
0 0.69140625 0.253125 0.015625 0.0125
0 0.2390625 0.0125 0.0171875 0.0171875
1 0.65625 0.478125 0.015625 0.015625
1 0.82109375 0.3890625 0.0171875 0.0140625
0 0.796875 0.16015625 0.01875 0.0140625
1 0.8140625 0.3546875 0.0140625 0.0109375
1 0.671875 0.4640625 0.0203125 0.01875
0 0.246875 0.16875 0.0140625 0.0125
1 0.553125 0.33046875 0.0140625 0.0125
1 0.14296875 0.3265625 0.0171875 0.0140625
1 0.671875 0.43828125 0.01875 0.015625
1 0.7890625 0.85859375 0.0125 0.009375
1 0.75625 0.6 0.01875 0.015625
1 0.9390625 0.4015625 0.015625 0.009375
1 0.8171875 0.87578125 0.01875 0.015625
0 0.69296875 0.2921875 0.0171875 0.0140625
0 0.646875 0.265625 0.015625 0.0140625
1 0.1234375 0.30703125 0.015625 0.0125
1 0.60703125 0.4234375 0.0140625 0.0125
1 0.721875 0.83359375 0.015625 0.0125
1 0.13671875 0.8515625 0.015625 0.0140625
1 0.0984375 0.83046875 0.0140625 0.009375
1 0.740625 0.85078125 0.0125 0.009375
2 0.771875 0.2390625 0.1015625 0.059375
1 0.628125 0.3796875 0.01875 0.015625
1 0.696875 0.4421875 0.015625 0.0140625
1 0.03203125 0.05625 0.01875 0.0171875
1 0.75546875 0.86015625 0.0203125 0.021875
0 0.83359375 0.27109375 0.01875 0.01875
0 0.22109375 0.71640625 0.0140625 0.0125
0 0.69765625 0.203125 0.015625 0.0109375
1 0.34453125 0.3859375 0.01875 0.0140625
1 0.3453125 0.3640625 0.015625 0.0109375
1 0.3375 0.3734375 0.0140625 0.0125
0 0.69921875 0.18359375 0.0171875 0.0171875
1 0.6546875 0.40546875 0.0171875 0.015625
1 0.68515625 0.45 0.0171875 0.0125
0 0.24296875 0.190625 0.0140625 0.009375
1 0.584375 0.34453125 0.0140625 0.0125
4 0.33203125 0.84765625 0.109375 0.1078125
0 0.8296875 0.115625 0.0203125 0.01875
1 0.94765625 0.3796875 0.015625 0.0125
1 0.5421875 0.328125 0.0140625 0.0109375
1 0.13046875 0.8390625 0.0140625 0.0125
1 0.4515625 0.84453125 0.0171875 0.0171875
0 0.33671875 0.71875 0.0234375 0.0234375
1 0.63671875 0.33515625 0.015625 0.0125
1 0.08046875 0.8859375 0.0234375 0.0203125
1 0.61171875 0.884375 0.0171875 0.015625
0 0.25390625 0.253125 0.0171875 0.0140625
1 0.64609375 0.39296875 0.015625 0.0125
1 0.5734375 0.3015625 0.015625 0.0109375
1 0.63125 0.62421875 0.0203125 0.01875
1 0.41953125 0.83203125 0.0140625 0.0109375
0 0.6796875 0.171875 0.01875 0.0171875
0 0.7109375 0.22109375 0.0171875 0.015625
1 0.90625 0.3515625 0.015625 0.0125
1 0.334375 0.290625 0.0140625 0.009375
1 0.8625 0.8890625 0.0203125 0.0171875
0 0.68515625 0.275 0.0171875 0.0140625
1 0.653125 0.615625 0.0125 0.0109375
0 0.853125 0.1953125 0.01875 0.0171875
1 0.34765625 0.28984375 0.015625 0.0109375
1 0.92578125 0.37109375 0.0140625 0.0109375
0 0.553125 0.79609375 0.01875 0.015625
1 0.7015625 0.42578125 0.0140625 0.0140625
1 0.35625 0.28828125 0.0140625 0.0109375
1 0.65546875 0.36640625 0.0140625 0.0125
1 0.68203125 0.365625 0.0171875 0.015625
1 0.58671875 0.3125 0.0171875 0.0140625
1 0.6046875 0.32734375 0.01875 0.0140625
1 0.62890625 0.3359375 0.0140625 0.0109375
1 0.7125 0.4765625 0.015625 0.0125
1 0.3484375 0.37578125 0.015625 0.0109375
1 0.43984375 0.8484375 0.0140625 0.009375
1 0.934375 0.3703125 0.015625 0.0125
1 0.56484375 0.3375 0.0125 0.009375
1 0.41953125 0.7890625 0.0125 0.0109375
1 0.66484375 0.36875 0.015625 0.0125
1 0.6546875 0.315625 0.0140625 0.0109375
1 0.62265625 0.3265625 0.0171875 0.0125
1 0.97890625 0.42109375 0.0140625 0.0109375
0 0.6015625 0.28984375 0.0171875 0.015625
0 0.665625 0.16640625 0.0171875 0.0109375
1 0.34921875 0.396875 0.0109375 0.009375
1 0.5421875 0.30859375 0.015625 0.0125
1 0.66328125 0.40859375 0.0171875 0.015625
1 0.53125 0.3015625 0.0140625 0.0125
1 0.5734375 0.33984375 0.015625 0.0125
0 0.6390625 0.3015625 0.0171875 0.0140625
0 0.56015625 0.7796875 0.01875 0.0171875