2 0.7640625 0.215625 0.08828125 0.0625
2 0.24609375 0.20859375 0.090625 0.05625
3 0.38203125 0.25 0.0546875 0.065625
4 0.88515625 0.43359375 0.0859375 0.10703125
1 0.55859375 0.53359375 0.01171875 0.02109375
1 0.934375 0.471875 0.0109375 0.01875
1 0.7078125 0.56640625 0.01328125 0.021875
1 0.609375 0.45546875 0.0109375 0.0171875
1 0.6484375 0.39296875 0.009375 0.01640625
1 0.38125 0.44296875 0.01015625 0.01796875
1 0.44375 0.390625 0.009375 0.015625
1 0.10625 0.43671875 0.0109375 0.01875
1 0.471875 0.3890625 0.01015625 0.015625
1 0.61015625 0.478125 0.0109375 0.01875
1 0.87265625 0.35859375 0.00859375 0.015625
1 0.6046875 0.56171875 0.0125 0.021875
1 0.3421875 0.903125 0.01015625 0.0140625
1 0.5171875 0.4171875 0.009375 0.01640625
1 0.0578125 0.4171875 0.01015625 0.01640625
1 0.52109375 0.37265625 0.009375 0.01484375
1 0.9875 0.45078125 0.01171875 0.0171875
1 0.746875 0.5140625 0.01171875 0.0203125
1 0.434375 0.3046875 0.0078125 0.0140625
1 0.6765625 0.47109375 0.0109375 0.01875
1 0.35234375 0.409375 0.01015625 0.01796875
1 0.71484375 0.4828125 0.0109375 0.01875
1 0.0078125 0.4359375 0.01171875 0.01875
1 0.27734375 0.49609375 0.0109375 0.0203125
1 0.6546875 0.42265625 0.00859375 0.01640625
1 0.034375 0.43046875 0.01015625 0.01640625
1 0.40390625 0.459375 0.01015625 0.01796875
1 0.07578125 0.43671875 0.0109375 0.01875
1 0.8125 0.44140625 0.0109375 0.01640625
1 0.01484375 0.41953125 0.01015625 0.015625
1 0.9015625 0.4890625 0.0125 0.01796875
1 0.0734375 0.3984375 0.01015625 0.0171875
1 0.1578125 0.41484375 0.01015625 0.0171875
1 0.32734375 0.396875 0.009375 0.01640625
1 0.18359375 0.27109375 0.0078125 0.0125
1 0.4828125 0.43984375 0.01015625 0.01640625
1 0.88671875 0.5265625 0.01171875 0.01796875
1 0.69609375 0.403125 0.009375 0.015625
1 0.8296875 0.4546875 0.0109375 0.0171875
1 0.34609375 0.28984375 0.00703125 0.0140625
1 0.509375 0.290625 0.0078125 0.0125
1 0.40390625 0.30625 0.0078125 0.0140625
1 0.37265625 0.3421875 0.00859375 0.01328125
1 0.40078125 0.39453125 0.009375 0.015625
1 0.3921875 0.35 0.00859375 0.015625
1 0.725 0.51015625 0.0109375 0.01953125
1 0.60546875 0.39296875 0.009375 0.015625
1 0.746875 0.596875 0.0125 0.0234375
1 0.15390625 0.46171875 0.01171875 0.01875
1 0.94765625 0.36953125 0.01015625 0.01484375
1 0.46015625 0.30078125 0.00859375 0.0140625
1 0.890625 0.34921875 0.00859375 0.01484375
1 0.790625 0.434375 0.00859375 0.0171875
1 0.38046875 0.32578125 0.0078125 0.0140625
1 0.128125 0.29296875 0.00703125 0.01328125
1 0.4234375 0.384375 0.009375 0.015625
1 0.5765625 0.35625 0.00859375 0.015625
1 0.253125 0.5375 0.01171875 0.0203125
1 0.71484375 0.45078125 0.0109375 0.01796875
1 0.8171875 0.37734375 0.009375 0.015625
1 0.8234375 0.3078125 0.0078125 0.0140625
1 0.55 0.371875 0.0109375 0.015625
1 0.5609375 0.3203125 0.009375 0.0140625
1 0.50390625 0.43125 0.009375 0.01640625
1 0.44140625 0.34921875 0.00859375 0.0140625
1 0.15390625 0.9234375 0.0140625 0.02421875
1 0.89765625 0.36875 0.01015625 0.0140625
1 0.41796875 0.2953125 0.00703125 0.01328125
1 0.49453125 0.42421875 0.01015625 0.01640625
1 0.59140625 0.40546875 0.009375 0.01640625
1 0.84609375 0.459375 0.0125 0.021875
1 0.5859375 0.4625 0.0109375 0.01953125
1 0.57734375 0.40546875 0.01015625 0.015625
1 0.1421875 0.453125 0.0109375 0.015625
1 0.94140625 0.4015625 0.01015625 0.01640625
1 0.62109375 0.33828125 0.009375 0.0140625
1 0.5421875 0.315625 0.0078125 0.0140625
1 0.8125 0.40234375 0.01015625 0.015625
4 0.9078125 0.85625 0.05390625 0.06015625
4 0.92578125 0.32265625 0.05234375 0.08125
1 0.58203125 0.30234375 0.0078125 0.01171875
1 0.4921875 0.34296875 0.00859375 0.0140625
1 0.234375 0.86796875 0.00625 0.0109375
1 0.60390625 0.30703125 0.0078125 0.01484375
1 0.58984375 0.4390625 0.0109375 0.01796875
1 0.63671875 0.3140625 0.00703125 0.0125
1 0.4671875 0.3578125 0.00859375 0.0140625
1 0.35625 0.36171875 0.009375 0.01484375
1 0.65703125 0.29140625 0.00703125 0.01171875
1 0.55 0.39609375 0.0109375 0.0171875
1 0.34765625 0.35 0.009375 0.0140625
1 0.66875 0.31953125 0.0078125 0.0140625
1 0.49609375 0.32421875 0.00859375 0.0140625
1 0.53828125 0.39765625 0.0109375 0.0171875
1 0.571875 0.32734375 0.00859375 0.01328125
1 0.696875 0.3359375 0.01015625 0.01640625
1 0.3484375 0.371875 0.01015625 0.015625
1 0.02421875 0.3796875 0.0109375 0.01640625
1 0.1359375 0.25703125 0.00703125 0.0125
1 0.58125 0.31953125 0.009375 0.01328125
1 0.6671875 0.37421875 0.00859375 0.01640625
1 0.9515625 0.40390625 0.0109375 0.015625
1 0.8890625 0.32265625 0.00859375 0.01328125
1 0.071875 0.365625 0.01015625 0.015625
1 0.9234375 0.38203125 0.01171875 0.01484375
1 0.59453125 0.375 0.0078125 0.01484375
1 0.4625 0.33359375 0.0078125 0.01640625
1 0.4828125 0.34609375 0.0078125 0.0125
1 0.609375 0.34921875 0.01015625 0.01640625
1 0.478125 0.42578125 0.009375 0.01484375
1 0.61640625 0.38671875 0.009375 0.015625
1 0.19140625 0.28984375 0.0078125 0.01328125
4 0.9640625 0.546875 0.071875 0.146875
1 0.4203125 0.4171875 0.009375 0.015625
1 0.1953125 0.94296875 0.0171875 0.02734375
1 0.5109375 0.31953125 0.009375 0.01328125
1 0.81640625 0.4265625 0.01015625 0.01484375
1 0.57578125 0.38984375 0.01015625 0.01484375
1 0.5140625 0.35703125 0.0078125 0.01484375
1 0.6921875 0.35703125 0.009375 0.01484375
1 0.690625 0.37734375 0.01015625 0.015625
1 0.61796875 0.31875 0.00859375 0.01328125
1 0.84609375 0.96640625 0.0171875 0.03046875
1 0.1703125 0.971875 0.01875 0.0265625
1 0.48515625 0.26796875 0.00859375 0.0125
1 0.61484375 0.37109375 0.00859375 0.01484375
1 0.4328125 0.37578125 0.009375 0.01484375
1 0.56171875 0.90390625 0.0109375 0.0125
1 0.56015625 0.28671875 0.0078125 0.0140625
1 0.634375 0.32890625 0.00859375 0.01640625
1 0.39921875 0.44296875 0.01171875 0.0171875
1 0.42578125 0.35 0.0109375 0.0140625
1 0.90703125 0.37734375 0.009375 0.01484375
1 0.19609375 0.91953125 0.0125 0.01484375
1 0.65390625 0.26171875 0.00625 0.01171875
1 0.28203125 0.87421875 0.00859375 0.0140625
1 0.88125 0.27265625 0.0078125 0.0125
1 0.83359375 0.871875 0.00703125 0.0125
1 0.56328125 0.34296875 0.009375 0.0140625
1 0.56015625 0.37109375 0.0109375 0.0140625
1 0.87421875 0.48515625 0.00859375 0.0140625
1 0.0609375 0.375 0.01015625 0.015625
1 0.65 0.3484375 0.009375 0.015625
1 0.62421875 0.36953125 0.0109375 0.0140625
1 0.84765625 0.27109375 0.009375 0.01328125
1 0.41015625 0.425 0.01015625 0.01640625
1 0.509375 0.27578125 0.00703125 0.0125
1 0.3609375 0.33671875 0.0078125 0.0125
0 0.28984375 0.8078125 0.00859375 0.015625
1 0.4484375 0.27421875 0.00859375 0.01328125
1 0.13046875 0.2421875 0.0078125 0.01328125
1 0.06875 0.9796875 0.0203125 0.02890625
1 0.42890625 0.265625 0.00703125 0.01171875
1 0.64453125 0.28671875 0.00703125 0.01328125
1 0.125 0.47890625 0.01015625 0.0171875
1 0.1328125 0.89453125 0.0078125 0.01640625
1 0.61328125 0.903125 0.01015625 0.01328125
1 0.29140625 0.87578125 0.00703125 0.0125
1 0.565625 0.38828125 0.01015625 0.01484375
1 0.1484375 0.87265625 0.00859375 0.01328125
1 0.52734375 0.353125 0.0109375 0.015625
1 0.18125 0.92890625 0.01640625 0.0234375
1 0.66484375 0.3546875 0.00859375 0.01328125
1 0.65859375 0.334375 0.009375 0.015625
1 0.81015625 0.265625 0.0078125 0.01171875
1 0.6484375 0.33125 0.01015625 0.01484375
1 0.2625 0.87109375 0.009375 0.0109375
1 0.6265625 0.325 0.0078125 0.0125
1 0.6171875 0.26953125 0.00703125 0.01171875
1 0.62265625 0.3046875 0.00859375 0.0125
1 0.91640625 0.36875 0.009375 0.01328125
1 0.0515625 0.33828125 0.0109375 0.0140625
1 0.6765625 0.3765625 0.009375 0.015625
1 0.86796875 0.959375 0.0171875 0.03203125
1 0.3390625 0.8875 0.00859375 0.0140625
1 0.58125 0.290625 0.0078125 0.0109375
1 0.8890625 0.27421875 0.0078125 0.01171875
1 0.215625 0.92421875 0.015625 0.021875
1 0.80234375 0.41953125 0.0109375 0.01484375
1 0.934375 0.38203125 0.00859375 0.01328125
1 0.5328125 0.26796875 0.0078125 0.0125
1 0.98984375 0.37109375 0.0078125 0.0125
1 0.07109375 0.3234375 0.01015625 0.01796875
1 0.66640625 0.34140625 0.01015625 0.0125
1 0.53671875 0.2953125 0.009375 0.01484375
1 0.67734375 0.35703125 0.00859375 0.01328125
1 0.465625 0.25703125 0.00703125 0.01015625
1 0.3 0.2875 0.009375 0.01484375
1 0.821875 0.44296875 0.01171875 0.015625
1 0.509375 0.2578125 0.0078125 0.0109375
1 0.4671875 0.88671875 0.0078125 0.01328125
1 0.1015625 0.896875 0.0109375 0.01640625
1 0.178125 0.86796875 0.0078125 0.0109375
1 0.06015625 0.32734375 0.009375 0.0140625
1 0.46875 0.375 0.009375 0.0125
1 0.43671875 0.25625 0.00703125 0.01015625
1 0.521875 0.31015625 0.009375 0.0125
1 0.9484375 0.91796875 0.0109375 0.0171875
1 0.1203125 0.86484375 0.00703125 0.01171875
1 0.92578125 0.91875 0.01171875 0.01796875
1 0.6609375 0.315625 0.00859375 0.015625
1 0.93671875 0.93515625 0.0109375 0.021875
1 0.9859375 0.39609375 0.0125 0.015625
1 0.16171875 0.98984375 0.0203125 0.0203125
1 0.125 0.89765625 0.0109375 0.01640625
1 0.05 0.36640625 0.009375 0.01484375
1 0.5515625 0.2625 0.00859375 0.01171875
1 0.478125 0.33203125 0.009375 0.01484375
1 0.17890625 0.84921875 0.01328125 0.02265625
1 0.996875 0.396875 0.00625 0.01484375
1 0.68203125 0.34453125 0.01015625 0.01328125
1 0.04765625 0.971875 0.0140625 0.01953125
1 0.86796875 0.859375 0.00546875 0.0109375
1 0.8859375 0.9453125 0.009375 0.01171875
1 0.5640625 0.2625 0.00703125 0.01171875
1 0.11484375 0.26640625 0.0078125 0.0125
1 0.00390625 0.37265625 0.0078125 0.01875
1 0.94609375 0.940625 0.0109375 0.01953125
1 0.90078125 0.28671875 0.00859375 0.01171875
1 0.89375 0.2875 0.0078125 0.01328125
1 0.97421875 0.9859375 0.0171875 0.028125
1 0.92734375 0.371875 0.01015625 0.01328125
1 0.21484375 0.86875 0.00859375 0.00859375
1 0.85234375 0.90390625 0.009375 0.01796875
1 0.49375 0.2609375 0.00859375 0.0125
1 0.896875 0.31015625 0.00859375 0.0125
1 0.0828125 0.29453125 0.009375 0.0125
1 0.47734375 0.371875 0.0109375 0.01484375
1 0.5796875 0.99296875 0.0171875 0.01328125
1 0.1078125 0.2703125 0.00859375 0.01484375
1 0.04296875 0.33671875 0.0078125 0.01484375