4 0.053125 0.4609375 0.10625 0.1375
1 0.15078125 0.40703125 0.028125 0.0203125
1 0.709375 0.4484375 0.028125 0.01875
1 0.64609375 0.4390625 0.0265625 0.01875
3 0.76640625 0.86640625 0.1109375 0.0953125
3 0.190625 0.81171875 0.0703125 0.0578125
1 0.33203125 0.4546875 0.028125 0.0203125
1 0.59453125 0.46015625 0.028125 0.0203125
0 0.18515625 0.13125 0.03125 0.021875
1 0.3703125 0.47265625 0.028125 0.0203125
0 0.16875 0.10390625 0.0296875 0.01875
2 0.25078125 0.20234375 0.103125 0.0640625
1 0.32734375 0.55546875 0.0296875 0.025
1 0.3421875 0.45859375 0.028125 0.0203125
1 0.3703125 0.5453125 0.0296875 0.021875
0 0.13359375 0.140625 0.0328125 0.0265625
3 0.89296875 0.41015625 0.09375 0.0984375
2 0.76953125 0.24296875 0.1125 0.0609375
1 0.4375 0.440625 0.0265625 0.0203125
1 0.17734375 0.4171875 0.0265625 0.01875
0 0.13125 0.18828125 0.03125 0.0265625
1 0.50546875 0.4296875 0.0265625 0.01875
1 0.5125 0.4078125 0.0265625 0.0171875
1 0.26171875 0.54609375 0.03125 0.0265625
1 0.12734375 0.30703125 0.025 0.0171875
1 0.44765625 0.40234375 0.0265625 0.01875
1 0.340625 0.5640625 0.03125 0.0265625
1 0.60390625 0.47890625 0.028125 0.021875
4 0.3859375 0.85703125 0.1171875 0.1109375
1 0.6625 0.4046875 0.025 0.0171875
1 0.23515625 0.503125 0.028125 0.0234375
1 0.5421875 0.39921875 0.025 0.01875
1 0.11328125 0.32421875 0.0265625 0.01875
1 0.45859375 0.6375 0.03125 0.0234375
0 0.1125 0.18125 0.03125 0.025
1 0.6890625 0.40546875 0.025 0.0171875
1 0.66640625 0.8703125 0.025 0.01875
1 0.68828125 0.46484375 0.0265625 0.01875
1 0.25703125 0.4375 0.0265625 0.0203125
1 0.35859375 0.4046875 0.0265625 0.01875
1 0.2046875 0.88828125 0.0328125 0.0296875
0 0.221875 0.10859375 0.028125 0.0203125
0 0.15 0.121875 0.0296875 0.0234375
1 0.3796875 0.428125 0.0265625 0.0203125
1 0.50078125 0.37734375 0.0265625 0.0171875
1 0.2953125 0.4171875 0.025 0.01875
1 0.24375 0.54296875 0.0296875 0.025
1 0.09296875 0.35703125 0.0265625 0.01875
1 0.33515625 0.4078125 0.028125 0.0171875
1 0.1515625 0.8671875 0.0296875 0.0234375
1 0.28046875 0.88359375 0.03125 0.021875
1 0.2328125 0.8265625 0.0265625 0.015625
1 0.55234375 0.3328125 0.025 0.015625
1 0.71015625 0.36171875 0.0265625 0.01875
1 0.5125 0.378125 0.0265625 0.0171875
0 0.209375 0.134375 0.03125 0.025
1 0.64609375 0.41875 0.0265625 0.0171875
1 0.1796875 0.8375 0.025 0.0171875
1 0.0359375 0.38828125 0.03125 0.0203125
0 0.8921875 0.16953125 0.0296875 0.021875
1 0.61640625 0.35234375 0.0234375 0.015625
0 0.221875 0.14375 0.0296875 0.0234375
1 0.52578125 0.3296875 0.025 0.015625
1 0.03671875 0.35625 0.028125 0.0171875
1 0.49921875 0.54765625 0.028125 0.021875
0 0.178125 0.0828125 0.03125 0.025
0 0.28828125 0.2078125 0.025 0.0171875
1 0.1578125 0.3359375 0.025 0.0171875
1 0.13828125 0.8640625 0.028125 0.0203125
0 0.2 0.11171875 0.0296875 0.021875
1 0.8171875 0.35625 0.0234375 0.0140625
1 0.46875 0.31796875 0.0234375 0.015625
1 0.140625 0.3046875 0.0265625 0.0140625
1 0.36796875 0.37421875 0.0265625 0.0171875
1 0.34765625 0.39296875 0.0265625 0.015625
1 0.421875 0.4390625 0.0265625 0.01875
1 0.1703125 0.3203125 0.025 0.015625
1 0.10234375 0.90390625 0.0359375 0.03125
0 0.1984375 0.078125 0.0296875 0.0234375
1 0.559375 0.37421875 0.0265625 0.0171875
1 0.95234375 0.42734375 0.0234375 0.015625
1 0.28046875 0.85234375 0.0265625 0.01875
0 0.14921875 0.14921875 0.03125 0.0234375
1 0.48984375 0.64375 0.028125 0.01875
0 0.7125 0.9890625 0.04375 0.021875
1 0.934375 0.425 0.0265625 0.0171875
1 0.16796875 0.30703125 0.025 0.0140625
1 0.44296875 0.3328125 0.025 0.015625
1 0.85390625 0.9890625 0.0390625 0.021875
1 0.31796875 0.4234375 0.028125 0.01875
1 0.0109375 0.3890625 0.021875 0.01875
1 0.17890625 0.4 0.0265625 0.0171875
1 0.15234375 0.8484375 0.028125 0.015625
1 0.4125 0.43125 0.025 0.0203125
1 0.64921875 0.3296875 0.025 0.0140625
1 0.8734375 0.89296875 0.0265625 0.0171875
1 0.35078125 0.34375 0.028125 0.0171875
1 0.34765625 0.3703125 0.0265625 0.0140625
1 0.07734375 0.85078125 0.0265625 0.0171875
1 0.1828125 0.29296875 0.025 0.015625
1 0.8546875 0.89609375 0.028125 0.01875
1 0.07421875 0.34375 0.025 0.0140625
1 0.3640625 0.33828125 0.0265625 0.0171875
0 0.06796875 0.35625 0.028125 0.0203125
1 0.0171875 0.3734375 0.028125 0.0171875
1 0.584375 0.37734375 0.0234375 0.0125
1 0.190625 0.4078125 0.0265625 0.01875
1 0.95234375 0.4125 0.0265625 0.0140625
1 0.4546875 0.36875 0.025 0.0140625
1 0.3828125 0.33984375 0.0265625 0.01875
1 0.8234375 0.33046875 0.0234375 0.0140625
1 0.3734375 0.3 0.021875 0.0125
1 0.38125 0.32578125 0.025 0.0140625
1 0.4875 0.46171875 0.0234375 0.0140625
1 0.45078125 0.378125 0.025 0.0140625
1 0.315625 0.3828125 0.025 0.0171875
1 0.94296875 0.384375 0.025 0.0140625
1 0.58828125 0.31015625 0.0265625 0.0140625
1 0.07890625 0.31953125 0.0265625 0.015625
0 0.24140625 0.73984375 0.025 0.0171875
0 0.20390625 0.05546875 0.028125 0.021875
1 0.22265625 0.6265625 0.028125 0.0140625
1 0.60625 0.3625 0.021875 0.0140625
1 0.43359375 0.88046875 0.028125 0.021875
1 0.4390625 0.8421875 0.0234375 0.0140625
1 0.6578125 0.390625 0.0265625 0.015625
0 0.24140625 0.771875 0.0234375 0.0140625
1 0.71953125 0.86015625 0.0234375 0.0140625
1 0.18125 0.38125 0.0265625 0.015625
1 0.09296875 0.8703125 0.0296875 0.0234375
1 0.9140625 0.65625 0.0296875 0.0234375
0 0.221875 0.08828125 0.025 0.0203125
1 0.1609375 0.83203125 0.0265625 0.0140625
1 0.56875 0.30625 0.025 0.015625
1 0.29765625 0.8859375 0.0296875 0.0203125
1 0.06484375 0.32890625 0.0265625 0.01875
1 0.12109375 0.8921875 0.0296875 0.0234375
1 0.125 0.8390625 0.025 0.015625
1 0.45078125 0.3890625 0.0265625 0.015625
1 0.3359375 0.37890625 0.0265625 0.015625
1 0.68359375 0.4515625 0.0265625 0.015625
1 0.359375 0.28515625 0.025 0.015625
1 0.17578125 0.278125 0.025 0.015625
0 0.2640625 0.18828125 0.0234375 0.0125
1 0.36328125 0.31015625 0.0265625 0.015625
1 0.1203125 0.86328125 0.028125 0.015625
1 0.325 0.40703125 0.0265625 0.01875
1 0.7125 0.87109375 0.025 0.0140625
0 0.07578125 0.28046875 0.028125 0.0203125
1 0.128125 0.2734375 0.0265625 0.0140625
1 0.8046875 0.4015625 0.025 0.0140625
0 0.24140625 0.7 0.025 0.015625
0 0.08515625 0.2640625 0.028125 0.0171875
0 0.22109375 0.1265625 0.028125 0.0140625
1 0.14140625 0.8265625 0.025 0.0140625
1 0.6890625 0.39453125 0.0234375 0.0125
0 0.0421875 0.18359375 0.025 0.015625
0 0.253125 0.71640625 0.025 0.0140625
1 0.2953125 0.86171875 0.0265625 0.01875
1 0.54453125 0.85546875 0.021875 0.0109375
1 0.34609375 0.30703125 0.0203125 0.0109375
1 0.4734375 0.29765625 0.025 0.0140625
0 0.228125 0.740625 0.0234375 0.015625
1 0.3375 0.39140625 0.028125 0.015625
1 0.3078125 0.40859375 0.028125 0.015625
1 0.45625 0.88671875 0.0265625 0.0203125
1 0.3265625 0.35859375 0.028125 0.01875
1 0.15703125 0.28984375 0.025 0.015625
1 0.05546875 0.33671875 0.025 0.015625
1 0.08828125 0.30078125 0.0265625 0.0140625
1 0.8640625 0.334375 0.0234375 0.0125
1 0.56328125 0.79609375 0.025 0.015625
1 0.3140625 0.85859375 0.0265625 0.0203125
1 0.95625 0.4 0.0265625 0.0140625
1 0.3296875 0.37578125 0.025 0.015625
1 0.834375 0.3296875 0.025 0.0140625
1 0.1640625 0.27734375 0.025 0.015625
1 0.45703125 0.84296875 0.025 0.0140625
1 0.534375 0.325 0.0265625 0.0171875
1 0.3515625 0.37890625 0.0265625 0.0140625
1 0.146875 0.290625 0.025 0.01875
1 0.8953125 0.884375 0.0234375 0.0125
1 0.0421875 0.34375 0.0234375 0.0140625
1 0.10390625 0.85859375 0.0265625 0.0171875
1 0.62734375 0.996875 0.0359375 0.00625
1 0.31796875 0.634375 0.025 0.0125
1 0.92890625 0.36953125 0.025 0.0140625
1 0.153125 0.82265625 0.0265625 0.015625
1 0.53046875 0.30234375 0.0265625 0.015625