3 0.5140625 0.33515625 0.08125 0.0953125
1 0.3078125 0.49296875 0.028125 0.025
3 0.43828125 0.29609375 0.09375 0.1
2 0.26796875 0.19140625 0.109375 0.0671875
1 0.84296875 0.4765625 0.0265625 0.021875
4 0.3578125 0.371875 0.0859375 0.1109375
1 0.946875 0.50078125 0.028125 0.0234375
1 0.7375 0.54765625 0.028125 0.025
1 0.59609375 0.53671875 0.0296875 0.0265625
1 0.05546875 0.378125 0.028125 0.0234375
4 0.7 0.88125 0.1109375 0.1046875
1 0.40078125 0.43359375 0.0265625 0.021875
4 0.871875 0.43671875 0.10625 0.1046875
1 0.80390625 0.59609375 0.03125 0.0296875
1 0.325 0.5796875 0.0296875 0.028125
1 0.3390625 0.44296875 0.028125 0.0234375
3 0.44921875 0.43203125 0.0984375 0.1265625
1 0.60703125 0.4703125 0.0265625 0.0234375
1 0.11953125 0.37109375 0.0265625 0.0234375
1 0.13828125 0.55859375 0.0296875 0.028125
1 0.28984375 0.42890625 0.028125 0.021875
1 0.9375 0.45 0.028125 0.021875
1 0.6265625 0.4484375 0.0265625 0.021875
1 0.4421875 0.509375 0.028125 0.025
1 0.9515625 0.45546875 0.028125 0.021875
1 0.37578125 0.45390625 0.028125 0.025
1 0.0921875 0.325 0.0265625 0.0203125
1 0.50546875 0.40234375 0.0265625 0.021875
1 0.71015625 0.34375 0.025 0.0203125
1 0.34296875 0.540625 0.0296875 0.028125
1 0.390625 0.4109375 0.0265625 0.021875
1 0.66171875 0.4140625 0.025 0.0203125
1 0.98828125 0.49375 0.0234375 0.025
1 0.734375 0.59296875 0.0296875 0.028125
1 0.2796875 0.51953125 0.0296875 0.0265625
1 0.57890625 0.403125 0.0265625 0.0234375
1 0.63828125 0.3921875 0.0265625 0.0203125
1 0.2359375 0.8859375 0.028125 0.025
1 0.29296875 0.4703125 0.0265625 0.0234375
0 0.9078125 0.2546875 0.028125 0.0234375
1 0.61640625 0.415625 0.0265625 0.021875
1 0.5875 0.89921875 0.025 0.021875
1 0.86015625 0.96875 0.03125 0.0265625
1 0.5359375 0.503125 0.028125 0.025
1 0.26171875 0.52734375 0.028125 0.025
1 0.81953125 0.484375 0.025 0.0171875
1 0.56796875 0.4359375 0.028125 0.021875
1 0.74296875 0.57109375 0.0296875 0.028125
1 0.44375 0.36875 0.0265625 0.01875
0 0.84375 0.1640625 0.028125 0.0234375
1 0.90390625 0.39765625 0.025 0.01875
1 0.03984375 0.33671875 0.0265625 0.0203125
0 0.20390625 0.75859375 0.025 0.0234375
1 0.15625 0.31484375 0.025 0.0203125
1 0.81953125 0.97109375 0.0328125 0.0328125
1 0.66640625 0.39140625 0.0265625 0.01875
1 0.1078125 0.3 0.025 0.01875
1 0.615625 0.43984375 0.028125 0.021875
1 0.16796875 0.89375 0.0296875 0.028125
1 0.30390625 0.44765625 0.028125 0.021875
0 0.8140625 0.2078125 0.028125 0.025
1 0.34453125 0.428125 0.0265625 0.021875
1 0.30078125 0.43125 0.028125 0.021875
1 0.81953125 0.9125 0.0265625 0.021875
1 0.7921875 0.92734375 0.028125 0.025
1 0.58828125 0.35234375 0.025 0.0203125
0 0.84140625 0.18203125 0.028125 0.0234375
1 0.809375 0.42421875 0.0265625 0.0203125
1 0.31875 0.434375 0.028125 0.021875
1 0.625 0.3875 0.025 0.0203125
1 0.1265625 0.2765625 0.0265625 0.0203125
1 0.275 0.471875 0.028125 0.0203125
0 0.21953125 0.15234375 0.0265625 0.021875
1 0.61875 0.3234375 0.025 0.01875
1 0.796875 0.95390625 0.03125 0.0296875
0 0.1609375 0.08984375 0.028125 0.0234375
1 0.303125 0.40625 0.028125 0.028125
1 0.93671875 0.4140625 0.0265625 0.0203125
1 0.36015625 0.27109375 0.025 0.01875
1 0.6203125 0.9125 0.0265625 0.01875
0 0.79140625 0.20625 0.028125 0.0234375
1 0.27265625 0.49453125 0.028125 0.021875
1 0.83671875 0.990625 0.0296875 0.01875
1 0.51875 0.49140625 0.028125 0.025
1 0.084375 0.3109375 0.025 0.01875
2 0.78203125 0.2375 0.1046875 0.06875
0 0.775 0.23671875 0.025 0.0171875
1 0.99296875 0.4578125 0.0140625 0.021875
0 0.809375 0.17109375 0.028125 0.0234375
0 0.2 0.18515625 0.025 0.01875
1 0.8640625 0.94375 0.0296875 0.0265625
1 0.553125 0.45390625 0.028125 0.0234375
0 0.1859375 0.13828125 0.0265625 0.0203125
1 0.19453125 0.9296875 0.034375 0.0359375
1 0.6453125 0.31015625 0.025 0.01875
1 0.73515625 0.521875 0.028125 0.0234375
0 0.8953125 0.2125 0.0296875 0.028125
0 0.20078125 0.165625 0.025 0.0203125
1 0.80390625 0.92890625 0.028125 0.0234375
1 0.1328125 0.25859375 0.025 0.01875
1 0.871875 0.315625 0.025 0.0171875
1 0.92734375 0.40390625 0.025 0.01875
1 0.565625 0.453125 0.028125 0.0203125
1 0.63515625 0.9140625 0.028125 0.0171875
0 0.64453125 0.7171875 0.025 0.0234375
1 0.83203125 0.30078125 0.0234375 0.01875
1 0.465625 0.3625 0.025 0.0171875
0 0.7375 0.8125 0.0328125 0.0328125
1 0.3953125 0.39296875 0.0265625 0.01875
1 0.6609375 0.31875 0.0265625 0.01875
0 0.21875 0.72265625 0.028125 0.021875
0 0.240625 0.12265625 0.0265625 0.0203125
1 0.4265625 0.3859375 0.0265625 0.01875
1 0.6609375 0.3640625 0.028125 0.01875
1 0.59296875 0.3765625 0.0265625 0.0203125
1 0.72890625 0.50390625 0.0265625 0.021875
1 0.07109375 0.3125 0.0265625 0.0203125
1 0.0609375 0.32578125 0.0265625 0.0203125
0 0.146875 0.1453125 0.0265625 0.021875
1 0.6375 0.29453125 0.025 0.01875
1 0.18828125 0.86484375 0.0265625 0.0203125
1 0.890625 0.33359375 0.028125 0.0203125
0 0.19765625 0.775 0.0265625 0.0203125
1 0.61171875 0.58828125 0.028125 0.0234375
1 0.01640625 0.33125 0.0265625 0.0234375
1 0.178125 0.303125 0.025 0.01875
1 0.5328125 0.540625 0.028125 0.0203125
1 0.48046875 0.375 0.0265625 0.0203125
1 0.31328125 0.41796875 0.0265625 0.01875
1 0.1796875 0.26796875 0.0265625 0.0171875
1 0.39765625 0.63515625 0.03125 0.021875
1 0.83671875 0.91796875 0.0265625 0.0234375
1 0.44921875 0.35 0.0265625 0.0203125
1 0.18828125 0.29765625 0.028125 0.01875
1 0.86328125 0.35078125 0.025 0.0203125
1 0.19375 0.278125 0.025 0.0171875
1 0.81171875 0.40859375 0.025 0.0203125
1 0.01640625 0.953125 0.0328125 0.034375
1 0.875 0.28125 0.025 0.0171875
1 0.3140625 0.3703125 0.0265625 0.025
1 0.60546875 0.9109375 0.0265625 0.01875
1 0.60625 0.284375 0.025 0.01875
0 0.228125 0.70859375 0.0265625 0.0234375
1 0.678125 0.353125 0.025 0.01875
1 0.678125 0.3171875 0.025 0.01875
0 0.94609375 0.2859375 0.025 0.01875
1 0.41484375 0.40234375 0.025 0.021875
0 0.9234375 0.2765625 0.025 0.01875
1 0.93203125 0.38671875 0.025 0.0171875
1 0.36171875 0.2890625 0.0265625 0.01875
0 0.06328125 0.20703125 0.0265625 0.01875
1 0.153125 0.23984375 0.0234375 0.0171875
1 0.76875 0.88359375 0.0265625 0.0203125
1 0.10703125 0.26484375 0.0265625 0.01875
1 0.15 0.2703125 0.0265625 0.01875
1 0.79453125 0.896875 0.025 0.01875
1 0.67109375 0.36484375 0.0265625 0.0203125
1 0.6265625 0.275 0.025 0.0171875
1 0.7546875 0.8875 0.0234375 0.015625
1 0.278125 0.44375 0.0265625 0.01875
1 0.84921875 0.35078125 0.0265625 0.0203125
1 0.1546875 0.2984375 0.0265625 0.01875
0 0.246875 0.6984375 0.0265625 0.0203125
0 0.0640625 0.17734375 0.025 0.0203125
0 0.7453125 0.8375 0.0265625 0.0203125
0 0.90078125 0.83515625 0.025 0.0203125
1 0.1359375 0.23828125 0.025 0.0171875
1 0.6765625 0.27734375 0.025 0.0171875
1 0.8359375 0.35 0.0265625 0.01875
1 0.83125 0.8890625 0.0234375 0.015625
1 0.140625 0.21796875 0.025 0.0171875
0 0.88359375 0.13203125 0.028125 0.0234375
1 0.19375 0.25546875 0.0234375 0.015625
0 0.96015625 0.3171875 0.0265625 0.0203125
1 0.27421875 0.45390625 0.028125 0.0171875
1 0.8828125 0.3921875 0.025 0.0171875
1 0.875 0.4984375 0.0265625 0.0234375
1 0.26328125 0.50546875 0.0296875 0.021875
0 0.8671875 0.840625 0.0265625 0.025
1 0.4 0.25390625 0.0234375 0.0171875
1 0.36484375 0.98125 0.0359375 0.025
0 0.1921875 0.15078125 0.025 0.01875
1 0.92890625 0.34921875 0.025 0.0171875
0 0.084375 0.80234375 0.0265625 0.0234375
1 0.6578125 0.30234375 0.025 0.0171875
1 0.8671875 0.30234375 0.0234375 0.015625
0 0.9375 0.3046875 0.0265625 0.0171875
1 0.16171875 0.26015625 0.0265625 0.01875
1 0.5734375 0.86328125 0.0234375 0.015625
1 0.80390625 0.87890625 0.0234375 0.015625
1 0.75859375 0.87421875 0.025 0.0171875
1 0.85 0.296875 0.025 0.015625
1 0.61640625 0.89765625 0.025 0.01875
1 0.95390625 0.39609375 0.025 0.01875
1 0.91953125 0.334375 0.0265625 0.01875
1 0.42578125 0.434375 0.025 0.0171875
1 0.18984375 0.22890625 0.025 0.01875
1 0.3796875 0.6375 0.025 0.0203125
1 0.20625 0.24609375 0.021875 0.0140625
1 0.61640625 0.265625 0.0265625 0.0171875
4 0.44140625 0.8609375 0.065625 0.0703125
1 0.6671875 0.3109375 0.025 0.01875
1 0.678125 0.3421875 0.0234375 0.015625
1 0.98984375 0.428125 0.0203125 0.021875
1 0.55078125 0.346875 0.0265625 0.01875
1 0.94375 0.3828125 0.025 0.0171875
1 0.5328125 0.865625 0.025 0.0171875
1 0.03671875 0.31484375 0.0265625 0.01875
1 0.10859375 0.24765625 0.025 0.01875
1 0.45234375 0.2546875 0.0234375 0.0171875
1 0.5 0.2890625 0.021875 0.0140625
1 0.2890625 0.41484375 0.028125 0.0171875
0 0.18828125 0.8109375 0.0265625 0.0203125
1 0.34609375 0.63828125 0.025 0.015625
0 0.08046875 0.23203125 0.0265625 0.021875
1 0.5390625 0.259375 0.025 0.015625
1 0.1515625 0.25859375 0.028125 0.01875
1 0.6671875 0.29453125 0.025 0.0171875
1 0.4515625 0.8890625 0.025 0.0171875
1 0.03984375 0.95625 0.0375 0.0296875
0 0.90078125 0.85390625 0.025 0.0171875
1 0.02734375 0.3171875 0.0265625 0.01875
0 0.7515625 0.25234375 0.025 0.01875
1 0.82578125 0.8640625 0.0234375 0.0171875
1 0.815625 0.8828125 0.0234375 0.0171875
1 0.740625 0.9 0.025 0.0171875
1 0.35625 0.3109375 0.025 0.0203125
1 0.34453125 0.3328125 0.0265625 0.0203125
4 0.53671875 0.5921875 0.10625 0.125
1 0.5734375 0.8515625 0.0234375 0.0171875
1 0.6890625 0.8328125 0.0265625 0.021875
1 0.9890625 0.3953125 0.021875 0.021875
1 0.70703125 0.94921875 0.028125 0.0296875
0 0.909375 0.31015625 0.025 0.01875
0 0.078125 0.72421875 0.025 0.0203125
0 0.16953125 0.7375 0.0265625 0.021875
1 0.53046875 0.8796875 0.021875 0.015625
0 0.87578125 0.87109375 0.025 0.0203125
1 0.6921875 0.27578125 0.025 0.0171875
1 0.42109375 0.64140625 0.028125 0.0171875
0 0.0921875 0.8125 0.025 0.0171875
1 0.3265625 0.35703125 0.0234375 0.0171875
0 0.0578125 0.2234375 0.0265625 0.0203125
1 0.6875 0.31875 0.028125 0.0203125
0 0.125 0.80390625 0.0296875 0.025
1 0.11796875 0.21640625 0.025 0.01875
0 0.1 0.22578125 0.0265625 0.0203125