4 0.42890625 0.43359375 0.1015625 0.1125
2 0.75546875 0.20546875 0.090625 0.065625
1 0.67890625 0.409375 0.0109375 0.0171875
1 0.3328125 0.4546875 0.0125 0.01875
1 0.06640625 0.453125 0.0109375 0.015625
1 0.34140625 0.86484375 0.009375 0.015625
1 0.4765625 0.3734375 0.009375 0.015625
1 0.2453125 0.5359375 0.0140625 0.021875
1 0.66171875 0.86015625 0.0109375 0.01875
2 0.234375 0.240625 0.09375 0.0515625
1 0.3875 0.37890625 0.0109375 0.015625
4 0.81875 0.55859375 0.121875 0.1484375
4 0.24453125 0.840625 0.0421875 0.046875
1 0.09296875 0.54375 0.0140625 0.021875
1 0.74296875 0.88671875 0.015625 0.01875
1 0.671875 0.38046875 0.009375 0.0171875
1 0.83203125 0.88671875 0.015625 0.025
1 0.93984375 0.39296875 0.0125 0.0171875
3 0.96875 0.5234375 0.0625 0.153125
1 0.3484375 0.45234375 0.0109375 0.01875
1 0.075 0.43984375 0.009375 0.015625
1 0.7046875 0.875 0.0125 0.021875
1 0.0421875 0.4625 0.0125 0.0171875
1 0.00234375 0.4671875 0.0046875 0.01875
1 0.8296875 0.8671875 0.0125 0.0171875
1 0.03828125 0.44453125 0.0109375 0.0171875
1 0.896875 0.3296875 0.009375 0.015625
1 0.30078125 0.415625 0.0109375 0.015625
1 0.359375 0.340625 0.0078125 0.0140625
1 0.43125 0.90234375 0.0140625 0.021875
1 0.87890625 0.90078125 0.015625 0.0265625
1 0.95859375 0.4390625 0.0125 0.01875
1 0.38515625 0.33515625 0.0078125 0.0140625
1 0.346875 0.3796875 0.0078125 0.015625
1 0.7953125 0.91640625 0.0203125 0.0328125
1 0.65625 0.365625 0.0109375 0.0171875
1 0.96171875 0.35390625 0.009375 0.0140625
1 0.446875 0.3484375 0.0109375 0.01875
1 0.89921875 0.8796875 0.0140625 0.021875
1 0.10546875 0.36015625 0.009375 0.015625
1 0.92734375 0.32421875 0.009375 0.015625
1 0.78125 0.9125 0.015625 0.028125
1 0.34453125 0.35078125 0.0078125 0.0140625
0 0.52265625 0.1890625 0.0140625 0.0234375
1 0.31328125 0.40625 0.009375 0.0171875
1 0.0671875 0.43203125 0.0109375 0.015625
1 0.275 0.85546875 0.0078125 0.0109375
1 0.56875 0.29140625 0.0078125 0.0140625
1 0.84921875 0.296875 0.0109375 0.0140625
1 0.65625 0.33515625 0.0109375 0.015625
1 0.13359375 0.353125 0.009375 0.0140625
1 0.18125 0.33046875 0.00625 0.0125
1 0.98125 0.38515625 0.0125 0.015625
1 0.75859375 0.8390625 0.0078125 0.0125
1 0.8734375 0.328125 0.009375 0.0140625
1 0.6484375 0.328125 0.0078125 0.0140625
1 0.94609375 0.32734375 0.0109375 0.015625
1 0.53203125 0.2984375 0.0078125 0.0125
1 0.84296875 0.8671875 0.0125 0.01875
1 0.99296875 0.4203125 0.009375 0.0171875
1 0.32109375 0.39140625 0.009375 0.015625
1 0.95390625 0.38515625 0.0125 0.01875
1 0.9078125 0.31953125 0.009375 0.0140625
1 0.22734375 0.9796875 0.0171875 0.0328125
1 0.9875 0.35234375 0.009375 0.015625
1 0.2140625 0.90078125 0.0125 0.0203125
1 0.46328125 0.8515625 0.009375 0.0125
1 0.94375 0.35390625 0.009375 0.015625
1 0.65234375 0.3078125 0.009375 0.015625
3 0.121875 0.9203125 0.184375 0.159375
1 0.8625 0.8828125 0.015625 0.021875
1 0.13359375 0.32734375 0.0078125 0.0140625
1 0.07890625 0.421875 0.0109375 0.0140625
1 0.33359375 0.37421875 0.0078125 0.0125
0 0.5546875 0.13828125 0.0140625 0.0234375
1 0.828125 0.3046875 0.009375 0.0140625
1 0.28046875 0.659375 0.0078125 0.0140625
1 0.94453125 0.90390625 0.0140625 0.0234375
1 0.225 0.94296875 0.015625 0.025
1 0.8640625 0.8390625 0.0078125 0.0140625
1 0.971875 0.396875 0.0140625 0.0171875
1 0.91015625 0.85390625 0.0109375 0.015625
1 0.06484375 0.41484375 0.0109375 0.0140625
1 0.9640625 0.90859375 0.015625 0.021875
1 0.31796875 0.3765625 0.0109375 0.0125
1 0.81953125 0.290625 0.0078125 0.0125
1 0.88125 0.3265625 0.009375 0.0140625
1 0.93046875 0.87890625 0.0125 0.01875
1 0.9421875 0.37578125 0.0109375 0.0125
1 0.853125 0.8640625 0.0125 0.01875
1 0.6140625 0.2921875 0.009375 0.0125
1 0.88515625 0.87578125 0.0125 0.01875
1 0.45390625 0.84375 0.00625 0.009375
1 0.065625 0.37890625 0.009375 0.0140625
1 0.8671875 0.3046875 0.0109375 0.0140625
1 0.978125 0.9640625 0.01875 0.025
1 0.4359375 0.85078125 0.0078125 0.0125
1 0.8828125 0.31015625 0.009375 0.0140625
1 0.82890625 0.2828125 0.009375 0.0125
1 0.32265625 0.30859375 0.00625 0.0109375
1 0.8171875 0.28046875 0.0078125 0.0109375
1 0.05390625 0.403125 0.0078125 0.0125
1 0.99921875 0.615625 0.0015625 0.021875
1 0.92421875 0.30546875 0.0109375 0.0171875
1 0.8671875 0.25546875 0.009375 0.0140625
1 0.8203125 0.82578125 0.009375 0.0109375
1 0.89921875 0.85078125 0.009375 0.0109375
1 0.2765625 0.99609375 0.021875 0.0078125
1 0.328125 0.35546875 0.009375 0.0109375
1 0.853125 0.828125 0.009375 0.0125