3 0.48984375 0.415625 0.096875 0.1109375
3 0.21953125 0.82109375 0.0625 0.0578125
2 0.2390625 0.21328125 0.0921875 0.0578125
1 0.2203125 0.5703125 0.015625 0.021875
1 0.3703125 0.41484375 0.0125 0.0171875
3 0.6828125 0.87421875 0.1421875 0.121875
1 0.66875 0.50078125 0.0125 0.0203125
1 0.59296875 0.46796875 0.0125 0.01875
1 0.6015625 0.55859375 0.015625 0.0234375
1 0.83125 0.45546875 0.0125 0.0171875
1 0.9546875 0.58359375 0.0171875 0.0234375
1 0.22578125 0.5234375 0.0109375 0.01875
4 0.75703125 0.834375 0.0453125 0.0453125
3 0.93671875 0.46875 0.10625 0.10625
1 0.62890625 0.5125 0.0140625 0.021875
1 0.2765625 0.8796875 0.015625 0.0234375
1 0.33515625 0.425 0.0109375 0.0171875
1 0.565625 0.8953125 0.0140625 0.021875
1 0.34453125 0.8625 0.0109375 0.01875
1 0.6796875 0.453125 0.0125 0.01875
1 0.09375 0.4296875 0.0140625 0.01875
1 0.95 0.528125 0.0125 0.0203125
1 0.29375 0.5296875 0.0140625 0.021875
2 0.7640625 0.23671875 0.09375 0.0484375
1 0.30078125 0.4953125 0.0140625 0.0203125
1 0.62421875 0.41015625 0.0125 0.015625
1 0.2328125 0.55 0.015625 0.021875
1 0.26953125 0.45 0.0125 0.0171875
1 0.22421875 0.46328125 0.0140625 0.021875
1 0.8796875 0.52578125 0.0140625 0.021875
1 0.69453125 0.43203125 0.0125 0.0171875
1 0.55703125 0.4546875 0.0125 0.0171875
1 0.703125 0.4953125 0.0109375 0.0140625
1 0.41953125 0.39140625 0.0125 0.0171875
1 0.6515625 0.4015625 0.0109375 0.015625
1 0.5203125 0.46796875 0.0125 0.0171875
1 0.04453125 0.8875 0.015625 0.0234375
1 0.75859375 0.9265625 0.0171875 0.028125
1 0.384375 0.3671875 0.0109375 0.015625
1 0.10546875 0.4234375 0.0125 0.01875
1 0.42265625 0.42265625 0.0109375 0.015625
1 0.66953125 0.4390625 0.0140625 0.015625
1 0.53046875 0.45234375 0.0125 0.0171875
1 0.8421875 0.44921875 0.0125 0.0171875
1 0.28046875 0.440625 0.0125 0.01875
1 0.8390625 0.4140625 0.0109375 0.0171875
1 0.28359375 0.4796875 0.0125 0.01875
1 0.69765625 0.353125 0.0109375 0.015625
1 0.625 0.3953125 0.0109375 0.0140625
1 0.4484375 0.32578125 0.009375 0.0140625
1 0.35078125 0.390625 0.0109375 0.015625
1 0.1015625 0.8859375 0.015625 0.0234375
1 0.325 0.4125 0.0109375 0.0171875
1 0.63515625 0.44140625 0.0125 0.01875
1 0.06875 0.88828125 0.0171875 0.0265625
1 0.84296875 0.93359375 0.015625 0.025
1 0.434375 0.3578125 0.0109375 0.015625
1 0.47265625 0.3234375 0.009375 0.0140625
1 0.45625 0.35703125 0.0109375 0.015625
0 0.1875 0.153125 0.0140625 0.0203125
1 0.53984375 0.59765625 0.0109375 0.0109375
1 0.25078125 0.53984375 0.0140625 0.021875
1 0.571875 0.58359375 0.0109375 0.01875
1 0.2671875 0.84609375 0.009375 0.0125
1 0.653125 0.45 0.0125 0.01875
1 0.5578125 0.38828125 0.0109375 0.015625
1 0.5578125 0.371875 0.0109375 0.0140625
1 0.63515625 0.375 0.0109375 0.0140625
1 0.15546875 0.3984375 0.0125 0.01875
1 0.1296875 0.9078125 0.01875 0.0265625
1 0.34765625 0.37421875 0.0109375 0.0140625
1 0.44140625 0.375 0.0109375 0.0140625
1 0.85 0.46484375 0.0125 0.0171875
1 0.46015625 0.49375 0.0109375 0.015625
1 0.18671875 0.6234375 0.0171875 0.025
1 0.67734375 0.396875 0.0125 0.015625
1 0.234375 0.5734375 0.015625 0.0203125
1 0.15546875 0.87109375 0.015625 0.021875
1 0.0140625 0.37109375 0.0125 0.0171875
1 0.53359375 0.47109375 0.0125 0.0171875
1 0.40234375 0.37890625 0.0109375 0.01875
1 0.3359375 0.3640625 0.0125 0.0171875
1 0.03515625 0.3640625 0.0140625 0.015625
1 0.53359375 0.62421875 0.0171875 0.0234375
1 0.61796875 0.37890625 0.0109375 0.015625
1 0.36328125 0.3125 0.009375 0.0140625
1 0.621875 0.34765625 0.0125 0.015625
1 0.66875 0.37265625 0.0109375 0.0140625
1 0.11484375 0.30859375 0.0109375 0.0140625
1 0.81640625 0.325 0.0078125 0.0125
1 0.54375 0.43984375 0.0125 0.0171875
1 0.0515625 0.3890625 0.0140625 0.0203125
1 0.2796875 0.8609375 0.0125 0.0125
1 0.9859375 0.48984375 0.009375 0.0140625
1 0.525 0.6453125 0.0125 0.0140625
1 0.4140625 0.34609375 0.0109375 0.0140625
1 0.72578125 0.95234375 0.021875 0.034375
1 0.6890625 0.33828125 0.0109375 0.0140625
1 0.42734375 0.3296875 0.009375 0.0125
1 0.14453125 0.8890625 0.015625 0.021875
1 0.55390625 0.3515625 0.0109375 0.0140625
1 0.26796875 0.47265625 0.0140625 0.01875
1 0.309375 0.4125 0.0125 0.01875
1 0.35546875 0.33515625 0.0125 0.0140625
1 0.63828125 0.3578125 0.009375 0.0125
1 0.128125 0.88203125 0.0125 0.0171875
1 0.271875 0.6390625 0.0109375 0.0125
0 0.2265625 0.234375 0.0109375 0.0140625
1 0.38046875 0.3421875 0.0109375 0.015625
1 0.1015625 0.86171875 0.0125 0.015625
1 0.08984375 0.3359375 0.0125 0.015625
1 0.51328125 0.3578125 0.009375 0.0125
1 0.62890625 0.909375 0.0125 0.0109375
1 0.35546875 0.359375 0.0109375 0.015625
1 0.98671875 0.59375 0.0171875 0.0234375
1 0.61015625 0.3703125 0.0109375 0.0140625
1 0.15546875 0.2890625 0.009375 0.0125
1 0.57109375 0.36171875 0.0109375 0.0171875
1 0.91015625 0.975 0.0203125 0.028125
1 0.66953125 0.340625 0.0109375 0.0140625
1 0.6015625 0.3984375 0.009375 0.0125
1 0.5671875 0.44453125 0.0125 0.0171875
1 0.321875 0.6234375 0.0171875 0.028125
1 0.6015625 0.4234375 0.0125 0.0140625
1 0.34140625 0.32421875 0.009375 0.0125
1 0.57421875 0.4328125 0.0109375 0.0140625
1 0.53671875 0.36640625 0.009375 0.0140625
1 0.5421875 0.425 0.0109375 0.0140625
1 0.609375 0.409375 0.009375 0.0140625
1 0.6625 0.3640625 0.009375 0.015625
1 0.16328125 0.28828125 0.0109375 0.0140625
1 0.9875 0.44140625 0.009375 0.0109375
1 0.9296875 0.97578125 0.021875 0.03125
1 0.284375 0.42265625 0.0125 0.0171875
1 0.8640625 0.32109375 0.0109375 0.0140625
1 0.2765625 0.846875 0.0109375 0.0125
1 0.115625 0.2890625 0.0109375 0.015625
1 0.54375 0.38828125 0.0109375 0.015625
1 0.46953125 0.3078125 0.0078125 0.0125
1 0.32890625 0.346875 0.0109375 0.015625
1 0.409375 0.31953125 0.0109375 0.0140625
1 0.60078125 0.34453125 0.009375 0.0125
1 0.34765625 0.35390625 0.0109375 0.0140625
1 0.38046875 0.29921875 0.009375 0.0125
1 0.2953125 0.42734375 0.0140625 0.0203125
1 0.59375 0.40859375 0.0109375 0.0140625
1 0.16015625 0.63515625 0.0125 0.0109375
1 0.34453125 0.3375 0.0140625 0.0140625
1 0.49921875 0.3515625 0.009375 0.0109375
1 0.83125 0.8578125 0.009375 0.0109375
1 0.4375 0.4203125 0.0109375 0.0140625
1 0.40234375 0.31328125 0.009375 0.0125
1 0.690625 0.3234375 0.0109375 0.0140625
1 0.0609375 0.9328125 0.0109375 0.015625
1 0.1125 0.88046875 0.0125 0.0171875
1 0.47578125 0.3578125 0.009375 0.0109375
1 0.43203125 0.30546875 0.0109375 0.0125
1 0.896875 0.34609375 0.0109375 0.0125
1 0.996875 0.45859375 0.00625 0.0203125
1 0.03125 0.3359375 0.0125 0.015625
1 0.3375 0.34453125 0.0109375 0.0125
1 0.42109375 0.32890625 0.0109375 0.0125
1 0.86015625 0.94140625 0.01875 0.0234375
1 0.9328125 0.37109375 0.0109375 0.015625
0 0.2265625 0.171875 0.0109375 0.015625
1 0.03125 0.971875 0.0203125 0.0234375
1 0.0484375 0.334375 0.009375 0.0125
1 0.34140625 0.31328125 0.009375 0.0109375
1 0.4125 0.3015625 0.009375 0.0125
1 0.52890625 0.9078125 0.0078125 0.009375
1 0.52421875 0.37109375 0.009375 0.0109375
1 0.11015625 0.84609375 0.0109375 0.0125
1 0.5921875 0.61328125 0.009375 0.0125
1 0.0390625 0.92734375 0.0140625 0.0171875
1 0.09609375 0.83671875 0.009375 0.0125
1 0.4453125 0.30625 0.0078125 0.0125
1 0.06640625 0.31875 0.0125 0.0140625
1 0.596875 0.33359375 0.0109375 0.0109375
1 0.74921875 0.6421875 0.0171875 0.0265625
1 0.39140625 0.36171875 0.0125 0.0171875
1 0.49140625 0.353125 0.009375 0.0109375
1 0.8796875 0.94453125 0.01875 0.025
1 0.29921875 0.39375 0.0125 0.0109375
1 0.5515625 0.33984375 0.009375 0.0109375
1 0.01953125 0.34453125 0.009375 0.0140625
1 0.909375 0.903125 0.0125 0.0203125
1 0.5640625 0.40390625 0.0109375 0.0140625
1 0.959375 0.99375 0.0234375 0.0125
4 0.37734375 0.48828125 0.090625 0.1296875
1 0.4171875 0.84609375 0.0109375 0.0109375
1 0.190625 0.41953125 0.009375 0.0140625
1 0.64296875 0.6296875 0.015625 0.0234375
1 0.0890625 0.86328125 0.015625 0.0171875