4 0.89609375 0.334375 0.07578125 0.0828125
3 0.14375 0.3328125 0.07265625 0.08046875
3 0.7578125 0.8390625 0.07421875 0.06875
4 0.83203125 0.8375 0.05703125 0.0703125
1 0.28359375 0.5109375 0.01171875 0.02109375
3 0.8375 0.35234375 0.05078125 0.08046875
0 0.853125 0.1671875 0.01328125 0.02109375
0 0.83046875 0.1421875 0.0125 0.01953125
1 0.7390625 0.48359375 0.0109375 0.01953125
1 0.72734375 0.5890625 0.01328125 0.01953125
1 0.6546875 0.56953125 0.01328125 0.0234375
1 0.34609375 0.48203125 0.0109375 0.01875
2 0.77109375 0.221875 0.08515625 0.0578125
1 0.64296875 0.86796875 0.01015625 0.01796875
1 0.63125 0.4625 0.01171875 0.01953125
1 0.44765625 0.378125 0.00859375 0.015625
1 0.78984375 0.59375 0.0125 0.015625
1 0.59453125 0.42890625 0.01015625 0.01640625
0 0.88515625 0.14375 0.01328125 0.021875
1 0.36796875 0.421875 0.00859375 0.01640625
1 0.03125 0.45078125 0.0109375 0.0171875
1 0.61640625 0.38203125 0.00859375 0.015625
1 0.85703125 0.92109375 0.015625 0.02578125
1 0.3078125 0.425 0.01015625 0.01796875
1 0.65 0.40859375 0.01015625 0.0171875
1 0.70390625 0.57578125 0.01328125 0.02265625
1 0.9 0.440625 0.0109375 0.01796875
1 0.97734375 0.41953125 0.0125 0.0171875
1 0.70625 0.88671875 0.01171875 0.02109375
1 0.94140625 0.903125 0.0125 0.0234375
1 0.95234375 0.40703125 0.01015625 0.0171875
4 0.22265625 0.89765625 0.090625 0.1578125
1 0.6578125 0.62109375 0.0140625 0.02265625
0 0.88125 0.2234375 0.0109375 0.01875
1 0.39453125 0.44921875 0.01015625 0.01796875
1 0.1640625 0.403125 0.009375 0.015625
0 0.82890625 0.771875 0.00859375 0.01640625
1 0.51640625 0.3875 0.009375 0.0171875
1 0.09453125 0.64609375 0.0140625 0.01875
1 0.4984375 0.62734375 0.0125 0.0203125
1 0.98828125 0.3765625 0.01015625 0.01484375
0 0.8765625 0.20546875 0.01015625 0.01796875
1 0.28828125 0.46171875 0.01015625 0.01875
1 0.07734375 0.40546875 0.009375 0.01484375
1 0.334375 0.4375 0.01015625 0.01484375
1 0.38046875 0.39609375 0.00859375 0.015625
1 0.54375 0.39296875 0.009375 0.01640625
1 0.378125 0.45625 0.00859375 0.01484375
1 0.37265625 0.471875 0.0109375 0.01875
1 0.94609375 0.38828125 0.01015625 0.01640625
1 0.053125 0.425 0.0109375 0.0171875
1 0.66015625 0.40859375 0.01015625 0.01640625
1 0.971875 0.38125 0.009375 0.01484375
1 0.2546875 0.5359375 0.01171875 0.0203125
1 0.09375 0.36640625 0.0078125 0.0140625
0 0.184375 0.19140625 0.01171875 0.01796875
1 0.17109375 0.63984375 0.0140625 0.0234375
1 0.85625 0.89453125 0.01328125 0.01640625
1 0.44765625 0.33359375 0.0078125 0.01328125
1 0.84765625 0.41015625 0.01015625 0.0171875
0 0.79765625 0.16484375 0.01171875 0.0203125
1 0.21640625 0.58515625 0.0109375 0.0140625
1 0.7125 0.4546875 0.0109375 0.0171875
1 0.675 0.64140625 0.0125 0.01875
1 0.9171875 0.90390625 0.0140625 0.025
1 0.66640625 0.3859375 0.00859375 0.0140625
1 0.3578125 0.47890625 0.0109375 0.01796875
1 0.59375 0.33359375 0.00859375 0.0140625
0 0.271875 0.18359375 0.00859375 0.01640625
0 0.884375 0.246875 0.01015625 0.01796875
1 0.32890625 0.47109375 0.01171875 0.0171875
1 0.4328125 0.36875 0.0078125 0.01328125
0 0.23828125 0.209375 0.00859375 0.015625
1 0.65546875 0.390625 0.00859375 0.01640625
1 0.325 0.5125 0.009375 0.0171875
1 0.6046875 0.33046875 0.0078125 0.0125
1 0.70078125 0.34921875 0.01015625 0.015625
1 0.0734375 0.92734375 0.0140625 0.0234375
1 0.146875 0.9734375 0.02265625 0.0421875
1 0.39375 0.38671875 0.009375 0.015625
1 0.4015625 0.42890625 0.009375 0.01640625
1 0.034375 0.39765625 0.01015625 0.015625
1 0.84453125 0.3015625 0.00859375 0.01328125
1 0.340625 0.36171875 0.00859375 0.01640625
1 0.678125 0.40546875 0.009375 0.01328125
1 0.684375 0.43203125 0.009375 0.01328125
1 0.37109375 0.44453125 0.00859375 0.01328125
1 0.26328125 0.61640625 0.0125 0.02265625
0 0.25625 0.7921875 0.0078125 0.0140625
1 0.34453125 0.434375 0.01015625 0.01640625
1 0.31484375 0.46484375 0.0109375 0.01640625
1 0.5828125 0.390625 0.01171875 0.01640625
1 0.32421875 0.45234375 0.009375 0.0125
1 0.8515625 0.8765625 0.009375 0.0171875
1 0.67734375 0.42265625 0.0078125 0.0140625
1 0.60390625 0.315625 0.00703125 0.0140625
0 0.7609375 0.2109375 0.01015625 0.0171875
1 0.3609375 0.3546875 0.0078125 0.01484375
1 0.70703125 0.86953125 0.009375 0.0125
0 0.81484375 0.72265625 0.01015625 0.0171875
1 0.38203125 0.38203125 0.0078125 0.0125
1 0.665625 0.3328125 0.0078125 0.01328125
1 0.16171875 0.88203125 0.0109375 0.01875
1 0.83671875 0.88984375 0.0125 0.0203125
1 0.3796875 0.3484375 0.0078125 0.0140625
1 0.334375 0.453125 0.01015625 0.01328125
1 0.06484375 0.41015625 0.009375 0.01484375
1 0.10703125 0.9140625 0.0140625 0.02265625
1 0.41796875 0.40703125 0.00703125 0.01484375
1 0.05546875 0.403125 0.00859375 0.01328125
1 0.5640625 0.33046875 0.00859375 0.01328125
1 0.91875 0.875 0.009375 0.015625
1 0.07890625 0.38203125 0.00859375 0.01328125
0 0.20546875 0.04609375 0.01015625 0.01796875
1 0.65234375 0.33203125 0.00859375 0.01328125
1 0.89140625 0.875 0.009375 0.015625
1 0.56171875 0.309375 0.0078125 0.0125
1 0.90078125 0.890625 0.0125 0.01875
1 0.6984375 0.4375 0.01171875 0.0171875
0 0.18671875 0.0625 0.0109375 0.0171875
1 0.05546875 0.3828125 0.009375 0.0140625
1 0.3171875 0.2859375 0.0078125 0.0140625
1 0.08984375 0.921875 0.0140625 0.0234375
0 0.26484375 0.7546875 0.009375 0.0125
0 0.2578125 0.73515625 0.0078125 0.0140625
1 0.12265625 0.90234375 0.01328125 0.01953125
0 0.18359375 0.2734375 0.01171875 0.01953125
0 0.84921875 0.08359375 0.01171875 0.01796875
1 0.065625 0.36875 0.00859375 0.0140625
1 0.2640625 0.50625 0.01171875 0.0140625
1 0.65859375 0.3015625 0.0078125 0.0140625
1 0.1734375 0.31796875 0.009375 0.01171875
1 0.50390625 0.29921875 0.00625 0.0109375
0 0.2734375 0.71015625 0.00859375 0.015625
1 0.65 0.30078125 0.009375 0.01328125
1 0.39140625 0.3421875 0.00859375 0.0140625
0 0.29609375 0.765625 0.0078125 0.0125
1 0.084375 0.3453125 0.00859375 0.0125
1 0.82890625 0.8859375 0.00859375 0.0203125
1 0.38515625 0.6421875 0.0125 0.01875
1 0.60703125 0.29765625 0.00859375 0.0125
2 0.25078125 0.2265625 0.090625 0.05234375
1 0.47890625 0.61328125 0.0125 0.0140625
1 0.4046875 0.32734375 0.00703125 0.01328125
0 0.1796875 0.0453125 0.01015625 0.0171875
1 0.1890625 0.2921875 0.00546875 0.00859375
0 0.265625 0.725 0.0078125 0.0125
1 0.88359375 0.84609375 0.009375 0.01328125
1 0.971875 0.34921875 0.0078125 0.0125
1 0.13515625 0.628125 0.0140625 0.01875
0 0.24765625 0.771875 0.0109375 0.01640625
1 0.353125 0.44609375 0.009375 0.01484375
1 0.95234375 0.98828125 0.01640625 0.0234375
1 0.9796875 0.35546875 0.009375 0.0140625
0 0.28203125 0.71171875 0.0078125 0.015625
0 0.33671875 0.7453125 0.0109375 0.0203125
1 0.709375 0.85390625 0.0078125 0.0109375
1 0.9234375 0.94765625 0.00859375 0.01484375
1 0.66875 0.2984375 0.00859375 0.0125
1 0.696875 0.39140625 0.0078125 0.0109375
1 0.59140625 0.29921875 0.00703125 0.01171875
1 0.48125 0.64453125 0.01015625 0.01171875
1 0.70546875 0.40390625 0.0078125 0.0140625
1 0.13515625 0.64921875 0.0109375 0.01171875
1 0.07734375 0.39453125 0.01015625 0.01015625
1 0.9328125 0.87578125 0.00859375 0.0140625
1 0.371875 0.6484375 0.01015625 0.01171875
1 0.071875 0.9015625 0.0125 0.01171875
1 0.9453125 0.94296875 0.0109375 0.01640625
0 0.26484375 0.771875 0.01015625 0.01328125
1 0.80546875 0.6359375 0.01328125 0.021875
1 0.13203125 0.86953125 0.0109375 0.01796875
1 0.26328125 0.49375 0.0109375 0.01328125
0 0.775 0.221875 0.0125 0.0171875
0 0.2796875 0.2328125 0.00859375 0.0125
1 0.2640625 0.521875 0.01171875 0.0171875
1 0.8515625 0.3015625 0.00703125 0.0125
1 0.659375 0.33828125 0.00859375 0.01328125
0 0.24453125 0.2453125 0.0109375 0.01484375
0 0.27421875 0.16015625 0.00859375 0.01328125
1 0.42265625 0.32265625 0.00625 0.01171875
1 0.590625 0.3859375 0.00859375 0.0171875
1 0.41640625 0.33125 0.00625 0.01328125
1 0.9875 0.35546875 0.0078125 0.01328125
1 0.575 0.42890625 0.00859375 0.01328125
1 0.365625 0.45546875 0.009375 0.01484375
1 0.06640625 0.39609375 0.009375 0.0109375
1 0.69453125 0.4015625 0.00703125 0.0109375
1 0.1046875 0.86953125 0.01171875 0.01796875
3 0.16953125 0.834375 0.03984375 0.059375
1 0.4578125 0.64453125 0.01328125 0.0125
1 0.478125 0.628125 0.01484375 0.015625
1 0.7234375 0.646875 0.009375 0.01015625
1 0.4171875 0.64140625 0.0140625 0.01875
0 0.21953125 0.0265625 0.0109375 0.01796875
1 0.54453125 0.2953125 0.00859375 0.0125