1 0.39609375 0.503125 0.015625 0.0203125
3 0.1765625 0.88984375 0.0984375 0.103125
1 0.8234375 0.55625 0.0171875 0.021875
1 0.8984375 0.53828125 0.0171875 0.0234375
1 0.3046875 0.50625 0.015625 0.021875
1 0.54375 0.42421875 0.0125 0.01875
1 0.62890625 0.45859375 0.0140625 0.0203125
1 0.8515625 0.53984375 0.015625 0.021875
4 0.75078125 0.80546875 0.08125 0.0734375
1 0.47734375 0.42421875 0.0125 0.0171875
1 0.2671875 0.60234375 0.0140625 0.01875
1 0.07109375 0.515625 0.0140625 0.01875
1 0.3 0.434375 0.0125 0.0171875
1 0.69453125 0.45234375 0.015625 0.0203125
4 0.59765625 0.83984375 0.0859375 0.1203125
1 0.4390625 0.89765625 0.015625 0.021875
0 0.80625 0.16484375 0.015625 0.0203125
2 0.22578125 0.2484375 0.0984375 0.0546875
0 0.821875 0.1125 0.0171875 0.0234375
1 0.46875 0.5328125 0.015625 0.0234375
1 0.37421875 0.39296875 0.0109375 0.015625
1 0.19453125 0.59375 0.015625 0.025
1 0.2703125 0.5203125 0.015625 0.0234375
1 0.56953125 0.41796875 0.0125 0.0171875
1 0.75234375 0.83515625 0.0125 0.015625
1 0.46953125 0.571875 0.015625 0.0234375
1 0.73671875 0.52890625 0.015625 0.0234375
1 0.60546875 0.4234375 0.0140625 0.0171875
1 0.6453125 0.534375 0.015625 0.0234375
1 0.72734375 0.478125 0.0140625 0.0203125
1 0.44375 0.4515625 0.0140625 0.0203125
1 0.84140625 0.2984375 0.0109375 0.0140625
2 0.746875 0.20078125 0.09375 0.0671875
1 0.759375 0.51796875 0.015625 0.021875
1 0.2953125 0.58671875 0.0171875 0.025
1 0.27890625 0.57578125 0.0171875 0.021875
1 0.465625 0.88828125 0.0140625 0.0203125
1 0.0671875 0.49453125 0.0140625 0.015625
1 0.45703125 0.4453125 0.0125 0.01875
1 0.94921875 0.353125 0.0140625 0.0171875
1 0.44296875 0.4296875 0.0140625 0.0171875
1 0.571875 0.38203125 0.0125 0.015625
1 0.41875 0.8953125 0.0140625 0.0234375
1 0.359375 0.38515625 0.0109375 0.015625
1 0.68046875 0.35078125 0.0140625 0.01875
1 0.5453125 0.3515625 0.0109375 0.015625
1 0.48203125 0.440625 0.0140625 0.01875
1 0.05546875 0.4671875 0.0140625 0.0171875
1 0.59296875 0.43828125 0.0125 0.01875
1 0.53125 0.371875 0.0109375 0.0171875
1 0.19765625 0.98515625 0.025 0.0296875
1 0.625 0.39453125 0.0125 0.0171875
1 0.965625 0.3640625 0.0140625 0.0171875
1 0.6953125 0.33984375 0.0125 0.0171875
0 0.80078125 0.1359375 0.015625 0.021875
1 0.9453125 0.525 0.01875 0.021875
1 0.50546875 0.43359375 0.0140625 0.01875
1 0.8921875 0.87578125 0.01875 0.028125
1 0.8265625 0.3875 0.015625 0.0234375
1 0.52890625 0.32109375 0.0109375 0.0140625
1 0.73359375 0.50703125 0.015625 0.01875
1 0.7140625 0.4796875 0.015625 0.0203125
1 0.67265625 0.47421875 0.0140625 0.0203125
0 0.74296875 0.2015625 0.0125 0.0140625
1 0.0796875 0.6828125 0.0171875 0.021875
1 0.259375 0.921875 0.0171875 0.0265625
1 0.32890625 0.33515625 0.009375 0.0140625
1 0.34140625 0.40234375 0.0109375 0.015625
1 0.64453125 0.415625 0.0140625 0.0171875
1 0.2453125 0.6515625 0.0171875 0.025
1 0.1796875 0.425 0.0125 0.0171875
1 0.4921875 0.321875 0.0109375 0.0125
0 0.79453125 0.15 0.0140625 0.0171875
1 0.50390625 0.33515625 0.0109375 0.015625
1 0.68125 0.3296875 0.0109375 0.015625
1 0.41171875 0.4578125 0.0140625 0.01875
1 0.61640625 0.30390625 0.0109375 0.0140625
1 0.16875 0.334375 0.0109375 0.0140625
1 0.41328125 0.878125 0.0109375 0.0140625
1 0.46953125 0.321875 0.0109375 0.0140625
1 0.121875 0.390625 0.0125 0.015625
1 0.075 0.43671875 0.0125 0.015625
1 0.684375 0.30078125 0.0125 0.0171875
1 0.88515625 0.85234375 0.0109375 0.0171875
1 0.709375 0.4609375 0.0140625 0.0171875
1 0.3453125 0.34375 0.0109375 0.0140625
1 0.2125 0.92578125 0.0171875 0.0234375
1 0.19921875 0.453125 0.009375 0.015625
1 0.140625 0.36953125 0.0125 0.015625
1 0.6125 0.41015625 0.0125 0.0140625
1 0.37890625 0.43203125 0.0125 0.0171875
1 0.60390625 0.3921875 0.0125 0.0140625
1 0.9203125 0.8625 0.015625 0.021875
1 0.6859375 0.38984375 0.0125 0.0171875
1 0.63125 0.38203125 0.0109375 0.0140625
1 0.98046875 0.35859375 0.015625 0.0171875
1 0.14453125 0.959375 0.0203125 0.034375
1 0.4 0.48671875 0.0125 0.01875
1 0.453125 0.4046875 0.0140625 0.0171875
1 0.61953125 0.334375 0.0109375 0.0140625
1 0.2375 0.9015625 0.0125 0.0171875
1 0.634375 0.4203125 0.0125 0.01875
1 0.31796875 0.375 0.0109375 0.0140625
1 0.596875 0.4 0.0109375 0.015625
1 0.98125 0.33359375 0.0125 0.015625
1 0.81953125 0.59765625 0.0171875 0.025
1 0.5796875 0.4390625 0.0140625 0.01875
1 0.05234375 0.540625 0.015625 0.0203125
1 0.90703125 0.29296875 0.0140625 0.015625
1 0.865625 0.2921875 0.0109375 0.0140625
1 0.91484375 0.8453125 0.0125 0.0140625
1 0.5 0.890625 0.0140625 0.0203125
1 0.2890625 0.62578125 0.0125 0.0140625
1 0.6359375 0.396875 0.0125 0.0171875
1 0.54921875 0.3046875 0.0109375 0.0140625
1 0.878125 0.5984375 0.015625 0.0171875
1 0.5625 0.3609375 0.0125 0.015625
1 0.065625 0.440625 0.0125 0.015625
1 0.88203125 0.8203125 0.009375 0.0125
1 0.478125 0.3078125 0.0109375 0.0140625
1 0.9015625 0.8453125 0.009375 0.0125
1 0.86015625 0.5625 0.0109375 0.0140625
0 0.56875 0.7625 0.0140625 0.0203125
1 0.6125 0.340625 0.0109375 0.0140625
1 0.41171875 0.35078125 0.0109375 0.0140625
1 0.65625 0.3859375 0.0125 0.0171875
0 0.765625 0.24140625 0.0140625 0.0171875
1 0.16796875 0.98984375 0.025 0.0203125
1 0.8234375 0.8171875 0.0109375 0.0125
1 0.0734375 0.415625 0.015625 0.015625
1 0.46484375 0.303125 0.009375 0.0125
1 0.51484375 0.896875 0.015625 0.021875
1 0.8515625 0.81796875 0.009375 0.0109375
1 0.265625 0.87109375 0.009375 0.0125
1 0.69609375 0.3125 0.0109375 0.0140625
1 0.5 0.8453125 0.009375 0.0125
1 0.44140625 0.41015625 0.0140625 0.015625
1 0.57265625 0.29453125 0.0109375 0.0140625
1 0.053125 0.48828125 0.0140625 0.0171875
1 0.7765625 0.82578125 0.0125 0.015625
1 0.04921875 0.68828125 0.0140625 0.0203125
1 0.0453125 0.47734375 0.0125 0.0171875
1 0.9515625 0.90234375 0.01875 0.021875
1 0.053125 0.44375 0.0125 0.015625
1 0.11640625 0.37578125 0.0125 0.0125
1 0.86171875 0.54921875 0.0140625 0.015625
4 0.3453125 0.90078125 0.1359375 0.1375
1 0.98046875 0.8765625 0.0171875 0.025
1 0.10390625 0.384375 0.0109375 0.0140625
1 0.80234375 0.81484375 0.0109375 0.0109375
1 0.90703125 0.31171875 0.0140625 0.0171875
1 0.559375 0.31875 0.0109375 0.0140625
1 0.67578125 0.371875 0.0140625 0.01875
1 0.41953125 0.640625 0.015625 0.028125
1 0.85859375 0.6125 0.015625 0.015625
1 0.31796875 0.3640625 0.009375 0.0109375
1 0.2375 0.88125 0.0109375 0.0140625
1 0.1125 0.68359375 0.0125 0.0140625
1 0.47578125 0.61484375 0.0140625 0.015625
1 0.915625 0.30546875 0.0125 0.015625
1 0.1328125 0.3375 0.0109375 0.0140625
1 0.146875 0.34296875 0.0109375 0.0125
1 0.62421875 0.2859375 0.009375 0.0109375
1 0.8125 0.8140625 0.009375 0.0109375
1 0.06015625 0.5203125 0.0125 0.0140625
1 0.9953125 0.465625 0.009375 0.015625
1 0.48984375 0.29609375 0.0125 0.0125
1 0.390625 0.90234375 0.0171875 0.0203125
1 0.87109375 0.26953125 0.0109375 0.0140625
1 0.1875 0.67109375 0.0171875 0.021875
3 0.2765625 0.85078125 0.0328125 0.040625
1 0.36953125 0.30703125 0.0125 0.0125
1 0.0515625 0.5015625 0.0109375 0.0125
1 0.22890625 0.87890625 0.0109375 0.0140625
1 0.89296875 0.290625 0.0125 0.0140625
1 0.09453125 0.38515625 0.0109375 0.0140625
1 0.8953125 0.31328125 0.0140625 0.015625
1 0.47265625 0.29765625 0.009375 0.0125
1 0.6 0.28671875 0.009375 0.0125
1 0.60859375 0.28671875 0.009375 0.0125
1 0.1265625 0.3625 0.0140625 0.0140625
1 0.9515625 0.884375 0.0140625 0.0171875
1 0.0140625 0.646875 0.009375 0.0109375
1 0.56015625 0.29375 0.009375 0.0125
1 0.96328125 0.86875 0.0140625 0.0171875
1 0.93515625 0.82265625 0.0109375 0.0140625
4 0.02421875 0.496875 0.0484375 0.075
1 0.25703125 0.90546875 0.0140625 0.0109375
1 0.58359375 0.4265625 0.0140625 0.015625