4 0.20546875 0.82109375 0.0640625 0.05625
3 0.74453125 0.8390625 0.0625 0.05625
4 0.87578125 0.4390625 0.078125 0.1125
1 0.740625 0.4734375 0.0140625 0.01875
1 0.06875 0.46640625 0.0140625 0.01875
1 0.32265625 0.453125 0.0140625 0.01875
1 0.37734375 0.5734375 0.0171875 0.021875
1 0.60078125 0.89453125 0.015625 0.0203125
1 0.29609375 0.4390625 0.0140625 0.0171875
1 0.3734375 0.8734375 0.0125 0.0171875
1 0.35234375 0.44921875 0.0140625 0.01875
1 0.30078125 0.49609375 0.015625 0.0203125
2 0.25859375 0.21875 0.096875 0.05
1 0.28515625 0.490625 0.015625 0.021875
2 0.7796875 0.22890625 0.0921875 0.0640625
1 0.1515625 0.55234375 0.0171875 0.021875
1 0.1203125 0.4328125 0.0140625 0.01875
1 0.45703125 0.5046875 0.015625 0.0203125
4 0.64765625 0.84921875 0.0890625 0.1078125
1 0.440625 0.5140625 0.015625 0.0203125
1 0.50234375 0.55703125 0.0171875 0.0234375
1 0.1328125 0.37890625 0.0125 0.015625
1 0.05703125 0.43984375 0.0140625 0.015625
1 0.4859375 0.50234375 0.0125 0.0203125
1 0.6078125 0.3828125 0.0125 0.0171875
1 0.0296875 0.45234375 0.0140625 0.0171875
1 0.85234375 0.3671875 0.0140625 0.015625
1 0.31171875 0.4390625 0.0140625 0.015625
1 0.2828125 0.8921875 0.0171875 0.01875
4 0.6796875 0.296875 0.0734375 0.071875
1 0.1015625 0.528125 0.015625 0.0203125
1 0.05078125 0.4171875 0.0140625 0.015625
1 0.4328125 0.559375 0.0140625 0.021875
1 0.82421875 0.4390625 0.0140625 0.0171875
3 0.446875 0.39296875 0.0890625 0.096875
1 0.434375 0.8953125 0.015625 0.021875
1 0.05 0.5640625 0.0171875 0.0171875
1 0.35078125 0.42109375 0.0140625 0.015625
1 0.1921875 0.38984375 0.0125 0.0171875
1 0.4 0.41640625 0.015625 0.0171875
1 0.37890625 0.41484375 0.0140625 0.015625
1 0.915625 0.896875 0.0140625 0.0171875
1 0.3921875 0.88203125 0.015625 0.021875
1 0.54921875 0.3671875 0.0125 0.0140625
1 0.27265625 0.85859375 0.0109375 0.015625
1 0.8734375 0.3515625 0.0109375 0.0140625
1 0.63203125 0.39296875 0.0125 0.0171875
1 0.79921875 0.86953125 0.0125 0.015625
1 0.67109375 0.35859375 0.0125 0.0140625
1 0.67734375 0.3828125 0.0125 0.015625
1 0.3296875 0.42265625 0.0140625 0.0171875
1 0.38828125 0.41484375 0.0140625 0.0171875
1 0.09765625 0.37109375 0.0125 0.015625
1 0.69140625 0.3921875 0.0125 0.015625
1 0.2953125 0.46328125 0.015625 0.0203125
1 0.54140625 0.49921875 0.009375 0.015625
1 0.1875 0.29453125 0.0109375 0.0125
1 0.5578125 0.3953125 0.0125 0.015625
1 0.10625 0.89609375 0.01875 0.0234375
1 0.36640625 0.84609375 0.015625 0.021875
1 0.903125 0.353125 0.0125 0.0140625
1 0.346875 0.3296875 0.0109375 0.0140625
1 0.02578125 0.5640625 0.0125 0.015625
1 0.1171875 0.3421875 0.0125 0.0140625
1 0.83203125 0.865625 0.0109375 0.0125
1 0.08984375 0.9125 0.0203125 0.03125
1 0.3828125 0.33828125 0.0125 0.0140625
1 0.2 0.9578125 0.0234375 0.0390625
1 0.415625 0.51171875 0.015625 0.0234375
1 0.5484375 0.3375 0.0109375 0.015625
1 0.784375 0.8671875 0.0125 0.015625
1 0.5875 0.30390625 0.0109375 0.0125
1 0.309375 0.4078125 0.0125 0.015625
1 0.3140625 0.85390625 0.0140625 0.015625
1 0.19453125 0.88046875 0.015625 0.0203125
1 0.4015625 0.43515625 0.0140625 0.0171875
1 0.1671875 0.30390625 0.0109375 0.0125
1 0.29375 0.85 0.0125 0.0140625
1 0.0203125 0.55 0.015625 0.015625
1 0.39296875 0.2984375 0.0109375 0.0125
1 0.3375 0.3671875 0.0109375 0.0125
1 0.7921875 0.64375 0.01875 0.025
1 0.52578125 0.62890625 0.01875 0.0234375
1 0.140625 0.56328125 0.0171875 0.0203125
1 0.14609375 0.3390625 0.0125 0.0140625
1 0.88515625 0.88515625 0.0140625 0.0171875
1 0.20078125 0.91640625 0.0203125 0.0265625
1 0.0625 0.38203125 0.0125 0.015625
1 0.8234375 0.40625 0.0125 0.0140625
1 0.07578125 0.4234375 0.0140625 0.0203125
1 0.3375 0.3828125 0.0125 0.0140625
1 0.04609375 0.9375 0.021875 0.0359375
1 0.8640625 0.36796875 0.0140625 0.015625
1 0.97421875 0.634375 0.0140625 0.0203125
1 0.86484375 0.86953125 0.0109375 0.0125
1 0.64765625 0.35390625 0.0109375 0.015625
1 0.17421875 0.903125 0.01875 0.025
1 0.8171875 0.8546875 0.0109375 0.0109375
1 0.509375 0.9 0.015625 0.01875
1 0.21640625 0.84296875 0.0109375 0.0125
1 0.58671875 0.39296875 0.0109375 0.0125
1 0.9015625 0.3359375 0.0125 0.0140625
1 0.66796875 0.346875 0.0109375 0.015625
1 0.3890625 0.39609375 0.0125 0.0125
1 0.375 0.296875 0.009375 0.0109375
1 0.55 0.83984375 0.009375 0.0109375
1 0.00546875 0.45 0.0109375 0.0125
1 0.046875 0.9046875 0.0171875 0.021875
1 0.0453125 0.9765625 0.0203125 0.0140625
1 0.1265625 0.56640625 0.015625 0.01875
1 0.76171875 0.64140625 0.01875 0.021875
1 0.425 0.440625 0.0109375 0.0140625
1 0.184375 0.85703125 0.0140625 0.015625
1 0.05234375 0.88046875 0.015625 0.01875
1 0.6078125 0.321875 0.0125 0.0140625
1 0.15703125 0.87421875 0.0140625 0.0171875
1 0.971875 0.3890625 0.009375 0.0125
1 0.02109375 0.4390625 0.0140625 0.0140625
1 0.14375 0.840625 0.009375 0.0125
1 0.08125 0.38203125 0.0125 0.0171875
1 0.00625 0.465625 0.0125 0.0140625
1 0.06171875 0.42578125 0.0125 0.0140625
1 0.33828125 0.35234375 0.0109375 0.009375
1 0.8515625 0.315625 0.0109375 0.0125
1 0.88984375 0.996875 0.0234375 0.00625
1 0.41015625 0.29375 0.0109375 0.0125
0 0.78125 0.2546875 0.0125 0.0125
1 0.8203125 0.4203125 0.0125 0.0140625
1 0.82109375 0.99609375 0.0265625 0.0078125
1 0.88359375 0.90703125 0.0125 0.015625
1 0.14765625 0.88671875 0.015625 0.0203125
1 0.8328125 0.4390625 0.0125 0.015625
1 0.12890625 0.8875 0.01875 0.0203125
1 0.134375 0.31015625 0.0109375 0.0125
1 0.02265625 0.4046875 0.0140625 0.015625
1 0.55234375 0.3859375 0.0125 0.0140625
1 0.07109375 0.384375 0.0125 0.015625
1 0.328125 0.39296875 0.0125 0.015625
1 0.496875 0.29921875 0.0125 0.0125
1 0.08359375 0.87109375 0.0140625 0.021875
1 0.44375 0.29765625 0.0125 0.0125
1 0.79609375 0.853125 0.0125 0.0125
1 0.11640625 0.32421875 0.0125 0.0140625
1 0.16484375 0.82890625 0.0125 0.0109375
1 0.11875 0.83984375 0.0109375 0.0125
1 0.00546875 0.43359375 0.009375 0.0140625
1 0.88203125 0.3140625 0.0140625 0.0125
4 0.196875 0.32890625 0.0265625 0.0421875
1 0.5296875 0.81640625 0.0078125 0.0109375
0 0.66328125 0.77421875 0.0140625 0.01875
1 0.93046875 0.3421875 0.0140625 0.015625
1 0.06640625 0.8640625 0.0140625 0.01875
1 0.090625 0.9734375 0.025 0.0234375
1 0.89296875 0.32421875 0.0125 0.0125
1 0.159375 0.296875 0.0125 0.0140625
1 0.2296875 0.83984375 0.009375 0.0109375
1 0.4359375 0.29375 0.0109375 0.0140625
1 0.53671875 0.8515625 0.0125 0.0109375
1 0.1453125 0.828125 0.009375 0.0109375
1 0.04375 0.40390625 0.0125 0.0140625
1 0.884375 0.86328125 0.0109375 0.0125
1 0.4546875 0.84140625 0.0109375 0.0125
0 0.25078125 0.75625 0.0125 0.01875
1 0.21640625 0.8859375 0.0109375 0.015625
1 0.01640625 0.35546875 0.0140625 0.01875
1 0.03359375 0.40234375 0.0140625 0.0171875
3 0.4421875 0.81953125 0.046875 0.04375
1 0.10390625 0.8671875 0.0140625 0.0171875
1 0.1265625 0.31640625 0.0125 0.0140625
1 0.015625 0.43046875 0.0125 0.0125
1 0.034375 0.36640625 0.0140625 0.0125