2 0.76953125 0.21953125 0.121875 0.065625
3 0.11640625 0.43828125 0.1203125 0.1171875
3 0.17890625 0.8328125 0.084375 0.05
4 0.6734375 0.2875 0.096875 0.06875
3 0.17734375 0.31875 0.078125 0.071875
4 0.23359375 0.45078125 0.1125 0.1171875
1 0.95859375 0.43125 0.046875 0.0203125
1 0.9796875 0.55234375 0.040625 0.0265625
1 0.82109375 0.9265625 0.05 0.03125
1 0.709375 0.50703125 0.046875 0.0234375
1 0.16953125 0.44375 0.04375 0.0203125
1 0.92421875 0.40703125 0.0453125 0.0203125
1 0.33671875 0.45234375 0.04375 0.021875
1 0.33359375 0.428125 0.04375 0.0203125
1 0.078125 0.54609375 0.046875 0.025
1 0.83515625 0.89296875 0.046875 0.0234375
1 0.85703125 0.43828125 0.0453125 0.021875
1 0.02265625 0.44765625 0.0453125 0.021875
1 0.484375 0.3703125 0.04375 0.0171875
1 0.6171875 0.39453125 0.04375 0.01875
1 0.50390625 0.5796875 0.046875 0.025
1 0.4984375 0.3921875 0.04375 0.01875
3 0.759375 0.8265625 0.084375 0.05
1 0.83984375 0.4078125 0.04375 0.0203125
1 0.66484375 0.878125 0.04375 0.021875
0 0.21953125 0.18515625 0.0453125 0.021875
1 0.31875 0.40703125 0.04375 0.01875
1 0.7890625 0.89375 0.046875 0.0234375
1 0.103125 0.49375 0.046875 0.021875
1 0.53359375 0.378125 0.04375 0.01875
0 0.24453125 0.18359375 0.04375 0.01875
1 0.53359375 0.57578125 0.0484375 0.0234375
1 0.38359375 0.38984375 0.04375 0.01875
1 0.16640625 0.8953125 0.046875 0.025
1 0.06484375 0.44765625 0.0453125 0.021875
1 0.609375 0.340625 0.0421875 0.015625
1 0.9796875 0.42421875 0.040625 0.0203125
1 0.46640625 0.4375 0.04375 0.0203125
1 0.81171875 0.95703125 0.053125 0.0390625
1 0.4078125 0.36953125 0.04375 0.01875
1 0.84375 0.64140625 0.0484375 0.021875
1 0.70390625 0.4328125 0.0453125 0.01875
1 0.8453125 0.940625 0.05 0.03125
1 0.69140625 0.39453125 0.04375 0.01875
0 0.16953125 0.209375 0.04375 0.01875
1 0.43671875 0.43046875 0.04375 0.0171875
1 0.109375 0.93359375 0.053125 0.034375
1 0.44453125 0.43828125 0.04375 0.0203125
0 0.1671875 0.16875 0.04375 0.01875
1 0.17890625 0.38359375 0.0421875 0.01875
1 0.18515625 0.41640625 0.04375 0.01875
1 0.66484375 0.8578125 0.04375 0.0171875
1 0.703125 0.87109375 0.04375 0.0203125
1 0.5984375 0.3328125 0.04375 0.015625
1 0.578125 0.36640625 0.04375 0.01875
1 0.64453125 0.596875 0.0453125 0.015625
1 0.56796875 0.3703125 0.04375 0.01875
1 0.5078125 0.3703125 0.04375 0.0171875
1 0.65234375 0.39140625 0.04375 0.01875
1 0.6609375 0.384375 0.04375 0.01875
1 0.67890625 0.3671875 0.0421875 0.01875
1 0.390625 0.375 0.04375 0.01875
1 0.384375 0.31875 0.0421875 0.015625
1 0.1796875 0.871875 0.04375 0.01875
1 0.09140625 0.38125 0.04375 0.0171875
1 0.71953125 0.43671875 0.046875 0.0203125
1 0.353125 0.39921875 0.04375 0.01875
0 0.21484375 0.13125 0.04375 0.0203125
1 0.121875 0.30625 0.0421875 0.015625
1 0.45625 0.33828125 0.0421875 0.01875
0 0.22578125 0.23671875 0.04375 0.01875
1 0.3359375 0.3421875 0.04375 0.01875
1 0.66875 0.3359375 0.0421875 0.0171875
1 0.4703125 0.3265625 0.0421875 0.0171875
1 0.31640625 0.33984375 0.0421875 0.01875
1 0.353125 0.38203125 0.04375 0.01875
0 0.26328125 0.22265625 0.04375 0.0171875
1 0.3359375 0.38046875 0.04375 0.0171875
1 0.171875 0.6421875 0.0484375 0.025
1 0.51328125 0.35390625 0.04375 0.015625
0 0.1734375 0.25625 0.04375 0.01875
1 0.52890625 0.89609375 0.046875 0.025
0 0.1875 0.12578125 0.046875 0.021875
1 0.65234375 0.35859375 0.04375 0.01875
1 0.94140625 0.34375 0.04375 0.015625
1 0.6171875 0.32578125 0.0421875 0.015625
1 0.64453125 0.3515625 0.0421875 0.015625
1 0.84765625 0.3078125 0.04375 0.015625
1 0.90703125 0.94140625 0.05 0.028125
1 0.5515625 0.3296875 0.04375 0.0171875
1 0.9203125 0.54609375 0.046875 0.01875
1 0.4296875 0.32265625 0.040625 0.015625
1 0.22734375 0.61171875 0.046875 0.025
0 0.18828125 0.2578125 0.04375 0.021875
1 0.39296875 0.64609375 0.0421875 0.015625
1 0.5515625 0.90546875 0.04375 0.0125
1 0.1765625 0.40546875 0.04375 0.0171875
1 0.65078125 0.3796875 0.046875 0.015625
1 0.134375 0.8671875 0.040625 0.015625
1 0.1140625 0.33359375 0.04375 0.015625
1 0.3203125 0.36484375 0.0421875 0.015625
1 0.3296875 0.36953125 0.0421875 0.015625
1 0.6484375 0.32734375 0.04375 0.0171875
1 0.4046875 0.340625 0.040625 0.015625
1 0.01875 0.615625 0.0375 0.01875
1 0.52265625 0.59375 0.046875 0.0171875
0 0.178125 0.11953125 0.040625 0.01875
1 0.95625 0.34921875 0.04375 0.0171875
1 0.69140625 0.3703125 0.04375 0.0171875
1 0.0703125 0.35 0.04375 0.015625
1 0.396875 0.35859375 0.0421875 0.015625
1 0.60625 0.32890625 0.04375 0.015625
1 0.759375 0.84921875 0.0421875 0.015625
1 0.70703125 0.85234375 0.0421875 0.0140625
1 0.63984375 0.340625 0.04375 0.015625
1 0.89609375 0.31953125 0.04375 0.0171875
1 0.30625 0.31875 0.04375 0.015625
1 0.5703125 0.8484375 0.0421875 0.015625
1 0.08359375 0.35234375 0.0421875 0.015625
1 0.78984375 0.8765625 0.04375 0.015625
1 0.9203125 0.91953125 0.0484375 0.0234375
2 0.24140625 0.22421875 0.1359375 0.05625
1 0.55625 0.8296875 0.040625 0.0140625
0 0.203125 0.70390625 0.04375 0.01875
1 0.44140625 0.30703125 0.040625 0.0125
1 0.22734375 0.84296875 0.040625 0.0140625
1 0.984375 0.40390625 0.03125 0.0203125
1 0.8578125 0.30703125 0.04375 0.015625
1 0.20546875 0.409375 0.040625 0.015625
1 0.9671875 0.38359375 0.04375 0.01875
1 0.49921875 0.29453125 0.04375 0.015625
1 0.83515625 0.8453125 0.04375 0.0140625
1 0.21171875 0.88828125 0.05 0.0234375
1 0.715625 0.42421875 0.0421875 0.0140625
1 0.890625 0.8921875 0.05 0.025
1 0.2453125 0.840625 0.040625 0.0125
1 0.5375 0.5609375 0.04375 0.0171875
1 0.234375 0.65 0.0453125 0.0140625
1 0.86875 0.88828125 0.04375 0.025
1 0.91953125 0.31875 0.046875 0.01875
1 0.37734375 0.84375 0.04375 0.015625
0 0.1875 0.74453125 0.04375 0.01875
1 0.88671875 0.3203125 0.04375 0.0171875
4 0.44140625 0.8234375 0.09375 0.0609375
1 0.7453125 0.84921875 0.040625 0.015625
1 0.73125 0.85234375 0.040625 0.015625
1 0.9703125 0.959375 0.046875 0.028125
1 0.2203125 0.8390625 0.040625 0.0125
1 0.10234375 0.33359375 0.04375 0.015625
1 0.65546875 0.33984375 0.04375 0.015625