2 0.2203125 0.22890625 0.0890625 0.0625
3 0.07421875 0.33984375 0.078125 0.075
3 0.4640625 0.3078125 0.06875 0.0796875
1 0.4328125 0.44296875 0.0109375 0.0171875
3 0.128125 0.4140625 0.0921875 0.0953125
4 0.46484375 0.534375 0.1234375 0.1359375
1 0.98125 0.446875 0.0109375 0.01875
1 0.746875 0.55625 0.015625 0.0234375
1 0.8703125 0.41640625 0.0109375 0.0171875
1 0.05078125 0.3859375 0.009375 0.015625
2 0.740625 0.21796875 0.090625 0.0515625
1 0.35703125 0.57890625 0.015625 0.025
1 0.0390625 0.41015625 0.0109375 0.015625
1 0.50390625 0.43125 0.0109375 0.01875
1 0.0765625 0.46640625 0.0125 0.01875
1 0.38984375 0.4484375 0.0109375 0.0171875
1 0.340625 0.5578125 0.0140625 0.0234375
1 0.71484375 0.42734375 0.0109375 0.01875
1 0.2125 0.603125 0.0125 0.015625
1 0.8734375 0.34609375 0.009375 0.015625
1 0.3390625 0.4765625 0.0109375 0.0203125
4 0.8 0.81796875 0.034375 0.040625
1 0.36640625 0.4515625 0.0125 0.01875
1 0.4953125 0.890625 0.0125 0.021875
1 0.3484375 0.4578125 0.0109375 0.01875
1 0.72578125 0.44140625 0.0109375 0.01875
1 0.4484375 0.346875 0.009375 0.0140625
1 0.7109375 0.4828125 0.0109375 0.0203125
1 0.32421875 0.53671875 0.0125 0.021875
1 0.00390625 0.4546875 0.0078125 0.01875
1 0.74375 0.86953125 0.0109375 0.0171875
1 0.8890625 0.36796875 0.009375 0.0140625
1 0.07265625 0.3875 0.0109375 0.015625
1 0.31171875 0.38828125 0.009375 0.015625
1 0.309375 0.565625 0.0078125 0.01875
1 0.1125 0.60234375 0.0140625 0.0171875
1 0.29453125 0.46484375 0.0109375 0.01875
0 0.4984375 0.24140625 0.0125 0.01875
1 0.37890625 0.43671875 0.0109375 0.0171875
1 0.296875 0.42578125 0.0109375 0.015625
0 0.00546875 0.03984375 0.0109375 0.0234375
1 0.93125 0.3828125 0.009375 0.015625
1 0.4609375 0.3921875 0.0109375 0.0140625
1 0.66328125 0.375 0.009375 0.015625
1 0.675 0.871875 0.0109375 0.0171875
1 0.50390625 0.46015625 0.009375 0.0140625
1 0.66796875 0.39453125 0.009375 0.015625
1 0.3359375 0.4125 0.009375 0.015625
1 0.30859375 0.5046875 0.0125 0.0203125
0 0.053125 0.1546875 0.015625 0.021875
1 0.4 0.53984375 0.0109375 0.01875
0 0.05 0.03125 0.015625 0.021875
1 0.2234375 0.575 0.0109375 0.0203125
1 0.6359375 0.3625 0.009375 0.015625
1 0.3875 0.390625 0.009375 0.015625
1 0.703125 0.859375 0.009375 0.015625
1 0.46015625 0.409375 0.0109375 0.0171875
0 0.534375 0.16484375 0.009375 0.0171875
1 0.2328125 0.5859375 0.0140625 0.021875
1 0.68671875 0.39296875 0.009375 0.015625
1 0.1421875 0.4625 0.0109375 0.0171875
1 0.8375 0.4375 0.0109375 0.0171875
0 0.53125 0.1828125 0.0109375 0.01875
0 0.48203125 0.2734375 0.0109375 0.01875
1 0.59296875 0.39140625 0.0078125 0.0125
1 0.14609375 0.60703125 0.0125 0.015625
1 0.3109375 0.3640625 0.009375 0.0140625
1 0.83125 0.4265625 0.009375 0.0171875
1 0.55078125 0.34609375 0.00625 0.0140625
1 0.61328125 0.3375 0.0078125 0.0125
1 0.35390625 0.403125 0.0078125 0.0171875
1 0.49453125 0.4 0.009375 0.015625
1 0.43828125 0.39609375 0.009375 0.015625
0 0.3546875 0.7703125 0.0109375 0.01875
1 0.61796875 0.58203125 0.0125 0.01875
1 0.54453125 0.365625 0.009375 0.015625
1 0.19921875 0.425 0.0109375 0.0203125
1 0.53671875 0.32890625 0.0078125 0.0125
1 0.64609375 0.39375 0.009375 0.015625
1 0.296875 0.390625 0.0109375 0.015625
1 0.3828125 0.8921875 0.0109375 0.0234375
1 0.31328125 0.4796875 0.0109375 0.01875
1 0.40078125 0.8546875 0.0109375 0.0203125
1 0.878125 0.8578125 0.0078125 0.0140625
1 0.153125 0.33671875 0.0125 0.0203125
1 0.8171875 0.89375 0.0140625 0.0265625
1 0.79921875 0.396875 0.0109375 0.015625
1 0.134375 0.315625 0.0125 0.0171875
1 0.40390625 0.37109375 0.0078125 0.015625
1 0.3625 0.4296875 0.0109375 0.0171875
1 0.61640625 0.35078125 0.0078125 0.0140625
1 0.3921875 0.34765625 0.009375 0.015625
1 0.85390625 0.853125 0.0078125 0.015625
1 0.16328125 0.3578125 0.009375 0.0171875
1 0.43984375 0.3796875 0.0078125 0.0109375
1 0.18515625 0.44375 0.009375 0.015625
1 0.628125 0.390625 0.009375 0.015625
0 0.02578125 0.0375 0.0171875 0.025
1 0.278125 0.4515625 0.0125 0.0203125
1 0.32890625 0.32109375 0.0078125 0.0125
1 0.3359375 0.50859375 0.0109375 0.01875
1 0.52421875 0.35234375 0.009375 0.0125
1 0.38203125 0.34765625 0.0109375 0.0140625
1 0.16796875 0.43828125 0.009375 0.0171875
0 0.43671875 0.7578125 0.009375 0.0125
1 0.496875 0.3390625 0.0109375 0.015625
1 0.52421875 0.3375 0.009375 0.0125
1 0.50859375 0.37890625 0.0109375 0.015625
1 0.475 0.409375 0.0109375 0.0171875
1 0.24375 0.6375 0.009375 0.015625
1 0.5859375 0.29765625 0.0109375 0.0140625
0 0.5203125 0.2125 0.0125 0.0171875
1 0.3484375 0.315625 0.0078125 0.0140625
1 0.35390625 0.359375 0.009375 0.015625
0 0.51328125 0.23125 0.0109375 0.01875
1 0.81953125 0.29765625 0.009375 0.0125
1 0.62578125 0.3640625 0.0078125 0.0140625
1 0.5328125 0.31328125 0.0078125 0.0140625
1 0.6859375 0.31875 0.0078125 0.0140625
1 0.896875 0.325 0.0078125 0.0125
1 0.1671875 0.3359375 0.009375 0.015625
0 0.25390625 0.81640625 0.03125 0.046875
1 0.446875 0.3953125 0.0109375 0.0171875
0 0.41796875 0.72734375 0.0109375 0.021875
1 0.3640625 0.353125 0.009375 0.015625
1 0.421875 0.3453125 0.0109375 0.0140625
1 0.34140625 0.36484375 0.0078125 0.0125
1 0.61171875 0.3140625 0.0078125 0.0125
1 0.42421875 0.32734375 0.0078125 0.0125
1 0.68828125 0.86953125 0.0109375 0.01875
1 0.715625 0.82265625 0.0078125 0.0109375
1 0.8984375 0.8578125 0.0109375 0.015625
1 0.1109375 0.659375 0.0140625 0.015625
1 0.03984375 0.36328125 0.009375 0.0140625
1 0.4578125 0.87109375 0.009375 0.015625
1 0.51796875 0.3671875 0.0109375 0.0140625
1 0.3328125 0.38671875 0.0109375 0.0171875
1 0.9078125 0.8546875 0.009375 0.0171875
0 0.43828125 0.734375 0.0078125 0.0125
1 0.63359375 0.2953125 0.009375 0.0125
0 0.45859375 0.7328125 0.0109375 0.0171875
1 0.334375 0.3734375 0.009375 0.0140625
1 0.09609375 0.45703125 0.0125 0.015625
1 0.29453125 0.40625 0.0109375 0.0140625
1 0.49375 0.46171875 0.0078125 0.0125
1 0.91171875 0.334375 0.009375 0.0140625
1 0.1703125 0.6328125 0.0140625 0.021875
1 0.39609375 0.36484375 0.009375 0.015625
1 0.34140625 0.39453125 0.0109375 0.0125
1 0.39453125 0.83125 0.0140625 0.025
0 0.334375 0.73984375 0.0125 0.0234375
1 0.8484375 0.3015625 0.0078125 0.0125
1 0.6046875 0.31796875 0.009375 0.0140625
1 0.34296875 0.64765625 0.009375 0.009375
1 0.76796875 0.978125 0.025 0.025
0 0.07578125 0.01953125 0.0125 0.009375
1 0.83984375 0.2953125 0.009375 0.0125
1 0.1890625 0.6453125 0.009375 0.021875
1 0.1484375 0.63046875 0.015625 0.0203125
1 0.0890625 0.9453125 0.015625 0.021875
1 0.0015625 0.38828125 0.003125 0.0140625
1 0.390625 0.3 0.0078125 0.0125
1 0.79375 0.83828125 0.0078125 0.0125
1 0.01484375 0.37578125 0.0109375 0.0171875
1 0.32421875 0.38125 0.009375 0.0171875
1 0.471875 0.85 0.009375 0.0125
1 0.79609375 0.6375 0.0078125 0.0125
1 0.11953125 0.30078125 0.0125 0.0171875
1 0.57265625 0.31640625 0.00625 0.0109375
1 0.1265625 0.6296875 0.015625 0.0203125
1 0.36796875 0.30390625 0.009375 0.0125
1 0.33984375 0.35390625 0.0078125 0.0109375
1 0.4375 0.52109375 0.0109375 0.021875
0 0.4421875 0.7234375 0.00625 0.0109375
1 0.41953125 0.33515625 0.009375 0.0109375
1 0.4953125 0.29453125 0.0078125 0.0125
1 0.9453125 0.35234375 0.0109375 0.0125
1 0.440625 0.84609375 0.009375 0.0140625
1 0.34453125 0.41953125 0.009375 0.0140625
1 0.60234375 0.84453125 0.009375 0.0109375
1 0.1296875 0.65703125 0.0140625 0.0171875
1 0.58359375 0.8484375 0.0078125 0.0078125
1 0.54453125 0.296875 0.0109375 0.0125
1 0.63984375 0.3828125 0.009375 0.0109375
1 0.41796875 0.29921875 0.009375 0.0140625
1 0.159375 0.65625 0.0109375 0.0125
1 0.78359375 0.8359375 0.0078125 0.0109375
1 0.11015625 0.9375 0.015625 0.028125
1 0.33203125 0.52265625 0.009375 0.0140625
1 0.75859375 0.8328125 0.009375 0.0109375
1 0.11640625 0.31640625 0.0109375 0.015625