3 0.621875 0.3375 0.084375 0.09375
1 0.20703125 0.60078125 0.0359375 0.01875
4 0.8328125 0.81796875 0.0703125 0.0546875
1 0.7703125 0.56015625 0.0375 0.025
1 0.296875 0.39765625 0.034375 0.0171875
1 0.10078125 0.43359375 0.034375 0.01875
1 0.2203125 0.575 0.0390625 0.025
1 0.9046875 0.53125 0.0375 0.0234375
1 0.953125 0.46484375 0.0359375 0.0203125
1 0.55625 0.55546875 0.0375 0.0234375
4 0.8234375 0.31328125 0.075 0.0640625
1 0.728125 0.88125 0.0359375 0.0234375
1 0.64453125 0.57734375 0.0359375 0.021875
1 0.94765625 0.56171875 0.0375 0.0203125
1 0.08046875 0.434375 0.034375 0.01875
1 0.63125 0.47890625 0.034375 0.021875
1 0.8953125 0.4390625 0.034375 0.01875
1 0.65 0.39921875 0.0328125 0.01875
1 0.71875 0.55 0.0359375 0.021875
2 0.74140625 0.2171875 0.115625 0.053125
1 0.7125 0.4609375 0.0359375 0.0203125
1 0.16171875 0.953125 0.0421875 0.0328125
1 0.271875 0.8890625 0.034375 0.021875
1 0.92421875 0.490625 0.034375 0.0203125
1 0.6828125 0.4734375 0.034375 0.0203125
1 0.09375 0.3828125 0.0328125 0.0171875
0 0.0828125 0.190625 0.0390625 0.025
1 0.24765625 0.89296875 0.034375 0.021875
1 0.34609375 0.37109375 0.0328125 0.0171875
1 0.7390625 0.559375 0.0359375 0.0234375
1 0.7 0.4484375 0.034375 0.01875
1 0.56015625 0.896875 0.0359375 0.021875
1 0.7953125 0.45390625 0.034375 0.01875
1 0.36484375 0.35078125 0.0328125 0.015625
1 0.6625 0.45625 0.034375 0.021875
1 0.86796875 0.903125 0.040625 0.0265625
1 0.6609375 0.36015625 0.03125 0.0171875
1 0.98359375 0.4515625 0.0328125 0.01875
1 0.68046875 0.39765625 0.0328125 0.01875
2 0.21796875 0.23046875 0.115625 0.0625
1 0.334375 0.39609375 0.0328125 0.0171875
1 0.9421875 0.50859375 0.0375 0.025
1 0.10078125 0.34921875 0.0328125 0.015625
1 0.00703125 0.39609375 0.0140625 0.0171875
1 0.83203125 0.89765625 0.0390625 0.0265625
1 0.39140625 0.34921875 0.03125 0.015625
1 0.71640625 0.49453125 0.0359375 0.0203125
1 0.32109375 0.85859375 0.03125 0.015625
1 0.51640625 0.37109375 0.0328125 0.01875
4 0.4515625 0.85859375 0.109375 0.1078125
1 0.33828125 0.3484375 0.03125 0.015625
0 0.06328125 0.14921875 0.0390625 0.0265625
1 0.37734375 0.34921875 0.03125 0.015625
1 0.76953125 0.88984375 0.0375 0.025
0 0.4328125 0.74296875 0.0390625 0.03125
1 0.8078125 0.8984375 0.0390625 0.025
1 0.94453125 0.446875 0.034375 0.01875
0 0.2046875 0.225 0.034375 0.0234375
1 0.8515625 0.9046875 0.0390625 0.0265625
1 0.9203125 0.42109375 0.034375 0.01875
3 0.37578125 0.53515625 0.1296875 0.10625
1 0.3359375 0.328125 0.03125 0.015625
1 0.6359375 0.43515625 0.034375 0.0203125
1 0.171875 0.8796875 0.03125 0.015625
1 0.55625 0.6140625 0.0359375 0.0203125
1 0.53359375 0.6234375 0.0375 0.0234375
1 0.96484375 0.91328125 0.040625 0.0296875
1 0.59609375 0.86328125 0.0328125 0.0203125
1 0.35234375 0.3359375 0.03125 0.015625
1 0.4421875 0.334375 0.0328125 0.015625
1 0.9515625 0.40546875 0.0328125 0.015625
1 0.18515625 0.440625 0.0328125 0.0171875
1 0.98984375 0.45 0.0203125 0.01875
1 0.22734375 0.62578125 0.0375 0.0203125
1 0.7921875 0.9546875 0.0453125 0.0390625
1 0.903125 0.94453125 0.04375 0.0359375
1 0.74453125 0.89375 0.0375 0.01875
1 0.0890625 0.89140625 0.034375 0.01875
1 0.91015625 0.9046875 0.040625 0.0265625
1 0.31796875 0.4 0.034375 0.015625
1 0.9390625 0.91796875 0.040625 0.03125
1 0.609375 0.60546875 0.0359375 0.015625
1 0.08984375 0.3375 0.0328125 0.015625
1 0.13125 0.86875 0.03125 0.0140625
1 0.41953125 0.34375 0.0328125 0.015625
1 0.153125 0.315625 0.0296875 0.0140625
1 0.90703125 0.41015625 0.034375 0.01875
1 0.26640625 0.846875 0.03125 0.0125
1 0.97578125 0.5671875 0.0328125 0.015625
1 0.646875 0.8953125 0.0375 0.01875
1 0.6296875 0.89921875 0.0359375 0.0140625
1 0.23125 0.84921875 0.03125 0.0125
1 0.6671875 0.33515625 0.0328125 0.0140625
1 0.23671875 0.584375 0.0359375 0.0203125
1 0.02265625 0.365625 0.0328125 0.015625
1 0.67578125 0.37265625 0.03125 0.0140625
1 0.94375 0.41953125 0.0328125 0.01875
1 0.7953125 0.87578125 0.0359375 0.0234375
1 0.3640625 0.3046875 0.03125 0.0140625
1 0.975 0.40546875 0.034375 0.015625
1 0.23515625 0.6421875 0.034375 0.0203125
1 0.925 0.98203125 0.0359375 0.0078125
1 0.92890625 0.38984375 0.034375 0.0171875
1 0.9859375 0.55390625 0.028125 0.0234375
1 0.9078125 0.63515625 0.0359375 0.015625
1 0.975 0.421875 0.034375 0.01875
1 0.91875 0.3890625 0.034375 0.0171875
1 0.0671875 0.3515625 0.0328125 0.0171875
1 0.14453125 0.3171875 0.034375 0.0140625
1 0.1078125 0.871875 0.03125 0.015625
1 0.8984375 0.33359375 0.0328125 0.01875
1 0.190625 0.653125 0.034375 0.021875
1 0.6765625 0.3625 0.03125 0.0125
1 0.18828125 0.85859375 0.034375 0.015625
1 0.3640625 0.87265625 0.0328125 0.015625
1 0.89453125 0.315625 0.0328125 0.015625
1 0.7078125 0.396875 0.03125 0.015625
1 0.553125 0.8484375 0.03125 0.0140625
1 0.41875 0.33125 0.0328125 0.0125
1 0.928125 0.56953125 0.034375 0.015625
1 0.3515625 0.303125 0.03125 0.0125
4 0.046875 0.9078125 0.09375 0.184375
1 0.56015625 0.29921875 0.034375 0.015625
1 0.64609375 0.6390625 0.0328125 0.0171875
1 0.8328125 0.87265625 0.0375 0.021875
1 0.603125 0.29609375 0.03125 0.0125
1 0.8515625 0.31171875 0.03125 0.015625
1 0.8203125 0.95703125 0.0390625 0.03125
1 0.33984375 0.409375 0.0328125 0.0140625
1 0.85703125 0.9703125 0.05 0.0375
1 0.81875 0.87421875 0.034375 0.021875
1 0.57265625 0.85 0.03125 0.0109375
1 0.92890625 0.409375 0.0359375 0.0171875
1 0.91328125 0.36328125 0.034375 0.0171875
1 0.05703125 0.3453125 0.0359375 0.015625
1 0.56953125 0.2984375 0.03125 0.015625
1 0.86875 0.8765625 0.034375 0.015625
1 0.65234375 0.3 0.0296875 0.0125
1 0.5828125 0.29609375 0.034375 0.015625
1 0.5703125 0.84140625 0.0296875 0.0125
1 0.328125 0.5453125 0.034375 0.0203125
1 0.21015625 0.85625 0.034375 0.0140625
1 0.8265625 0.98203125 0.04375 0.015625
1 0.8734375 0.31484375 0.034375 0.0171875
1 0.853125 0.8609375 0.0328125 0.0171875
1 0.05703125 0.325 0.0375 0.0234375
4 0.31796875 0.47265625 0.1296875 0.1578125