4 0.60234375 0.38828125 0.0828125 0.0953125
2 0.7703125 0.21953125 0.08515625 0.05859375
3 0.334375 0.29140625 0.05390625 0.0640625
1 0.77265625 0.5546875 0.01328125 0.02265625
3 0.8703125 0.365625 0.0609375 0.08671875
1 0.92109375 0.521875 0.01328125 0.02109375
3 0.76484375 0.84375 0.084375 0.08046875
1 0.6046875 0.44453125 0.01015625 0.01875
1 0.04765625 0.49765625 0.01171875 0.01953125
3 0.603125 0.8578125 0.08984375 0.096875
1 0.97109375 0.44453125 0.01171875 0.01875
1 0.70546875 0.56015625 0.01328125 0.021875
1 0.49296875 0.40234375 0.00859375 0.01640625
1 0.71796875 0.45390625 0.01015625 0.01640625
2 0.2484375 0.2265625 0.0921875 0.0453125
1 0.71171875 0.42421875 0.009375 0.015625
1 0.18828125 0.39453125 0.00859375 0.015625
1 0.91875 0.371875 0.009375 0.015625
1 0.5375 0.40390625 0.01015625 0.01640625
1 0.94609375 0.42109375 0.01171875 0.01640625
1 0.059375 0.528125 0.0125 0.0203125
1 0.00390625 0.578125 0.0078125 0.01953125
1 0.9078125 0.5921875 0.01171875 0.0140625
1 0.384375 0.35625 0.00859375 0.01484375
4 0.28671875 0.82734375 0.04296875 0.04375
1 0.315625 0.57734375 0.0125 0.0203125
4 0.78984375 0.45390625 0.07734375 0.10859375
1 0.37109375 0.35703125 0.00859375 0.015625
1 0.3984375 0.87890625 0.01015625 0.0171875
1 0.11875 0.3703125 0.0078125 0.01328125
1 0.04765625 0.4390625 0.01015625 0.0171875
1 0.4546875 0.4328125 0.009375 0.01640625
1 0.31640625 0.49609375 0.01171875 0.01953125
1 0.421875 0.88046875 0.01015625 0.01875
1 0.62578125 0.43828125 0.0109375 0.01796875
1 0.16796875 0.39765625 0.009375 0.01640625
1 0.4984375 0.42578125 0.01015625 0.01796875
1 0.88828125 0.590625 0.01328125 0.01640625
1 0.2265625 0.8953125 0.0125 0.01875
1 0.984375 0.4171875 0.0125 0.01640625
1 0.6921875 0.41953125 0.0109375 0.01640625
1 0.9734375 0.353125 0.009375 0.0140625
1 0.271875 0.4859375 0.0109375 0.01875
1 0.03359375 0.4390625 0.0109375 0.0171875
1 0.81953125 0.38359375 0.009375 0.015625
1 0.85703125 0.89453125 0.0125 0.0203125
1 0.0328125 0.42109375 0.0109375 0.01640625
1 0.17265625 0.884375 0.0109375 0.01875
1 0.42890625 0.9046875 0.01015625 0.01171875
1 0.7109375 0.43984375 0.01015625 0.01640625
1 0.2859375 0.453125 0.01015625 0.0140625
1 0.77734375 0.89921875 0.0125 0.02265625
1 0.5078125 0.33203125 0.0078125 0.01328125
1 0.1359375 0.56328125 0.0125 0.02265625
1 0.2859375 0.46953125 0.0109375 0.01796875
1 0.48125 0.33984375 0.00703125 0.0140625
1 0.21171875 0.8953125 0.01171875 0.01875
1 0.30625 0.45546875 0.01171875 0.01640625
1 0.1671875 0.90703125 0.0140625 0.021875
1 0.79765625 0.8875 0.0109375 0.0203125
1 0.17890625 0.93671875 0.01796875 0.0296875
1 0.834375 0.9453125 0.01796875 0.03125
1 0.578125 0.3234375 0.0078125 0.0140625
1 0.96640625 0.4015625 0.0125 0.01640625
1 0.675 0.4171875 0.01015625 0.01640625
1 0.5625 0.33515625 0.009375 0.01484375
1 0.3375 0.37890625 0.01015625 0.0171875
1 0.05703125 0.4203125 0.009375 0.0140625
1 0.315625 0.47734375 0.0109375 0.015625
1 0.459375 0.62109375 0.00859375 0.021875
1 0.465625 0.33046875 0.00703125 0.0125
1 0.890625 0.8859375 0.01015625 0.01796875
1 0.31875 0.86796875 0.0078125 0.0140625
1 0.096875 0.64296875 0.01484375 0.021875
1 0.690625 0.62421875 0.0140625 0.02265625
1 0.06796875 0.42109375 0.01015625 0.0140625
1 0.9234375 0.88359375 0.01015625 0.01484375
1 0.1578125 0.93671875 0.0171875 0.02734375
1 0.09375 0.37421875 0.00859375 0.0140625
1 0.29375 0.4328125 0.00859375 0.0140625
1 0.85234375 0.86875 0.00859375 0.01328125
1 0.896875 0.64453125 0.0140625 0.0171875
1 0.37109375 0.3359375 0.009375 0.0140625
1 0.29609375 0.4671875 0.01015625 0.01640625
1 0.67890625 0.39921875 0.00859375 0.0140625
1 0.996875 0.3734375 0.00625 0.01328125
1 0.8421875 0.88203125 0.00859375 0.0171875
1 0.45390625 0.3359375 0.0078125 0.0140625
1 0.36875 0.31796875 0.0078125 0.0125
1 0.08984375 0.409375 0.0109375 0.015625
1 0.3484375 0.9046875 0.01015625 0.0109375
1 0.43359375 0.32890625 0.00703125 0.0125
1 0.409375 0.36875 0.0109375 0.01796875
1 0.8921875 0.30390625 0.0078125 0.01328125
1 0.915625 0.31484375 0.009375 0.01328125
1 0.16796875 0.9890625 0.021875 0.0203125
1 0.49453125 0.309375 0.0078125 0.0140625
1 0.11328125 0.9515625 0.01875 0.0296875
1 0.8390625 0.31875 0.0078125 0.0125
1 0.578125 0.303125 0.0078125 0.0125
1 0.2578125 0.84140625 0.00703125 0.01015625
1 0.48359375 0.296875 0.0078125 0.01171875
1 0.69296875 0.39921875 0.01015625 0.0140625
1 0.6546875 0.8703125 0.00859375 0.01484375
1 0.16796875 0.45390625 0.0078125 0.01328125
4 0.525 0.83046875 0.08515625 0.12421875
1 0.24296875 0.99375 0.0171875 0.0109375
1 0.30546875 0.4078125 0.00859375 0.01171875
1 0.30390625 0.42890625 0.01015625 0.01484375
1 0.45234375 0.321875 0.00703125 0.0109375
1 0.25390625 0.62734375 0.01328125 0.0234375
1 0.08203125 0.38125 0.01015625 0.0140625
1 0.5890625 0.890625 0.0125 0.0203125
1 0.178125 0.31796875 0.01015625 0.0140625
1 0.13046875 0.6484375 0.0109375 0.0109375
1 0.88359375 0.303125 0.00859375 0.0140625
1 0.9515625 0.4 0.01015625 0.015625
1 0.83984375 0.29921875 0.0078125 0.0125
1 0.84375 0.925 0.0140625 0.0203125
1 0.453125 0.30078125 0.00703125 0.0109375
1 0.8265625 0.303125 0.00859375 0.0140625
1 0.13203125 0.93828125 0.01796875 0.02421875
1 0.29921875 0.86953125 0.01015625 0.01484375
1 0.0578125 0.58359375 0.0109375 0.01484375
1 0.50625 0.31953125 0.009375 0.01171875
1 0.378125 0.3296875 0.0078125 0.0125
1 0.9921875 0.353125 0.0109375 0.01328125
0 0.3171875 0.17578125 0.0125 0.02109375
1 0.54296875 0.3 0.00703125 0.0109375
1 0.859375 0.94296875 0.015625 0.02421875
1 0.996875 0.42265625 0.00625 0.01640625
1 0.5640625 0.896875 0.01328125 0.0203125
1 0.1734375 0.8671875 0.009375 0.01484375
1 0.515625 0.30234375 0.00703125 0.01171875
1 0.28828125 0.85390625 0.009375 0.01171875
1 0.0578125 0.37890625 0.00859375 0.01328125
1 0.1875 0.30390625 0.00859375 0.01171875
1 0.19609375 0.86484375 0.00859375 0.0125
1 0.12265625 0.32890625 0.009375 0.01328125
1 0.10078125 0.9 0.01171875 0.0203125
1 0.3078125 0.84921875 0.00859375 0.0125
1 0.15546875 0.32578125 0.00859375 0.0140625
1 0.19765625 0.88515625 0.01015625 0.015625
1 0.246875 0.84140625 0.00859375 0.009375
1 0.8796875 0.84765625 0.00859375 0.01484375
1 0.1296875 0.9 0.0125 0.01640625
1 0.49453125 0.29765625 0.00859375 0.0109375
1 0.29453125 0.4546875 0.01015625 0.01484375
1 0.890625 0.93203125 0.01328125 0.021875
1 0.33046875 0.8515625 0.00703125 0.0125
1 0.57421875 0.890625 0.01171875 0.021875
1 0.51328125 0.3203125 0.00859375 0.01484375
1 0.56015625 0.29453125 0.00859375 0.01171875
1 0.7234375 0.865625 0.01015625 0.0125
1 0.8234375 0.8421875 0.00859375 0.01328125
1 0.071875 0.3765625 0.00859375 0.01328125
1 0.1125 0.33203125 0.009375 0.01171875
1 0.115625 0.89140625 0.0109375 0.0140625
1 0.85390625 0.30625 0.0078125 0.0109375
1 0.096875 0.34453125 0.0109375 0.01328125
1 0.8578125 0.31875 0.00859375 0.0125
1 0.528125 0.29765625 0.009375 0.0125
1 0.16484375 0.325 0.009375 0.0140625
1 0.140625 0.3265625 0.01015625 0.0140625
1 0.2953125 0.846875 0.00859375 0.01171875