2 0.2453125 0.20546875 0.1203125 0.0765625
4 0.428125 0.2578125 0.0859375 0.0875
3 0.18359375 0.84140625 0.084375 0.0671875
3 0.846875 0.26953125 0.096875 0.084375
4 0.53203125 0.28359375 0.1 0.0890625
0 0.98203125 0.20703125 0.0359375 0.0265625
1 0.13125 0.39453125 0.0375 0.025
1 0.8703125 0.39609375 0.0375 0.025
3 0.97265625 0.43515625 0.0546875 0.1171875
1 0.20390625 0.6 0.040625 0.03125
1 0.8796875 0.52890625 0.0390625 0.0296875
1 0.2421875 0.45390625 0.0375 0.0265625
1 0.3265625 0.5984375 0.0421875 0.0328125
1 0.1875 0.5640625 0.040625 0.0328125
1 0.61484375 0.51171875 0.0390625 0.028125
1 0.284375 0.45703125 0.0375 0.0265625
1 0.65625 0.390625 0.0359375 0.025
1 0.61953125 0.3625 0.0375 0.025
1 0.1625 0.42890625 0.0375 0.025
1 0.5578125 0.33515625 0.034375 0.0234375
1 0.56015625 0.35703125 0.0359375 0.0234375
1 0.05625 0.40859375 0.0375 0.0265625
1 0.07734375 0.434375 0.0375 0.025
1 0.1890625 0.41796875 0.0375 0.025
1 0.4859375 0.39296875 0.0359375 0.025
1 0.3265625 0.36484375 0.0359375 0.0234375
1 0.83671875 0.3578125 0.0359375 0.0234375
1 0.67421875 0.43984375 0.0359375 0.025
1 0.12109375 0.46796875 0.0375 0.025
1 0.340625 0.44453125 0.0375 0.0265625
1 0.14375 0.4265625 0.0375 0.0265625
1 0.35390625 0.3796875 0.0359375 0.025
1 0.28125 0.5078125 0.0390625 0.028125
1 0.0734375 0.41328125 0.0375 0.025
1 0.33359375 0.521875 0.0390625 0.028125
1 0.04609375 0.4703125 0.0390625 0.0265625
1 0.24375 0.5625 0.0390625 0.028125
1 0.34765625 0.4171875 0.0359375 0.025
1 0.146875 0.44765625 0.0390625 0.0265625
1 0.934375 0.35859375 0.0359375 0.0234375
1 0.228125 0.88515625 0.0375 0.0234375
1 0.24375 0.5453125 0.0390625 0.021875
1 0.15234375 0.89609375 0.0375 0.0265625
1 0.68125 0.40234375 0.0375 0.025
1 0.10234375 0.428125 0.0375 0.025
1 0.11015625 0.52734375 0.0390625 0.0265625
1 0.32421875 0.47421875 0.0375 0.0265625
1 0.390625 0.425 0.0375 0.025
1 0.8453125 0.41796875 0.0359375 0.0234375
1 0.15703125 0.4828125 0.0359375 0.0234375
1 0.90703125 0.34375 0.0359375 0.0234375
1 0.096875 0.4859375 0.0390625 0.028125
0 0.96953125 0.1484375 0.0390625 0.028125
1 0.6234375 0.4828125 0.0375 0.0265625
1 0.93046875 0.42265625 0.0375 0.025
1 0.12890625 0.9390625 0.04375 0.0375
1 0.859375 0.35234375 0.0359375 0.021875
1 0.27265625 0.6109375 0.040625 0.028125
1 0.46953125 0.33046875 0.0359375 0.0234375
1 0.7125 0.45859375 0.0375 0.025
1 0.890625 0.4140625 0.0375 0.025
1 0.4921875 0.30703125 0.034375 0.0234375
1 0.10078125 0.50703125 0.0390625 0.0265625
1 0.61328125 0.390625 0.0375 0.025
1 0.18125 0.89765625 0.0390625 0.028125
1 0.39609375 0.36484375 0.0359375 0.0234375
1 0.65703125 0.90703125 0.0375 0.025
1 0.015625 0.44296875 0.03125 0.0265625
1 0.42265625 0.33046875 0.034375 0.021875
1 0.2734375 0.4734375 0.0359375 0.021875
1 0.65 0.55390625 0.0390625 0.0296875
1 0.26015625 0.5421875 0.0390625 0.0265625
1 0.115625 0.91328125 0.0421875 0.03125
0 0.753125 0.20234375 0.0359375 0.0234375
0 0.97734375 0.23046875 0.0375 0.025
1 0.3765625 0.89453125 0.0375 0.0234375
1 0.6640625 0.334375 0.034375 0.021875
1 0.66015625 0.37109375 0.0359375 0.0234375
1 0.0953125 0.90625 0.0390625 0.0296875
0 0.98203125 0.16171875 0.0359375 0.0265625
1 0.0765625 0.4515625 0.0375 0.0234375
1 0.37421875 0.3296875 0.0359375 0.0234375
1 0.26328125 0.49765625 0.0390625 0.025
2 0.7671875 0.22109375 0.1203125 0.0671875
1 0.6109375 0.28671875 0.034375 0.021875
1 0.3578125 0.3015625 0.0359375 0.021875
1 0.315625 0.4578125 0.0375 0.0296875
1 0.95546875 0.41484375 0.0359375 0.0234375
1 0.871875 0.33203125 0.0359375 0.0203125
1 0.228125 0.90859375 0.040625 0.0296875
1 0.20703125 0.41328125 0.0359375 0.025
0 0.95078125 0.05234375 0.0421875 0.0328125
1 0.071875 0.378125 0.0359375 0.0234375
1 0.6515625 0.35859375 0.0359375 0.0234375
1 0.33359375 0.31953125 0.0359375 0.0234375
1 0.3828125 0.3375 0.0359375 0.021875
1 0.91015625 0.42265625 0.0390625 0.028125
1 0.45078125 0.44921875 0.0375 0.0265625
0 0.7921875 0.22109375 0.0359375 0.025
0 0.990625 0.14921875 0.01875 0.0296875
0 0.9609375 0.18203125 0.0390625 0.028125
1 0.440625 0.2984375 0.034375 0.021875
1 0.196875 0.396875 0.0359375 0.025
1 0.80234375 0.303125 0.0375 0.0265625
1 0.47578125 0.3484375 0.0359375 0.0234375
1 0.85859375 0.3109375 0.0359375 0.021875
1 0.2453125 0.89921875 0.0375 0.0265625
1 0.26171875 0.525 0.0390625 0.021875
1 0.4390625 0.33125 0.034375 0.0234375
1 0.9046875 0.98125 0.046875 0.0375
1 0.4015625 0.3765625 0.0359375 0.0234375
1 0.6671875 0.41015625 0.0359375 0.0234375
1 0.9375 0.3984375 0.0359375 0.0203125
1 0.35234375 0.896875 0.0375 0.0203125
1 0.853125 0.40546875 0.0375 0.021875
1 0.1578125 0.93671875 0.04375 0.0359375
1 0.37265625 0.29140625 0.0359375 0.021875
1 0.93828125 0.4125 0.0375 0.0234375
1 0.44375 0.36328125 0.0375 0.0234375
1 0.89296875 0.36171875 0.0375 0.0234375
1 0.403125 0.33203125 0.034375 0.021875
1 0.2765625 0.4859375 0.0375 0.0234375
1 0.2453125 0.92578125 0.0421875 0.0328125
0 0.20078125 0.221875 0.0359375 0.025
1 0.71328125 0.446875 0.0375 0.0203125
1 0.678125 0.35078125 0.0359375 0.0234375
0 0.775 0.2375 0.034375 0.021875
1 0.43203125 0.3734375 0.0375 0.025
1 0.39140625 0.396875 0.0390625 0.025
0 0.778125 0.79921875 0.0453125 0.040625
1 0.959375 0.38203125 0.0375 0.0234375
1 0.35234375 0.36640625 0.0359375 0.021875
1 0.67265625 0.39375 0.0359375 0.025
1 0.0109375 0.4265625 0.021875 0.021875
1 0.43125 0.340625 0.0375 0.021875
1 0.13984375 0.26640625 0.034375 0.0203125
1 0.06171875 0.3796875 0.0359375 0.0234375
1 0.28203125 0.89140625 0.0375 0.025
0 0.73984375 0.71875 0.04375 0.0375
1 0.88125 0.30234375 0.0359375 0.021875
1 0.6296875 0.278125 0.034375 0.021875
1 0.11328125 0.2671875 0.0359375 0.021875
1 0.6875 0.30234375 0.034375 0.021875
1 0.40546875 0.90234375 0.034375 0.0171875
1 0.07265625 0.47265625 0.0375 0.025
1 0.93359375 0.3171875 0.0359375 0.021875
1 0.6921875 0.88125 0.034375 0.021875
1 0.06953125 0.32578125 0.0359375 0.021875
1 0.5953125 0.26171875 0.034375 0.021875
1 0.40546875 0.36171875 0.0359375 0.0234375
1 0.24765625 0.86484375 0.034375 0.0203125
1 0.1296875 0.88671875 0.0421875 0.0265625
1 0.6984375 0.31328125 0.0359375 0.021875
0 0.98828125 0.24296875 0.0234375 0.0265625
1 0.8796875 0.321875 0.034375 0.021875
1 0.6515625 0.278125 0.0359375 0.021875
1 0.09140625 0.32890625 0.0359375 0.021875
1 0.35078125 0.2703125 0.0359375 0.0234375
1 0.96953125 0.3984375 0.0375 0.025
1 0.64609375 0.87109375 0.034375 0.0171875
1 0.6828125 0.90546875 0.0375 0.025
0 0.778125 0.16875 0.0359375 0.021875
1 0.98125 0.625 0.0375 0.021875
1 0.90078125 0.29453125 0.034375 0.021875
1 0.890625 0.2859375 0.0359375 0.0203125
1 0.64140625 0.284375 0.034375 0.0203125
0 0.98515625 0.31796875 0.0296875 0.0265625
1 0.1234375 0.97578125 0.046875 0.03125
1 0.9375 0.33828125 0.0359375 0.021875
4 0.76953125 0.93125 0.2203125 0.1375
1 0.953125 0.36796875 0.0359375 0.021875
1 0.8546875 0.62578125 0.0375 0.0203125
1 0.66015625 0.88828125 0.0359375 0.0203125
0 0.99140625 0.31328125 0.0171875 0.0265625
0 0.2265625 0.1234375 0.0375 0.0265625
1 0.2734375 0.49921875 0.0359375 0.025
1 0.340625 0.25703125 0.034375 0.0203125
1 0.36328125 0.26015625 0.034375 0.0203125
1 0.90859375 0.29375 0.0359375 0.0203125
1 0.08828125 0.88046875 0.0375 0.0234375
1 0.40390625 0.31953125 0.0359375 0.01875
1 0.321875 0.3234375 0.0375 0.021875
1 0.87734375 0.96640625 0.0453125 0.0375
1 0.9609375 0.35859375 0.0359375 0.021875
1 0.04453125 0.36953125 0.0359375 0.025
1 0.33984375 0.9828125 0.04375 0.0296875
1 0.3828125 0.27890625 0.0359375 0.0203125
1 0.09453125 0.86796875 0.034375 0.0203125
0 0.56796875 0.7953125 0.0375 0.025
1 0.4375 0.35390625 0.0359375 0.021875
1 0.05625 0.35859375 0.0375 0.0234375
1 0.30625 0.890625 0.0375 0.0265625
1 0.1484375 0.853125 0.0328125 0.01875
1 0.88203125 0.28828125 0.0359375 0.0203125
1 0.0109375 0.41328125 0.021875 0.0203125
1 0.1578125 0.9140625 0.040625 0.021875
1 0.50625 0.89375 0.0328125 0.0203125
0 0.38984375 0.18671875 0.0375 0.025
1 0.33671875 0.896875 0.0390625 0.0203125
1 0.27890625 0.8703125 0.040625 0.0234375
0 0.27734375 0.7265625 0.0359375 0.021875
1 0.3 0.3640625 0.034375 0.021875
1 0.5171875 0.89296875 0.0328125 0.01875
1 0.3875 0.2546875 0.034375 0.0203125
1 0.684375 0.35859375 0.034375 0.0203125
1 0.265625 0.4859375 0.0359375 0.0203125
1 0.69765625 0.3515625 0.0375 0.021875
0 0.2890625 0.71328125 0.0359375 0.01875
1 0.325 0.89453125 0.040625 0.021875
1 0.5296875 0.62109375 0.0328125 0.01875
1 0.92265625 0.96015625 0.0421875 0.0296875
1 0.13828125 0.63515625 0.0375 0.01875
3 0.190625 0.290625 0.0578125 0.0875
1 0.23515625 0.86015625 0.0375 0.01875
1 0.96015625 0.34453125 0.0359375 0.021875