4 0.60625 0.35859375 0.1203125 0.115625
4 0.41484375 0.44765625 0.1296875 0.1140625
2 0.25546875 0.196875 0.128125 0.0703125
2 0.77421875 0.22734375 0.128125 0.0625
3 0.19375 0.8328125 0.096875 0.06875
1 0.8734375 0.409375 0.04375 0.0171875
1 0.903125 0.51171875 0.0453125 0.01875
3 0.76953125 0.93046875 0.16875 0.1390625
1 0.9328125 0.47578125 0.0453125 0.01875
1 0.4328125 0.52421875 0.046875 0.021875
1 0.92578125 0.5796875 0.0484375 0.0234375
1 0.084375 0.57578125 0.0484375 0.025
3 0.58046875 0.47890625 0.1234375 0.1359375
1 0.03203125 0.46796875 0.046875 0.0203125
1 0.65234375 0.4421875 0.04375 0.0171875
1 0.08046875 0.525 0.046875 0.021875
1 0.16953125 0.35625 0.04375 0.015625
1 0.1765625 0.578125 0.0484375 0.025
1 0.23359375 0.60234375 0.046875 0.0171875
1 0.4375 0.36171875 0.0421875 0.015625
1 0.06796875 0.45078125 0.0453125 0.0171875
1 0.278125 0.49609375 0.046875 0.0234375
1 0.6828125 0.40390625 0.04375 0.0140625
1 0.64375 0.91171875 0.0453125 0.0171875
1 0.1984375 0.5578125 0.046875 0.021875
1 0.89453125 0.3703125 0.04375 0.015625
1 0.11171875 0.35078125 0.04375 0.015625
1 0.0859375 0.35390625 0.0453125 0.0203125
1 0.2125 0.89921875 0.046875 0.0234375
1 0.89375 0.428125 0.0453125 0.0171875
1 0.48359375 0.4328125 0.0453125 0.01875
1 0.88671875 0.98984375 0.053125 0.0203125
1 0.88046875 0.50078125 0.0453125 0.021875
1 0.06171875 0.41015625 0.0453125 0.0171875
1 0.078125 0.4375 0.04375 0.0171875
1 0.8484375 0.43046875 0.04375 0.015625
1 0.98359375 0.4015625 0.0328125 0.015625
1 0.84296875 0.3703125 0.0421875 0.015625
1 0.075 0.39765625 0.0453125 0.0171875
1 0.865625 0.36640625 0.0421875 0.015625
1 0.67578125 0.44609375 0.04375 0.0171875
1 0.4546875 0.3515625 0.0421875 0.015625
3 0.19296875 0.3109375 0.0703125 0.05625
1 0.65703125 0.36484375 0.0421875 0.0140625
1 0.54375 0.3578125 0.0421875 0.015625
1 0.121875 0.4890625 0.0453125 0.01875
1 0.40703125 0.37734375 0.04375 0.015625
1 0.36484375 0.325 0.04375 0.015625
1 0.05859375 0.39296875 0.0453125 0.0171875
1 0.7140625 0.46328125 0.0453125 0.021875
1 0.83125 0.2921875 0.0421875 0.0125
1 0.1390625 0.865625 0.04375 0.015625
1 0.37421875 0.4328125 0.0453125 0.01875
1 0.65390625 0.3421875 0.04375 0.015625
1 0.0859375 0.29140625 0.04375 0.0140625
1 0.33828125 0.33515625 0.0421875 0.015625
4 0.31953125 0.559375 0.1546875 0.159375
1 0.934375 0.4515625 0.0453125 0.015625
0 0.20859375 0.21328125 0.04375 0.0171875
1 0.1421875 0.303125 0.0421875 0.0140625
1 0.515625 0.3203125 0.0421875 0.015625
1 0.01796875 0.43828125 0.0359375 0.0203125
1 0.40625 0.33984375 0.0421875 0.0171875
1 0.0796875 0.41953125 0.0453125 0.0171875
1 0.13671875 0.925 0.0515625 0.028125
1 0.453125 0.30546875 0.0421875 0.015625
1 0.23203125 0.55859375 0.046875 0.021875
1 0.35625 0.259375 0.0421875 0.0140625
1 0.10625 0.49453125 0.046875 0.021875
1 0.15703125 0.47109375 0.04375 0.0171875
1 0.94765625 0.44140625 0.0453125 0.0171875
1 0.39375 0.32421875 0.0453125 0.0171875
1 0.940625 0.4140625 0.04375 0.0125
1 0.85546875 0.41796875 0.04375 0.0140625
1 0.04609375 0.403125 0.0453125 0.0203125
1 0.4796875 0.34453125 0.0421875 0.015625
1 0.0828125 0.50625 0.046875 0.0171875
1 0.3515625 0.3328125 0.04375 0.015625
1 0.1140625 0.92734375 0.0515625 0.028125
1 0.709375 0.30390625 0.0421875 0.0140625
1 0.16484375 0.91640625 0.05 0.0265625
1 0.5578125 0.28203125 0.0421875 0.0140625
1 0.184375 0.553125 0.0453125 0.0234375
1 0.6765625 0.32890625 0.04375 0.0140625
1 0.66875 0.91171875 0.0453125 0.0171875
1 0.43671875 0.32734375 0.0421875 0.0140625
4 0.515625 0.86328125 0.0671875 0.0546875
1 0.846875 0.31171875 0.0421875 0.0125
1 0.9140625 0.43828125 0.046875 0.0203125
4 0.42734375 0.825 0.0671875 0.0484375
1 0.85234375 0.3578125 0.04375 0.0140625
1 0.36484375 0.8953125 0.0421875 0.0109375
1 0.4984375 0.31171875 0.0421875 0.015625
1 0.534375 0.3265625 0.0421875 0.015625
1 0.36796875 0.309375 0.04375 0.0140625
1 0.98125 0.64375 0.0375 0.015625
1 0.37109375 0.28671875 0.0421875 0.0140625
1 0.2546875 0.5296875 0.046875 0.01875
1 0.5625 0.30625 0.04375 0.0140625
1 0.3484375 0.32109375 0.04375 0.0140625
1 0.0890625 0.86953125 0.046875 0.0203125
1 0.11484375 0.26484375 0.0421875 0.0140625
1 0.7 0.41796875 0.04375 0.0171875
0 0.21796875 0.196875 0.0453125 0.01875
1 0.98125 0.3765625 0.0375 0.015625
1 0.696875 0.3328125 0.0421875 0.0140625
1 0.12109375 0.86796875 0.0453125 0.0171875
1 0.678125 0.43046875 0.04375 0.015625
1 0.825 0.31484375 0.040625 0.0125
1 0.90625 0.3 0.0421875 0.0125
1 0.24140625 0.540625 0.04375 0.0171875
1 0.8609375 0.31328125 0.0421875 0.0140625
1 0.83828125 0.34921875 0.04375 0.0140625
1 0.61640625 0.4140625 0.040625 0.0109375
1 0.1484375 0.253125 0.0421875 0.0125
1 0.88359375 0.546875 0.04375 0.0203125
1 0.9421875 0.4265625 0.04375 0.015625
1 0.66484375 0.2984375 0.04375 0.0140625
1 0.43828125 0.34296875 0.04375 0.0140625
1 0.07890625 0.31328125 0.0421875 0.015625
1 0.2640625 0.54375 0.046875 0.021875
1 0.209375 0.8671875 0.04375 0.0140625
1 0.4828125 0.33203125 0.0421875 0.0125
1 0.0390625 0.35546875 0.0453125 0.01875
1 0.15546875 0.85234375 0.040625 0.0140625
1 0.36171875 0.2859375 0.0421875 0.0125
1 0.67734375 0.34921875 0.0421875 0.015625
1 0.921875 0.33203125 0.04375 0.015625
1 0.86640625 0.921875 0.04375 0.015625
1 0.28125 0.8671875 0.0421875 0.015625
1 0.54140625 0.49453125 0.0421875 0.0125
1 0.940625 0.3328125 0.0421875 0.0140625
1 0.36875 0.259375 0.04375 0.0125
1 0.96328125 0.3671875 0.04375 0.0171875
1 0.17578125 0.89453125 0.0484375 0.021875
1 0.05625 0.35859375 0.0453125 0.0171875
1 0.93203125 0.4328125 0.0453125 0.015625
1 0.640625 0.65703125 0.0453125 0.0140625
1 0.5359375 0.46640625 0.04375 0.015625
1 0.5140625 0.890625 0.0421875 0.0109375
1 0.6375 0.28203125 0.0421875 0.0125
1 0.95625 0.3484375 0.04375 0.015625
1 0.85703125 0.2828125 0.04375 0.0140625
1 0.265625 0.8625 0.04375 0.015625
1 0.64765625 0.89296875 0.04375 0.0140625
1 0.29140625 0.49296875 0.0453125 0.0171875
1 0.3046875 0.49375 0.0453125 0.0171875
1 0.1328125 0.96171875 0.0546875 0.028125
1 0.46484375 0.43203125 0.04375 0.015625
1 0.06796875 0.91171875 0.0453125 0.0234375
1 0.84453125 0.30078125 0.040625 0.0109375
1 0.08125 0.61796875 0.04375 0.0109375
1 0.63515625 0.29609375 0.0421875 0.0140625
1 0.14140625 0.89375 0.04375 0.01875
1 0.46328125 0.44609375 0.0421875 0.0125
1 0.68515625 0.41640625 0.0453125 0.015625
1 0.0140625 0.4234375 0.028125 0.0125
1 0.6546875 0.26484375 0.040625 0.0125
1 0.83515625 0.25234375 0.0421875 0.0125
1 0.13515625 0.840625 0.0390625 0.0109375
1 0.0953125 0.31328125 0.0421875 0.015625
1 0.39609375 0.25234375 0.0421875 0.0125
1 0.121875 0.25234375 0.0421875 0.0140625
1 0.11796875 0.85078125 0.0421875 0.0140625
1 0.4171875 0.253125 0.04375 0.0125
1 0.0875 0.3203125 0.0421875 0.0140625
1 0.13046875 0.884375 0.0453125 0.0171875
1 0.87578125 0.28125 0.04375 0.0125
1 0.52421875 0.88984375 0.0421875 0.0109375
1 0.63125 0.87578125 0.0375 0.009375
1 0.6859375 0.35078125 0.04375 0.015625
1 0.140625 0.8359375 0.040625 0.0109375
0 0.2203125 0.7109375 0.04375 0.0203125
1 0.63984375 0.31796875 0.04375 0.015625
1 0.5609375 0.33515625 0.04375 0.0171875
1 0.6359375 0.26640625 0.040625 0.0125
1 0.2796875 0.6328125 0.0421875 0.0109375
1 0.5625 0.42734375 0.0421875 0.0140625
1 0.5109375 0.46796875 0.040625 0.0140625
1 0.8359375 0.3375 0.040625 0.0109375
1 0.11796875 0.90390625 0.0484375 0.0171875
1 0.49296875 0.89375 0.040625 0.0109375
1 0.93203125 0.334375 0.04375 0.015625
1 0.503125 0.89296875 0.040625 0.0109375
1 0.365625 0.2953125 0.040625 0.0109375
0 0.36015625 0.98125 0.053125 0.021875
1 0.1328125 0.62265625 0.0421875 0.0109375
1 0.8609375 0.8875 0.0421875 0.0140625
1 0.38359375 0.84609375 0.0390625 0.0109375
1 0.37109375 0.49453125 0.0421875 0.0125
0 0.415625 0.98515625 0.0515625 0.0203125
1 0.54609375 0.45625 0.04375 0.0171875
1 0.08046875 0.85390625 0.040625 0.0140625
1 0.90078125 0.2921875 0.040625 0.0109375
1 0.53828125 0.45 0.0421875 0.0125
1 0.49296875 0.86953125 0.040625 0.0109375