2 0.24921875 0.20078125 0.1296875 0.0671875
3 0.4296875 0.32578125 0.1140625 0.0828125
4 0.55390625 0.328125 0.10625 0.0890625
1 0.696875 0.46875 0.05 0.01875
1 0.8 0.590625 0.053125 0.025
1 0.034375 0.38515625 0.0484375 0.0171875
1 0.7515625 0.565625 0.0515625 0.021875
1 0.8515625 0.603125 0.0515625 0.021875
2 0.77109375 0.24296875 0.1328125 0.0578125
1 0.39140625 0.53671875 0.0515625 0.0234375
1 0.309375 0.3921875 0.0484375 0.015625
1 0.59375 0.46015625 0.05 0.0203125
1 0.8765625 0.42890625 0.046875 0.015625
1 0.25859375 0.51796875 0.0515625 0.0234375
1 0.37578125 0.39296875 0.0484375 0.015625
1 0.8 0.4421875 0.0453125 0.015625
1 0.321875 0.46015625 0.05 0.0203125
1 0.60078125 0.91015625 0.0515625 0.0140625
1 0.665625 0.44765625 0.0484375 0.01875
1 0.9328125 0.45 0.0484375 0.015625
1 0.33828125 0.4453125 0.05 0.01875
1 0.65546875 0.38984375 0.046875 0.015625
0 0.23125 0.15625 0.05 0.01875
4 0.76015625 0.85 0.0828125 0.04375
1 0.39765625 0.3796875 0.0484375 0.0171875
1 0.496875 0.42890625 0.0484375 0.015625
1 0.81953125 0.44765625 0.0484375 0.0171875
1 0.540625 0.4296875 0.0484375 0.01875
1 0.02734375 0.34453125 0.0484375 0.015625
1 0.51171875 0.38984375 0.0484375 0.015625
1 0.828125 0.40703125 0.046875 0.015625
1 0.91328125 0.4234375 0.046875 0.0140625
1 0.0953125 0.4453125 0.05 0.0203125
1 0.471875 0.39296875 0.0484375 0.015625
1 0.4609375 0.39375 0.0484375 0.0171875
1 0.6875 0.434375 0.0484375 0.015625
1 0.33515625 0.4203125 0.046875 0.0171875
1 0.31171875 0.365625 0.0484375 0.015625
1 0.50625 0.89453125 0.0515625 0.0234375
1 0.58046875 0.88359375 0.0484375 0.01875
1 0.92109375 0.4484375 0.05 0.0171875
1 0.30078125 0.425 0.0484375 0.0171875
1 0.0640625 0.33828125 0.0484375 0.015625
1 0.34375 0.41953125 0.0484375 0.015625
1 0.37890625 0.33515625 0.046875 0.0140625
1 0.05234375 0.3609375 0.05 0.0203125
1 0.67421875 0.53359375 0.0484375 0.0203125
1 0.10703125 0.39453125 0.0484375 0.0171875
1 0.9859375 0.51640625 0.028125 0.0171875
1 0.97578125 0.5 0.0484375 0.01875
1 0.33828125 0.39765625 0.0484375 0.0171875
1 0.38046875 0.375 0.0484375 0.01875
1 0.9703125 0.4578125 0.0484375 0.015625
0 0.1890625 0.12109375 0.05 0.0203125
1 0.015625 0.3890625 0.03125 0.015625
1 0.8046875 0.9625 0.05625 0.0296875
1 0.36328125 0.315625 0.046875 0.0125
1 0.56875 0.88203125 0.0484375 0.01875
1 0.45234375 0.371875 0.046875 0.0140625
1 0.73671875 0.9328125 0.053125 0.0234375
1 0.4765625 0.4140625 0.0484375 0.0171875
1 0.078125 0.45703125 0.0515625 0.021875
1 0.35390625 0.36328125 0.0484375 0.015625
1 0.86796875 0.38203125 0.0484375 0.015625
3 0.51328125 0.8203125 0.0734375 0.0359375
1 0.10234375 0.3171875 0.0484375 0.0140625
1 0.49140625 0.3234375 0.046875 0.0140625
1 0.7046875 0.88984375 0.0484375 0.0171875
1 0.134375 0.82890625 0.0453125 0.0109375
1 0.96875 0.615625 0.05 0.0171875
1 0.721875 0.95703125 0.0578125 0.03125
1 0.07109375 0.31796875 0.0484375 0.0140625
1 0.47265625 0.62734375 0.0515625 0.021875
1 0.3640625 0.37890625 0.046875 0.015625
1 0.93671875 0.528125 0.05 0.0203125
1 0.14296875 0.29765625 0.046875 0.0140625
1 0.03046875 0.3265625 0.0484375 0.0140625
1 0.765625 0.490625 0.05 0.021875
1 0.68515625 0.8796875 0.046875 0.015625
1 0.48984375 0.3484375 0.046875 0.0140625
1 0.5328125 0.62421875 0.0515625 0.0234375
1 0.97734375 0.47734375 0.0453125 0.0171875
1 0.35703125 0.33984375 0.046875 0.0140625
1 0.17890625 0.28359375 0.046875 0.0125
1 0.8296875 0.47109375 0.0484375 0.0140625
1 0.5078125 0.3328125 0.0453125 0.0125
1 0.13359375 0.3015625 0.046875 0.0125
1 0.34453125 0.34921875 0.046875 0.0140625
1 0.95234375 0.475 0.0515625 0.01875
1 0.96875 0.475 0.05 0.01875
1 0.3484375 0.38828125 0.0484375 0.015625
1 0.7609375 0.92265625 0.0515625 0.021875
1 0.16796875 0.28515625 0.046875 0.0140625
1 0.8859375 0.5640625 0.0484375 0.015625
1 0.97890625 0.4359375 0.0421875 0.015625
1 0.8546875 0.35234375 0.0453125 0.0125
1 0.02109375 0.3359375 0.0421875 0.015625
1 0.84609375 0.34609375 0.0453125 0.0125
1 0.33515625 0.61640625 0.053125 0.028125
1 0.14609375 0.3140625 0.046875 0.015625
1 0.85859375 0.98671875 0.0609375 0.0265625
1 0.98828125 0.475 0.0234375 0.015625
1 0.65703125 0.87109375 0.0453125 0.0140625
1 0.31796875 0.6328125 0.0484375 0.0125
1 0.50703125 0.3484375 0.046875 0.015625
1 0.8828125 0.98671875 0.059375 0.0265625
1 0.61484375 0.88203125 0.0484375 0.0171875
1 0.91953125 0.6125 0.05 0.0171875
1 0.653125 0.49921875 0.0484375 0.0125
1 0.984375 0.5 0.03125 0.015625
1 0.60234375 0.87578125 0.046875 0.015625
1 0.91171875 0.37421875 0.046875 0.0125
1 0.825 0.94375 0.053125 0.0234375
1 0.8984375 0.36640625 0.0484375 0.0140625
1 0.34765625 0.30859375 0.04375 0.0109375
1 0.34296875 0.32890625 0.0453125 0.0109375
1 0.4 0.6078125 0.046875 0.0140625
1 0.634375 0.325 0.046875 0.0125
1 0.121875 0.81953125 0.0453125 0.0109375
1 0.77578125 0.928125 0.0515625 0.0234375
1 0.696875 0.4171875 0.0484375 0.0140625
1 0.44609375 0.8421875 0.0453125 0.0140625
1 0.03515625 0.36640625 0.0484375 0.0125
1 0.11015625 0.28984375 0.046875 0.0125
1 0.790625 0.90703125 0.0484375 0.01875
1 0.82734375 0.9140625 0.05 0.0171875
1 0.92734375 0.6765625 0.053125 0.021875
1 0.3203125 0.3359375 0.0484375 0.0140625
3 0.24140625 0.81484375 0.0890625 0.0609375
1 0.13046875 0.28828125 0.0484375 0.0125
0 0.08515625 0.01953125 0.0546875 0.025
1 0.43203125 0.83828125 0.0453125 0.0125
1 0.76640625 0.87578125 0.046875 0.0125
1 0.04453125 0.83984375 0.0484375 0.015625
1 0.38828125 0.315625 0.0484375 0.0171875
1 0.48125 0.33671875 0.0453125 0.0125
1 0.88828125 0.3640625 0.046875 0.0140625
1 0.0921875 0.29375 0.0484375 0.015625
1 0.9421875 0.4671875 0.0484375 0.0171875
1 0.7171875 0.4203125 0.046875 0.0140625
1 0.9828125 0.4875 0.034375 0.015625
1 0.50859375 0.85078125 0.0453125 0.0125
1 0.80390625 0.9125 0.0515625 0.0203125
1 0.9265625 0.43046875 0.0453125 0.0109375
1 0.06640625 0.84453125 0.0484375 0.0140625
1 0.765625 0.89609375 0.0484375 0.015625
1 0.275 0.81796875 0.0484375 0.0140625
1 0.08671875 0.8421875 0.0484375 0.015625
1 0.41875 0.36640625 0.0484375 0.0140625
1 0.0984375 0.825 0.0453125 0.0125
1 0.35859375 0.29140625 0.046875 0.0140625
1 0.7296875 0.9109375 0.0484375 0.015625
1 0.9296875 0.37734375 0.046875 0.0125
4 0.03671875 0.4546875 0.0734375 0.1
1 0.98125 0.4625 0.0375 0.015625
1 0.875 0.54375 0.046875 0.0140625
1 0.88515625 0.54609375 0.05 0.0140625
1 0.86953125 0.3515625 0.046875 0.0125
0 0.15703125 0.07890625 0.053125 0.021875
1 0.140625 0.8203125 0.0484375 0.0125
1 0.3546875 0.87890625 0.05625 0.028125
0 0.24921875 0.7578125 0.0484375 0.0140625
1 0.58515625 0.30390625 0.0453125 0.0125
1 0.63828125 0.87734375 0.0484375 0.0125
1 0.7921875 0.93515625 0.05 0.021875
1 0.834375 0.3328125 0.04375 0.0140625
1 0.8515625 0.94453125 0.053125 0.021875
1 0.175 0.275 0.0453125 0.0109375
1 0.72890625 0.8578125 0.046875 0.0109375
1 0.1453125 0.27421875 0.046875 0.0125
1 0.2109375 0.81953125 0.04375 0.0109375
1 0.290625 0.30625 0.046875 0.0140625
1 0.86953125 0.33125 0.046875 0.0140625
1 0.6796875 0.85234375 0.04375 0.0109375
1 0.08125 0.296875 0.046875 0.0125
4 0.815625 0.32109375 0.075 0.0703125
1 0.43359375 0.825 0.046875 0.0125
1 0.86640625 0.9515625 0.0546875 0.0265625
1 0.4953125 0.85 0.046875 0.0125
1 0.93984375 0.41953125 0.05 0.015625
1 0.41875 0.840625 0.0453125 0.0140625
1 0.6125 0.3171875 0.046875 0.0125
1 0.1875 0.27578125 0.046875 0.0125
1 0.91875 0.36328125 0.0453125 0.0125
1 0.3875 0.290625 0.0453125 0.0125
1 0.3640625 0.365625 0.046875 0.0109375
1 0.54375 0.6484375 0.0515625 0.015625