4 0.0453125 0.47421875 0.090625 0.1203125
3 0.3671875 0.4015625 0.084375 0.1
2 0.215625 0.234375 0.1046875 0.059375
3 0.5890625 0.2859375 0.075 0.065625
3 0.4140625 0.85703125 0.115625 0.10625
1 0.834375 0.4140625 0.025 0.0125
1 0.17578125 0.590625 0.028125 0.01875
1 0.53828125 0.56171875 0.0296875 0.01875
4 0.8125 0.809375 0.059375 0.0390625
1 0.9828125 0.4421875 0.0265625 0.0140625
1 0.2296875 0.57109375 0.028125 0.0171875
3 0.1328125 0.46875 0.1171875 0.09375
1 0.45234375 0.4421875 0.0265625 0.0140625
1 0.69296875 0.459375 0.025 0.0125
2 0.73671875 0.2140625 0.1078125 0.05
1 0.09609375 0.37734375 0.0234375 0.0109375
1 0.7859375 0.8671875 0.0265625 0.0140625
1 0.66015625 0.38359375 0.0234375 0.0109375
1 0.63203125 0.5234375 0.028125 0.0171875
1 0.3046875 0.4671875 0.025 0.0140625
1 0.6609375 0.45234375 0.025 0.015625
1 0.14765625 0.37578125 0.025 0.0109375
1 0.32421875 0.42578125 0.025 0.0109375
1 0.27421875 0.45625 0.025 0.0125
1 0.50390625 0.4359375 0.025 0.0140625
1 0.346875 0.57421875 0.0265625 0.0109375
1 0.35078125 0.59296875 0.028125 0.0171875
1 0.3203125 0.3546875 0.021875 0.009375
1 0.0703125 0.41796875 0.025 0.0109375
1 0.9359375 0.41640625 0.0265625 0.0125
1 0.35 0.54296875 0.0265625 0.0171875
1 0.27890625 0.53046875 0.0265625 0.0109375
1 0.94765625 0.4171875 0.0265625 0.0140625
1 0.1234375 0.39453125 0.025 0.0109375
1 0.65390625 0.54765625 0.028125 0.01875
1 0.81640625 0.89140625 0.0296875 0.0203125
1 0.72890625 0.48671875 0.0265625 0.015625
1 0.3125 0.4265625 0.025 0.0125
1 0.528125 0.37890625 0.021875 0.0109375
4 0.3109375 0.8859375 0.1375 0.1171875
1 0.9015625 0.38125 0.025 0.0109375
1 0.240625 0.521875 0.0265625 0.0125
1 0.86875 0.37890625 0.025 0.0109375
1 0.23359375 0.934375 0.0296875 0.0234375
1 0.64921875 0.5078125 0.0265625 0.0140625
1 0.44453125 0.89921875 0.0296875 0.0171875
1 0.24765625 0.54921875 0.028125 0.0140625
1 0.7140625 0.86328125 0.0265625 0.0140625
1 0.546875 0.4765625 0.025 0.0125
1 0.53828125 0.640625 0.0296875 0.0140625
1 0.6828125 0.4828125 0.0234375 0.0078125
1 0.26796875 0.57578125 0.028125 0.01875
1 0.12265625 0.353125 0.021875 0.009375
1 0.65 0.365625 0.0234375 0.0109375
1 0.7171875 0.44296875 0.025 0.0109375
1 0.66953125 0.38125 0.025 0.0109375
1 0.58125 0.32890625 0.025 0.009375
1 0.146875 0.3609375 0.0234375 0.009375
1 0.7125 0.475 0.0265625 0.0140625
1 0.6265625 0.3640625 0.0234375 0.0109375
1 0.0671875 0.95703125 0.0296875 0.0234375
1 0.8953125 0.40859375 0.0265625 0.0125
1 0.6984375 0.44375 0.0265625 0.0109375
1 0.07734375 0.3734375 0.0234375 0.0109375
1 0.32421875 0.55625 0.0265625 0.0171875
1 0.30703125 0.53828125 0.025 0.0078125
1 0.3234375 0.4046875 0.0234375 0.0109375
1 0.36953125 0.31328125 0.021875 0.0078125
1 0.92421875 0.40234375 0.028125 0.015625
1 0.8375 0.3296875 0.021875 0.009375
1 0.965625 0.3765625 0.0265625 0.0140625
1 0.35078125 0.3390625 0.0234375 0.009375
1 0.54609375 0.45625 0.0234375 0.0078125
1 0.9 0.8515625 0.0265625 0.0109375
1 0.74453125 0.84296875 0.0234375 0.009375
1 0.16796875 0.94375 0.03125 0.0234375
1 0.328125 0.5890625 0.028125 0.0125
1 0.7328125 0.84453125 0.0234375 0.009375
1 0.77890625 0.83515625 0.021875 0.0078125
1 0.51796875 0.6453125 0.0265625 0.009375
1 0.88203125 0.3828125 0.025 0.0109375
1 0.45234375 0.35390625 0.0234375 0.0109375
1 0.8484375 0.9578125 0.0375 0.0359375
1 0.15 0.3359375 0.0234375 0.0125
1 0.91015625 0.915625 0.0328125 0.0296875
1 0.28046875 0.56875 0.028125 0.01875
1 0.8 0.94609375 0.0359375 0.034375
1 0.29765625 0.4375 0.025 0.0109375
4 0.6 0.4328125 0.09375 0.1015625
1 0.09921875 0.346875 0.021875 0.009375
1 0.55078125 0.37578125 0.0203125 0.0078125
1 0.1453125 0.91015625 0.028125 0.0140625
1 0.8875 0.34453125 0.021875 0.009375
1 0.7109375 0.52109375 0.021875 0.0109375
1 0.5453125 0.296875 0.021875 0.0078125
1 0.48203125 0.30078125 0.021875 0.009375
1 0.61953125 0.34296875 0.0234375 0.009375
1 0.6109375 0.3296875 0.0234375 0.0078125
1 0.72265625 0.46953125 0.028125 0.0125
1 0.28203125 0.44296875 0.025 0.0109375
1 0.91953125 0.88671875 0.0296875 0.01875
1 0.1484375 0.95 0.03125 0.021875
1 0.1859375 0.9109375 0.028125 0.0171875
1 0.171875 0.88359375 0.0234375 0.0109375
1 0.534375 0.40390625 0.0265625 0.0125
1 0.8 0.31171875 0.021875 0.0078125
1 0.39375 0.4765625 0.021875 0.009375
1 0.81484375 0.32734375 0.021875 0.009375
1 0.11875 0.32109375 0.021875 0.0078125
1 0.15546875 0.31640625 0.021875 0.0078125
1 0.88671875 0.83515625 0.021875 0.0078125
1 0.05234375 0.36328125 0.025 0.0125
1 0.5 0.8953125 0.0296875 0.01875
1 0.925 0.378125 0.025 0.0109375
1 0.66328125 0.34609375 0.021875 0.009375
1 0.6953125 0.4078125 0.025 0.0125
1 0.85234375 0.8328125 0.021875 0.00625
1 0.84296875 0.8640625 0.025 0.0125
1 0.31171875 0.578125 0.0296875 0.0171875
1 0.7078125 0.45703125 0.025 0.009375
1 0.20546875 0.89296875 0.025 0.0125
1 0.83359375 0.83203125 0.0234375 0.0078125
1 0.63515625 0.61796875 0.0296875 0.0140625
1 0.8109375 0.86953125 0.0265625 0.0125
1 0.646875 0.3453125 0.0234375 0.009375
1 0.48046875 0.85 0.0234375 0.009375
1 0.80859375 0.31171875 0.021875 0.009375
1 0.83515625 0.3125 0.0234375 0.0078125
1 0.90546875 0.40546875 0.0265625 0.0140625
1 0.228125 0.8796875 0.025 0.0125
1 0.33125 0.60625 0.028125 0.009375
1 0.80390625 0.85390625 0.0234375 0.0078125
1 0.2640625 0.54609375 0.028125 0.0125
1 0.8265625 0.3109375 0.025 0.009375
1 0.63359375 0.34921875 0.0234375 0.0078125
1 0.1328125 0.95390625 0.028125 0.0171875
1 0.8609375 0.8546875 0.021875 0.009375
1 0.3140625 0.30546875 0.0234375 0.0078125
1 0.68125 0.41640625 0.0265625 0.0125
1 0.80234375 0.98046875 0.028125 0.0046875
1 0.6640625 0.3671875 0.021875 0.009375
1 0.83359375 0.87578125 0.028125 0.0109375
1 0.8140625 0.8546875 0.021875 0.0078125
1 0.43359375 0.3 0.021875 0.0078125
1 0.921875 0.84921875 0.0234375 0.0125
1 0.63359375 0.6390625 0.0296875 0.0125
1 0.9359375 0.37109375 0.025 0.009375
1 0.36953125 0.3015625 0.021875 0.00625
1 0.7796875 0.96796875 0.0375 0.0296875
1 0.2015625 0.8703125 0.021875 0.0078125
1 0.88203125 0.31484375 0.0234375 0.009375
1 0.7203125 0.4546875 0.0234375 0.0078125
1 0.29609375 0.55859375 0.028125 0.0140625
1 0.26484375 0.5265625 0.0265625 0.009375
1 0.103125 0.32265625 0.025 0.0078125
1 0.2859375 0.54921875 0.0234375 0.0109375
1 0.27421875 0.54609375 0.0265625 0.0140625
1 0.51875 0.29609375 0.0234375 0.0078125
1 0.91640625 0.37734375 0.025 0.0109375
1 0.10234375 0.95234375 0.0265625 0.01875
1 0.56015625 0.85078125 0.025 0.0078125
1 0.8109375 0.29921875 0.021875 0.00625
1 0.70703125 0.44609375 0.021875 0.0078125
1 0.221875 0.85546875 0.021875 0.00625
1 0.2953125 0.421875 0.025 0.0078125
1 0.60859375 0.3140625 0.021875 0.0078125
1 0.08203125 0.90859375 0.025 0.0125
1 0.64921875 0.33515625 0.0234375 0.00625
1 0.5875 0.83046875 0.0203125 0.00625
1 0.10078125 0.8984375 0.0265625 0.0125
1 0.8671875 0.31015625 0.025 0.009375
1 0.578125 0.83828125 0.021875 0.00625
1 0.57890625 0.8484375 0.025 0.0046875
1 0.11875 0.95859375 0.03125 0.0203125
1 0.5875 0.8484375 0.0203125 0.0046875
1 0.20859375 0.85234375 0.0203125 0.00625
1 0.06328125 0.35 0.025 0.009375
1 0.12890625 0.87265625 0.021875 0.00625
1 0.0046875 0.4046875 0.009375 0.009375
1 0.8203125 0.2890625 0.021875 0.0078125
1 0.56875 0.36953125 0.021875 0.0046875
1 0.49921875 0.2953125 0.0234375 0.0078125
1 0.009375 0.40390625 0.01875 0.0109375
1 0.1390625 0.9265625 0.0265625 0.0109375
0 0.29453125 0.76875 0.025 0.0125
1 0.19609375 0.8609375 0.0234375 0.0078125
1 0.09375 0.44765625 0.025 0.0125
1 0.1296875 0.5859375 0.0234375 0.00625