3 0.1671875 0.3703125 0.075 0.0859375
4 0.56875 0.31484375 0.084375 0.08125
2 0.775 0.2234375 0.1015625 0.0625
3 0.2359375 0.8375 0.0875 0.075
4 0.60703125 0.5625 0.134375 0.1625
3 0.465625 0.29453125 0.0625 0.071875
3 0.396875 0.54921875 0.1015625 0.1625
2 0.25390625 0.221875 0.103125 0.05
1 0.4359375 0.4703125 0.0234375 0.0171875
1 0.44609375 0.5046875 0.021875 0.01875
1 0.43671875 0.496875 0.0234375 0.015625
1 0.5625 0.39609375 0.0234375 0.0171875
1 0.45546875 0.5046875 0.0234375 0.0203125
1 0.7296875 0.834375 0.021875 0.0140625