0 0.196875 0.23203125 0.0390625 0.0109375
3 0.75703125 0.82734375 0.0984375 0.0703125
0 0.75859375 0.13671875 0.040625 0.0078125
0 0.190625 0.18125 0.040625 0.009375
0 0.15 0.21484375 0.0390625 0.0078125
0 0.77578125 0.103125 0.0390625 0.009375
0 0.16484375 0.03984375 0.040625 0.009375
0 0.13125 0.04140625 0.040625 0.0125
0 0.1578125 0.21015625 0.0375 0.009375
3 0.825 0.3609375 0.1109375 0.0890625
0 0.73984375 0.14921875 0.040625 0.0109375
0 0.13671875 0.15390625 0.040625 0.0109375
0 0.1640625 0.08984375 0.0375 0.0078125
0 0.15 0.153125 0.040625 0.009375
4 0.14609375 0.3640625 0.0828125 0.071875
0 0.746875 0.13046875 0.040625 0.009375
0 0.16015625 0.134375 0.040625 0.0078125
4 0.23984375 0.859375 0.09375 0.053125
0 0.1890625 0.17734375 0.0375 0.009375
0 0.7765625 0.04921875 0.0390625 0.0109375
1 0.915625 0.390625 0.0390625 0.0078125
1 0.709375 0.47890625 0.040625 0.0109375
0 0.84921875 0.0875 0.04375 0.015625
1 0.5296875 0.43984375 0.040625 0.009375
0 0.2453125 0.80078125 0.040625 0.009375
1 0.64453125 0.46875 0.040625 0.0109375
0 0.94609375 0.28671875 0.0421875 0.0125
0 0.79765625 0.0296875 0.0421875 0.0109375
1 0.69921875 0.4265625 0.0390625 0.0078125
0 0.73515625 0.17734375 0.0359375 0.00625
1 0.540625 0.4375 0.0390625 0.0078125
0 0.18515625 0.071875 0.0375 0.0046875
1 0.89375 0.4015625 0.0390625 0.0078125
0 0.25625 0.76328125 0.0375 0.0078125
1 0.42265625 0.4875 0.040625 0.0125
1 0.2625 0.58359375 0.04375 0.015625
1 0.0953125 0.36015625 0.0375 0.003125
0 0.16875 0.0390625 0.040625 0.009375
1 0.52890625 0.41796875 0.0390625 0.009375
0 0.8125 0.140625 0.040625 0.0078125
1 0.528125 0.36640625 0.0390625 0.009375
1 0.35625 0.58046875 0.04375 0.015625
1 0.03828125 0.38515625 0.0390625 0.00625
1 0.053125 0.403125 0.0390625 0.00625
1 0.3015625 0.5125 0.040625 0.0109375
1 0.36328125 0.37421875 0.0375 0.0046875
0 0.15625 0.07265625 0.040625 0.0078125
0 0.14609375 0.03671875 0.0421875 0.0125
1 0.42890625 0.4109375 0.0390625 0.00625
1 0.87734375 0.62109375 0.040625 0.0046875
1 0.90859375 0.83984375 0.0375 0.00625
1 0.45078125 0.390625 0.0375 0.0046875
1 0.31796875 0.5078125 0.0390625 0.009375
1 0.575 0.42578125 0.0359375 0.0046875
1 0.6296875 0.4328125 0.0390625 0.00625
0 0.74765625 0.22734375 0.0359375 0.0046875
1 0.09375 0.38359375 0.0375 0.0046875
1 0.41640625 0.5125 0.040625 0.0125
4 0.23046875 0.4890625 0.1421875 0.1328125
0 0.1265625 0.0796875 0.04375 0.009375
1 0.540625 0.390625 0.0375 0.0046875
0 0.7234375 0.18046875 0.0375 0.0046875
1 0.37265625 0.390625 0.0375 0.0046875
1 0.63984375 0.359375 0.0375 0.003125
1 0.13046875 0.621875 0.040625 0.003125
1 0.62109375 0.36171875 0.0390625 0.003125
1 0.38125 0.3125 0.0359375 0.003125
1 0.3890625 0.64296875 0.0390625 0.0125
1 0.94375 0.39296875 0.040625 0.0078125
1 0.6671875 0.88515625 0.0375 0.0109375
1 0.503125 0.39140625 0.0390625 0.00625
1 0.41328125 0.5484375 0.0421875 0.0125
1 0.86796875 0.8578125 0.0375 0.00625
1 0.92421875 0.35390625 0.0390625 0.0046875
1 0.471875 0.31953125 0.034375 0.0015625
1 0.11640625 0.340625 0.034375 0.003125
1 0.50078125 0.36953125 0.0390625 0.0078125
1 0.45234375 0.62265625 0.0453125 0.0140625
1 0.4578125 0.3671875 0.0375 0.0046875
1 0.0140625 0.44140625 0.028125 0.0078125
1 0.8 0.8640625 0.040625 0.009375
1 0.534375 0.50625 0.0390625 0.009375
1 0.36796875 0.34921875 0.0375 0.0046875
1 0.4390625 0.546875 0.0421875 0.0140625
1 0.39140625 0.5359375 0.040625 0.0125
1 0.50234375 0.31875 0.0359375 0.003125
1 0.34921875 0.52734375 0.0421875 0.0125
1 0.59609375 0.34140625 0.0375 0.0046875
1 0.11875 0.89296875 0.0359375 0.00625
1 0.6328125 0.29140625 0.0359375 0.003125
1 0.5609375 0.33515625 0.0390625 0.0046875
3 0.803125 0.809375 0.0671875 0.03125
1 0.25 0.61484375 0.0390625 0.003125
1 0.13125 0.93984375 0.04375 0.0171875
1 0.71796875 0.81875 0.0375 0.0046875
1 0.596875 0.3265625 0.0375 0.003125
1 0.39765625 0.41328125 0.0390625 0.0046875
1 0.89375 0.87890625 0.04375 0.0171875
1 0.6234375 0.48828125 0.040625 0.0109375
1 0.40703125 0.46875 0.040625 0.0078125
1 0.33203125 0.55625 0.04375 0.0125
1 0.359375 0.35703125 0.0375 0.0046875
1 0.38203125 0.4 0.0390625 0.0046875
1 0.6328125 0.3875 0.0390625 0.0078125
1 0.61640625 0.3234375 0.0359375 0.003125
1 0.328125 0.3875 0.0390625 0.0046875
0 0.13515625 0.12109375 0.040625 0.009375
1 0.48046875 0.35546875 0.0375 0.003125
1 0.3546875 0.32578125 0.0359375 0.0046875
1 0.840625 0.8578125 0.0390625 0.0078125
1 0.42109375 0.3515625 0.0375 0.0046875
0 0.1265625 0.1546875 0.0421875 0.009375
1 0.978125 0.40625 0.0375 0.00625
1 0.43984375 0.48515625 0.040625 0.009375
1 0.91640625 0.3671875 0.0390625 0.00625
1 0.484375 0.37421875 0.0390625 0.00625
1 0.07890625 0.94609375 0.0484375 0.01875
1 0.6859375 0.33046875 0.040625 0.00625
1 0.8828125 0.459375 0.040625 0.009375
0 0.1390625 0.07578125 0.0390625 0.009375
2 0.734375 0.21015625 0.1203125 0.0453125
1 0.51015625 0.35078125 0.0390625 0.00625
1 0.46640625 0.434375 0.0390625 0.00625
1 0.64296875 0.340625 0.0359375 0.0046875
1 0.44453125 0.32734375 0.0390625 0.003125
1 0.4296875 0.325 0.034375 0.0015625
1 0.94375 0.8453125 0.0375 0.009375
1 0.43046875 0.434375 0.0375 0.009375
1 0.453125 0.41015625 0.0390625 0.0046875
1 0.93359375 0.94140625 0.053125 0.0328125
1 0.2953125 0.415625 0.0375 0.0046875
1 0.2515625 0.6484375 0.04375 0.0140625
1 0.325 0.4796875 0.0390625 0.009375
1 0.3625 0.64375 0.0421875 0.009375
1 0.41171875 0.32734375 0.0375 0.0015625
1 0.87734375 0.303125 0.0359375 0.003125
0 0.6046875 0.7828125 0.0390625 0.00625
1 0.61328125 0.6015625 0.0375 0.003125
1 0.89140625 0.8453125 0.0359375 0.0046875
1 0.3 0.6359375 0.0453125 0.0171875
0 0.27578125 0.34921875 0.0390625 0.0078125
1 0.42265625 0.33125 0.0390625 0.0046875
1 0.72890625 0.49921875 0.0375 0.0046875
1 0.71640625 0.85078125 0.0375 0.00625
1 0.40703125 0.3390625 0.0359375 0.003125
1 0.57109375 0.31484375 0.0375 0.003125
1 0.740625 0.5140625 0.0375 0.0109375
1 0.14296875 0.878125 0.0390625 0.00625
1 0.08359375 0.3328125 0.0359375 0.0046875
1 0.61484375 0.334375 0.0375 0.0015625
1 0.36875 0.3640625 0.0359375 0.003125
1 0.90625 0.32734375 0.0375 0.0046875
1 0.28828125 0.421875 0.0359375 0.0015625
1 0.278125 0.34765625 0.0359375 0.0046875
1 0.5734375 0.3609375 0.0359375 0.0046875
1 0.5625 0.49765625 0.0421875 0.0140625
1 0.29921875 0.3890625 0.0375 0.0046875
1 0.0609375 0.596875 0.0375 0.0078125
0 0.73359375 0.2015625 0.0375 0.0046875
1 0.6203125 0.37734375 0.0390625 0.0078125
3 0.940625 0.4921875 0.11875 0.134375
3 0.5921875 0.8890625 0.15 0.15625