4 0.76640625 0.82578125 0.053125 0.05
1 0.47109375 0.48125 0.0140625 0.01875
1 0.3578125 0.40625 0.0125 0.015625
3 0.23125 0.45234375 0.1046875 0.115625
4 0.12890625 0.44765625 0.0875 0.090625
3 0.44140625 0.81796875 0.071875 0.06875
1 0.62265625 0.46875 0.0140625 0.01875
1 0.56875 0.39296875 0.0125 0.015625
1 0.1421875 0.5625 0.015625 0.021875
1 0.64921875 0.4953125 0.015625 0.021875
1 0.67734375 0.5578125 0.0171875 0.0234375
2 0.24921875 0.2265625 0.096875 0.046875
1 0.290625 0.4640625 0.0125 0.01875
0 0.7828125 0.22109375 0.0125 0.0171875
4 0.3453125 0.86875 0.10625 0.0796875
1 0.2609375 0.64296875 0.015625 0.0203125
1 0.54609375 0.41640625 0.0125 0.015625
1 0.12109375 0.3796875 0.0125 0.015625
1 0.71015625 0.64296875 0.015625 0.01875
1 0.990625 0.46484375 0.015625 0.01875
0 0.77421875 0.16484375 0.0140625 0.0171875
1 0.653125 0.5625 0.015625 0.021875
1 0.98203125 0.446875 0.015625 0.01875
1 0.9796875 0.390625 0.0140625 0.0171875
1 0.2671875 0.540625 0.015625 0.021875
1 0.7265625 0.8890625 0.015625 0.0203125
1 0.73203125 0.50078125 0.015625 0.021875
1 0.34609375 0.35390625 0.0125 0.015625
1 0.24765625 0.55703125 0.015625 0.021875
1 0.64765625 0.39921875 0.0125 0.01875
1 0.1921875 0.96796875 0.025 0.0375
1 0.08203125 0.41953125 0.0125 0.015625
1 0.60390625 0.421875 0.0125 0.015625
1 0.596875 0.43203125 0.0125 0.015625
0 0.796875 0.04296875 0.015625 0.01875
1 0.47890625 0.528125 0.015625 0.021875
1 0.11796875 0.57890625 0.0125 0.015625
1 0.92578125 0.4421875 0.0140625 0.01875
1 0.728125 0.84453125 0.009375 0.0125
1 0.00390625 0.44453125 0.0078125 0.0171875
0 0.78359375 0.1828125 0.0125 0.015625
2 0.76875 0.2203125 0.0875 0.059375
1 0.753125 0.9140625 0.0171875 0.0265625
1 0.68515625 0.3953125 0.0125 0.015625
1 0.521875 0.4546875 0.0125 0.015625
1 0.53125 0.434375 0.0125 0.0171875
1 0.90625 0.34296875 0.0125 0.0125
1 0.84375 0.8703125 0.0125 0.015625
1 0.4359375 0.89765625 0.015625 0.0203125
0 0.81328125 0.18125 0.0140625 0.01875
1 0.10859375 0.51640625 0.0140625 0.015625
1 0.23515625 0.84296875 0.009375 0.0125
1 0.14140625 0.359375 0.0125 0.015625
1 0.78828125 0.64140625 0.015625 0.0171875
1 0.2421875 0.51484375 0.015625 0.01875
1 0.79375 0.903125 0.0171875 0.025
1 0.53515625 0.3171875 0.0109375 0.0125
0 0.74296875 0.70703125 0.0109375 0.015625
1 0.9203125 0.37578125 0.0125 0.015625
1 0.1640625 0.6421875 0.0171875 0.021875
1 0.6625 0.46953125 0.0140625 0.0203125
1 0.103125 0.5359375 0.015625 0.0203125
1 0.496875 0.31875 0.0109375 0.0125
1 0.47265625 0.459375 0.0140625 0.0171875
1 0.33046875 0.38046875 0.0125 0.0140625
1 0.33671875 0.4046875 0.0140625 0.0171875
1 0.13984375 0.89375 0.015625 0.0234375
1 0.4203125 0.44140625 0.0109375 0.015625
1 0.72421875 0.45546875 0.0140625 0.01875
1 0.74296875 0.6359375 0.015625 0.01875
0 0.7875 0.15859375 0.015625 0.015625
0 0.95859375 0.05625 0.015625 0.015625
1 0.53125 0.3953125 0.0109375 0.0125
1 0.375 0.33125 0.0125 0.0125
1 0.10078125 0.40546875 0.0125 0.0140625
1 0.10546875 0.48984375 0.0125 0.0140625
1 0.90546875 0.32265625 0.0125 0.0140625
1 0.515625 0.31796875 0.009375 0.0125
1 0.86640625 0.90859375 0.0171875 0.025
1 0.434375 0.30546875 0.0109375 0.0125
1 0.23671875 0.64375 0.015625 0.01875
1 0.11328125 0.396875 0.0125 0.015625
1 0.3296875 0.35546875 0.009375 0.0140625
1 0.79765625 0.86953125 0.0125 0.015625
1 0.53125 0.41015625 0.0125 0.015625
1 0.55234375 0.32265625 0.0109375 0.0125
0 0.7984375 0.1703125 0.015625 0.01875
1 0.16875 0.8703125 0.0125 0.0125
1 0.88984375 0.37890625 0.0125 0.0171875
1 0.91875 0.90546875 0.015625 0.021875
1 0.88125 0.37890625 0.0125 0.0171875
1 0.93359375 0.36015625 0.0140625 0.015625
1 0.55859375 0.30234375 0.0109375 0.0125
1 0.38359375 0.3203125 0.0109375 0.0125
1 0.88515625 0.3265625 0.0109375 0.0125
1 0.184375 0.3046875 0.0109375 0.0125
1 0.4203125 0.8953125 0.01875 0.021875
1 0.8703125 0.31953125 0.0109375 0.0125
1 0.81015625 0.86875 0.0125 0.015625
1 0.95546875 0.35859375 0.0109375 0.0125
1 0.91640625 0.35390625 0.0125 0.015625
0 0.815625 0.053125 0.0140625 0.015625
1 0.13203125 0.87109375 0.0125 0.015625
1 0.5171875 0.43046875 0.0125 0.0125
1 0.2546875 0.53671875 0.015625 0.01875
1 0.78203125 0.90078125 0.015625 0.021875
0 0.7765625 0.01328125 0.0125 0.01875
1 0.8390625 0.98984375 0.025 0.01875
1 0.8828125 0.88671875 0.015625 0.021875
1 0.515625 0.41875 0.0125 0.0125
1 0.06953125 0.92265625 0.015625 0.025
0 0.77578125 0.140625 0.0140625 0.015625
1 0.121875 0.86875 0.0125 0.015625
1 0.05859375 0.37890625 0.0125 0.0140625
1 0.73828125 0.84375 0.0109375 0.0125
1 0.8453125 0.3 0.0125 0.0125
1 0.1421875 0.33046875 0.0109375 0.0125
1 0.1875 0.8796875 0.015625 0.01875
1 0.9453125 0.9015625 0.015625 0.0234375
1 0.44453125 0.4015625 0.0109375 0.0140625
1 0.153125 0.33046875 0.0109375 0.0125
1 0.065625 0.39921875 0.0125 0.015625
1 0.265625 0.84375 0.009375 0.0125
1 0.99375 0.446875 0.0125 0.015625
1 0.053125 0.39296875 0.009375 0.0125
1 0.1046875 0.39140625 0.0109375 0.015625
1 0.36796875 0.896875 0.0140625 0.0171875
1 0.11953125 0.33359375 0.0125 0.0125
1 0.08671875 0.3875 0.0125 0.0171875
1 0.92109375 0.325 0.0125 0.0140625
1 0.9359375 0.34453125 0.0125 0.015625
0 0.746875 0.75546875 0.0125 0.0125
0 0.76015625 0.76015625 0.0109375 0.015625
1 0.93671875 0.3296875 0.0125 0.0125
0 0.78359375 0.03828125 0.0125 0.025
1 0.25546875 0.83984375 0.009375 0.009375
0 0.771875 0.1234375 0.0125 0.0140625
1 0.22109375 0.8390625 0.009375 0.009375
1 0.55546875 0.8328125 0.009375 0.009375
1 0.85234375 0.3140625 0.009375 0.0125
1 0.121875 0.4890625 0.009375 0.0125
1 0.640625 0.32578125 0.0125 0.0125
1 0.3390625 0.309375 0.009375 0.0109375
1 0.334375 0.36875 0.009375 0.009375
1 0.99609375 0.37109375 0.0078125 0.0140625
1 0.96875 0.37421875 0.0109375 0.015625
1 0.3546875 0.30546875 0.015625 0.015625
1 0.934375 0.90390625 0.015625 0.021875
1 0.47890625 0.2953125 0.009375 0.0125
1 0.32265625 0.49296875 0.009375 0.009375
1 0.19453125 0.840625 0.009375 0.009375
1 0.075 0.4 0.0140625 0.015625
0 0.803125 0.215625 0.0140625 0.015625
1 0.5140625 0.46171875 0.0109375 0.0125
1 0.878125 0.865625 0.0125 0.015625
1 0.54375 0.29609375 0.0109375 0.0125
1 0.38671875 0.8921875 0.015625 0.01875
1 0.190625 0.3046875 0.0078125 0.0125
1 0.165625 0.3140625 0.009375 0.0125
1 0.94765625 0.346875 0.0125 0.015625
1 0.97734375 0.37421875 0.015625 0.0171875
1 0.1 0.865625 0.0125 0.0140625
1 0.90859375 0.88515625 0.0125 0.015625
1 0.1109375 0.86953125 0.0125 0.015625
1 0.43984375 0.296875 0.0125 0.0125
3 0.35546875 0.5203125 0.06875 0.159375
1 0.09140625 0.346875 0.0125 0.0125
1 0.1578125 0.83984375 0.0109375 0.009375
1 0.62421875 0.98828125 0.0203125 0.021875
1 0.7234375 0.39375 0.0125 0.0125
0 0.73046875 0.69765625 0.009375 0.009375
1 0.07265625 0.35 0.0125 0.0125
1 0.40546875 0.878125 0.015625 0.015625
1 0.79453125 0.83984375 0.009375 0.009375
1 0.5421875 0.8375 0.009375 0.0109375
0 0.753125 0.17109375 0.0125 0.015625
1 0.47109375 0.83203125 0.0109375 0.0125