3 0.6671875 0.346875 0.0828125 0.0859375
2 0.240625 0.21015625 0.103125 0.0640625
1 0.91796875 0.53125 0.028125 0.021875
1 0.25390625 0.4890625 0.0265625 0.0203125
1 0.1203125 0.36484375 0.0234375 0.015625
4 0.75703125 0.84765625 0.071875 0.0578125
1 0.353125 0.4765625 0.025 0.0203125
4 0.8421875 0.35390625 0.0734375 0.065625
4 0.4828125 0.290625 0.06875 0.0765625
1 0.5546875 0.90234375 0.028125 0.0171875
1 0.40546875 0.4515625 0.025 0.01875
1 0.90078125 0.48046875 0.025 0.01875
1 0.4703125 0.440625 0.025 0.0171875
1 0.303125 0.5265625 0.0265625 0.01875
1 0.2859375 0.48515625 0.0265625 0.0203125
1 0.69609375 0.41015625 0.0234375 0.0171875
3 0.26328125 0.8265625 0.08125 0.0609375
1 0.059375 0.43125 0.0265625 0.01875
1 0.04921875 0.38046875 0.025 0.0171875
1 0.3265625 0.49296875 0.0265625 0.0203125
2 0.7609375 0.23515625 0.1078125 0.0546875
1 0.93046875 0.4890625 0.025 0.0203125
1 0.3578125 0.5109375 0.0265625 0.0171875
1 0.5578125 0.49140625 0.025 0.0203125
1 0.52734375 0.57734375 0.0296875 0.025
1 0.3546875 0.37265625 0.0234375 0.015625
1 0.34375 0.58828125 0.0265625 0.0171875
1 0.83359375 0.4359375 0.025 0.01875
1 0.94296875 0.4328125 0.0234375 0.015625
4 0.69375 0.4984375 0.1234375 0.1171875
1 0.38359375 0.44921875 0.025 0.01875
1 0.6421875 0.8796875 0.025 0.015625
1 0.15078125 0.3671875 0.0234375 0.015625
1 0.37109375 0.38984375 0.0234375 0.015625
1 0.525 0.6171875 0.028125 0.0203125
1 0.03359375 0.403125 0.0265625 0.0203125
1 0.35703125 0.53515625 0.028125 0.0203125
1 0.1703125 0.415625 0.025 0.01875
1 0.246875 0.88671875 0.028125 0.0234375
1 0.5859375 0.88125 0.0234375 0.0171875
1 0.61171875 0.38203125 0.0234375 0.015625
1 0.21796875 0.85703125 0.0234375 0.015625
1 0.55703125 0.35546875 0.0234375 0.0140625
1 0.09609375 0.37265625 0.025 0.0171875
1 0.28125 0.440625 0.025 0.01875
1 0.50703125 0.54765625 0.0265625 0.021875
1 0.41015625 0.4265625 0.025 0.0171875
1 0.9703125 0.46171875 0.025 0.0171875
1 0.39296875 0.42890625 0.025 0.0171875
1 0.49921875 0.33203125 0.021875 0.0125
1 0.3015625 0.4484375 0.0265625 0.0203125
1 0.65078125 0.9046875 0.028125 0.01875
1 0.38515625 0.390625 0.025 0.015625
1 0.17890625 0.925 0.0328125 0.0328125
1 0.615625 0.46484375 0.021875 0.0203125
1 0.31953125 0.86640625 0.025 0.01875
1 0.44375 0.5015625 0.0265625 0.01875
1 0.92734375 0.421875 0.025 0.015625
1 0.76875 0.90703125 0.0265625 0.0203125
1 0.640625 0.9 0.025 0.0203125
1 0.8328125 0.94140625 0.03125 0.028125
1 0.090625 0.90390625 0.03125 0.0265625
1 0.5421875 0.40703125 0.025 0.0171875
1 0.90625 0.3734375 0.0234375 0.015625
1 0.321875 0.5296875 0.0265625 0.021875
1 0.78359375 0.5015625 0.025 0.015625
1 0.3375 0.3796875 0.0234375 0.0171875
1 0.30078125 0.8609375 0.0234375 0.015625
1 0.8546875 0.9265625 0.0296875 0.0234375
1 0.97265625 0.58359375 0.0234375 0.0171875
1 0.42265625 0.32578125 0.0234375 0.0140625
1 0.30390625 0.4234375 0.025 0.015625
1 0.8671875 0.96875 0.034375 0.034375
1 0.4015625 0.32578125 0.021875 0.0140625
1 0.5375 0.390625 0.0234375 0.0171875
1 0.3328125 0.3359375 0.0234375 0.0140625
1 0.67890625 0.39140625 0.025 0.015625
1 0.45625 0.4921875 0.025 0.0171875
1 0.18828125 0.390625 0.0234375 0.015625
1 0.34765625 0.415625 0.0234375 0.015625
1 0.17890625 0.85859375 0.0234375 0.015625
1 0.37265625 0.52578125 0.0265625 0.0203125
1 0.04765625 0.9125 0.0296875 0.025
1 0.4265625 0.41328125 0.025 0.0171875
1 0.42109375 0.51328125 0.0203125 0.015625
1 0.16171875 0.87890625 0.0265625 0.0203125
1 0.725 0.56328125 0.0265625 0.01875
1 0.75859375 0.65625 0.0265625 0.0171875
1 0.4265625 0.46328125 0.0234375 0.0140625
1 0.40390625 0.390625 0.025 0.015625
1 0.971875 0.4125 0.0234375 0.0140625
1 0.96015625 0.43359375 0.0234375 0.0125
1 0.7890625 0.91796875 0.028125 0.0234375
1 0.6546875 0.4203125 0.025 0.0171875
1 0.39296875 0.375 0.025 0.015625
1 0.34453125 0.33046875 0.021875 0.0140625
1 0.3765625 0.43828125 0.0234375 0.015625
1 0.403125 0.35 0.021875 0.0140625
1 0.30234375 0.609375 0.0265625 0.0171875
1 0.1203125 0.90546875 0.028125 0.025
1 0.45859375 0.4671875 0.025 0.015625
1 0.153125 0.32265625 0.021875 0.0140625
1 0.1375 0.334375 0.021875 0.015625
1 0.440625 0.33671875 0.021875 0.0140625
1 0.38671875 0.34453125 0.0234375 0.015625
1 0.35 0.2984375 0.021875 0.0125
1 0.46328125 0.62890625 0.028125 0.021875
1 0.9625 0.44609375 0.025 0.015625
1 0.41875 0.378125 0.0234375 0.015625
1 0.33671875 0.41328125 0.0234375 0.0125
0 0.471875 0.21796875 0.0234375 0.0171875
1 0.09765625 0.325 0.0234375 0.015625
1 0.98828125 0.434375 0.0234375 0.0171875
1 0.12109375 0.28828125 0.0234375 0.0125
1 0.4609375 0.32421875 0.0234375 0.0140625
1 0.7765625 0.88984375 0.025 0.015625
1 0.18046875 0.83515625 0.021875 0.0125
1 0.1453125 0.87578125 0.025 0.01875
1 0.58671875 0.30234375 0.021875 0.0125
1 0.8640625 0.89609375 0.0234375 0.01875
1 0.10625 0.92578125 0.03125 0.021875
1 0.36015625 0.33828125 0.021875 0.015625
1 0.67890625 0.853125 0.021875 0.0109375
1 0.81484375 0.99765625 0.034375 0.0046875
1 0.33828125 0.42578125 0.0234375 0.0140625
1 0.13515625 0.86875 0.0234375 0.015625
1 0.3953125 0.41640625 0.025 0.0125
1 0.865625 0.6578125 0.028125 0.015625
1 0.4296875 0.484375 0.0265625 0.01875
1 0.3359375 0.43984375 0.025 0.0171875
1 0.221875 0.8390625 0.021875 0.0125
1 0.90390625 0.66328125 0.025 0.0125
1 0.87890625 0.33984375 0.021875 0.0125
1 0.7171875 0.8484375 0.0203125 0.009375
1 0.34375 0.35390625 0.021875 0.015625
1 0.45390625 0.325 0.021875 0.0140625
1 0.5234375 0.29453125 0.021875 0.0125
1 0.38203125 0.37734375 0.0234375 0.0125
1 0.31328125 0.37578125 0.025 0.0171875
1 0.0171875 0.35703125 0.025 0.015625
1 0.38359375 0.4296875 0.0234375 0.015625
1 0.13984375 0.3203125 0.021875 0.0140625
1 0.36328125 0.3625 0.0234375 0.01875
1 0.3453125 0.39765625 0.0234375 0.0125
1 0.4015625 0.36953125 0.021875 0.0125
1 0.66875 0.8703125 0.021875 0.0140625
1 0.99296875 0.4765625 0.0140625 0.015625
1 0.3109375 0.409375 0.021875 0.0125
1 0.4859375 0.453125 0.025 0.01875
1 0.43828125 0.3140625 0.0234375 0.0125
1 0.546875 0.30234375 0.0234375 0.0125
1 0.121875 0.3515625 0.0234375 0.0125
1 0.50234375 0.46171875 0.025 0.0125
1 0.2828125 0.42421875 0.0234375 0.015625
1 0.36953125 0.4234375 0.025 0.0125
1 0.3734375 0.33984375 0.025 0.015625
1 0.35859375 0.315625 0.0265625 0.0140625
1 0.37421875 0.31484375 0.0234375 0.0140625
1 0.11953125 0.3171875 0.025 0.0125
1 0.93203125 0.40703125 0.025 0.0140625
1 0.86484375 0.6296875 0.028125 0.0203125
1 0.80546875 0.9 0.028125 0.021875
1 0.53046875 0.85234375 0.0203125 0.0109375
0 0.91328125 0.2828125 0.0234375 0.0125
1 0.97890625 0.44765625 0.025 0.0140625
1 0.82578125 0.46171875 0.0234375 0.0109375
1 0.42421875 0.31015625 0.021875 0.0125
1 0.04140625 0.8875 0.03125 0.025
1 0.1359375 0.84140625 0.021875 0.0125
1 0.6046875 0.32265625 0.021875 0.0125
1 0.16796875 0.8609375 0.025 0.015625
1 0.15234375 0.8453125 0.0234375 0.0140625
1 0.42109375 0.48359375 0.0234375 0.015625
0 0.85625 0.80390625 0.021875 0.0140625
1 0.034375 0.3328125 0.021875 0.0140625
1 0.6203125 0.3109375 0.025 0.0125
1 0.38515625 0.30390625 0.0234375 0.0125
1 0.38984375 0.31953125 0.0234375 0.0140625
1 0.05390625 0.3234375 0.025 0.015625
1 0.92890625 0.396875 0.0234375 0.0125
1 0.71796875 0.9984375 0.03125 0.003125
1 0.3015625 0.50625 0.0265625 0.0140625
1 0.99140625 0.62109375 0.0171875 0.0109375
1 0.0828125 0.31171875 0.0234375 0.0140625
1 0.56640625 0.29765625 0.021875 0.0125
1 0.20859375 0.98359375 0.0296875 0.0109375
0 0.91328125 0.30078125 0.0234375 0.0125
1 0.41796875 0.815625 0.0234375 0.009375
1 0.1109375 0.95625 0.0265625 0.01875
0 0.828125 0.80078125 0.0234375 0.0140625
1 0.42421875 0.290625 0.021875 0.0125
1 0.8953125 0.3421875 0.025 0.0125
1 0.784375 0.62578125 0.028125 0.0203125
1 0.45390625 0.3046875 0.021875 0.0140625
1 0.18984375 0.9734375 0.0375 0.0328125
1 0.2921875 0.428125 0.025 0.01875
1 0.96328125 0.95546875 0.028125 0.021875
1 0.83828125 0.6328125 0.0296875 0.0234375
1 0.07265625 0.921875 0.03125 0.0234375
1 0.8390625 0.8921875 0.0265625 0.0171875
1 0.121875 0.97734375 0.0296875 0.0171875
1 0.790625 0.865625 0.0234375 0.0125
1 0.9296875 0.3703125 0.0234375 0.0109375
1 0.4953125 0.453125 0.0234375 0.015625
1 0.87109375 0.3234375 0.0234375 0.0140625
1 0.30859375 0.3625 0.0234375 0.0125
1 0.5078125 0.85390625 0.0203125 0.009375
1 0.51328125 0.2984375 0.021875 0.0125
1 0.0609375 0.9765625 0.03125 0.015625
1 0.57421875 0.29765625 0.0234375 0.0125
1 0.53046875 0.840625 0.021875 0.0109375
1 0.83359375 0.3296875 0.021875 0.0109375
1 0.4 0.30625 0.0234375 0.0140625
1 0.15546875 0.83125 0.021875 0.0109375
1 0.09921875 0.846875 0.021875 0.0125
1 0.43984375 0.46875 0.025 0.0140625
1 0.309375 0.984375 0.03125 0.01875