2 0.24921875 0.20234375 0.1109375 0.0625
4 0.67890625 0.8703125 0.1078125 0.096875
3 0.21328125 0.81015625 0.078125 0.0578125
3 0.79140625 0.590625 0.146875 0.14375
4 0.38046875 0.3609375 0.08125 0.08125
1 0.2875 0.51484375 0.034375 0.021875
0 0.93984375 0.2578125 0.0328125 0.01875
1 0.7140625 0.49375 0.0328125 0.0171875
1 0.278125 0.4296875 0.0328125 0.0171875
1 0.32265625 0.44453125 0.03125 0.01875
1 0.32265625 0.50546875 0.0328125 0.021875
3 0.78828125 0.88125 0.1171875 0.0984375
4 0.3671875 0.28984375 0.0796875 0.0703125
1 0.459375 0.39453125 0.03125 0.015625
1 0.121875 0.5375 0.0359375 0.025
1 0.7984375 0.45 0.0296875 0.0171875
1 0.70078125 0.46953125 0.03125 0.0171875
1 0.5734375 0.5578125 0.034375 0.025
1 0.39609375 0.8828125 0.0359375 0.025
1 0.8171875 0.6671875 0.034375 0.01875
1 0.06796875 0.36484375 0.03125 0.015625
1 0.66640625 0.48046875 0.0328125 0.0171875
1 0.38671875 0.4859375 0.0328125 0.01875
1 0.609375 0.48984375 0.03125 0.01875
2 0.77265625 0.2453125 0.1171875 0.053125
1 0.5140625 0.33125 0.0296875 0.0140625
1 0.5453125 0.4859375 0.0328125 0.0203125
1 0.30234375 0.50859375 0.034375 0.0234375
1 0.27578125 0.4921875 0.0328125 0.021875
1 0.54453125 0.45703125 0.0328125 0.0171875
1 0.3078125 0.40703125 0.03125 0.015625
1 0.5578125 0.43515625 0.03125 0.015625
0 0.94453125 0.30234375 0.03125 0.0171875
0 0.80078125 0.19453125 0.0328125 0.01875
0 0.9234375 0.21875 0.0328125 0.01875
1 0.45625 0.375 0.0296875 0.0171875
1 0.828125 0.9296875 0.0375 0.0265625
1 0.08671875 0.87890625 0.0359375 0.025
3 0.8765625 0.465625 0.1140625 0.115625
1 0.02421875 0.33984375 0.0328125 0.0171875
1 0.3375 0.42578125 0.03125 0.01875
1 0.18984375 0.84921875 0.03125 0.015625
1 0.51875 0.9015625 0.0359375 0.0203125
1 0.66484375 0.46328125 0.0328125 0.0171875
1 0.1265625 0.36015625 0.03125 0.015625
1 0.4265625 0.534375 0.03125 0.021875
1 0.5375 0.4390625 0.03125 0.01875
1 0.82734375 0.36328125 0.0296875 0.0140625
1 0.18046875 0.39296875 0.03125 0.0171875
1 0.42265625 0.5625 0.03125 0.021875
1 0.5578125 0.45390625 0.0328125 0.01875
1 0.409375 0.58359375 0.034375 0.0203125
1 0.40078125 0.42109375 0.03125 0.0171875
1 0.85390625 0.9546875 0.0375 0.0296875
1 0.8875 0.5328125 0.0328125 0.01875
1 0.2953125 0.85625 0.03125 0.0171875
1 0.43984375 0.403125 0.03125 0.015625
1 0.29765625 0.38984375 0.0328125 0.0171875
1 0.3734375 0.5859375 0.0359375 0.0171875
0 0.8296875 0.2015625 0.0328125 0.0171875
1 0.1 0.35859375 0.03125 0.0171875
1 0.66328125 0.41640625 0.03125 0.015625
1 0.76015625 0.984375 0.04375 0.03125
1 0.33984375 0.4078125 0.03125 0.015625
0 0.81484375 0.18203125 0.0328125 0.01875
1 0.5296875 0.471875 0.0328125 0.0203125
1 0.121875 0.32109375 0.0296875 0.0140625
1 0.696875 0.45078125 0.03125 0.0171875
1 0.40390625 0.39375 0.0328125 0.01875
0 0.90546875 0.17734375 0.0328125 0.01875
1 0.9125 0.54609375 0.0328125 0.0203125
1 0.54609375 0.40390625 0.03125 0.015625
1 0.6859375 0.434375 0.03125 0.015625
1 0.0875 0.3578125 0.03125 0.0171875
1 0.090625 0.34453125 0.0296875 0.0109375
1 0.87421875 0.91875 0.0328125 0.0203125
1 0.5140625 0.39765625 0.03125 0.0171875
0 0.79453125 0.7953125 0.0328125 0.021875
1 0.5046875 0.4328125 0.0328125 0.0171875
0 0.9203125 0.18671875 0.03125 0.0171875
0 0.8609375 0.184375 0.0328125 0.0203125
1 0.06875 0.859375 0.0328125 0.021875
1 0.4421875 0.43046875 0.03125 0.0171875
1 0.5859375 0.4890625 0.03125 0.0203125
1 0.159375 0.85078125 0.03125 0.0171875
1 0.6546875 0.3265625 0.028125 0.0140625
1 0.1828125 0.28046875 0.0296875 0.0125
1 0.52578125 0.40078125 0.03125 0.015625
0 0.89140625 0.15 0.0328125 0.0203125
1 0.35625 0.4171875 0.03125 0.015625
1 0.5 0.353125 0.03125 0.0140625
1 0.40390625 0.43828125 0.0328125 0.01875
1 0.66171875 0.4375 0.03125 0.0171875
1 0.31484375 0.32734375 0.03125 0.015625
1 0.503125 0.4 0.03125 0.015625
1 0.38828125 0.40859375 0.0328125 0.0171875
1 0.43359375 0.38828125 0.03125 0.0171875
1 0.46796875 0.3046875 0.0296875 0.015625
1 0.18046875 0.26640625 0.0296875 0.0125
1 0.55859375 0.39609375 0.03125 0.015625
1 0.86328125 0.97578125 0.040625 0.0296875
1 0.85859375 0.3484375 0.03125 0.015625
1 0.49296875 0.30234375 0.0296875 0.0125
1 0.49453125 0.38671875 0.0296875 0.015625
1 0.4421875 0.30234375 0.0296875 0.0125
0 0.95 0.396875 0.03125 0.015625
1 0.98828125 0.60625 0.0234375 0.021875
1 0.55703125 0.3421875 0.0296875 0.0140625
1 0.678125 0.45546875 0.0328125 0.0171875
1 0.8296875 0.34140625 0.0296875 0.0125
1 0.06328125 0.31796875 0.03125 0.015625
1 0.603125 0.47265625 0.0328125 0.0171875
1 0.13984375 0.85546875 0.03125 0.0171875
1 0.66953125 0.9953125 0.0375 0.009375
1 0.565625 0.4140625 0.028125 0.0140625
1 0.88125 0.359375 0.0296875 0.0125
1 0.70546875 0.43828125 0.0328125 0.0171875
1 0.625 0.9140625 0.0328125 0.0140625
1 0.67578125 0.40234375 0.0296875 0.015625
1 0.66953125 0.38359375 0.03125 0.015625
1 0.9046875 0.96875 0.0390625 0.03125
1 0.5859375 0.346875 0.0296875 0.0140625
0 0.79453125 0.1703125 0.03125 0.0203125
1 0.3484375 0.3890625 0.03125 0.015625
1 0.64453125 0.35625 0.03125 0.0140625
1 0.38828125 0.6140625 0.034375 0.0203125
1 0.13125 0.84609375 0.03125 0.015625
1 0.13203125 0.27734375 0.0296875 0.0125
1 0.90546875 0.58046875 0.0328125 0.0203125
1 0.58125 0.47421875 0.0296875 0.0125
1 0.5390625 0.35234375 0.0296875 0.015625
1 0.5296875 0.3859375 0.0296875 0.0140625
1 0.5046875 0.3765625 0.03125 0.0140625
1 0.31171875 0.853125 0.03125 0.0171875
1 0.1453125 0.8328125 0.0296875 0.0125
1 0.14375 0.30859375 0.0296875 0.0140625
1 0.4515625 0.31953125 0.03125 0.0140625
1 0.1671875 0.29453125 0.03125 0.0140625
1 0.3375 0.34609375 0.03125 0.015625
1 0.5546875 0.30859375 0.0296875 0.0125
1 0.375 0.26171875 0.0296875 0.0125
1 0.68828125 0.41171875 0.0296875 0.0125
1 0.1375 0.3390625 0.03125 0.0140625
1 0.67578125 0.49453125 0.0328125 0.0140625
1 0.0140625 0.3421875 0.028125 0.0171875
1 0.6671875 0.40234375 0.0296875 0.015625
1 0.12421875 0.83046875 0.028125 0.0140625
1 0.90390625 0.90859375 0.03125 0.015625
1 0.6875 0.3953125 0.0296875 0.015625
1 0.1453125 0.81953125 0.0296875 0.0125
1 0.6453125 0.3125 0.0296875 0.0125
1 0.40390625 0.3140625 0.0296875 0.0140625
1 0.8375 0.665625 0.0359375 0.0234375
1 0.15390625 0.30625 0.0296875 0.0125
1 0.52890625 0.33984375 0.028125 0.0140625
1 0.13125 0.3296875 0.0296875 0.0140625
1 0.375 0.4078125 0.03125 0.0171875
1 0.575 0.9046875 0.0390625 0.0234375
1 0.56171875 0.38125 0.028125 0.0125
1 0.6125 0.31171875 0.0296875 0.0125
1 0.36328125 0.40859375 0.0296875 0.015625
1 0.66015625 0.3078125 0.0296875 0.0125
1 0.33125 0.325 0.0328125 0.015625
1 0.34375 0.32890625 0.0328125 0.01875
1 0.01484375 0.58671875 0.0296875 0.0390625
1 0.5734375 0.3765625 0.0296875 0.0125
1 0.33046875 0.3890625 0.03125 0.015625
1 0.659375 0.36796875 0.03125 0.0125
1 0.09296875 0.29296875 0.0328125 0.0140625
1 0.87890625 0.52421875 0.03125 0.021875
1 0.659375 0.3859375 0.0328125 0.015625
1 0.16875 0.83203125 0.0296875 0.0125
1 0.17734375 0.846875 0.0328125 0.015625
1 0.41328125 0.61953125 0.0328125 0.0171875
1 0.8421875 0.328125 0.0296875 0.0125
1 0.3703125 0.571875 0.034375 0.0171875
1 0.54921875 0.33125 0.0296875 0.0140625
1 0.6984375 0.421875 0.0296875 0.0125
1 0.34375 0.36484375 0.03125 0.0140625
1 0.721875 0.47734375 0.0296875 0.0125
1 0.52109375 0.31484375 0.028125 0.0125
0 0.4390625 0.765625 0.0296875 0.0171875
1 0.3265625 0.34453125 0.0296875 0.015625
1 0.3296875 0.37734375 0.0296875 0.0140625
1 0.86328125 0.91328125 0.034375 0.021875
1 0.875 0.89140625 0.0328125 0.015625
1 0.9 0.3625 0.0296875 0.0125
1 0.5875 0.32109375 0.03125 0.0140625
1 0.1296875 0.34765625 0.0296875 0.009375
1 0.44453125 0.84296875 0.0296875 0.0125
1 0.57421875 0.3 0.0296875 0.0125
1 0.315625 0.3640625 0.0296875 0.015625
1 0.59296875 0.91015625 0.034375 0.015625
1 0.91796875 0.375 0.0296875 0.0125
1 0.0671875 0.9640625 0.034375 0.0140625
1 0.8828125 0.559375 0.0296875 0.0109375
1 0.4328125 0.29375 0.0296875 0.0140625
1 0.0984375 0.81875 0.0296875 0.0125
1 0.8984375 0.9484375 0.03125 0.01875
1 0.06640625 0.8359375 0.03125 0.0140625
1 0.83359375 0.3265625 0.028125 0.0109375
1 0.60078125 0.89921875 0.03125 0.0171875
1 0.5953125 0.3015625 0.0296875 0.0125
1 0.5421875 0.840625 0.0296875 0.0125
1 0.8234375 0.3296875 0.028125 0.015625
1 0.14765625 0.85 0.0296875 0.015625
4 0.54140625 0.81875 0.05 0.0296875
1 0.87734375 0.346875 0.0328125 0.0140625
1 0.8875 0.51171875 0.03125 0.0203125