2 0.7578125 0.209375 0.11875 0.071875
3 0.10859375 0.365625 0.1203125 0.109375
4 0.95703125 0.49453125 0.0859375 0.1171875
0 0.88125 0.22109375 0.0421875 0.025
0 0.846875 0.22890625 0.04375 0.0265625
4 0.65703125 0.86953125 0.1015625 0.0984375
0 0.6671875 0.715625 0.0421875 0.025
2 0.24375 0.21328125 0.1234375 0.0640625
0 0.87109375 0.2078125 0.04375 0.0296875
4 0.88515625 0.32109375 0.1171875 0.1203125
4 0.84453125 0.859375 0.0921875 0.075
0 0.61796875 0.76640625 0.0421875 0.0265625
1 0.68203125 0.5125 0.0453125 0.025
1 0.2921875 0.43359375 0.040625 0.021875
1 0.0171875 0.42734375 0.034375 0.0234375
1 0.30234375 0.43203125 0.040625 0.0234375
0 0.8140625 0.740625 0.04375 0.0265625
1 0.33359375 0.4046875 0.040625 0.0234375
1 0.74765625 0.56953125 0.0453125 0.028125
1 0.56796875 0.46328125 0.0421875 0.0265625
1 0.61875 0.44921875 0.0421875 0.025
1 0.5640625 0.90390625 0.040625 0.01875
1 0.41953125 0.409375 0.0421875 0.025
4 0.85234375 0.43125 0.13125 0.11875
1 0.5296875 0.39453125 0.040625 0.021875
1 0.5671875 0.38046875 0.040625 0.0234375
1 0.66640625 0.51328125 0.04375 0.021875
1 0.34765625 0.8921875 0.0421875 0.025
1 0.5765625 0.3296875 0.040625 0.01875
1 0.6765625 0.37734375 0.040625 0.021875
1 0.3359375 0.33359375 0.0359375 0.021875
1 0.6296875 0.325 0.0390625 0.01875
1 0.35703125 0.40390625 0.040625 0.0234375
1 0.49140625 0.43828125 0.0421875 0.0234375
1 0.5390625 0.90390625 0.040625 0.01875
1 0.328125 0.353125 0.040625 0.021875
1 0.46875 0.88984375 0.0375 0.015625
1 0.634375 0.50625 0.04375 0.0265625
1 0.07265625 0.9421875 0.046875 0.034375
1 0.3984375 0.3734375 0.040625 0.021875
1 0.90390625 0.440625 0.0421875 0.025
1 0.78359375 0.5703125 0.0453125 0.0296875
1 0.70390625 0.51640625 0.04375 0.0265625
1 0.6765625 0.49453125 0.0421875 0.025
1 0.3015625 0.52265625 0.04375 0.028125
1 0.8203125 0.33984375 0.0390625 0.021875
1 0.56328125 0.303125 0.0390625 0.01875
1 0.1953125 0.42734375 0.0421875 0.0234375
1 0.721875 0.4671875 0.0421875 0.025
1 0.5375 0.3546875 0.040625 0.021875
1 0.6 0.425 0.0421875 0.0234375
1 0.42890625 0.46015625 0.0421875 0.025
1 0.7265625 0.53828125 0.0453125 0.028125
1 0.6609375 0.54765625 0.04375 0.0265625
1 0.628125 0.34296875 0.040625 0.021875
3 0.26015625 0.8734375 0.1109375 0.1
1 0.0296875 0.4109375 0.0421875 0.0234375
1 0.8265625 0.3234375 0.0390625 0.021875
1 0.74375 0.54296875 0.04375 0.0265625
1 0.49609375 0.40625 0.0390625 0.0203125
0 0.83203125 0.8265625 0.040625 0.01875
1 0.3796875 0.57734375 0.0453125 0.0296875
1 0.46796875 0.3859375 0.040625 0.025
1 0.51953125 0.43203125 0.040625 0.025
1 0.2625 0.60390625 0.04375 0.0296875
4 0.71953125 0.90859375 0.153125 0.16875
3 0.071875 0.571875 0.14375 0.15625
0 0.81640871875 0.2095196203125 0.7826059421875 0.2153459609375 0.7862377203124999 0.23214610468750002 0.8118761156250001 0.2338496953125 0.82571834375 0.2262830703125 0.81640871875 0.2095196203125