3 0.5609375 0.2578125 0.0640625 0.075
0 0.8671875 0.184375 0.01484375 0.02421875
4 0.6515625 0.29140625 0.06484375 0.08046875
0 0.95625 0.19296875 0.01328125 0.021875
0 0.97578125 0.23359375 0.01171875 0.01875
0 0.940625 0.14296875 0.0140625 0.02109375
0 0.85703125 0.821875 0.0125 0.02109375
0 0.8546875 0.10625 0.0125 0.0203125
0 0.9265625 0.11953125 0.0125 0.0203125
0 0.98359375 0.27421875 0.0125 0.0203125
0 0.79609375 0.16328125 0.009375 0.0203125
2 0.24609375 0.21015625 0.0875 0.05390625
0 0.825 0.115625 0.0125 0.01953125
1 0.69375 0.39375 0.00859375 0.0171875
4 0.21171875 0.8546875 0.05546875 0.053125
0 0.6859375 0.81796875 0.0109375 0.01796875
0 0.81328125 0.16796875 0.01171875 0.02109375
1 0.1578125 0.33359375 0.00859375 0.01484375
1 0.4203125 0.41953125 0.01015625 0.01796875
0 0.8359375 0.74453125 0.01328125 0.02421875
4 0.8546875 0.8828125 0.09296875 0.121875
1 0.4546875 0.340625 0.0078125 0.015625
1 0.69296875 0.43984375 0.01015625 0.01640625
1 0.478125 0.41953125 0.009375 0.01796875
1 0.70234375 0.42890625 0.01015625 0.0171875
1 0.09453125 0.33046875 0.009375 0.0140625
1 0.58671875 0.3546875 0.00703125 0.0140625
1 0.0296875 0.44375 0.01171875 0.0171875
1 0.52890625 0.43046875 0.009375 0.0171875
1 0.41875 0.5234375 0.01015625 0.01953125
1 0.67578125 0.35625 0.009375 0.0140625
1 0.0140625 0.40546875 0.01171875 0.0171875
2 0.7625 0.21640625 0.08515625 0.0625
1 0.72109375 0.49609375 0.01171875 0.01953125
1 0.0828125 0.44609375 0.01171875 0.01875
1 0.384375 0.64765625 0.00625 0.0109375
1 0.415625 0.5171875 0.0109375 0.02109375
1 0.08125 0.3671875 0.01015625 0.015625
1 0.88671875 0.38984375 0.0109375 0.0171875
0 0.7671875 0.16484375 0.0125 0.0234375
1 0.078125 0.384375 0.0109375 0.01640625
1 0.62890625 0.33359375 0.0078125 0.0140625
1 0.28046875 0.8703125 0.00625 0.01171875
1 0.27109375 0.515625 0.01015625 0.01640625
1 0.30234375 0.89609375 0.0109375 0.01640625
1 0.2734375 0.465625 0.01015625 0.0171875
3 0.68984375 0.89453125 0.12578125 0.121875
1 0.10703125 0.3203125 0.01015625 0.0125
1 0.8515625 0.46640625 0.01171875 0.0171875
1 0.01875 0.36796875 0.0109375 0.01328125
1 0.6046875 0.34609375 0.00859375 0.01484375
1 0.18984375 0.92890625 0.01484375 0.02265625
1 0.90546875 0.37734375 0.009375 0.015625
1 0.1625 0.38125 0.009375 0.0171875
1 0.365625 0.3203125 0.009375 0.0140625
1 0.690625 0.4421875 0.00859375 0.01328125
1 0.3265625 0.42265625 0.01015625 0.0171875
1 0.37421875 0.40390625 0.009375 0.01640625
1 0.2796875 0.53125 0.01015625 0.01875
1 0.88828125 0.3703125 0.01015625 0.01484375
1 0.7421875 0.46796875 0.01171875 0.02109375
1 0.62265625 0.35078125 0.01015625 0.01640625
0 0.96015625 0.19921875 0.01171875 0.0203125
1 0.01796875 0.38125 0.0109375 0.01328125
1 0.07265625 0.95 0.01640625 0.03203125
1 0.7015625 0.48203125 0.01171875 0.01875
1 0.60546875 0.8703125 0.0078125 0.0109375
1 0.18515625 0.89375 0.009375 0.01484375
1 0.29453125 0.4859375 0.0109375 0.01796875
1 0.3390625 0.315625 0.0046875 0.00625
3 0.9234375 0.57421875 0.0828125 0.12265625
1 0.34453125 0.29453125 0.0078125 0.0125
1 0.60546875 0.325 0.0078125 0.0140625
1 0.3765625 0.60390625 0.01171875 0.02265625
1 0.45546875 0.29453125 0.0078125 0.0140625
1 0.20546875 0.89921875 0.01171875 0.0203125
1 0.7078125 0.39296875 0.0109375 0.015625
1 0.00625 0.365625 0.01171875 0.0140625
1 0.06328125 0.371875 0.0109375 0.0140625
1 0.0296875 0.38046875 0.01015625 0.01484375
1 0.8078125 0.41484375 0.0109375 0.0203125
1 0.29296875 0.46484375 0.01015625 0.01328125
1 0.31171875 0.38046875 0.00859375 0.015625
1 0.4578125 0.49140625 0.01015625 0.0203125
1 0.8265625 0.46328125 0.0109375 0.01875
1 0.103125 0.9203125 0.015625 0.0234375
1 0.7265625 0.47734375 0.01015625 0.0171875
1 0.57421875 0.6015625 0.01484375 0.02421875
1 0.36875 0.3359375 0.009375 0.01328125
0 0.56953125 0.9890625 0.01796875 0.021875
1 0.47109375 0.259375 0.00859375 0.0125
1 0.08125 0.33125 0.0078125 0.01015625
1 0.1296875 0.3 0.00859375 0.01171875
1 0.07578125 0.340625 0.009375 0.01328125
1 0.57421875 0.43046875 0.0109375 0.01796875
1 0.1640625 0.3859375 0.01015625 0.0171875
1 0.23671875 0.93359375 0.01484375 0.028125
1 0.12578125 0.934375 0.01640625 0.028125
1 0.03125 0.41484375 0.01171875 0.01640625
1 0.0515625 0.3796875 0.0109375 0.01640625
1 0.61328125 0.8953125 0.01015625 0.01640625
1 0.790625 0.85703125 0.00625 0.01015625
1 0.22734375 0.8828125 0.00859375 0.01328125
1 0.58984375 0.35625 0.01015625 0.01484375
0 0.99140625 0.3359375 0.01328125 0.0203125
1 0.59921875 0.2703125 0.009375 0.01171875
4 0.17734375 0.29140625 0.0328125 0.059375
1 0.1421875 0.91796875 0.0140625 0.01953125
1 0.29765625 0.88046875 0.009375 0.01640625
1 0.33828125 0.3140625 0.009375 0.0125
1 0.27109375 0.54296875 0.0109375 0.01796875
1 0.375 0.3640625 0.01015625 0.0140625
1 0.30703125 0.3828125 0.01015625 0.02109375
1 0.00703125 0.390625 0.0109375 0.0140625
1 0.41640625 0.26484375 0.0078125 0.01171875
1 0.60546875 0.2984375 0.00625 0.0125
3 0.95 0.5015625 0.1 0.1
1 0.38515625 0.27109375 0.00625 0.0125
1 0.4546875 0.2578125 0.00703125 0.01171875
1 0.86640625 0.30859375 0.0046875 0.0125