4 0.946875 0.41015625 0.10625 0.1046875
3 0.11796875 0.36953125 0.0953125 0.0953125
3 0.19453125 0.8328125 0.090625 0.0875
3 0.88046875 0.38359375 0.0921875 0.09375
1 0.5625 0.4265625 0.028125 0.021875
4 0.146875 0.5734375 0.1125 0.1234375
1 0.28125 0.5203125 0.03125 0.0265625
1 0.87109375 0.43828125 0.028125 0.021875
1 0.9734375 0.46484375 0.03125 0.0234375
2 0.26484375 0.2140625 0.1109375 0.0578125
1 0.7375 0.52890625 0.03125 0.0265625
2 0.78359375 0.23359375 0.1046875 0.071875
1 0.59375 0.4453125 0.0296875 0.021875
1 0.09765625 0.4921875 0.03125 0.025
1 0.353125 0.871875 0.0296875 0.0234375
1 0.503125 0.4296875 0.028125 0.021875
1 0.69921875 0.440625 0.028125 0.021875
1 0.3671875 0.47890625 0.0296875 0.0234375
1 0.55703125 0.55859375 0.03125 0.0265625
1 0.909375 0.4703125 0.0296875 0.0234375
1 0.8515625 0.9140625 0.0296875 0.025
1 0.37734375 0.89140625 0.03125 0.0265625
1 0.3875 0.4796875 0.0296875 0.025
1 0.67734375 0.38125 0.0265625 0.01875
0 0.953125 0.178125 0.03125 0.025
1 0.0765625 0.39609375 0.0265625 0.0203125
0 0.93671875 0.16484375 0.0328125 0.0265625
0 0.9421875 0.24296875 0.0296875 0.0265625
1 0.40078125 0.4359375 0.0296875 0.0234375
1 0.52890625 0.54921875 0.03125 0.025
1 0.27734375 0.5625 0.03125 0.0296875
4 0.79375 0.8734375 0.1109375 0.1
1 0.521875 0.44921875 0.0296875 0.0234375
1 0.41171875 0.4359375 0.0296875 0.021875
1 0.203125 0.35546875 0.025 0.0203125
1 0.40078125 0.45546875 0.0296875 0.025
1 0.17421875 0.365625 0.0265625 0.0203125
0 0.875 0.0640625 0.03125 0.025
1 0.59453125 0.42734375 0.028125 0.021875
1 0.659375 0.50234375 0.0265625 0.015625
1 0.51015625 0.45078125 0.0296875 0.0234375
1 0.34296875 0.47734375 0.028125 0.0234375
1 0.89375 0.94609375 0.0328125 0.03125
1 0.51484375 0.56875 0.0296875 0.025
1 0.903125 0.9140625 0.03125 0.025
0 0.95 0.20625 0.03125 0.0265625
1 0.671875 0.42734375 0.028125 0.021875
4 0.678125 0.58203125 0.103125 0.1484375
0 0.77265625 0.19453125 0.0265625 0.0203125
1 0.5125 0.37890625 0.0265625 0.0203125
1 0.54140625 0.33125 0.025 0.01875
1 0.2671875 0.4921875 0.028125 0.01875
1 0.3015625 0.41796875 0.028125 0.021875
1 0.83984375 0.4015625 0.0265625 0.0203125
1 0.84296875 0.3078125 0.025 0.01875
1 0.253125 0.52578125 0.03125 0.0234375
1 0.209375 0.38671875 0.0265625 0.0203125
1 0.378125 0.43359375 0.0296875 0.021875
0 0.86875 0.034375 0.03125 0.025
1 0.0234375 0.40546875 0.0296875 0.021875
1 0.52578125 0.39765625 0.028125 0.0203125
1 0.32734375 0.86015625 0.034375 0.03125
1 0.06015625 0.9109375 0.0359375 0.0375
1 0.54375 0.42734375 0.028125 0.021875
1 0.71171875 0.3609375 0.0265625 0.0203125
1 0.90390625 0.4375 0.0296875 0.021875
1 0.6328125 0.41015625 0.028125 0.0203125
1 0.653125 0.446875 0.028125 0.021875
1 0.3234375 0.4625 0.028125 0.021875
1 0.82421875 0.940625 0.0328125 0.034375
1 0.503125 0.55390625 0.0296875 0.0265625
1 0.571875 0.54140625 0.03125 0.0265625
1 0.7640625 0.9109375 0.03125 0.028125
1 0.28984375 0.45234375 0.0296875 0.0234375
1 0.0515625 0.3953125 0.03125 0.0234375
1 0.6625 0.353125 0.0265625 0.0203125
1 0.6109375 0.37265625 0.028125 0.0203125
1 0.63046875 0.8765625 0.03125 0.025
1 0.6203125 0.3953125 0.028125 0.0203125
1 0.14296875 0.8625 0.0296875 0.0234375
0 0.76796875 0.7734375 0.0296875 0.025
1 0.04140625 0.46328125 0.0296875 0.0203125
1 0.06875 0.9734375 0.03125 0.0140625
1 0.69296875 0.8859375 0.0296875 0.0234375
1 0.58984375 0.3984375 0.028125 0.0203125
1 0.26640625 0.50859375 0.0296875 0.021875
1 0.3265625 0.321875 0.0265625 0.01875
0 0.95234375 0.34609375 0.0296875 0.021875
1 0.71171875 0.4265625 0.028125 0.021875
1 0.0765625 0.3765625 0.0265625 0.01875
1 0.6515625 0.425 0.028125 0.0203125
1 0.065625 0.396875 0.028125 0.0203125
1 0.465625 0.38046875 0.0296875 0.0203125
1 0.6453125 0.44140625 0.0265625 0.021875
1 0.5859375 0.35859375 0.025 0.01875
0 0.7640625 0.75078125 0.0296875 0.0265625
1 0.1546875 0.8625 0.0296875 0.025
1 0.34453125 0.43046875 0.028125 0.0203125
1 0.66796875 0.33359375 0.0265625 0.01875
0 0.89609375 0.109375 0.03125 0.028125
1 0.64140625 0.37578125 0.0265625 0.01875
0 0.79375 0.15625 0.0296875 0.025
1 0.6703125 0.40703125 0.0265625 0.021875
1 0.684375 0.41875 0.028125 0.021875
1 0.08203125 0.86953125 0.0296875 0.0265625
1 0.05390625 0.8640625 0.0296875 0.025
1 0.56875 0.33125 0.028125 0.0203125
1 0.72421875 0.85234375 0.025 0.01875
1 0.025 0.5375 0.0234375 0.0171875
1 0.88828125 0.3359375 0.025 0.01875
0 0.9375 0.35 0.0296875 0.0234375
1 0.1234375 0.86015625 0.025 0.021875
1 0.23828125 0.83671875 0.025 0.0171875
1 0.6671875 0.85078125 0.028125 0.01875
1 0.43515625 0.45703125 0.0234375 0.015625
1 0.82890625 0.31328125 0.0296875 0.0234375
1 0.5984375 0.35390625 0.0265625 0.0171875
1 0.53671875 0.38984375 0.025 0.0203125
1 0.6015625 0.309375 0.025 0.0171875
1 0.465625 0.30546875 0.025 0.01875
1 0.70390625 0.41640625 0.0265625 0.0203125
1 0.36015625 0.43125 0.028125 0.0203125
1 0.6609375 0.37890625 0.0265625 0.015625
1 0.30546875 0.4328125 0.028125 0.0203125
1 0.32421875 0.4453125 0.028125 0.0171875
1 0.078125 0.36015625 0.0265625 0.01875
1 0.04140625 0.35625 0.0265625 0.01875
1 0.61328125 0.34296875 0.025 0.01875
1 0.28125 0.8546875 0.0265625 0.0203125
0 0.91796875 0.06484375 0.0328125 0.028125
0 0.9328125 0.04765625 0.0296875 0.025
0 0.85859375 0.078125 0.028125 0.0203125
1 0.440625 0.3671875 0.025 0.0171875
1 0.44453125 0.321875 0.025 0.0203125
1 0.371875 0.2734375 0.028125 0.0203125
1 0.8890625 0.31953125 0.025 0.015625
1 0.64921875 0.41328125 0.0265625 0.01875
0 0.865625 0.053125 0.03125 0.021875
1 0.0390625 0.371875 0.028125 0.01875
1 0.878125 0.89609375 0.028125 0.0203125
1 0.659375 0.3890625 0.0265625 0.01875
1 0.55 0.846875 0.0296875 0.0203125
1 0.15859375 0.2984375 0.028125 0.0203125
1 0.85234375 0.89765625 0.0265625 0.015625
0 0.94296875 0.13359375 0.0296875 0.021875
0 0.94921875 0.05 0.0328125 0.028125
1 0.61171875 0.325 0.0265625 0.0171875
1 0.16953125 0.29140625 0.025 0.0171875
1 0.47578125 0.3015625 0.025 0.0171875
1 0.2703125 0.84609375 0.025 0.0171875
0 0.8 0.0640625 0.03125 0.0234375
1 0.3484375 0.3328125 0.0265625 0.0203125
1 0.7015625 0.3859375 0.025 0.015625
1 0.52421875 0.84453125 0.025 0.01875
1 0.43046875 0.43671875 0.0265625 0.0171875
1 0.38984375 0.28046875 0.0265625 0.0171875
1 0.1015625 0.84375 0.025 0.0171875
1 0.01015625 0.97109375 0.0203125 0.0109375
0 0.32109375 0.78125 0.03125 0.0265625
1 0.56171875 0.303125 0.0265625 0.0171875
0 0.3046875 0.2890625 0.0296875 0.021875
1 0.128125 0.309375 0.028125 0.0203125
1 0.640625 0.86796875 0.028125 0.0234375
1 0.7015625 0.3984375 0.028125 0.01875
1 0.25859375 0.83359375 0.0265625 0.0171875
3 0.38359375 0.36640625 0.084375 0.090625
1 0.30234375 0.44609375 0.028125 0.01875
1 0.61953125 0.37734375 0.028125 0.0203125
0 0.83125 0.09453125 0.03125 0.0234375
0 0.0734375 0.78359375 0.028125 0.025
1 0.58515625 0.30859375 0.0265625 0.0171875
1 0.2984375 0.48046875 0.028125 0.021875
1 0.396875 0.415625 0.0296875 0.025
1 0.1453125 0.30390625 0.0265625 0.0171875
1 0.90078125 0.89375 0.028125 0.021875
1 0.25546875 0.50625 0.028125 0.01875
1 0.646875 0.38984375 0.0265625 0.01875
0 0.5671875 0.9890625 0.0375 0.021875
1 0.06328125 0.3578125 0.028125 0.01875
1 0.38515625 0.39453125 0.0296875 0.021875
1 0.34921875 0.41171875 0.0265625 0.01875
1 0.66171875 0.41015625 0.028125 0.021875
1 0.6625 0.31875 0.0265625 0.0171875
1 0.51875 0.43203125 0.03125 0.0203125
0 0.7765625 0.24453125 0.0296875 0.025
1 0.3140625 0.46796875 0.0265625 0.0203125
1 0.53203125 0.30078125 0.0265625 0.0171875
1 0.6125 0.3015625 0.0265625 0.0171875
0 0.76015625 0.23671875 0.028125 0.0203125
1 0.87109375 0.86875 0.025 0.0171875
1 0.07265625 0.3375 0.025 0.0171875
1 0.43203125 0.40234375 0.028125 0.0203125
0 0.40625 0.75 0.028125 0.021875
1 0.903125 0.3265625 0.0265625 0.0203125
1 0.3375 0.415625 0.028125 0.01875
1 0.36171875 0.41171875 0.028125 0.0171875
1 0.22578125 0.8390625 0.0265625 0.0171875
1 0.4234375 0.35078125 0.0265625 0.0171875
1 0.3734375 0.3953125 0.0296875 0.0234375
1 0.34765625 0.353125 0.0265625 0.01875
1 0.690625 0.40390625 0.028125 0.01875