1 0.896875 0.41875 0.0109375 0.0171875
3 0.42890625 0.8484375 0.06640625 0.0953125
4 0.621875 0.315625 0.06640625 0.07421875
3 0.7703125 0.828125 0.0484375 0.04375
4 0.35625 0.859375 0.0875 0.09453125
1 0.4328125 0.50546875 0.01171875 0.0203125
1 0.30703125 0.4625 0.0109375 0.01796875
1 0.709375 0.4421875 0.0109375 0.0171875
2 0.76953125 0.22109375 0.08828125 0.05703125
1 0.746875 0.87890625 0.0109375 0.01796875
1 0.7265625 0.48125 0.01171875 0.01875
1 0.72109375 0.8765625 0.01171875 0.01875
1 0.97109375 0.4484375 0.01171875 0.01875
1 0.296875 0.446875 0.01171875 0.0171875
1 0.0609375 0.57734375 0.01328125 0.01953125
1 0.64296875 0.86796875 0.01015625 0.01796875
1 0.38984375 0.4875 0.01171875 0.0203125
4 0.5359375 0.41015625 0.08203125 0.0984375
2 0.24609375 0.2265625 0.09140625 0.04609375
1 0.23515625 0.5765625 0.01328125 0.02265625
1 0.15546875 0.37109375 0.0078125 0.0140625
1 0.49765625 0.35390625 0.00859375 0.01484375
1 0.796875 0.86796875 0.00859375 0.01484375
1 0.0421875 0.41953125 0.01015625 0.01640625
1 0.49921875 0.45859375 0.01015625 0.01484375
1 0.94765625 0.4625 0.0125 0.01796875
1 0.878125 0.9 0.0125 0.02109375
1 0.2859375 0.465625 0.01015625 0.01640625
1 0.878125 0.42109375 0.01015625 0.0171875
1 0.221875 0.8859375 0.0109375 0.0203125
1 0.0921875 0.5265625 0.0125 0.0203125
1 0.29140625 0.484375 0.0109375 0.01875
1 0.878125 0.37734375 0.009375 0.015625
1 0.59765625 0.3484375 0.009375 0.01484375
1 0.7234375 0.46015625 0.009375 0.0171875
1 0.3390625 0.3953125 0.009375 0.01640625
1 0.45546875 0.45703125 0.01171875 0.01875
1 0.0546875 0.43359375 0.009375 0.0171875
1 0.70546875 0.4953125 0.01015625 0.01796875
1 0.76875 0.9 0.01328125 0.02421875
1 0.09140625 0.40546875 0.009375 0.01484375
0 0.76953125 0.7828125 0.01015625 0.015625
1 0.71015625 0.89765625 0.01328125 0.02109375
1 0.9703125 0.39921875 0.01171875 0.01640625
3 0.1921875 0.4484375 0.07890625 0.09765625
1 0.47109375 0.34140625 0.0078125 0.01328125
0 0.78203125 0.20546875 0.00859375 0.0125
1 0.64921875 0.35234375 0.00859375 0.0140625
1 0.628125 0.37265625 0.00859375 0.015625
1 0.62890625 0.353125 0.00859375 0.01328125
1 0.353125 0.35234375 0.0078125 0.0140625
1 0.3171875 0.4046875 0.00859375 0.01640625
1 0.8546875 0.346875 0.00859375 0.0140625
1 0.684375 0.8453125 0.00859375 0.01328125
1 0.85703125 0.9203125 0.01484375 0.02578125
1 0.39375 0.359375 0.00859375 0.015625
1 0.696875 0.4640625 0.009375 0.01640625
1 0.9359375 0.3546875 0.01015625 0.01484375
1 0.8921875 0.3390625 0.00859375 0.0140625
1 0.61328125 0.35078125 0.00859375 0.01171875
1 0.19375 0.8546875 0.00703125 0.01328125
1 0.55859375 0.47109375 0.01015625 0.01796875
1 0.73046875 0.5828125 0.0125 0.01953125
1 0.9484375 0.35703125 0.01015625 0.015625
0 0.8078125 0.22421875 0.009375 0.015625
1 0.83046875 0.88359375 0.0125 0.0203125
1 0.30859375 0.4328125 0.0109375 0.01640625
1 0.78125 0.615625 0.0140625 0.015625
1 0.3484375 0.41015625 0.01015625 0.0171875
1 0.9765625 0.4703125 0.0125 0.0203125
1 0.32109375 0.428125 0.009375 0.01640625
1 0.40703125 0.32421875 0.00859375 0.0140625
1 0.38515625 0.3375 0.00859375 0.01484375
1 0.9859375 0.35859375 0.0109375 0.015625
1 0.33359375 0.36484375 0.00859375 0.0140625
1 0.1453125 0.33671875 0.0078125 0.0140625
1 0.3 0.878125 0.0109375 0.0171875
1 0.678125 0.36484375 0.0078125 0.0140625
1 0.1421875 0.92109375 0.01328125 0.0234375
1 0.45625 0.3390625 0.0078125 0.0140625
1 0.6015625 0.5 0.0125 0.0203125
1 0.415625 0.89921875 0.01328125 0.01953125
1 0.678125 0.34453125 0.0078125 0.01328125
1 0.7453125 0.8453125 0.00859375 0.01328125
0 0.78671875 0.7125 0.00859375 0.015625
1 0.1796875 0.8875 0.0109375 0.0203125
0 0.7859375 0.75859375 0.01015625 0.0140625
1 0.7578125 0.615625 0.01328125 0.015625
1 0.79296875 0.64296875 0.0125 0.0140625
1 0.8421875 0.9015625 0.0140625 0.021875
1 0.72421875 0.90234375 0.01328125 0.01484375
1 0.5140625 0.34375 0.01015625 0.015625
0 0.76328125 0.7421875 0.0078125 0.01640625
4 0.109375 0.459375 0.0703125 0.1
1 0.50859375 0.46015625 0.01015625 0.01484375
1 0.18984375 0.31484375 0.00546875 0.01171875
1 0.921875 0.33359375 0.01015625 0.0140625
1 0.690625 0.4 0.01015625 0.01640625
1 0.8765625 0.34375 0.009375 0.01484375
0 0.803125 0.17265625 0.009375 0.015625
1 0.9515625 0.4046875 0.01171875 0.01875
1 0.14296875 0.8796875 0.0109375 0.01796875
1 0.809375 0.84921875 0.0078125 0.01328125
1 0.77734375 0.63359375 0.01328125 0.02109375
1 0.009375 0.56875 0.01484375 0.021875
1 0.66328125 0.34140625 0.01015625 0.01328125
1 0.47109375 0.32734375 0.00859375 0.01171875
1 0.66875 0.3859375 0.00703125 0.009375
1 0.503125 0.334375 0.00703125 0.0125
1 0.17890625 0.871875 0.0078125 0.01171875
1 0.02421875 0.584375 0.0125 0.015625
1 0.134375 0.84453125 0.0078125 0.0125
1 0.16015625 0.840625 0.00625 0.01015625
1 0.94296875 0.93203125 0.01484375 0.02421875
1 0.54609375 0.85 0.00703125 0.0109375
1 0.8703125 0.328125 0.00859375 0.01328125
1 0.70078125 0.53046875 0.01015625 0.0140625
1 0.8328125 0.3 0.009375 0.01328125
1 0.8453125 0.31953125 0.01015625 0.01171875
1 0.14765625 0.98828125 0.0125 0.02109375
1 0.47109375 0.315625 0.00859375 0.01015625
1 0.07421875 0.96171875 0.01640625 0.02734375
1 0.88203125 0.87421875 0.01015625 0.01640625
1 0.85 0.85546875 0.00859375 0.0140625
1 0.9421875 0.90234375 0.0125 0.021875
3 0.6015625 0.4421875 0.06640625 0.10859375
1 0.44296875 0.32578125 0.00625 0.0125
1 0.1421875 0.30859375 0.0078125 0.0140625
1 0.071875 0.35625 0.00859375 0.01484375
1 0.125 0.928125 0.015625 0.0234375
1 0.55625 0.83046875 0.00703125 0.01171875
1 0.26171875 0.98984375 0.0140625 0.01796875
1 0.97578125 0.353125 0.0109375 0.01328125
1 0.8828125 0.33203125 0.00859375 0.01171875
1 0.84140625 0.84296875 0.00859375 0.0125
1 0.37734375 0.30703125 0.009375 0.01171875
1 0.865625 0.89609375 0.01015625 0.01875
1 0.20234375 0.98671875 0.0234375 0.025
1 0.5296875 0.85 0.0078125 0.01328125
1 0.953125 0.98828125 0.01796875 0.0234375
1 0.553125 0.84453125 0.00703125 0.01328125
1 0.0171875 0.61171875 0.009375 0.01875
1 0.10859375 0.33203125 0.00859375 0.01328125
1 0.92109375 0.909375 0.0140625 0.02109375
1 0.03984375 0.98125 0.01875 0.034375
1 0.8984375 0.871875 0.0109375 0.0171875
1 0.82265625 0.82578125 0.0078125 0.01171875
1 0.82578125 0.84375 0.0109375 0.0125
1 0.93359375 0.33203125 0.00859375 0.0125
1 0.321875 0.9890625 0.02109375 0.0203125
1 0.003125 0.4359375 0.00625 0.01328125
1 0.5328125 0.81953125 0.00625 0.01015625
1 0.99609375 0.6421875 0.0078125 0.025
1 0.56015625 0.84921875 0.00859375 0.01171875
1 0.51796875 0.84609375 0.0078125 0.01328125
1 0.07890625 0.8875 0.009375 0.01953125
0 0.93046875 0.79765625 0.00859375 0.01796875
0 0.9234375 0.8046875 0.01171875 0.01953125
1 0.4640625 0.853125 0.00703125 0.01015625