4 0.86171875 0.4046875 0.08203125 0.0921875
3 0.165625 0.39296875 0.07109375 0.09140625
2 0.77109375 0.21953125 0.0875 0.059375
3 0.3765625 0.29140625 0.05390625 0.06484375
3 0.28046875 0.84765625 0.0765625 0.08125
4 0.659375 0.28828125 0.0578125 0.06640625
4 0.78828125 0.58359375 0.1203125 0.12734375
4 0.69765625 0.8484375 0.0875 0.09140625
2 0.2484375 0.22578125 0.0921875 0.04921875
1 0.57421875 0.50703125 0.01171875 0.01875
1 0.4359375 0.5015625 0.009375 0.0171875
1 0.47734375 0.51171875 0.01171875 0.01875
1 0.4546875 0.51015625 0.0125 0.01953125
3 0.553125 0.7734375 0.04765625 0.04296875
4 0.8984375 0.85625 0.08515625 0.1015625