3 0.1171875 0.8546875 0.04921875 0.05234375
4 0.66640625 0.296875 0.0640625 0.084375
3 0.096875 0.28359375 0.07109375 0.07109375
2 0.75859375 0.2109375 0.09609375 0.065625
1 0.61875 0.36796875 0.0078125 0.0140625
1 0.1796875 0.32890625 0.0078125 0.0125
1 0.44453125 0.365625 0.00859375 0.01484375
1 0.43125 0.2984375 0.0078125 0.0140625
1 0.25703125 0.54921875 0.01328125 0.0234375
1 0.40546875 0.49140625 0.01171875 0.0203125
1 0.60859375 0.2828125 0.00703125 0.01328125
1 0.18359375 0.37421875 0.00859375 0.01640625
4 0.57265625 0.340625 0.07265625 0.0921875
1 0.4234375 0.421875 0.009375 0.01640625
1 0.378125 0.39609375 0.009375 0.015625
2 0.24375 0.20546875 0.09375 0.0609375
1 0.5828125 0.25859375 0.009375 0.01171875
1 0.51015625 0.34765625 0.009375 0.015625
1 0.30390625 0.459375 0.0109375 0.01953125
1 0.81953125 0.34453125 0.00859375 0.0140625
1 0.29140625 0.5 0.0125 0.021875
1 0.39765625 0.39296875 0.0109375 0.0140625
1 0.81953125 0.87265625 0.00703125 0.01328125
1 0.1078125 0.38203125 0.0109375 0.01484375
1 0.23984375 0.609375 0.01328125 0.021875
1 0.5359375 0.28515625 0.0109375 0.0203125
1 0.7109375 0.4890625 0.0109375 0.01875
1 0.3953125 0.33984375 0.0078125 0.0171875
1 0.83125 0.34921875 0.009375 0.015625
0 0.771875 0.221875 0.01015625 0.01796875
1 0.48046875 0.2921875 0.0078125 0.01328125
1 0.70859375 0.459375 0.0078125 0.01640625
1 0.18203125 0.29921875 0.00859375 0.01328125
1 0.4359375 0.44375 0.0109375 0.01640625
1 0.7265625 0.5046875 0.01015625 0.015625
3 0.05 0.4578125 0.1 0.140625
1 0.23125 0.88125 0.0078125 0.0140625
1 0.496875 0.303125 0.0078125 0.01328125
3 0.26484375 0.8578125 0.06171875 0.0609375
1 0.17421875 0.92890625 0.01640625 0.028125
1 0.2859375 0.46875 0.0109375 0.01640625
1 0.47890625 0.34921875 0.00859375 0.01796875
1 0.36640625 0.34609375 0.01015625 0.015625
1 0.4421875 0.34375 0.009375 0.015625
1 0.55078125 0.37578125 0.0109375 0.015625
1 0.73125 0.52109375 0.00859375 0.015625
1 0.5515625 0.275 0.01015625 0.0140625
1 0.57421875 0.41640625 0.0109375 0.0171875
1 0.46328125 0.3171875 0.00859375 0.015625
1 0.740625 0.54375 0.0109375 0.01875
1 0.54609375 0.3234375 0.00703125 0.0125
1 0.34375 0.39296875 0.00703125 0.01484375
1 0.34453125 0.3453125 0.0078125 0.0125
1 0.32578125 0.4078125 0.01015625 0.01875
1 0.64140625 0.35 0.00859375 0.01328125
1 0.796875 0.8765625 0.01015625 0.01484375
1 0.72265625 0.45703125 0.0109375 0.015625
1 0.3609375 0.36875 0.01015625 0.01796875
1 0.37265625 0.36171875 0.009375 0.0109375
1 0.3046875 0.43046875 0.01015625 0.0203125
1 0.459375 0.3453125 0.0109375 0.01640625
1 0.77578125 0.87421875 0.01171875 0.01796875
1 0.21875 0.64609375 0.01171875 0.01484375
1 0.60703125 0.86953125 0.00703125 0.01015625
1 0.33828125 0.41015625 0.01328125 0.01953125
1 0.29140625 0.45 0.01015625 0.0171875
1 0.33046875 0.33203125 0.0078125 0.0125
1 0.35234375 0.37734375 0.00859375 0.0140625
1 0.3859375 0.340625 0.01015625 0.01640625
1 0.31953125 0.8890625 0.0140625 0.0203125
4 0.57578125 0.83984375 0.0734375 0.0734375
1 0.21875 0.63515625 0.01328125 0.02109375
1 0.49765625 0.3328125 0.01015625 0.0125
1 0.21796875 0.871875 0.00703125 0.01328125
1 0.3046875 0.4234375 0.01015625 0.01953125
1 0.29375 0.43359375 0.01015625 0.015625
1 0.73828125 0.50703125 0.0109375 0.01484375
1 0.3171875 0.33203125 0.009375 0.015625
1 0.45859375 0.328125 0.009375 0.01484375
1 0.4875 0.33203125 0.009375 0.0140625
1 0.29375 0.4140625 0.00859375 0.0125
0 0.92265625 0.01796875 0.00859375 0.0140625
1 0.48671875 0.321875 0.0109375 0.0140625
1 0.91796875 0.94609375 0.0109375 0.015625
1 0.20546875 0.875 0.00859375 0.0140625
4 0.66171875 0.41875 0.078125 0.11171875
1 0.971875 0.94453125 0.01171875 0.01328125
1 0.7640625 0.5171875 0.0109375 0.01171875
1 0.31015625 0.81796875 0.01328125 0.02421875
1 0.74140625 0.5203125 0.009375 0.01328125
1 0.9515625 0.9453125 0.01015625 0.0140625
1 0.7109375 0.82890625 0.00859375 0.01171875
1 0.6046875 0.325 0.00859375 0.015625
1 0.6765625 0.71640625 0.01015625 0.01015625
1 0.29765625 0.88671875 0.015625 0.02109375
1 0.3296875 0.3921875 0.01015625 0.01484375
1 0.37421875 0.34921875 0.009375 0.01328125
1 0.29765625 0.403125 0.01015625 0.0125
1 0.803125 0.85625 0.0109375 0.01015625
1 0.796875 0.85625 0.01015625 0.01015625
1 0.76640625 0.8546875 0.00859375 0.0109375
1 0.30546875 0.371875 0.0078125 0.0125
1 0.9078125 0.9875 0.015625 0.01953125
1 0.31953125 0.40234375 0.0125 0.0125
1 0.74375 0.5359375 0.01484375 0.02109375
1 0.3453125 0.371875 0.01015625 0.01640625
1 0.3046875 0.3984375 0.01171875 0.01875
1 0.33125 0.38125 0.009375 0.01171875
1 0.46796875 0.88046875 0.0078125 0.01015625
1 0.46796875 0.89140625 0.00859375 0.01015625
1 0.93203125 0.9875 0.01171875 0.01796875
1 0.91796875 0.96953125 0.01015625 0.01484375
1 0.303125 0.3453125 0.0078125 0.0125
1 0.30234375 0.38359375 0.009375 0.01171875