2 0.7640625 0.21484375 0.08828125 0.06484375
2 0.2453125 0.2078125 0.08984375 0.05703125
4 0.68828125 0.86875 0.07734375 0.0859375
1 0.75546875 0.55625 0.01328125 0.021875
1 0.39140625 0.440625 0.01015625 0.01796875
4 0.86171875 0.428125 0.08828125 0.1109375
3 0.425 0.26875 0.0609375 0.075
1 0.06953125 0.54921875 0.0140625 0.021875
1 0.734375 0.6171875 0.01328125 0.01953125
1 0.925 0.4671875 0.0109375 0.01796875
1 0.346875 0.37421875 0.00859375 0.01640625
1 0.115625 0.34296875 0.00859375 0.01484375
1 0.32109375 0.46171875 0.0109375 0.0203125
1 0.48671875 0.6125 0.0125 0.0203125
1 0.99375 0.4625 0.0109375 0.01796875
1 0.46015625 0.615625 0.0125 0.0171875
3 0.81328125 0.84609375 0.04921875 0.05703125
1 0.584375 0.4203125 0.01015625 0.0171875
1 0.6828125 0.37421875 0.009375 0.01640625
1 0.328125 0.90078125 0.01171875 0.01640625
1 0.95546875 0.4359375 0.01171875 0.01875
1 0.50625 0.45546875 0.009375 0.01796875
1 0.45703125 0.3578125 0.00859375 0.015625
1 0.340625 0.353125 0.00859375 0.015625
1 0.07890625 0.9703125 0.01875 0.034375
1 0.3984375 0.3921875 0.01015625 0.015625
1 0.7125 0.50546875 0.01171875 0.01953125
1 0.321875 0.38671875 0.009375 0.0171875
1 0.92421875 0.39296875 0.01015625 0.015625
1 0.428125 0.31875 0.0078125 0.0140625
1 0.659375 0.41015625 0.01015625 0.01796875
1 0.67578125 0.50859375 0.01171875 0.0203125
1 0.134375 0.290625 0.0078125 0.01328125
1 0.76171875 0.88359375 0.00859375 0.015625
0 0.88125 0.2234375 0.0125 0.01953125
1 0.2890625 0.45 0.0109375 0.01875
1 0.203125 0.90625 0.01328125 0.0203125
1 0.01796875 0.37109375 0.01015625 0.01484375
1 0.0640625 0.39765625 0.01171875 0.0171875
1 0.15703125 0.40625 0.01015625 0.015625
1 0.74453125 0.52890625 0.01171875 0.01953125
1 0.65546875 0.35703125 0.00859375 0.015625
1 0.94609375 0.4609375 0.01171875 0.0171875
1 0.940625 0.4296875 0.01015625 0.015625
1 0.7234375 0.52109375 0.01015625 0.01796875
1 0.48203125 0.32421875 0.00859375 0.015625
1 0.625 0.3859375 0.01015625 0.0171875
1 0.43515625 0.42578125 0.0109375 0.01796875
0 0.6796875 0.7703125 0.01171875 0.02265625
1 0.93046875 0.4078125 0.01015625 0.01640625
1 0.53828125 0.29375 0.0078125 0.015625
1 0.8078125 0.3734375 0.009375 0.01640625
1 0.39140625 0.3265625 0.0078125 0.0140625
1 0.16953125 0.3015625 0.0078125 0.0140625
1 0.65078125 0.4234375 0.0109375 0.0171875
1 0.82421875 0.3375 0.009375 0.0140625
1 0.85625 0.37109375 0.009375 0.01328125
1 0.06640625 0.384375 0.009375 0.01328125
1 0.32890625 0.31875 0.00703125 0.01328125
1 0.9078125 0.4578125 0.01171875 0.01875
1 0.31640625 0.37265625 0.00859375 0.01484375
1 0.59609375 0.409375 0.01015625 0.01796875
1 0.53828125 0.45 0.0109375 0.01875
1 0.925 0.45 0.0109375 0.01796875
1 0.4296875 0.4015625 0.01015625 0.0171875
1 0.97578125 0.43828125 0.0109375 0.0171875
1 0.36953125 0.37421875 0.009375 0.01640625
1 0.3421875 0.29453125 0.0078125 0.0140625
1 0.184375 0.2609375 0.0078125 0.01171875
1 0.36015625 0.446875 0.0109375 0.01796875
1 0.5390625 0.3640625 0.009375 0.015625
1 0.303125 0.89921875 0.01015625 0.0171875
1 0.353125 0.3203125 0.00859375 0.01328125
0 0.875 0.1765625 0.01171875 0.02109375
1 0.678125 0.40859375 0.009375 0.0171875
0 0.678125 0.7046875 0.01015625 0.01875
1 0.02734375 0.3453125 0.01015625 0.0171875
1 0.82734375 0.371875 0.0078125 0.01328125
1 0.41640625 0.34296875 0.009375 0.0140625
1 0.6 0.3796875 0.01015625 0.01484375
1 0.42421875 0.36640625 0.00859375 0.01484375
1 0.37734375 0.35390625 0.009375 0.0140625
1 0.47734375 0.3921875 0.01015625 0.015625
1 0.678125 0.35390625 0.00859375 0.0140625
1 0.84140625 0.340625 0.00859375 0.01328125
1 0.10546875 0.8953125 0.009375 0.015625
1 0.9078125 0.375 0.009375 0.01640625
1 0.44296875 0.41015625 0.01015625 0.01875
1 0.9578125 0.41171875 0.01015625 0.01640625
1 0.7359375 0.55390625 0.01171875 0.01875
1 0.88984375 0.32265625 0.00859375 0.01484375
1 0.45390625 0.32265625 0.01015625 0.01640625
1 0.45390625 0.29140625 0.0078125 0.0125
1 0.65 0.26171875 0.00859375 0.01328125
1 0.334375 0.26171875 0.0078125 0.01328125
1 0.7765625 0.9453125 0.015625 0.02265625
1 0.2328125 0.8703125 0.0078125 0.01171875
1 0.6703125 0.31953125 0.00859375 0.0140625
0 0.6953125 0.74453125 0.0109375 0.02265625
1 0.37578125 0.40625 0.0109375 0.015625
1 0.384375 0.259375 0.0078125 0.0109375
1 0.1640625 0.28671875 0.009375 0.0140625
1 0.4484375 0.3921875 0.01015625 0.01640625
1 0.9359375 0.39375 0.01015625 0.0140625
1 0.15078125 0.39375 0.01015625 0.01484375
0 0.88515625 0.175 0.0109375 0.02265625
1 0.365625 0.30546875 0.009375 0.01328125
1 0.68515625 0.3953125 0.009375 0.01484375
0 0.8640625 0.1953125 0.01171875 0.02109375
1 0.415625 0.3765625 0.01015625 0.01328125
0 0.83828125 0.2375 0.01171875 0.01796875
1 0.10859375 0.28046875 0.009375 0.0140625
1 0.12109375 0.2765625 0.00859375 0.01328125
1 0.94765625 0.39375 0.01015625 0.01484375
1 0.19140625 0.88515625 0.0078125 0.0125
0 0.8375 0.171875 0.01171875 0.0203125
1 0.99375 0.50078125 0.0109375 0.0234375
1 0.103125 0.31015625 0.00859375 0.0140625
1 0.725 0.5453125 0.01171875 0.01953125
1 0.134375 0.878125 0.00859375 0.01328125
1 0.775 0.9796875 0.01875 0.034375
1 0.65859375 0.3328125 0.00859375 0.0140625
1 0.88828125 0.35859375 0.01015625 0.01875
1 0.46953125 0.2703125 0.0078125 0.0125
1 0.92734375 0.359375 0.009375 0.01484375
1 0.8421875 0.95390625 0.01875 0.02734375
1 0.01484375 0.61015625 0.0109375 0.01484375
1 0.5515625 0.3484375 0.009375 0.01484375
3 0.96796875 0.55859375 0.0640625 0.134375
1 0.096875 0.29140625 0.009375 0.0125
1 0.49765625 0.25859375 0.0078125 0.0125
1 0.1875 0.90234375 0.0109375 0.01796875
1 0.996875 0.4296875 0.00625 0.01328125
1 0.12578125 0.6078125 0.00859375 0.01640625
1 0.2921875 0.87421875 0.0078125 0.0125
1 0.90078125 0.321875 0.00859375 0.0140625
1 0.84140625 0.2796875 0.0078125 0.0125
1 0.59453125 0.25859375 0.0078125 0.01328125
1 0.07421875 0.64375 0.01484375 0.02265625
1 0.08046875 0.30703125 0.009375 0.01328125
1 0.78828125 0.88125 0.009375 0.0140625
1 0.9171875 0.3421875 0.01015625 0.01796875
1 0.45078125 0.3390625 0.009375 0.0140625
1 0.14140625 0.26875 0.00859375 0.0125
1 0.14609375 0.45859375 0.0078125 0.0109375
1 0.665625 0.340625 0.009375 0.01484375
1 0.09140625 0.3046875 0.01015625 0.01328125
1 0.91640625 0.315625 0.0078125 0.0125
0 0.6640625 0.72109375 0.009375 0.015625
1 0.35234375 0.3046875 0.00625 0.0125
1 0.5125 0.3484375 0.01015625 0.0140625
1 0.64921875 0.3078125 0.0078125 0.0140625
1 0.83984375 0.31640625 0.00703125 0.01328125
1 0.61171875 0.25859375 0.009375 0.0125
1 0.996875 0.409375 0.00625 0.01484375
1 0.4390625 0.378125 0.00859375 0.0140625
1 0.459375 0.26015625 0.00859375 0.01171875
1 0.809375 0.97421875 0.015625 0.02734375
1 0.95703125 0.39375 0.0109375 0.01484375
1 0.65625 0.31484375 0.009375 0.01328125
1 0.128125 0.26015625 0.0078125 0.01171875
1 0.4875 0.25859375 0.009375 0.01171875
1 0.76171875 0.95078125 0.015625 0.02890625
1 0.46015625 0.2796875 0.009375 0.0140625
1 0.046875 0.3375 0.01015625 0.0140625
1 0.46953125 0.8796875 0.00703125 0.0125
1 0.6203125 0.259375 0.00859375 0.01328125
1 0.7375 0.88125 0.00859375 0.015625
1 0.88203125 0.2875 0.01015625 0.015625
1 0.25703125 0.86953125 0.0078125 0.01171875
1 0.91640625 0.2984375 0.0078125 0.01171875
1 0.81796875 0.88046875 0.0078125 0.01328125
1 0.26953125 0.8765625 0.0078125 0.0125
0 0.82578125 0.26171875 0.0109375 0.01875
1 0.82578125 0.9875 0.021875 0.025
1 0.8921875 0.51640625 0.01015625 0.01875
1 0.85078125 0.32734375 0.00703125 0.0109375
1 0.4796875 0.89375 0.00625 0.0109375
1 0.8875 0.390625 0.0109375 0.01796875
1 0.1734375 0.8734375 0.009375 0.01015625
1 0.4546875 0.878125 0.00703125 0.0109375
1 0.09921875 0.27421875 0.00859375 0.01171875
1 0.15234375 0.2609375 0.0109375 0.0125
1 0.46875 0.8921875 0.00703125 0.01015625
1 0.8796875 0.51015625 0.009375 0.01640625
1 0.771875 0.8546875 0.00625 0.01015625
1 0.86796875 0.27890625 0.0078125 0.0125
1 0.88515625 0.97109375 0.00859375 0.01875
1 0.765625 0.92421875 0.01171875 0.01875
1 0.65859375 0.2984375 0.01015625 0.01171875
1 0.11484375 0.26171875 0.00703125 0.0125
1 0.8578125 0.90703125 0.0109375 0.01796875
1 0.81640625 0.91015625 0.009375 0.01953125
1 0.2109375 0.87109375 0.009375 0.0125
1 0.28203125 0.87578125 0.00859375 0.0125
1 0.86796875 0.95234375 0.015625 0.02734375
1 0.11640625 0.56796875 0.0078125 0.01328125
1 0.05546875 0.3265625 0.00859375 0.01328125
1 0.67578125 0.334375 0.00859375 0.01171875
1 0.15 0.87265625 0.00859375 0.0125
1 0.8953125 0.28046875 0.00859375 0.01328125
1 0.0671875 0.31640625 0.00859375 0.01328125
1 0.34375 0.86484375 0.0046875 0.01015625