4 0.88203125 0.4046875 0.084375 0.08984375
2 0.77109375 0.2203125 0.08515625 0.0578125
3 0.12578125 0.31875 0.05625 0.0625
3 0.17890625 0.3390625 0.0484375 0.0796875
3 0.2546875 0.83828125 0.0640625 0.05859375
1 0.66015625 0.49375 0.01171875 0.0203125
1 0.7203125 0.53359375 0.0125 0.02109375
3 0.07734375 0.46484375 0.0984375 0.11015625
1 0.396875 0.4421875 0.01015625 0.01796875
1 0.321875 0.41640625 0.009375 0.015625
1 0.384375 0.57265625 0.0140625 0.0234375
1 0.734375 0.48359375 0.01171875 0.01875
1 0.94296875 0.44921875 0.01171875 0.01953125
1 0.58046875 0.49921875 0.01171875 0.02109375
1 0.43125 0.4671875 0.01171875 0.01953125
1 0.89609375 0.91796875 0.01484375 0.025
1 0.3390625 0.48203125 0.01171875 0.0203125
1 0.296875 0.55859375 0.0125 0.02265625
1 0.7546875 0.53125 0.0125 0.01953125
1 0.65546875 0.459375 0.01015625 0.01875
1 0.9796875 0.38359375 0.0109375 0.01640625
0 0.19140625 0.2234375 0.009375 0.0171875
1 0.54765625 0.3828125 0.009375 0.01484375
1 0.76796875 0.5140625 0.0109375 0.015625
1 0.5984375 0.56796875 0.01328125 0.021875
0 0.9671875 0.2125 0.01640625 0.025
0 0.9453125 0.14609375 0.01640625 0.0234375
1 0.8234375 0.40078125 0.009375 0.015625
1 0.62265625 0.59453125 0.0125 0.01640625
1 0.7625 0.58203125 0.01328125 0.02265625
1 0.021875 0.46640625 0.00859375 0.015625
1 0.5375 0.37109375 0.00859375 0.0140625
1 0.57265625 0.43828125 0.0109375 0.0171875
0 0.7890625 0.184375 0.01171875 0.01953125
3 0.15703125 0.8375 0.04296875 0.0421875
1 0.73515625 0.89609375 0.0125 0.021875
1 0.16484375 0.8953125 0.01171875 0.0203125
1 0.853125 0.3546875 0.0078125 0.0140625
1 0.68359375 0.61875 0.0125 0.01796875
1 0.67265625 0.4171875 0.009375 0.015625
1 0.4390625 0.50234375 0.01171875 0.01796875
1 0.68515625 0.54609375 0.01171875 0.02265625
1 0.46953125 0.403125 0.009375 0.01484375
1 0.48359375 0.421875 0.01015625 0.015625
1 0.25703125 0.9078125 0.0140625 0.02421875
1 0.9453125 0.903125 0.01640625 0.02734375
1 0.48671875 0.3890625 0.009375 0.01484375
1 0.153125 0.9296875 0.015625 0.02890625
1 0.69453125 0.37109375 0.009375 0.01484375
1 0.8453125 0.97578125 0.021875 0.0390625
1 0.49921875 0.4234375 0.01015625 0.0171875
1 0.7 0.39765625 0.009375 0.01640625
2 0.24609375 0.225 0.096875 0.04765625
0 0.90859375 0.1328125 0.015625 0.0234375
1 0.834375 0.3828125 0.00859375 0.01484375
1 0.7015625 0.43984375 0.0109375 0.0171875
1 0.4875 0.3515625 0.009375 0.015625
1 0.43515625 0.5265625 0.01328125 0.02109375
1 0.7671875 0.53671875 0.0125 0.01953125
1 0.45 0.48828125 0.01171875 0.01953125
0 0.2859375 0.72578125 0.01015625 0.01640625
1 0.81953125 0.38671875 0.00859375 0.0140625
1 0.62109375 0.35078125 0.009375 0.01484375
1 0.9234375 0.3390625 0.01015625 0.01796875
4 0.71640625 0.8484375 0.103125 0.09140625
1 0.49453125 0.33515625 0.00859375 0.0140625
0 0.87109375 0.1265625 0.0140625 0.0203125
1 0.596875 0.42421875 0.009375 0.01484375
1 0.6453125 0.33203125 0.00703125 0.01328125
1 0.209375 0.8875 0.0109375 0.01953125
1 0.509375 0.396875 0.0109375 0.01796875
1 0.65625 0.3984375 0.01015625 0.0171875
1 0.43828125 0.55234375 0.0125 0.021875
1 0.625 0.41953125 0.01015625 0.0171875
1 0.6453125 0.37109375 0.00859375 0.0140625
1 0.4484375 0.40390625 0.009375 0.015625
1 0.33203125 0.39375 0.009375 0.0140625
1 0.915625 0.94140625 0.01640625 0.025
1 0.11953125 0.88046875 0.01015625 0.0171875
1 0.5625 0.5359375 0.01328125 0.0203125
1 0.45546875 0.34609375 0.0078125 0.01484375
1 0.46328125 0.371875 0.00859375 0.01484375
1 0.71796875 0.43515625 0.0109375 0.01796875
0 0.1796875 0.21875 0.00859375 0.01484375
1 0.56484375 0.42109375 0.00859375 0.015625
0 0.98984375 0.24765625 0.01484375 0.0234375
1 0.61328125 0.53125 0.0125 0.0203125
1 0.5296875 0.43203125 0.01015625 0.015625
1 0.60390625 0.38203125 0.01015625 0.0140625
1 0.5484375 0.48671875 0.009375 0.015625
1 0.6171875 0.41640625 0.00859375 0.015625
1 0.871875 0.31640625 0.0078125 0.01328125
1 0.60234375 0.43671875 0.00859375 0.01640625
1 0.62578125 0.56015625 0.01171875 0.01953125
1 0.4875 0.37578125 0.009375 0.0125
1 0.67578125 0.378125 0.009375 0.01484375
1 0.4421875 0.42421875 0.009375 0.0140625
1 0.46171875 0.38515625 0.009375 0.015625
1 0.38046875 0.37890625 0.0078125 0.0140625
1 0.44375 0.38671875 0.00859375 0.015625
1 0.30546875 0.4046875 0.01015625 0.01484375
0 0.1765625 0.16015625 0.009375 0.0171875
1 0.6734375 0.64140625 0.01328125 0.01796875
1 0.4609375 0.43203125 0.01015625 0.015625
1 0.73984375 0.94765625 0.01640625 0.03515625
1 0.62890625 0.3359375 0.00859375 0.0140625
1 0.571875 0.33125 0.00859375 0.01328125
1 0.359375 0.34140625 0.009375 0.01328125
0 0.84921875 0.14296875 0.0140625 0.021875
1 0.66171875 0.3328125 0.009375 0.01328125
1 0.78984375 0.8671875 0.009375 0.015625
1 0.32734375 0.340625 0.00859375 0.01328125
0 0.265625 0.79609375 0.00859375 0.01875
1 0.6671875 0.5984375 0.009375 0.01171875
1 0.61171875 0.3546875 0.01015625 0.0140625
0 0.79453125 0.134375 0.0125 0.0203125
1 0.80703125 0.8609375 0.0078125 0.01484375
1 0.35859375 0.31796875 0.0078125 0.0125
1 0.68359375 0.4046875 0.0109375 0.015625
0 0.8140625 0.15234375 0.0125 0.01875
1 0.4234375 0.34609375 0.00859375 0.0140625
1 0.42734375 0.41015625 0.01015625 0.01796875
1 0.54296875 0.44921875 0.009375 0.0171875
1 0.51328125 0.36953125 0.009375 0.0125
1 0.575 0.375 0.009375 0.01484375
1 0.30078125 0.42578125 0.009375 0.01796875
1 0.48671875 0.403125 0.009375 0.0140625
1 0.071875 0.396875 0.009375 0.01640625
1 0.365625 0.39453125 0.009375 0.01484375
1 0.415625 0.4078125 0.01015625 0.01796875
1 0.59375 0.30859375 0.00703125 0.01328125
1 0.61484375 0.33359375 0.0078125 0.01484375
1 0.565625 0.3421875 0.00859375 0.01328125
1 0.353125 0.37890625 0.0078125 0.01171875
1 0.56953125 0.39453125 0.01015625 0.01796875
1 0.6796875 0.3375 0.01015625 0.01484375
1 0.34609375 0.3546875 0.00859375 0.0125
1 0.60390625 0.33125 0.00703125 0.01484375
1 0.553125 0.4484375 0.0109375 0.015625
1 0.528125 0.346875 0.009375 0.01484375
1 0.38046875 0.34453125 0.0078125 0.01328125
1 0.97578125 0.3578125 0.01015625 0.01484375
0 0.196875 0.1546875 0.01015625 0.01875
1 0.6671875 0.30390625 0.00703125 0.01171875
1 0.5171875 0.31875 0.0078125 0.0125
1 0.65390625 0.37734375 0.00859375 0.0140625
1 0.1109375 0.98671875 0.021875 0.02578125
1 0.5421875 0.33046875 0.009375 0.01484375
0 0.17421875 0.22890625 0.01015625 0.01484375
1 0.70078125 0.42421875 0.0109375 0.01328125
1 0.38984375 0.38671875 0.01015625 0.01640625
1 0.909375 0.32578125 0.01015625 0.01484375
1 0.34375 0.37109375 0.00859375 0.0125
1 0.6140625 0.3875 0.009375 0.015625
1 0.84375 0.5984375 0.01015625 0.0109375
1 0.615625 0.5671875 0.01015625 0.0171875
1 0.88828125 0.31875 0.009375 0.0125
1 0.003125 0.43984375 0.00625 0.02109375
0 0.19765625 0.23984375 0.01015625 0.015625
1 0.53671875 0.42109375 0.009375 0.015625
1 0.57890625 0.40625 0.0078125 0.0140625
1 0.37109375 0.36953125 0.00859375 0.0125
0 0.28515625 0.70625 0.0140625 0.01953125
1 0.38984375 0.31640625 0.0078125 0.01328125
1 0.71015625 0.33671875 0.01015625 0.015625
1 0.2171875 0.8515625 0.00625 0.01171875
1 0.54140625 0.5 0.01015625 0.01953125
1 0.9 0.30234375 0.00859375 0.0125
1 0.53359375 0.46171875 0.00859375 0.01171875
1 0.70859375 0.421875 0.009375 0.0140625
1 0.55390625 0.33203125 0.01171875 0.01484375
1 0.4234375 0.36875 0.00859375 0.0140625
1 0.16328125 0.8703125 0.0109375 0.0140625
1 0.55625 0.4359375 0.01015625 0.01328125
1 0.5125 0.38203125 0.0109375 0.0140625
1 0.67578125 0.39296875 0.009375 0.0140625
1 0.34765625 0.31875 0.009375 0.01171875
1 0.55 0.52734375 0.0109375 0.01953125
0 0.8921875 0.125 0.0140625 0.02265625
1 0.61875 0.31640625 0.00859375 0.01484375
1 0.92265625 0.86796875 0.0078125 0.0125
1 0.89921875 0.878125 0.01015625 0.015625
1 0.5625 0.50546875 0.0109375 0.01484375
0 0.18203125 0.2828125 0.00859375 0.01484375
1 0.45234375 0.30390625 0.00703125 0.01171875
1 0.440625 0.30390625 0.00703125 0.0125
1 0.8234375 0.8453125 0.00859375 0.0109375
1 0.621875 0.5765625 0.01328125 0.01484375
1 0.66875 0.3375 0.00859375 0.01484375
1 0.6609375 0.628125 0.01328125 0.02109375
1 0.3578125 0.3671875 0.01015625 0.015625
1 0.91875 0.88125 0.009375 0.0140625
1 0.896875 0.85859375 0.0078125 0.01328125
1 0.146875 0.86953125 0.0078125 0.0140625
1 0.90859375 0.86953125 0.009375 0.01328125
1 0.4015625 0.30546875 0.0078125 0.0125
1 0.09375 0.33359375 0.00703125 0.01171875
1 0.88359375 0.84921875 0.00703125 0.01015625
1 0.32734375 0.38125 0.0078125 0.01171875
1 0.88046875 0.30625 0.009375 0.01328125
1 0.72578125 0.3359375 0.0109375 0.0171875
1 0.06171875 0.38046875 0.0109375 0.0140625
1 0.375 0.33359375 0.009375 0.01171875
1 0.571875 0.61484375 0.01015625 0.01484375
1 0.55625 0.30546875 0.009375 0.0125
1 0.665625 0.29453125 0.00625 0.0109375
1 0.571875 0.8171875 0.00859375 0.01328125
1 0.51484375 0.303125 0.0078125 0.0125
1 0.5640625 0.30546875 0.0078125 0.01171875
1 0.31875 0.396875 0.009375 0.0125
1 0.3109375 0.4203125 0.01015625 0.01640625
1 0.59921875 0.2953125 0.009375 0.0140625
1 0.08125 0.34921875 0.00859375 0.01640625
1 0.44140625 0.32421875 0.00546875 0.0109375
1 0.07890625 0.334375 0.0078125 0.0125
1 0.73203125 0.62109375 0.01484375 0.025
1 0.70078125 0.32890625 0.0109375 0.01328125
1 0.9546875 0.3234375 0.009375 0.0140625
1 0.1359375 0.8609375 0.0078125 0.0109375
1 0.43203125 0.35 0.00703125 0.0125