4 0.27421875 0.846875 0.10625 0.1
2 0.77890625 0.22890625 0.115625 0.0671875
3 0.76484375 0.84453125 0.0796875 0.059375
4 0.12890625 0.38828125 0.121875 0.14375
3 0.34453125 0.28515625 0.0796875 0.065625
4 0.65234375 0.34375 0.090625 0.0921875
4 0.15625 0.5609375 0.140625 0.1578125
3 0.2015625 0.83671875 0.1 0.084375
1 0.98046875 0.56953125 0.0390625 0.0265625
1 0.6140625 0.41171875 0.0328125 0.0203125
1 0.70859375 0.51484375 0.0359375 0.0234375
1 0.70625 0.4703125 0.034375 0.0203125
1 0.25703125 0.55625 0.0390625 0.0265625
1 0.8578125 0.4515625 0.0359375 0.021875
1 0.9609375 0.4484375 0.0359375 0.0203125
1 0.35546875 0.87890625 0.034375 0.0234375
1 0.69609375 0.50234375 0.0359375 0.0234375
2 0.2578125 0.21640625 0.11875 0.0546875
1 0.11796875 0.90234375 0.0390625 0.028125
1 0.928125 0.421875 0.034375 0.0203125
1 0.63125 0.3859375 0.0328125 0.01875
1 0.82109375 0.9046875 0.0359375 0.0234375
1 0.80625 0.9390625 0.040625 0.03125
1 0.025 0.43125 0.034375 0.021875
1 0.775 0.90390625 0.0359375 0.0234375
1 0.45 0.890625 0.0359375 0.025
1 0.50078125 0.5796875 0.0359375 0.0265625
1 0.46328125 0.40546875 0.034375 0.0203125
1 0.5859375 0.38671875 0.0328125 0.01875
1 0.628125 0.4453125 0.034375 0.0203125
1 0.84296875 0.41875 0.034375 0.0203125
1 0.56953125 0.44296875 0.034375 0.0203125
1 0.53046875 0.57578125 0.0375 0.021875
1 0.35625 0.403125 0.0328125 0.0203125
1 0.14609375 0.90234375 0.0375 0.025
0 0.1265625 0.21796875 0.034375 0.021875
1 0.484375 0.44375 0.034375 0.0203125
1 0.5 0.39765625 0.0328125 0.0203125
1 0.47109375 0.45078125 0.034375 0.021875
0 0.125 0.1765625 0.034375 0.021875
0 0.2234375 0.746875 0.034375 0.021875
0 0.1625 0.13203125 0.034375 0.0203125
1 0.98359375 0.43984375 0.0328125 0.0203125
1 0.53515625 0.4015625 0.0328125 0.0203125
1 0.546875 0.3796875 0.0328125 0.01875
1 0.66953125 0.4 0.0328125 0.0203125
1 0.15390625 0.88203125 0.0359375 0.0234375
1 0.79609375 0.96796875 0.04375 0.0390625
1 0.18828125 0.40546875 0.0328125 0.01875
1 0.1203125 0.85859375 0.0328125 0.0203125
1 0.615625 0.36953125 0.0328125 0.01875
1 0.35234375 0.44140625 0.034375 0.0203125
1 0.05078125 0.92734375 0.0421875 0.0375
1 0.8296875 0.95234375 0.040625 0.03125
1 0.65 0.88359375 0.034375 0.0203125
0 0.121875 0.14609375 0.034375 0.021875
1 0.690625 0.878125 0.0328125 0.0203125
1 0.02265625 0.97734375 0.0390625 0.015625
1 0.13984375 0.92890625 0.0421875 0.034375
1 0.234375 0.56875 0.0359375 0.0234375
1 0.0703125 0.38203125 0.0328125 0.01875
1 0.9203125 0.559375 0.0359375 0.0203125
1 0.2078125 0.63125 0.0359375 0.025
1 0.47265625 0.39296875 0.0328125 0.01875
1 0.09921875 0.85234375 0.0328125 0.01875
1 0.65234375 0.8640625 0.0328125 0.0171875
1 0.45 0.39140625 0.0328125 0.0171875
1 0.6375 0.6 0.0359375 0.01875
1 0.3828125 0.33515625 0.0328125 0.0171875
1 0.38828125 0.6421875 0.03125 0.015625
1 0.6953125 0.40078125 0.0328125 0.01875
1 0.15390625 0.45703125 0.034375 0.0203125
1 0.58671875 0.3578125 0.034375 0.0203125
1 0.40546875 0.4 0.03125 0.0171875
0 0.1671875 0.1484375 0.0359375 0.0203125
1 0.6546875 0.3875 0.034375 0.0171875
1 0.3453125 0.3453125 0.0328125 0.0171875
1 0.57421875 0.41953125 0.034375 0.0203125
1 0.45625 0.3796875 0.0328125 0.015625
1 0.83984375 0.653125 0.0359375 0.021875
1 0.553125 0.3375 0.03125 0.0171875
1 0.421875 0.3671875 0.03125 0.015625
1 0.51796875 0.59609375 0.0359375 0.01875
1 0.890625 0.63828125 0.0390625 0.028125
1 0.39765625 0.3890625 0.03125 0.01875
1 0.72109375 0.44375 0.0359375 0.021875
1 0.51484375 0.89609375 0.0375 0.0265625
1 0.70078125 0.3828125 0.0328125 0.0203125
1 0.4671875 0.3578125 0.0328125 0.01875
1 0.68046875 0.859375 0.0328125 0.0171875
0 0.13828125 0.13359375 0.0359375 0.0203125
0 0.16953125 0.203125 0.034375 0.0234375
1 0.19609375 0.328125 0.03125 0.01875
1 0.70546875 0.43984375 0.034375 0.01875
1 0.11328125 0.95 0.04375 0.0375
1 0.5375 0.90703125 0.0328125 0.0125
1 0.1828125 0.37265625 0.03125 0.0171875
1 0.55 0.32421875 0.03125 0.015625
1 0.73203125 0.8625 0.0328125 0.01875
1 0.41328125 0.315625 0.03125 0.015625
1 0.7046875 0.8609375 0.03125 0.015625
1 0.4640625 0.3140625 0.03125 0.0171875
1 0.05234375 0.9765625 0.040625 0.01875
1 0.38984375 0.31484375 0.0328125 0.01875
1 0.4828125 0.38828125 0.0328125 0.01875
1 0.52265625 0.85 0.03125 0.015625
1 0.45703125 0.3328125 0.03125 0.0171875
1 0.946875 0.359375 0.0328125 0.0171875
1 0.721875 0.86171875 0.0328125 0.015625
1 0.5578125 0.85078125 0.0328125 0.015625
1 0.3078125 0.32734375 0.0328125 0.01875
1 0.85390625 0.31875 0.034375 0.0171875
1 0.06875 0.36640625 0.0328125 0.0171875
1 0.7765625 0.88671875 0.034375 0.0140625
1 0.89140625 0.95546875 0.0390625 0.028125
1 0.0703125 0.86953125 0.034375 0.021875
1 0.221875 0.609375 0.0375 0.0234375
1 0.3421875 0.334375 0.0296875 0.015625
1 0.9609375 0.36484375 0.0328125 0.0171875
0 0.128125 0.3140625 0.034375 0.021875
1 0.18046875 0.39375 0.03125 0.0171875
1 0.54453125 0.84140625 0.0296875 0.0140625
0 0.22890625 0.715625 0.034375 0.025
0 0.1296875 0.2828125 0.0328125 0.01875
1 0.5359375 0.5640625 0.034375 0.01875
1 0.82265625 0.85703125 0.0328125 0.0140625
1 0.52734375 0.3765625 0.034375 0.01875
1 0.98828125 0.42109375 0.0234375 0.0203125
1 0.90234375 0.33359375 0.0328125 0.0171875
1 0.43671875 0.33046875 0.028125 0.015625
1 0.90546875 0.93359375 0.0375 0.0234375
1 0.66796875 0.3875 0.0328125 0.0140625
1 0.525 0.8390625 0.0296875 0.0140625
1 0.97109375 0.4 0.0328125 0.0203125
1 0.69453125 0.8609375 0.03125 0.015625
1 0.73125 0.8484375 0.03125 0.0125
1 0.22890625 0.64140625 0.0359375 0.015625
1 0.5640625 0.42890625 0.034375 0.01875
1 0.4171875 0.29140625 0.0328125 0.015625
1 0.5578125 0.8359375 0.03125 0.0140625
1 0.07578125 0.33515625 0.03125 0.0171875
1 0.50625 0.29453125 0.034375 0.015625
1 0.71015625 0.42734375 0.0328125 0.015625
1 0.3921875 0.29453125 0.03125 0.015625
1 0.4359375 0.84765625 0.0328125 0.015625
1 0.8640625 0.31953125 0.0328125 0.0171875
1 0.85390625 0.90078125 0.0328125 0.0234375
1 0.8765625 0.90546875 0.0390625 0.025
1 0.925 0.33359375 0.0359375 0.01875
1 0.44921875 0.29375 0.0296875 0.015625
1 0.89296875 0.3328125 0.034375 0.0171875
1 0.29140625 0.32421875 0.03125 0.0171875
1 0.53515625 0.8234375 0.0296875 0.0125
1 0.95390625 0.9765625 0.0359375 0.028125
1 0.20859375 0.38125 0.0296875 0.015625