4 0.3875 0.42265625 0.0984375 0.1140625
4 0.59140625 0.27890625 0.075 0.0796875
3 0.68828125 0.4265625 0.1046875 0.125
2 0.7546875 0.20546875 0.0953125 0.0640625
4 0.46796875 0.83046875 0.05 0.0546875
1 0.46875 0.49609375 0.01875 0.0203125
1 0.1515625 0.4609375 0.0171875 0.0171875
1 0.9546875 0.40703125 0.01875 0.0171875
1 0.6 0.89296875 0.0203125 0.021875
0 0.915625 0.4078125 0.021875 0.0234375
2 0.23515625 0.2390625 0.1015625 0.0515625
1 0.85234375 0.4203125 0.01875 0.01875
1 0.49609375 0.44453125 0.0171875 0.01875
1 0.3109375 0.59296875 0.0203125 0.01875
1 0.81015625 0.87734375 0.0203125 0.021875
1 0.8375 0.421875 0.01875 0.01875
1 0.74921875 0.5515625 0.0203125 0.0234375
1 0.3390625 0.88671875 0.0171875 0.0171875
0 0.85 0.09453125 0.021875 0.021875
1 0.0203125 0.47265625 0.0171875 0.01875
1 0.27421875 0.48828125 0.01875 0.0203125
1 0.74921875 0.83203125 0.0140625 0.0125
1 0.459375 0.35625 0.0140625 0.015625
1 0.44296875 0.55078125 0.0203125 0.0234375
1 0.815625 0.35546875 0.0171875 0.0171875
1 0.7546875 0.4578125 0.01875 0.01875
1 0.740625 0.48828125 0.01875 0.015625
1 0.14765625 0.4 0.015625 0.015625
1 0.0765625 0.40078125 0.015625 0.0140625
1 0.0671875 0.4171875 0.0171875 0.015625
1 0.6046875 0.36796875 0.0171875 0.0171875
1 0.1640625 0.9453125 0.0234375 0.0296875
1 0.47265625 0.3078125 0.0140625 0.0140625
1 0.73984375 0.50546875 0.0203125 0.01875
1 0.1875 0.9125 0.0203125 0.0234375
0 0.80390625 0.11328125 0.0203125 0.0203125
0 0.85390625 0.1515625 0.021875 0.021875
1 0.328125 0.41328125 0.0171875 0.0171875
1 0.88984375 0.9265625 0.0265625 0.0328125
0 0.815625 0.14453125 0.0203125 0.021875
1 0.76015625 0.50078125 0.01875 0.0171875
0 0.853125 0.2171875 0.0234375 0.025
0 0.871875 0.15078125 0.021875 0.021875
1 0.725 0.49296875 0.01875 0.0203125
1 0.53515625 0.5671875 0.015625 0.0203125
1 0.3265625 0.865625 0.0140625 0.015625
1 0.0859375 0.9203125 0.0203125 0.0234375
1 0.496875 0.30703125 0.0140625 0.0140625
0 0.81953125 0.125 0.0203125 0.01875
1 0.48125 0.58125 0.0203125 0.0234375
1 0.7640625 0.84375 0.015625 0.015625
0 0.87578125 0.24375 0.0234375 0.028125
0 0.79140625 0.0953125 0.0203125 0.021875
0 0.87734375 0.321875 0.0203125 0.021875
0 0.8859375 0.2171875 0.0234375 0.028125
1 0.05703125 0.41875 0.0171875 0.015625
1 0.6703125 0.6203125 0.0203125 0.0203125
1 0.83671875 0.625 0.01875 0.021875
1 0.096875 0.98203125 0.028125 0.0359375
1 0.45859375 0.63828125 0.0203125 0.0234375
1 0.3453125 0.86875 0.015625 0.015625
0 0.88515625 0.2703125 0.0234375 0.025
1 0.1765625 0.3546875 0.0140625 0.0140625
1 0.0140625 0.45625 0.0171875 0.0140625
1 0.49296875 0.646875 0.0171875 0.0140625
1 0.63671875 0.4203125 0.0171875 0.01875
1 0.8359375 0.94296875 0.028125 0.0375
1 0.5046875 0.35234375 0.015625 0.015625
1 0.68203125 0.86875 0.01875 0.0171875
1 0.17734375 0.65546875 0.021875 0.025
1 0.12421875 0.328125 0.0140625 0.0140625
1 0.7625 0.92265625 0.0234375 0.0328125
1 0.76640625 0.53671875 0.0203125 0.0203125
1 0.63359375 0.378125 0.015625 0.015625
1 0.43203125 0.64921875 0.015625 0.0140625
1 0.23203125 0.8796875 0.015625 0.0171875
0 0.840625 0.13515625 0.01875 0.01875
1 0.7328125 0.45390625 0.0171875 0.015625
1 0.12109375 0.37578125 0.0140625 0.0140625
1 0.7078125 0.60703125 0.0203125 0.0171875
1 0.31171875 0.3359375 0.015625 0.0140625
1 0.25390625 0.8578125 0.0125 0.0109375
1 0.02421875 0.446875 0.015625 0.015625
1 0.61484375 0.3640625 0.015625 0.0140625
1 0.13046875 0.88515625 0.015625 0.015625
1 0.8515625 0.91796875 0.025 0.0296875
1 0.615625 0.3796875 0.0171875 0.0171875
1 0.640625 0.31328125 0.0171875 0.0140625
1 0.65078125 0.346875 0.015625 0.0140625
1 0.1515625 0.98125 0.028125 0.0375
1 0.38046875 0.33203125 0.015625 0.015625
1 0.63359375 0.34921875 0.0140625 0.0125
1 0.759375 0.51953125 0.0171875 0.015625
1 0.85703125 0.28359375 0.015625 0.0140625
1 0.7046875 0.84921875 0.0140625 0.0140625
1 0.71953125 0.63125 0.01875 0.01875
1 0.9296875 0.91953125 0.021875 0.0265625
0 0.8328125 0.10625 0.021875 0.021875
1 0.7390625 0.471875 0.0171875 0.015625
1 0.14921875 0.9046875 0.0203125 0.021875
1 0.06328125 0.37265625 0.015625 0.0140625
1 0.53125 0.29765625 0.0140625 0.0125
1 0.64609375 0.37265625 0.015625 0.015625
1 0.6703125 0.8671875 0.01875 0.0171875
1 0.1125 0.38046875 0.015625 0.0140625
1 0.8703125 0.91015625 0.021875 0.0265625
1 0.984375 0.3859375 0.0203125 0.01875
3 0.91484375 0.29765625 0.0703125 0.0734375
1 0.64375 0.29765625 0.0125 0.0109375
1 0.11328125 0.34609375 0.015625 0.0171875
1 0.94765625 0.325 0.0171875 0.015625
1 0.834375 0.82890625 0.0125 0.0109375
1 0.0765625 0.37421875 0.0140625 0.0125
1 0.4421875 0.33203125 0.015625 0.0125
1 0.546875 0.290625 0.0140625 0.0125
1 0.65 0.28828125 0.015625 0.0125
1 0.51015625 0.6296875 0.0125 0.015625
1 0.51796875 0.303125 0.015625 0.0125
1 0.425 0.625 0.0203125 0.0203125
1 0.34375 0.42421875 0.015625 0.0140625
1 0.1796875 0.32265625 0.0140625 0.0125
1 0.96015625 0.359375 0.015625 0.0171875
1 0.465625 0.85703125 0.0140625 0.009375
1 0.65234375 0.33359375 0.015625 0.0125
1 0.68984375 0.85 0.015625 0.015625
1 0.1125 0.32734375 0.015625 0.0125
1 0.63671875 0.36484375 0.015625 0.0140625
0 0.90859375 0.31953125 0.021875 0.0234375
1 0.94296875 0.896875 0.021875 0.021875
1 0.7421875 0.43828125 0.015625 0.0171875
1 0.659375 0.36640625 0.015625 0.015625
1 0.20078125 0.86484375 0.0140625 0.0125
1 0.6796875 0.85 0.015625 0.0140625
0 0.89140625 0.32109375 0.021875 0.021875
1 0.54296875 0.64453125 0.0140625 0.0109375
1 0.153125 0.8890625 0.0140625 0.0125
4 0.95625 0.55 0.0875 0.1375
1 0.22265625 0.8546875 0.0125 0.0109375
1 0.75390625 0.478125 0.0171875 0.0140625
1 0.63515625 0.28984375 0.0140625 0.0140625
1 0.44140625 0.31953125 0.015625 0.0109375
1 0.9921875 0.934375 0.015625 0.025
1 0.09453125 0.3546875 0.015625 0.0125
1 0.6875 0.36484375 0.015625 0.015625
1 0.05859375 0.40390625 0.015625 0.0125
1 0.5578125 0.8484375 0.015625 0.0125
1 0.65859375 0.63203125 0.01875 0.0125
1 0.65859375 0.34609375 0.015625 0.0140625
1 0.91015625 0.87109375 0.021875 0.0203125
1 0.559375 0.9921875 0.01875 0.009375