1 0.71875 0.46640625 0.0171875 0.0203125
1 0.37265625 0.4125 0.015625 0.0171875
1 0.36640625 0.4859375 0.0171875 0.021875
1 0.83203125 0.46171875 0.01875 0.01875
1 0.496875 0.43828125 0.0171875 0.0140625
2 0.7828125 0.234375 0.096875 0.0609375
1 0.2015625 0.32734375 0.0125 0.0109375
2 0.26796875 0.21484375 0.0921875 0.046875
1 0.309375 0.41015625 0.0171875 0.0171875
1 0.35859375 0.89765625 0.01875 0.0125
1 0.10703125 0.4 0.015625 0.0140625
1 0.5109375 0.38125 0.015625 0.015625
1 0.45 0.57734375 0.021875 0.0265625
1 0.8890625 0.41484375 0.0171875 0.015625
1 0.334375 0.49609375 0.01875 0.01875
3 0.1078125 0.3609375 0.09375 0.0796875
1 0.8484375 0.3828125 0.0140625 0.0140625
1 0.71796875 0.51796875 0.01875 0.0234375
1 0.83984375 0.31796875 0.0140625 0.0140625
1 0.62109375 0.4390625 0.0171875 0.015625
1 0.5484375 0.40390625 0.0171875 0.0140625
1 0.4515625 0.38125 0.0140625 0.0125
1 0.453125 0.3515625 0.0140625 0.0125
1 0.6515625 0.37890625 0.0171875 0.0125
1 0.17421875 0.37890625 0.0171875 0.015625
1 0.38515625 0.3703125 0.0140625 0.0140625
1 0.0359375 0.41796875 0.01875 0.0171875
1 0.31953125 0.5640625 0.0203125 0.021875
1 0.471875 0.38671875 0.015625 0.0140625
1 0.240625 0.55625 0.0203125 0.0234375
1 0.06875 0.5328125 0.0203125 0.0234375
1 0.65546875 0.39453125 0.0171875 0.0140625
1 0.16796875 0.4375 0.0171875 0.0171875
1 0.6234375 0.5390625 0.01875 0.0234375
3 0.17890625 0.82421875 0.059375 0.065625
1 0.625 0.42578125 0.0140625 0.0140625
1 0.35078125 0.44609375 0.0171875 0.01875
1 0.6546875 0.35234375 0.0140625 0.0140625
1 0.58515625 0.34140625 0.0140625 0.0140625
1 0.4296875 0.89921875 0.0203125 0.0171875
1 0.496875 0.45546875 0.0171875 0.015625
1 0.23671875 0.85390625 0.0140625 0.0171875
1 0.47578125 0.428125 0.0171875 0.0171875
1 0.43359375 0.4140625 0.015625 0.0140625
1 0.6859375 0.62578125 0.01875 0.015625
1 0.790625 0.5953125 0.01875 0.025
1 0.53671875 0.38984375 0.01875 0.0171875
1 0.5078125 0.446875 0.0171875 0.0171875
1 0.928125 0.35 0.0171875 0.0140625
1 0.4890625 0.353125 0.0171875 0.015625
1 0.5453125 0.425 0.0171875 0.015625
1 0.85 0.903125 0.0125 0.0109375
1 0.54765625 0.440625 0.0171875 0.0140625
1 0.19609375 0.325 0.015625 0.0140625
1 0.90859375 0.40234375 0.015625 0.0171875
1 0.6140625 0.3625 0.0171875 0.0125
1 0.3171875 0.45078125 0.0171875 0.01875
1 0.36796875 0.37109375 0.0109375 0.0125
1 0.3859375 0.35 0.0140625 0.0140625
1 0.46796875 0.33984375 0.0140625 0.015625
1 0.35546875 0.8671875 0.01875 0.01875
1 0.46328125 0.4 0.0140625 0.015625
1 0.75 0.88515625 0.0140625 0.015625
1 0.59921875 0.50703125 0.0171875 0.0203125
3 0.09921875 0.88203125 0.153125 0.1859375
4 0.80078125 0.8890625 0.1390625 0.13125
4 0.63046875 0.86796875 0.1078125 0.1125
4 0.91953125 0.4828125 0.1078125 0.1171875
4 0.9265625 0.6046875 0.146875 0.15