3 0.60859375 0.31015625 0.0703125 0.078125
2 0.76015625 0.21015625 0.0953125 0.0625
4 0.33984375 0.86875 0.09375 0.103125
4 0.4796875 0.2859375 0.0578125 0.075
3 0.7484375 0.82421875 0.0640625 0.071875
1 0.740625 0.4734375 0.0125 0.01875
1 0.95234375 0.45078125 0.0140625 0.0203125
1 0.83984375 0.43359375 0.0125 0.015625
4 0.0640625 0.48125 0.075 0.103125
1 0.88984375 0.3421875 0.0109375 0.015625
1 0.875 0.4078125 0.0125 0.0171875
1 0.50546875 0.41796875 0.0109375 0.015625
1 0.30703125 0.4515625 0.0125 0.0171875
1 0.7875 0.425 0.0125 0.01875
1 0.45078125 0.43359375 0.0109375 0.0171875
1 0.5421875 0.36953125 0.0109375 0.015625
0 0.49921875 0.17890625 0.0109375 0.015625
1 0.05703125 0.57890625 0.015625 0.021875
1 0.740625 0.446875 0.0125 0.01875
1 0.03984375 0.4359375 0.0109375 0.015625
1 0.5140625 0.44453125 0.0109375 0.01875
1 0.27734375 0.459375 0.0125 0.0171875
1 0.07734375 0.5515625 0.0140625 0.0203125
1 0.17578125 0.65625 0.015625 0.015625
2 0.23671875 0.23671875 0.09375 0.0484375
1 0.8921875 0.8859375 0.0140625 0.021875
1 0.453125 0.48828125 0.0125 0.0203125
1 0.72265625 0.890625 0.015625 0.0203125
1 0.09453125 0.51875 0.0109375 0.01875
1 0.5421875 0.42578125 0.0125 0.0171875
1 0.5859375 0.88515625 0.0140625 0.025
3 0.14765625 0.478125 0.103125 0.1171875
1 0.71328125 0.878125 0.0125 0.01875
1 0.73515625 0.86875 0.0125 0.0203125
1 0.55546875 0.4453125 0.0125 0.01875
1 0.7578125 0.5 0.0140625 0.0203125
1 0.05703125 0.55234375 0.0140625 0.021875
1 0.4375 0.903125 0.015625 0.0171875
1 0.48359375 0.44140625 0.0125 0.0203125
1 0.40234375 0.53359375 0.0140625 0.021875
1 0.546875 0.459375 0.0140625 0.01875
0 0.4859375 0.22421875 0.0109375 0.015625
1 0.778125 0.49609375 0.0140625 0.021875
1 0.65859375 0.86796875 0.0140625 0.025
1 0.6125 0.846875 0.0109375 0.0171875
3 0.4171875 0.8625 0.09375 0.1
1 0.4796875 0.32890625 0.009375 0.0125
1 0.78203125 0.84453125 0.009375 0.015625
1 0.459375 0.45625 0.0125 0.01875
1 0.93125 0.3359375 0.0109375 0.015625
1 0.871875 0.90859375 0.01875 0.0265625
1 0.41328125 0.5578125 0.0140625 0.0234375
1 0.47734375 0.50390625 0.0125 0.021875
1 0.95 0.3390625 0.009375 0.0140625
1 0.33828125 0.415625 0.0109375 0.0171875
1 0.78515625 0.60546875 0.015625 0.015625
1 0.4609375 0.646875 0.015625 0.0140625
1 0.4296875 0.5109375 0.009375 0.015625
1 0.2390625 0.58515625 0.0171875 0.0234375
1 0.40546875 0.4125 0.009375 0.015625
1 0.6640625 0.39375 0.0109375 0.0171875
1 0.33828125 0.309375 0.009375 0.0125
1 0.75625 0.5859375 0.0140625 0.0140625
1 0.5453125 0.884375 0.0140625 0.0234375
1 0.61328125 0.53515625 0.0140625 0.01875
1 0.7265625 0.459375 0.0125 0.0171875
1 0.84921875 0.3203125 0.0109375 0.0140625
1 0.896875 0.42890625 0.0125 0.0171875
0 0.921875 0.2421875 0.0109375 0.0140625
1 0.34609375 0.3375 0.009375 0.0140625
1 0.8890625 0.32265625 0.0109375 0.0125
1 0.2890625 0.46953125 0.0125 0.01875
1 0.496875 0.34296875 0.009375 0.0140625
0 0.95859375 0.215625 0.0125 0.015625
1 0.315625 0.4359375 0.0109375 0.0140625
1 0.97109375 0.36640625 0.0125 0.015625
0 0.81875 0.7171875 0.0109375 0.0140625
1 0.2640625 0.51484375 0.0125 0.0203125
1 0.84453125 0.87109375 0.0140625 0.0203125
1 0.63125 0.378125 0.0125 0.015625
1 0.87890625 0.30390625 0.0109375 0.0140625
4 0.34609375 0.53359375 0.0859375 0.140625
1 0.58046875 0.35390625 0.0109375 0.015625
1 0.90703125 0.86171875 0.0109375 0.015625
1 0.85703125 0.85234375 0.0109375 0.015625
1 0.73046875 0.571875 0.0140625 0.015625
1 0.3765625 0.30703125 0.009375 0.0125
1 0.32578125 0.4078125 0.0125 0.0171875
1 0.15703125 0.9328125 0.015625 0.0234375
1 0.60234375 0.36796875 0.009375 0.015625
1 0.5265625 0.321875 0.009375 0.0125
1 0.59375 0.36875 0.0109375 0.0140625
1 0.390625 0.52421875 0.0125 0.0203125
1 0.68046875 0.35625 0.009375 0.015625
1 0.98046875 0.340625 0.0125 0.015625
1 0.9484375 0.38984375 0.0140625 0.0203125
1 0.275 0.4796875 0.0125 0.0203125
1 0.85625 0.8890625 0.015625 0.021875
1 0.315625 0.41171875 0.0109375 0.015625
0 0.92109375 0.2265625 0.0109375 0.0125
1 0.33359375 0.3609375 0.0109375 0.0140625
1 0.18359375 0.325 0.0078125 0.0125
1 0.78359375 0.62421875 0.015625 0.021875
1 0.15859375 0.65390625 0.015625 0.0203125
1 0.95546875 0.8859375 0.0171875 0.0265625
1 0.15625 0.8921875 0.0125 0.01875
1 0.35546875 0.37890625 0.0125 0.015625
1 0.8109375 0.6125 0.0171875 0.0234375
1 0.5125 0.30859375 0.009375 0.0140625
1 0.6671875 0.3375 0.0125 0.01875
1 0.39765625 0.30390625 0.009375 0.0125
1 0.8234375 0.83359375 0.009375 0.0109375
1 0.47421875 0.9046875 0.0109375 0.0125
1 0.671875 0.37421875 0.0109375 0.015625
1 0.8953125 0.86171875 0.0125 0.0171875
1 0.3359375 0.3484375 0.009375 0.0125
1 0.9328125 0.8890625 0.0171875 0.025
1 0.55 0.31796875 0.009375 0.0125
1 0.53984375 0.33125 0.0140625 0.0171875
1 0.91640625 0.321875 0.0125 0.0140625
1 0.72734375 0.5859375 0.0171875 0.0171875
0 0.5078125 0.159375 0.0109375 0.0140625
1 0.7671875 0.48671875 0.0109375 0.0140625
1 0.58125 0.828125 0.0078125 0.0109375
1 0.9453125 0.90859375 0.015625 0.0203125
1 0.7921875 0.49296875 0.0109375 0.0140625
1 0.30703125 0.42734375 0.0125 0.0125
1 0.93046875 0.31484375 0.0125 0.0140625
1 0.55546875 0.3375 0.0109375 0.0140625
1 0.02578125 0.63515625 0.0140625 0.0171875
1 0.1953125 0.65625 0.0109375 0.0140625
1 0.56484375 0.84765625 0.0109375 0.0109375
0 0.4421875 0.159375 0.0109375 0.015625
1 0.3 0.4375 0.009375 0.0125
1 0.82890625 0.29140625 0.0125 0.0125
1 0.85078125 0.821875 0.009375 0.0109375
0 0.84296875 0.1984375 0.0109375 0.0171875
1 0.534375 0.315625 0.009375 0.0109375
1 0.1359375 0.32109375 0.009375 0.0140625
1 0.96640625 0.92890625 0.015625 0.01875
1 0.171875 0.85234375 0.009375 0.0109375
1 0.3984375 0.9015625 0.0125 0.01875
1 0.8625 0.303125 0.009375 0.0125
1 0.82265625 0.8046875 0.009375 0.0109375
1 0.59296875 0.34296875 0.0109375 0.0125
1 0.04765625 0.9890625 0.021875 0.021875
1 0.1640625 0.9953125 0.0140625 0.009375
1 0.52890625 0.83125 0.0078125 0.0125
1 0.8203125 0.27578125 0.0078125 0.0125
1 0.66953125 0.3609375 0.0125 0.0125
1 0.8796875 0.63125 0.015625 0.0171875
0 0.90078125 0.24375 0.009375 0.0125
1 0.59609375 0.353125 0.0109375 0.0109375
1 0.54765625 0.85078125 0.0109375 0.0109375
1 0.6890625 0.82421875 0.0078125 0.0109375
1 0.090625 0.9765625 0.01875 0.028125
1 0.57265625 0.3296875 0.009375 0.015625
1 0.96875 0.971875 0.0203125 0.0234375
1 0.796875 0.81953125 0.0109375 0.0125
1 0.9703125 0.3359375 0.0125 0.0140625
1 0.3078125 0.475 0.0140625 0.015625
1 0.89140625 0.30625 0.0125 0.0140625
1 0.0671875 0.37109375 0.0109375 0.015625
1 0.32578125 0.353125 0.009375 0.0125
1 0.8515625 0.8078125 0.009375 0.0125
1 0.103125 0.34609375 0.0109375 0.0125
1 0.13984375 0.940625 0.01875 0.0234375
1 0.21953125 0.9921875 0.025 0.015625
1 0.9515625 0.9296875 0.0109375 0.01875
0 0.921875 0.765625 0.009375 0.0140625
1 0.84375 0.30234375 0.009375 0.0140625
1 0.571875 0.81171875 0.00625 0.009375
1 0.87890625 0.8828125 0.0125 0.01875
1 0.91796875 0.3078125 0.0125 0.015625
0 0.48046875 0.25390625 0.0125 0.0140625
1 0.559375 0.3015625 0.0125 0.0171875
1 0.0015625 0.4515625 0.003125 0.0125
1 0.5546875 0.81484375 0.00625 0.0078125
1 0.41484375 0.9078125 0.0140625 0.0109375
0 0.9 0.25859375 0.009375 0.0125
1 0.9296875 0.953125 0.009375 0.0140625
0 0.56875 0.7125 0.0078125 0.0125
1 0.5265625 0.2984375 0.009375 0.0125
1 0.01171875 0.45078125 0.009375 0.0109375
1 0.9984375 0.628125 0.003125 0.021875
1 0.9390625 0.73203125 0.009375 0.0140625
1 0.39296875 0.26796875 0.0109375 0.0125
1 0.8859375 0.27109375 0.0109375 0.0140625
1 0.09296875 0.90234375 0.0125 0.0203125
1 0.07265625 0.9796875 0.0203125 0.0296875
1 0.8921875 0.8328125 0.0109375 0.0140625