4 0.03359375 0.453125 0.0671875 0.1125
4 0.14453125 0.459375 0.1109375 0.115625
2 0.7328125 0.1921875 0.1109375 0.065625
2 0.21953125 0.23359375 0.1078125 0.0765625
4 0.06640625 0.3671875 0.090625 0.096875
3 0.8984375 0.28828125 0.0921875 0.0890625
1 0.35078125 0.50234375 0.028125 0.0234375
3 0.13828125 0.3609375 0.1015625 0.1
4 0.34375 0.8796875 0.090625 0.1
1 0.38515625 0.5109375 0.028125 0.025
1 0.64921875 0.5078125 0.028125 0.0265625
1 0.0484375 0.56796875 0.0296875 0.028125
1 0.83359375 0.36953125 0.0265625 0.021875
1 0.6046875 0.34921875 0.0265625 0.021875
1 0.3796875 0.33671875 0.025 0.0203125
1 0.5421875 0.4296875 0.0265625 0.0234375
1 0.71640625 0.49765625 0.028125 0.0265625
1 0.67265625 0.52109375 0.028125 0.0265625
1 0.49765625 0.43984375 0.0265625 0.021875
1 0.93125 0.46953125 0.028125 0.025
1 0.33046875 0.38984375 0.0265625 0.0203125
1 0.2890625 0.5171875 0.028125 0.0234375
0 0.12421875 0.05234375 0.0296875 0.025
0 0.1421875 0.1046875 0.028125 0.021875
1 0.55859375 0.5546875 0.0296875 0.028125
1 0.32421875 0.56484375 0.028125 0.0265625
1 0.4359375 0.46015625 0.0265625 0.0234375
1 0.6828125 0.36875 0.0265625 0.021875
1 0.33125 0.51015625 0.028125 0.025
1 0.60390625 0.4515625 0.028125 0.025
1 0.4421875 0.5046875 0.028125 0.0265625
1 0.403125 0.46484375 0.028125 0.025
0 0.04609375 0.234375 0.028125 0.025
1 0.87734375 0.3703125 0.0265625 0.021875
1 0.4 0.4390625 0.0265625 0.021875
1 0.61640625 0.40859375 0.0265625 0.021875
1 0.61953125 0.37734375 0.0265625 0.021875
0 0.0328125 0.196875 0.0296875 0.028125
1 0.7984375 0.87265625 0.0265625 0.021875
1 0.76171875 0.884375 0.028125 0.0234375
1 0.925 0.36796875 0.0265625 0.021875
1 0.25703125 0.475 0.0265625 0.021875
1 0.290625 0.45078125 0.0265625 0.0234375
1 0.4859375 0.39140625 0.0265625 0.0203125
3 0.8890625 0.8328125 0.0734375 0.0765625
1 0.08984375 0.60390625 0.0296875 0.0265625
1 0.29140625 0.59609375 0.0296875 0.0296875
1 0.95859375 0.384375 0.028125 0.021875
1 0.25078125 0.45859375 0.0265625 0.0203125
1 0.46171875 0.39921875 0.0265625 0.021875
0 0.13203125 0.08046875 0.028125 0.0234375
1 0.73515625 0.86796875 0.0265625 0.0203125
1 0.68125 0.878125 0.0296875 0.021875
0 0.14296875 0.0515625 0.0265625 0.021875
0 0.0375 0.2703125 0.028125 0.021875
1 0.32578125 0.31484375 0.025 0.01875
1 0.40703125 0.35546875 0.0265625 0.0203125
1 0.09140625 0.40859375 0.0265625 0.0203125
1 0.421875 0.4453125 0.0265625 0.021875
1 0.98671875 0.48515625 0.0265625 0.0265625
1 0.7203125 0.86796875 0.025 0.0203125
1 0.05859375 0.43515625 0.0265625 0.0203125
1 0.33828125 0.31484375 0.025 0.01875
0 0.18515625 0.06171875 0.0296875 0.028125
1 0.32421875 0.43046875 0.0265625 0.0203125
1 0.35859375 0.3390625 0.025 0.01875
1 0.34921875 0.53359375 0.028125 0.025
1 0.4296875 0.371875 0.0265625 0.021875
1 0.3734375 0.4234375 0.0265625 0.021875
1 0.35078125 0.3890625 0.0265625 0.021875
1 0.34921875 0.4109375 0.0265625 0.0203125
0 0.171875 0.034375 0.028125 0.028125
0 0.15 0.1390625 0.0296875 0.025
0 0.825 0.6953125 0.0265625 0.025
0 0.83671875 0.02578125 0.028125 0.0234375
1 0.34140625 0.5796875 0.028125 0.028125
1 0.5578125 0.33359375 0.025 0.0203125
0 0.16171875 0.09921875 0.028125 0.0234375
1 0.54296875 0.89140625 0.025 0.0171875
1 0.4296875 0.3953125 0.0265625 0.0203125
1 0.70859375 0.44140625 0.028125 0.025
1 0.7203125 0.88359375 0.0265625 0.0234375
1 0.528125 0.36875 0.0265625 0.021875
1 0.39375 0.34140625 0.025 0.0203125
1 0.38984375 0.29921875 0.025 0.0171875
0 0.14140625 0.12578125 0.028125 0.0234375
1 0.47265625 0.325 0.025 0.0203125
0 0.86640625 0.10390625 0.0265625 0.021875
1 0.3359375 0.334375 0.0265625 0.01875
1 0.8296875 0.2828125 0.025 0.01875
1 0.475 0.38046875 0.0265625 0.01875
0 0.15234375 0.08046875 0.0265625 0.021875
0 0.07578125 0.1609375 0.0296875 0.025
1 0.63125 0.28046875 0.0234375 0.01875
1 0.93671875 0.375 0.028125 0.0203125
1 0.58828125 0.259375 0.025 0.0171875
1 0.3078125 0.30703125 0.025 0.0203125
0 0.221875 0.7328125 0.03125 0.0296875
1 0.865625 0.33984375 0.028125 0.0203125
1 0.4703125 0.2953125 0.025 0.0203125
0 0.33828125 0.7859375 0.028125 0.0265625
1 0.36015625 0.2984375 0.025 0.01875
1 0.6171875 0.26796875 0.0234375 0.0171875
1 0.10390625 0.41328125 0.025 0.0203125
1 0.53984375 0.34609375 0.0265625 0.0234375
0 0.09921875 0.053125 0.0328125 0.0328125
1 0.44140625 0.37421875 0.028125 0.0203125
0 0.06015625 0.196875 0.0296875 0.0234375
1 0.8375 0.85390625 0.025 0.01875
1 0.9625 0.309375 0.0265625 0.01875
1 0.83125 0.2703125 0.0234375 0.0171875
1 0.55078125 0.25234375 0.0234375 0.0171875
0 0.321875 0.72578125 0.0265625 0.0234375
1 0.44296875 0.39140625 0.0265625 0.0203125
1 0.8359375 0.89296875 0.03125 0.0296875
1 0.4578125 0.3703125 0.025 0.01875
0 0.35546875 0.7203125 0.0265625 0.021875
1 0.80703125 0.8515625 0.021875 0.015625
0 0.83828125 0.73046875 0.0265625 0.0234375
1 0.82265625 0.8875 0.0328125 0.028125
0 0.1953125 0.83203125 0.03125 0.0296875
1 0.54296875 0.88125 0.0234375 0.015625
1 0.98203125 0.94140625 0.0359375 0.0421875
0 0.1 0.259375 0.028125 0.025
0 0.134375 0.03125 0.028125 0.01875
0 0.09609375 0.1375 0.028125 0.0234375
0 0.121875 0.12109375 0.028125 0.0234375
1 0.61171875 0.25078125 0.025 0.0171875
0 0.175 0.07421875 0.025 0.015625
1 0.31328125 0.42265625 0.028125 0.021875
1 0.37890625 0.403125 0.0265625 0.0203125
1 0.30078125 0.43828125 0.0265625 0.0203125
1 0.40234375 0.31484375 0.0265625 0.0203125
1 0.965625 0.903125 0.03125 0.034375
1 0.2859375 0.50546875 0.0265625 0.01875
1 0.41640625 0.3421875 0.0265625 0.01875
1 0.83828125 0.2390625 0.025 0.0171875
1 0.86640625 0.2671875 0.025 0.0171875
0 0.33984375 0.73515625 0.0265625 0.021875
1 0.31484375 0.33515625 0.0265625 0.0203125
1 0.63671875 0.30390625 0.0265625 0.01875
0 0.2453125 0.2328125 0.0265625 0.0203125
1 0.4390625 0.2625 0.0234375 0.0171875
1 0.94140625 0.29765625 0.025 0.01875
1 0.3171875 0.3578125 0.025 0.0171875
0 0.8703125 0.08828125 0.028125 0.021875
1 0.3953125 0.3140625 0.025 0.0203125
1 0.575 0.87890625 0.025 0.0171875
0 0.1078125 0.128125 0.028125 0.025
0 0.065625 0.1828125 0.0296875 0.0234375
1 0.36953125 0.284375 0.025 0.0171875
1 0.94140625 0.85625 0.0265625 0.021875
1 0.1203125 0.4140625 0.025 0.01875
1 0.44453125 0.8765625 0.0234375 0.015625
1 0.290625 0.4296875 0.0265625 0.021875
1 0.321875 0.3890625 0.0265625 0.021875
1 0.4609375 0.35625 0.025 0.0171875
1 0.30859375 0.4046875 0.0265625 0.021875
0 0.8328125 0.0078125 0.03125 0.015625
1 0.69921875 0.3671875 0.0234375 0.01875
1 0.390625 0.82421875 0.0296875 0.0265625
1 0.81953125 0.84765625 0.021875 0.015625
1 0.0546875 0.4234375 0.0265625 0.0171875
1 0.4609375 0.25859375 0.0265625 0.0171875
1 0.29765625 0.403125 0.025 0.021875
1 0.021875 0.35546875 0.028125 0.0234375
1 0.58203125 0.2515625 0.025 0.015625
1 0.3265625 0.36953125 0.025 0.0171875
1 0.85546875 0.2390625 0.025 0.01875
1 0.6671875 0.97734375 0.0328125 0.0265625
1 0.02109375 0.4 0.0265625 0.01875
1 0.14296875 0.29765625 0.0265625 0.0171875
1 0.3234375 0.415625 0.0265625 0.015625
1 0.68359375 0.84765625 0.021875 0.015625
1 0.94609375 0.375 0.0265625 0.0203125
1 0.05078125 0.4125 0.025 0.0171875
1 0.03359375 0.39921875 0.025 0.015625
1 0.12734375 0.85390625 0.03125 0.021875
1 0.1421875 0.28359375 0.028125 0.0203125
1 0.11171875 0.41328125 0.0265625 0.021875