2 0.77109375 0.21875 0.0875 0.0609375
3 0.58203125 0.33125 0.071875 0.07734375
4 0.4578125 0.325 0.0625 0.084375
1 0.30546875 0.4546875 0.0109375 0.01796875
1 0.19453125 0.56953125 0.0140625 0.0234375
1 0.97265625 0.41796875 0.01015625 0.0171875
1 0.24453125 0.54765625 0.0125 0.02109375
1 0.1421875 0.578125 0.01328125 0.02109375
2 0.24765625 0.225 0.09140625 0.0515625
1 0.60546875 0.54453125 0.0125 0.02265625
1 0.69765625 0.40546875 0.009375 0.015625
1 0.409375 0.45390625 0.0109375 0.01953125
1 0.12890625 0.403125 0.00859375 0.01484375
1 0.73984375 0.53515625 0.0125 0.021875
1 0.63125 0.4015625 0.009375 0.015625
1 0.2046875 0.42109375 0.00703125 0.01484375
1 0.68046875 0.47265625 0.0109375 0.0203125
1 0.37109375 0.90234375 0.0125 0.01328125
1 0.33828125 0.4359375 0.01015625 0.01796875
1 0.071875 0.4203125 0.01015625 0.015625
1 0.66484375 0.45703125 0.0109375 0.01875
1 0.35234375 0.37890625 0.0078125 0.01484375
0 0.7921875 0.17578125 0.01171875 0.01875
4 0.21640625 0.83125 0.04296875 0.04140625
1 0.61015625 0.38671875 0.009375 0.01640625
1 0.5078125 0.42890625 0.009375 0.015625
1 0.18515625 0.42578125 0.009375 0.0171875
1 0.4640625 0.42734375 0.01015625 0.01796875
1 0.98203125 0.378125 0.009375 0.01484375
1 0.49609375 0.3890625 0.009375 0.01484375
1 0.17890625 0.384375 0.00859375 0.015625
1 0.09296875 0.39453125 0.0078125 0.01328125
1 0.9078125 0.4734375 0.01171875 0.0203125
1 0.53515625 0.3953125 0.01015625 0.015625
1 0.54609375 0.396875 0.009375 0.0171875
1 0.3171875 0.42109375 0.01015625 0.015625
1 0.6703125 0.43203125 0.00859375 0.01640625
1 0.696875 0.37890625 0.009375 0.01484375
1 0.46640625 0.89296875 0.0125 0.021875
1 0.39296875 0.87734375 0.01015625 0.01796875
1 0.08359375 0.41953125 0.01171875 0.0171875
1 0.70390625 0.4390625 0.01015625 0.0171875
1 0.94609375 0.36875 0.009375 0.01484375
1 0.66171875 0.43046875 0.01015625 0.015625
1 0.63203125 0.34375 0.00859375 0.0140625
1 0.95625 0.3921875 0.01171875 0.0203125
1 0.32421875 0.52109375 0.009375 0.0203125
0 0.9796875 0.0140625 0.01875 0.02578125
1 0.89921875 0.421875 0.01015625 0.0171875
1 0.0046875 0.48203125 0.00859375 0.01640625
1 0.02421875 0.4671875 0.01171875 0.01796875
1 0.66875 0.409375 0.009375 0.01640625
1 0.628125 0.38359375 0.009375 0.01796875
1 0.03359375 0.425 0.01015625 0.01484375
0 0.83671875 0.14375 0.01171875 0.0203125
1 0.996875 0.4234375 0.00625 0.015625
1 0.1640625 0.93984375 0.01640625 0.028125
1 0.64921875 0.32578125 0.0078125 0.0125
1 0.4046875 0.8765625 0.01015625 0.01796875
1 0.55625 0.37578125 0.00859375 0.0140625
1 0.23359375 0.915625 0.0140625 0.02265625
1 0.5296875 0.415625 0.009375 0.01640625
1 0.92421875 0.48671875 0.0125 0.02109375
1 0.65546875 0.3734375 0.009375 0.01484375
1 0.14140625 0.35703125 0.009375 0.01484375
3 0.4640625 0.81875 0.034375 0.03359375
1 0.909375 0.3453125 0.01015625 0.0140625
1 0.52109375 0.32421875 0.0078125 0.01328125
1 0.26875 0.875 0.009375 0.01640625
1 0.84140625 0.85390625 0.0078125 0.0109375
1 0.02421875 0.5828125 0.0109375 0.01640625
1 0.246875 0.940625 0.01796875 0.03046875
1 0.940625 0.3484375 0.009375 0.0140625
1 0.51875 0.62890625 0.01328125 0.02109375
1 0.64375 0.38828125 0.00859375 0.01484375
1 0.0625 0.49765625 0.01171875 0.01953125
1 0.8703125 0.3234375 0.00859375 0.01328125
1 0.98046875 0.359375 0.009375 0.0140625
1 0.2359375 0.471875 0.0109375 0.021875
1 0.2890625 0.865625 0.00859375 0.01484375
1 0.52109375 0.34921875 0.00859375 0.01328125
1 0.45859375 0.621875 0.0125 0.02265625
1 0.02265625 0.44453125 0.0109375 0.0171875
1 0.65390625 0.35 0.00859375 0.01328125
1 0.83515625 0.30625 0.00859375 0.0125
1 0.1734375 0.4484375 0.009375 0.0140625
1 0.50390625 0.3328125 0.00703125 0.0125
1 0.8796875 0.32734375 0.00859375 0.0125
1 0.665625 0.36015625 0.00859375 0.0140625
1 0.05078125 0.44375 0.0125 0.01796875
1 0.034375 0.4421875 0.01171875 0.01875
1 0.65859375 0.39921875 0.01015625 0.015625
1 0.21015625 0.903125 0.01328125 0.02109375
1 0.84609375 0.30859375 0.0078125 0.01328125
1 0.1109375 0.53671875 0.01015625 0.015625
1 0.02265625 0.40234375 0.01015625 0.015625
1 0.15625 0.328125 0.00703125 0.0125
1 0.9921875 0.3703125 0.01015625 0.01484375
1 0.165625 0.32265625 0.00703125 0.01171875
1 0.65625 0.62734375 0.0140625 0.0265625
1 0.86640625 0.3390625 0.00859375 0.01484375
1 0.10703125 0.965625 0.0203125 0.03515625
1 0.003125 0.440625 0.00625 0.01484375
1 0.3171875 0.859375 0.00703125 0.01328125
1 0.67265625 0.6453125 0.01015625 0.01171875
1 0.50390625 0.3484375 0.0078125 0.01484375
1 0.0828125 0.96484375 0.01875 0.0359375
1 0.35859375 0.8734375 0.009375 0.01640625
1 0.0734375 0.5828125 0.01171875 0.01640625
1 0.34765625 0.48828125 0.009375 0.0125
1 0.00703125 0.465625 0.01171875 0.0140625
1 0.371875 0.86796875 0.00859375 0.015625
1 0.09765625 0.34609375 0.00859375 0.01171875
1 0.14453125 0.9203125 0.01484375 0.02265625
1 0.11171875 0.3390625 0.009375 0.01328125
1 0.665625 0.31953125 0.00625 0.0109375
1 0.66875 0.340625 0.0078125 0.0109375
1 0.5921875 0.61484375 0.0078125 0.0140625
1 0.378125 0.31640625 0.0078125 0.0125
1 0.8546875 0.8453125 0.00703125 0.0109375
1 0.1953125 0.9078125 0.01328125 0.02265625
1 0.309375 0.40390625 0.01015625 0.01328125
1 0.5296875 0.8453125 0.00703125 0.0140625
1 0.97265625 0.39921875 0.01015625 0.0125
1 0.90390625 0.3171875 0.0078125 0.0125
1 0.18203125 0.8859375 0.009375 0.01875
1 0.14453125 0.88984375 0.0109375 0.0171875
1 0.06171875 0.64609375 0.01484375 0.02109375
1 0.690625 0.34921875 0.009375 0.01328125
3 0.7359375 0.83203125 0.046875 0.0578125
1 0.88359375 0.31484375 0.009375 0.0125
0 0.94765625 0.05 0.015625 0.0234375
1 0.54453125 0.8421875 0.00703125 0.0125
1 0.24375 0.99375 0.0171875 0.01171875
1 0.2078125 0.85625 0.0078125 0.01171875
1 0.93046875 0.87109375 0.009375 0.015625
1 0.62421875 0.32421875 0.01015625 0.01640625
1 0.53046875 0.33828125 0.00625 0.01171875
1 0.121875 0.3375 0.00859375 0.0140625
1 0.92109375 0.32265625 0.01015625 0.01484375
1 0.0609375 0.43671875 0.009375 0.0171875
1 0.2890625 0.40546875 0.0078125 0.0140625
1 0.0109375 0.453125 0.0125 0.0140625
1 0.4671875 0.84921875 0.00625 0.01171875
1 0.16796875 0.890625 0.01328125 0.01953125
1 0.0796875 0.40078125 0.0078125 0.01015625
1 0.90859375 0.87421875 0.01015625 0.0140625
1 0.20703125 0.8765625 0.01015625 0.015625
1 0.70234375 0.8328125 0.009375 0.0140625
1 0.88828125 0.8703125 0.009375 0.01484375
1 0.590625 0.37265625 0.009375 0.01328125
1 0.878125 0.85234375 0.00703125 0.01171875
1 0.65546875 0.3015625 0.00859375 0.01328125
1 0.2421875 0.89375 0.01015625 0.015625
1 0.0796875 0.34765625 0.0078125 0.0125
4 0.975 0.48828125 0.05 0.09609375
1 0.01640625 0.42890625 0.01015625 0.01484375
1 0.12265625 0.5171875 0.00859375 0.0140625
1 0.1125 0.51875 0.01171875 0.0125
1 0.14140625 0.32578125 0.00859375 0.0125
0 0.871875 0.10390625 0.0140625 0.02109375
1 0.8359375 0.84453125 0.009375 0.01171875
1 0.61875 0.88828125 0.0171875 0.02734375
0 0.73203125 0.775 0.009375 0.0140625
1 0.42890625 0.2984375 0.00625 0.0125
1 0.3359375 0.86640625 0.009375 0.01171875
1 0.178125 0.9140625 0.01171875 0.02109375
1 0.178125 0.31015625 0.00546875 0.0140625
1 0.11796875 0.91875 0.01484375 0.02109375
1 0.83984375 0.2984375 0.00703125 0.0109375
1 0.246875 0.840625 0.009375 0.0109375
1 0.86953125 0.29921875 0.00859375 0.0125
1 0.76640625 0.8390625 0.00625 0.01015625
1 0.72265625 0.32109375 0.00859375 0.0140625
1 0.14296875 0.30625 0.0078125 0.01328125
1 0.29609375 0.8390625 0.00625 0.01015625
1 0.93203125 0.3265625 0.00859375 0.0125
4 0.19765625 0.29921875 0.03359375 0.06796875
1 0.54375 0.82890625 0.0078125 0.0125
1 0.103125 0.925 0.01484375 0.025
1 0.48046875 0.84921875 0.0078125 0.0125
1 0.0671875 0.3890625 0.0109375 0.015625
1 0.10234375 0.99140625 0.0203125 0.01640625
1 0.55703125 0.8453125 0.00703125 0.01328125
1 0.40078125 0.31015625 0.0078125 0.01171875
1 0.82734375 0.2984375 0.0078125 0.01171875
1 0.0921875 0.334375 0.00703125 0.0125
1 0.6265625 0.29921875 0.00703125 0.01171875
1 0.6453125 0.37578125 0.00859375 0.0109375
1 0.44609375 0.6453125 0.0125 0.0140625