2 0.25703125 0.196875 0.1234375 0.065625
4 0.55625 0.2609375 0.10625 0.08125
2 0.77265625 0.22734375 0.1265625 0.0609375
1 0.46875 0.41875 0.0421875 0.0140625
1 0.62890625 0.5140625 0.04375 0.015625
1 0.13203125 0.39609375 0.0421875 0.015625
1 0.49296875 0.47890625 0.04375 0.015625
1 0.8484375 0.95546875 0.0484375 0.0234375
1 0.16484375 0.4203125 0.0421875 0.015625
1 0.95703125 0.48984375 0.04375 0.015625
1 0.37734375 0.378125 0.0421875 0.0140625
1 0.5953125 0.47265625 0.04375 0.015625
1 0.01640625 0.44765625 0.0328125 0.0171875
1 0.39375 0.484375 0.04375 0.0171875
1 0.60078125 0.4265625 0.0421875 0.0140625
1 0.6546875 0.540625 0.04375 0.01875
1 0.4890625 0.36640625 0.0421875 0.0125
1 0.62265625 0.3765625 0.0421875 0.0125
1 0.65390625 0.33046875 0.040625 0.0109375
1 0.66328125 0.51328125 0.04375 0.015625
1 0.1640625 0.58828125 0.046875 0.0203125
1 0.39296875 0.51484375 0.04375 0.0171875
1 0.978125 0.48515625 0.04375 0.0140625
1 0.92265625 0.4234375 0.0421875 0.0125
1 0.5359375 0.47265625 0.0421875 0.015625
1 0.403125 0.321875 0.040625 0.0125
1 0.44140625 0.3234375 0.0421875 0.0109375
1 0.63046875 0.48828125 0.04375 0.0140625
1 0.61796875 0.6015625 0.0453125 0.01875
1 0.63515625 0.43359375 0.040625 0.0109375
1 0.44296875 0.290625 0.040625 0.0109375
1 0.59140625 0.38671875 0.0421875 0.0125
1 0.41875 0.321875 0.040625 0.0109375
1 0.59453125 0.3140625 0.040625 0.0125
1 0.69453125 0.47890625 0.04375 0.0140625
1 0.66953125 0.44765625 0.0421875 0.0140625
1 0.9484375 0.446875 0.0453125 0.015625
1 0.378125 0.33984375 0.040625 0.0140625
1 0.39453125 0.415625 0.04375 0.01875
1 0.71953125 0.4734375 0.0421875 0.0140625
1 0.984375 0.4046875 0.03125 0.0125
1 0.67265625 0.49609375 0.04375 0.0140625
1 0.571875 0.409375 0.0421875 0.0125
1 0.40390625 0.43984375 0.0421875 0.015625
1 0.6328125 0.53671875 0.04375 0.0171875
1 0.62265625 0.90078125 0.0421875 0.0140625
1 0.6453125 0.45703125 0.0421875 0.0125
1 0.21328125 0.40234375 0.0375 0.0109375
1 0.903125 0.46171875 0.04375 0.015625
1 0.3953125 0.37734375 0.0421875 0.0140625
1 0.47109375 0.32578125 0.040625 0.0125
1 0.81796875 0.44140625 0.0421875 0.015625
1 0.74609375 0.903125 0.0421875 0.0125
1 0.59609375 0.9078125 0.04375 0.0125
1 0.05625 0.365625 0.04375 0.0125
1 0.8578125 0.36640625 0.0421875 0.0125
1 0.58828125 0.44765625 0.04375 0.0140625
1 0.725 0.49296875 0.04375 0.015625
1 0.896875 0.36484375 0.0421875 0.0140625
1 0.02109375 0.8859375 0.0421875 0.01875
1 0.3890625 0.33828125 0.0421875 0.0125
1 0.528125 0.3796875 0.040625 0.0140625
1 0.61484375 0.38515625 0.0421875 0.0109375
1 0.93828125 0.46484375 0.04375 0.0140625
1 0.60546875 0.47578125 0.04375 0.0140625
1 0.92421875 0.45703125 0.04375 0.0125
1 0.01796875 0.95 0.0359375 0.01875
1 0.93359375 0.4203125 0.0421875 0.0140625
1 0.3625 0.25703125 0.0390625 0.009375
1 0.728125 0.9546875 0.05 0.025
1 0.640625 0.39140625 0.0421875 0.015625
1 0.653125 0.44296875 0.0421875 0.0125
1 0.175 0.30078125 0.040625 0.0109375
1 0.45625 0.2703125 0.0390625 0.0109375
1 0.97890625 0.45078125 0.0421875 0.0140625
1 0.81640625 0.371875 0.040625 0.0125
1 0.79140625 0.93984375 0.046875 0.0203125
1 0.63359375 0.32890625 0.0390625 0.0109375
1 0.9171875 0.4 0.0421875 0.0109375
1 0.60390625 0.3515625 0.040625 0.0125
1 0.09609375 0.33203125 0.0421875 0.0140625
1 0.68125 0.90078125 0.0421875 0.015625
1 0.625 0.35703125 0.0421875 0.0109375
1 0.35 0.29375 0.0421875 0.0109375
1 0.61875 0.32421875 0.040625 0.0109375
1 0.95546875 0.3734375 0.0421875 0.0125
1 0.6140625 0.33828125 0.0421875 0.0109375
1 0.446875 0.34453125 0.040625 0.0125
1 0.565625 0.43125 0.0421875 0.0140625
1 0.5671875 0.3984375 0.040625 0.0125
1 0.07578125 0.31328125 0.040625 0.009375
1 0.94453125 0.3765625 0.0421875 0.0125
1 0.68046875 0.4765625 0.0421875 0.0125
1 0.928125 0.40859375 0.040625 0.009375
1 0.5484375 0.3 0.040625 0.0109375
1 0.625 0.33828125 0.0421875 0.009375
1 0.728125 0.33671875 0.0421875 0.0140625
1 0.84765625 0.328125 0.040625 0.009375
1 0.5421875 0.378125 0.0421875 0.0140625
1 0.65859375 0.89921875 0.0421875 0.0140625
1 0.90859375 0.35234375 0.0421875 0.0109375
1 0.7125 0.40078125 0.0421875 0.0125
1 0.0671875 0.328125 0.040625 0.0109375
1 0.04765625 0.884375 0.04375 0.0171875
1 0.6734375 0.46640625 0.0421875 0.0125
1 0.8859375 0.32265625 0.0390625 0.0109375
1 0.60703125 0.275 0.0390625 0.009375
1 0.86640625 0.92109375 0.0421875 0.0140625
1 0.3875 0.259375 0.0390625 0.009375
1 0.63828125 0.3453125 0.0421875 0.0125
1 0.82265625 0.9046875 0.040625 0.0109375
1 0.178125 0.253125 0.0421875 0.0109375
1 0.7125 0.41953125 0.040625 0.0109375
1 0.55625 0.2984375 0.040625 0.0109375
1 0.50234375 0.278125 0.040625 0.009375
1 0.053125 0.353125 0.0421875 0.009375
1 0.8390625 0.91328125 0.0421875 0.0140625
1 0.6515625 0.47890625 0.04375 0.0171875
1 0.59453125 0.3671875 0.0421875 0.0125
1 0.6828125 0.45859375 0.040625 0.0109375
1 0.7078125 0.46875 0.04375 0.0140625
1 0.71875 0.44140625 0.0421875 0.0125
1 0.0796875 0.853125 0.040625 0.009375
1 0.4546875 0.903125 0.040625 0.0078125
1 0.52265625 0.2828125 0.0421875 0.0125
1 0.7703125 0.66796875 0.0453125 0.0125
3 0.67578125 0.4 0.0984375 0.10625
1 0.93046875 0.33828125 0.040625 0.0125
1 0.03828125 0.33203125 0.0421875 0.0140625
1 0.19609375 0.2796875 0.040625 0.0109375
1 0.6328125 0.4484375 0.0421875 0.0140625
1 0.01953125 0.34140625 0.0390625 0.0140625
1 0.73359375 0.8828125 0.0375 0.00625
1 0.70625 0.35078125 0.0421875 0.0140625
1 0.94453125 0.41953125 0.04375 0.0140625
1 0.7109375 0.9375 0.05 0.0234375
1 0.91796875 0.44609375 0.0421875 0.015625
1 0.74453125 0.92265625 0.0453125 0.0171875
1 0.69921875 0.45546875 0.040625 0.009375
1 0.90234375 0.31015625 0.0421875 0.0109375
1 0.6890625 0.30625 0.0421875 0.0125
1 0.88515625 0.30390625 0.040625 0.009375
1 0.753125 0.9359375 0.0453125 0.0171875
1 0.10234375 0.3171875 0.0421875 0.0109375
1 0.709375 0.446875 0.0421875 0.0125
1 0.65625 0.38125 0.0421875 0.0125
1 0.11484375 0.2625 0.040625 0.009375
1 0.05234375 0.9140625 0.04375 0.0109375
1 0.4 0.259375 0.0390625 0.0078125
1 0.64140625 0.47265625 0.0421875 0.0125
1 0.61796875 0.265625 0.040625 0.0078125
1 0.87265625 0.3203125 0.0421875 0.009375
1 0.65703125 0.25 0.040625 0.0125
1 0.796875 0.90625 0.0421875 0.0109375
1 0.93984375 0.34453125 0.0421875 0.0109375
1 0.61640625 0.4671875 0.040625 0.0140625
1 0.36796875 0.84921875 0.0390625 0.009375
1 0.03203125 0.89375 0.046875 0.021875
1 0.77734375 0.88984375 0.0390625 0.0078125
1 0.6125 0.35703125 0.04375 0.0109375
1 0.0875 0.86640625 0.040625 0.009375
1 0.60234375 0.4578125 0.0421875 0.0109375
1 0.04375 0.95234375 0.040625 0.0109375
1 0.07578125 0.8671875 0.0421875 0.0125
1 0.1234375 0.25859375 0.0421875 0.015625
1 0.8578125 0.3 0.040625 0.0109375
4 0.309375 0.44765625 0.1359375 0.13125
1 0.13828125 0.246875 0.0390625 0.009375
1 0.96875 0.3625 0.040625 0.009375
3 0.35234375 0.55390625 0.1109375 0.125
1 0.38671875 0.3234375 0.0421875 0.009375
1 0.01015625 0.93359375 0.0203125 0.0296875
1 0.71484375 0.4578125 0.040625 0.0109375
1 0.825 0.28046875 0.040625 0.009375
1 0.2828125 0.55546875 0.0421875 0.015625
1 0.0265625 0.85859375 0.0421875 0.015625
1 0.43515625 0.25234375 0.040625 0.009375
1 0.08515625 0.83671875 0.0375 0.0078125
1 0.41484375 0.2578125 0.0421875 0.009375
1 0.02890625 0.91328125 0.04375 0.009375
1 0.95546875 0.34375 0.0421875 0.0109375
1 0.13125 0.846875 0.040625 0.0109375
1 0.05625 0.85703125 0.040625 0.0125
1 0.934375 0.3234375 0.040625 0.009375
1 0.784375 0.9234375 0.04375 0.0125
1 0.8015625 0.88671875 0.0390625 0.0078125
1 0.10703125 0.8328125 0.0375 0.0078125
1 0.9359375 0.4515625 0.040625 0.009375
1 0.1703125 0.85078125 0.0390625 0.0078125
1 0.82265625 0.67265625 0.0421875 0.0078125
1 0.275 0.5296875 0.040625 0.009375
1 0.765625 0.93515625 0.04375 0.015625
1 0.5203125 0.26640625 0.040625 0.009375
1 0.07421875 0.29921875 0.0421875 0.009375
1 0.6125 0.36796875 0.04375 0.0109375
1 0.515625 0.5171875 0.0390625 0.0109375
1 0.89296875 0.30703125 0.0421875 0.0109375
1 0.3984375 0.85234375 0.0375 0.0078125
1 0.5921875 0.26328125 0.040625 0.009375
1 0.63203125 0.86953125 0.0375 0.0078125
1 0.4390625 0.3109375 0.0421875 0.009375
1 0.0515625 0.9390625 0.040625 0.009375
1 0.85546875 0.9125 0.04375 0.0140625
1 0.2796875 0.54140625 0.0421875 0.0109375
1 0.0453125 0.31484375 0.040625 0.0078125