2 0.771875 0.2203125 0.0875 0.06015625
3 0.34921875 0.33984375 0.07734375 0.09453125
3 0.8515625 0.36015625 0.0765625 0.08125
1 0.85078125 0.57421875 0.01328125 0.02421875
1 0.3734375 0.4546875 0.01015625 0.01796875
1 0.45546875 0.5140625 0.01171875 0.021875
4 0.809375 0.89296875 0.14609375 0.1609375
1 0.9359375 0.44375 0.01171875 0.0171875
1 0.30859375 0.46640625 0.0109375 0.01796875
1 0.6265625 0.440625 0.01015625 0.0171875
1 0.69921875 0.38515625 0.00859375 0.01640625
0 0.228125 0.1640625 0.0125 0.01875
1 0.4546875 0.4625 0.0109375 0.01796875
1 0.97265625 0.41796875 0.01015625 0.01640625
1 0.4578125 0.40859375 0.009375 0.01640625
1 0.3484375 0.484375 0.0109375 0.01953125
1 0.27265625 0.471875 0.0109375 0.01953125
1 0.35859375 0.453125 0.0109375 0.0171875
1 0.8421875 0.4046875 0.0109375 0.01484375
0 0.190625 0.1875 0.01015625 0.01796875
1 0.44765625 0.43046875 0.01015625 0.01640625
1 0.165625 0.428125 0.01015625 0.0171875
0 0.1296875 0.425 0.01328125 0.02421875
1 0.303125 0.57578125 0.01328125 0.02109375
1 0.571875 0.36640625 0.00859375 0.01484375
1 0.85703125 0.42265625 0.01015625 0.01640625
1 0.46953125 0.4359375 0.01015625 0.01640625
1 0.8796875 0.403125 0.00859375 0.01484375
1 0.234375 0.878125 0.009375 0.015625
1 0.43046875 0.4640625 0.01015625 0.01796875
0 0.15859375 0.2109375 0.0140625 0.025
1 0.90390625 0.37421875 0.009375 0.015625
1 0.73828125 0.57265625 0.0125 0.021875
1 0.02890625 0.43046875 0.01015625 0.0171875
1 0.7265625 0.546875 0.0125 0.021875
1 0.47890625 0.61640625 0.0125 0.0203125
1 0.946875 0.3578125 0.009375 0.01484375
1 0.38671875 0.4234375 0.01015625 0.0171875
1 0.84453125 0.42578125 0.0109375 0.0171875
1 0.53125 0.36953125 0.0078125 0.0140625
1 0.1 0.40703125 0.009375 0.01640625
1 0.38046875 0.890625 0.01171875 0.02109375
1 0.18515625 0.42265625 0.009375 0.01640625
1 0.47109375 0.334375 0.0078125 0.01484375
0 0.17421875 0.18125 0.0140625 0.01953125
1 0.48515625 0.38125 0.00859375 0.015625
1 0.53125 0.421875 0.00859375 0.015625
1 0.49296875 0.42734375 0.01015625 0.01796875
1 0.515625 0.39375 0.00859375 0.015625
1 0.5828125 0.33125 0.0078125 0.01328125
1 0.67890625 0.36640625 0.0078125 0.01484375
1 0.6046875 0.38046875 0.00859375 0.015625
0 0.1171875 0.44921875 0.0125 0.021875
1 0.628125 0.35390625 0.0078125 0.0140625
0 0.934375 0.11484375 0.0140625 0.02109375
1 0.6546875 0.39609375 0.00859375 0.01640625
1 0.4296875 0.8859375 0.0109375 0.02109375
1 0.58515625 0.88515625 0.0109375 0.02109375
1 0.1171875 0.4703125 0.009375 0.01796875
1 0.221875 0.94921875 0.01875 0.03125
0 0.17734375 0.38671875 0.0125 0.01953125
1 0.3046875 0.40625 0.009375 0.015625
1 0.190625 0.34375 0.0078125 0.0140625
1 0.56171875 0.44375 0.0109375 0.01640625
1 0.625 0.42109375 0.009375 0.015625
1 0.25546875 0.8859375 0.01015625 0.01875
1 0.5421875 0.3890625 0.01015625 0.015625
1 0.23515625 0.421875 0.0140625 0.02265625
1 0.3984375 0.8890625 0.0109375 0.01875
0 0.24375 0.1625 0.0109375 0.01640625
1 0.640625 0.40390625 0.01015625 0.0171875
1 0.08984375 0.42734375 0.01015625 0.01640625
1 0.634375 0.38125 0.009375 0.0140625
0 0.7890625 0.746875 0.015625 0.0328125
1 0.93046875 0.334375 0.00859375 0.01484375
1 0.446875 0.89609375 0.0140625 0.0203125
0 0.19609375 0.1359375 0.0125 0.0203125
1 0.5125 0.45703125 0.0109375 0.015625
2 0.24765625 0.225 0.09140625 0.046875
1 0.5515625 0.4046875 0.01015625 0.01484375
1 0.315625 0.45390625 0.01171875 0.0140625
1 0.440625 0.45546875 0.0109375 0.01640625
0 0.1609375 0.14453125 0.0125 0.0171875
1 0.24140625 0.85234375 0.00625 0.01171875
4 0.09296875 0.57109375 0.13359375 0.14140625
1 0.20625 0.9296875 0.01640625 0.02734375
1 0.4546875 0.646875 0.0109375 0.0125
0 0.2125 0.14296875 0.0109375 0.01796875
1 0.4234375 0.37109375 0.00703125 0.0125
1 0.29765625 0.42578125 0.01015625 0.015625
1 0.35390625 0.42578125 0.009375 0.01640625
1 0.81875 0.40703125 0.0109375 0.01640625
1 0.996875 0.42734375 0.00625 0.01640625
1 0.95625 0.4 0.01171875 0.01640625
1 0.45625 0.87734375 0.00703125 0.01171875
1 0.315625 0.390625 0.009375 0.01640625
1 0.2984375 0.4546875 0.01171875 0.01640625
1 0.20234375 0.4015625 0.01015625 0.015625
1 0.5546875 0.39140625 0.009375 0.01328125
1 0.5015625 0.371875 0.00859375 0.0140625
1 0.6140625 0.375 0.0078125 0.0140625
1 0.15625 0.328125 0.00703125 0.0125
0 0.1828125 0.15625 0.0109375 0.01640625
0 0.99609375 0.1140625 0.0078125 0.02109375
0 0.1125 0.378125 0.01171875 0.01953125
1 0.91875 0.94140625 0.01640625 0.021875
0 0.12421875 0.3875 0.0125 0.0203125
1 0.34609375 0.8765625 0.009375 0.01640625
1 0.434375 0.328125 0.0078125 0.0125
1 0.003125 0.56875 0.00625 0.0171875
1 0.17890625 0.309375 0.00703125 0.0125
1 0.71875 0.88671875 0.0125 0.02109375
1 0.43203125 0.30546875 0.0078125 0.01171875
1 0.57265625 0.83828125 0.009375 0.0171875
1 0.37109375 0.4359375 0.009375 0.0171875
0 0.171875 0.13046875 0.01328125 0.0171875
1 0.40546875 0.87578125 0.009375 0.015625
1 0.31640625 0.4390625 0.009375 0.01328125
1 0.35 0.40859375 0.009375 0.01484375
1 0.2015625 0.42109375 0.01171875 0.0140625
1 0.45703125 0.30546875 0.0078125 0.0125
1 0.484375 0.303125 0.0078125 0.0125
1 0.409375 0.32890625 0.009375 0.0125
1 0.0296875 0.65 0.01328125 0.0140625
1 0.10859375 0.9265625 0.01640625 0.025
0 0.790625 0.26328125 0.009375 0.01640625
1 0.003125 0.440625 0.00625 0.0203125
1 0.078125 0.37109375 0.00859375 0.0140625
1 0.83125 0.3 0.00703125 0.0125
1 0.971875 0.375 0.0125 0.015625
1 0.165625 0.30546875 0.0078125 0.01015625
1 0.1796875 0.89375 0.01328125 0.0234375
1 0.9234375 0.321875 0.0078125 0.01328125
1 0.2375 0.92578125 0.01328125 0.025
1 0.534375 0.84140625 0.0078125 0.0125
1 0.20390625 0.8546875 0.00703125 0.0125
1 0.06328125 0.38359375 0.01015625 0.015625
0 0.225 0.14765625 0.0109375 0.0140625
1 0.84765625 0.303125 0.009375 0.01328125
0 0.18359375 0.134375 0.01171875 0.0203125
1 0.6828125 0.8734375 0.0109375 0.01875
0 0.1453125 0.3390625 0.01328125 0.01796875
1 0.81640625 0.3921875 0.00703125 0.0125
1 0.553125 0.84140625 0.00703125 0.0125
1 0.553125 0.378125 0.009375 0.0140625
1 0.26171875 0.95390625 0.01171875 0.03203125
1 0.1796875 0.92890625 0.01015625 0.021875
1 0.27421875 0.8515625 0.00859375 0.01171875
0 0.1515625 0.27578125 0.01171875 0.01875
0 0.88125 0.1109375 0.01328125 0.01953125
1 0.165625 0.89296875 0.0109375 0.01640625
1 0.81953125 0.61484375 0.00859375 0.01328125
1 0.97265625 0.4 0.01015625 0.01328125
1 0.62265625 0.3875 0.009375 0.0140625
0 0.70546875 0.271875 0.00859375 0.01484375
1 0.43515625 0.2953125 0.00703125 0.01171875
1 0.909375 0.32265625 0.01015625 0.0140625
1 0.315625 0.84765625 0.00859375 0.01171875
1 0.73671875 0.87109375 0.0109375 0.0171875
1 0.39375 0.334375 0.00546875 0.0125
1 0.0296875 0.39921875 0.01015625 0.01484375
1 0.09140625 0.92421875 0.0140625 0.0234375
1 0.30390625 0.43671875 0.01015625 0.01484375
1 0.15 0.48203125 0.00859375 0.01015625
1 0.378125 0.440625 0.00859375 0.01328125
1 0.99296875 0.38046875 0.01015625 0.01484375
1 0.5421875 0.82890625 0.00703125 0.01171875
1 0.17734375 0.45078125 0.00625 0.01015625
1 0.46328125 0.3046875 0.0078125 0.0109375
4 0.34765625 0.82265625 0.0171875 0.03359375
1 0.3828125 0.2984375 0.0078125 0.01171875
1 0.09609375 0.34609375 0.009375 0.015625
1 0.88984375 0.9328125 0.0140625 0.025
1 0.11328125 0.3421875 0.0109375 0.015625
1 0.46328125 0.84921875 0.00703125 0.0109375
1 0.95625 0.3875 0.009375 0.01171875
1 0.14921875 0.35078125 0.0078125 0.01171875
1 0.14375 0.95234375 0.01875 0.0265625
1 0.01328125 0.43984375 0.009375 0.01640625
1 0.49921875 0.64765625 0.009375 0.01015625
1 0.37109375 0.8703125 0.01484375 0.01875
1 0.89765625 0.884375 0.009375 0.015625
1 0.15078125 0.9890625 0.01796875 0.0203125
1 0.16953125 0.93671875 0.01640625 0.02265625
1 0.925 0.89609375 0.0109375 0.01796875
3 0.553125 0.7671875 0.04453125 0.04921875
1 0.3015625 0.98984375 0.021875 0.0203125
1 0.87265625 0.484375 0.00625 0.0109375
1 0.93671875 0.89453125 0.01015625 0.01953125
1 0.57578125 0.81015625 0.0078125 0.01015625
0 0.23828125 0.17890625 0.00859375 0.01640625
1 0.25625 0.8421875 0.00625 0.01015625
1 0.29609375 0.840625 0.00859375 0.01171875
1 0.94765625 0.321875 0.009375 0.0125
1 0.14296875 0.30625 0.0078125 0.01328125
1 0.3296875 0.86484375 0.00625 0.0140625