3 0.4890625 0.425 0.103125 0.1109375
3 0.14609375 0.4 0.090625 0.090625
1 0.65 0.43671875 0.0234375 0.0171875
3 0.2953125 0.8578125 0.0890625 0.08125
2 0.209375 0.24140625 0.1 0.0625
1 0.6625 0.434375 0.0234375 0.015625
1 0.2609375 0.509375 0.0234375 0.015625
1 0.84140625 0.41875 0.021875 0.015625
1 0.24140625 0.53046875 0.0234375 0.0171875
4 0.1859375 0.85546875 0.0578125 0.05
1 0.65703125 0.38203125 0.0203125 0.0140625
1 0.83046875 0.54296875 0.0265625 0.0234375
1 0.328125 0.48984375 0.0234375 0.01875
1 0.475 0.56875 0.025 0.0203125
1 0.97265625 0.4140625 0.0234375 0.0171875
1 0.70703125 0.865625 0.021875 0.015625
1 0.61484375 0.34453125 0.0203125 0.0125
1 0.69375 0.44140625 0.021875 0.015625
0 0.78203125 0.71796875 0.0296875 0.028125
1 0.6328125 0.359375 0.0203125 0.0125
1 0.00625 0.50078125 0.0125 0.0171875
1 0.425 0.45 0.021875 0.015625
2 0.73125 0.21015625 0.10625 0.0546875
1 0.734375 0.44453125 0.021875 0.0171875
1 0.340625 0.4171875 0.021875 0.0140625
1 0.61015625 0.390625 0.021875 0.015625
1 0.45 0.5171875 0.0234375 0.01875
1 0.2625 0.52890625 0.025 0.01875
1 0.8375 0.3578125 0.0203125 0.0140625
1 0.93125 0.3671875 0.021875 0.0140625
1 0.065625 0.4703125 0.0234375 0.015625
1 0.14453125 0.94453125 0.0265625 0.025
1 0.30703125 0.37890625 0.021875 0.0125
1 0.86015625 0.87109375 0.025 0.021875
4 0.41171875 0.396875 0.0921875 0.0859375
1 0.68125 0.43359375 0.021875 0.015625
1 0.7171875 0.8421875 0.0203125 0.0125
1 0.615625 0.32578125 0.0203125 0.0125
1 0.34140625 0.584375 0.025 0.0203125
1 0.490625 0.32890625 0.0203125 0.0140625
1 0.378125 0.8765625 0.0234375 0.0171875
1 0.815625 0.3171875 0.0203125 0.0109375
1 0.91953125 0.365625 0.021875 0.0140625
1 0.45078125 0.49765625 0.0234375 0.015625
1 0.8875 0.9015625 0.028125 0.028125
1 0.32421875 0.4296875 0.021875 0.0125
1 0.17734375 0.43125 0.0203125 0.015625
1 0.86328125 0.54609375 0.025 0.0203125
1 0.16484375 0.9703125 0.03125 0.03125
0 0.925 0.08984375 0.0296875 0.0234375
1 0.01953125 0.45 0.0234375 0.0171875
1 0.0296875 0.4703125 0.0234375 0.015625
1 0.26953125 0.903125 0.025 0.01875
1 0.83984375 0.6171875 0.0265625 0.0203125
1 0.271875 0.934375 0.0296875 0.025
0 0.90390625 0.75546875 0.03125 0.0328125
1 0.24296875 0.915625 0.025 0.0203125
0 0.7328125 0.20078125 0.021875 0.015625
0 0.85859375 0.73125 0.0296875 0.025
0 0.83984375 0.72890625 0.0296875 0.0265625
1 0.4375 0.8828125 0.0234375 0.0171875
1 0.85390625 0.328125 0.021875 0.0125
0 0.86015625 0.696875 0.0296875 0.03125
1 0.2203125 0.98046875 0.034375 0.0359375
1 0.290625 0.90625 0.025 0.0203125
1 0.33046875 0.35625 0.0203125 0.0125
1 0.6984375 0.846875 0.021875 0.0140625
1 0.80625 0.32890625 0.0203125 0.0125
1 0.44453125 0.33203125 0.01875 0.0125
1 0.653125 0.58203125 0.0203125 0.009375
1 0.315625 0.403125 0.021875 0.0140625
1 0.21015625 0.9078125 0.021875 0.0171875
1 0.36875 0.384375 0.0203125 0.015625
1 0.68828125 0.6015625 0.0265625 0.0203125
1 0.86796875 0.303125 0.0203125 0.0125
1 0.66328125 0.63046875 0.025 0.0203125
1 0.028125 0.5671875 0.0265625 0.021875
1 0.29140625 0.95234375 0.028125 0.028125
1 0.6125 0.30625 0.0203125 0.0125
1 0.8125 0.84453125 0.0203125 0.0140625
1 0.659375 0.33515625 0.01875 0.0125
0 0.9546875 0.703125 0.028125 0.03125
1 0.1890625 0.9109375 0.0234375 0.0171875
1 0.97265625 0.39609375 0.0234375 0.0140625
1 0.91640625 0.9296875 0.0296875 0.034375
1 0.6484375 0.36484375 0.0203125 0.0140625
1 0.8703125 0.33359375 0.0203125 0.0125
1 0.103125 0.34609375 0.0203125 0.0109375
1 0.83671875 0.28515625 0.01875 0.0109375
1 0.3125 0.4171875 0.021875 0.0140625
1 0.96875 0.87578125 0.028125 0.025
1 0.946875 0.365625 0.0234375 0.0140625
1 0.78828125 0.825 0.0171875 0.009375
1 0.52578125 0.3109375 0.0171875 0.009375
0 0.85078125 0.08984375 0.028125 0.0234375
1 0.31328125 0.440625 0.021875 0.0140625
1 0.4421875 0.44921875 0.021875 0.015625
1 0.04375 0.44296875 0.0234375 0.015625
1 0.43828125 0.9109375 0.0203125 0.0078125
1 0.44609375 0.48125 0.0234375 0.015625
1 0.06796875 0.43671875 0.021875 0.0140625
1 0.8671875 0.828125 0.01875 0.0109375
1 0.23203125 0.903125 0.0265625 0.01875
1 0.80078125 0.31953125 0.01875 0.0109375
1 0.85859375 0.609375 0.0265625 0.0234375
1 0.20234375 0.9578125 0.03125 0.028125
1 0.321875 0.309375 0.0203125 0.0109375
1 0.3 0.41640625 0.0203125 0.0140625
1 0.5296875 0.3265625 0.0203125 0.0125
1 0.3390625 0.3875 0.021875 0.0140625
1 0.3015625 0.4375 0.0203125 0.0140625
1 0.89609375 0.859375 0.0234375 0.01875
1 0.334375 0.33828125 0.01875 0.0125
1 0.18203125 0.953125 0.028125 0.025
1 0.38203125 0.43984375 0.021875 0.0125
1 0.05703125 0.45625 0.021875 0.015625
1 0.96484375 0.38984375 0.0203125 0.0125
1 0.465625 0.31796875 0.021875 0.0125
1 0.4890625 0.36484375 0.0203125 0.0125
1 0.50703125 0.3234375 0.01875 0.009375
1 0.91015625 0.34921875 0.0234375 0.0140625
1 0.4140625 0.44921875 0.0234375 0.015625
1 0.36484375 0.4046875 0.0203125 0.0109375
1 0.79765625 0.28671875 0.0203125 0.0140625
1 0.91875 0.3390625 0.0203125 0.0125
1 0.13203125 0.91953125 0.0234375 0.0171875
1 0.95078125 0.8625 0.025 0.015625
1 0.03359375 0.67421875 0.0265625 0.021875
1 0.05625 0.4390625 0.0234375 0.0125
1 0.503125 0.3125 0.0203125 0.0125
1 0.0703125 0.45625 0.021875 0.0140625
3 0.48046875 0.81953125 0.059375 0.053125
1 0.35 0.87890625 0.021875 0.015625
1 0.8515625 0.82578125 0.01875 0.009375
1 0.0484375 0.37109375 0.0203125 0.0140625
1 0.10390625 0.3296875 0.021875 0.0109375
1 0.21875 0.86953125 0.01875 0.0109375
1 0.80546875 0.2828125 0.01875 0.0109375
4 0.596875 0.81171875 0.040625 0.0328125
1 0.3453125 0.43359375 0.021875 0.0109375
1 0.1359375 0.34296875 0.0171875 0.009375
1 0.81875 0.8296875 0.01875 0.009375
1 0.8546875 0.29296875 0.0203125 0.0109375
1 0.14609375 0.91796875 0.025 0.01875
1 0.57734375 0.8453125 0.0203125 0.0109375
0 0.16328125 0.134375 0.0234375 0.0171875
1 0.12578125 0.96953125 0.028125 0.0234375
1 0.5359375 0.31875 0.0203125 0.015625
1 0.1234375 0.33359375 0.01875 0.0125
1 0.96875 0.6171875 0.021875 0.0125
1 0.34453125 0.30859375 0.0203125 0.0109375
1 0.51640625 0.33203125 0.021875 0.0125
1 0.39296875 0.44453125 0.021875 0.0171875
1 0.24765625 0.90078125 0.021875 0.0109375
1 0.86875 0.559375 0.021875 0.0125
1 0.1828125 0.6671875 0.021875 0.0125
1 0.29140625 0.40625 0.0234375 0.0140625
1 0.49453125 0.3140625 0.01875 0.0109375
1 0.76953125 0.890625 0.034375 0.0421875
1 0.84375 0.59609375 0.025 0.015625
1 0.22890625 0.8671875 0.0203125 0.0109375
1 0.15859375 0.9140625 0.021875 0.015625
1 0.56796875 0.64296875 0.0234375 0.0109375
1 0.328125 0.86328125 0.0203125 0.0109375
1 0.59140625 0.33203125 0.01875 0.0109375
1 0.44765625 0.46328125 0.0234375 0.0125
1 0.32265625 0.34921875 0.0203125 0.0125
1 0.590625 0.84609375 0.01875 0.009375
1 0.9921875 0.96015625 0.015625 0.0078125
1 0.325 0.334375 0.021875 0.0109375
1 0.48203125 0.3 0.01875 0.0109375
1 0.1328125 0.89921875 0.0203125 0.0140625
1 0.0734375 0.35546875 0.021875 0.0125
1 0.40234375 0.44765625 0.0203125 0.015625
1 0.884375 0.3046875 0.0203125 0.0109375
1 0.06171875 0.9890625 0.025 0.0203125
1 0.14609375 0.3171875 0.0203125 0.0125
1 0.81796875 0.81796875 0.0171875 0.0078125
1 0.37265625 0.41640625 0.01875 0.0109375
1 0.94296875 0.959375 0.0359375 0.021875
1 0.0515625 0.3609375 0.0234375 0.0109375
1 0.4546875 0.8484375 0.0234375 0.0140625
1 0.44453125 0.2984375 0.0203125 0.0109375
1 0.90625 0.83671875 0.0203125 0.0125
1 0.49609375 0.29453125 0.0203125 0.0109375
1 0.36484375 0.875 0.0234375 0.015625