4 0.4875 0.3765625 0.07578125 0.096875
2 0.76328125 0.21484375 0.08984375 0.065625
2 0.24609375 0.20859375 0.090625 0.05625
3 0.58125 0.29453125 0.059375 0.07890625
3 0.23125 0.44921875 0.09140625 0.13046875
1 0.740625 0.53125 0.0109375 0.0203125
3 0.9125 0.33515625 0.07109375 0.078125
1 0.81171875 0.42109375 0.01015625 0.0171875
1 0.3875 0.5046875 0.0109375 0.0203125
1 0.17109375 0.57265625 0.01328125 0.02265625
4 0.5109375 0.48515625 0.1078125 0.1328125
1 0.7734375 0.434375 0.009375 0.01875
1 0.0765625 0.40234375 0.01015625 0.01640625
1 0.81015625 0.575 0.01328125 0.0234375
1 0.046875 0.4296875 0.0109375 0.01796875
1 0.94765625 0.4234375 0.0109375 0.01796875
1 0.15078125 0.39296875 0.01015625 0.01640625
1 0.9328125 0.41953125 0.01015625 0.01640625
1 0.571875 0.53828125 0.01171875 0.02109375
1 0.05859375 0.37265625 0.009375 0.01640625
1 0.12890625 0.42421875 0.009375 0.01796875
1 0.35390625 0.35234375 0.00859375 0.0140625
1 0.64453125 0.4453125 0.01015625 0.01875
1 0.74609375 0.58515625 0.0125 0.02109375
1 0.3015625 0.55078125 0.0109375 0.02109375
1 0.64453125 0.4640625 0.01015625 0.015625
1 0.64375 0.48671875 0.0109375 0.01875
1 0.67734375 0.5234375 0.0109375 0.0203125
1 0.43125 0.49609375 0.01015625 0.02109375
1 0.89296875 0.38203125 0.009375 0.01953125
1 0.60859375 0.3953125 0.00859375 0.015625
1 0.23046875 0.596875 0.0125 0.02265625
1 0.7328125 0.4625 0.01171875 0.01875
1 0.65 0.55390625 0.01328125 0.0203125
4 0.68203125 0.5875 0.1015625 0.1203125
1 0.30078125 0.425 0.01015625 0.01796875
1 0.85625 0.9515625 0.0171875 0.02734375
1 0.103125 0.5796875 0.0109375 0.01953125
1 0.62578125 0.38125 0.009375 0.01484375
1 0.446875 0.328125 0.00859375 0.0140625
1 0.84140625 0.49140625 0.00859375 0.01640625
1 0.55234375 0.54140625 0.01171875 0.01953125
1 0.8234375 0.37578125 0.00859375 0.01640625
1 0.6109375 0.56796875 0.0125 0.02265625
1 0.990625 0.4609375 0.01328125 0.01796875
1 0.29765625 0.44765625 0.0109375 0.01875
1 0.6109375 0.8984375 0.009375 0.015625
1 0.490625 0.29296875 0.00703125 0.0140625
1 0.63515625 0.90234375 0.01171875 0.01328125
1 0.15859375 0.35703125 0.01171875 0.0171875
1 0.7359375 0.5046875 0.0125 0.01953125
1 0.30703125 0.378125 0.01015625 0.01640625
1 0.06484375 0.64921875 0.0125 0.01640625
1 0.91875 0.384375 0.00859375 0.01484375
1 0.66484375 0.36953125 0.00859375 0.01484375
1 0.6140625 0.35625 0.00859375 0.0140625
1 0.690625 0.403125 0.009375 0.01640625
1 0.6 0.5609375 0.01171875 0.021875
1 0.6640625 0.42265625 0.01015625 0.0171875
1 0.61640625 0.3796875 0.00859375 0.01484375
1 0.84921875 0.371875 0.009375 0.01484375
1 0.74765625 0.553125 0.01171875 0.0203125
1 0.36796875 0.3171875 0.0078125 0.0140625
1 0.978125 0.446875 0.01171875 0.0171875
1 0.6796875 0.353125 0.0078125 0.0140625
1 0.253125 0.5734375 0.01328125 0.02265625
1 0.81171875 0.871875 0.0078125 0.0125
1 0.3015625 0.89921875 0.01015625 0.0171875
1 0.68515625 0.903125 0.01015625 0.0125
1 0.99609375 0.425 0.00703125 0.0171875
1 0.11328125 0.35703125 0.01171875 0.01640625
1 0.7546875 0.88359375 0.00859375 0.015625
1 0.6734375 0.40703125 0.01015625 0.015625
1 0.56640625 0.3828125 0.00859375 0.01484375
1 0.14453125 0.3390625 0.00859375 0.0140625
1 0.88359375 0.46171875 0.0109375 0.01953125
1 0.9421875 0.3859375 0.01015625 0.0171875
1 0.725 0.50234375 0.01171875 0.01953125
1 0.73515625 0.88125 0.01015625 0.0140625
1 0.89921875 0.52265625 0.01171875 0.0203125
1 0.64296875 0.3703125 0.009375 0.01484375
1 0.55546875 0.5203125 0.01171875 0.01640625
1 0.8765625 0.48359375 0.01015625 0.01640625
1 0.6546875 0.3546875 0.00859375 0.01328125
1 0.746875 0.4578125 0.01015625 0.01875
1 0.1890625 0.303125 0.00703125 0.01328125
1 0.71015625 0.33203125 0.009375 0.01484375
1 0.225 0.95078125 0.015625 0.02890625
1 0.521875 0.37421875 0.009375 0.01640625
1 0.3296875 0.35 0.00859375 0.0125
1 0.875 0.4671875 0.0109375 0.015625
1 0.59609375 0.33984375 0.00859375 0.0140625
1 0.0046875 0.37421875 0.009375 0.01640625
1 0.2859375 0.43125 0.009375 0.0140625
1 0.26796875 0.88984375 0.00859375 0.01640625
1 0.67890625 0.3765625 0.00859375 0.01484375
1 0.3265625 0.9046875 0.0109375 0.01171875
1 0.83828125 0.32734375 0.009375 0.01484375
1 0.65078125 0.38828125 0.01015625 0.01484375
1 0.8828125 0.3 0.0078125 0.01328125
1 0.2421875 0.609375 0.0125 0.01875
1 0.415625 0.3484375 0.01015625 0.015625
1 0.66796875 0.903125 0.0109375 0.01328125
1 0.23515625 0.63125 0.0109375 0.01328125
1 0.57265625 0.33828125 0.01015625 0.01328125
1 0.82109375 0.90703125 0.0109375 0.01796875
1 0.55859375 0.3765625 0.009375 0.01484375
1 0.53984375 0.39765625 0.01015625 0.0171875
1 0.10078125 0.3765625 0.0109375 0.01640625
1 0.19140625 0.2625 0.00859375 0.01328125
1 0.65390625 0.903125 0.0109375 0.0125
1 0.47734375 0.615625 0.01015625 0.01640625
1 0.2765625 0.45078125 0.01015625 0.0171875
1 0.60390625 0.86953125 0.00703125 0.0125
1 0.2484375 0.6484375 0.01171875 0.0140625
1 0.228125 0.92421875 0.0140625 0.02109375
1 0.8109375 0.34453125 0.00859375 0.01484375
1 0.8765625 0.94375 0.01484375 0.021875
1 0.334375 0.3359375 0.0078125 0.01171875
1 0.69453125 0.5484375 0.01015625 0.01875
1 0.034375 0.4265625 0.01015625 0.01875
1 0.54140625 0.27421875 0.00625 0.01171875
1 0.60703125 0.38203125 0.00859375 0.01328125
1 0.65234375 0.30078125 0.00859375 0.01484375
1 0.51875 0.25859375 0.0078125 0.01328125
1 0.615625 0.8703125 0.00859375 0.0140625
1 0.02109375 0.36953125 0.01171875 0.01640625
1 0.6640625 0.34140625 0.009375 0.0140625
1 0.7890625 0.8859375 0.0078125 0.015625
1 0.10078125 0.35390625 0.01171875 0.0171875
1 0.17578125 0.30078125 0.009375 0.0140625
1 0.2578125 0.8890625 0.009375 0.015625
1 0.21484375 0.92421875 0.0140625 0.02265625
1 0.12578125 0.28984375 0.00859375 0.0140625
1 0.34609375 0.29140625 0.00703125 0.01171875
1 0.7796875 0.878125 0.00703125 0.01171875
1 0.13515625 0.33125 0.009375 0.0125
1 0.34453125 0.325 0.009375 0.01328125
1 0.153125 0.93828125 0.0171875 0.03203125
1 0.70703125 0.878125 0.01328125 0.015625
1 0.965625 0.3875 0.01015625 0.015625
1 0.284375 0.875 0.01015625 0.01484375
1 0.07109375 0.9609375 0.01875 0.025
1 0.32734375 0.37265625 0.009375 0.01875
1 0.82734375 0.2796875 0.0078125 0.0125
1 0.14453125 0.28359375 0.00859375 0.01484375
1 0.46875 0.615625 0.00859375 0.015625
1 0.2578125 0.6171875 0.009375 0.01171875
1 0.63984375 0.2984375 0.00859375 0.0140625
1 0.93203125 0.3796875 0.0078125 0.0140625
1 0.2328125 0.9046875 0.01171875 0.0140625
1 0.1265625 0.88984375 0.01171875 0.0171875
1 0.13671875 0.265625 0.00859375 0.01328125
1 0.15703125 0.28125 0.0125 0.01484375
1 0.8046875 0.3734375 0.00625 0.0140625
1 0.31875 0.378125 0.009375 0.01484375
1 0.1140625 0.30390625 0.009375 0.01328125
1 0.89453125 0.9171875 0.01171875 0.01875
1 0.5828125 0.87109375 0.0078125 0.01171875
1 0.5359375 0.56171875 0.00703125 0.01484375
1 0.68125 0.8890625 0.009375 0.01640625
1 0.1046875 0.33671875 0.00859375 0.01328125
1 0.31953125 0.353125 0.0078125 0.0109375
1 0.8296875 0.87578125 0.0078125 0.0125
1 0.44453125 0.90234375 0.009375 0.01484375
1 0.79609375 0.8578125 0.00859375 0.01171875
1 0.384375 0.26015625 0.0078125 0.0140625
1 0.21953125 0.8953125 0.01015625 0.0171875
1 0.37734375 0.271875 0.009375 0.0140625
1 0.85234375 0.2828125 0.0078125 0.015625
1 0.134375 0.95625 0.01484375 0.028125
1 0.1125 0.26015625 0.0078125 0.0140625
1 0.69375 0.32421875 0.00703125 0.01328125
1 0.6609375 0.3078125 0.0078125 0.0140625
1 0.3375 0.31953125 0.00859375 0.01484375
1 0.8640625 0.8953125 0.01171875 0.01875
1 0.97109375 0.40703125 0.01015625 0.0171875
1 0.3515625 0.31484375 0.0078125 0.0125
1 0.88984375 0.278125 0.01015625 0.015625
1 0.0734375 0.9890625 0.01875 0.01953125
1 0.8671875 0.28359375 0.009375 0.0140625
1 0.8625 0.9890625 0.02109375 0.021875
1 0.53984375 0.2578125 0.00703125 0.01171875
1 0.8703125 0.9703125 0.01328125 0.01875
1 0.84375 0.865625 0.00546875 0.009375
1 0.06015625 0.3453125 0.009375 0.01484375
1 0.09140625 0.915625 0.01328125 0.02109375
1 0.82109375 0.890625 0.009375 0.0125
1 0.19375 0.890625 0.01171875 0.01640625
3 0.4703125 0.8609375 0.04609375 0.07109375
1 0.82734375 0.93203125 0.01328125 0.02421875
1 0.3390625 0.29921875 0.009375 0.0125
1 0.32109375 0.34453125 0.0078125 0.01015625
1 0.63515625 0.3546875 0.01015625 0.0109375
1 0.83515625 0.271875 0.00859375 0.01171875
1 0.353125 0.621875 0.009375 0.01171875
1 0.72265625 0.865625 0.0078125 0.0140625
1 0.6265625 0.26328125 0.00703125 0.0125
1 0.55390625 0.87734375 0.0046875 0.009375
1 0.18984375 0.86796875 0.00703125 0.01015625
1 0.2265625 0.87578125 0.00859375 0.0125
1 0.96953125 0.3703125 0.00859375 0.0140625
1 0.84765625 0.89375 0.01015625 0.01640625
1 0.61953125 0.259375 0.0078125 0.0125
1 0.43671875 0.89921875 0.009375 0.01640625
1 0.8984375 0.94296875 0.01328125 0.01796875
1 0.090625 0.3015625 0.009375 0.0125
1 0.35390625 0.63359375 0.00859375 0.009375
1 0.59921875 0.2578125 0.00859375 0.0109375
1 0.55703125 0.86484375 0.00625 0.0109375
1 0.23515625 0.86796875 0.00703125 0.0109375
1 0.8359375 0.915625 0.01484375 0.02734375
1 0.69296875 0.88125 0.00703125 0.0140625