3 0.2078125 0.809375 0.1 0.05625
4 0.4015625 0.4578125 0.1484375 0.11875
1 0.52734375 0.56484375 0.04375 0.015625
3 0.95078125 0.4859375 0.0984375 0.090625
1 0.4109375 0.38359375 0.040625 0.00625
0 0.7953125 0.21484375 0.040625 0.009375
1 0.34140625 0.41484375 0.040625 0.0078125
1 0.3109375 0.37421875 0.040625 0.0078125
2 0.2546875 0.196875 0.121875 0.0578125
1 0.09140625 0.384375 0.0421875 0.009375
1 0.23203125 0.49921875 0.04375 0.0125
1 0.72734375 0.521875 0.0421875 0.009375
1 0.28203125 0.60703125 0.046875 0.0140625
1 0.88203125 0.47421875 0.04375 0.0109375
0 0.9453125 0.221875 0.046875 0.01875
1 0.83828125 0.4609375 0.0390625 0.00625
1 0.86015625 0.59375 0.04375 0.0140625
1 0.34921875 0.565625 0.0453125 0.015625
0 0.79375 0.2625 0.040625 0.00625
1 0.32265625 0.85390625 0.0421875 0.0109375
1 0.2015625 0.859375 0.04375 0.0109375
1 0.021875 0.3390625 0.0421875 0.0078125
1 0.2140625 0.56015625 0.0453125 0.0125
1 0.20078125 0.54921875 0.0453125 0.015625
1 0.88203125 0.5203125 0.0421875 0.0109375
1 0.34765625 0.38359375 0.040625 0.0078125
1 0.91796875 0.5421875 0.04375 0.0109375
1 0.740625 0.54921875 0.04375 0.0125
1 0.84921875 0.47421875 0.040625 0.00625
1 0.8984375 0.48671875 0.040625 0.009375
1 0.11171875 0.334375 0.040625 0.00625
1 0.09296875 0.30859375 0.040625 0.00625
1 0.371875 0.553125 0.0453125 0.0140625
1 0.8953125 0.5859375 0.04375 0.0109375
1 0.30703125 0.57890625 0.04375 0.0078125
1 0.684375 0.4984375 0.0421875 0.0078125
1 0.68828125 0.4375 0.040625 0.00625
1 0.890625 0.6765625 0.046875 0.0140625
1 0.56796875 0.34453125 0.0390625 0.0046875
1 0.88671875 0.4140625 0.040625 0.00625
1 0.60234375 0.50234375 0.0390625 0.009375
3 0.73046875 0.89609375 0.1703125 0.1375
1 0.50546875 0.45234375 0.0421875 0.0078125
1 0.9 0.453125 0.0390625 0.00625
1 0.71328125 0.4578125 0.040625 0.009375
1 0.52578125 0.453125 0.040625 0.009375
1 0.50078125 0.8984375 0.04375 0.0125
1 0.38515625 0.37890625 0.040625 0.0078125
1 0.93125 0.54765625 0.04375 0.0109375
1 0.634375 0.4125 0.040625 0.0078125
1 0.70390625 0.515625 0.0421875 0.009375
1 0.20859375 0.6015625 0.0453125 0.0140625
1 0.834375 0.99140625 0.0546875 0.0078125
1 0.9109375 0.96640625 0.046875 0.0203125
1 0.109375 0.92109375 0.0515625 0.0265625
1 0.70703125 0.49453125 0.0421875 0.009375
1 0.828125 0.384375 0.040625 0.00625
1 0.40546875 0.33828125 0.040625 0.00625
1 0.43671875 0.88671875 0.0453125 0.015625
1 0.43984375 0.38984375 0.0390625 0.003125
1 0.6875 0.41015625 0.040625 0.00625
1 0.18671875 0.596875 0.046875 0.0140625
1 0.50703125 0.4296875 0.040625 0.0078125
1 0.25078125 0.5953125 0.04375 0.009375
1 0.828125 0.3578125 0.0390625 0.0046875
1 0.39296875 0.3390625 0.0390625 0.00625
0 0.84453125 0.08984375 0.0421875 0.0125
0 0.80703125 0.18984375 0.0421875 0.009375
1 0.3609375 0.375 0.040625 0.0078125
1 0.83984375 0.4359375 0.0390625 0.00625
1 0.834375 0.4234375 0.040625 0.0046875
1 0.30390625 0.3109375 0.040625 0.0046875
1 0.67109375 0.31875 0.0390625 0.003125
1 0.3296875 0.45703125 0.0421875 0.0109375
1 0.865625 0.38125 0.0390625 0.0046875
1 0.47578125 0.34765625 0.040625 0.00625
1 0.9078125 0.4359375 0.0421875 0.0078125
1 0.865625 0.43828125 0.0390625 0.00625
1 0.8453125 0.39921875 0.040625 0.00625
1 0.69296875 0.46875 0.0421875 0.0078125
1 0.85078125 0.378125 0.0390625 0.00625
0 0.959375 0.27421875 0.04375 0.0125
1 0.53359375 0.34140625 0.0390625 0.00625
1 0.06953125 0.30703125 0.040625 0.0078125
1 0.87890625 0.43046875 0.0421875 0.009375
1 0.68515625 0.35078125 0.0390625 0.0046875
1 0.128125 0.83671875 0.0390625 0.0046875
1 0.50859375 0.32890625 0.0390625 0.0046875
1 0.47890625 0.32109375 0.0390625 0.003125
1 0.6984375 0.34765625 0.040625 0.0046875
1 0.9203125 0.46171875 0.040625 0.009375
1 0.7265625 0.4875 0.0421875 0.009375
1 0.8546875 0.35234375 0.0390625 0.00625
1 0.57890625 0.37265625 0.0390625 0.003125
1 0.7015625 0.42578125 0.040625 0.0078125
1 0.60234375 0.36875 0.040625 0.00625
1 0.64375 0.36484375 0.040625 0.0046875
0 0.7515625 0.2140625 0.040625 0.0078125
1 0.4921875 0.41796875 0.04375 0.0109375
1 0.15234375 0.2765625 0.0390625 0.003125
1 0.053125 0.8390625 0.040625 0.00625
1 0.7171875 0.4875 0.040625 0.009375
1 0.8796875 0.93828125 0.046875 0.015625
1 0.178125 0.275 0.0375 0.003125
0 0.93984375 0.1953125 0.04375 0.0140625
1 0.55390625 0.3078125 0.0390625 0.003125
1 0.84921875 0.4375 0.040625 0.00625
1 0.51328125 0.51015625 0.0375 0.00625
1 0.8515625 0.42578125 0.0390625 0.003125
0 0.93359375 0.08515625 0.04375 0.0109375
1 0.61015625 0.40625 0.040625 0.00625
0 0.7921875 0.18671875 0.040625 0.009375
0 0.2671875 0.16328125 0.0390625 0.0078125
1 0.4296875 0.3484375 0.0390625 0.003125
1 0.64140625 0.871875 0.0421875 0.009375
0 0.565625 0.78515625 0.04375 0.0140625
1 0.23203125 0.6171875 0.0421875 0.0046875
1 0.803125 0.93203125 0.046875 0.01875
1 0.6625 0.38046875 0.040625 0.00625
2 0.77578125 0.24921875 0.1203125 0.046875
1 0.6453125 0.3375 0.0390625 0.0046875
1 0.4125 0.83828125 0.0375 0.0046875
1 0.7109375 0.47421875 0.040625 0.0046875
1 0.46015625 0.334375 0.0390625 0.0046875
1 0.134375 0.821875 0.040625 0.003125
0 0.88046875 0.07421875 0.0421875 0.0078125
1 0.609375 0.33515625 0.0390625 0.0046875
1 0.11953125 0.82109375 0.0390625 0.0015625
1 0.128125 0.29453125 0.040625 0.0046875
1 0.63203125 0.4390625 0.040625 0.00625
0 0.85859375 0.07421875 0.040625 0.0078125
1 0.12890625 0.27109375 0.0390625 0.003125
1 0.42734375 0.3609375 0.040625 0.00625
1 0.08203125 0.290625 0.0421875 0.0078125
1 0.93515625 0.4421875 0.0421875 0.0078125
1 0.34765625 0.36640625 0.040625 0.00625
1 0.8953125 0.42734375 0.0421875 0.0078125
0 0.81015625 0.26953125 0.0375 0.003125
0 0.75625 0.81875 0.0421875 0.009375
1 0.6359375 0.31953125 0.0390625 0.00625
1 0.59140625 0.91015625 0.0390625 0.00625
1 0.11484375 0.28203125 0.0375 0.003125
0 0.26015625 0.18515625 0.0375 0.0015625
1 0.45234375 0.32890625 0.0390625 0.0046875
1 0.028125 0.90546875 0.0375 0.009375
1 0.1609375 0.2984375 0.0390625 0.0046875
1 0.68984375 0.39375 0.0390625 0.0046875
1 0.375 0.29296875 0.0390625 0.0046875
1 0.66640625 0.8703125 0.0375 0.003125
1 0.52578125 0.321875 0.0390625 0.003125
1 0.0421875 0.3078125 0.0390625 0.00625
4 0.02109375 0.85078125 0.0421875 0.1796875
1 0.08046875 0.82421875 0.0375 0.00625
1 0.64921875 0.31640625 0.0375 0.003125
1 0.1671875 0.3046875 0.0421875 0.0046875
1 0.88828125 0.43671875 0.0390625 0.0046875
0 0.5875 0.79296875 0.04375 0.015625
1 0.15859375 0.81484375 0.040625 0.0015625
1 0.58828125 0.31015625 0.0375 0.003125
1 0.871875 0.35625 0.0390625 0.0046875
1 0.03828125 0.9078125 0.0390625 0.009375
1 0.034375 0.8953125 0.0421875 0.00625
1 0.03203125 0.8375 0.040625 0.0046875
1 0.5921875 0.89453125 0.0421875 0.0078125
1 0.43515625 0.83515625 0.0390625 0.003125
1 0.909375 0.42265625 0.040625 0.003125
1 0.05703125 0.825 0.0390625 0.003125
1 0.4390625 0.4 0.0390625 0.003125
0 0.2265625 0.7109375 0.0375 0.0046875
1 0.9234375 0.4375 0.040625 0.00625
1 0.14296875 0.81484375 0.0375 0.0015625
1 0.62578125 0.4484375 0.040625 0.0046875
1 0.64921875 0.878125 0.040625 0.0078125
1 0.5296875 0.8171875 0.04375 0.0140625
1 0.790625 0.93125 0.0421875 0.0125
0 0.865625 0.0875 0.040625 0.0046875
1 0.80859375 0.87890625 0.0390625 0.0015625
1 0.8609375 0.33671875 0.0375 0.003125
1 0.5796875 0.31484375 0.0390625 0.003125
1 0.91875 0.4046875 0.0390625 0.0046875
1 0.4375 0.803125 0.0375 0.0015625
1 0.16875 0.275 0.0421875 0.0046875
1 0.0953125 0.2828125 0.0390625 0.0046875
0 0.8984375 0.0546875 0.0421875 0.009375
1 0.6625 0.3671875 0.040625 0.003125
1 0.3921875 0.2875 0.0390625 0.00625
0 0.896875 0.08984375 0.0421875 0.009375
1 0.40625 0.81484375 0.0375 0.0015625
1 0.915625 0.3828125 0.040625 0.00625
0 0.75703125 0.8375 0.040625 0.003125
1 0.80546875 0.90078125 0.0421875 0.0109375
1 0.8234375 0.9140625 0.0453125 0.0109375
1 0.8625 0.9265625 0.04375 0.0125
1 0.5921875 0.3390625 0.0375 0.003125
1 0.60390625 0.9125 0.04375 0.0046875
1 0.95390625 0.43203125 0.0390625 0.0046875
1 0.9140625 0.365625 0.040625 0.0046875
1 0.61875 0.99453125 0.0546875 0.0015625
1 0.8390625 0.87265625 0.0375 0.0015625