4 0.378125 0.31953125 0.1109375 0.1109375
3 0.1109375 0.278125 0.10625 0.0828125
2 0.77265625 0.225 0.1203125 0.0765625
2 0.25703125 0.1984375 0.125 0.075
1 0.37109375 0.4984375 0.0421875 0.0296875
1 0.97421875 0.44921875 0.040625 0.0265625
4 0.8671875 0.4640625 0.1234375 0.125
1 0.5609375 0.45859375 0.040625 0.0296875
1 0.6015625 0.3984375 0.040625 0.0265625
1 0.62421875 0.3984375 0.0390625 0.025
1 0.28671875 0.58515625 0.04375 0.0328125
1 0.709375 0.46328125 0.040625 0.0265625
1 0.553125 0.3828125 0.0390625 0.025
1 0.62265625 0.4953125 0.0421875 0.0296875
4 0.85078125 0.32421875 0.1 0.0984375
1 0.68125 0.4625 0.040625 0.0265625
1 0.2625 0.5984375 0.0421875 0.03125
1 0.73359375 0.51875 0.0421875 0.03125
4 0.815625 0.86875 0.08125 0.0734375
1 0.1984375 0.89453125 0.0421875 0.0296875
1 0.83203125 0.93046875 0.0421875 0.03125
1 0.36171875 0.434375 0.040625 0.0265625
1 0.165625 0.6296875 0.0453125 0.0328125
1 0.334375 0.396875 0.0390625 0.025
1 0.96015625 0.40546875 0.040625 0.0265625
1 0.3921875 0.415625 0.0390625 0.0265625
0 0.82890625 0.059375 0.0421875 0.0296875
1 0.9375 0.44140625 0.040625 0.028125
4 0.65625 0.88203125 0.1046875 0.0921875
1 0.68125 0.44140625 0.040625 0.0265625
1 0.8125 0.9828125 0.05 0.034375
1 0.91953125 0.47734375 0.040625 0.028125
1 0.4421875 0.465625 0.040625 0.028125
3 0.759375 0.86171875 0.0875 0.065625
1 0.32421875 0.36875 0.0390625 0.0265625
1 0.0375 0.384375 0.0421875 0.0265625
1 0.221875 0.8703125 0.0390625 0.0234375
1 0.259375 0.4265625 0.040625 0.028125
1 0.40078125 0.46328125 0.040625 0.028125
1 0.32734375 0.884375 0.040625 0.0265625
1 0.85390625 0.390625 0.0390625 0.0265625
1 0.5421875 0.90546875 0.0390625 0.021875
1 0.50625 0.4578125 0.040625 0.0265625
1 0.40625 0.49140625 0.0421875 0.028125
1 0.07734375 0.3796875 0.040625 0.0265625
1 0.6046875 0.3265625 0.0390625 0.025
1 0.5953125 0.37734375 0.0390625 0.0265625
1 0.10390625 0.55078125 0.04375 0.03125
1 0.50078125 0.43671875 0.040625 0.0265625
1 0.5453125 0.42109375 0.040625 0.0265625
1 0.8890625 0.346875 0.040625 0.0265625
1 0.459375 0.3546875 0.0375 0.025
0 0.15703125 0.053125 0.0421875 0.0296875
1 0.46015625 0.42265625 0.040625 0.0265625
1 0.42421875 0.38515625 0.040625 0.028125
1 0.42421875 0.35234375 0.0390625 0.025
1 0.9203125 0.40390625 0.040625 0.028125
1 0.3359375 0.5359375 0.0421875 0.03125
1 0.0546875 0.38515625 0.0421875 0.0265625
1 0.8171875 0.38046875 0.0390625 0.025
1 0.83203125 0.3921875 0.040625 0.0265625
1 0.65546875 0.31328125 0.0390625 0.025
1 0.41328125 0.5671875 0.04375 0.0328125
1 0.975 0.38671875 0.0390625 0.0234375
1 0.490625 0.38984375 0.040625 0.0265625
1 0.496875 0.471875 0.040625 0.028125
0 0.84140625 0.05390625 0.04375 0.0296875
1 0.4640625 0.3796875 0.0390625 0.025
1 0.453125 0.39140625 0.040625 0.025
1 0.090625 0.309375 0.0390625 0.025
1 0.365625 0.475 0.040625 0.028125
1 0.39921875 0.44609375 0.040625 0.025
0 0.19453125 0.00703125 0.0421875 0.0140625
0 0.26640625 0.1703125 0.0375 0.025
1 0.98984375 0.43359375 0.0203125 0.0265625
1 0.67109375 0.38984375 0.0390625 0.025
1 0.19140625 0.309375 0.0390625 0.0234375
1 0.54296875 0.29296875 0.0375 0.0234375
1 0.2390625 0.45703125 0.040625 0.028125
1 0.275 0.50078125 0.0421875 0.03125
1 0.46640625 0.29375 0.0390625 0.0234375
1 0.50234375 0.40234375 0.040625 0.0265625
1 0.44296875 0.42890625 0.040625 0.0265625
1 0.48984375 0.434375 0.040625 0.028125
1 0.7265625 0.91015625 0.0421875 0.0296875
1 0.77734375 0.890625 0.0375 0.021875
1 0.55703125 0.40703125 0.040625 0.0265625
1 0.87265625 0.95390625 0.0453125 0.0328125
1 0.6890625 0.3375 0.0390625 0.0234375
1 0.5125 0.39921875 0.040625 0.0265625
1 0.11015625 0.93984375 0.0484375 0.0390625
1 0.6765625 0.37109375 0.040625 0.0265625
1 0.47421875 0.390625 0.0421875 0.0265625
1 0.65390625 0.43203125 0.040625 0.025
1 0.475 0.33671875 0.0390625 0.025
1 0.6078125 0.36015625 0.0390625 0.0234375
1 0.4546875 0.4609375 0.0390625 0.0265625
1 0.83125 0.90625 0.0390625 0.025
1 0.53984375 0.35 0.0390625 0.025
1 0.48046875 0.41015625 0.040625 0.028125
1 0.91875 0.38515625 0.040625 0.0265625
1 0.6265625 0.36328125 0.0390625 0.0234375
1 0.628125 0.28203125 0.0390625 0.0234375
1 0.57890625 0.390625 0.0390625 0.0234375
1 0.39921875 0.334375 0.040625 0.025
1 0.53984375 0.37578125 0.0390625 0.0265625
1 0.23125 0.44375 0.0390625 0.025
1 0.828125 0.36484375 0.0390625 0.025
0 0.67265625 0.7796875 0.0421875 0.0296875
1 0.11875 0.31875 0.040625 0.0234375
0 0.225 0.14375 0.0421875 0.0328125
1 0.55703125 0.35390625 0.0390625 0.0234375
1 0.6203125 0.32734375 0.0390625 0.025
1 0.80625 0.4125 0.040625 0.0265625
1 0.56875 0.40234375 0.040625 0.025
1 0.509375 0.36640625 0.0390625 0.0234375
1 0.4796875 0.44609375 0.040625 0.0265625
1 0.15859375 0.87109375 0.0375 0.0234375
1 0.71015625 0.3265625 0.0375 0.0234375
1 0.909375 0.34765625 0.0390625 0.0234375
0 0.2765625 0.21171875 0.0359375 0.0234375
1 0.05703125 0.36484375 0.0390625 0.0234375
1 0.14765625 0.94296875 0.0484375 0.0421875
1 0.0375 0.35234375 0.0390625 0.0234375
0 0.253125 0.15234375 0.040625 0.028125
1 0.67578125 0.3484375 0.0390625 0.0234375
1 0.23984375 0.4328125 0.040625 0.028125
1 0.43359375 0.33984375 0.0390625 0.0234375
0 0.6984375 0.7203125 0.040625 0.0296875
1 0.51953125 0.36015625 0.0390625 0.025
1 0.6203125 0.37109375 0.0375 0.0234375
1 0.41875 0.4828125 0.0390625 0.028125
1 0.909375 0.9484375 0.0421875 0.0296875
1 0.534375 0.3234375 0.0390625 0.0234375
1 0.79921875 0.92109375 0.0421875 0.0296875
1 0.65546875 0.3578125 0.040625 0.0234375
1 0.921875 0.33671875 0.0390625 0.0234375
1 0.5046875 0.3234375 0.0390625 0.021875
1 0.8140625 0.35703125 0.0375 0.0234375
1 0.89140625 0.92265625 0.0421875 0.0296875
1 0.17265625 0.896875 0.0421875 0.0296875
1 0.8265625 0.3375 0.0421875 0.0296875
1 0.6671875 0.35078125 0.040625 0.025
1 0.15859375 0.89609375 0.0375 0.028125
1 0.51953125 0.32578125 0.0390625 0.0234375
1 0.42578125 0.25625 0.0375 0.021875
1 0.03125 0.3703125 0.0390625 0.021875
1 0.65546875 0.415625 0.0390625 0.0234375
1 0.4890625 0.3296875 0.0390625 0.0234375
1 0.88046875 0.89375 0.0375 0.0203125
1 0.89765625 0.378125 0.0421875 0.0265625
1 0.82265625 0.90859375 0.040625 0.0265625
1 0.13984375 0.2484375 0.0375 0.021875
1 0.51640625 0.38671875 0.040625 0.025
1 0.50234375 0.38515625 0.040625 0.025
1 0.6734375 0.33359375 0.0375 0.0234375
1 0.0546875 0.31171875 0.040625 0.0234375
0 0.6359375 0.71875 0.040625 0.025
1 0.56484375 0.27890625 0.0375 0.0234375
1 0.4875 0.36875 0.0421875 0.0234375
1 0.87109375 0.56171875 0.0375 0.025
1 0.25546875 0.8703125 0.0375 0.0234375
0 0.16796875 0.03046875 0.0421875 0.0296875
1 0.534375 0.396875 0.0421875 0.028125
1 0.98515625 0.4109375 0.0296875 0.025
1 0.68828125 0.3828125 0.0421875 0.028125
1 0.871875 0.41171875 0.0390625 0.0234375
1 0.425 0.3359375 0.0390625 0.025
1 0.509375 0.30625 0.0375 0.021875
1 0.409375 0.33359375 0.0390625 0.025
0 0.88203125 0.24140625 0.0421875 0.0296875
1 0.490625 0.34375 0.0390625 0.0234375
1 0.07421875 0.9671875 0.0515625 0.0453125
1 0.7109375 0.35234375 0.0390625 0.0234375
1 0.33203125 0.28984375 0.0390625 0.021875
1 0.746875 0.89921875 0.0390625 0.025
0 0.728125 0.26953125 0.0390625 0.0265625
1 0.50234375 0.30703125 0.0375 0.021875
0 0.31484375 0.23828125 0.040625 0.0265625
1 0.51953125 0.2953125 0.0390625 0.0234375
1 0.45625 0.26171875 0.0390625 0.0234375
1 0.01640625 0.3859375 0.0328125 0.025
1 0.46796875 0.26953125 0.040625 0.0234375
1 0.4640625 0.403125 0.040625 0.0234375
1 0.92421875 0.66328125 0.0421875 0.0203125
1 0.87421875 0.91015625 0.040625 0.0265625
1 0.32734375 0.8546875 0.0375 0.021875
1 0.47578125 0.265625 0.0375 0.021875
0 0.83671875 0.0390625 0.040625 0.025
0 0.1984375 0.08359375 0.040625 0.028125
1 0.5578125 0.2640625 0.0390625 0.0234375
1 0.85 0.87734375 0.0375 0.021875
1 0.30859375 0.296875 0.0375 0.0234375
1 0.5 0.3484375 0.0390625 0.025
1 0.3265625 0.3328125 0.0390625 0.0234375
1 0.41640625 0.2984375 0.0390625 0.021875
1 0.89765625 0.28671875 0.0421875 0.03125
1 0.48828125 0.35390625 0.040625 0.0203125
1 0.7125 0.37265625 0.0390625 0.025
1 0.68125 0.3265625 0.0390625 0.021875
1 0.71953125 0.878125 0.0421875 0.028125
1 0.4734375 0.37734375 0.040625 0.0234375
1 0.29453125 0.36796875 0.0375 0.025
1 0.415625 0.321875 0.0390625 0.0203125
1 0.0203125 0.37734375 0.0390625 0.0234375
1 0.54296875 0.25859375 0.0375 0.021875
1 0.31171875 0.3140625 0.0375 0.0234375
1 0.22421875 0.85859375 0.0375 0.0203125
0 0.75546875 0.23359375 0.046875 0.034375
1 0.09375 0.915625 0.0421875 0.028125
1 0.87578125 0.27734375 0.0421875 0.03125
0 0.1328125 0.028125 0.0421875 0.0265625
1 0.24921875 0.865625 0.0390625 0.0234375
1 0.54765625 0.865625 0.0359375 0.021875
0 0.61484375 0.7421875 0.0421875 0.0265625
1 0.51796875 0.346875 0.040625 0.021875
1 0.95 0.990625 0.046875 0.01875
3 0.546875 0.83046875 0.0671875 0.046875
1 0.85 0.659375 0.0375 0.01875
1 0.87734375 0.87890625 0.0375 0.021875
1 0.72578125 0.33046875 0.0375 0.0234375
1 0.884375 0.3328125 0.0359375 0.021875
1 0.07109375 0.30625 0.0390625 0.025
1 0.8984375 0.87890625 0.0359375 0.0203125
0 0.12421875 0.03828125 0.0421875 0.03125
1 0.3046875 0.27734375 0.0375 0.0234375