4 0.43984375 0.253125 0.06640625 0.07421875
2 0.7625 0.215625 0.090625 0.0625
2 0.246875 0.209375 0.09140625 0.05625
1 0.28984375 0.5015625 0.0109375 0.01953125
1 0.15625 0.403125 0.009375 0.015625
1 0.3171875 0.509375 0.01171875 0.0203125
1 0.25390625 0.54375 0.0125 0.021875
1 0.665625 0.45390625 0.01015625 0.01875
4 0.2734375 0.87578125 0.08203125 0.08984375
1 0.67890625 0.603125 0.0140625 0.02421875
1 0.0671875 0.415625 0.01015625 0.0171875
1 0.9859375 0.38046875 0.0109375 0.01640625
1 0.29453125 0.52265625 0.01171875 0.021875
4 0.1296875 0.35625 0.07578125 0.10078125
1 0.84296875 0.9046875 0.01171875 0.0203125
1 0.32421875 0.9 0.0109375 0.01640625
1 0.6828125 0.371875 0.00859375 0.015625
1 0.01015625 0.4890625 0.01171875 0.01875
1 0.40625 0.64453125 0.01328125 0.01640625
3 0.80390625 0.8453125 0.0453125 0.0453125
1 0.06328125 0.46875 0.01171875 0.01875
1 0.06484375 0.59296875 0.0125 0.02109375
1 0.92421875 0.36875 0.009375 0.01484375
3 0.42734375 0.55703125 0.1109375 0.13203125
1 0.04609375 0.425 0.01015625 0.01796875
1 0.33359375 0.33984375 0.00859375 0.01484375
1 0.84375 0.303125 0.0078125 0.01328125
1 0.1484375 0.28046875 0.00703125 0.0125
1 0.7625 0.61171875 0.01328125 0.0234375
1 0.91796875 0.9203125 0.0125 0.021875
1 0.096875 0.9328125 0.015625 0.02578125
1 0.17890625 0.3046875 0.0078125 0.01328125
1 0.35 0.55234375 0.0109375 0.0203125
1 0.834375 0.87109375 0.00703125 0.0125
1 0.4859375 0.278125 0.0078125 0.0125
1 0.0328125 0.4203125 0.01015625 0.015625
1 0.890625 0.32109375 0.0078125 0.01484375
1 0.0765625 0.60703125 0.0125 0.01875
1 0.35078125 0.89609375 0.01171875 0.02109375
1 0.45390625 0.32421875 0.00859375 0.01484375
1 0.93828125 0.4109375 0.0109375 0.01796875
1 0.79375 0.97421875 0.01953125 0.034375
1 0.65625 0.26015625 0.00703125 0.01328125
1 0.4671875 0.3203125 0.00703125 0.01328125
1 0.18984375 0.39921875 0.009375 0.0171875
1 0.0390625 0.45390625 0.01171875 0.0171875
1 0.66875 0.33046875 0.0078125 0.0140625
1 0.8859375 0.2828125 0.00859375 0.0125
1 0.68125 0.6453125 0.0109375 0.0125
1 0.0734375 0.9296875 0.0140625 0.025
1 0.0140625 0.46953125 0.0109375 0.01640625
1 0.50625 0.26796875 0.00703125 0.0125
1 0.01328125 0.41953125 0.01171875 0.0171875
1 0.83828125 0.9765625 0.01953125 0.0359375
1 0.01171875 0.440625 0.0125 0.01640625
1 0.5515625 0.328125 0.009375 0.01484375
1 0.909375 0.30546875 0.009375 0.01328125
1 0.92421875 0.30859375 0.00859375 0.01484375
1 0.665625 0.31640625 0.0078125 0.01484375
1 0.81953125 0.309375 0.00859375 0.0140625
1 0.309375 0.88359375 0.009375 0.01484375
1 0.5828125 0.25859375 0.0078125 0.01171875
1 0.16796875 0.27265625 0.0078125 0.01484375
1 0.23125 0.91640625 0.01328125 0.02109375
1 0.571875 0.27421875 0.0078125 0.01328125
1 0.18203125 0.26484375 0.00703125 0.0109375
1 0.08203125 0.64375 0.0125 0.02109375
1 0.840625 0.2859375 0.00703125 0.01328125
1 0.4671875 0.29296875 0.00703125 0.0125
1 0.353125 0.284375 0.0078125 0.01328125
1 0.378125 0.29140625 0.0078125 0.01328125
1 0.87109375 0.87109375 0.0078125 0.01328125
1 0.60859375 0.25703125 0.00703125 0.01171875
1 0.06328125 0.371875 0.01015625 0.01484375
1 0.0203125 0.39453125 0.01015625 0.0140625
1 0.3890625 0.2921875 0.00859375 0.01328125
1 0.1546875 0.2625 0.00703125 0.0125
1 0.9171875 0.35546875 0.00703125 0.0125
1 0.85625 0.27578125 0.0078125 0.01171875
1 0.8234375 0.28125 0.00859375 0.0109375
1 0.94609375 0.93359375 0.0140625 0.0234375
1 0.565625 0.8703125 0.00703125 0.01328125
1 0.1203125 0.98046875 0.01953125 0.03671875
1 0.46015625 0.3046875 0.01015625 0.01328125
1 0.90859375 0.865625 0.00625 0.0125
1 0.03046875 0.37890625 0.01171875 0.01875
1 0.384375 0.2796875 0.0078125 0.0125
1 0.1171875 0.2796875 0.00859375 0.0125
1 0.49375 0.2609375 0.0078125 0.01171875
1 0.78828125 0.8703125 0.009375 0.0125
1 0.8546875 0.86640625 0.00625 0.01015625
1 0.93828125 0.90546875 0.0109375 0.01640625
0 0.74375 0.2265625 0.0125 0.01796875
1 0.37421875 0.2828125 0.00859375 0.0125
1 0.10859375 0.29140625 0.00859375 0.0140625
1 0.1890625 0.9375 0.01328125 0.02421875
3 0.14609375 0.584375 0.11640625 0.13046875
1 0.10859375 0.9109375 0.0125 0.01953125
1 0.121875 0.26640625 0.00859375 0.01484375
1 0.1078125 0.271875 0.00859375 0.01171875
1 0.5578125 0.646875 0.00859375 0.009375
1 0.39140625 0.26640625 0.00703125 0.01171875
1 0.00546875 0.384375 0.01015625 0.01484375
1 0.82109375 0.26953125 0.00703125 0.01328125
1 0.359375 0.27421875 0.009375 0.0109375
1 0.190625 0.9140625 0.00859375 0.0125
1 0.21640625 0.921875 0.0140625 0.02109375
1 0.18828125 0.86640625 0.00703125 0.01015625
1 0.2046875 0.93359375 0.01171875 0.0203125
1 0.13203125 0.26953125 0.00859375 0.0125
1 0.153125 0.91953125 0.0140625 0.02578125
1 0.10859375 0.30703125 0.00859375 0.01015625
1 0.82734375 0.27109375 0.00703125 0.0125
4 0.76484375 0.84140625 0.03671875 0.04296875
1 0.834375 0.85703125 0.00703125 0.01171875
1 0.77109375 0.865625 0.00703125 0.01015625
1 0.81015625 0.2859375 0.00703125 0.0125
1 0.32890625 0.54140625 0.00546875 0.00859375
1 0.2546875 0.9703125 0.015625 0.03125
1 0.2140625 0.87578125 0.009375 0.01328125
1 0.9 0.87578125 0.009375 0.0125
1 0.6984375 0.62421875 0.0109375 0.01171875
1 0.15625 0.9953125 0.00859375 0.00859375
1 0.23203125 0.98828125 0.0203125 0.02265625
1 0.01328125 0.609375 0.0078125 0.0125
1 0.003125 0.37109375 0.00625 0.0125
1 0.47109375 0.8671875 0.00703125 0.00859375
1 0.37734375 0.26875 0.009375 0.0125
1 0.01640625 0.35390625 0.009375 0.01328125
1 0.6796875 0.62578125 0.00859375 0.009375
1 0.13828125 0.91484375 0.01328125 0.0203125
1 0.9328125 0.871875 0.0078125 0.01328125
1 0.5421875 0.64609375 0.009375 0.0109375
1 0.93984375 0.87265625 0.0078125 0.0125
1 0.178125 0.9796875 0.01953125 0.03125
1 0.6328125 0.7328125 0.00703125 0.01328125
1 0.95390625 0.946875 0.009375 0.0140625
1 0.09375 0.321875 0.0078125 0.0125
1 0.05390625 0.36640625 0.009375 0.015625
1 0.45390625 0.8546875 0.0046875 0.0078125
1 0.946875 0.9828125 0.0140625 0.02109375
1 0.06328125 0.34140625 0.01171875 0.02109375
1 0.15546875 0.98046875 0.01015625 0.01796875
1 0.14140625 0.2625 0.00859375 0.0140625