3 0.5359375 0.3171875 0.0890625 0.0765625
1 0.73046875 0.57265625 0.0421875 0.0234375
1 0.77890625 0.56796875 0.0421875 0.0234375
1 0.3984375 0.5921875 0.0421875 0.01875
3 0.1453125 0.309375 0.0890625 0.075
1 0.8265625 0.42265625 0.0390625 0.0171875
2 0.22265625 0.2234375 0.121875 0.065625
1 0.8671875 0.559375 0.0421875 0.0234375
1 0.8859375 0.909375 0.04375 0.0265625
1 0.3703125 0.4984375 0.040625 0.0203125
1 0.2609375 0.50234375 0.040625 0.0203125
1 0.60703125 0.38828125 0.0375 0.0171875
2 0.74609375 0.2203125 0.1234375 0.0515625
1 0.2140625 0.4640625 0.0390625 0.0203125
1 0.29375 0.40625 0.0390625 0.0171875
1 0.4390625 0.3984375 0.0390625 0.0171875
1 0.4359375 0.5390625 0.040625 0.021875
1 0.38203125 0.54609375 0.040625 0.021875
1 0.25625 0.5453125 0.0375 0.021875
1 0.71328125 0.44921875 0.0390625 0.0171875
1 0.46484375 0.56875 0.040625 0.0234375
1 0.384375 0.50234375 0.040625 0.0203125
1 0.478125 0.37578125 0.0375 0.015625
1 0.65703125 0.4015625 0.0375 0.0171875
1 0.66328125 0.453125 0.0390625 0.015625
1 0.1765625 0.88515625 0.0375 0.0171875
1 0.675 0.4921875 0.040625 0.0203125
1 0.365625 0.5328125 0.040625 0.021875
1 0.37421875 0.44375 0.0390625 0.01875
1 0.50625 0.36953125 0.0375 0.01875
1 0.64453125 0.46484375 0.0390625 0.01875
1 0.753125 0.53046875 0.0390625 0.021875
0 0.16640625 0.2109375 0.0390625 0.021875
1 0.8203125 0.40390625 0.0375 0.0171875
1 0.48046875 0.59375 0.040625 0.0171875
0 0.22109375 0.73515625 0.0375 0.015625
1 0.6265625 0.378125 0.0359375 0.0125
1 0.70078125 0.4859375 0.0390625 0.01875
1 0.36875 0.4640625 0.040625 0.0203125
1 0.11953125 0.38046875 0.0375 0.015625
4 0.76328125 0.878125 0.1640625 0.1484375
1 0.0640625 0.35390625 0.0375 0.015625
1 0.47109375 0.54921875 0.040625 0.01875
1 0.70078125 0.4234375 0.0390625 0.0171875
1 0.62265625 0.3390625 0.0375 0.0125
1 0.06015625 0.40390625 0.0390625 0.0171875
1 0.09140625 0.36640625 0.0375 0.015625
1 0.3765625 0.31953125 0.0359375 0.0140625
1 0.81875 0.378125 0.0375 0.015625
1 0.3578125 0.3453125 0.0375 0.0140625
1 0.96171875 0.98359375 0.046875 0.015625
0 0.215625 0.22421875 0.0375 0.0140625
1 0.39921875 0.57265625 0.040625 0.015625
1 0.3234375 0.34375 0.0375 0.0140625
1 0.61484375 0.35234375 0.0375 0.0140625
0 0.234375 0.721875 0.0375 0.015625
1 0.33515625 0.3265625 0.0375 0.0140625
1 0.67265625 0.38203125 0.0390625 0.01875
1 0.98046875 0.63828125 0.0375 0.01875
1 0.3765625 0.52109375 0.040625 0.01875
1 0.34140625 0.8625 0.0375 0.0171875
1 0.07265625 0.35546875 0.0375 0.015625
1 0.6640625 0.4890625 0.0390625 0.01875
1 0.67421875 0.46640625 0.0390625 0.0171875
1 0.15234375 0.6421875 0.0421875 0.01875
1 0.4546875 0.8453125 0.0375 0.015625
1 0.6734375 0.86328125 0.040625 0.01875
1 0.01328125 0.409375 0.0265625 0.01875
4 0.46796875 0.3390625 0.090625 0.06875
1 0.69296875 0.4515625 0.0375 0.0171875
1 0.2921875 0.4359375 0.034375 0.0140625
1 0.95234375 0.428125 0.040625 0.021875
1 0.11171875 0.3546875 0.0375 0.0140625
1 0.81171875 0.31640625 0.0375 0.0140625
3 0.92734375 0.54921875 0.1078125 0.13125
1 0.603125 0.33984375 0.0375 0.0140625
1 0.12890625 0.3546875 0.0359375 0.0140625
1 0.8421875 0.8890625 0.040625 0.021875
1 0.31953125 0.3765625 0.0375 0.0171875
0 0.20078125 0.13984375 0.0390625 0.0171875
1 0.309375 0.85546875 0.0359375 0.0140625
1 0.6453125 0.3875 0.0359375 0.0125
1 0.703125 0.45 0.0390625 0.01875
1 0.92734375 0.34140625 0.0375 0.0140625
1 0.62578125 0.56875 0.0390625 0.01875
0 0.06015625 0.3015625 0.0375 0.015625
0 0.19765625 0.7890625 0.040625 0.0265625
0 0.25078125 0.70703125 0.0390625 0.015625
1 0.40625 0.325 0.0375 0.0140625
1 0.09296875 0.33515625 0.0375 0.0140625
1 0.57578125 0.30390625 0.034375 0.0125
1 0.61171875 0.50078125 0.040625 0.0203125
1 0.875 0.34375 0.0375 0.0140625
1 0.13671875 0.96015625 0.04375 0.0328125
1 0.4390625 0.303125 0.0359375 0.0125
1 0.196875 0.8734375 0.0359375 0.0140625
1 0.01640625 0.39296875 0.0328125 0.0171875
1 0.83671875 0.31484375 0.0375 0.0140625
0 0.76015625 0.18515625 0.040625 0.0171875
0 0.1828125 0.19765625 0.0390625 0.0171875
1 0.1671875 0.3421875 0.0375 0.015625
1 0.39765625 0.30546875 0.0375 0.0125
1 0.29609375 0.8578125 0.0359375 0.0140625
1 0.81015625 0.58515625 0.0375 0.0109375
1 0.8671875 0.34140625 0.0390625 0.0171875
1 0.88359375 0.33359375 0.0390625 0.0171875
1 0.6390625 0.37578125 0.0375 0.0171875
1 0.5828125 0.46796875 0.0375 0.015625
1 0.83828125 0.3 0.0375 0.0140625
1 0.60390625 0.325 0.0375 0.0125
1 0.4765625 0.8421875 0.034375 0.0125
1 0.3984375 0.6421875 0.0421875 0.021875
1 0.6109375 0.33984375 0.0375 0.0125
1 0.62734375 0.51640625 0.0390625 0.01875
0 0.1765625 0.8 0.0375 0.0171875
1 0.646875 0.34453125 0.0375 0.0171875
1 0.1671875 0.64609375 0.04375 0.021875
1 0.35625 0.31484375 0.0375 0.0125
1 0.59609375 0.48203125 0.0375 0.015625
1 0.74296875 0.79296875 0.0390625 0.0171875
1 0.60703125 0.590625 0.0390625 0.0125
1 0.06328125 0.91015625 0.04375 0.021875
1 0.628125 0.3640625 0.0375 0.0125
1 0.434375 0.85 0.0359375 0.0125
1 0.30703125 0.38125 0.0375 0.0140625
1 0.0421875 0.34609375 0.0359375 0.0125
1 0.90625 0.34296875 0.0359375 0.0140625
1 0.1015625 0.94921875 0.04375 0.025
0 0.1 0.796875 0.0421875 0.0234375
1 0.178125 0.865625 0.0359375 0.0140625
0 0.1578125 0.80859375 0.0390625 0.0140625
1 0.625 0.32734375 0.0359375 0.0109375
1 0.87421875 0.8453125 0.0375 0.0140625
1 0.09765625 0.9109375 0.040625 0.021875
0 0.05546875 0.27109375 0.0359375 0.0140625
1 0.47421875 0.81953125 0.034375 0.0109375
0 0.16015625 0.834375 0.0375 0.015625
1 0.6546875 0.4703125 0.0390625 0.01875
1 0.634375 0.50078125 0.0375 0.015625
1 0.58125 0.3296875 0.0375 0.0125
0 0.1453125 0.2671875 0.0390625 0.0171875
1 0.8171875 0.6421875 0.040625 0.0140625
1 0.903125 0.84453125 0.0359375 0.0140625
1 0.4578125 0.83359375 0.0359375 0.0109375
1 0.70390625 0.4375 0.0390625 0.0125
1 0.86875 0.3234375 0.0390625 0.0125
1 0.57421875 0.3421875 0.0359375 0.0140625
1 0.69765625 0.87109375 0.0375 0.0171875
1 0.67265625 0.43828125 0.0390625 0.01875
1 0.1140625 0.32265625 0.0375 0.0125
1 0.1 0.32890625 0.0375 0.0140625
0 0.80859375 0.78828125 0.040625 0.0203125
1 0.07890625 0.9421875 0.0390625 0.0140625
1 0.46328125 0.81953125 0.0359375 0.0109375
1 0.065625 0.33671875 0.0375 0.0140625
1 0.61875 0.5203125 0.0390625 0.0203125
1 0.8375 0.59921875 0.0390625 0.0171875
1 0.83828125 0.58359375 0.0375 0.0125
1 0.01015625 0.39296875 0.0203125 0.0140625
1 0.08125 0.9109375 0.0421875 0.0234375
0 0.27890625 0.73203125 0.0390625 0.015625
1 0.05390625 0.94921875 0.0421875 0.0234375
1 0.115625 0.896875 0.040625 0.021875
1 0.228125 0.84921875 0.0359375 0.0125
1 0.9875 0.9875 0.025 0.00625
1 0.5921875 0.3390625 0.0359375 0.0125
1 0.903125 0.3296875 0.0359375 0.0109375
0 0.1125 0.80078125 0.0375 0.015625
1 0.846875 0.31484375 0.0390625 0.015625
0 0.278125 0.7046875 0.0375 0.0140625
0 0.2265625 0.18125 0.0359375 0.0125
4 0.5953125 0.54296875 0.078125 0.090625
1 0.0734375 0.953125 0.034375 0.0171875
1 0.87265625 0.61484375 0.0421875 0.0234375
1 0.8453125 0.8359375 0.0359375 0.0109375
1 0.8625 0.31484375 0.0375 0.015625
1 0.56796875 0.3296875 0.0359375 0.0109375
0 0.04140625 0.3125 0.0375 0.015625
4 0.440625 0.81484375 0.053125 0.04375
1 0.35 0.30078125 0.0390625 0.0125
0 0.18515625 0.81328125 0.0375 0.0109375
1 0.87421875 0.31015625 0.0375 0.015625
1 0.21015625 0.8546875 0.0375 0.0125
1 0.12734375 0.89453125 0.0390625 0.0203125
1 0.32890625 0.31171875 0.034375 0.0125
1 0.159375 0.86015625 0.0375 0.0140625
1 0.70859375 0.64453125 0.0375 0.009375
1 0.0375 0.9671875 0.040625 0.025
1 0.815625 0.89375 0.0359375 0.0125