3 0.1125 0.3953125 0.0890625 0.1015625
3 0.240625 0.8484375 0.096875 0.09375
1 0.26953125 0.57265625 0.01875 0.021875
4 0.54296875 0.33828125 0.059375 0.0765625
1 0.54453125 0.54375 0.01875 0.021875
1 0.22109375 0.56796875 0.01875 0.021875
1 0.55859375 0.48359375 0.0171875 0.01875
1 0.6796875 0.4859375 0.015625 0.01875
1 0.578125 0.50625 0.015625 0.0171875
1 0.1734375 0.42265625 0.015625 0.015625
1 0.1328125 0.559375 0.01875 0.0203125
1 0.73125 0.5953125 0.01875 0.0171875
3 0.44765625 0.8234375 0.0375 0.0390625
1 0.06484375 0.4375 0.015625 0.015625
1 0.259375 0.53359375 0.0171875 0.0203125
1 0.58125 0.5234375 0.0171875 0.01875
2 0.77421875 0.22421875 0.0921875 0.0625
1 0.71015625 0.50625 0.0171875 0.0203125
3 0.93046875 0.32265625 0.06875 0.0671875
1 0.4109375 0.45703125 0.015625 0.0171875
1 0.28515625 0.44375 0.015625 0.01875
1 0.40703125 0.4203125 0.0140625 0.0125
1 0.76484375 0.56875 0.0171875 0.021875
4 0.09375 0.8484375 0.0765625 0.0921875
1 0.40625 0.47890625 0.015625 0.015625
1 0.0234375 0.4390625 0.015625 0.015625
1 0.54296875 0.390625 0.0140625 0.015625
1 0.04375 0.44609375 0.015625 0.015625
1 0.615625 0.4875 0.015625 0.0171875
1 0.61015625 0.46640625 0.0171875 0.0171875
1 0.33359375 0.45390625 0.015625 0.0140625
1 0.12265625 0.440625 0.015625 0.0171875
1 0.67109375 0.3875 0.0140625 0.015625
2 0.25078125 0.2203125 0.1 0.05
1 0.85 0.34140625 0.0125 0.0125
1 0.15859375 0.8890625 0.0171875 0.0203125
1 0.21875 0.63671875 0.0203125 0.021875
1 0.5359375 0.56796875 0.0171875 0.021875
0 0.76640625 0.79375 0.015625 0.015625
1 0.2890625 0.88125 0.0171875 0.01875
1 0.8234375 0.884375 0.015625 0.015625
0 0.84921875 0.21015625 0.015625 0.0140625
1 0.4546875 0.45703125 0.0140625 0.015625
1 0.325 0.40625 0.0140625 0.0171875
1 0.37421875 0.56875 0.015625 0.015625
4 0.4078125 0.54296875 0.0578125 0.090625
1 0.74453125 0.62109375 0.01875 0.0171875
1 0.3265625 0.86328125 0.0171875 0.0171875
1 0.33515625 0.4875 0.015625 0.015625
1 0.10078125 0.89453125 0.01875 0.021875
1 0.89140625 0.365625 0.0140625 0.0125
1 0.70546875 0.42734375 0.015625 0.0171875
1 0.303125 0.4515625 0.015625 0.015625
1 0.1796875 0.4046875 0.0140625 0.015625
0 0.828125 0.23671875 0.0140625 0.0125
1 0.91171875 0.37578125 0.015625 0.0125
1 0.30234375 0.87109375 0.0140625 0.0140625
1 0.2984375 0.49453125 0.0171875 0.0203125
1 0.3609375 0.37265625 0.0140625 0.0140625
1 0.3875 0.5015625 0.0171875 0.01875
0 0.775 0.7203125 0.0140625 0.015625
1 0.725 0.48125 0.015625 0.0171875
1 0.05078125 0.56171875 0.01875 0.021875
1 0.0359375 0.4203125 0.0171875 0.0171875
1 0.3828125 0.35703125 0.0140625 0.0125
1 0.57734375 0.5765625 0.015625 0.0203125
1 0.37265625 0.3765625 0.0140625 0.0140625
1 0.6765625 0.34375 0.0140625 0.0125
1 0.45234375 0.4421875 0.0125 0.0125
1 0.18125 0.378125 0.0125 0.0140625
1 0.390625 0.38984375 0.0140625 0.0140625
1 0.34609375 0.47421875 0.015625 0.0171875
1 0.37734375 0.33984375 0.0140625 0.0125
1 0.51875 0.59296875 0.0171875 0.0140625
0 0.82265625 0.24609375 0.0140625 0.0125
1 0.93984375 0.40390625 0.015625 0.015625
1 0.95546875 0.38203125 0.0125 0.0125
1 0.1359375 0.87421875 0.0140625 0.015625
0 0.64765625 0.21015625 0.0171875 0.0171875
1 0.825 0.3546875 0.0125 0.0140625
0 0.7953125 0.2109375 0.0140625 0.0140625
1 0.9265625 0.3609375 0.0140625 0.0125
1 0.1796875 0.33125 0.0125 0.0125
0 0.2546875 0.73046875 0.0171875 0.021875
1 0.396875 0.35859375 0.0140625 0.0125
1 0.175 0.578125 0.0171875 0.0140625
0 0.7640625 0.73828125 0.0140625 0.0140625
3 0.4640625 0.38515625 0.0984375 0.096875
1 0.66328125 0.46328125 0.015625 0.0171875
1 0.35234375 0.34375 0.0140625 0.0140625
1 0.70234375 0.3890625 0.0140625 0.0140625
1 0.64296875 0.3453125 0.0140625 0.0140625
0 0.8 0.77734375 0.015625 0.015625
1 0.93515625 0.3734375 0.0140625 0.0109375
1 0.35390625 0.46015625 0.0140625 0.015625
1 0.65859375 0.8625 0.015625 0.015625
1 0.36015625 0.50234375 0.015625 0.0140625
1 0.20546875 0.8921875 0.0203125 0.025
1 0.1640625 0.31484375 0.0125 0.009375
1 0.6640625 0.42578125 0.015625 0.015625
1 0.05234375 0.98203125 0.025 0.0171875
0 0.27109375 0.16015625 0.015625 0.0171875
1 0.68515625 0.85625 0.0140625 0.0125
1 0.16171875 0.3 0.0140625 0.0109375
1 0.45703125 0.90390625 0.0140625 0.009375
0 0.62734375 0.20546875 0.015625 0.015625
0 0.83125 0.7734375 0.015625 0.0171875
0 0.77421875 0.7625 0.0140625 0.0140625
1 0.06484375 0.89453125 0.0171875 0.0203125
1 0.32578125 0.4640625 0.015625 0.0125
1 0.3109375 0.40625 0.015625 0.015625
0 0.81875 0.221875 0.015625 0.015625
4 0.0234375 0.38125 0.046875 0.096875
1 0.4234375 0.30390625 0.0125 0.0109375
0 0.84453125 0.796875 0.0140625 0.015625
1 0.32578125 0.48515625 0.0171875 0.015625
1 0.96171875 0.35234375 0.0140625 0.0125
0 0.8984375 0.8078125 0.0171875 0.0265625
1 0.85703125 0.30625 0.0125 0.0109375
1 0.3890625 0.340625 0.0140625 0.0125
1 0.5140625 0.546875 0.0109375 0.0140625
0 0.27734375 0.1765625 0.0125 0.0109375
1 0.6875 0.38046875 0.015625 0.0125
0 0.79453125 0.190625 0.015625 0.0140625
1 0.07265625 0.34140625 0.0140625 0.0125
0 0.73828125 0.71640625 0.0171875 0.0171875
0 0.16640625 0.17109375 0.0171875 0.0171875
1 0.396875 0.325 0.0125 0.0125
1 0.88203125 0.3265625 0.0125 0.0109375
1 0.50859375 0.36953125 0.0125 0.0125
0 0.21796875 0.19921875 0.015625 0.015625
1 0.99140625 0.40859375 0.0171875 0.0171875
1 0.55390625 0.8453125 0.0140625 0.0109375
1 0.9 0.91484375 0.01875 0.0203125
1 0.72265625 0.859375 0.0125 0.0125
0 0.575 0.2734375 0.015625 0.0140625
1 0.30390625 0.43515625 0.0140625 0.0125
1 0.6671875 0.3234375 0.0140625 0.0125
1 0.14921875 0.32265625 0.0125 0.0109375
1 0.3703125 0.328125 0.0125 0.0109375
1 0.39140625 0.37578125 0.0140625 0.009375
0 0.65390625 0.18046875 0.015625 0.015625
1 0.18984375 0.5859375 0.015625 0.0109375
0 0.60546875 0.22890625 0.015625 0.0140625
1 0.9953125 0.51953125 0.009375 0.0171875
1 0.16640625 0.8421875 0.0125 0.009375
1 0.93515625 0.909375 0.01875 0.021875
1 0.37265625 0.5171875 0.015625 0.0171875
1 0.48515625 0.30703125 0.0140625 0.0125
1 0.58203125 0.30703125 0.0125 0.0109375
1 0.62890625 0.309375 0.0125 0.0125
1 0.9265625 0.95390625 0.0125 0.015625
1 0.87265625 0.2984375 0.0140625 0.0125
1 0.97265625 0.3828125 0.0125 0.0140625
1 0.6375 0.3203125 0.015625 0.0109375
1 0.9921875 0.38984375 0.015625 0.0140625
1 0.40859375 0.3640625 0.0125 0.0125
1 0.884375 0.3078125 0.0125 0.0109375
1 0.025 0.60625 0.01875 0.021875
0 0.59765625 0.25625 0.0140625 0.0109375
1 0.734375 0.846875 0.0125 0.0109375
1 0.77421875 0.85859375 0.0125 0.0109375
1 0.98359375 0.38046875 0.015625 0.0140625
1 0.0546875 0.88671875 0.015625 0.0203125
1 0.39296875 0.590625 0.015625 0.0109375
1 0.896875 0.33046875 0.0140625 0.0125
1 0.68671875 0.8359375 0.0125 0.0109375
1 0.41875 0.32890625 0.0140625 0.0109375
1 0.7890625 0.8546875 0.0125 0.0109375
0 0.615625 0.23125 0.0140625 0.0140625
1 0.7484375 0.85703125 0.0140625 0.0125
1 0.12890625 0.3234375 0.0140625 0.0109375
1 0.54296875 0.83203125 0.0125 0.009375
1 0.3109375 0.8546875 0.0109375 0.009375
1 0.38125 0.51953125 0.015625 0.0171875
1 0.58828125 0.31640625 0.0125 0.0125
0 0.921875 0.79765625 0.0140625 0.0140625
1 0.3265625 0.4359375 0.015625 0.0140625
1 0.13125 0.3359375 0.0140625 0.0109375
0 0.88359375 0.8359375 0.0171875 0.0203125
1 0.42890625 0.3421875 0.015625 0.0109375
1 0.87421875 0.86328125 0.0125 0.0109375
1 0.89765625 0.94921875 0.01875 0.0234375
0 0.9 0.25390625 0.015625 0.0171875
1 0.8734375 0.8953125 0.015625 0.0171875
1 0.11875 0.32890625 0.0140625 0.0125
1 0.81640625 0.8546875 0.0125 0.0109375
1 0.95703125 0.6234375 0.0140625 0.0171875
1 0.43828125 0.35625 0.0125 0.009375
1 0.09453125 0.98125 0.0265625 0.0203125
0 0.77578125 0.18203125 0.0140625 0.0125
1 0.52265625 0.85234375 0.0125 0.009375
1 0.92109375 0.9421875 0.0171875 0.0125
0 0.25234375 0.203125 0.0140625 0.0109375
1 0.12578125 0.84140625 0.0140625 0.015625
1 0.43203125 0.33125 0.0125 0.009375
0 0.59765625 0.24375 0.0140625 0.0109375
1 0.09921875 0.340625 0.0125 0.009375
1 0.60546875 0.29765625 0.0140625 0.0109375
0 0.86796875 0.2625 0.0140625 0.0171875
1 0.76484375 0.853125 0.0125 0.0109375
1 0.096875 0.3296875 0.0125 0.009375
0 0.7671875 0.76953125 0.0140625 0.0140625
1 0.87734375 0.31484375 0.0140625 0.009375
1 0.6515625 0.30078125 0.0125 0.0125
1 0.13671875 0.3125 0.0125 0.0125
1 0.459375 0.3234375 0.0125 0.0125
1 0.94609375 0.94921875 0.01875 0.0203125
3 0.546875 0.77421875 0.046875 0.0421875
1 0.434375 0.49765625 0.015625 0.0140625
1 0.91875 0.9109375 0.01875 0.021875
1 0.43515625 0.34375 0.009375 0.0109375
1 0.4453125 0.85 0.0140625 0.0109375
0 0.83203125 0.2828125 0.0140625 0.0140625
1 0.8859375 0.89921875 0.0171875 0.0203125
1 0.80078125 0.8328125 0.0125 0.0109375
1 0.178125 0.83671875 0.0125 0.009375
1 0.46640625 0.321875 0.0140625 0.0125
1 0.80625 0.84921875 0.0140625 0.0109375
1 0.12734375 0.615625 0.01875 0.021875