4 0.64453125 0.3734375 0.08203125 0.09140625
2 0.76953125 0.2203125 0.08828125 0.05859375
1 0.13203125 0.57734375 0.0140625 0.021875
1 0.3234375 0.46796875 0.0109375 0.01953125
1 0.61640625 0.43515625 0.009375 0.01796875
3 0.7828125 0.8296875 0.06328125 0.05859375
3 0.22890625 0.88359375 0.1421875 0.1484375
1 0.14765625 0.425 0.01015625 0.0171875
1 0.81015625 0.90390625 0.0140625 0.025
1 0.68359375 0.41953125 0.01015625 0.0171875
1 0.78203125 0.93359375 0.0171875 0.03203125
1 0.54375 0.4203125 0.009375 0.01640625
1 0.434375 0.40703125 0.01015625 0.0171875
1 0.30625 0.40390625 0.01015625 0.015625
1 0.0796875 0.41796875 0.009375 0.01484375
2 0.24921875 0.2265625 0.090625 0.05078125
1 0.64296875 0.86796875 0.009375 0.01796875
1 0.91796875 0.37890625 0.009375 0.015625
1 0.11796875 0.39765625 0.00859375 0.01640625
1 0.575 0.896875 0.01328125 0.02109375
1 0.00703125 0.56796875 0.01328125 0.0203125
1 0.39609375 0.87734375 0.01015625 0.01796875
1 0.3578125 0.384375 0.009375 0.015625
1 0.0609375 0.43671875 0.01015625 0.01796875
3 0.02421875 0.45234375 0.0484375 0.0890625
1 0.08515625 0.45703125 0.0109375 0.0171875
1 0.12109375 0.371875 0.009375 0.015625
1 0.12109375 0.88046875 0.01015625 0.01796875
1 0.55625 0.45546875 0.01015625 0.0171875
1 0.53671875 0.38671875 0.00859375 0.01640625
1 0.0703125 0.43046875 0.009375 0.015625
1 0.4515625 0.47734375 0.0109375 0.01953125
1 0.3734375 0.3421875 0.0078125 0.01328125
1 0.97578125 0.40625 0.0109375 0.0171875
1 0.7109375 0.4234375 0.01015625 0.0171875
1 0.45546875 0.4265625 0.01015625 0.01640625
1 0.85703125 0.92109375 0.015625 0.02578125
1 0.35 0.40703125 0.009375 0.015625
1 0.99609375 0.44609375 0.00625 0.01640625
1 0.4609375 0.8890625 0.0109375 0.0234375
1 0.4703125 0.39453125 0.00859375 0.0140625
1 0.47890625 0.3671875 0.0078125 0.01484375
1 0.434375 0.88671875 0.01015625 0.0203125
0 0.25625 0.190625 0.009375 0.01796875
1 0.1609375 0.31875 0.0078125 0.01171875
1 0.5375 0.8859375 0.0109375 0.021875
1 0.378125 0.8890625 0.0125 0.02109375
0 0.2328125 0.771875 0.01484375 0.0296875
1 0.98671875 0.38125 0.01015625 0.01484375
0 0.03046875 0.2703125 0.01328125 0.01875
1 0.96875 0.37890625 0.009375 0.01484375
1 0.309375 0.37265625 0.01015625 0.015625
1 0.8421875 0.9015625 0.0140625 0.02109375
1 0.121875 0.4890625 0.00703125 0.0171875
1 0.9890625 0.4109375 0.01171875 0.01875
1 0.48984375 0.3890625 0.00859375 0.015625
1 0.37421875 0.36953125 0.009375 0.0140625
1 0.46953125 0.315625 0.00703125 0.01328125
1 0.12578125 0.421875 0.01015625 0.01640625
0 0.28984375 0.1890625 0.01015625 0.01640625
1 0.33125 0.36015625 0.009375 0.01484375
0 0.1765625 0.10546875 0.01171875 0.0171875
0 0.19453125 0.175 0.01015625 0.01640625
1 0.878125 0.89921875 0.0125 0.0203125
0 0.03359375 0.23828125 0.0125 0.01640625
1 0.3203125 0.86484375 0.01171875 0.021875
1 0.1578125 0.3984375 0.00859375 0.01484375
1 0.50625 0.3703125 0.0078125 0.01484375
0 0.11953125 0.05078125 0.0125 0.0203125
0 0.265625 0.76875 0.01640625 0.034375
1 0.10234375 0.3765625 0.009375 0.0140625
1 0.4546875 0.35703125 0.0078125 0.01328125
1 0.34453125 0.3 0.00703125 0.01171875
1 0.16484375 0.40703125 0.0078125 0.01484375
1 0.87265625 0.340625 0.00859375 0.0140625
1 0.84453125 0.3234375 0.00859375 0.01328125
1 0.18984375 0.31484375 0.00546875 0.01171875
1 0.6671875 0.50234375 0.009375 0.01796875
1 0.38359375 0.37890625 0.00703125 0.0125
0 0.10234375 0.03125 0.015625 0.028125
1 0.7 0.41484375 0.01015625 0.01640625
1 0.94765625 0.35234375 0.009375 0.01484375
1 0.73828125 0.85234375 0.00859375 0.01328125
0 0.2671875 0.2328125 0.00859375 0.015625
1 0.6765625 0.51015625 0.01015625 0.01875
1 0.13125 0.34375 0.0078125 0.01328125
1 0.95078125 0.378125 0.00859375 0.015625
1 0.3484375 0.371875 0.01015625 0.0140625
0 0.30078125 0.209375 0.0078125 0.01484375
1 0.275 0.646875 0.01171875 0.01640625
0 0.05 0.1859375 0.0140625 0.02421875
1 0.05625 0.39140625 0.0078125 0.01328125
1 0.65 0.32109375 0.00859375 0.0125
1 0.696875 0.3921875 0.01171875 0.015625
1 0.09609375 0.3953125 0.0109375 0.015625
0 0.22734375 0.14765625 0.01015625 0.01796875
4 0.41953125 0.340625 0.05546875 0.08359375
1 0.3859375 0.334375 0.00859375 0.0125
1 0.14453125 0.3328125 0.0078125 0.0125
1 0.64140625 0.29921875 0.00703125 0.01171875
1 0.89609375 0.34609375 0.0078125 0.0140625
1 0.4484375 0.375 0.01015625 0.01484375
1 0.31484375 0.315625 0.01015625 0.015625
1 0.3 0.83984375 0.009375 0.01484375
1 0.915625 0.34140625 0.01015625 0.01484375
1 0.8640625 0.31875 0.00859375 0.015625
1 0.46875 0.38203125 0.00859375 0.01015625
1 0.69765625 0.37578125 0.00859375 0.01171875
1 0.12109375 0.340625 0.00859375 0.0140625
1 0.1125 0.33984375 0.009375 0.015625
1 0.83828125 0.8703125 0.009375 0.015625
1 0.834375 0.32109375 0.0078125 0.01328125
0 0.0328125 0.25625 0.0125 0.0140625
1 0.72734375 0.8453125 0.00625 0.01171875
1 0.07265625 0.3765625 0.009375 0.0140625
0 0.021875 0.3375 0.01328125 0.02109375
1 0.85390625 0.2828125 0.00703125 0.0125
1 0.88125 0.87265625 0.01015625 0.01484375
1 0.81015625 0.84609375 0.0125 0.01875
0 0.15546875 0.06171875 0.0109375 0.01796875
1 0.36015625 0.365625 0.00859375 0.0140625
0 0.7375 0.77734375 0.00859375 0.0140625
1 0.40078125 0.39453125 0.009375 0.01015625
1 0.9234375 0.9265625 0.01328125 0.02265625
1 0.48984375 0.2984375 0.00859375 0.01328125
1 0.93671875 0.34609375 0.009375 0.01484375
0 0.1953125 0.09140625 0.0078125 0.0171875
1 0.46015625 0.8515625 0.009375 0.0109375
1 0.13515625 0.421875 0.00859375 0.01484375
1 0.53515625 0.84140625 0.00859375 0.0140625
0 0.12421875 0.01640625 0.0125 0.01953125
1 0.87265625 0.3078125 0.0078125 0.0125
1 0.953125 0.98828125 0.0171875 0.0234375
1 0.8453125 0.30078125 0.009375 0.0140625
1 0.58984375 0.296875 0.009375 0.01328125
1 0.86015625 0.89453125 0.0125 0.01484375
1 0.14140625 0.30625 0.00859375 0.01171875
1 0.8765625 0.32421875 0.01015625 0.01328125
1 0.85078125 0.88359375 0.009375 0.015625
1 0.0609375 0.11015625 0.009375 0.0125
1 0.9421875 0.93203125 0.01484375 0.021875
1 0.1171875 0.86484375 0.01015625 0.01640625
1 0.91015625 0.90078125 0.0109375 0.01875
1 0.646875 0.4046875 0.01015625 0.01953125
1 0.97421875 0.35234375 0.0078125 0.01171875
1 0.81171875 0.43125 0.00703125 0.01328125
1 0.8234375 0.8421875 0.009375 0.01328125
1 0.3 0.79609375 0.0109375 0.01796875
1 0.05234375 0.38046875 0.00859375 0.01328125
1 0.890625 0.8890625 0.01171875 0.01796875
1 0.41796875 0.84609375 0.00703125 0.01171875
1 0.128125 0.31875 0.009375 0.01171875
1 0.13125 0.84609375 0.009375 0.0140625
1 0.10625 0.859375 0.009375 0.015625
1 0.25625 0.9890625 0.02265625 0.0203125
1 0.1703125 0.87109375 0.0109375 0.01640625
1 0.39296875 0.37109375 0.00703125 0.01328125
1 0.8796875 0.28828125 0.00703125 0.0109375
1 0.85 0.85703125 0.01015625 0.0140625
1 0.8359375 0.3 0.01171875 0.0140625
1 0.89140625 0.871875 0.009375 0.0125
1 0.834375 0.84765625 0.00859375 0.0140625
1 0.8828125 0.34140625 0.01171875 0.01484375
0 0.15234375 0.01796875 0.0125 0.01953125
1 0.46640625 0.8296875 0.00625 0.01015625
0 0.01484375 0.40546875 0.01015625 0.01328125
1 0.08203125 0.4 0.00859375 0.0125
1 0.16015625 0.840625 0.00625 0.009375
1 0.0984375 0.8640625 0.00859375 0.01484375
1 0.88515625 0.85546875 0.01015625 0.01328125
1 0.940625 0.9078125 0.01171875 0.015625
1 0.903125 0.340625 0.0109375 0.01640625