2 0.26640625 0.19140625 0.1140625 0.0671875
4 0.4828125 0.3875 0.09375 0.1046875
4 0.85078125 0.9125 0.121875 0.1265625
1 0.15234375 0.58359375 0.034375 0.025
4 0.83515625 0.3828125 0.0875 0.0953125
1 0.5640625 0.51953125 0.034375 0.0265625
1 0.7984375 0.465625 0.03125 0.021875
1 0.73984375 0.5453125 0.0328125 0.025
3 0.4875 0.275 0.08125 0.0859375
1 0.93203125 0.5453125 0.034375 0.0265625
1 0.39921875 0.559375 0.034375 0.0296875
1 0.11171875 0.40859375 0.03125 0.0234375
1 0.0984375 0.39140625 0.0328125 0.021875
1 0.75 0.60234375 0.034375 0.028125
1 0.34453125 0.48671875 0.034375 0.0265625
0 0.98359375 0.2875 0.0328125 0.025
0 0.98984375 0.31171875 0.0203125 0.0234375
1 0.2671875 0.49609375 0.0328125 0.025
1 0.7375 0.62578125 0.034375 0.028125
1 0.06484375 0.38671875 0.03125 0.0203125
1 0.55546875 0.903125 0.0328125 0.0234375
1 0.82109375 0.45546875 0.03125 0.021875
3 0.7078125 0.91640625 0.134375 0.1671875
1 0.01484375 0.40078125 0.0296875 0.0234375
1 0.5984375 0.43984375 0.03125 0.021875
1 0.3765625 0.41796875 0.03125 0.0234375
0 0.9828125 0.17578125 0.034375 0.025
1 0.040625 0.39765625 0.03125 0.021875
1 0.2734375 0.4296875 0.03125 0.021875
1 0.44453125 0.43828125 0.0328125 0.0234375
1 0.25859375 0.87421875 0.03125 0.021875
1 0.125 0.45703125 0.0328125 0.0234375
1 0.13203125 0.2953125 0.0296875 0.0203125
1 0.290625 0.4640625 0.0328125 0.0234375
1 0.021875 0.3859375 0.03125 0.0203125
1 0.51796875 0.90703125 0.0296875 0.015625
0 0.97265625 0.1453125 0.034375 0.025
1 0.2 0.25 0.0296875 0.01875
1 0.87421875 0.409375 0.0296875 0.021875
1 0.2765625 0.4140625 0.03125 0.0203125
1 0.8796875 0.5921875 0.034375 0.025
1 0.16015625 0.4265625 0.03125 0.0234375
1 0.5515625 0.39453125 0.0296875 0.0203125
1 0.946875 0.421875 0.0328125 0.0203125
1 0.434375 0.428125 0.03125 0.021875
1 0.190625 0.33671875 0.03125 0.021875
1 0.51953125 0.4484375 0.03125 0.0234375
1 0.44609375 0.30078125 0.028125 0.0171875
1 0.08125 0.40703125 0.0328125 0.0234375
1 0.46875 0.4390625 0.03125 0.021875
1 0.50234375 0.48828125 0.0328125 0.025
1 0.27890625 0.86640625 0.028125 0.01875
1 0.57890625 0.396875 0.03125 0.0203125
1 0.41796875 0.30078125 0.0296875 0.01875
1 0.25078125 0.53125 0.034375 0.0265625
1 0.14375 0.2671875 0.028125 0.01875
2 0.78203125 0.2359375 0.1140625 0.075
1 0.540625 0.52578125 0.0328125 0.025
1 0.62421875 0.29765625 0.0296875 0.01875
1 0.53359375 0.51015625 0.0328125 0.0234375
1 0.675 0.36875 0.0296875 0.0203125
0 0.98828125 0.21484375 0.0234375 0.0296875
1 0.22578125 0.89765625 0.0328125 0.0265625
1 0.125 0.8984375 0.0359375 0.0296875
1 0.55546875 0.46796875 0.03125 0.021875
1 0.15 0.421875 0.03125 0.021875
1 0.54140625 0.34921875 0.0296875 0.0203125
1 0.13046875 0.43671875 0.0328125 0.021875
1 0.48515625 0.44609375 0.0328125 0.0234375
1 0.65703125 0.34375 0.0296875 0.01875
1 0.60859375 0.4046875 0.03125 0.021875
1 0.32734375 0.328125 0.0296875 0.01875
1 0.58515625 0.38203125 0.03125 0.021875
1 0.703125 0.35703125 0.03125 0.0203125
1 0.66171875 0.396875 0.03125 0.0203125
1 0.64609375 0.30234375 0.0296875 0.0171875
1 0.07109375 0.34453125 0.0328125 0.0203125
1 0.6125 0.35703125 0.0296875 0.0203125
1 0.640625 0.33671875 0.0296875 0.01875
0 0.77578125 0.2265625 0.0296875 0.0171875
1 0.95625 0.40078125 0.03125 0.0203125
1 0.39296875 0.31796875 0.0296875 0.0203125
1 0.53046875 0.37578125 0.03125 0.01875
1 0.67421875 0.31015625 0.0296875 0.0171875
1 0.35234375 0.2484375 0.0296875 0.01875
1 0.928125 0.35234375 0.0296875 0.01875
1 0.1609375 0.2375 0.028125 0.0171875
1 0.42109375 0.27578125 0.0296875 0.01875
0 0.978125 0.23125 0.034375 0.025
1 0.58125 0.28671875 0.0296875 0.0171875
4 0.97265625 0.44140625 0.0546875 0.0984375
0 0.753125 0.24140625 0.03125 0.0203125
1 0.5625 0.3484375 0.03125 0.021875
1 0.85546875 0.31484375 0.028125 0.0171875
1 0.5046875 0.446875 0.0328125 0.021875
1 0.52890625 0.4015625 0.03125 0.01875
1 0.35703125 0.2734375 0.028125 0.01875
1 0.6640625 0.28828125 0.0296875 0.01875
1 0.08125 0.36953125 0.0328125 0.021875
1 0.90078125 0.34921875 0.0296875 0.01875
0 0.94453125 0.1453125 0.034375 0.025
1 0.24921875 0.86015625 0.03125 0.0203125
1 0.08203125 0.33515625 0.03125 0.0203125
1 0.67421875 0.32734375 0.03125 0.0171875
1 0.64765625 0.3921875 0.03125 0.0203125
1 0.0984375 0.8703125 0.034375 0.025
1 0.43359375 0.403125 0.03125 0.0203125
1 0.5328125 0.42890625 0.03125 0.021875
1 0.3125 0.87578125 0.0296875 0.0203125
1 0.45078125 0.328125 0.0296875 0.01875
1 0.7640625 0.909375 0.03125 0.0203125
0 0.7640625 0.2390625 0.03125 0.01875
1 0.43828125 0.88828125 0.028125 0.015625
1 0.56484375 0.3796875 0.03125 0.0203125
1 0.54921875 0.4390625 0.03125 0.021875
1 0.165625 0.91953125 0.0390625 0.034375
1 0.72734375 0.34453125 0.0328125 0.0234375
0 0.9359375 0.08046875 0.034375 0.028125
1 0.8421875 0.3078125 0.028125 0.0171875
1 0.92109375 0.33671875 0.0296875 0.01875
1 0.5484375 0.484375 0.03125 0.0203125
1 0.253125 0.5140625 0.0328125 0.01875
1 0.13828125 0.94765625 0.040625 0.0328125
1 0.68125 0.33203125 0.0296875 0.0203125
0 0.7546875 0.20234375 0.03125 0.021875
1 0.43359375 0.2640625 0.028125 0.0171875
1 0.42734375 0.884375 0.028125 0.015625
1 0.89609375 0.30078125 0.028125 0.0171875
1 0.80234375 0.440625 0.0328125 0.0203125
1 0.2109375 0.84921875 0.0265625 0.015625
1 0.52421875 0.48828125 0.0328125 0.0234375
1 0.45859375 0.8828125 0.0296875 0.0203125
1 0.51484375 0.42265625 0.03125 0.01875
1 0.03359375 0.346875 0.0328125 0.021875
1 0.41953125 0.28828125 0.028125 0.015625
1 0.1671875 0.89765625 0.034375 0.0203125
1 0.540625 0.44921875 0.03125 0.0203125
1 0.53203125 0.46328125 0.0328125 0.0234375
0 0.8140625 0.153125 0.0328125 0.0234375
1 0.8734375 0.3625 0.0296875 0.01875
1 0.96015625 0.37421875 0.03125 0.0203125
1 0.03671875 0.94765625 0.04375 0.0359375
1 0.53984375 0.49453125 0.0328125 0.0203125
1 0.8265625 0.2875 0.0296875 0.0171875
1 0.58203125 0.2734375 0.0296875 0.0171875
1 0.41875 0.25078125 0.028125 0.015625
1 0.6296875 0.91328125 0.034375 0.0171875
1 0.15234375 0.90546875 0.0375 0.0296875
1 0.1234375 0.846875 0.0296875 0.01875
1 0.18671875 0.90390625 0.0375 0.028125
1 0.5734375 0.3828125 0.0296875 0.0203125
4 0.96640625 0.5375 0.0671875 0.121875
1 0.796875 0.90078125 0.0296875 0.0171875
1 0.90390625 0.3015625 0.0296875 0.0171875
1 0.6265625 0.27578125 0.0296875 0.01875
1 0.71484375 0.33671875 0.03125 0.0203125
1 0.63515625 0.3859375 0.03125 0.01875
1 0.56328125 0.878125 0.03125 0.01875
1 0.153125 0.8453125 0.0265625 0.015625
1 0.121875 0.25234375 0.0296875 0.01875
1 0.08359375 0.29375 0.03125 0.0234375
1 0.8625 0.29609375 0.03125 0.0171875
1 0.5234375 0.390625 0.03125 0.0203125
1 0.521875 0.2609375 0.028125 0.0171875
1 0.53828125 0.27109375 0.03125 0.0171875
1 0.0640625 0.30625 0.03125 0.0203125
0 0.834375 0.146875 0.0328125 0.021875
1 0.43515625 0.3890625 0.03125 0.0171875
1 0.55546875 0.26484375 0.0296875 0.01875
1 0.09921875 0.265625 0.03125 0.0234375
1 0.66015625 0.3796875 0.0328125 0.021875
1 0.0421875 0.340625 0.03125 0.0203125
1 0.546875 0.4625 0.03125 0.021875
1 0.6703125 0.275 0.0296875 0.0203125
1 0.634375 0.36875 0.03125 0.01875
0 0.9921875 0.4078125 0.015625 0.025
1 0.459375 0.2765625 0.0265625 0.0171875
1 0.45703125 0.86640625 0.0265625 0.015625
1 0.57265625 0.26953125 0.0296875 0.0171875
1 0.55625 0.45 0.0296875 0.01875
1 0.075 0.86796875 0.03125 0.021875
1 0.540625 0.39140625 0.03125 0.0203125
1 0.61640625 0.2734375 0.03125 0.0171875
1 0.9625 0.4265625 0.03125 0.0203125
1 0.90703125 0.315625 0.028125 0.0171875
1 0.1328125 0.23828125 0.028125 0.0171875
1 0.91484375 0.31484375 0.0296875 0.0171875
1 0.440625 0.2796875 0.03125 0.01875
1 0.25625 0.85546875 0.0296875 0.0171875
0 0.76953125 0.2515625 0.0328125 0.0234375
1 0.653125 0.33203125 0.0296875 0.0171875
1 0.4453125 0.26953125 0.028125 0.015625
1 0.7921875 0.878125 0.0265625 0.015625
1 0.128125 0.96484375 0.0421875 0.0265625
1 0.190625 0.8484375 0.0265625 0.015625
1 0.05546875 0.3046875 0.0296875 0.01875
0 0.82578125 0.8484375 0.0359375 0.0296875
1 0.709375 0.3234375 0.0296875 0.01875
1 0.82265625 0.3296875 0.028125 0.01875
1 0.83125 0.3265625 0.0296875 0.0171875
1 0.01640625 0.9390625 0.0328125 0.025
1 0.0140625 0.33828125 0.028125 0.0234375
1 0.6484375 0.371875 0.03125 0.0203125
1 0.31796875 0.84765625 0.0265625 0.015625
1 0.91015625 0.33828125 0.03125 0.0171875
0 0.64140625 0.71953125 0.0296875 0.01875
1 0.64765625 0.28046875 0.03125 0.01875
0 0.92109375 0.14375 0.034375 0.0234375
1 0.0296875 0.39765625 0.0328125 0.021875
1 0.0625 0.29140625 0.0328125 0.01875
0 0.6265625 0.7265625 0.028125 0.0171875
1 0.6453125 0.63828125 0.028125 0.015625