2 0.23671875 0.215625 0.090625 0.0625
4 0.53984375 0.2578125 0.071875 0.078125
3 0.62109375 0.265625 0.05 0.0671875
1 0.35 0.48046875 0.0140625 0.01875
1 0.653125 0.42109375 0.0140625 0.0171875
1 0.43046875 0.56640625 0.015625 0.021875
1 0.12578125 0.421875 0.0125 0.01875
1 0.590625 0.54453125 0.015625 0.0203125
1 0.16015625 0.44375 0.0125 0.01875
1 0.91796875 0.4203125 0.0125 0.015625
2 0.753125 0.209375 0.09375 0.05625
1 0.4546875 0.61171875 0.0171875 0.021875
1 0.32109375 0.48984375 0.0140625 0.01875
1 0.69140625 0.42421875 0.0125 0.0171875
1 0.2734375 0.54375 0.015625 0.021875
1 0.00859375 0.48125 0.015625 0.01875
0 0.83984375 0.15546875 0.015625 0.021875
1 0.3796875 0.6140625 0.015625 0.021875
1 0.3203125 0.54921875 0.015625 0.021875
1 0.44375 0.52265625 0.015625 0.021875
1 0.46484375 0.45703125 0.0140625 0.0171875
0 0.8109375 0.1015625 0.0171875 0.021875
1 0.3828125 0.49609375 0.0140625 0.01875
1 0.92421875 0.4515625 0.0140625 0.0171875
1 0.9171875 0.39375 0.0125 0.015625
0 0.85625 0.45234375 0.015625 0.0203125
1 0.48984375 0.40859375 0.0125 0.01875
1 0.665625 0.4328125 0.0140625 0.015625
1 0.67890625 0.55 0.015625 0.021875
1 0.67109375 0.49609375 0.0140625 0.015625
0 0.80390625 0.1671875 0.0125 0.015625
1 0.37421875 0.5375 0.015625 0.021875
0 0.778125 0.1671875 0.0125 0.015625
1 0.6046875 0.35859375 0.0125 0.015625
1 0.5078125 0.428125 0.0125 0.0171875
0 0.82734375 0.17421875 0.015625 0.021875
0 0.89296875 0.4953125 0.015625 0.021875
1 0.69453125 0.390625 0.0125 0.015625
1 0.4546875 0.35078125 0.0125 0.0140625
1 0.9296875 0.390625 0.0140625 0.015625
1 0.32421875 0.6125 0.015625 0.021875
1 0.44765625 0.46796875 0.0140625 0.01875
0 0.86796875 0.18046875 0.01875 0.0234375
1 0.56953125 0.359375 0.0125 0.015625
1 0.303125 0.409375 0.0125 0.01875
0 0.8125 0.196875 0.0171875 0.021875
1 0.65390625 0.5390625 0.015625 0.01875
1 0.9828125 0.37109375 0.0125 0.015625
1 0.4 0.446875 0.0140625 0.01875
1 0.38515625 0.471875 0.0125 0.01875
1 0.55703125 0.4234375 0.0125 0.01875
1 0.39296875 0.37421875 0.0125 0.015625
1 0.434375 0.353125 0.0125 0.015625
1 0.20703125 0.42265625 0.009375 0.0125
1 0.60390625 0.3234375 0.0125 0.0140625
1 0.33984375 0.2671875 0.0109375 0.0125
0 0.86953125 0.240625 0.0171875 0.021875
1 0.425 0.3328125 0.0125 0.015625
1 0.42578125 0.440625 0.0125 0.015625
1 0.59140625 0.3421875 0.0125 0.015625
0 0.79375 0.1515625 0.015625 0.01875
1 0.30859375 0.64609375 0.0125 0.0125
4 0.59296875 0.46640625 0.103125 0.125
1 0.30234375 0.325 0.0125 0.015625
1 0.6421875 0.52578125 0.015625 0.0203125
1 0.64609375 0.378125 0.0125 0.015625
1 0.81328125 0.41953125 0.0125 0.01875
1 0.97578125 0.41875 0.0140625 0.0171875
1 0.44140625 0.40546875 0.0125 0.015625
1 0.46171875 0.4953125 0.0140625 0.0203125
1 0.684375 0.528125 0.0140625 0.0203125
1 0.6828125 0.45859375 0.0125 0.01875
1 0.18046875 0.3015625 0.009375 0.0125
1 0.04765625 0.396875 0.0140625 0.015625
1 0.440625 0.27421875 0.0109375 0.0140625
0 0.88515625 0.39375 0.015625 0.021875
1 0.0484375 0.91953125 0.015625 0.021875
1 0.625 0.38359375 0.0125 0.015625
1 0.6125 0.54375 0.015625 0.0203125
1 0.403125 0.3703125 0.0125 0.0140625
1 0.46484375 0.26796875 0.0109375 0.0125
1 0.16171875 0.32421875 0.0125 0.0140625
1 0.93203125 0.42734375 0.0140625 0.0171875
1 0.94375 0.41640625 0.0140625 0.01875
1 0.04453125 0.98359375 0.01875 0.0203125
1 0.909375 0.3703125 0.0125 0.0140625
1 0.3140625 0.571875 0.015625 0.021875
1 0.6578125 0.3546875 0.0125 0.015625
1 0.80703125 0.35 0.0125 0.015625
1 0.6015625 0.5609375 0.015625 0.021875
1 0.62578125 0.3234375 0.0125 0.0140625
0 0.82421875 0.125 0.0203125 0.021875
0 0.8390625 0.1125 0.015625 0.0203125
0 0.859375 0.3546875 0.015625 0.021875
0 0.80390625 0.12109375 0.0125 0.0171875
1 0.671875 0.4625 0.0140625 0.0171875
1 0.51171875 0.29609375 0.0125 0.0125
0 0.7890625 0.16796875 0.0125 0.015625
1 0.37265625 0.3734375 0.0125 0.015625
1 0.66875 0.33828125 0.0109375 0.0140625
1 0.0828125 0.359375 0.0125 0.015625
1 0.471875 0.4765625 0.0125 0.0171875
0 0.87734375 0.31796875 0.015625 0.01875
1 0.60703125 0.30625 0.0125 0.0125
1 0.3359375 0.3046875 0.0125 0.0140625
0 0.87578125 0.4234375 0.015625 0.0234375
1 0.9453125 0.3421875 0.0125 0.015625
1 0.46953125 0.59609375 0.0125 0.01875
1 0.4921875 0.35390625 0.0125 0.0140625
1 0.0640625 0.34296875 0.0125 0.0125
1 0.59140625 0.32265625 0.0109375 0.0125
1 0.64140625 0.36328125 0.0109375 0.015625
1 0.6015625 0.33984375 0.0125 0.015625
1 0.93515625 0.34609375 0.0125 0.015625
1 0.484375 0.359375 0.0125 0.0171875
1 0.65703125 0.37578125 0.0125 0.015625
1 0.8875 0.33671875 0.0125 0.015625
1 0.31484375 0.37578125 0.0125 0.015625
1 0.37109375 0.2671875 0.009375 0.0125
1 0.89765625 0.32421875 0.0125 0.0140625
1 0.596875 0.646875 0.0140625 0.0125
1 0.4421875 0.646875 0.0125 0.009375
1 0.07578125 0.91484375 0.015625 0.01875
1 0.66484375 0.5125 0.0125 0.0171875
1 0.92109375 0.3796875 0.0125 0.0125
1 0.3671875 0.34453125 0.0125 0.0125
1 0.05625 0.35859375 0.0125 0.0140625
1 0.87265625 0.29609375 0.0109375 0.0125
1 0.34609375 0.375 0.0125 0.015625
1 0.41015625 0.39921875 0.0125 0.015625
1 0.83046875 0.61640625 0.015625 0.0125
1 0.09921875 0.28984375 0.0125 0.0125
1 0.33671875 0.371875 0.0140625 0.015625
1 0.16171875 0.2765625 0.0125 0.0125
1 0.04375 0.384375 0.0125 0.0125
1 0.578125 0.26875 0.0109375 0.0125
1 0.61953125 0.31796875 0.0109375 0.0140625
1 0.51796875 0.453125 0.0109375 0.0125
1 0.6609375 0.325 0.0125 0.0140625
0 0.8234375 0.14609375 0.0171875 0.0140625
1 0.02734375 0.36484375 0.0140625 0.015625
1 0.0078125 0.3765625 0.015625 0.0171875
1 0.65625 0.4953125 0.0125 0.0125
1 0.10546875 0.88125 0.0109375 0.0125
0 0.8703125 0.4859375 0.021875 0.028125
1 0.53125 0.46875 0.0109375 0.015625
1 0.4875 0.278125 0.0125 0.0125
1 0.3921875 0.3265625 0.0109375 0.0125
1 0.64921875 0.31640625 0.0125 0.0125
1 0.34765625 0.35 0.0125 0.0125
1 0.4015625 0.3484375 0.0125 0.015625
1 0.41484375 0.35546875 0.0109375 0.0125
1 0.084375 0.3453125 0.0125 0.015625
1 0.42734375 0.40703125 0.0125 0.015625
1 0.36328125 0.359375 0.0125 0.0140625
1 0.12265625 0.2734375 0.0125 0.0125
1 0.859375 0.2953125 0.0125 0.0125
1 0.39375 0.340625 0.0125 0.0125
1 0.11484375 0.28984375 0.009375 0.0125
1 0.91796875 0.309375 0.0125 0.0140625
1 0.4390625 0.3828125 0.0125 0.0171875
1 0.63125 0.30625 0.0125 0.0125
1 0.45 0.39296875 0.0140625 0.015625
1 0.08125 0.94453125 0.0140625 0.0125
1 0.0609375 0.92578125 0.0171875 0.0234375
1 0.3796875 0.33984375 0.0140625 0.015625
1 0.48359375 0.90546875 0.0125 0.0125
1 0.39765625 0.2640625 0.0125 0.0125
1 0.64765625 0.64765625 0.0125 0.009375
1 0.928125 0.3140625 0.0125 0.0140625
1 0.51953125 0.46875 0.0109375 0.0140625
1 0.11484375 0.8953125 0.0125 0.0125
1 0.5078125 0.2796875 0.0125 0.0125
1 0.84296875 0.2765625 0.0109375 0.0125
1 0.378125 0.26640625 0.0125 0.0125
1 0.10234375 0.896875 0.0125 0.015625
1 0.425 0.42578125 0.0125 0.0109375
1 0.8890625 0.2859375 0.0125 0.0140625
1 0.9578125 0.33046875 0.0125 0.0125
1 0.92109375 0.29375 0.0109375 0.0125
1 0.02734375 0.96875 0.01875 0.03125
1 0.41796875 0.2578125 0.0109375 0.0125
1 0.13125 0.859375 0.009375 0.009375
1 0.0765625 0.9828125 0.0125 0.0125
1 0.059375 0.9453125 0.0140625 0.0125
1 0.109375 0.86484375 0.009375 0.009375
1 0.06328125 0.3296875 0.0125 0.0125
1 0.87109375 0.278125 0.0125 0.0125
1 0.05234375 0.890625 0.0125 0.01875
1 0.94375 0.3125 0.0125 0.015625
1 0.15703125 0.871875 0.0109375 0.0125
1 0.390625 0.25546875 0.0109375 0.0109375
3 0.9890625 0.30234375 0.021875 0.0984375
1 0.08203125 0.8875 0.0125 0.015625
1 0.57578125 0.25625 0.0109375 0.0125