0 0.0828125 0.23046875 0.0359375 0.0265625
3 0.19765625 0.81875 0.0703125 0.0515625
0 0.1 0.20625 0.0375 0.03125
3 0.25546875 0.8359375 0.0953125 0.0828125
3 0.1703125 0.371875 0.1015625 0.103125
0 0.225 0.18125 0.034375 0.021875
0 0.2453125 0.2125 0.0328125 0.0234375
2 0.77890625 0.22890625 0.1125 0.06875
4 0.78515625 0.846875 0.0875 0.0703125
4 0.8453125 0.346875 0.0796875 0.0875
0 0.92890625 0.24296875 0.0328125 0.0234375
0 0.17265625 0.15703125 0.034375 0.025
0 0.1265625 0.109375 0.0375 0.028125
0 0.21796875 0.12421875 0.0359375 0.0234375
1 0.2984375 0.43359375 0.034375 0.0234375
1 0.59765625 0.3984375 0.034375 0.021875
0 0.23515625 0.15234375 0.0328125 0.021875
1 0.4859375 0.4171875 0.0328125 0.0234375
1 0.46875 0.4453125 0.034375 0.0234375
0 0.25625 0.21484375 0.03125 0.021875
1 0.1015625 0.415625 0.0328125 0.0234375
1 0.3546875 0.4734375 0.034375 0.0265625
1 0.2921875 0.48828125 0.034375 0.028125
1 0.94296875 0.3875 0.0328125 0.021875
1 0.25390625 0.56015625 0.0390625 0.03125
0 0.24765625 0.15625 0.034375 0.0234375
1 0.10234375 0.878125 0.0359375 0.0265625
1 0.67890625 0.49609375 0.034375 0.025
0 0.22578125 0.21328125 0.03125 0.0203125
1 0.5578125 0.35625 0.03125 0.0203125
1 0.740625 0.575 0.0375 0.03125
0 0.24375 0.13671875 0.0296875 0.021875
1 0.61171875 0.3984375 0.034375 0.0203125
0 0.20078125 0.0890625 0.034375 0.025
1 0.753125 0.88671875 0.0375 0.0296875
1 0.4703125 0.3828125 0.0328125 0.021875
1 0.521875 0.31875 0.03125 0.01875
1 0.93359375 0.5734375 0.03125 0.01875
1 0.16796875 0.42890625 0.034375 0.0234375
1 0.434375 0.49765625 0.0359375 0.028125
1 0.12734375 0.63359375 0.034375 0.0203125
1 0.5359375 0.40625 0.0328125 0.0234375
1 0.9234375 0.37265625 0.0328125 0.021875
1 0.9015625 0.36953125 0.0328125 0.0203125
1 0.36796875 0.33125 0.0296875 0.0171875
1 0.36171875 0.38515625 0.0328125 0.0234375
0 0.86875 0.0734375 0.034375 0.025
1 0.39921875 0.3296875 0.03125 0.01875
1 0.6984375 0.50546875 0.034375 0.028125
1 0.46875 0.50703125 0.034375 0.0265625
1 0.3859375 0.403125 0.0328125 0.021875
1 0.96015625 0.3703125 0.0328125 0.0203125
1 0.646875 0.57578125 0.0375 0.03125
1 0.47109375 0.55546875 0.0359375 0.03125
0 0.2125 0.7234375 0.03125 0.021875
0 0.225 0.15859375 0.034375 0.01875
1 0.61875 0.3453125 0.034375 0.021875
1 0.346875 0.403125 0.0328125 0.0234375
1 0.93359375 0.93125 0.0375 0.0328125
1 0.575 0.40546875 0.0328125 0.021875
1 0.8734375 0.609375 0.0359375 0.01875
1 0.6125 0.309375 0.03125 0.01875
1 0.93671875 0.57578125 0.034375 0.01875
1 0.59609375 0.4296875 0.034375 0.0203125
1 0.63828125 0.34453125 0.03125 0.0203125
1 0.21328125 0.87421875 0.034375 0.025
0 0.275 0.17734375 0.034375 0.021875
1 0.49140625 0.31875 0.0296875 0.01875
1 0.18125 0.8828125 0.0359375 0.028125
4 0.76953125 0.48046875 0.1328125 0.1453125
1 0.60546875 0.43046875 0.034375 0.021875
1 0.1515625 0.31796875 0.034375 0.0234375
0 0.20234375 0.76015625 0.0328125 0.0203125
1 0.6421875 0.63828125 0.0375 0.025
0 0.35625 0.73984375 0.0359375 0.028125
1 0.3609375 0.29609375 0.03125 0.01875
1 0.5609375 0.540625 0.03125 0.0203125
1 0.95859375 0.425 0.034375 0.025
1 0.62109375 0.6 0.034375 0.0203125
1 0.1984375 0.859375 0.03125 0.0203125
0 0.228125 0.1578125 0.0328125 0.025
1 0.53515625 0.3234375 0.0328125 0.0203125
1 0.14296875 0.86953125 0.0296875 0.0203125
0 0.2140625 0.75 0.03125 0.01875
1 0.58203125 0.33359375 0.034375 0.0234375
1 0.503125 0.37890625 0.034375 0.0234375
1 0.88359375 0.92734375 0.0390625 0.03125
1 0.67109375 0.54765625 0.0375 0.0265625
1 0.58359375 0.39609375 0.034375 0.025
1 0.89921875 0.88359375 0.0296875 0.0171875
1 0.396875 0.390625 0.03125 0.0203125
1 0.98515625 0.425 0.0296875 0.025
1 0.89375 0.34296875 0.0328125 0.0203125
1 0.5796875 0.3515625 0.0328125 0.0203125
1 0.3515625 0.34609375 0.0296875 0.01875
1 0.4328125 0.3375 0.0328125 0.0203125
1 0.60703125 0.46015625 0.0359375 0.021875
1 0.02578125 0.94609375 0.04375 0.0453125
1 0.75390625 0.60546875 0.034375 0.01875
1 0.375 0.4921875 0.0359375 0.028125
1 0.753125 0.6390625 0.0390625 0.0296875
1 0.4015625 0.6375 0.0328125 0.028125
1 0.35546875 0.36328125 0.03125 0.01875
1 0.6515625 0.52265625 0.0359375 0.028125
1 0.06875 0.8609375 0.0328125 0.025
1 0.59609375 0.45 0.034375 0.0171875
1 0.56171875 0.33125 0.0328125 0.0203125
1 0.7046875 0.62890625 0.040625 0.03125
1 0.70078125 0.40859375 0.03125 0.021875
1 0.44375 0.40078125 0.03125 0.021875
1 0.13671875 0.9078125 0.0390625 0.0359375
1 0.67421875 0.47265625 0.034375 0.025
1 0.60234375 0.359375 0.03125 0.0234375
1 0.91015625 0.3171875 0.03125 0.0203125
1 0.68203125 0.38125 0.0328125 0.021875
1 0.86640625 0.86640625 0.03125 0.01875
1 0.546875 0.40625 0.034375 0.025
0 0.23671875 0.11484375 0.0328125 0.01875
1 0.4671875 0.29765625 0.0328125 0.0234375
1 0.609375 0.49296875 0.034375 0.0234375
1 0.6078125 0.44609375 0.034375 0.0171875
1 0.596875 0.38203125 0.0328125 0.021875
1 0.0734375 0.3828125 0.0328125 0.021875
1 0.40078125 0.36328125 0.0296875 0.0171875
1 0.5390625 0.30625 0.03125 0.0171875
1 0.61171875 0.53203125 0.0359375 0.028125
1 0.62890625 0.38671875 0.034375 0.021875
1 0.37890625 0.3546875 0.03125 0.021875
1 0.4390625 0.46953125 0.034375 0.025
0 0.19140625 0.09375 0.03125 0.021875
4 0.05546875 0.4859375 0.1109375 0.125
3 0.38671875 0.88125 0.1734375 0.15625