4 0.8828125 0.40546875 0.08203125 0.09453125
3 0.1421875 0.30703125 0.06015625 0.0625
1 0.62109375 0.88125 0.0109375 0.0203125
1 0.15546875 0.5671875 0.0140625 0.0234375
1 0.39609375 0.87890625 0.01015625 0.01953125
1 0.97109375 0.46484375 0.01171875 0.0171875
4 0.53203125 0.35625 0.0703125 0.084375
1 0.109375 0.4484375 0.01015625 0.01875
4 0.85703125 0.90703125 0.16953125 0.171875
1 0.01484375 0.4828125 0.0109375 0.0140625
1 0.8546875 0.57109375 0.0140625 0.0234375
1 0.2828125 0.88671875 0.01171875 0.021875
1 0.06171875 0.440625 0.01015625 0.0171875
1 0.56484375 0.54140625 0.01328125 0.021875
1 0.259375 0.50546875 0.0109375 0.01953125
2 0.24921875 0.22578125 0.09140625 0.04765625
1 0.61640625 0.4328125 0.009375 0.01640625
1 0.521875 0.43046875 0.01015625 0.0171875
1 0.64765625 0.42578125 0.009375 0.01640625
1 0.37578125 0.48359375 0.0109375 0.01953125
3 0.440625 0.29609375 0.04609375 0.0671875
2 0.77421875 0.221875 0.0859375 0.06015625
1 0.66953125 0.53828125 0.01328125 0.02109375
1 0.6984375 0.3203125 0.009375 0.01484375
1 0.79765625 0.49296875 0.0109375 0.01875
1 0.97734375 0.41875 0.01171875 0.0171875
1 0.5921875 0.46875 0.0109375 0.01796875
1 0.4203125 0.54375 0.01171875 0.021875
3 0.4640625 0.41875 0.0859375 0.1
1 0.715625 0.4546875 0.0109375 0.0171875
1 0.6296875 0.49375 0.009375 0.01953125
1 0.6796875 0.43671875 0.0109375 0.01875
1 0.715625 0.9 0.0140625 0.0171875
1 0.603125 0.4546875 0.01171875 0.01796875
1 0.3 0.5 0.0109375 0.01953125
1 0.35078125 0.4296875 0.01015625 0.01640625
1 0.0828125 0.64453125 0.01328125 0.0203125
1 0.659375 0.45 0.0109375 0.01796875
1 0.390625 0.421875 0.009375 0.0140625
1 0.2078125 0.88828125 0.01171875 0.0203125
1 0.23828125 0.91875 0.01484375 0.028125
1 0.29609375 0.4359375 0.01015625 0.0171875
1 0.5359375 0.42890625 0.009375 0.01640625
1 0.86484375 0.46328125 0.01015625 0.0171875
1 0.62578125 0.534375 0.00859375 0.01796875
1 0.27265625 0.484375 0.0109375 0.01796875
1 0.58984375 0.565625 0.0125 0.01953125
0 0.834375 0.7875 0.0203125 0.03671875
1 0.94609375 0.346875 0.009375 0.0140625
1 0.11484375 0.91640625 0.0140625 0.025
0 0.8140625 0.15546875 0.01171875 0.01796875
1 0.6328125 0.371875 0.01015625 0.015625
1 0.54609375 0.63359375 0.0140625 0.02421875
1 0.36015625 0.459375 0.0109375 0.01875
1 0.55234375 0.55625 0.0125 0.0234375
1 0.078125 0.396875 0.00859375 0.015625
1 0.38984375 0.50078125 0.01171875 0.01953125
1 0.0578125 0.39140625 0.01015625 0.01484375
1 0.73828125 0.61796875 0.0125 0.01875
1 0.61015625 0.384375 0.01015625 0.01484375
1 0.3828125 0.38359375 0.00859375 0.01484375
1 0.69296875 0.38125 0.01015625 0.0140625
1 0.065625 0.40859375 0.01015625 0.01640625
1 0.56015625 0.51171875 0.01171875 0.01953125
3 0.11640625 0.83125 0.04375 0.04609375
1 0.67734375 0.35 0.00703125 0.01328125
0 0.6578125 0.728125 0.01171875 0.01875
1 0.9875 0.37734375 0.0109375 0.015625
1 0.76328125 0.5953125 0.01171875 0.01484375
1 0.40625 0.478125 0.01171875 0.0140625
1 0.5953125 0.428125 0.009375 0.0171875
1 0.39375 0.37109375 0.009375 0.015625
1 0.67890625 0.4171875 0.009375 0.0171875
1 0.70390625 0.40390625 0.009375 0.015625
1 0.66328125 0.59453125 0.0125 0.0171875
1 0.46953125 0.34140625 0.00859375 0.0171875
1 0.6703125 0.3171875 0.0078125 0.0140625
1 0.5765625 0.453125 0.0109375 0.015625
1 0.65078125 0.54609375 0.01171875 0.02265625
4 0.70859375 0.85 0.10390625 0.0875
1 0.5609375 0.49375 0.01015625 0.0140625
1 0.184375 0.30390625 0.0078125 0.01171875
1 0.290625 0.48125 0.0109375 0.01953125
1 0.0765625 0.91953125 0.01484375 0.02421875
1 0.1328125 0.90234375 0.0125 0.01953125
1 0.42421875 0.36953125 0.0078125 0.0125
1 0.32578125 0.4953125 0.01171875 0.01875
1 0.434375 0.34609375 0.0078125 0.01328125
1 0.2859375 0.453125 0.009375 0.01328125
1 0.3765625 0.44296875 0.0109375 0.01796875
1 0.4296875 0.47890625 0.009375 0.01640625
1 0.95390625 0.35703125 0.0078125 0.01328125
1 0.5984375 0.39765625 0.01015625 0.01640625
1 0.715625 0.4390625 0.0109375 0.0140625
1 0.121875 0.33828125 0.0078125 0.01328125
0 0.7984375 0.159375 0.01171875 0.01953125
1 0.09296875 0.359375 0.0078125 0.0140625
1 0.35234375 0.39453125 0.009375 0.015625
1 0.559375 0.434375 0.0109375 0.0171875
1 0.84296875 0.31640625 0.00859375 0.0125
1 0.853125 0.315625 0.00703125 0.01328125
1 0.8734375 0.35078125 0.0109375 0.01640625
1 0.52109375 0.39453125 0.009375 0.015625
1 0.41484375 0.49921875 0.01171875 0.01875
1 0.690625 0.41875 0.0109375 0.01953125
1 0.57890625 0.390625 0.00859375 0.01328125
1 0.609375 0.4 0.01015625 0.01640625
1 0.1078125 0.33046875 0.0078125 0.0140625
1 0.35546875 0.3078125 0.00703125 0.0125
1 0.39140625 0.40078125 0.0078125 0.01484375
1 0.83984375 0.41484375 0.00859375 0.015625
1 0.51015625 0.40390625 0.0109375 0.0171875
1 0.39140625 0.43984375 0.01015625 0.01640625
1 0.54921875 0.42734375 0.01015625 0.015625
1 0.15859375 0.878125 0.00703125 0.0140625
1 0.646875 0.38359375 0.00859375 0.01171875
1 0.32421875 0.42265625 0.009375 0.01484375
1 0.54140625 0.51171875 0.009375 0.01796875
0 0.78671875 0.22578125 0.0109375 0.01640625
1 0.61953125 0.46640625 0.009375 0.0140625
1 0.590625 0.38203125 0.00859375 0.0140625
1 0.56328125 0.4015625 0.01015625 0.01640625
1 0.8140625 0.640625 0.0125 0.021875
1 0.8375 0.2796875 0.01015625 0.0171875
0 0.8453125 0.1015625 0.01171875 0.01875
1 0.45546875 0.3375 0.009375 0.0140625
0 0.9421875 0.1125 0.0140625 0.01796875
1 0.66640625 0.38515625 0.00859375 0.015625
1 0.403125 0.3953125 0.00703125 0.0109375
1 0.3375 0.48203125 0.01171875 0.01796875
1 0.60546875 0.35703125 0.0109375 0.01640625
1 0.6296875 0.3984375 0.0109375 0.01640625
1 0.71171875 0.42265625 0.009375 0.0140625
0 0.95390625 0.203125 0.009375 0.015625
1 0.40546875 0.42265625 0.0078125 0.0125
1 0.62578125 0.3375 0.00859375 0.015625
1 0.70234375 0.4390625 0.0109375 0.0171875
1 0.1171875 0.86953125 0.00859375 0.01484375
1 0.37265625 0.6296875 0.0125 0.02265625
1 0.65 0.371875 0.009375 0.01328125
1 0.59296875 0.365625 0.009375 0.01328125
1 0.003125 0.44375 0.00625 0.01640625
1 0.45625 0.35546875 0.00859375 0.0140625
1 0.14453125 0.9890625 0.02109375 0.0203125
0 0.81328125 0.06484375 0.01171875 0.01875
1 0.478125 0.32421875 0.009375 0.01328125
1 0.06328125 0.36640625 0.009375 0.0140625
1 0.58359375 0.4421875 0.009375 0.01328125
1 0.484375 0.30390625 0.00859375 0.0140625
1 0.3484375 0.46484375 0.0125 0.01875
1 0.54921875 0.40390625 0.009375 0.01328125
1 0.61796875 0.4 0.0109375 0.01640625
1 0.57265625 0.43984375 0.01015625 0.0140625
1 0.67734375 0.39296875 0.01015625 0.015625
1 0.10234375 0.87109375 0.009375 0.01328125
1 0.65703125 0.29609375 0.00703125 0.01171875
1 0.575 0.365625 0.00859375 0.0140625
1 0.4015625 0.30390625 0.00703125 0.0109375
1 0.003125 0.58125 0.00625 0.0125
0 0.759375 0.228125 0.0109375 0.0171875
1 0.51640625 0.31953125 0.0078125 0.01171875
1 0.4359375 0.4578125 0.009375 0.01484375
1 0.33125 0.4609375 0.01015625 0.01640625
1 0.0140625 0.4390625 0.00703125 0.01171875
1 0.0765625 0.978125 0.02109375 0.03984375
1 0.6640625 0.29765625 0.00859375 0.01171875
1 0.68125 0.790625 0.01171875 0.0203125
1 0.865625 0.346875 0.009375 0.015625
1 0.91640625 0.371875 0.0078125 0.0109375
1 0.6765625 0.29921875 0.00703125 0.01171875
0 0.86953125 0.0984375 0.0125 0.01953125
1 0.33515625 0.4421875 0.01015625 0.0171875
1 0.56796875 0.42109375 0.01015625 0.01484375
1 0.51953125 0.84765625 0.00859375 0.015625
1 0.40703125 0.37109375 0.0109375 0.015625
1 0.296875 0.421875 0.009375 0.0109375
1 0.040625 0.39375 0.00859375 0.0140625
0 0.7421875 0.221875 0.0109375 0.0140625
1 0.5671875 0.309375 0.00625 0.0109375
1 0.62734375 0.38515625 0.0078125 0.0109375
1 0.0828125 0.3484375 0.0078125 0.01484375
1 0.43984375 0.64609375 0.00859375 0.01328125
1 0.51328125 0.2953125 0.00859375 0.01171875
1 0.39453125 0.309375 0.00859375 0.0140625
1 0.54921875 0.84921875 0.00859375 0.01171875
1 0.90390625 0.359375 0.00703125 0.009375
1 0.325 0.4421875 0.0109375 0.01640625
1 0.3296875 0.40703125 0.0078125 0.0125
1 0.07265625 0.34921875 0.009375 0.015625
1 0.50234375 0.3953125 0.00625 0.01171875
1 0.528125 0.30703125 0.009375 0.01328125
1 0.4171875 0.43125 0.00859375 0.0125
1 0.92421875 0.990625 0.01484375 0.01640625
1 0.203125 0.84296875 0.00859375 0.009375
1 0.37734375 0.2984375 0.009375 0.0125
1 0.4 0.4453125 0.0109375 0.01640625
0 0.99296875 0.0875 0.0125 0.0234375
1 0.7109375 0.79140625 0.00859375 0.0140625
1 0.3015625 0.471875 0.0109375 0.015625
1 0.35859375 0.6203125 0.0109375 0.02109375
1 0.72421875 0.334375 0.01015625 0.015625
1 0.99609375 0.34609375 0.00625 0.01640625
1 0.53828125 0.41015625 0.00703125 0.01171875
1 0.390625 0.2953125 0.00859375 0.0125
1 0.14375 0.88671875 0.00859375 0.01484375