4 0.634375 0.353125 0.078125 0.0921875
2 0.77890625 0.228125 0.096875 0.0609375
1 0.28984375 0.4859375 0.021875 0.0203125
4 0.7953125 0.45 0.121875 0.1453125
1 0.1078125 0.43984375 0.021875 0.01875
1 0.3546875 0.47421875 0.021875 0.01875
1 0.6015625 0.41015625 0.0203125 0.015625
1 0.740625 0.57578125 0.0265625 0.0234375
1 0.375 0.575 0.0265625 0.025
1 0.29921875 0.434375 0.0203125 0.01875
3 0.41796875 0.82265625 0.053125 0.046875
1 0.121875 0.43046875 0.021875 0.0171875
1 0.934375 0.35390625 0.01875 0.0140625
1 0.0625 0.40546875 0.0203125 0.015625
1 0.83125 0.92734375 0.0265625 0.0265625
1 0.65 0.8859375 0.021875 0.0203125
1 0.66328125 0.5609375 0.0265625 0.0234375
1 0.628125 0.47109375 0.0234375 0.01875
1 0.5609375 0.33359375 0.01875 0.0140625
1 0.61796875 0.55703125 0.025 0.021875
1 0.38671875 0.48828125 0.021875 0.0203125
1 0.60546875 0.52109375 0.0234375 0.0203125
1 0.8671875 0.4578125 0.021875 0.01875
1 0.0078125 0.446875 0.015625 0.01875
2 0.25625 0.21875 0.1015625 0.046875
1 0.34921875 0.38671875 0.0203125 0.015625
3 0.671875 0.29765625 0.0640625 0.0546875
1 0.1234375 0.63125 0.025 0.0171875
1 0.93359375 0.93125 0.025 0.0265625
1 0.15078125 0.86953125 0.021875 0.0171875
1 0.03515625 0.91015625 0.028125 0.0296875
1 0.98828125 0.425 0.0234375 0.01875
1 0.6171875 0.49296875 0.0234375 0.01875
1 0.10234375 0.415625 0.0203125 0.015625
1 0.371875 0.4921875 0.0234375 0.0203125
1 0.7671875 0.54375 0.025 0.0234375
1 0.38984375 0.39609375 0.0203125 0.015625
1 0.64609375 0.4265625 0.0203125 0.0125
1 0.12734375 0.86796875 0.021875 0.01875
1 0.1625 0.89453125 0.0265625 0.0265625
1 0.65546875 0.44453125 0.0234375 0.021875
1 0.64296875 0.52265625 0.021875 0.0171875
3 0.4640625 0.41328125 0.1078125 0.0984375
1 0.07109375 0.36875 0.021875 0.0140625
1 0.7 0.45546875 0.021875 0.01875
1 0.80234375 0.87578125 0.01875 0.0140625
1 0.39375 0.46484375 0.021875 0.0203125
1 0.565625 0.85703125 0.021875 0.021875
1 0.57109375 0.321875 0.01875 0.0125
1 0.89375 0.35 0.01875 0.0109375
1 0.80078125 0.8765625 0.0203125 0.009375
1 0.29609375 0.48515625 0.0203125 0.0171875
1 0.4546875 0.8421875 0.01875 0.0109375
1 0.64921875 0.5609375 0.0234375 0.021875
1 0.2171875 0.8359375 0.0171875 0.0109375
1 0.06875 0.8609375 0.0203125 0.0171875
1 0.72890625 0.465625 0.0234375 0.01875
1 0.6828125 0.45546875 0.021875 0.0203125
1 0.68828125 0.3984375 0.0203125 0.015625
1 0.80859375 0.85390625 0.0171875 0.0109375
1 0.6234375 0.43984375 0.0203125 0.0171875
1 0.11640625 0.315625 0.01875 0.0125
1 0.27734375 0.8828125 0.0265625 0.025
1 0.4390625 0.540625 0.0234375 0.021875
1 0.11484375 0.40703125 0.0203125 0.0140625
1 0.5859375 0.46171875 0.021875 0.015625
1 0.05 0.95078125 0.0328125 0.0421875
1 0.90703125 0.3734375 0.0203125 0.015625
1 0.40625 0.44921875 0.021875 0.0140625
1 0.86875 0.8625 0.0171875 0.0109375
3 0.4375 0.36015625 0.0828125 0.0796875
1 0.3109375 0.8578125 0.01875 0.0140625
1 0.5921875 0.44765625 0.0203125 0.0140625
1 0.2125 0.871875 0.021875 0.021875
1 0.5328125 0.890625 0.025 0.0234375
1 0.59609375 0.853125 0.025 0.0171875
1 0.90078125 0.36953125 0.01875 0.0140625
1 0.6125 0.4421875 0.0203125 0.01875
1 0.88359375 0.92734375 0.0265625 0.025
1 0.71796875 0.46875 0.021875 0.015625
4 0.546875 0.809375 0.0875 0.08125
1 0.0796875 0.3671875 0.0203125 0.0125
1 0.08828125 0.34140625 0.01875 0.0125
1 0.653125 0.52265625 0.0234375 0.01875
1 0.75 0.53984375 0.0234375 0.021875
1 0.7765625 0.52109375 0.0234375 0.015625
1 0.49296875 0.30859375 0.0171875 0.0125
1 0.67421875 0.47734375 0.021875 0.01875
1 0.6796875 0.55390625 0.0265625 0.0203125
1 0.91015625 0.31796875 0.01875 0.0125
1 0.484375 0.35703125 0.025 0.0171875
1 0.27265625 0.88046875 0.028125 0.025
1 0.56640625 0.88671875 0.0234375 0.021875
1 0.33046875 0.37890625 0.021875 0.0140625
1 0.8828125 0.3328125 0.021875 0.0125
1 0.46328125 0.51953125 0.0203125 0.0140625
1 0.94296875 0.39140625 0.0203125 0.015625
1 0.6421875 0.46328125 0.021875 0.0171875
1 0.078125 0.38203125 0.021875 0.015625
1 0.7296875 0.85 0.015625 0.0078125
1 0.10390625 0.8546875 0.01875 0.015625
1 0.13671875 0.9078125 0.0265625 0.0296875