2 0.78515625 0.234375 0.1015625 0.06875
3 0.76015625 0.84296875 0.065625 0.05625
3 0.1625 0.81484375 0.0578125 0.0546875
4 0.1640625 0.3671875 0.078125 0.075
4 0.221875 0.82890625 0.0953125 0.0828125
1 0.14296875 0.5609375 0.0265625 0.021875
1 0.4609375 0.4296875 0.0234375 0.0203125
1 0.634375 0.44921875 0.0234375 0.0203125
1 0.8421875 0.4625 0.0234375 0.01875
1 0.2875 0.46796875 0.025 0.0203125
1 0.5859375 0.43515625 0.0234375 0.0203125
1 0.64921875 0.503125 0.025 0.025
1 0.053125 0.40078125 0.0234375 0.0203125
1 0.5125 0.43359375 0.0234375 0.0203125
1 0.18125 0.55625 0.0265625 0.028125
1 0.30390625 0.4453125 0.0234375 0.0203125
1 0.4875 0.46015625 0.025 0.0234375
1 0.675 0.52734375 0.025 0.025
1 0.3609375 0.40078125 0.0234375 0.0203125
1 0.3375 0.44453125 0.025 0.01875
1 0.62421875 0.5484375 0.0265625 0.0265625
1 0.0828125 0.40859375 0.0234375 0.01875
1 0.32265625 0.86015625 0.021875 0.01875
1 0.21015625 0.41328125 0.021875 0.0203125
2 0.2640625 0.21328125 0.109375 0.05625
1 0.47734375 0.3671875 0.0203125 0.01875
1 0.44765625 0.49765625 0.025 0.025
1 0.20390625 0.8765625 0.0265625 0.025
1 0.68828125 0.5890625 0.028125 0.028125
1 0.41953125 0.48125 0.025 0.0234375
1 0.72890625 0.45703125 0.025 0.0203125
1 0.96953125 0.43359375 0.025 0.021875
1 0.70859375 0.5359375 0.0265625 0.025
1 0.09375 0.90859375 0.0296875 0.034375
1 0.546875 0.4421875 0.0234375 0.0203125
1 0.42578125 0.8953125 0.0265625 0.021875
1 0.31328125 0.41796875 0.0234375 0.0203125
1 0.94296875 0.41875 0.0234375 0.0203125
1 0.71484375 0.4625 0.025 0.0203125
1 0.06640625 0.35625 0.021875 0.01875
1 0.109375 0.4859375 0.025 0.021875
1 0.88671875 0.39765625 0.021875 0.01875
1 0.66640625 0.375 0.021875 0.0171875
1 0.65234375 0.6421875 0.025 0.0203125
1 0.98984375 0.39921875 0.0203125 0.0203125
1 0.0921875 0.5234375 0.028125 0.025
1 0.61015625 0.43828125 0.0234375 0.0203125
1 0.553125 0.4671875 0.025 0.01875
1 0.68984375 0.4046875 0.0234375 0.01875
1 0.38359375 0.4203125 0.0234375 0.0203125
1 0.6625 0.41484375 0.021875 0.01875
1 0.68046875 0.56875 0.0265625 0.0234375
1 0.52578125 0.41796875 0.025 0.021875
1 0.64765625 0.55859375 0.0265625 0.0265625
1 0.440625 0.44609375 0.025 0.021875
1 0.31953125 0.8828125 0.025 0.0203125
1 0.59453125 0.40703125 0.0234375 0.01875
1 0.18125 0.95390625 0.034375 0.0421875
1 0.67734375 0.4359375 0.0234375 0.0203125
1 0.3 0.846875 0.0203125 0.0171875
1 0.6125 0.4140625 0.0234375 0.021875
1 0.33515625 0.46171875 0.025 0.0203125
1 0.62578125 0.434375 0.0265625 0.0203125
1 0.671875 0.41484375 0.021875 0.01875
1 0.0734375 0.48515625 0.025 0.021875
1 0.72109375 0.36328125 0.025 0.0203125
1 0.2140625 0.9359375 0.034375 0.0390625
1 0.06875 0.425 0.0234375 0.0203125
1 0.325 0.8953125 0.025 0.015625
1 0.9140625 0.409375 0.0234375 0.0203125
1 0.034375 0.36640625 0.021875 0.01875
1 0.59140625 0.34375 0.021875 0.0171875
1 0.5640625 0.42578125 0.0234375 0.01875
1 0.93203125 0.41796875 0.0234375 0.0203125
1 0.92578125 0.39765625 0.021875 0.01875
1 0.84765625 0.34765625 0.0203125 0.0171875
1 0.70703125 0.36796875 0.0234375 0.01875
1 0.43515625 0.39921875 0.01875 0.015625
1 0.57109375 0.3609375 0.0203125 0.01875
1 0.6921875 0.36875 0.0234375 0.01875
1 0.6015625 0.39296875 0.021875 0.0171875
1 0.6328125 0.3796875 0.0234375 0.0203125
1 0.33359375 0.4078125 0.0234375 0.01875
1 0.365625 0.37578125 0.021875 0.0171875
1 0.534375 0.38671875 0.0234375 0.01875
1 0.60703125 0.3390625 0.0203125 0.0171875
1 0.7171875 0.43828125 0.0234375 0.0203125
1 0.89765625 0.36796875 0.021875 0.0171875
1 0.71328125 0.3359375 0.0234375 0.0203125
1 0.059375 0.421875 0.0234375 0.0203125
1 0.08515625 0.4953125 0.025 0.0234375
1 0.65625 0.390625 0.025 0.01875
1 0.6578125 0.36015625 0.0234375 0.0171875
1 0.81484375 0.90390625 0.0265625 0.025
1 0.69921875 0.55625 0.0265625 0.025
1 0.86328125 0.33984375 0.021875 0.0171875
1 0.1390625 0.31328125 0.021875 0.0171875
1 0.11015625 0.4625 0.0265625 0.025
1 0.3765625 0.89375 0.028125 0.021875
1 0.5765625 0.42578125 0.0234375 0.01875
1 0.49375 0.33828125 0.0203125 0.01875
1 0.56015625 0.37578125 0.0203125 0.0171875
1 0.1203125 0.884375 0.0265625 0.028125
1 0.3984375 0.88125 0.0234375 0.0234375
1 0.878125 0.353125 0.021875 0.01875
1 0.390625 0.38046875 0.0234375 0.0203125
1 0.12109375 0.47890625 0.0234375 0.025
1 0.346875 0.89453125 0.0265625 0.01875
1 0.3296875 0.38671875 0.021875 0.0171875
1 0.8109375 0.8765625 0.0203125 0.015625
1 0.41640625 0.365625 0.021875 0.0171875
1 0.85078125 0.334375 0.0203125 0.015625
1 0.0953125 0.8671875 0.025 0.0234375
1 0.61640625 0.6 0.0265625 0.0203125
1 0.040625 0.915625 0.0296875 0.0328125
1 0.32734375 0.47734375 0.025 0.0203125
1 0.8875 0.37578125 0.021875 0.0171875
1 0.55078125 0.4890625 0.025 0.021875
1 0.55078125 0.32734375 0.0203125 0.0171875
1 0.453125 0.3484375 0.01875 0.0171875
1 0.33828125 0.38671875 0.0234375 0.01875
1 0.79921875 0.89296875 0.0265625 0.021875
1 0.54296875 0.4265625 0.025 0.01875
1 0.63125 0.39453125 0.0203125 0.0171875
1 0.9953125 0.40234375 0.009375 0.0203125
1 0.32890625 0.3625 0.021875 0.0171875
1 0.18671875 0.8734375 0.0296875 0.028125
1 0.55234375 0.79375 0.021875 0.0171875
1 0.64296875 0.87265625 0.0234375 0.021875
1 0.3484375 0.26015625 0.021875 0.0171875
1 0.6640625 0.3046875 0.01875 0.015625
1 0.325 0.39921875 0.021875 0.0171875
1 0.559375 0.4421875 0.0234375 0.01875
1 0.82421875 0.88828125 0.021875 0.0171875
1 0.3375 0.3640625 0.021875 0.0171875
1 0.778125 0.88203125 0.0234375 0.01875
1 0.88515625 0.35625 0.021875 0.0171875
1 0.159375 0.31015625 0.021875 0.0171875
1 0.65859375 0.60546875 0.0234375 0.0171875
1 0.4453125 0.39375 0.0203125 0.0140625
4 0.725 0.83203125 0.0484375 0.040625
1 0.80546875 0.86015625 0.021875 0.0140625
1 0.1359375 0.8734375 0.01875 0.015625
1 0.53671875 0.34140625 0.021875 0.0171875
1 0.38515625 0.3359375 0.0234375 0.0171875
1 0.2890625 0.63828125 0.021875 0.0125
1 0.33046875 0.43046875 0.0234375 0.01875
1 0.8328125 0.8765625 0.0203125 0.0140625
1 0.7203125 0.8546875 0.0203125 0.015625
1 0.61953125 0.5875 0.0265625 0.01875
1 0.36328125 0.34453125 0.025 0.01875
1 0.08125 0.84453125 0.0265625 0.021875
1 0.3859375 0.2953125 0.0234375 0.0171875
1 0.67734375 0.34609375 0.0203125 0.0171875
1 0.07109375 0.409375 0.021875 0.0171875
1 0.9328125 0.34140625 0.021875 0.0171875
1 0.30703125 0.321875 0.0234375 0.01875
1 0.27578125 0.853125 0.025 0.01875
1 0.3453125 0.346875 0.0203125 0.015625
1 0.36484375 0.33125 0.021875 0.0171875
1 0.43359375 0.328125 0.021875 0.015625
1 0.61484375 0.303125 0.0203125 0.0171875
1 0.59375 0.303125 0.0203125 0.015625
1 0.4046875 0.36328125 0.021875 0.015625
1 0.403125 0.29453125 0.0203125 0.015625
1 0.35625 0.38125 0.0234375 0.0203125
1 0.11953125 0.31484375 0.0203125 0.015625
1 0.36640625 0.31875 0.021875 0.015625
1 0.13671875 0.8609375 0.01875 0.0140625
4 0.571875 0.92734375 0.19375 0.1453125
1 0.1 0.32578125 0.021875 0.0171875
1 0.165625 0.62578125 0.0265625 0.021875
1 0.37265625 0.3453125 0.0234375 0.015625
1 0.49453125 0.3078125 0.0203125 0.015625
1 0.35390625 0.3453125 0.0234375 0.0203125
1 0.18046875 0.2875 0.0203125 0.015625
1 0.66171875 0.83828125 0.01875 0.015625
1 0.5734375 0.3875 0.021875 0.0171875
1 0.41484375 0.3484375 0.0203125 0.015625
1 0.54453125 0.40078125 0.025 0.0203125
1 0.43515625 0.3046875 0.021875 0.01875
1 0.5359375 0.81171875 0.021875 0.015625
1 0.065625 0.84765625 0.021875 0.01875
1 0.55546875 0.409375 0.025 0.01875
1 0.5671875 0.409375 0.025 0.01875
1 0.734375 0.85625 0.0234375 0.015625
1 0.8625 0.32578125 0.0203125 0.0140625
1 0.85859375 0.86484375 0.0203125 0.015625
1 0.565625 0.3859375 0.0203125 0.015625
1 0.3 0.6265625 0.0234375 0.0265625
1 0.48828125 0.30234375 0.021875 0.015625
1 0.08125 0.328125 0.021875 0.015625
1 0.2828125 0.44921875 0.0203125 0.015625
1 0.31015625 0.5796875 0.021875 0.0140625
1 0.56796875 0.44765625 0.021875 0.0171875
1 0.33828125 0.88203125 0.025 0.0171875
1 0.1453125 0.62265625 0.0265625 0.025
1 0.903125 0.8703125 0.0234375 0.0171875
1 0.653125 0.37890625 0.0234375 0.015625
1 0.6609375 0.35 0.0203125 0.0171875
1 0.45625 0.2921875 0.021875 0.0171875
1 0.23125 0.5765625 0.0203125 0.0140625
1 0.1125 0.51328125 0.021875 0.015625
1 0.359375 0.23515625 0.0234375 0.021875
1 0.38671875 0.3234375 0.021875 0.0125
1 0.37421875 0.3203125 0.0234375 0.015625
1 0.028125 0.96015625 0.0328125 0.034375
1 0.9 0.8953125 0.0234375 0.0203125
1 0.94765625 0.9828125 0.0265625 0.0265625
1 0.915625 0.8984375 0.0234375 0.01875
1 0.5765625 0.29921875 0.01875 0.015625
1 0.278125 0.796875 0.01875 0.0140625
1 0.8328125 0.86328125 0.01875 0.0125