4 0.65703125 0.3546875 0.0953125 0.0984375
2 0.2296875 0.2203125 0.1234375 0.0640625
1 0.31640625 0.41875 0.0453125 0.021875
4 0.30078125 0.5171875 0.1328125 0.1328125
3 0.8953125 0.85859375 0.1359375 0.1265625
2 0.75078125 0.22421875 0.1265625 0.05625
1 0.67734375 0.85625 0.0453125 0.0203125
1 0.53984375 0.38984375 0.0453125 0.0203125
1 0.94140625 0.45703125 0.046875 0.021875
0 0.2734375 0.22578125 0.05 0.0296875
1 0.51640625 0.37265625 0.0453125 0.0203125
1 0.74140625 0.43515625 0.046875 0.0234375
1 0.35703125 0.86796875 0.0453125 0.0234375
1 0.2171875 0.93359375 0.053125 0.0359375
1 0.984375 0.5671875 0.03125 0.025
4 0.77421875 0.8265625 0.0734375 0.0484375
1 0.321875 0.38984375 0.0453125 0.0203125
1 0.90859375 0.52265625 0.0484375 0.0265625
0 0.7671875 0.165625 0.0453125 0.021875
1 0.06484375 0.41640625 0.0484375 0.0234375
1 0.69375 0.4046875 0.0453125 0.0203125
1 0.18984375 0.90390625 0.05 0.028125
1 0.27734375 0.89921875 0.0484375 0.0234375
1 0.0390625 0.46328125 0.0484375 0.0234375
1 0.97890625 0.45390625 0.0421875 0.0234375
1 0.60703125 0.37421875 0.0453125 0.0203125
1 0.09453125 0.35078125 0.0453125 0.0203125
1 0.04921875 0.421875 0.0484375 0.021875
1 0.71328125 0.50390625 0.0484375 0.0265625
1 0.33515625 0.34296875 0.0453125 0.0203125
1 0.7609375 0.89609375 0.0484375 0.0265625
1 0.58984375 0.89765625 0.0484375 0.0265625
1 0.9203125 0.41875 0.0453125 0.01875
1 0.14296875 0.92109375 0.0515625 0.0296875
1 0.9578125 0.459375 0.0484375 0.021875
1 0.03125 0.378125 0.0453125 0.01875
1 0.33671875 0.3734375 0.0453125 0.0203125
1 0.17578125 0.884375 0.0453125 0.0234375
1 0.88671875 0.33984375 0.0453125 0.0203125
0 0.72734375 0.740625 0.0421875 0.0171875
1 0.75859375 0.9359375 0.053125 0.0328125
0 0.12421875 0.2125 0.053125 0.0328125
1 0.821875 0.89921875 0.0484375 0.0265625
1 0.77890625 0.8984375 0.0484375 0.0265625
1 0.75390625 0.84609375 0.04375 0.0171875
0 0.73203125 0.72734375 0.0421875 0.0171875
1 0.3390625 0.3296875 0.04375 0.0171875
1 0.121875 0.89921875 0.0484375 0.025
1 0.684375 0.39296875 0.0453125 0.0171875
1 0.85859375 0.33515625 0.0453125 0.0171875
1 0.203125 0.884375 0.046875 0.0234375
1 0.0640625 0.34609375 0.0453125 0.0203125
1 0.253125 0.93359375 0.0515625 0.0359375
1 0.40703125 0.30078125 0.0421875 0.0171875
1 0.809375 0.31484375 0.0421875 0.0171875
1 0.05078125 0.4015625 0.0484375 0.0203125
1 0.725 0.64609375 0.0484375 0.021875
1 0.02265625 0.42265625 0.0453125 0.0203125
1 0.11875 0.34765625 0.0453125 0.0171875
1 0.259375 0.85234375 0.04375 0.0171875
1 0.59296875 0.8453125 0.0453125 0.0171875
1 0.775 0.94609375 0.0546875 0.0375
1 0.140625 0.3171875 0.0453125 0.01875
1 0.0125 0.4453125 0.025 0.021875
1 0.9296875 0.43125 0.046875 0.0203125
1 0.04921875 0.37734375 0.0453125 0.0203125
1 0.0140625 0.37734375 0.028125 0.0203125
1 0.60625 0.39453125 0.04375 0.0171875
1 0.85390625 0.30859375 0.0453125 0.0171875
1 0.8328125 0.88125 0.0453125 0.0203125
1 0.5640625 0.84140625 0.0421875 0.0140625
1 0.1625 0.321875 0.0453125 0.01875
1 0.171875 0.29921875 0.0421875 0.0171875
1 0.15390625 0.8578125 0.04375 0.0171875
1 0.9453125 0.40234375 0.0421875 0.01875
1 0.08359375 0.34140625 0.04375 0.01875
1 0.94921875 0.428125 0.0484375 0.0203125
1 0.80625 0.89453125 0.0484375 0.0234375
0 0.73359375 0.7890625 0.0421875 0.0171875
1 0.83984375 0.840625 0.0421875 0.015625
1 0.1578125 0.9015625 0.0484375 0.0265625
1 0.3375 0.315625 0.04375 0.01875
1 0.34921875 0.334375 0.0453125 0.0203125
1 0.9421875 0.93671875 0.053125 0.0328125
1 0.0765625 0.9265625 0.0484375 0.0265625
1 0.93046875 0.3921875 0.0453125 0.0171875
1 0.11953125 0.87265625 0.0453125 0.01875
0 0.73828125 0.7765625 0.04375 0.01875
1 0.74296875 0.98828125 0.0578125 0.0234375
1 0.7890625 0.89453125 0.046875 0.0234375
0 0.72265625 0.759375 0.04375 0.0171875
1 0.0578125 0.93203125 0.0515625 0.0265625
1 0.03671875 0.4125 0.046875 0.0234375
3 0.45078125 0.80234375 0.0671875 0.0328125
1 0.4484375 0.2984375 0.0453125 0.0171875
1 0.0171875 0.41328125 0.034375 0.0234375
1 0.375 0.29921875 0.0453125 0.0171875
1 0.16640625 0.8796875 0.0453125 0.01875
1 0.08984375 0.90078125 0.046875 0.0234375
1 0.7796875 0.88125 0.046875 0.015625
1 0.11015625 0.346875 0.0453125 0.01875
1 0.13984375 0.89453125 0.0484375 0.0203125
1 0.928125 0.35625 0.0453125 0.01875
1 0.165625 0.8453125 0.04375 0.0171875
1 0.965625 0.4484375 0.0453125 0.01875
1 0.10859375 0.871875 0.0453125 0.0171875
1 0.1234375 0.3234375 0.0453125 0.0171875
1 0.9265625 0.91953125 0.05 0.0328125
1 0.11171875 0.8890625 0.046875 0.0234375
1 0.19609375 0.8421875 0.0453125 0.0140625
1 0.909375 0.40234375 0.0453125 0.0203125
1 0.04765625 0.98671875 0.0546875 0.0265625
1 0.04609375 0.34765625 0.0453125 0.0171875
1 0.1078125 0.33046875 0.0453125 0.01875
1 0.059375 0.9078125 0.0484375 0.0203125
1 0.89921875 0.32890625 0.0453125 0.0203125
1 0.9359375 0.3828125 0.04375 0.0171875
1 0.175 0.31484375 0.046875 0.0171875
1 0.58203125 0.8421875 0.0421875 0.0171875
3 0.7421875 0.82421875 0.075 0.0515625
1 0.1609375 0.3 0.0453125 0.0171875
1 0.06640625 0.328125 0.0453125 0.0203125