3 0.196875 0.8578125 0.0578125 0.06484375
0 0.1796875 0.1453125 0.009375 0.01875
2 0.7671875 0.21484375 0.0859375 0.065625
4 0.14453125 0.3546875 0.0765625 0.096875
0 0.18359375 0.1640625 0.01015625 0.01875
1 0.81796875 0.4015625 0.009375 0.0171875
1 0.75390625 0.53203125 0.0125 0.02109375
4 0.48125 0.3609375 0.06640625 0.0703125
0 0.9015625 0.81484375 0.01328125 0.025
1 0.5140625 0.4546875 0.01015625 0.01875
4 0.2546875 0.871875 0.08671875 0.08125
1 0.94140625 0.38203125 0.01015625 0.01640625
1 0.71796875 0.49140625 0.0109375 0.01875
1 0.84140625 0.39296875 0.009375 0.01640625
1 0.95078125 0.5171875 0.0125 0.02109375
1 0.5921875 0.35234375 0.01015625 0.015625
1 0.94609375 0.43125 0.009375 0.01875
1 0.55390625 0.40078125 0.00859375 0.015625
1 0.37734375 0.40859375 0.01015625 0.01640625
1 0.21953125 0.64375 0.00859375 0.01875
1 0.64140625 0.3921875 0.00859375 0.01484375
1 0.8359375 0.428125 0.01015625 0.0171875
1 0.66640625 0.30390625 0.0078125 0.0140625
1 0.69375 0.40390625 0.01015625 0.01484375
1 0.2078125 0.39375 0.00859375 0.0171875
1 0.11484375 0.90234375 0.0109375 0.01796875
0 0.30390625 0.25546875 0.009375 0.01875
0 0.28828125 0.17109375 0.01171875 0.0234375
1 0.76015625 0.5609375 0.0125 0.0203125
1 0.3359375 0.40078125 0.009375 0.0171875
1 0.72734375 0.89140625 0.0109375 0.01953125
1 0.3046875 0.4453125 0.01015625 0.01875
0 0.31640625 0.228125 0.009375 0.015625
1 0.9328125 0.43046875 0.01171875 0.0171875
1 0.59140625 0.47890625 0.0109375 0.01875
1 0.58984375 0.4171875 0.01015625 0.0171875
1 0.65703125 0.90390625 0.01015625 0.01328125
1 0.30078125 0.48515625 0.01171875 0.01953125
1 0.3390625 0.53359375 0.01171875 0.02265625
1 0.26875 0.50703125 0.01015625 0.015625
1 0.80390625 0.88046875 0.00859375 0.015625
1 0.70703125 0.48125 0.0109375 0.01875
1 0.75390625 0.91953125 0.01171875 0.02265625
1 0.61640625 0.56171875 0.01328125 0.0234375
0 0.75625 0.1796875 0.00859375 0.01796875
2 0.25703125 0.20859375 0.08828125 0.05625
1 0.859375 0.403125 0.0109375 0.015625
1 0.62265625 0.40625 0.00859375 0.015625
1 0.89453125 0.35 0.0078125 0.0140625
1 0.590625 0.3046875 0.00859375 0.0140625
1 0.271875 0.528125 0.0109375 0.01875
1 0.67265625 0.89375 0.009375 0.01796875
1 0.61796875 0.509375 0.0109375 0.01953125
1 0.02578125 0.45703125 0.01171875 0.01875
1 0.340625 0.2609375 0.00625 0.01171875
1 0.321875 0.37890625 0.0078125 0.01015625
1 0.22109375 0.59296875 0.01328125 0.02421875
1 0.59921875 0.3875 0.00859375 0.01484375
4 0.89765625 0.875 0.0625 0.0859375
1 0.853125 0.34375 0.0078125 0.015625
0 0.28828125 0.21171875 0.01015625 0.0125
1 0.52265625 0.43203125 0.01015625 0.01640625
1 0.63515625 0.440625 0.01171875 0.01796875
1 0.43828125 0.58828125 0.01328125 0.02578125
1 0.32265625 0.3921875 0.00859375 0.01328125
1 0.6484375 0.35390625 0.0078125 0.0140625
1 0.76171875 0.94609375 0.015625 0.02890625
1 0.64453125 0.371875 0.01015625 0.0140625
1 0.82109375 0.428125 0.01015625 0.01796875
3 0.4671875 0.45078125 0.0890625 0.12421875
1 0.6578125 0.4390625 0.0109375 0.0171875
1 0.57578125 0.5375 0.0125 0.021875
1 0.5796875 0.509375 0.0109375 0.01953125
1 0.94765625 0.39765625 0.009375 0.01640625
1 0.6484375 0.90390625 0.0078125 0.01328125
1 0.35546875 0.2703125 0.009375 0.015625
1 0.396875 0.3984375 0.0078125 0.0140625
1 0.7078125 0.40703125 0.01015625 0.01796875
1 0.56484375 0.36640625 0.00859375 0.015625
1 0.82890625 0.88125 0.00859375 0.01484375
1 0.94375 0.3328125 0.009375 0.0140625
1 0.80390625 0.903125 0.0109375 0.02109375
1 0.978125 0.4234375 0.01171875 0.0171875
1 0.690625 0.43984375 0.01015625 0.01640625
1 0.5390625 0.428125 0.0109375 0.015625
0 0.23359375 0.20625 0.00625 0.01328125
1 0.88671875 0.403125 0.0109375 0.015625
1 0.89921875 0.4859375 0.01171875 0.01875
1 0.35703125 0.42265625 0.00859375 0.015625
1 0.0046875 0.434375 0.00859375 0.01640625
1 0.8765625 0.39296875 0.01015625 0.015625
1 0.7734375 0.9140625 0.01015625 0.01796875
1 0.65625 0.38515625 0.0109375 0.01796875
1 0.7625 0.89453125 0.0109375 0.01953125
1 0.653125 0.29140625 0.009375 0.01640625
1 0.29375 0.4515625 0.009375 0.0171875
1 0.57109375 0.340625 0.0078125 0.01484375
1 0.9421875 0.31953125 0.009375 0.009375
1 0.678125 0.4609375 0.009375 0.015625
1 0.33046875 0.30390625 0.00859375 0.015625
1 0.93515625 0.396875 0.0109375 0.01484375
1 0.8421875 0.93203125 0.01171875 0.0234375
1 0.8828125 0.478125 0.0109375 0.0171875
1 0.659375 0.8875 0.0078125 0.01328125
1 0.40859375 0.371875 0.00859375 0.0140625
1 0.61640625 0.44765625 0.01015625 0.01796875
1 0.09296875 0.90078125 0.0109375 0.01953125
1 0.84375 0.90625 0.01015625 0.01484375
1 0.875 0.4625 0.01015625 0.0171875
1 0.81640625 0.96796875 0.01796875 0.03359375
1 0.66796875 0.4515625 0.009375 0.0140625
1 0.6296875 0.28046875 0.01015625 0.015625
1 0.09140625 0.9328125 0.015625 0.02734375
1 0.6453125 0.27578125 0.00703125 0.0125
1 0.2609375 0.52734375 0.01015625 0.0203125
1 0.12265625 0.9265625 0.01328125 0.02265625
1 0.16328125 0.92890625 0.0125 0.02578125
1 0.1984375 0.5859375 0.0125 0.02265625
1 0.5046875 0.259375 0.00703125 0.0125
1 0.41875 0.38359375 0.00859375 0.0140625
1 0.8671875 0.97578125 0.01640625 0.0296875
1 0.3296875 0.8921875 0.0078125 0.01640625
1 0.3328125 0.365625 0.00859375 0.01796875
1 0.93359375 0.41015625 0.0109375 0.01484375
1 0.56875 0.3875 0.009375 0.01484375
1 0.24140625 0.940625 0.0171875 0.03046875
1 0.61015625 0.41484375 0.009375 0.015625
1 0.7890625 0.915625 0.0125 0.01875
1 0.2453125 0.571875 0.01171875 0.021875
1 0.64140625 0.29140625 0.01015625 0.0140625
1 0.553125 0.26796875 0.00859375 0.0140625
1 0.5640625 0.2703125 0.00859375 0.0140625
1 0.4265625 0.37265625 0.0109375 0.01484375
1 0.51640625 0.4 0.00859375 0.01640625
1 0.46796875 0.5625 0.01015625 0.02109375
1 0.94140625 0.4484375 0.0109375 0.01640625
1 0.3765625 0.371875 0.01015625 0.0140625
1 0.80703125 0.934375 0.01484375 0.021875
1 0.55078125 0.3703125 0.01015625 0.0140625
1 0.1296875 0.90625 0.0125 0.0171875
1 0.92109375 0.4140625 0.01015625 0.015625
1 0.2375 0.56640625 0.009375 0.021875
1 0.703125 0.45859375 0.009375 0.01796875
1 0.6609375 0.40703125 0.00859375 0.015625
1 0.5046875 0.44453125 0.0078125 0.01015625
1 0.6109375 0.27109375 0.009375 0.01171875
1 0.57421875 0.371875 0.01015625 0.0125
1 0.34921875 0.89296875 0.0125 0.0203125
1 0.83984375 0.98984375 0.01640625 0.0171875
1 0.5328125 0.41796875 0.0078125 0.0125
1 0.00546875 0.403125 0.0078125 0.0140625
1 0.23125 0.61171875 0.0125 0.01484375
1 0.63203125 0.29453125 0.00703125 0.0140625
1 0.66875 0.4015625 0.009375 0.015625
1 0.3484375 0.34453125 0.01015625 0.01484375
1 0.0125 0.3671875 0.01015625 0.015625
1 0.3390625 0.4390625 0.00859375 0.015625
1 0.796875 0.9578125 0.015625 0.03125
1 0.91640625 0.303125 0.009375 0.0140625
1 0.43125 0.325 0.0078125 0.015625
1 0.54921875 0.446875 0.01015625 0.0171875
1 0.56328125 0.8984375 0.009375 0.01875
1 0.6796875 0.34609375 0.01171875 0.01640625
1 0.68125 0.39140625 0.009375 0.01484375
1 0.1171875 0.878125 0.009375 0.0140625
0 0.88515625 0.7609375 0.01015625 0.021875
1 0.715625 0.88125 0.0078125 0.01171875
1 0.6640625 0.26875 0.009375 0.0125
1 0.596875 0.8984375 0.00859375 0.015625
1 0.76484375 0.89453125 0.0078125 0.01484375
1 0.52265625 0.25859375 0.01015625 0.0125
1 0.578125 0.34140625 0.00859375 0.0140625
1 0.809375 0.8609375 0.0046875 0.00859375
1 0.3484375 0.44375 0.0109375 0.01875
1 0.2953125 0.38046875 0.00703125 0.01328125
3 0.17421875 0.3203125 0.08046875 0.09375
1 0.8640625 0.403125 0.01171875 0.015625
1 0.89296875 0.27734375 0.009375 0.01171875
1 0.87578125 0.3390625 0.0109375 0.01484375
1 0.590625 0.33671875 0.00859375 0.0140625
1 0.88671875 0.91796875 0.01015625 0.0140625
1 0.66953125 0.90703125 0.00703125 0.0078125
1 0.36875 0.4078125 0.009375 0.01640625
1 0.82578125 0.89921875 0.0109375 0.01875
1 0.48125 0.89140625 0.01015625 0.01171875
1 0.2078125 0.3765625 0.00625 0.01328125
1 0.55546875 0.87265625 0.009375 0.01171875
0 0.203125 0.12222222187500001 0.2015625 0.1125 0.19453125 0.10694444375 0.1921875 0.1111111109375 0.19375 0.12361111093749999 0.19921875 0.1263888890625 0.203125 0.12222222187500001
0 0.221875 0.11805555625 0.2171875 0.1166666671875 0.2125 0.11805555625 0.21328125 0.1263888890625 0.221875 0.12361111093749999 0.221875 0.11805555625