1 0.64609375 0.43046875 0.0125 0.0171875
1 0.03046875 0.3953125 0.0140625 0.01875
1 0.9859375 0.49296875 0.0140625 0.01875
1 0.16875 0.55625 0.015625 0.0234375
1 0.84296875 0.44765625 0.0125 0.0171875
1 0.03203125 0.44375 0.015625 0.0203125
1 0.90859375 0.47265625 0.0125 0.0171875
1 0.61953125 0.4140625 0.0125 0.0171875
4 0.1875 0.88046875 0.146875 0.1703125
1 0.12734375 0.56953125 0.0171875 0.01875
1 0.29765625 0.4078125 0.0125 0.015625
1 0.08515625 0.41171875 0.0140625 0.01875
1 0.73125 0.52109375 0.0140625 0.0203125
1 0.378125 0.384375 0.0109375 0.015625
1 0.51484375 0.46484375 0.0125 0.0171875
0 0.8359375 0.23125 0.0140625 0.01875
1 0.659375 0.5203125 0.0140625 0.021875
1 0.12734375 0.5453125 0.0171875 0.021875
1 0.696875 0.44375 0.0125 0.015625
1 0.16953125 0.409375 0.0140625 0.01875
1 0.73125 0.56328125 0.0140625 0.021875
0 0.19375 0.75390625 0.0234375 0.0375
1 0.71015625 0.49609375 0.0140625 0.01875
1 0.2875 0.425 0.0140625 0.01875
0 0.796875 0.22109375 0.0125 0.015625
1 0.66953125 0.4015625 0.0125 0.015625
1 0.27265625 0.43828125 0.0125 0.01875
1 0.70078125 0.47890625 0.0140625 0.0171875
1 0.40078125 0.375 0.009375 0.015625
1 0.67265625 0.44375 0.0125 0.0171875
1 0.42421875 0.36328125 0.009375 0.015625
1 0.15078125 0.3171875 0.009375 0.0140625
0 0.1765625 0.103125 0.015625 0.0171875
1 0.66015625 0.4578125 0.0125 0.01875
3 0.17421875 0.28203125 0.0390625 0.0671875
0 0.225 0.18125 0.0140625 0.0203125
1 0.05859375 0.86875 0.0140625 0.021875
1 0.63515625 0.3625 0.009375 0.0140625
1 0.9421875 0.4609375 0.0140625 0.01875
0 0.80703125 0.21328125 0.0125 0.0203125
0 0.07890625 0.0921875 0.0171875 0.021875
1 0.809375 0.47890625 0.0140625 0.01875
1 0.53125 0.4203125 0.0125 0.0171875
1 0.309375 0.3203125 0.0109375 0.0140625
0 0.2078125 0.14140625 0.015625 0.0203125
0 0.26171875 0.159375 0.0140625 0.021875
1 0.32734375 0.41875 0.0125 0.0171875
1 0.5140625 0.3484375 0.0109375 0.015625
1 0.128125 0.32421875 0.009375 0.0140625
1 0.95 0.4421875 0.0140625 0.0171875
1 0.19375 0.54921875 0.015625 0.0234375
1 0.34296875 0.38828125 0.0140625 0.0171875
0 0.121875 0.1140625 0.015625 0.0203125
1 0.34609375 0.34375 0.0109375 0.0140625
0 0.04609375 0.10390625 0.0171875 0.0203125
0 0.25078125 0.03046875 0.0140625 0.0171875
1 0.72265625 0.49453125 0.0140625 0.0171875
0 0.84609375 0.2140625 0.0140625 0.0203125
1 0.10546875 0.33515625 0.0109375 0.015625
0 0.246875 0.20859375 0.0125 0.0140625
0 0.79609375 0.20546875 0.0125 0.0140625
1 0.97578125 0.42578125 0.0140625 0.0171875
1 0.65390625 0.3515625 0.009375 0.0140625
1 0.43671875 0.34609375 0.0109375 0.015625
1 0.70390625 0.43125 0.0109375 0.0140625
1 0.1171875 0.30546875 0.009375 0.0125
0 0.875 0.125 0.015625 0.0203125
2 0.76484375 0.2390625 0.0953125 0.0515625
1 0.9203125 0.44921875 0.0125 0.0171875
1 0.38203125 0.32265625 0.0078125 0.0140625
1 0.70625 0.45703125 0.0109375 0.0125
0 0.24140625 0.23203125 0.009375 0.0125
1 0.18046875 0.36484375 0.0125 0.0171875
1 0.0359375 0.9203125 0.0171875 0.0203125
1 0.9015625 0.3859375 0.0109375 0.0140625
0 0.8046875 0.14609375 0.0140625 0.0171875
1 0.62890625 0.3375 0.009375 0.0140625
1 0.63671875 0.30859375 0.009375 0.0125
0 0.23984375 0.0171875 0.0109375 0.0171875
0 0.928125 0.08046875 0.0125 0.0125
1 0.54609375 0.3046875 0.0078125 0.0109375
0 0.7046875 0.80546875 0.0109375 0.0171875
0 0.2125 0.78125 0.009375 0.015625
1 0.85234375 0.36640625 0.009375 0.0140625
1 0.08359375 0.328125 0.0109375 0.0140625
1 0.34375 0.3671875 0.0109375 0.015625
1 0.6390625 0.34296875 0.009375 0.0125
0 0.75546875 0.20390625 0.0109375 0.0125
1 0.67265625 0.375 0.0109375 0.0140625
1 0.5234375 0.303125 0.009375 0.0125
0 0.71484375 0.78515625 0.0109375 0.0140625
0 0.17578125 0.11875 0.0140625 0.0140625
1 0.57421875 0.303125 0.009375 0.0125
1 0.65625 0.390625 0.0125 0.0140625
1 0.4 0.3546875 0.0109375 0.0140625
1 0.90078125 0.4515625 0.0125 0.0171875
1 0.49765625 0.46171875 0.0109375 0.0109375
1 0.3484375 0.821875 0.015625 0.01875
1 0.1 0.30859375 0.0125 0.0140625
1 0.3125 0.334375 0.0109375 0.0140625
3 0.828125 0.32890625 0.034375 0.05
1 0.35 0.84296875 0.0125 0.01875
0 0.2484375 0.00703125 0.0109375 0.0140625
1 0.33359375 0.33828125 0.0109375 0.0140625
0 0.2421875 0.18984375 0.0109375 0.0140625
1 0.93515625 0.4453125 0.015625 0.0203125
1 0.07421875 0.525 0.0109375 0.015625
0 0.96953125 0.08125 0.0140625 0.0140625
1 0.85859375 0.35 0.0109375 0.0140625
1 0.459375 0.89296875 0.01875 0.025
1 0.06875 0.96796875 0.0203125 0.01875
0 0.69453125 0.77890625 0.0125 0.0171875
1 0.8875 0.44375 0.0140625 0.01875
0 0.19296875 0.23828125 0.0109375 0.015625
0 0.85703125 0.11953125 0.0140625 0.0203125
0 0.759375 0.21953125 0.0078125 0.0109375
1 0.39140625 0.3421875 0.009375 0.0125
1 0.88125 0.43125 0.0125 0.0171875
1 0.0953125 0.84296875 0.0109375 0.015625
0 0.89375 0.10234375 0.015625 0.0203125
1 0.721875 0.47109375 0.0109375 0.0125
1 0.59375 0.31796875 0.009375 0.0125
1 0.94609375 0.42265625 0.0125 0.0140625
1 0.165625 0.625 0.0125 0.0171875
0 0.68125 0.77265625 0.0109375 0.015625
1 0.3328125 0.4078125 0.0109375 0.015625
1 0.509375 0.30625 0.0109375 0.0140625
1 0.92578125 0.42109375 0.0125 0.015625
2 0.2421875 0.21015625 0.096875 0.0609375
0 0.234375 0.69921875 0.0109375 0.0171875
1 0.45546875 0.2953125 0.009375 0.0125
0 0.3234375 0.70234375 0.0140625 0.021875
0 0.7234375 0.80859375 0.0109375 0.015625
1 0.07421875 0.8625 0.0125 0.0171875
1 0.61875 0.30625 0.009375 0.0125
1 0.37109375 0.3234375 0.009375 0.0140625
1 0.06796875 0.31953125 0.0109375 0.0140625
1 0.91484375 0.3921875 0.0109375 0.0125
1 0.934375 0.42265625 0.0140625 0.015625
1 0.4171875 0.84140625 0.0078125 0.0125
1 0.8984375 0.3546875 0.0109375 0.0140625
1 0.66875 0.35859375 0.0109375 0.015625
1 0.01953125 0.353125 0.0140625 0.0140625
1 0.60546875 0.309375 0.009375 0.0125
1 0.9515625 0.41015625 0.009375 0.0125
0 0.77265625 0.19453125 0.0109375 0.015625
0 0.22109375 0.75 0.009375 0.015625
1 0.50546875 0.65 0.0109375 0.0109375
1 0.15859375 0.6046875 0.01875 0.0234375
1 0.88515625 0.35078125 0.0125 0.0140625
1 0.05703125 0.3234375 0.0125 0.015625
0 0.02890625 0.1015625 0.0171875 0.021875
0 0.2375 0.21171875 0.009375 0.0125
1 0.0875 0.3109375 0.0109375 0.015625
1 0.4125 0.8125 0.009375 0.009375
1 0.10234375 0.825 0.009375 0.0109375
0 0.24453125 0.128125 0.0140625 0.015625
0 0.92265625 0.034375 0.015625 0.021875
1 0.7125 0.46640625 0.009375 0.0109375
1 0.07578125 0.84609375 0.0109375 0.0109375
1 0.07890625 0.309375 0.0109375 0.0140625
0 0.78828125 0.1953125 0.009375 0.015625
0 0.97421875 0.028125 0.0125 0.0078125
1 0.01484375 0.96484375 0.021875 0.0203125
1 0.15703125 0.284375 0.009375 0.0140625
1 0.09140625 0.3265625 0.009375 0.015625
1 0.65546875 0.3765625 0.0109375 0.0125
1 0.4890625 0.646875 0.0078125 0.009375
1 0.87421875 0.9453125 0.015625 0.0203125
1 0.7125 0.478125 0.0109375 0.015625
1 0.04609375 0.8484375 0.0140625 0.01875