4 0.1234375 0.33359375 0.109375 0.06875
1 0.63984375 0.8640625 0.0453125 0.009375
2 0.75546875 0.20546875 0.125 0.0546875
1 0.37890625 0.47265625 0.04375 0.009375
1 0.72109375 0.503125 0.046875 0.0125
3 0.53046875 0.2984375 0.0984375 0.0734375
4 0.4375 0.53046875 0.13125 0.1375
1 0.96796875 0.39296875 0.0453125 0.0078125
4 0.3640625 0.875 0.121875 0.0921875
1 0.046875 0.6015625 0.046875 0.0109375
1 0.81484375 0.43046875 0.04375 0.009375
2 0.234375 0.2390625 0.128125 0.0421875
1 0.61328125 0.440625 0.04375 0.009375
1 0.31953125 0.43515625 0.04375 0.009375
1 0.0703125 0.52734375 0.046875 0.0109375
1 0.10546875 0.5171875 0.046875 0.009375
1 0.625 0.3328125 0.040625 0.0046875
1 0.490625 0.3546875 0.0421875 0.00625
1 0.46640625 0.88359375 0.0453125 0.0109375
1 0.62421875 0.36015625 0.0421875 0.0046875
1 0.4828125 0.89453125 0.0453125 0.0109375
1 0.93828125 0.3453125 0.0421875 0.00625
1 0.18515625 0.45390625 0.0453125 0.009375
1 0.50390625 0.38828125 0.04375 0.0078125
1 0.31875 0.3984375 0.0421875 0.00625
1 0.5625 0.340625 0.0421875 0.00625
1 0.878125 0.87578125 0.046875 0.0109375
1 0.9796875 0.35703125 0.040625 0.0078125
1 0.96484375 0.35390625 0.0453125 0.00625
1 0.88515625 0.3234375 0.0421875 0.00625
1 0.9015625 0.8984375 0.05 0.0171875
1 0.59921875 0.31796875 0.0421875 0.0046875
1 0.71640625 0.60859375 0.0484375 0.0125
1 0.1921875 0.43671875 0.046875 0.009375
1 0.134375 0.9828125 0.0546875 0.025
1 0.70703125 0.42578125 0.04375 0.00625
1 0.44609375 0.8859375 0.04375 0.009375
1 0.85625 0.87109375 0.0453125 0.0109375
1 0.65546875 0.4 0.04375 0.009375
1 0.66953125 0.3796875 0.04375 0.0078125
1 0.11640625 0.54140625 0.046875 0.009375
1 0.046875 0.5421875 0.0421875 0.00625
1 0.56953125 0.3203125 0.040625 0.0046875
1 0.9859375 0.396875 0.028125 0.00625
1 0.96171875 0.375 0.0453125 0.00625
1 0.8234375 0.359375 0.04375 0.0078125
1 0.4578125 0.390625 0.0421875 0.00625
3 0.51015625 0.57578125 0.1234375 0.1046875
1 0.39765625 0.3453125 0.040625 0.0046875
1 0.24921875 0.965625 0.053125 0.025
1 0.76015625 0.828125 0.040625 0.0015625
1 0.6125 0.32890625 0.0421875 0.00625
1 0.34453125 0.38828125 0.0421875 0.00625
1 0.65 0.31171875 0.040625 0.0046875
1 0.8703125 0.30859375 0.040625 0.0046875
1 0.68046875 0.39765625 0.0453125 0.00625
1 0.23984375 0.9296875 0.05 0.01875
1 0.60546875 0.3734375 0.04375 0.00625
1 0.4578125 0.359375 0.040625 0.00625
1 0.53984375 0.34453125 0.040625 0.00625
1 0.58671875 0.33984375 0.0421875 0.0046875
1 0.09296875 0.415625 0.0421875 0.0046875
1 0.56796875 0.3609375 0.0421875 0.0046875
1 0.634375 0.3109375 0.040625 0.003125
1 0.615625 0.38046875 0.0421875 0.00625
1 0.47421875 0.3359375 0.040625 0.003125
1 0.6671875 0.3109375 0.040625 0.0046875
1 0.12109375 0.52734375 0.0453125 0.0078125
4 0.06953125 0.46953125 0.1125 0.0921875
1 0.09765625 0.4375 0.0453125 0.00625
1 0.03125 0.48671875 0.0421875 0.00625
1 0.9625 0.33671875 0.0421875 0.003125
1 0.1796875 0.9140625 0.0453125 0.0109375
1 0.8375 0.834375 0.040625 0.0046875
1 0.26484375 0.93203125 0.0484375 0.0125
1 0.38203125 0.35625 0.040625 0.0046875
1 0.596875 0.30390625 0.0390625 0.003125
1 0.47109375 0.35078125 0.040625 0.003125
1 0.89296875 0.30078125 0.0421875 0.0046875
1 0.61875 0.2984375 0.040625 0.003125
1 0.3625 0.365625 0.040625 0.0046875
1 0.16875 0.940625 0.053125 0.0203125
1 0.821875 0.2859375 0.040625 0.003125
1 0.44609375 0.3328125 0.040625 0.0046875
1 0.928125 0.85546875 0.04375 0.00625
1 0.36875 0.3453125 0.0421875 0.0046875
1 0.65078125 0.33046875 0.0421875 0.0046875
1 0.384375 0.33359375 0.040625 0.003125
1 0.83125 0.28359375 0.040625 0.003125
1 0.090625 0.52109375 0.046875 0.0109375
1 0.325 0.37890625 0.0421875 0.0046875
1 0.32890625 0.3453125 0.040625 0.003125
1 0.54453125 0.9015625 0.0453125 0.0046875
1 0.32578125 0.3328125 0.0421875 0.003125
1 0.896875 0.93359375 0.0453125 0.0125
1 0.13671875 0.93671875 0.0484375 0.0125
1 0.45625 0.321875 0.040625 0.003125
1 0.30625 0.35390625 0.040625 0.0046875
1 0.58984375 0.84453125 0.0421875 0.003125
1 0.90625 0.29296875 0.0421875 0.003125
1 0.3421875 0.35546875 0.0421875 0.00625
1 0.3984375 0.32578125 0.04375 0.0046875
1 0.5296875 0.33671875 0.0390625 0.0015625
1 0.6578125 0.33046875 0.040625 0.0046875
1 0.84375 0.2828125 0.040625 0.003125
1 0.284375 0.9171875 0.046875 0.0125
1 0.96640625 0.5375 0.0390625 0.003125
1 0.77421875 0.8453125 0.0421875 0.00625
1 0.41015625 0.86015625 0.0421875 0.0046875
1 0.71640625 0.8171875 0.040625 0.003125
1 0.92734375 0.30859375 0.04375 0.0046875
1 0.01875 0.44296875 0.0375 0.0078125
1 0.6875 0.3703125 0.0421875 0.0046875
1 0.6875 0.384375 0.0421875 0.003125
1 0.86953125 0.93359375 0.053125 0.0203125
1 0.346875 0.3328125 0.040625 0.0015625
1 0.1875 0.89375 0.0421875 0.00625
1 0.59140625 0.35234375 0.0421875 0.0046875
1 0.84765625 0.93046875 0.0515625 0.0234375
1 0.696875 0.41484375 0.04375 0.00625
1 0.18125 0.32578125 0.040625 0.003125
1 0.3359375 0.34296875 0.0421875 0.003125
1 0.90703125 0.85078125 0.0421875 0.00625
1 0.6921875 0.3984375 0.0421875 0.00625
1 0.35859375 0.384375 0.0453125 0.0046875
1 0.53203125 0.3484375 0.0421875 0.0046875
1 0.82421875 0.825 0.040625 0.003125
1 0.01015625 0.49296875 0.0203125 0.0046875
1 0.80078125 0.8328125 0.040625 0.003125
1 0.5109375 0.64453125 0.040625 0.0046875
1 0.01640625 0.49453125 0.0328125 0.0046875
1 0.790625 0.83046875 0.040625 0.0015625
1 0.29609375 0.91015625 0.046875 0.009375
1 0.1515625 0.4890625 0.04375 0.009375
1 0.12265625 0.93515625 0.0453125 0.0140625
1 0.5859375 0.83515625 0.040625 0.003125
1 0.16796875 0.32421875 0.040625 0.0046875
1 0.23125 0.90625 0.0453125 0.009375
1 0.66875 0.36484375 0.0421875 0.00625
1 0.46953125 0.8515625 0.040625 0.0015625
1 0.53984375 0.83828125 0.0421875 0.003125
1 0.04375 0.9671875 0.0453125 0.00625
1 0.35625 0.3109375 0.040625 0.0046875
1 0.04921875 0.4046875 0.04375 0.0078125
1 0.88359375 0.2859375 0.0453125 0.00625
1 0.70390625 0.39921875 0.040625 0.003125
1 0.93203125 0.96796875 0.0546875 0.0109375
1 0.425 0.903125 0.0515625 0.0109375
1 0.859375 0.28046875 0.0421875 0.003125
1 0.3328125 0.3328125 0.0421875 0.003125
1 0.97734375 0.90625 0.0453125 0.015625
1 0.89609375 0.83125 0.040625 0.003125
1 0.42734375 0.3125 0.040625 0.003125
1 0.24765625 0.890625 0.0421875 0.003125
1 0.0171875 0.5109375 0.034375 0.003125
1 0.3359375 0.30703125 0.040625 0.003125
1 0.96015625 0.9015625 0.05 0.0234375
1 0.86484375 0.29765625 0.04375 0.003125
1 0.328125 0.3625 0.040625 0.0015625
1 0.325 0.309375 0.040625 0.0015625
1 0.23203125 0.88828125 0.0421875 0.003125
1 0.01328125 0.43359375 0.0265625 0.0046875
1 0.296875 0.8546875 0.0390625 0.0015625
1 0.8734375 0.859375 0.040625 0.0015625
1 0.4296875 0.64921875 0.040625 0.0046875
1 0.71015625 0.41328125 0.04375 0.003125
1 0.0875 0.43125 0.04375 0.00625
1 0.2765625 0.88046875 0.05 0.0171875
1 0.59921875 0.35859375 0.0421875 0.00625
1 0.7828125 0.83515625 0.0421875 0.003125
1 0.409375 0.8765625 0.040625 0.0015625
0 0.6671875 0.2359375 0.04375 0.00625
1 0.88828125 0.915625 0.05 0.0140625
1 0.36015625 0.35078125 0.0421875 0.003125
1 0.43671875 0.896875 0.04375 0.0078125
1 0.45234375 0.3125 0.040625 0.0015625
1 0.38671875 0.31328125 0.040625 0.003125
1 0.4671875 0.296875 0.0421875 0.003125
1 0.37578125 0.3265625 0.0421875 0.0046875