4 0.59375 0.39140625 0.09375 0.096875
3 0.14921875 0.29375 0.065625 0.0625
3 0.3296875 0.39921875 0.09375 0.1
4 0.88515625 0.41796875 0.0921875 0.0953125
1 0.15390625 0.55546875 0.0203125 0.021875
1 0.73125 0.55234375 0.0171875 0.0203125
1 0.65390625 0.59609375 0.01875 0.0171875
1 0.63515625 0.43515625 0.0140625 0.015625
1 0.85234375 0.58359375 0.0203125 0.021875
1 0.5 0.4515625 0.015625 0.0171875
1 0.7515625 0.590625 0.0203125 0.021875
1 0.7078125 0.49765625 0.0171875 0.01875
1 0.3765625 0.446875 0.015625 0.0171875
1 0.3828125 0.87578125 0.015625 0.01875
1 0.68828125 0.59765625 0.0171875 0.0171875
1 0.55703125 0.53515625 0.0171875 0.0203125
1 0.25546875 0.88046875 0.0171875 0.0203125
4 0.8765625 0.9234375 0.1234375 0.1515625
1 0.646875 0.57109375 0.01875 0.021875
1 0.24765625 0.4234375 0.015625 0.0171875
1 0.0953125 0.43671875 0.015625 0.0171875
1 0.71875 0.46328125 0.015625 0.015625
1 0.64140625 0.53359375 0.0171875 0.0203125
1 0.76796875 0.94453125 0.0234375 0.0328125
1 0.853125 0.4421875 0.015625 0.0171875
1 0.9796875 0.43515625 0.0171875 0.015625
1 0.39140625 0.51953125 0.0171875 0.0203125
1 0.67265625 0.440625 0.015625 0.015625
0 0.80625 0.22578125 0.015625 0.015625
1 0.17890625 0.88359375 0.0171875 0.021875
1 0.6265625 0.49140625 0.015625 0.0171875
0 0.23046875 0.2 0.015625 0.015625
1 0.94765625 0.3609375 0.0140625 0.0140625
1 0.390625 0.47578125 0.0171875 0.0140625
1 0.36796875 0.50703125 0.0171875 0.0203125
1 0.26875 0.42265625 0.015625 0.015625
1 0.9 0.3625 0.015625 0.0140625
1 0.5875 0.884375 0.015625 0.01875
1 0.38671875 0.48984375 0.015625 0.0171875
3 0.10546875 0.81796875 0.0515625 0.046875
0 0.7875 0.20390625 0.015625 0.0171875
1 0.07578125 0.3875 0.0140625 0.0140625
1 0.8046875 0.6328125 0.0203125 0.021875
1 0.70703125 0.4109375 0.0140625 0.0140625
2 0.25546875 0.2171875 0.096875 0.0484375
4 0.70234375 0.8609375 0.10625 0.09375
1 0.553125 0.32265625 0.0125 0.0125
1 0.99140625 0.39375 0.015625 0.0140625
1 0.840625 0.64453125 0.0203125 0.021875
1 0.9234375 0.38359375 0.0140625 0.0125
1 0.3953125 0.40546875 0.0140625 0.0140625
1 0.665625 0.621875 0.0171875 0.0140625
1 0.0421875 0.4328125 0.015625 0.0171875
1 0.59765625 0.45234375 0.01875 0.01875
1 0.625 0.4625 0.015625 0.015625
1 0.128125 0.325 0.0125 0.0125
1 0.64375 0.88125 0.015625 0.01875
1 0.0625 0.37578125 0.0140625 0.0140625
1 0.68125 0.396875 0.0140625 0.0140625
1 0.2765625 0.48828125 0.0171875 0.01875
1 0.5734375 0.50625 0.0171875 0.0203125
1 0.57265625 0.45234375 0.015625 0.01875
0 0.87890625 0.77578125 0.0265625 0.0375
1 0.8703125 0.3578125 0.0140625 0.0140625
0 0.82578125 0.20546875 0.015625 0.0171875
1 0.83984375 0.33203125 0.015625 0.0140625
1 0.1953125 0.2921875 0.0125 0.0109375
1 0.52578125 0.38203125 0.0140625 0.0125
1 0.71796875 0.446875 0.015625 0.0140625
2 0.78125 0.23046875 0.09375 0.059375
1 0.621875 0.5046875 0.0140625 0.0171875
1 0.61015625 0.47109375 0.0171875 0.015625
1 0.43125 0.50390625 0.015625 0.0171875
1 0.46484375 0.36875 0.0140625 0.0125
1 0.109375 0.8875 0.01875 0.0203125
1 0.01796875 0.42109375 0.0140625 0.015625
1 0.43203125 0.48046875 0.015625 0.0171875
1 0.62421875 0.4359375 0.0171875 0.015625
1 0.12890625 0.87890625 0.01875 0.0203125
4 0.53125 0.81875 0.0484375 0.05625
1 0.81796875 0.86640625 0.0125 0.0125
1 0.6515625 0.403125 0.015625 0.015625
1 0.2375 0.921875 0.021875 0.0296875
1 0.06875 0.909375 0.0203125 0.0265625
1 0.66484375 0.4015625 0.0140625 0.0140625
1 0.571875 0.3390625 0.0140625 0.0140625
1 0.67890625 0.42734375 0.0140625 0.015625
1 0.08515625 0.3828125 0.0140625 0.0140625
1 0.3265625 0.4890625 0.0171875 0.015625
1 0.00859375 0.55703125 0.0171875 0.0203125
1 0.1140625 0.3171875 0.0125 0.0125
1 0.09921875 0.3453125 0.0125 0.0125
1 0.8953125 0.3296875 0.0140625 0.0125
1 0.8078125 0.65546875 0.0171875 0.0140625
1 0.07578125 0.35234375 0.0140625 0.0125
1 0.26875 0.446875 0.015625 0.0171875
1 0.71328125 0.32890625 0.0140625 0.0140625
1 0.67578125 0.409375 0.0140625 0.0109375
1 0.85390625 0.3296875 0.015625 0.0140625
1 0.465625 0.33671875 0.0140625 0.0125
1 0.7046875 0.44609375 0.015625 0.015625
1 0.36328125 0.303125 0.0125 0.0109375
1 0.784375 0.859375 0.0140625 0.0125
1 0.56328125 0.459375 0.0171875 0.0171875
1 0.68203125 0.35546875 0.0125 0.0125
1 0.45234375 0.36875 0.015625 0.0140625
1 0.02421875 0.60234375 0.01875 0.01875
1 0.1453125 0.86171875 0.0125 0.015625
1 0.92109375 0.3671875 0.0140625 0.0109375
1 0.3515625 0.4625 0.0140625 0.015625
1 0.4890625 0.3875 0.0140625 0.0109375
1 0.378125 0.478125 0.015625 0.0171875
1 0.61953125 0.5609375 0.0125 0.009375
1 0.278125 0.4390625 0.015625 0.015625
1 0.2765625 0.46875 0.0171875 0.0171875
1 0.4515625 0.39921875 0.015625 0.0140625
1 0.54453125 0.378125 0.0125 0.0125
1 0.41484375 0.50546875 0.0171875 0.01875
1 0.459375 0.31640625 0.0109375 0.0109375
1 0.0875 0.903125 0.0203125 0.0265625
1 0.6375 0.4078125 0.0140625 0.0140625
1 0.82265625 0.9015625 0.0171875 0.01875
1 0.65 0.3765625 0.0140625 0.0125
1 0.7140625 0.43046875 0.0140625 0.0125
1 0.5734375 0.31171875 0.0125 0.0109375
1 0.47421875 0.3328125 0.0140625 0.0125
1 0.615625 0.48671875 0.0140625 0.0125
1 0.403125 0.49140625 0.0125 0.0125
0 0.86640625 0.01875 0.0171875 0.0109375
1 0.39140625 0.8390625 0.0140625 0.015625
1 0.0234375 0.97109375 0.0265625 0.0234375
1 0.1046875 0.85625 0.0140625 0.0140625
1 0.63046875 0.33671875 0.0140625 0.0109375
1 0.39140625 0.29140625 0.0140625 0.0109375
1 0.50625 0.37265625 0.0140625 0.0125
1 0.5 0.3578125 0.0140625 0.0125
1 0.69375 0.4296875 0.0171875 0.0140625
1 0.66875 0.3859375 0.0140625 0.0125
1 0.48828125 0.35078125 0.0140625 0.015625
1 0.36796875 0.625 0.0171875 0.0203125
0 0.86953125 0.0765625 0.01875 0.01875
1 0.61171875 0.3015625 0.0125 0.0125
1 0.4390625 0.36640625 0.0140625 0.015625
1 0.45 0.38359375 0.015625 0.0125
1 0.41796875 0.48515625 0.0140625 0.0109375
1 0.29296875 0.47265625 0.0171875 0.0171875
1 0.46171875 0.390625 0.0140625 0.0125
1 0.0890625 0.33203125 0.0140625 0.0109375
1 0.39296875 0.38359375 0.0140625 0.0140625
1 0.8421875 0.31640625 0.0140625 0.009375
0 0.7703125 0.18671875 0.0140625 0.0140625
1 0.6671875 0.37265625 0.0125 0.0109375
0 0.73046875 0.18359375 0.015625 0.015625
1 0.6640625 0.3015625 0.0125 0.0109375
1 0.4921875 0.378125 0.0171875 0.0140625
1 0.67109375 0.303125 0.0140625 0.0109375
1 0.090625 0.85625 0.0140625 0.0125
1 0.50390625 0.38671875 0.0171875 0.015625
1 0.44921875 0.2984375 0.0125 0.0109375
1 0.00546875 0.42734375 0.0109375 0.0140625
1 0.48671875 0.31171875 0.0140625 0.0125
1 0.32109375 0.3421875 0.0140625 0.0140625
1 0.28984375 0.3859375 0.015625 0.0140625
0 0.990625 0.07421875 0.01875 0.0140625
1 0.68359375 0.30546875 0.0125 0.009375
0 0.925 0.06484375 0.01875 0.0203125
1 0.37421875 0.30078125 0.0109375 0.0109375
1 0.646875 0.38828125 0.0125 0.0109375
1 0.69453125 0.4125 0.0140625 0.0125
0 0.78359375 0.23203125 0.015625 0.0140625
1 0.41484375 0.303125 0.0109375 0.0078125
1 0.409375 0.40078125 0.0125 0.0109375
1 0.2921875 0.45390625 0.015625 0.0140625
0 0.67109375 0.79296875 0.0171875 0.01875
1 0.46953125 0.32265625 0.0140625 0.009375
1 0.56015625 0.8421875 0.0140625 0.0125
1 0.34296875 0.47890625 0.0171875 0.0171875
3 0.39375 0.34375 0.0515625 0.08125
1 0.4203125 0.84765625 0.0109375 0.009375
1 0.5078125 0.29609375 0.0140625 0.0109375
1 0.0640625 0.340625 0.0125 0.0109375
1 0.19140625 0.83203125 0.0140625 0.009375
1 0.3390625 0.2921875 0.0109375 0.009375
1 0.5359375 0.85078125 0.0125 0.009375
1 0.43203125 0.29609375 0.0140625 0.0109375
1 0.41171875 0.84609375 0.0125 0.009375
1 0.44375 0.396875 0.0140625 0.0125
1 0.4703125 0.38203125 0.0140625 0.0140625
1 0.54765625 0.84765625 0.0140625 0.0125
1 0.07578125 0.31875 0.015625 0.0140625
1 0.3296875 0.4578125 0.0171875 0.0140625
1 0.434375 0.64453125 0.0140625 0.0109375
1 0.41953125 0.4 0.0140625 0.009375
1 0.51796875 0.84140625 0.0125 0.0125
1 0.30234375 0.48671875 0.0171875 0.0171875
1 0.68046875 0.38671875 0.0140625 0.0078125
0 0.75390625 0.8 0.015625 0.015625