3 0.27265625 0.85 0.071875 0.0953125
3 0.78671875 0.83046875 0.05859375 0.05390625
3 0.12734375 0.4140625 0.09140625 0.10078125
1 0.5359375 0.390625 0.0109375 0.01640625
3 0.1140625 0.84453125 0.0515625 0.07109375
1 0.6984375 0.54296875 0.01328125 0.021875
4 0.44140625 0.8578125 0.08046875 0.0984375
1 0.94453125 0.53828125 0.0140625 0.02265625
1 0.2828125 0.48125 0.01171875 0.01953125
1 0.721875 0.584375 0.0140625 0.021875
1 0.546875 0.43359375 0.01015625 0.0171875
4 0.70546875 0.8234375 0.06171875 0.07109375
0 0.22109375 0.19375 0.01015625 0.01640625
1 0.75859375 0.50546875 0.01171875 0.0203125
1 0.4859375 0.5046875 0.01015625 0.01953125
1 0.1828125 0.88125 0.01015625 0.01875
1 0.81640625 0.44140625 0.0109375 0.0171875
1 0.50234375 0.590625 0.0125 0.01796875
2 0.771875 0.22109375 0.0828125 0.059375
1 0.55625 0.9 0.0140625 0.01796875
1 0.6578125 0.884375 0.0125 0.02109375
1 0.35546875 0.43515625 0.0109375 0.0171875
1 0.46015625 0.5046875 0.01171875 0.0203125
1 0.66796875 0.45234375 0.01171875 0.0234375
1 0.3046875 0.53828125 0.0125 0.02265625
1 0.4984375 0.34140625 0.00859375 0.0140625
1 0.20546875 0.42890625 0.00859375 0.0171875
1 0.715625 0.42890625 0.0109375 0.01640625
1 0.634375 0.5375 0.0125 0.02265625
1 0.66640625 0.52265625 0.01171875 0.02109375
1 0.15625 0.44375 0.01015625 0.0171875
1 0.5515625 0.45390625 0.01015625 0.01796875
0 0.23359375 0.2375 0.009375 0.015625
1 0.38359375 0.390625 0.00859375 0.015625
1 0.690625 0.51796875 0.01171875 0.02109375
1 0.7390625 0.54765625 0.0125 0.02109375
1 0.39765625 0.4984375 0.0125 0.0203125
1 0.48515625 0.44140625 0.01015625 0.01640625
0 0.73046875 0.23046875 0.00859375 0.0125
1 0.28984375 0.440625 0.009375 0.01640625
1 0.43984375 0.5171875 0.01171875 0.0203125
1 0.421875 0.53515625 0.01015625 0.01953125
1 0.5640625 0.38046875 0.009375 0.015625
1 0.9484375 0.378125 0.0109375 0.015625
1 0.73203125 0.4578125 0.01015625 0.01796875
1 0.46015625 0.40859375 0.0109375 0.01796875
1 0.51953125 0.40703125 0.01015625 0.01640625
1 0.39921875 0.540625 0.0125 0.02109375
1 0.68046875 0.853125 0.009375 0.01484375
1 0.87890625 0.3546875 0.00859375 0.0140625
1 0.7375 0.4875 0.0109375 0.01875
1 0.72109375 0.46171875 0.0109375 0.01796875
1 0.92109375 0.38671875 0.009375 0.0171875
1 0.40390625 0.4046875 0.00859375 0.0140625
1 0.38515625 0.56875 0.00859375 0.01640625
1 0.82890625 0.45703125 0.00859375 0.0171875
1 0.64453125 0.34296875 0.0078125 0.0140625
1 0.47734375 0.4703125 0.01015625 0.01875
1 0.42890625 0.4046875 0.00625 0.0125
1 0.15234375 0.471875 0.009375 0.01484375
1 0.309375 0.41484375 0.01015625 0.01875
0 0.7625 0.28359375 0.01015625 0.01796875
1 0.2875 0.5828125 0.0125 0.01875
1 0.33046875 0.47890625 0.0109375 0.01875
1 0.21875 0.8671875 0.0078125 0.0140625
1 0.51015625 0.36796875 0.009375 0.01328125
1 0.18203125 0.41875 0.009375 0.0140625
1 0.45078125 0.434375 0.01015625 0.01796875
1 0.61015625 0.875 0.01328125 0.01953125
1 0.6234375 0.8859375 0.01171875 0.021875
1 0.3515625 0.41796875 0.01015625 0.015625
1 0.1890625 0.396875 0.0078125 0.015625
1 0.9078125 0.38671875 0.0109375 0.015625
1 0.46484375 0.3859375 0.00859375 0.015625
1 0.32109375 0.87734375 0.01015625 0.01640625
1 0.47109375 0.428125 0.01328125 0.01796875
1 0.70078125 0.42890625 0.0109375 0.01640625
1 0.15078125 0.96328125 0.0203125 0.03828125
1 0.92109375 0.89296875 0.01171875 0.02109375
0 0.20703125 0.14921875 0.0109375 0.01796875
1 0.940625 0.89296875 0.01171875 0.02109375
1 0.375 0.88125 0.009375 0.0171875
0 0.0765625 0.1875 0.0109375 0.01796875
1 0.33515625 0.38515625 0.009375 0.0140625
0 0.740625 0.2703125 0.009375 0.01484375
1 0.17890625 0.434375 0.009375 0.0171875
1 0.1640625 0.35234375 0.009375 0.0140625
1 0.340625 0.86875 0.00859375 0.015625
1 0.703125 0.45078125 0.0109375 0.01796875
1 0.38046875 0.89765625 0.0125 0.01953125
1 0.74453125 0.53125 0.0109375 0.01484375
1 0.94921875 0.39765625 0.01171875 0.0171875
1 0.221875 0.41015625 0.01171875 0.0203125
1 0.62421875 0.8703125 0.0109375 0.0140625
1 0.39453125 0.8828125 0.0109375 0.015625
1 0.84140625 0.88046875 0.0109375 0.01796875
0 0.21796875 0.16328125 0.009375 0.0171875
1 0.4203125 0.46640625 0.00859375 0.01328125
1 0.40234375 0.46015625 0.01015625 0.015625
1 0.4703125 0.33203125 0.0078125 0.01328125
1 0.51953125 0.3421875 0.0078125 0.01328125
0 0.1859375 0.1703125 0.0109375 0.0171875
1 0.88359375 0.3171875 0.00859375 0.0125
1 0.909375 0.37109375 0.01015625 0.01328125
1 0.34375 0.35234375 0.00703125 0.01328125
1 0.87890625 0.9015625 0.0140625 0.025
1 0.63359375 0.30546875 0.0078125 0.0125
1 0.38203125 0.4875 0.01171875 0.01796875
1 0.1921875 0.33671875 0.0078125 0.01484375
1 0.35625 0.375 0.009375 0.01484375
1 0.51015625 0.4359375 0.0109375 0.01875
1 0.0609375 0.40703125 0.00859375 0.01484375
1 0.684375 0.35 0.009375 0.0140625
1 0.415625 0.4859375 0.0109375 0.0171875
0 0.27578125 0.775 0.0109375 0.02421875
1 0.90859375 0.3296875 0.0078125 0.0125
1 0.815625 0.8734375 0.01015625 0.0171875
1 0.44375 0.46953125 0.00859375 0.01328125
1 0.98671875 0.3703125 0.01015625 0.0140625
1 0.496875 0.421875 0.01171875 0.01484375
1 0.31875 0.37265625 0.00859375 0.015625
1 0.8890625 0.9296875 0.0140625 0.02734375
1 0.29453125 0.46953125 0.0109375 0.0171875
0 0.14921875 0.16796875 0.01171875 0.01875
1 0.67578125 0.41875 0.009375 0.01640625
1 0.859375 0.30546875 0.01015625 0.01328125
1 0.0734375 0.42109375 0.01015625 0.015625
1 0.8890625 0.346875 0.00859375 0.0140625
0 0.74453125 0.22890625 0.009375 0.01484375
1 0.3953125 0.3515625 0.009375 0.0140625
1 0.46875 0.45390625 0.01015625 0.015625
2 0.246875 0.22265625 0.0921875 0.0515625
1 0.51328125 0.39140625 0.009375 0.01484375
1 0.94765625 0.34921875 0.009375 0.01484375
1 0.34140625 0.49765625 0.009375 0.0140625
1 0.57265625 0.35390625 0.01015625 0.0140625
1 0.35 0.48046875 0.01171875 0.01953125
0 0.2890625 0.74609375 0.009375 0.0171875
1 0.31171875 0.4640625 0.01171875 0.02109375
1 0.71484375 0.85390625 0.0078125 0.01328125
1 0.859375 0.32265625 0.009375 0.0125
1 0.403125 0.5921875 0.00859375 0.01328125
1 0.17578125 0.36953125 0.01015625 0.0140625
1 0.3890625 0.375 0.009375 0.01484375
1 0.39140625 0.45625 0.01015625 0.0140625
1 0.49609375 0.4015625 0.01015625 0.01484375
1 0.53125 0.63046875 0.0125 0.021875
1 0.45546875 0.48359375 0.009375 0.0171875
1 0.378125 0.465625 0.009375 0.01484375
1 0.87890625 0.34296875 0.00703125 0.01171875
1 0.36953125 0.36953125 0.0078125 0.0140625
1 0.3265625 0.39921875 0.0109375 0.01484375
1 0.67265625 0.29765625 0.00859375 0.0125
1 0.89921875 0.35625 0.01015625 0.01484375
1 0.528125 0.37265625 0.01015625 0.01953125
1 0.5921875 0.315625 0.00703125 0.01328125
1 0.34765625 0.40390625 0.009375 0.01328125
1 0.36953125 0.48046875 0.009375 0.01484375
1 0.67578125 0.396875 0.009375 0.01328125
1 0.390625 0.47109375 0.0109375 0.015625
1 0.315625 0.44453125 0.00859375 0.0140625
1 0.31875 0.85703125 0.00859375 0.0125
1 0.5796875 0.30390625 0.00703125 0.0125
1 0.28671875 0.60546875 0.0109375 0.01328125
1 0.8390625 0.30625 0.0078125 0.01484375
1 0.16953125 0.42578125 0.01015625 0.01640625
1 0.41015625 0.51875 0.0109375 0.01640625
1 0.92109375 0.371875 0.00859375 0.01328125
1 0.49921875 0.43828125 0.0109375 0.0171875
1 0.44609375 0.490625 0.0109375 0.0171875
1 0.23125 0.8421875 0.00703125 0.0109375
1 0.4453125 0.3046875 0.00859375 0.0125
1 0.509375 0.30390625 0.00859375 0.0125
1 0.4484375 0.37265625 0.01015625 0.01796875
1 0.365625 0.34296875 0.00859375 0.0125
1 0.684375 0.40703125 0.009375 0.01328125
1 0.0765625 0.97890625 0.0203125 0.0390625
1 0.19609375 0.83984375 0.0078125 0.009375
1 0.9359375 0.32890625 0.009375 0.0140625
0 0.1515625 0.13984375 0.01171875 0.01953125
1 0.434375 0.49609375 0.01171875 0.0203125
1 0.07890625 0.8703125 0.01171875 0.02109375
1 0.51484375 0.3171875 0.00703125 0.0125
1 0.571875 0.84765625 0.0078125 0.0109375
1 0.11328125 0.36015625 0.01015625 0.0171875
1 0.378125 0.35859375 0.0078125 0.01171875
1 0.45859375 0.45546875 0.0109375 0.01640625
1 0.4 0.48125 0.0109375 0.01640625
1 0.99609375 0.371875 0.00625 0.01484375
1 0.40390625 0.3921875 0.0078125 0.0125
1 0.32109375 0.8421875 0.009375 0.0140625
0 0.10390625 0.15 0.01015625 0.0171875
1 0.4671875 0.36953125 0.009375 0.0140625
1 0.36875 0.32109375 0.00703125 0.01328125
1 0.3265625 0.33828125 0.009375 0.01328125
1 0.95703125 0.346875 0.009375 0.01484375
1 0.32421875 0.45546875 0.0109375 0.01640625
0 0.77265625 0.24453125 0.0125 0.0140625
0 0.7828125 0.24140625 0.009375 0.01640625
1 0.459375 0.303125 0.00859375 0.0125
1 0.871875 0.30546875 0.01015625 0.01328125
1 0.51875 0.33203125 0.00859375 0.0109375
1 0.41640625 0.35703125 0.00859375 0.01484375
1 0.675 0.3828125 0.009375 0.0140625
1 0.1296875 0.30625 0.0078125 0.0125
1 0.43671875 0.3703125 0.009375 0.015625
1 0.33125 0.871875 0.01015625 0.01640625
1 0.50234375 0.38046875 0.01015625 0.01328125
0 0.2140625 0.284375 0.01015625 0.015625
1 0.4890625 0.37109375 0.01015625 0.015625
1 0.82734375 0.875 0.0109375 0.015625
1 0.83203125 0.85703125 0.00859375 0.01328125
1 0.43671875 0.35 0.00859375 0.01328125
1 0.28515625 0.64765625 0.0109375 0.01171875
1 0.69765625 0.409375 0.00859375 0.01640625
1 0.18984375 0.278125 0.00703125 0.0140625
0 0.575 0.709375 0.01015625 0.0171875
1 0.51875 0.3 0.00859375 0.01484375
1 0.48046875 0.34296875 0.00859375 0.01171875
1 0.3265625 0.44140625 0.01015625 0.0109375
1 0.87578125 0.9375 0.01484375 0.02734375
1 0.27109375 0.646875 0.0125 0.0140625
1 0.09453125 0.3484375 0.0078125 0.0125
1 0.05078125 0.97890625 0.0171875 0.03125
1 0.69296875 0.396875 0.009375 0.01328125
0 0.8046875 0.79296875 0.0078125 0.0140625
1 0.9078125 0.865625 0.009375 0.015625
1 0.48515625 0.3828125 0.01015625 0.01796875
1 0.309375 0.61015625 0.0109375 0.0171875
1 0.8515625 0.84296875 0.00703125 0.0109375
1 0.478125 0.36953125 0.01171875 0.01484375
1 0.68515625 0.38984375 0.0078125 0.0140625
1 0.7375 0.85078125 0.00859375 0.0125
1 0.8828125 0.3015625 0.00859375 0.009375
1 0.490625 0.3921875 0.00859375 0.01484375
1 0.85390625 0.9875 0.02109375 0.02265625
0 0.7609375 0.23046875 0.01640625 0.01953125
0 0.46015625 0.796875 0.0109375 0.01953125
1 0.3 0.44375 0.01015625 0.01484375
1 0.85 0.85859375 0.01015625 0.01796875
1 0.43984375 0.29609375 0.00859375 0.0125
1 0.48984375 0.29765625 0.009375 0.01171875
0 0.71484375 0.77109375 0.00859375 0.01484375
1 0.8453125 0.84296875 0.00703125 0.01171875
1 0.82734375 0.30078125 0.00703125 0.01171875
1 0.40546875 0.35 0.009375 0.015625
1 0.87421875 0.87265625 0.009375 0.0140625
1 0.425 0.36796875 0.009375 0.01328125
1 0.11484375 0.31953125 0.00859375 0.0140625
3 0.05078125 0.37421875 0.0921875 0.0765625