4 0.44453125 0.36484375 0.1171875 0.0953125
2 0.23828125 0.21015625 0.11875 0.0640625
1 0.8796875 0.44296875 0.0421875 0.0171875
4 0.58515625 0.31171875 0.0875 0.08125
1 0.24609375 0.48671875 0.04375 0.021875
0 0.775 0.20390625 0.040625 0.01875
1 0.54375 0.39140625 0.040625 0.01875
1 0.61171875 0.87421875 0.0421875 0.01875
0 0.28046875 0.2109375 0.04375 0.021875
1 0.696875 0.4109375 0.040625 0.01875
1 0.52109375 0.3734375 0.040625 0.0171875
1 0.34453125 0.8625 0.0421875 0.0203125
1 0.20234375 0.9234375 0.05 0.034375
1 0.66171875 0.37734375 0.040625 0.0171875
1 0.31953125 0.4125 0.0421875 0.0171875
1 0.06953125 0.38359375 0.04375 0.0203125
1 0.30859375 0.3640625 0.04375 0.0203125
1 0.9328125 0.44453125 0.0421875 0.0171875
1 0.17578125 0.89375 0.046875 0.025
1 0.9078125 0.53671875 0.04375 0.0234375
1 0.665625 0.8625 0.040625 0.0171875
1 0.68515625 0.49375 0.0421875 0.021875
1 0.61171875 0.37890625 0.040625 0.01875
1 0.98359375 0.584375 0.0328125 0.021875
1 0.64765625 0.871875 0.0421875 0.01875
3 0.971875 0.46875 0.05625 0.0875
1 0.26328125 0.89140625 0.0453125 0.0203125
1 0.2921875 0.4375 0.0421875 0.01875
1 0.0515625 0.40859375 0.0421875 0.0203125
1 0.89765625 0.415625 0.040625 0.0171875
1 0.1359375 0.34296875 0.040625 0.0171875
1 0.325 0.38359375 0.040625 0.01875
1 0.96015625 0.46171875 0.0421875 0.01875
1 0.240625 0.925 0.05 0.034375
3 0.77734375 0.8890625 0.16875 0.153125
0 0.72265625 0.73359375 0.0390625 0.0171875
0 0.7890625 0.23515625 0.0421875 0.021875
1 0.89609375 0.44921875 0.0421875 0.01875
1 0.834375 0.3625 0.040625 0.015625
1 0.79765625 0.43515625 0.0390625 0.0171875
0 0.7515625 0.19921875 0.040625 0.0171875
1 0.1 0.33671875 0.040625 0.0171875
0 0.79453125 0.1578125 0.0421875 0.0203125
1 0.9109375 0.45546875 0.0421875 0.01875
1 0.33984375 0.33828125 0.0421875 0.0171875
1 0.97578125 0.43671875 0.040625 0.0171875
1 0.40859375 0.29921875 0.0390625 0.015625
1 0.340625 0.36796875 0.040625 0.0171875
1 0.57578125 0.90078125 0.0453125 0.021875
1 0.6625 0.30703125 0.0390625 0.0140625
1 0.040625 0.446875 0.04375 0.0203125
1 0.128125 0.90859375 0.046875 0.028125
1 0.7203125 0.6546875 0.0421875 0.01875
1 0.0359375 0.36171875 0.040625 0.0171875
1 0.79921875 0.459375 0.0421875 0.0203125
0 0.72421875 0.765625 0.0390625 0.015625
0 0.784375 0.15390625 0.0421875 0.0203125
1 0.9234375 0.43125 0.0421875 0.01875
1 0.81328125 0.340625 0.0375 0.0140625
1 0.553125 0.3375 0.0390625 0.015625
1 0.02421875 0.40390625 0.04375 0.0234375
1 0.63515625 0.31171875 0.0390625 0.0140625
1 0.39296875 0.33671875 0.04375 0.0203125
1 0.8640625 0.34765625 0.040625 0.015625
0 0.415625 0.1796875 0.04375 0.021875
1 0.934375 0.9859375 0.053125 0.028125
1 0.55234375 0.84453125 0.0375 0.0125
1 0.7171875 0.346875 0.04375 0.01875
0 0.34609375 0.16796875 0.04375 0.0234375
1 0.621875 0.321875 0.0390625 0.0140625
1 0.87578125 0.36171875 0.040625 0.015625
1 0.1078125 0.8859375 0.04375 0.0234375
0 0.7796875 0.246875 0.0421875 0.0171875
1 0.27578125 0.340625 0.0453125 0.0234375
1 0.89296875 0.353125 0.040625 0.0171875
1 0.93828125 0.39375 0.040625 0.0171875
1 0.06875 0.33125 0.040625 0.0171875
1 0.97890625 0.40625 0.040625 0.0171875
1 0.37421875 0.34765625 0.040625 0.0171875
1 0.16875 0.8453125 0.0390625 0.015625
1 0.246875 0.84375 0.0390625 0.0140625
1 0.91328125 0.3953125 0.040625 0.015625
1 0.3 0.4203125 0.0421875 0.0203125
1 0.609375 0.39765625 0.040625 0.015625
1 0.190625 0.41953125 0.0390625 0.015625
1 0.01640625 0.39296875 0.0328125 0.0171875
1 0.1234375 0.33359375 0.040625 0.015625
1 0.0890625 0.32734375 0.0390625 0.015625
1 0.01484375 0.36015625 0.0296875 0.0171875
1 0.35625 0.3265625 0.040625 0.015625
1 0.178125 0.28671875 0.0390625 0.0140625
1 0.01171875 0.4296875 0.0234375 0.01875
1 0.815625 0.325 0.0375 0.0140625
1 0.34609375 0.325 0.04375 0.0171875
1 0.140625 0.30546875 0.040625 0.015625
3 0.4296875 0.8140625 0.0734375 0.0546875
1 0.92421875 0.94296875 0.046875 0.03125
1 0.0546875 0.38515625 0.0453125 0.0203125
1 0.05390625 0.36171875 0.040625 0.0171875
1 0.8625 0.89296875 0.0421875 0.0203125
0 0.7140625 0.75390625 0.0390625 0.015625
1 0.16796875 0.31015625 0.040625 0.015625
1 0.18203125 0.875 0.0421875 0.0171875
1 0.16484375 0.86796875 0.0421875 0.0171875
1 0.10703125 0.86015625 0.0421875 0.0171875
1 0.36171875 0.34375 0.0421875 0.01875
1 0.16171875 0.28984375 0.0421875 0.015625
1 0.06171875 0.91171875 0.0453125 0.025
1 0.19453125 0.83984375 0.0390625 0.0140625
1 0.13984375 0.88984375 0.0453125 0.025
1 0.11484375 0.3328125 0.040625 0.015625
0 0.578125 0.2484375 0.040625 0.01875
1 0.14140625 0.8453125 0.0390625 0.015625
1 0.87734375 0.43046875 0.0421875 0.0140625
2 0.7625 0.234375 0.1203125 0.05625
1 0.04296875 0.91640625 0.046875 0.0234375
0 0.72421875 0.240625 0.040625 0.0125
1 0.07578125 0.88671875 0.0421875 0.0203125
1 0.9125 0.38046875 0.040625 0.015625
1 0.09609375 0.875 0.04375 0.0203125
1 0.559375 0.32421875 0.0390625 0.0140625
1 0.72578125 0.99296875 0.0546875 0.0140625
1 0.5703125 0.84453125 0.0375 0.0125
1 0.421875 0.90234375 0.0390625 0.0125
1 0.34375 0.31015625 0.040625 0.015625
1 0.38203125 0.2953125 0.040625 0.0140625
1 0.7109375 0.37734375 0.040625 0.015625
1 0.8640625 0.31875 0.0390625 0.0140625
1 0.45234375 0.2953125 0.0390625 0.0140625
1 0.05078125 0.3328125 0.040625 0.0140625
1 0.9546875 0.3984375 0.040625 0.0140625
0 0.73125 0.79765625 0.040625 0.01875
1 0.1265625 0.88125 0.04375 0.0171875
1 0.13984375 0.28671875 0.040625 0.0140625
1 0.87578125 0.87734375 0.040625 0.0171875
1 0.95 0.3859375 0.0390625 0.015625
1 0.9359375 0.94453125 0.046875 0.0265625
1 0.3375 0.29453125 0.0390625 0.0140625
0 0.72109375 0.8015625 0.0375 0.0140625
1 0.68828125 0.99296875 0.0515625 0.0140625
0 0.803125 0.28359375 0.0421875 0.01875
0 0.4203125 0.75625 0.040625 0.0171875
1 0.09609375 0.8578125 0.040625 0.0140625
1 0.0453125 0.89140625 0.04375 0.0171875
1 0.03125 0.971875 0.05 0.025
1 0.1296875 0.31015625 0.0421875 0.015625
1 0.90625 0.88125 0.0390625 0.015625
1 0.90859375 0.41484375 0.04375 0.0171875
1 0.9328125 0.3703125 0.040625 0.015625
1 0.153125 0.2875 0.040625 0.015625
1 0.865625 0.86875 0.0421875 0.015625
1 0.1234375 0.3203125 0.040625 0.0125
1 0.1546875 0.8796875 0.040625 0.015625
0 0.70859375 0.71484375 0.0390625 0.0140625
1 0.13984375 0.871875 0.0421875 0.0140625
1 0.03125 0.3359375 0.040625 0.0140625
1 0.05625 0.496875 0.046875 0.028125