2 0.76953125 0.21953125 0.08828125 0.06171875
3 0.85390625 0.3359375 0.07109375 0.08046875
1 0.24375 0.57734375 0.01328125 0.021875
3 0.8125 0.8390625 0.06015625 0.0625
1 0.2953125 0.54375 0.01328125 0.021875
3 0.165625 0.30390625 0.0515625 0.06796875
1 0.48515625 0.5546875 0.01328125 0.02265625
1 0.646875 0.56875 0.0140625 0.0234375
1 0.60703125 0.8875 0.0125 0.0234375
1 0.321875 0.48671875 0.01171875 0.0203125
1 0.446875 0.43984375 0.01015625 0.0171875
1 0.9328125 0.90078125 0.01328125 0.0234375
1 0.64453125 0.50703125 0.01171875 0.02109375
2 0.24609375 0.22421875 0.090625 0.05
1 0.2609375 0.51875 0.0109375 0.01640625
1 0.50859375 0.43359375 0.009375 0.01640625
1 0.56796875 0.440625 0.01015625 0.0171875
1 0.4953125 0.45859375 0.0109375 0.0171875
1 0.5421875 0.4921875 0.00859375 0.01875
1 0.5671875 0.459375 0.01015625 0.01875
1 0.53671875 0.59375 0.01171875 0.01640625
1 0.4484375 0.3921875 0.01015625 0.01484375
1 0.178125 0.3546875 0.0078125 0.01328125
0 0.16640625 0.1640625 0.009375 0.015625
1 0.59140625 0.38046875 0.00859375 0.015625
1 0.1609375 0.35 0.00859375 0.01328125
1 0.06015625 0.47734375 0.01171875 0.01953125
3 0.32890625 0.29296875 0.0453125 0.05546875
1 0.521875 0.40234375 0.009375 0.01484375
1 0.103125 0.54140625 0.0125 0.0203125
1 0.325 0.46171875 0.01171875 0.01875
1 0.5421875 0.4484375 0.01015625 0.01796875
1 0.47109375 0.390625 0.00859375 0.015625
1 0.26484375 0.5390625 0.01171875 0.01953125
1 0.49296875 0.3796875 0.00859375 0.01484375
1 0.128125 0.371875 0.0078125 0.01484375
0 0.18203125 0.73125 0.015625 0.03203125
1 0.3671875 0.38828125 0.009375 0.015625
1 0.5375 0.4078125 0.01015625 0.01796875
1 0.30234375 0.5640625 0.0125 0.0203125
1 0.3609375 0.440625 0.0109375 0.01875
3 0.134375 0.875 0.1109375 0.11953125
1 0.553125 0.425 0.0109375 0.01640625
1 0.66171875 0.36875 0.009375 0.0140625
1 0.5046875 0.353125 0.00703125 0.0125
1 0.21875 0.64453125 0.0140625 0.0171875
1 0.89765625 0.3390625 0.009375 0.01484375
1 0.453125 0.3546875 0.0078125 0.0140625
1 0.5390625 0.3640625 0.00859375 0.01640625
1 0.6859375 0.415625 0.01015625 0.01953125
0 0.1640625 0.2046875 0.009375 0.0140625
1 0.5125 0.4578125 0.0109375 0.01640625
1 0.1109375 0.3546875 0.00859375 0.0140625
0 0.1609375 0.24296875 0.0078125 0.01484375
1 0.6421875 0.384375 0.00859375 0.015625
1 0.51484375 0.340625 0.0078125 0.01484375
1 0.06328125 0.4265625 0.01015625 0.015625
0 0.17109375 0.12109375 0.00859375 0.0140625
1 0.628125 0.38828125 0.009375 0.015625
0 0.1890625 0.06953125 0.0140625 0.01796875
1 0.3484375 0.38515625 0.01015625 0.015625
1 0.33125 0.34921875 0.0078125 0.0140625
1 0.33125 0.3296875 0.00859375 0.01328125
1 0.384375 0.40859375 0.00859375 0.015625
1 0.871875 0.96875 0.0171875 0.0375
1 0.48359375 0.3890625 0.009375 0.01484375
1 0.40546875 0.34453125 0.0078125 0.01328125
1 0.87734375 0.85625 0.0078125 0.0125
1 0.9296875 0.3296875 0.00859375 0.01328125
1 0.425 0.36796875 0.009375 0.01640625
1 0.8984375 0.87109375 0.01015625 0.01640625
0 0.16875 0.13203125 0.00859375 0.01328125
1 0.02421875 0.6453125 0.01328125 0.021875
1 0.38515625 0.365625 0.009375 0.01484375
1 0.33671875 0.45390625 0.01015625 0.01796875
1 0.40859375 0.33125 0.0078125 0.01171875
1 0.084375 0.396875 0.009375 0.01875
1 0.66640625 0.35234375 0.00859375 0.0125
1 0.3890625 0.4203125 0.009375 0.015625
1 0.72578125 0.84453125 0.01015625 0.0140625
1 0.4 0.41796875 0.0109375 0.01328125
1 0.31484375 0.55234375 0.0125 0.01875
1 0.6421875 0.34921875 0.0078125 0.0140625
1 0.52265625 0.5421875 0.01015625 0.01328125
1 0.0640625 0.92109375 0.0125 0.02265625
1 0.84375 0.853125 0.00703125 0.0109375
1 0.66484375 0.29765625 0.0078125 0.01171875
1 0.4546875 0.88828125 0.01015625 0.02109375
1 0.59921875 0.30234375 0.009375 0.0125
1 0.8390625 0.98984375 0.02265625 0.01796875
1 0.71171875 0.8484375 0.009375 0.0125
1 0.6625 0.34140625 0.00859375 0.01484375
1 0.3265625 0.3765625 0.01015625 0.01875
1 0.425 0.85546875 0.01484375 0.02421875
0 0.1671875 0.7140625 0.0078125 0.0125
1 0.90703125 0.98984375 0.01953125 0.01953125
1 0.06640625 0.95703125 0.01875 0.0328125
0 0.16171875 0.8046875 0.0140625 0.02421875
1 0.64375 0.3703125 0.01015625 0.01328125
1 0.55078125 0.4078125 0.01015625 0.0140625
1 0.0328125 0.41640625 0.00859375 0.015625
0 0.178125 0.05234375 0.0109375 0.01796875
1 0.065625 0.39921875 0.01015625 0.015625
1 0.96796875 0.37265625 0.00625 0.0125
1 0.3265625 0.85703125 0.01015625 0.0109375
1 0.1234375 0.34140625 0.01015625 0.0140625
1 0.128125 0.32421875 0.00859375 0.0140625
1 0.5703125 0.82890625 0.0078125 0.01171875
1 0.89765625 0.89296875 0.009375 0.0140625
1 0.89453125 0.321875 0.0078125 0.0125
1 0.45078125 0.85078125 0.00859375 0.01328125
4 0.55 0.80546875 0.034375 0.02734375
1 0.29765625 0.84453125 0.015625 0.02109375
0 0.046875 0.11171875 0.0109375 0.01484375
1 0.07578125 0.3984375 0.0109375 0.01796875
1 0.759375 0.83828125 0.00703125 0.01015625
1 0.040625 0.4 0.009375 0.01171875
1 0.9421875 0.996875 0.0109375 0.00625
0 0.27265625 0.19296875 0.0078125 0.0125
1 0.05 0.98515625 0.0203125 0.02890625
0 0.15859375 0.746875 0.0078125 0.01484375
1 0.2375 0.6125 0.0125 0.01875
1 0.921875 0.3203125 0.01015625 0.015625
1 0.67890625 0.29609375 0.00625 0.0109375
1 0.11015625 0.3375 0.0078125 0.0125
1 0.67734375 0.8296875 0.00546875 0.01015625
1 0.02421875 0.425 0.0109375 0.0171875
3 0.0171875 0.440625 0.034375 0.090625
1 0.65 0.296875 0.009375 0.0109375
1 0.7671875 0.8390625 0.00703125 0.0109375
1 0.85234375 0.84453125 0.00625 0.01171875
1 0.75234375 0.64296875 0.0109375 0.01171875
1 0.21640625 0.834375 0.00703125 0.01484375