4 0.4 0.4890625 0.1328125 0.1296875
3 0.95625 0.46875 0.0875 0.10625
2 0.2578125 0.1984375 0.11875 0.06875
3 0.86875 0.353125 0.0921875 0.09375
1 0.96875 0.52421875 0.0390625 0.0203125
1 0.78828125 0.58828125 0.0390625 0.0234375
1 0.34921875 0.35625 0.0359375 0.015625
1 0.73671875 0.56015625 0.0390625 0.021875
1 0.56015625 0.3984375 0.0359375 0.0171875
1 0.05703125 0.51484375 0.0390625 0.021875
3 0.640625 0.2703125 0.0921875 0.075
1 0.85625 0.42890625 0.0359375 0.015625
1 0.26953125 0.4984375 0.0375 0.0203125
1 0.70625 0.4484375 0.0359375 0.01875
1 0.30703125 0.428125 0.0359375 0.0171875
1 0.1078125 0.471875 0.0375 0.021875
1 0.55078125 0.55390625 0.0390625 0.0234375
1 0.3625 0.40859375 0.034375 0.015625
1 0.175 0.34296875 0.0359375 0.015625
1 0.42265625 0.8984375 0.0359375 0.0140625
1 0.07421875 0.41484375 0.0359375 0.015625
1 0.63203125 0.453125 0.0359375 0.01875
1 0.89296875 0.4515625 0.0359375 0.01875
2 0.771875 0.22578125 0.1203125 0.065625
1 0.4625 0.45078125 0.0359375 0.0171875
1 0.23515625 0.571875 0.0390625 0.021875
1 0.62421875 0.51953125 0.0375 0.021875
1 0.6140625 0.9046875 0.0375 0.01875
0 0.0953125 0.2015625 0.0390625 0.0203125
1 0.1671875 0.44765625 0.0359375 0.01875
0 0.1046875 0.13671875 0.0421875 0.025
0 0.94453125 0.19765625 0.040625 0.0234375
1 0.11953125 0.41796875 0.0359375 0.0171875
1 0.346875 0.8859375 0.0359375 0.015625
1 0.16640625 0.39453125 0.0359375 0.0171875
1 0.17890625 0.43046875 0.0375 0.01875
1 0.5640625 0.45703125 0.0359375 0.01875
1 0.39765625 0.375 0.0359375 0.015625
1 0.1375 0.3328125 0.0359375 0.015625
1 0.678125 0.384375 0.034375 0.0171875
1 0.38125 0.37734375 0.0359375 0.0171875
1 0.08359375 0.36328125 0.0359375 0.015625
1 0.5859375 0.4703125 0.0359375 0.01875
1 0.415625 0.3765625 0.0359375 0.015625
1 0.18828125 0.3484375 0.0359375 0.015625
1 0.39765625 0.41015625 0.0359375 0.0171875
1 0.98984375 0.40625 0.0203125 0.01875
1 0.32890625 0.36015625 0.034375 0.015625
1 0.0921875 0.33984375 0.0359375 0.015625
1 0.52109375 0.45546875 0.0359375 0.01875
1 0.46484375 0.4984375 0.0375 0.0203125
0 0.9703125 0.24765625 0.0375 0.0171875
1 0.35625 0.3359375 0.034375 0.015625
1 0.090625 0.54765625 0.0390625 0.021875
1 0.01328125 0.40078125 0.0265625 0.0171875
1 0.47734375 0.33984375 0.034375 0.0140625
1 0.11484375 0.32578125 0.0359375 0.015625
1 0.65 0.44921875 0.0359375 0.01875
1 0.596875 0.90234375 0.0359375 0.0171875
1 0.01015625 0.5109375 0.0203125 0.021875
1 0.12421875 0.29609375 0.034375 0.0140625
0 0.95703125 0.26328125 0.0375 0.01875
1 0.28828125 0.86953125 0.0359375 0.0171875
1 0.60859375 0.36015625 0.034375 0.0140625
1 0.10390625 0.41171875 0.0375 0.01875
1 0.57578125 0.33984375 0.034375 0.0140625
0 0.88125 0.10390625 0.0375 0.01875
1 0.02734375 0.4203125 0.0375 0.0171875
1 0.49296875 0.31875 0.034375 0.0140625
1 0.8375 0.41328125 0.0359375 0.0171875
1 0.40546875 0.3640625 0.0359375 0.0140625
0 0.153125 0.17890625 0.040625 0.0234375
1 0.52890625 0.3921875 0.034375 0.015625
1 0.4515625 0.365625 0.034375 0.0140625
1 0.9296875 0.43515625 0.0359375 0.0171875
1 0.45390625 0.296875 0.034375 0.0140625
0 0.8453125 0.075 0.0375 0.0203125
0 0.88515625 0.13828125 0.0375 0.0203125
1 0.25234375 0.8859375 0.0375 0.0140625
1 0.1578125 0.95390625 0.05 0.0375
1 0.69765625 0.40546875 0.0359375 0.015625
1 0.9109375 0.41875 0.0359375 0.015625
0 0.69296875 0.76875 0.0421875 0.028125
1 0.38671875 0.3625 0.0359375 0.015625
0 0.8625 0.0765625 0.0375 0.0171875
0 0.14921875 0.78671875 0.0515625 0.040625
1 0.06953125 0.52578125 0.0390625 0.021875
1 0.459375 0.3328125 0.034375 0.015625
1 0.36875 0.30703125 0.034375 0.0140625
0 0.6671875 0.76484375 0.04375 0.03125
1 0.821875 0.3765625 0.034375 0.015625
1 0.43359375 0.33125 0.034375 0.015625
1 0.44453125 0.396875 0.0359375 0.0171875
1 0.88359375 0.41796875 0.0359375 0.015625
0 0.12109375 0.171875 0.04375 0.025
1 0.50390625 0.38671875 0.034375 0.0171875
1 0.39375 0.32265625 0.034375 0.0140625
1 0.49375 0.36640625 0.0359375 0.0171875
1 0.2171875 0.875 0.0359375 0.015625
1 0.1671875 0.6234375 0.0390625 0.015625
1 0.69140625 0.3484375 0.0328125 0.0125
1 0.0671875 0.38984375 0.0375 0.015625
1 0.821875 0.41328125 0.0359375 0.015625
0 0.95703125 0.2140625 0.0390625 0.0203125
1 0.328125 0.89453125 0.0359375 0.0109375
1 0.63515625 0.90546875 0.0375 0.0171875
1 0.2859375 0.54609375 0.0390625 0.0234375
0 0.75859375 0.2359375 0.0359375 0.01875
1 0.89921875 0.4296875 0.0359375 0.015625
1 0.81328125 0.421875 0.0359375 0.0171875
0 0.9640625 0.29453125 0.0375 0.01875
1 0.51015625 0.2859375 0.034375 0.0140625
1 0.11015625 0.5203125 0.0390625 0.021875
1 0.08125 0.39296875 0.0390625 0.01875
1 0.59609375 0.29453125 0.034375 0.0140625
1 0.63203125 0.32734375 0.034375 0.0140625
0 0.87578125 0.06640625 0.0390625 0.0203125
0 0.19375 0.18828125 0.0421875 0.025
1 0.43671875 0.2859375 0.034375 0.0140625
1 0.03125 0.8953125 0.0390625 0.0234375
1 0.146875 0.4 0.0359375 0.0171875
1 0.4609375 0.35 0.0359375 0.0140625
1 0.19609375 0.8625 0.034375 0.0140625
1 0.52109375 0.3484375 0.034375 0.0140625
1 0.2375 0.87890625 0.0390625 0.0171875
0 0.759375 0.20703125 0.034375 0.0125
1 0.5546875 0.32890625 0.034375 0.015625
1 0.12578125 0.25546875 0.034375 0.0140625
1 0.12890625 0.32265625 0.0359375 0.015625
0 0.58203125 0.71015625 0.034375 0.0171875
1 0.4390625 0.3 0.034375 0.0140625
1 0.5484375 0.3484375 0.0359375 0.0140625
1 0.47578125 0.30390625 0.034375 0.0140625
1 0.13046875 0.41015625 0.0359375 0.0171875
1 0.61171875 0.30078125 0.0328125 0.0140625
1 0.93671875 0.3390625 0.034375 0.0140625
0 0.04296875 0.77734375 0.0453125 0.0359375
1 0.09296875 0.89375 0.0390625 0.021875
0 0.965625 0.40859375 0.0375 0.01875
1 0.22578125 0.890625 0.0375 0.01875
1 0.49296875 0.2890625 0.0359375 0.0140625
1 0.14765625 0.8625 0.034375 0.015625
1 0.41875 0.3640625 0.034375 0.0140625
1 0.88125 0.2859375 0.034375 0.0125
1 0.08984375 0.53046875 0.0390625 0.015625
1 0.3703125 0.89453125 0.0375 0.0140625
1 0.1875 0.8828125 0.0421875 0.028125
1 0.46328125 0.2703125 0.0328125 0.0125
1 0.3828125 0.41484375 0.0359375 0.0140625
1 0.52578125 0.3625 0.034375 0.015625
1 0.68359375 0.32265625 0.0328125 0.0140625
3 0.73359375 0.91015625 0.1296875 0.1328125
1 0.40703125 0.3453125 0.0359375 0.0140625
1 0.871875 0.41640625 0.0375 0.01875
0 0.95 0.14296875 0.0375 0.0171875
0 0.83828125 0.11328125 0.0359375 0.021875
1 0.21953125 0.62578125 0.0375 0.0125
1 0.41484375 0.30703125 0.034375 0.0140625
0 0.028125 0.8484375 0.0453125 0.0328125
1 0.07265625 0.37109375 0.0375 0.0140625
1 0.21328125 0.86171875 0.0328125 0.0125
1 0.840625 0.33203125 0.034375 0.0140625
1 0.478125 0.2875 0.034375 0.0140625
1 0.95546875 0.37109375 0.034375 0.015625
1 0.5203125 0.38203125 0.0375 0.015625
1 0.390625 0.8625 0.034375 0.0125
1 0.6546875 0.32421875 0.0359375 0.0140625
1 0.4359375 0.42578125 0.034375 0.0125
1 0.12265625 0.51796875 0.0375 0.021875
1 0.41015625 0.296875 0.0328125 0.0125
1 0.83125 0.8953125 0.034375 0.0140625
0 0.896875 0.06875 0.0375 0.0203125
1 0.38125 0.28828125 0.034375 0.0140625
1 0.41015625 0.896875 0.0390625 0.0140625
1 0.4859375 0.2578125 0.0328125 0.0125
1 0.409375 0.61640625 0.0375 0.0140625
1 0.39921875 0.3328125 0.0375 0.0125
1 0.1234375 0.91796875 0.0390625 0.0234375
1 0.26328125 0.87421875 0.0359375 0.0171875
1 0.07734375 0.3390625 0.034375 0.0125
1 0.41875 0.34609375 0.034375 0.0140625
1 0.30390625 0.35859375 0.034375 0.0125
1 0.0203125 0.3375 0.034375 0.0125
1 0.07578125 0.9109375 0.040625 0.0234375
1 0.04375 0.3640625 0.0375 0.015625
1 0.2328125 0.86015625 0.034375 0.0140625
1 0.24453125 0.85234375 0.0328125 0.0125
1 0.153125 0.903125 0.04375 0.0296875
1 0.81953125 0.3625 0.034375 0.0140625
1 0.98203125 0.375 0.0359375 0.015625
0 0.771875 0.23984375 0.0390625 0.0234375
1 0.45625 0.43515625 0.034375 0.0125
1 0.6671875 0.3171875 0.0359375 0.015625
1 0.6796875 0.309375 0.0328125 0.0109375
1 0.12734375 0.878125 0.0390625 0.021875
1 0.14140625 0.24921875 0.0359375 0.0125
1 0.50859375 0.88984375 0.0328125 0.0109375
1 0.62421875 0.3140625 0.0359375 0.0140625
4 0.0875 0.28359375 0.075 0.0890625
1 0.05859375 0.37265625 0.0375 0.015625
1 0.6421875 0.325 0.0359375 0.0140625
0 0.83984375 0.24453125 0.0375 0.01875
1 0.9015625 0.41796875 0.034375 0.0140625
1 0.3890625 0.290625 0.0359375 0.0140625
1 0.3890625 0.425 0.034375 0.0140625
1 0.1296875 0.83984375 0.0328125 0.0109375
1 0.42109375 0.33125 0.034375 0.0125
1 0.90546875 0.30625 0.0359375 0.0140625
0 0.96796875 0.35 0.0375 0.0203125
1 0.8890625 0.29609375 0.034375 0.0109375
1 0.03515625 0.34921875 0.034375 0.0125
0 0.96484375 0.3828125 0.0375 0.01875
1 0.0703125 0.35703125 0.0375 0.0171875
1 0.10625 0.91015625 0.0390625 0.0265625
1 0.88125 0.40703125 0.0359375 0.0125
1 0.68203125 0.2734375 0.0328125 0.0125
1 0.5484375 0.3375 0.034375 0.0125
1 0.421875 0.85 0.0328125 0.0125
1 0.8328125 0.3453125 0.034375 0.0125
1 0.38046875 0.89296875 0.0375 0.015625
1 0.9484375 0.33984375 0.0359375 0.0140625
1 0.26015625 0.85859375 0.034375 0.009375
1 0.89453125 0.30390625 0.034375 0.0140625
1 0.83359375 0.3546875 0.034375 0.0125
1 0.14296875 0.88125 0.0359375 0.015625
1 0.58046875 0.33046875 0.0328125 0.0125
1 0.11640625 0.87890625 0.0359375 0.0171875