3 0.1546875 0.31484375 0.06015625 0.0640625
2 0.76953125 0.21953125 0.0859375 0.06015625
1 0.32265625 0.44375 0.0109375 0.0171875
1 0.30703125 0.44296875 0.0109375 0.0171875
1 0.62265625 0.5046875 0.0125 0.01953125
1 0.89609375 0.91796875 0.01484375 0.025
1 0.3859375 0.45 0.0109375 0.0171875
1 0.346875 0.4453125 0.0109375 0.01796875
1 0.73046875 0.55859375 0.0125 0.02265625
1 0.9546875 0.3953125 0.009375 0.015625
4 0.48203125 0.40859375 0.09140625 0.1078125
2 0.24765625 0.22578125 0.09453125 0.04765625
1 0.709375 0.5015625 0.01171875 0.01953125
1 0.96875 0.4203125 0.01015625 0.01484375
1 0.659375 0.446875 0.01015625 0.0171875
1 0.934375 0.35625 0.009375 0.015625
1 0.66171875 0.55390625 0.0125 0.02265625
1 0.12734375 0.5765625 0.01328125 0.021875
1 0.64921875 0.4203125 0.009375 0.01640625
1 0.634375 0.46640625 0.0109375 0.01796875
1 0.79453125 0.95234375 0.0203125 0.03671875
1 0.44296875 0.4828125 0.009375 0.0171875
1 0.83125 0.4015625 0.01015625 0.015625
1 0.4546875 0.55703125 0.0125 0.0234375
1 0.35390625 0.3953125 0.0078125 0.015625
1 0.734375 0.5359375 0.0125 0.0203125
1 0.65 0.46796875 0.0109375 0.01875
1 0.07734375 0.39140625 0.009375 0.01484375
1 0.78203125 0.921875 0.0171875 0.02890625
1 0.6625 0.503125 0.01171875 0.0203125
1 0.16484375 0.8953125 0.0125 0.02109375
1 0.25703125 0.9078125 0.01484375 0.02421875
1 0.47734375 0.490625 0.0109375 0.01875
1 0.02421875 0.465625 0.0109375 0.01796875
1 0.615625 0.45546875 0.01015625 0.01796875
1 0.15234375 0.9296875 0.015625 0.028125
1 0.4546875 0.4828125 0.01171875 0.01875
1 0.8515625 0.88125 0.009375 0.0171875
1 0.365625 0.54765625 0.0125 0.02265625
1 0.56328125 0.48515625 0.0109375 0.01875
1 0.70859375 0.4453125 0.0109375 0.015625
1 0.371875 0.44765625 0.01171875 0.01875
1 0.67109375 0.378125 0.00859375 0.01484375
1 0.36875 0.41796875 0.00859375 0.015625
1 0.4359375 0.4109375 0.00859375 0.01640625
1 0.871875 0.31640625 0.00859375 0.01328125
1 0.18125 0.34140625 0.0078125 0.01328125
1 0.46640625 0.51171875 0.01171875 0.0203125
1 0.66484375 0.4078125 0.009375 0.01640625
1 0.82890625 0.94375 0.01796875 0.0328125
1 0.3265625 0.40390625 0.01015625 0.01484375
1 0.7359375 0.47578125 0.0109375 0.01875
1 0.12265625 0.88125 0.01015625 0.01796875
1 0.209375 0.88046875 0.01015625 0.015625
1 0.38046875 0.4328125 0.00859375 0.015625
1 0.6328125 0.35546875 0.00859375 0.0125
1 0.53828125 0.4484375 0.01171875 0.01953125
1 0.9234375 0.340625 0.01015625 0.0171875
1 0.6859375 0.46953125 0.0109375 0.01875
1 0.39921875 0.4015625 0.0109375 0.015625
1 0.6859375 0.5125 0.01171875 0.01953125
1 0.825 0.890625 0.01171875 0.0203125
1 0.63984375 0.4359375 0.0109375 0.01640625
1 0.06484375 0.38984375 0.009375 0.01484375
1 0.56328125 0.46328125 0.01015625 0.015625
1 0.6265625 0.5390625 0.0125 0.01953125
1 0.6140625 0.34765625 0.00859375 0.0140625
1 0.35625 0.609375 0.01015625 0.0140625
1 0.65546875 0.3921875 0.00859375 0.01484375
1 0.84296875 0.31640625 0.0078125 0.0140625
1 0.42421875 0.34296875 0.0078125 0.0140625
1 0.98125 0.36796875 0.009375 0.0140625
1 0.3578125 0.43671875 0.01015625 0.0171875
1 0.38125 0.5796875 0.00703125 0.01484375
1 0.653125 0.3671875 0.009375 0.01640625
1 0.68515625 0.39296875 0.009375 0.015625
1 0.44609375 0.50546875 0.01171875 0.0203125
1 0.70078125 0.42734375 0.0109375 0.015625
1 0.5484375 0.44375 0.01015625 0.01640625
1 0.22578125 0.8890625 0.0109375 0.01796875
1 0.740625 0.50625 0.009375 0.01328125
1 0.9453125 0.90390625 0.015625 0.02578125
1 0.4234375 0.32265625 0.0078125 0.0125
1 0.3328125 0.38203125 0.009375 0.0140625
1 0.61328125 0.5359375 0.01171875 0.02109375
1 0.71796875 0.4359375 0.0109375 0.01796875
1 0.853125 0.33203125 0.00703125 0.01328125
3 0.18125 0.83359375 0.05625 0.05
1 0.915625 0.94140625 0.01640625 0.02421875
1 0.6734375 0.54609375 0.01171875 0.021875
1 0.2234375 0.85390625 0.00859375 0.0125
1 0.40859375 0.3296875 0.0078125 0.0125
1 0.815625 0.40234375 0.0078125 0.01484375
1 0.16171875 0.35078125 0.009375 0.01328125
1 0.65546875 0.3453125 0.00859375 0.01328125
1 0.971875 0.35625 0.00859375 0.0140625
1 0.64140625 0.4015625 0.009375 0.015625
4 0.5140625 0.30703125 0.06796875 0.07578125
1 0.58046875 0.4546875 0.0109375 0.01796875
1 0.003125 0.43984375 0.00625 0.0203125
1 0.66171875 0.33203125 0.009375 0.01328125
1 0.353125 0.3265625 0.0078125 0.0125
1 0.35625 0.36953125 0.00859375 0.01328125
1 0.1640625 0.87265625 0.01015625 0.0171875
1 0.403125 0.34765625 0.00625 0.01328125
1 0.92421875 0.9875 0.0171875 0.021875
1 0.828125 0.84609375 0.00625 0.0109375
1 0.30859375 0.3984375 0.00859375 0.01640625
1 0.69765625 0.39375 0.009375 0.01640625
1 0.6296875 0.371875 0.01015625 0.0140625
1 0.4 0.41875 0.01015625 0.0109375
1 0.60859375 0.30234375 0.00859375 0.0125
1 0.60859375 0.4421875 0.009375 0.01484375
1 0.44296875 0.31484375 0.00625 0.0125
1 0.3828125 0.38203125 0.00859375 0.0125
1 0.3578125 0.421875 0.009375 0.0109375
1 0.84375 0.853125 0.00703125 0.01171875
1 0.94296875 0.334375 0.0078125 0.01328125
1 0.45546875 0.50703125 0.01015625 0.0171875
1 0.3796875 0.36640625 0.009375 0.01640625
1 0.9609375 0.93203125 0.0203125 0.03046875
1 0.88671875 0.86796875 0.01015625 0.01328125
1 0.38359375 0.39453125 0.01015625 0.015625
1 0.57578125 0.31640625 0.0078125 0.01328125
1 0.334375 0.3640625 0.00859375 0.0140625
1 0.65703125 0.29609375 0.0078125 0.0125
1 0.5953125 0.45390625 0.0109375 0.01875
1 0.64375 0.38125 0.009375 0.01171875
1 0.66328125 0.35625 0.0078125 0.0109375
1 0.5375 0.42109375 0.01015625 0.0140625
1 0.903125 0.32265625 0.00859375 0.01484375
1 0.5921875 0.38125 0.01015625 0.015625
1 0.09375 0.33359375 0.00859375 0.0125
1 0.63984375 0.51875 0.01171875 0.01796875
3 0.5546875 0.38046875 0.0484375 0.078125
1 0.32890625 0.35390625 0.00625 0.0125
1 0.3484375 0.35078125 0.01015625 0.01328125
1 0.3796875 0.34453125 0.00859375 0.0140625
1 0.67109375 0.33671875 0.00859375 0.01328125
1 0.6390625 0.5328125 0.01171875 0.01640625
1 0.90703125 0.30546875 0.00859375 0.0125
1 0.6703125 0.89921875 0.015625 0.0203125
1 0.61328125 0.38203125 0.01015625 0.0125
1 0.4515625 0.3 0.0078125 0.0109375
1 0.05625 0.38046875 0.00859375 0.0125
1 0.46875 0.29453125 0.0078125 0.0125
1 0.590625 0.3515625 0.009375 0.01171875
1 0.08203125 0.3484375 0.009375 0.0171875
1 0.5921875 0.3984375 0.009375 0.0140625
1 0.6546875 0.98828125 0.01953125 0.021875
1 0.521875 0.8484375 0.00859375 0.01484375
1 0.56328125 0.31640625 0.009375 0.01328125
1 0.6734375 0.29609375 0.01015625 0.0125
1 0.57421875 0.34921875 0.01015625 0.0125
1 0.884375 0.84921875 0.00703125 0.0109375
1 0.628125 0.384375 0.01015625 0.01015625
1 0.3890625 0.42421875 0.009375 0.0109375
1 0.38828125 0.4375 0.01015625 0.0109375
1 0.60234375 0.365625 0.009375 0.01328125
3 0.4640625 0.82265625 0.0390625 0.03984375
1 0.8984375 0.30234375 0.01015625 0.0125
1 0.471875 0.31015625 0.00859375 0.01328125
0 0.99296875 0.821875 0.0140625 0.053125
1 0.625 0.425 0.01171875 0.01953125
1 0.07890625 0.334375 0.00859375 0.0125
1 0.14375 0.8703125 0.0078125 0.01484375
1 0.3671875 0.365625 0.01015625 0.015625
1 0.8515625 0.8484375 0.00625 0.0109375
1 0.35859375 0.34453125 0.009375 0.0125
1 0.578125 0.41875 0.009375 0.0125
1 0.65390625 0.35625 0.00859375 0.0109375
1 0.5953125 0.296875 0.00859375 0.0125
1 0.63203125 0.29609375 0.00859375 0.0125
1 0.57109375 0.44765625 0.0109375 0.01875
3 0.478125 0.359375 0.08515625 0.0875