2 0.74296875 0.19765625 0.09375 0.0671875
4 0.44296875 0.2609375 0.075 0.0859375
3 0.31328125 0.2640625 0.0546875 0.0734375
2 0.2265625 0.22890625 0.0953125 0.0609375
1 0.72890625 0.6 0.0171875 0.021875
1 0.1625 0.953125 0.01875 0.0265625
1 0.86796875 0.39609375 0.0125 0.01875
1 0.6984375 0.52890625 0.0140625 0.021875
1 0.4953125 0.465625 0.0140625 0.01875
3 0.5984375 0.4671875 0.0921875 0.1296875
1 0.48125 0.4359375 0.0125 0.01875
1 0.3203125 0.5421875 0.015625 0.021875
1 0.83515625 0.4203125 0.0125 0.01875
1 0.5484375 0.6125 0.015625 0.0203125
1 0.30078125 0.5859375 0.015625 0.0234375
1 0.29296875 0.48046875 0.0125 0.01875
1 0.60078125 0.390625 0.0125 0.01875
1 0.9890625 0.446875 0.015625 0.0203125
1 0.38359375 0.57109375 0.015625 0.021875
1 0.59765625 0.32265625 0.0109375 0.0140625
1 0.27421875 0.4671875 0.0140625 0.0171875
1 0.47421875 0.334375 0.0109375 0.015625
1 0.2265625 0.628125 0.015625 0.0203125
1 0.696875 0.475 0.0140625 0.01875
1 0.725 0.51171875 0.0140625 0.0203125
1 0.32578125 0.45234375 0.0125 0.0171875
1 0.5671875 0.2890625 0.0109375 0.0140625
1 0.54609375 0.33671875 0.0109375 0.015625
1 0.0484375 0.465625 0.0140625 0.01875
1 0.44765625 0.42734375 0.0125 0.01875
1 0.0515625 0.446875 0.0140625 0.01875
1 0.040625 0.4875 0.0171875 0.025
1 0.64609375 0.2890625 0.0109375 0.0140625
1 0.43203125 0.43046875 0.0125 0.01875
4 0.2984375 0.86171875 0.0578125 0.05
1 0.06796875 0.359375 0.0109375 0.0140625
1 0.3890625 0.36484375 0.0125 0.0171875
1 0.72265625 0.475 0.0140625 0.01875
1 0.33046875 0.48203125 0.0125 0.01875
1 0.5125 0.3890625 0.0125 0.0171875
1 0.58671875 0.59296875 0.0140625 0.021875
1 0.10078125 0.3640625 0.0109375 0.015625
1 0.37734375 0.90078125 0.0125 0.0171875
1 0.3453125 0.30234375 0.009375 0.0140625
1 0.78671875 0.40234375 0.0078125 0.0140625
1 0.009375 0.40546875 0.0125 0.015625
1 0.509375 0.40625 0.0125 0.0171875
4 0.375 0.45234375 0.096875 0.1265625
1 0.83828125 0.29296875 0.009375 0.0140625
1 0.3484375 0.39375 0.0125 0.015625
1 0.90703125 0.33828125 0.0125 0.01875
1 0.53125 0.4125 0.0125 0.01875
1 0.01953125 0.4515625 0.0140625 0.0171875
1 0.471875 0.28359375 0.0125 0.0140625
1 0.4546875 0.35546875 0.0109375 0.015625
1 0.446875 0.36875 0.0125 0.015625
1 0.9796875 0.88671875 0.015625 0.021875
1 0.35 0.3609375 0.0125 0.015625
1 0.94375 0.365625 0.0140625 0.015625
1 0.20859375 0.93984375 0.0171875 0.0234375
1 0.6984375 0.43359375 0.0125 0.01875
1 0.6359375 0.28984375 0.0125 0.0140625
1 0.32578125 0.31484375 0.0109375 0.0140625
1 0.3359375 0.43515625 0.0109375 0.0171875
1 0.0546875 0.41953125 0.0125 0.0171875
1 0.66484375 0.33828125 0.0109375 0.0140625
1 0.378125 0.35 0.0109375 0.015625
1 0.9875 0.95078125 0.01875 0.021875
1 0.078125 0.44765625 0.0140625 0.0171875
1 0.28515625 0.4484375 0.0109375 0.0171875
1 0.678125 0.39296875 0.0125 0.015625
1 0.6234375 0.3390625 0.0125 0.015625
1 0.5453125 0.29453125 0.0109375 0.015625
1 0.50703125 0.4296875 0.0140625 0.0171875
1 0.290625 0.9515625 0.01875 0.0265625
1 0.92421875 0.31328125 0.0109375 0.0125
1 0.37109375 0.30390625 0.0109375 0.0125
1 0.68671875 0.6328125 0.0140625 0.0140625
1 0.0828125 0.4 0.0125 0.015625
1 0.07578125 0.4234375 0.0140625 0.015625
1 0.5203125 0.64453125 0.0140625 0.0140625
1 0.4171875 0.3046875 0.0109375 0.0140625
1 0.05546875 0.3765625 0.0125 0.015625
1 0.365625 0.29296875 0.0109375 0.0125
1 0.1140625 0.321875 0.009375 0.0140625
1 0.23046875 0.66640625 0.015625 0.015625
1 0.13359375 0.92109375 0.0125 0.0171875
1 0.04453125 0.37265625 0.0125 0.015625
1 0.93359375 0.32734375 0.0109375 0.0140625
1 0.3390625 0.41484375 0.0109375 0.0140625
1 0.95234375 0.884375 0.0140625 0.0203125
1 0.0703125 0.46328125 0.0140625 0.015625
1 0.36171875 0.334375 0.009375 0.0140625
1 0.31328125 0.46328125 0.0140625 0.0171875
1 0.34140625 0.89921875 0.0125 0.0171875
1 0.3921875 0.275 0.009375 0.0125
1 0.07109375 0.40703125 0.0109375 0.0109375
1 0.25546875 0.92109375 0.0140625 0.0203125
1 0.821875 0.25234375 0.0125 0.0125
1 0.36640625 0.34296875 0.0109375 0.0140625
1 0.3390625 0.278125 0.009375 0.0125
1 0.41015625 0.30390625 0.0109375 0.015625
1 0.49765625 0.27890625 0.0109375 0.0125
1 0.98203125 0.3421875 0.0140625 0.0171875
1 0.36796875 0.3796875 0.0140625 0.015625
1 0.946875 0.353125 0.0125 0.0125
1 0.5421875 0.27421875 0.0109375 0.0125
1 0.96171875 0.33203125 0.0125 0.0171875
1 0.38515625 0.309375 0.0125 0.0140625
1 0.68359375 0.3796875 0.0109375 0.0125
1 0.48125 0.496875 0.009375 0.0140625
1 0.86484375 0.315625 0.0125 0.0140625
1 0.80390625 0.2796875 0.0109375 0.0140625
1 0.89765625 0.3171875 0.0125 0.0140625
1 0.9203125 0.853125 0.0109375 0.0125
1 0.89453125 0.2703125 0.0109375 0.0140625
1 0.86953125 0.84453125 0.0125 0.0125
1 0.58515625 0.8703125 0.009375 0.0109375
1 0.625 0.2625 0.0109375 0.0125
1 0.94765625 0.9140625 0.0140625 0.0140625
1 0.12734375 0.3203125 0.0125 0.0140625
1 0.2015625 0.90625 0.0125 0.015625
1 0.4859375 0.28203125 0.0109375 0.0140625
1 0.24609375 0.93828125 0.0140625 0.0171875
1 0.3703125 0.2765625 0.0125 0.0140625
1 0.26953125 0.94375 0.015625 0.0234375
1 0.06875 0.33828125 0.0125 0.015625
1 0.884375 0.85625 0.0109375 0.0125
1 0.24921875 0.54765625 0.0125 0.0125
1 0.1609375 0.9125 0.0125 0.0171875
1 0.61875 0.85 0.0078125 0.0109375
1 0.35390625 0.26796875 0.009375 0.0125
1 0.5359375 0.2625 0.0109375 0.0125
1 0.24453125 0.884375 0.0078125 0.009375
1 0.63515625 0.25078125 0.0125 0.0125
1 0.12578125 0.30390625 0.0125 0.0140625
1 0.87734375 0.25859375 0.0125 0.0171875
1 0.459375 0.49921875 0.0109375 0.0125
1 0.27265625 0.58203125 0.0078125 0.015625
1 0.96796875 0.89375 0.0171875 0.025
1 0.0625 0.45234375 0.0109375 0.015625
1 0.609375 0.86484375 0.0109375 0.0109375
1 0.0609375 0.34453125 0.0125 0.015625
1 0.9 0.8625 0.0109375 0.0125
1 0.17421875 0.28125 0.0109375 0.0140625
1 0.23359375 0.93046875 0.0140625 0.0203125
1 0.1078125 0.30546875 0.0125 0.015625
1 0.36796875 0.875 0.0078125 0.0109375
1 0.86171875 0.246875 0.0109375 0.0125
1 0.6078125 0.8515625 0.0078125 0.0109375
1 0.925 0.8671875 0.0125 0.015625
1 0.99609375 0.93359375 0.0078125 0.0328125
1 0.0640625 0.32265625 0.0109375 0.0125
1 0.56484375 0.25234375 0.0109375 0.0125
1 0.03125 0.3625 0.0109375 0.0125
1 0.1578125 0.2984375 0.0109375 0.0140625
1 0.91484375 0.83671875 0.0078125 0.0109375
1 0.97109375 0.91328125 0.0125 0.0109375
1 0.38125 0.26484375 0.0125 0.0140625
1 0.95625 0.95234375 0.0109375 0.0140625
1 0.9734375 0.85859375 0.0125 0.0171875
1 0.8921875 0.8453125 0.0078125 0.0109375
1 0.30078125 0.4578125 0.0125 0.015625
1 0.04453125 0.34375 0.0125 0.015625
1 0.19921875 0.88828125 0.0109375 0.0140625
1 0.54375 0.8921875 0.0109375 0.0171875
1 0.47890625 0.26640625 0.0125 0.0125
1 0.16640625 0.284375 0.0125 0.0140625
1 0.36171875 0.2703125 0.009375 0.0125
1 0.94375 0.85703125 0.0109375 0.015625
1 0.21796875 0.88671875 0.009375 0.0125
1 0.9484375 0.9390625 0.0109375 0.0125
1 0.096875 0.3125 0.0125 0.0140625
1 0.91171875 0.8671875 0.0109375 0.0125
1 0.92578125 0.2984375 0.0125 0.0125
1 0.5078125 0.89453125 0.0140625 0.0171875
1 0.5921875 0.84453125 0.00625 0.009375
1 0.6 0.83828125 0.009375 0.009375
1 0.946875 0.32734375 0.0140625 0.015625
1 0.215625 0.92265625 0.0140625 0.015625
1 0.6140625 0.2578125 0.0109375 0.0140625
1 0.5921875 0.25234375 0.0109375 0.0140625
1 0.115625 0.3046875 0.0109375 0.015625
1 0.7 0.3765625 0.0109375 0.0140625
1 0.95390625 0.31484375 0.0109375 0.0109375