4 0.53984375 0.46640625 0.1046875 0.1296875
2 0.2328125 0.2203125 0.0953125 0.0640625
2 0.7484375 0.2046875 0.096875 0.05625
4 0.5015625 0.3796875 0.0609375 0.0859375
3 0.38984375 0.38515625 0.08125 0.1
1 0.32890625 0.46875 0.015625 0.01875
3 0.45 0.35390625 0.065625 0.0875
1 0.28515625 0.61875 0.01875 0.021875
1 0.35078125 0.47265625 0.015625 0.01875
1 0.62578125 0.45 0.015625 0.01875
1 0.43046875 0.59765625 0.01875 0.0234375
1 0.35703125 0.5625 0.0171875 0.0234375
1 0.040625 0.47109375 0.0171875 0.01875
1 0.86953125 0.3609375 0.0140625 0.015625
1 0.85 0.3390625 0.0140625 0.015625
1 0.715625 0.5078125 0.0171875 0.021875
1 0.32265625 0.88515625 0.0140625 0.015625
1 0.81953125 0.4 0.0140625 0.0171875
1 0.12578125 0.39609375 0.015625 0.0171875
1 0.28984375 0.4640625 0.015625 0.0171875
1 0.62734375 0.428125 0.015625 0.0171875
1 0.43984375 0.55859375 0.0171875 0.0234375
1 0.865625 0.4203125 0.015625 0.01875
1 0.2140625 0.965625 0.0234375 0.03125
1 0.99453125 0.596875 0.0109375 0.01875
1 0.29609375 0.4359375 0.015625 0.0171875
1 0.9640625 0.40859375 0.015625 0.0171875
3 0.421875 0.8421875 0.05625 0.0578125
1 0.8421875 0.94296875 0.021875 0.03125
1 0.2140625 0.58984375 0.0171875 0.0234375
1 0.93125 0.38984375 0.015625 0.0171875
1 0.425 0.30703125 0.0125 0.0140625
1 0.471875 0.4875 0.015625 0.0203125
1 0.0546875 0.4484375 0.015625 0.0171875
1 0.253125 0.90625 0.0171875 0.0203125
1 0.11015625 0.4359375 0.015625 0.0171875
1 0.4625 0.42734375 0.015625 0.0171875
1 0.6890625 0.37578125 0.0140625 0.015625
1 0.71171875 0.87890625 0.0125 0.015625
1 0.09609375 0.38515625 0.015625 0.015625
1 0.7328125 0.8734375 0.0140625 0.0140625
1 0.80390625 0.3234375 0.0109375 0.0140625
1 0.65859375 0.896875 0.015625 0.0171875
1 0.8796875 0.334375 0.0140625 0.0140625
1 0.83515625 0.3 0.0140625 0.0140625
1 0.23359375 0.87578125 0.0125 0.0140625
1 0.9328125 0.3484375 0.0140625 0.015625
1 0.77265625 0.8875 0.015625 0.0171875
1 0.01875 0.44765625 0.015625 0.0171875
1 0.69609375 0.44140625 0.015625 0.01875
1 0.22578125 0.9328125 0.01875 0.025
1 0.06640625 0.440625 0.015625 0.0171875
1 0.44765625 0.43984375 0.015625 0.01875
1 0.74453125 0.878125 0.0140625 0.0140625
1 0.60703125 0.2890625 0.0140625 0.0140625
1 0.34140625 0.30390625 0.0125 0.0125
1 0.8578125 0.884375 0.0140625 0.0171875
1 0.66484375 0.378125 0.0125 0.015625
1 0.45546875 0.6453125 0.0171875 0.0140625
1 0.62265625 0.375 0.015625 0.01875
1 0.8921875 0.3296875 0.0140625 0.015625
1 0.94296875 0.39765625 0.015625 0.015625
1 0.07109375 0.396875 0.015625 0.015625
1 0.17421875 0.27734375 0.0140625 0.0140625
1 0.51484375 0.28125 0.0125 0.0125
1 0.325 0.3234375 0.0125 0.0125
1 0.22109375 0.896875 0.015625 0.0171875
1 0.8484375 0.259375 0.0125 0.0125
1 0.94375 0.9671875 0.025 0.0359375
1 0.50234375 0.26875 0.0125 0.0125
1 0.34453125 0.3328125 0.0140625 0.0140625
3 0.58046875 0.38984375 0.0796875 0.0921875
1 0.73828125 0.64140625 0.01875 0.0203125
1 0.328125 0.3703125 0.0140625 0.0140625
1 0.3359375 0.39375 0.015625 0.0171875
1 0.346875 0.28359375 0.0140625 0.0140625
1 0.32734375 0.40703125 0.0140625 0.0140625
1 0.6796875 0.90078125 0.0140625 0.0125
1 0.6703125 0.8828125 0.015625 0.015625
1 0.86171875 0.32421875 0.015625 0.0140625
4 0.63203125 0.346875 0.0734375 0.090625
1 0.684375 0.43203125 0.015625 0.0171875
1 0.5609375 0.25546875 0.0125 0.0125
1 0.77578125 0.97421875 0.0265625 0.0359375
1 0.8734375 0.3 0.015625 0.0140625
1 0.4390625 0.27265625 0.0125 0.0140625
1 0.40625 0.871875 0.0140625 0.0109375
1 0.3234375 0.39453125 0.015625 0.015625
1 0.453125 0.871875 0.0109375 0.0125
1 0.1734375 0.99375 0.0234375 0.0125
1 0.64609375 0.29140625 0.0140625 0.0140625
1 0.14375 0.2875 0.0125 0.0125
1 0.69921875 0.42109375 0.015625 0.01875
1 0.09375 0.296875 0.0140625 0.015625
1 0.87578125 0.26484375 0.0125 0.0125
1 0.60625 0.25703125 0.0125 0.0125
1 0.815625 0.9109375 0.0203125 0.0234375
1 0.9390625 0.334375 0.0140625 0.0140625
1 0.94453125 0.92578125 0.0203125 0.0296875
1 0.90078125 0.2859375 0.0140625 0.0140625
0 0.43359375 0.990625 0.021875 0.01875
1 0.184375 0.959375 0.0203125 0.0265625
1 0.15078125 0.98046875 0.025 0.0375
1 0.325 0.33515625 0.0125 0.0125
1 0.6203125 0.39375 0.0140625 0.0125
1 0.95859375 0.9828125 0.021875 0.0171875
1 0.209375 0.92265625 0.01875 0.0234375
1 0.053125 0.41015625 0.015625 0.0140625
1 0.05390625 0.42734375 0.0203125 0.015625
1 0.009375 0.43984375 0.0171875 0.015625
1 0.63046875 0.2578125 0.0140625 0.0140625
1 0.30546875 0.42109375 0.015625 0.01875
0 0.45703125 0.98984375 0.025 0.0203125
1 0.80234375 0.9078125 0.01875 0.0203125
1 0.41796875 0.2609375 0.0125 0.0125
1 0.55234375 0.8890625 0.0125 0.0109375
1 0.78828125 0.86640625 0.0109375 0.0109375
1 0.8109375 0.87734375 0.0125 0.015625
1 0.49375 0.3390625 0.0125 0.0171875
1 0.61953125 0.40546875 0.0125 0.0125
1 0.07109375 0.41796875 0.015625 0.01875
1 0.03125 0.434375 0.01875 0.0203125
1 0.24609375 0.996875 0.021875 0.00625
1 0.1828125 0.909375 0.0140625 0.0171875
1 0.87890625 0.859375 0.0109375 0.0109375
1 0.31953125 0.38046875 0.0140625 0.0125
1 0.46796875 0.26640625 0.0140625 0.0125
1 0.05859375 0.3984375 0.0140625 0.015625
1 0.44375 0.875 0.015625 0.0109375
1 0.0390625 0.4109375 0.015625 0.015625
1 0.3171875 0.41171875 0.015625 0.0171875
1 0.0546875 0.384375 0.015625 0.0140625
1 0.76953125 0.871875 0.015625 0.0125
1 0.30703125 0.39609375 0.015625 0.015625
1 0.43515625 0.25625 0.0109375 0.0109375
1 0.13125 0.2828125 0.015625 0.0140625
1 0.165625 0.87109375 0.0109375 0.0109375
1 0.00390625 0.475 0.0078125 0.0125
1 0.46796875 0.3078125 0.0140625 0.009375
1 0.11484375 0.2875 0.0125 0.0140625
1 0.41171875 0.25703125 0.0125 0.0109375
1 0.88671875 0.88046875 0.0140625 0.015625
1 0.54375 0.88203125 0.0125 0.0125
1 0.96796875 0.34296875 0.0125 0.0125
1 0.30546875 0.38359375 0.0140625 0.0125
1 0.953125 0.32109375 0.0140625 0.015625
1 0.175 0.93984375 0.0171875 0.01875
1 0.3609375 0.27890625 0.015625 0.0125
1 0.91796875 0.28515625 0.0140625 0.0140625
1 0.31953125 0.36875 0.0140625 0.0125
1 0.45390625 0.26015625 0.0125 0.0125
1 0.165625 0.89453125 0.0125 0.0109375
1 0.3046875 0.40859375 0.0140625 0.0125
1 0.515625 0.27109375 0.0109375 0.009375
1 0.15625 0.653125 0.015625 0.009375
1 0.95234375 0.3984375 0.015625 0.015625
1 0.340625 0.29140625 0.0125 0.0109375
4 0.453125 0.83671875 0.0359375 0.040625
1 0.07734375 0.8890625 0.0125 0.0125
0 0.28671875 0.99140625 0.025 0.0171875
1 0.11171875 0.8734375 0.0109375 0.0109375
1 0.12578125 0.9453125 0.021875 0.0234375