3 0.12734375 0.3359375 0.103125 0.0875
3 0.84375 0.35625 0.0796875 0.0703125
3 0.7609375 0.8453125 0.0859375 0.059375
2 0.78046875 0.23203125 0.121875 0.0515625
1 0.696875 0.55078125 0.0421875 0.0140625
4 0.896875 0.3109375 0.0953125 0.071875
1 0.615625 0.371875 0.0390625 0.0078125
4 0.7078125 0.84140625 0.096875 0.0609375
1 0.71953125 0.59296875 0.04375 0.015625
1 0.58828125 0.59453125 0.0421875 0.0109375
1 0.81796875 0.45234375 0.040625 0.009375
1 0.940625 0.553125 0.04375 0.0140625
2 0.26015625 0.21796875 0.121875 0.04375
1 0.60703125 0.49453125 0.0421875 0.0125
1 0.1 0.39296875 0.0390625 0.0078125
1 0.48515625 0.50390625 0.0390625 0.0109375
1 0.54296875 0.90078125 0.04375 0.0109375
1 0.63046875 0.4328125 0.0390625 0.009375
1 0.67421875 0.571875 0.04375 0.015625
1 0.6453125 0.890625 0.0421875 0.0140625
1 0.54609375 0.571875 0.04375 0.015625
1 0.56640625 0.56640625 0.04375 0.015625
1 0.66875 0.4578125 0.040625 0.0140625
1 0.73125 0.5078125 0.0421875 0.0140625
1 0.73125 0.4765625 0.040625 0.009375
1 0.9609375 0.41875 0.040625 0.009375
4 0.05234375 0.47890625 0.1046875 0.1015625
1 0.54140625 0.51796875 0.040625 0.0125
1 0.39296875 0.43125 0.040625 0.0109375
1 0.70703125 0.50703125 0.0421875 0.0125
1 0.6125 0.565625 0.0421875 0.0140625
1 0.665625 0.528125 0.0421875 0.0125
1 0.2828125 0.47265625 0.040625 0.0109375
4 0.88515625 0.8453125 0.0796875 0.05
1 0.98515625 0.4453125 0.0296875 0.009375
1 0.89921875 0.3828125 0.0390625 0.0078125
1 0.67734375 0.5515625 0.0421875 0.009375
1 0.61953125 0.53671875 0.0421875 0.0125
1 0.76328125 0.9453125 0.0484375 0.0265625
1 0.58671875 0.39296875 0.0421875 0.0078125
1 0.86953125 0.9078125 0.0421875 0.0125
1 0.38984375 0.5296875 0.0421875 0.0140625
1 0.76484375 0.53125 0.0421875 0.0125
3 0.2203125 0.825 0.0796875 0.0484375
1 0.6015625 0.3734375 0.0390625 0.0078125
1 0.9390625 0.35859375 0.0390625 0.00625
1 0.56328125 0.41171875 0.0390625 0.0078125
1 0.29140625 0.4328125 0.0390625 0.009375
1 0.7375 0.55625 0.0421875 0.0140625
1 0.3953125 0.3859375 0.0390625 0.009375
1 0.70703125 0.4734375 0.040625 0.0109375
1 0.63828125 0.39296875 0.0390625 0.009375
1 0.590625 0.51796875 0.0421875 0.0125
1 0.71796875 0.44375 0.040625 0.0109375
1 0.50390625 0.340625 0.0390625 0.00625
1 0.39765625 0.49453125 0.0421875 0.0109375
1 0.64765625 0.6 0.0421875 0.0078125
1 0.1703125 0.8703125 0.0421875 0.0125
1 0.3390625 0.38046875 0.0390625 0.0078125
1 0.28515625 0.57578125 0.0421875 0.0109375
1 0.55 0.46171875 0.040625 0.0125
1 0.48046875 0.47109375 0.040625 0.0109375
1 0.33203125 0.471875 0.0421875 0.0109375
1 0.3125 0.40859375 0.040625 0.0109375
1 0.70390625 0.40078125 0.0390625 0.009375
1 0.61171875 0.51796875 0.0421875 0.0109375
1 0.1671875 0.30703125 0.0375 0.0046875
1 0.55703125 0.50078125 0.040625 0.0125
1 0.596875 0.87890625 0.04375 0.0109375
1 0.2765625 0.490625 0.040625 0.0125
1 0.5796875 0.3703125 0.0390625 0.00625
1 0.4734375 0.44375 0.040625 0.00625
1 0.74296875 0.53984375 0.040625 0.00625
1 0.46015625 0.45390625 0.0421875 0.009375
1 0.61015625 0.890625 0.0421875 0.0140625
1 0.3875 0.34453125 0.0390625 0.0078125
1 0.66953125 0.4125 0.0390625 0.0078125
1 0.559375 0.39765625 0.0375 0.00625
1 0.415625 0.509375 0.0421875 0.0125
1 0.465625 0.32734375 0.0390625 0.00625
1 0.83125 0.46875 0.0390625 0.009375
1 0.21015625 0.4203125 0.0375 0.00625
1 0.5171875 0.446875 0.0421875 0.0109375
1 0.8859375 0.36640625 0.0375 0.0046875
1 0.6109375 0.87421875 0.040625 0.00625
1 0.59140625 0.45234375 0.040625 0.0109375
1 0.3828125 0.48359375 0.0421875 0.0109375
1 0.853125 0.9453125 0.0484375 0.021875
1 0.0765625 0.40703125 0.040625 0.0078125
1 0.92265625 0.40234375 0.0390625 0.0078125
1 0.87265625 0.35234375 0.0375 0.00625
1 0.62890625 0.621875 0.0421875 0.0078125
1 0.68046875 0.4046875 0.0390625 0.009375
1 0.8171875 0.90703125 0.0421875 0.0125
1 0.57890625 0.621875 0.0421875 0.0109375
1 0.6578125 0.3609375 0.0390625 0.00625
1 0.63984375 0.34921875 0.0390625 0.00625
1 0.13828125 0.94921875 0.0515625 0.03125
1 0.69609375 0.4234375 0.040625 0.009375
1 0.65078125 0.53828125 0.04375 0.015625
1 0.41640625 0.4828125 0.040625 0.0078125
1 0.92109375 0.9046875 0.0421875 0.0125
1 0.94140625 0.4140625 0.040625 0.009375
1 0.5765625 0.50546875 0.040625 0.009375
1 0.60234375 0.65078125 0.0375 0.003125
1 0.79609375 0.86484375 0.0375 0.00625
1 0.93125 0.390625 0.0390625 0.0078125
1 0.3703125 0.47578125 0.040625 0.0078125
1 0.08125 0.48828125 0.0390625 0.0078125
1 0.47265625 0.45859375 0.0390625 0.00625
1 0.94921875 0.4 0.040625 0.0078125
1 0.54765625 0.3390625 0.0375 0.00625
1 0.921875 0.3859375 0.0390625 0.0078125
1 0.8953125 0.36171875 0.0375 0.00625
1 0.146875 0.878125 0.04375 0.015625
1 0.12890625 0.37890625 0.040625 0.00625
1 0.3921875 0.45 0.040625 0.0046875
1 0.2953125 0.4625 0.0421875 0.0109375
1 0.184375 0.85703125 0.040625 0.0078125
1 0.653125 0.34765625 0.0390625 0.0046875
1 0.42109375 0.4640625 0.0375 0.0046875
1 0.5859375 0.3515625 0.0390625 0.0078125
1 0.38203125 0.4640625 0.040625 0.00625
1 0.575 0.453125 0.0421875 0.0109375
1 0.57421875 0.48046875 0.0421875 0.0109375
1 0.48203125 0.39453125 0.0390625 0.00625
1 0.64609375 0.3140625 0.0375 0.003125
1 0.52421875 0.34296875 0.0375 0.0046875
1 0.871875 0.94453125 0.046875 0.0171875
1 0.71953125 0.465625 0.040625 0.009375
1 0.609375 0.35546875 0.0375 0.00625
1 0.56015625 0.3625 0.040625 0.009375
1 0.909375 0.90625 0.0421875 0.0125
1 0.56796875 0.32109375 0.0375 0.00625
1 0.48359375 0.3796875 0.0390625 0.0046875
1 0.05859375 0.35234375 0.040625 0.0078125
1 0.503125 0.44140625 0.0421875 0.0078125
1 0.18359375 0.29375 0.0390625 0.0046875
1 0.25859375 0.83671875 0.0375 0.003125
1 0.20625 0.40546875 0.0390625 0.009375
1 0.35078125 0.47265625 0.0421875 0.0109375
1 0.3140625 0.4578125 0.0421875 0.0140625
1 0.403125 0.34453125 0.0390625 0.009375
1 0.06796875 0.98046875 0.0421875 0.0015625
1 0.48125 0.43125 0.0390625 0.009375
1 0.46796875 0.36796875 0.0390625 0.00625
1 0.46484375 0.4296875 0.040625 0.0109375
1 0.89296875 0.89453125 0.040625 0.0078125
1 0.5484375 0.4421875 0.040625 0.0109375
1 0.453125 0.43046875 0.0390625 0.0140625
1 0.35625 0.3484375 0.0390625 0.00625
1 0.4515625 0.3484375 0.0390625 0.00625
1 0.38046875 0.37578125 0.040625 0.0078125
1 0.3390625 0.49765625 0.0375 0.0078125
1 0.82734375 0.89453125 0.040625 0.009375
1 0.70390625 0.4375 0.0421875 0.0078125
1 0.6734375 0.30859375 0.0375 0.0046875
1 0.33046875 0.39296875 0.040625 0.0078125
1 0.096875 0.978125 0.05 0.0078125
1 0.03359375 0.9640625 0.046875 0.021875
1 0.4515625 0.36796875 0.0390625 0.009375
1 0.81171875 0.88828125 0.040625 0.009375
1 0.3765625 0.3171875 0.0390625 0.00625
1 0.45859375 0.36796875 0.0390625 0.00625
1 0.70859375 0.42734375 0.0390625 0.00625
1 0.42109375 0.3546875 0.0390625 0.00625
1 0.4921875 0.43125 0.040625 0.0078125
1 0.52265625 0.33203125 0.0375 0.003125
1 0.27890625 0.63984375 0.0421875 0.0046875
1 0.8390625 0.85546875 0.0359375 0.003125
1 0.36640625 0.35625 0.040625 0.00625
1 0.484375 0.4078125 0.0390625 0.00625
1 0.92890625 0.33984375 0.0390625 0.0078125
1 0.31796875 0.4375 0.0390625 0.00625
1 0.3921875 0.46328125 0.0421875 0.0078125
1 0.2890625 0.84921875 0.0375 0.0046875
1 0.45234375 0.303125 0.0390625 0.0046875
1 0.5625 0.471875 0.0421875 0.0125
1 0.4421875 0.34765625 0.0390625 0.00625
1 0.48515625 0.36640625 0.040625 0.00625
1 0.559375 0.85 0.0375 0.003125
1 0.034375 0.36640625 0.0421875 0.0078125
1 0.88984375 0.8734375 0.0375 0.00625
1 0.25078125 0.840625 0.0390625 0.00625
1 0.41484375 0.34375 0.0390625 0.00625
1 0.1171875 0.828125 0.0375 0.0046875
1 0.54375 0.4109375 0.0390625 0.0078125
1 0.5375 0.446875 0.0421875 0.0109375
1 0.56171875 0.44765625 0.0421875 0.0078125
1 0.54296875 0.396875 0.0421875 0.00625
1 0.921875 0.36796875 0.0375 0.0046875
1 0.40078125 0.47890625 0.040625 0.009375
1 0.56953125 0.4390625 0.0390625 0.003125
1 0.37109375 0.33828125 0.0390625 0.0046875
1 0.3890625 0.58046875 0.0375 0.00625
1 0.8859375 0.3453125 0.0390625 0.00625
1 0.32890625 0.43515625 0.040625 0.003125
1 0.8359375 0.99375 0.0515625 0.0046875
1 0.46640625 0.3015625 0.0390625 0.0046875
1 0.32578125 0.44921875 0.040625 0.009375
1 0.42421875 0.3296875 0.0359375 0.0046875
1 0.98515625 0.38828125 0.0296875 0.0078125
1 0.4953125 0.37109375 0.0390625 0.0078125
1 0.5703125 0.39765625 0.0390625 0.00625
1 0.4859375 0.33359375 0.0375 0.0078125
1 0.49765625 0.38828125 0.0390625 0.0046875
1 0.53671875 0.303125 0.0375 0.0046875
1 0.0328125 0.421875 0.040625 0.0109375
1 0.98359375 0.6578125 0.0328125 0.01875
1 0.834375 0.3109375 0.0375 0.003125
1 0.446875 0.29375 0.0375 0.0046875
1 0.325 0.37734375 0.0390625 0.00625
1 0.51171875 0.2984375 0.0375 0.0046875
1 0.08984375 0.83828125 0.040625 0.0078125
1 0.52734375 0.30078125 0.0390625 0.00625
1 0.30234375 0.4359375 0.040625 0.00625
1 0.0625 0.85 0.040625 0.009375
1 0.565625 0.38515625 0.0390625 0.0078125
3 0.16484375 0.82734375 0.084375 0.0640625
1 0.88203125 0.921875 0.0421875 0.0125
1 0.51640625 0.34296875 0.0421875 0.00625
1 0.66796875 0.30078125 0.0390625 0.003125