3 0.8546875 0.4203125 0.0875 0.0953125
3 0.646875 0.8625 0.08125 0.0875
2 0.2421875 0.20703125 0.09375 0.065625
4 0.71875 0.846875 0.053125 0.053125
1 0.875 0.5984375 0.01875 0.0203125
4 0.21953125 0.83515625 0.0953125 0.0984375
1 0.7375 0.59375 0.01875 0.021875
1 0.98125 0.47265625 0.0171875 0.0203125
1 0.7234375 0.56875 0.01875 0.0234375
1 0.65546875 0.4875 0.015625 0.0203125
1 0.67890625 0.46640625 0.015625 0.01875
2 0.76640625 0.240625 0.0984375 0.0546875
1 0.4578125 0.428125 0.015625 0.01875
1 0.66875 0.4640625 0.015625 0.0203125
1 0.67734375 0.48671875 0.0171875 0.01875
1 0.80078125 0.59453125 0.0171875 0.01875
4 0.08046875 0.43671875 0.1203125 0.121875
1 0.921875 0.44296875 0.0140625 0.0171875
1 0.60390625 0.47265625 0.0171875 0.01875
1 0.76796875 0.5796875 0.01875 0.0234375
1 0.52265625 0.8828125 0.0140625 0.01875
1 0.26796875 0.5484375 0.01875 0.025
1 0.4015625 0.4921875 0.0171875 0.021875
1 0.36953125 0.5828125 0.01875 0.0203125
1 0.92421875 0.6671875 0.0203125 0.021875
1 0.58046875 0.50859375 0.0171875 0.0203125
1 0.86796875 0.93515625 0.0203125 0.028125
1 0.94375 0.4453125 0.0171875 0.0171875
1 0.4171875 0.5046875 0.01875 0.021875
1 0.77109375 0.940625 0.021875 0.0296875
1 0.73046875 0.51171875 0.0171875 0.0234375
1 0.26640625 0.48671875 0.0171875 0.021875
1 0.56640625 0.503125 0.01875 0.021875
1 0.94609375 0.4625 0.0171875 0.01875
1 0.86640625 0.9859375 0.0265625 0.028125
1 0.71640625 0.465625 0.015625 0.0171875
1 0.540625 0.52578125 0.015625 0.0234375
1 0.04609375 0.36875 0.0171875 0.0171875
1 0.41171875 0.4484375 0.015625 0.01875
1 0.23984375 0.49765625 0.0171875 0.0234375
1 0.3875 0.43046875 0.015625 0.01875
1 0.47265625 0.34140625 0.0125 0.015625
1 0.696875 0.4265625 0.015625 0.0171875
1 0.66015625 0.35390625 0.015625 0.01875
1 0.80859375 0.58125 0.01875 0.021875
1 0.75859375 0.56484375 0.01875 0.0234375
1 0.3671875 0.55546875 0.0171875 0.021875
1 0.61171875 0.63515625 0.01875 0.021875
1 0.81875 0.37421875 0.0140625 0.015625
1 0.74296875 0.90703125 0.0171875 0.021875
1 0.8125 0.39921875 0.015625 0.01875
1 0.42890625 0.390625 0.015625 0.01875
4 0.11875 0.35859375 0.0734375 0.0921875
1 0.24140625 0.53984375 0.01875 0.0234375
1 0.81171875 0.93671875 0.01875 0.0265625
1 0.54609375 0.45390625 0.0171875 0.01875
1 0.6234375 0.34609375 0.0125 0.0140625
1 0.690625 0.48359375 0.0171875 0.0203125
1 0.859375 0.36171875 0.0125 0.0140625
1 0.29296875 0.52578125 0.01875 0.0234375
1 0.6578125 0.3890625 0.015625 0.015625
1 0.68125 0.44765625 0.015625 0.01875
1 0.0296875 0.3796875 0.0171875 0.0171875
1 0.45546875 0.33984375 0.0125 0.015625
4 0.33359375 0.8515625 0.11875 0.11875
1 0.26015625 0.5109375 0.01875 0.021875
1 0.39375 0.38671875 0.015625 0.0171875
1 0.81328125 0.975 0.0265625 0.0375
1 0.6 0.50625 0.0171875 0.0203125
1 0.52734375 0.33828125 0.0125 0.015625
1 0.57109375 0.48203125 0.0171875 0.01875
1 0.54375 0.3515625 0.0125 0.0140625
1 0.35546875 0.3171875 0.0125 0.015625
1 0.43828125 0.328125 0.0125 0.015625
1 0.68671875 0.3984375 0.0140625 0.0171875
1 0.725 0.4765625 0.015625 0.0171875
1 0.4875 0.43359375 0.0140625 0.0171875
1 0.76015625 0.6421875 0.01875 0.025
1 0.01484375 0.37421875 0.0171875 0.0171875
1 0.3984375 0.43515625 0.0171875 0.01875
1 0.6484375 0.3859375 0.0140625 0.0171875
1 0.5 0.31875 0.0140625 0.015625
1 0.6625 0.37734375 0.0140625 0.0140625
1 0.63125 0.37734375 0.015625 0.015625
1 0.55546875 0.48984375 0.0171875 0.01875
1 0.36640625 0.37265625 0.015625 0.0171875
1 0.12734375 0.86796875 0.0140625 0.0234375
1 0.76875 0.9125 0.0171875 0.021875
1 0.58515625 0.34296875 0.0140625 0.015625
1 0.47734375 0.32265625 0.0125 0.015625
1 0.490625 0.45078125 0.0171875 0.01875
1 0.58515625 0.48671875 0.0171875 0.01875
1 0.39140625 0.63046875 0.01875 0.0265625
1 0.10703125 0.28828125 0.0125 0.015625
1 0.3078125 0.3921875 0.0140625 0.0171875
1 0.40625 0.37734375 0.0140625 0.015625
1 0.64921875 0.3546875 0.0140625 0.015625
1 0.98203125 0.42109375 0.015625 0.0171875
1 0.390625 0.37265625 0.0140625 0.0171875
1 0.4234375 0.3390625 0.0125 0.0171875
1 0.23359375 0.5296875 0.015625 0.0171875
1 0.31015625 0.61953125 0.01875 0.0203125
1 0.5703125 0.41171875 0.0203125 0.021875
1 0.565625 0.328125 0.0125 0.0140625
1 0.428125 0.35703125 0.0125 0.0171875
1 0.54140625 0.31015625 0.0125 0.015625
1 0.3375 0.6078125 0.01875 0.01875
1 0.61875 0.36484375 0.0171875 0.0203125
1 0.50390625 0.371875 0.0125 0.015625
1 0.53359375 0.45234375 0.015625 0.0171875
1 0.89453125 0.38828125 0.015625 0.015625
1 0.59609375 0.36875 0.0171875 0.021875
1 0.4109375 0.42109375 0.015625 0.0203125
1 0.2859375 0.5109375 0.0171875 0.021875
1 0.55703125 0.41875 0.0171875 0.01875
1 0.82578125 0.9453125 0.021875 0.0296875
1 0.4921875 0.3640625 0.0140625 0.0140625
1 0.44765625 0.33125 0.0125 0.0171875
1 0.92734375 0.403125 0.015625 0.01875
1 0.3890625 0.8734375 0.015625 0.0203125
1 0.55546875 0.47265625 0.015625 0.015625
1 0.60234375 0.44453125 0.015625 0.0203125
1 0.8890625 0.36640625 0.0140625 0.015625
1 0.5734375 0.3078125 0.0140625 0.0140625
1 0.81875 0.6578125 0.0203125 0.025
1 0.86640625 0.66328125 0.01875 0.0203125
1 0.5703125 0.46171875 0.0140625 0.015625
1 0.3859375 0.3296875 0.0140625 0.015625
1 0.40078125 0.36796875 0.0140625 0.015625
1 0.8515625 0.328125 0.0125 0.0125
1 0.48359375 0.403125 0.015625 0.0171875
1 0.31640625 0.63515625 0.0171875 0.0140625
1 0.37421875 0.365625 0.0140625 0.015625
1 0.37890625 0.290625 0.0140625 0.0140625
1 0.428125 0.88984375 0.01875 0.01875
1 0.0921875 0.8765625 0.01875 0.021875
1 0.45234375 0.3109375 0.0140625 0.0140625
1 0.66875 0.3140625 0.0125 0.0140625
1 0.60546875 0.32578125 0.0125 0.0140625
1 0.75546875 0.621875 0.01875 0.01875
1 0.68828125 0.415625 0.0125 0.015625
1 0.3203125 0.37890625 0.015625 0.01875
1 0.88984375 0.6671875 0.0171875 0.0171875
1 0.51953125 0.3171875 0.0140625 0.015625
1 0.07734375 0.36796875 0.0171875 0.0171875
1 0.52265625 0.35390625 0.015625 0.0171875
1 0.71875 0.8671875 0.015625 0.0140625
1 0.49765625 0.35390625 0.0140625 0.015625
1 0.10234375 0.87890625 0.0171875 0.021875
1 0.825 0.32421875 0.0125 0.015625
1 0.42890625 0.37890625 0.0140625 0.0125
1 0.61328125 0.3125 0.0125 0.0125
1 0.01953125 0.34765625 0.015625 0.015625
1 0.8421875 0.37265625 0.0125 0.0109375
1 0.98828125 0.6703125 0.0125 0.021875
1 0.83359375 0.33359375 0.0140625 0.0140625
1 0.76796875 0.896875 0.0140625 0.0140625
1 0.5609375 0.36171875 0.0171875 0.0203125
1 0.575 0.34296875 0.0125 0.0140625
1 0.4328125 0.30546875 0.0125 0.0171875
1 0.459375 0.32421875 0.015625 0.015625
1 0.68046875 0.37421875 0.0140625 0.015625
1 0.084375 0.303125 0.015625 0.01875
1 0.584375 0.62734375 0.0171875 0.0234375
1 0.47578125 0.45859375 0.0171875 0.015625
1 0.85859375 0.35 0.0140625 0.015625
1 0.36171875 0.2890625 0.0140625 0.0125
1 0.52109375 0.36875 0.0171875 0.01875
1 0.09765625 0.86015625 0.015625 0.0140625
1 0.05859375 0.91875 0.021875 0.025
1 0.87265625 0.353125 0.0140625 0.015625
1 0.496875 0.41796875 0.0171875 0.0203125
1 0.41953125 0.29453125 0.0125 0.0140625
1 0.41171875 0.29296875 0.0140625 0.0140625
1 0.74609375 0.8734375 0.0125 0.0125
1 0.65390625 0.3765625 0.0140625 0.015625
1 0.80234375 0.66328125 0.0125 0.0140625
1 0.58359375 0.3578125 0.0140625 0.015625
1 0.41171875 0.4359375 0.015625 0.0140625
1 0.0703125 0.30703125 0.0140625 0.015625
1 0.09375 0.49765625 0.0125 0.015625
1 0.94765625 0.40859375 0.0171875 0.01875
1 0.59453125 0.4703125 0.0140625 0.0171875
1 0.88125 0.3609375 0.0140625 0.015625
1 0.6421875 0.31015625 0.0125 0.0125
1 0.93671875 0.41171875 0.0140625 0.0171875
1 0.1109375 0.8578125 0.0125 0.0125
1 0.99296875 0.59375 0.0109375 0.015625
1 0.775 0.86015625 0.0125 0.0125
1 0.5578125 0.34453125 0.0140625 0.0140625
1 0.71015625 0.98828125 0.0265625 0.0234375
1 0.490625 0.35078125 0.015625 0.0171875
1 0.525 0.29609375 0.0125 0.0125
1 0.5546875 0.30703125 0.0140625 0.0125
1 0.2109375 0.63203125 0.0171875 0.0140625
1 0.48984375 0.29453125 0.0125 0.0125
1 0.51171875 0.3546875 0.0140625 0.015625