4 0.81953125 0.85 0.08203125 0.0953125
1 0.2828125 0.5328125 0.0125 0.02109375
1 0.97109375 0.43984375 0.0125 0.01796875
1 0.08359375 0.44296875 0.01015625 0.0171875
1 0.40625 0.890625 0.0125 0.021875
3 0.21640625 0.8734375 0.11875 0.11953125
0 0.89296875 0.178125 0.01640625 0.02578125
0 0.8828125 0.14375 0.01484375 0.0234375
1 0.86796875 0.41875 0.01015625 0.01640625
1 0.33359375 0.47109375 0.0109375 0.01796875
1 0.740625 0.56015625 0.0125 0.02265625
1 0.590625 0.440625 0.01015625 0.0171875
1 0.396875 0.44140625 0.01015625 0.01796875
0 0.9171875 0.22734375 0.015625 0.02265625
3 0.38515625 0.30546875 0.05078125 0.06953125
0 0.228125 0.234375 0.009375 0.0171875
1 0.51796875 0.44921875 0.0109375 0.01953125
1 0.4875 0.43203125 0.01015625 0.01640625
3 0.03203125 0.4359375 0.0640625 0.1109375
1 0.62890625 0.5109375 0.01171875 0.021875
0 0.215625 0.2046875 0.01015625 0.0171875
0 0.7875 0.1453125 0.0125 0.01953125
1 0.36953125 0.453125 0.01015625 0.01796875
1 0.38671875 0.4859375 0.0109375 0.01953125
1 0.36640625 0.4859375 0.01171875 0.01953125
1 0.67109375 0.37109375 0.00859375 0.0140625
1 0.38125 0.87890625 0.01015625 0.01796875
1 0.56015625 0.55546875 0.0125 0.021875
0 0.9171875 0.18046875 0.0125 0.02109375
0 0.78984375 0.73671875 0.01171875 0.021875
0 0.1921875 0.14921875 0.01171875 0.01953125
0 0.75625 0.23203125 0.009375 0.01484375
1 0.62734375 0.40234375 0.01015625 0.015625
0 0.9390625 0.23046875 0.0125 0.01796875
2 0.7703125 0.21953125 0.0859375 0.059375
1 0.46484375 0.3703125 0.0078125 0.015625
1 0.53125 0.54765625 0.0125 0.01953125
1 0.58984375 0.421875 0.01015625 0.01640625
1 0.87265625 0.89375 0.01171875 0.0203125
0 0.23125 0.20390625 0.01015625 0.0171875
4 0.9484375 0.378125 0.0953125 0.0921875
1 0.92421875 0.8921875 0.01171875 0.0203125
0 0.925 0.15703125 0.01171875 0.01796875
1 0.1234375 0.50625 0.009375 0.01796875
1 0.6484375 0.415625 0.009375 0.01640625
1 0.30234375 0.50078125 0.01171875 0.01796875
1 0.88359375 0.9109375 0.0140625 0.025
1 0.19609375 0.37109375 0.0078125 0.01484375
1 0.1671875 0.38203125 0.00859375 0.015625
1 0.51875 0.56796875 0.01171875 0.0203125
1 0.784375 0.89765625 0.0125 0.02265625
1 0.53125 0.3890625 0.00859375 0.01640625
0 0.159375 0.13984375 0.0125 0.021875
1 0.20390625 0.40234375 0.0078125 0.015625
0 0.925 0.1234375 0.01328125 0.021875
0 0.90546875 0.11640625 0.01328125 0.01953125
1 0.57421875 0.5375 0.0125 0.02109375
1 0.2671875 0.5046875 0.01015625 0.01328125
1 0.61328125 0.45859375 0.0109375 0.01796875
0 0.796875 0.7890625 0.0125 0.0234375
1 0.2546875 0.5390625 0.0125 0.01796875
1 0.8421875 0.36015625 0.01015625 0.0171875
1 0.5328125 0.3296875 0.0078125 0.01328125
1 0.04453125 0.9921875 0.01796875 0.0140625
1 0.6140625 0.44375 0.009375 0.0125
0 0.803125 0.1625 0.0125 0.02109375
0 0.9375 0.184375 0.015625 0.02265625
0 0.1828125 0.778125 0.01171875 0.0171875
0 0.92578125 0.27265625 0.0109375 0.01796875
1 0.675 0.44375 0.01015625 0.01640625
0 0.17890625 0.13359375 0.0109375 0.01875
1 0.94140625 0.93125 0.015625 0.02734375
1 0.64296875 0.3453125 0.0078125 0.01484375
1 0.61171875 0.37109375 0.01015625 0.01484375
1 0.071875 0.38203125 0.009375 0.01484375
1 0.6671875 0.303125 0.00703125 0.01171875
1 0.034375 0.3796875 0.01015625 0.0140625
1 0.38359375 0.6140625 0.0125 0.0203125
1 0.40859375 0.42734375 0.01015625 0.01640625
1 0.2875 0.4625 0.01015625 0.01875
1 0.44375 0.44375 0.0078125 0.015625
1 0.18984375 0.34375 0.01015625 0.01640625
1 0.003125 0.64609375 0.00625 0.01953125
0 0.9359375 0.284375 0.01015625 0.01640625
1 0.50625 0.55390625 0.0109375 0.021875
1 0.4296875 0.41796875 0.00859375 0.01328125
1 0.15625 0.32265625 0.00859375 0.01328125
1 0.40859375 0.37265625 0.009375 0.01484375
1 0.0640625 0.4203125 0.01015625 0.01640625
1 0.3421875 0.4390625 0.009375 0.01640625
1 0.8265625 0.33359375 0.009375 0.0140625
1 0.2671875 0.52109375 0.0125 0.01640625
1 0.659375 0.32578125 0.00859375 0.0140625
0 0.41875 0.7625 0.01171875 0.0234375
1 0.7125 0.875 0.0109375 0.01875
1 0.5578125 0.32734375 0.009375 0.015625
1 0.67421875 0.40546875 0.0109375 0.015625
1 0.084375 0.4265625 0.01171875 0.015625
1 0.10078125 0.890625 0.0125 0.02109375
0 0.1171875 0.05234375 0.01328125 0.01875
1 0.56640625 0.8421875 0.00859375 0.01328125
0 0.7578125 0.171875 0.01015625 0.0171875
1 0.39296875 0.421875 0.01015625 0.015625
0 0.7 0.25390625 0.01015625 0.01640625
1 0.43671875 0.4453125 0.01015625 0.01328125
0 0.78125 0.2359375 0.0109375 0.01875
0 0.8984375 0.03046875 0.01328125 0.01875
1 0.36953125 0.34375 0.009375 0.015625
1 0.353125 0.39375 0.00859375 0.01484375
1 0.590625 0.3046875 0.0078125 0.01328125
1 0.45546875 0.3078125 0.0078125 0.01328125
0 0.73203125 0.23984375 0.00859375 0.01328125
1 0.7046875 0.41796875 0.0109375 0.01953125
1 0.08359375 0.93359375 0.02109375 0.0390625
1 0.29765625 0.425 0.01015625 0.01640625
1 0.30859375 0.48203125 0.01015625 0.01640625
1 0.434375 0.32578125 0.0078125 0.0140625
1 0.3203125 0.33203125 0.0078125 0.0140625
1 0.3 0.865625 0.009375 0.01484375
1 0.90546875 0.87890625 0.009375 0.01484375
1 0.378125 0.43671875 0.01015625 0.015625
1 0.5484375 0.3375 0.0078125 0.01328125
1 0.6734375 0.38984375 0.0109375 0.01796875
1 0.3 0.33984375 0.009375 0.01484375
1 0.30234375 0.4421875 0.009375 0.015625
1 0.371875 0.37734375 0.01015625 0.015625
0 0.909375 0.01484375 0.01328125 0.021875
1 0.83984375 0.99453125 0.01640625 0.0109375
1 0.35625 0.43125 0.009375 0.015625
1 0.53828125 0.840625 0.00703125 0.01328125
1 0.6828125 0.40390625 0.01015625 0.0171875
1 0.34609375 0.421875 0.009375 0.0140625
1 0.35078125 0.3546875 0.0078125 0.0140625
1 0.05546875 0.38046875 0.01015625 0.01484375
1 0.07578125 0.62890625 0.0125 0.02109375
1 0.64609375 0.39609375 0.01171875 0.015625
1 0.15859375 0.309375 0.0078125 0.01171875
0 0.92265625 0.3140625 0.01171875 0.0171875
1 0.36875 0.43203125 0.009375 0.01484375
0 0.75703125 0.20546875 0.00859375 0.0109375
1 0.38671875 0.37890625 0.009375 0.0140625
1 0.1953125 0.3546875 0.00703125 0.01015625
1 0.32265625 0.47109375 0.01015625 0.01875
1 0.5515625 0.3 0.009375 0.01171875
1 0.65234375 0.31015625 0.00859375 0.01171875
2 0.25390625 0.225 0.07578125 0.05078125
1 0.4015625 0.39453125 0.00859375 0.0109375
1 0.41484375 0.3546875 0.00703125 0.0125
1 0.1203125 0.8640625 0.00703125 0.01171875
1 0.31875 0.428125 0.0109375 0.01484375
1 0.7609375 0.99453125 0.01875 0.009375
1 0.11875 0.33046875 0.009375 0.0140625
1 0.878125 0.3 0.0078125 0.0125
1 0.69609375 0.41640625 0.009375 0.015625
1 0.29921875 0.45703125 0.01171875 0.0140625
0 0.76796875 0.7828125 0.009375 0.0140625
1 0.21875 0.91953125 0.0203125 0.0328125
1 0.8765625 0.315625 0.009375 0.01328125
1 0.38046875 0.34375 0.0078125 0.0125
1 0.378125 0.3640625 0.0078125 0.0140625
0 0.88984375 0.05078125 0.0109375 0.01953125
1 0.65234375 0.26953125 0.009375 0.0125
1 0.3265625 0.34609375 0.009375 0.015625
1 0.60234375 0.296875 0.00859375 0.0125
1 0.321875 0.45390625 0.0109375 0.01484375
1 0.43671875 0.45703125 0.009375 0.01171875
1 0.4171875 0.4046875 0.00703125 0.01328125
1 0.25625 0.51875 0.01015625 0.0140625
1 0.35625 0.3765625 0.01015625 0.015625
1 0.3375 0.40234375 0.0109375 0.015625
1 0.3265625 0.440625 0.01015625 0.01640625
1 0.14453125 0.87890625 0.00703125 0.01484375
0 0.1515625 0.0890625 0.01171875 0.0234375
1 0.37578125 0.40078125 0.01171875 0.0171875
1 0.6609375 0.396875 0.01328125 0.01640625
1 0.29296875 0.86015625 0.00703125 0.01171875
1 0.06484375 0.36015625 0.0078125 0.0125
1 0.1484375 0.31875 0.009375 0.0140625
0 0.90859375 0.0578125 0.01171875 0.015625
0 0.8234375 0.1046875 0.01171875 0.01796875
1 0.665625 0.7859375 0.0109375 0.01875
1 0.7453125 0.8453125 0.009375 0.01328125
0 0.23984375 0.19921875 0.01015625 0.0171875
1 0.625 0.36875 0.01015625 0.0109375
1 0.62578125 0.3875 0.009375 0.0140625
1 0.265625 0.85 0.00859375 0.01484375
1 0.4078125 0.40546875 0.00859375 0.0140625
1 0.59765625 0.78125 0.009375 0.01796875
1 0.32734375 0.325 0.00859375 0.0125
1 0.12890625 0.884375 0.01484375 0.02421875
1 0.528125 0.2984375 0.009375 0.0125
1 0.3515625 0.34296875 0.00703125 0.01171875
1 0.209375 0.61171875 0.0109375 0.02265625
1 0.7 0.39453125 0.01015625 0.0140625
1 0.64296875 0.3734375 0.0109375 0.0125
1 0.1296875 0.31875 0.01015625 0.01484375
0 0.859375 0.0671875 0.0109375 0.0171875
1 0.36640625 0.41875 0.00859375 0.01015625
1 0.753125 0.84140625 0.009375 0.0109375
1 0.709375 0.3671875 0.00859375 0.0125
3 0.9046875 0.340625 0.07265625 0.0765625