2 0.25078125 0.20234375 0.1046875 0.0671875
2 0.76875 0.22265625 0.10625 0.0609375
1 0.175 0.56171875 0.0265625 0.0203125
3 0.18984375 0.8296875 0.06875 0.0609375
4 0.38515625 0.4625 0.109375 0.1265625
3 0.7328125 0.8703125 0.0828125 0.0765625
1 0.2640625 0.54296875 0.0265625 0.021875
1 0.08046875 0.42109375 0.025 0.0171875
1 0.67578125 0.503125 0.025 0.0203125
3 0.825 0.34296875 0.0515625 0.0609375
1 0.7171875 0.46484375 0.025 0.0171875
1 0.34609375 0.36953125 0.021875 0.015625
1 0.30703125 0.4546875 0.025 0.01875
1 0.9375 0.55234375 0.0265625 0.0203125
1 0.5375 0.55859375 0.025 0.0203125
1 0.9375 0.4703125 0.025 0.01875
1 0.33203125 0.415625 0.0234375 0.01875
1 0.740625 0.57421875 0.0265625 0.021875
1 0.57421875 0.52421875 0.025 0.021875
3 0.0921875 0.87734375 0.11875 0.1140625
1 0.3109375 0.5828125 0.0265625 0.025
1 0.3015625 0.5234375 0.025 0.0203125
1 0.1078125 0.3953125 0.0234375 0.015625
1 0.76953125 0.6234375 0.0265625 0.0203125
1 0.42890625 0.3875 0.0234375 0.0171875
1 0.12578125 0.3359375 0.021875 0.015625
1 0.27109375 0.50546875 0.0265625 0.01875
1 0.68046875 0.44609375 0.0234375 0.01875
1 0.4328125 0.553125 0.025 0.0234375
1 0.57109375 0.40390625 0.0234375 0.01875
1 0.23359375 0.87890625 0.025 0.0171875
1 0.58671875 0.58046875 0.0265625 0.0234375
1 0.74375 0.53359375 0.025 0.0203125
1 0.71875 0.5140625 0.025 0.0203125
1 0.45 0.2984375 0.0203125 0.0140625
1 0.83515625 0.421875 0.0234375 0.015625
1 0.5765625 0.371875 0.021875 0.015625
1 0.2109375 0.9015625 0.0265625 0.021875
1 0.67421875 0.46171875 0.0234375 0.0171875
1 0.12109375 0.52578125 0.0265625 0.021875
1 0.4265625 0.32578125 0.0203125 0.0140625
1 0.271875 0.87890625 0.0234375 0.0171875
1 0.52265625 0.3703125 0.021875 0.015625
1 0.0703125 0.38203125 0.0234375 0.015625
1 0.921875 0.53515625 0.0265625 0.0203125
1 0.38515625 0.5578125 0.0265625 0.0234375
1 0.18125 0.3921875 0.0234375 0.0171875
1 0.7015625 0.42578125 0.0234375 0.0171875
1 0.33671875 0.3125 0.021875 0.0140625
1 0.93359375 0.51796875 0.025 0.01875
1 0.8921875 0.3890625 0.021875 0.015625
1 0.82734375 0.98515625 0.0328125 0.0296875
1 0.71796875 0.4375 0.0234375 0.0171875
1 0.05859375 0.3828125 0.0234375 0.0171875
1 0.32578125 0.43828125 0.025 0.01875
1 0.35390625 0.3375 0.021875 0.015625
1 0.1578125 0.86875 0.0234375 0.0171875
1 0.853125 0.6109375 0.0265625 0.0234375
1 0.0828125 0.3578125 0.021875 0.0140625
1 0.38046875 0.309375 0.0203125 0.0140625
1 0.10078125 0.32890625 0.0234375 0.015625
1 0.42890625 0.36640625 0.021875 0.015625
1 0.771875 0.90859375 0.025 0.0171875
1 0.69921875 0.52109375 0.025 0.021875
1 0.49765625 0.50859375 0.025 0.01875
1 0.77109375 0.60546875 0.0265625 0.015625
1 0.4390625 0.325 0.021875 0.0140625
1 0.3265625 0.47734375 0.025 0.0203125
1 0.40625 0.2984375 0.0203125 0.0140625
1 0.290625 0.496875 0.025 0.01875
1 0.89140625 0.36328125 0.021875 0.0140625
1 0.46484375 0.41328125 0.0234375 0.01875
1 0.69921875 0.56796875 0.0234375 0.0140625
1 0.82578125 0.4 0.021875 0.0140625
1 0.784375 0.934375 0.028125 0.0234375
1 0.953125 0.425 0.025 0.0171875
1 0.13984375 0.3375 0.021875 0.015625
1 0.34609375 0.89296875 0.0234375 0.015625
1 0.65703125 0.39921875 0.0234375 0.015625
1 0.39765625 0.334375 0.021875 0.0140625
1 0.9296875 0.503125 0.0234375 0.0140625
1 0.96875 0.44375 0.025 0.0171875
1 0.63359375 0.65 0.0265625 0.0203125
1 0.3265625 0.36484375 0.0203125 0.0125
1 0.8890625 0.45703125 0.025 0.0171875
1 0.50390625 0.403125 0.0234375 0.0171875
1 0.9140625 0.98828125 0.034375 0.0234375
1 0.84765625 0.42421875 0.021875 0.015625
1 0.8046875 0.91015625 0.0234375 0.0171875
1 0.58828125 0.44296875 0.0234375 0.0203125
1 0.40703125 0.3640625 0.0234375 0.0140625
1 0.89921875 0.3375 0.021875 0.0125
1 0.17890625 0.34921875 0.021875 0.015625
1 0.88515625 0.44375 0.021875 0.0125
1 0.13828125 0.26171875 0.021875 0.0140625
1 0.33046875 0.3484375 0.021875 0.015625
1 0.346875 0.51875 0.025 0.0203125
1 0.359375 0.3609375 0.021875 0.0140625
1 0.3765625 0.39296875 0.021875 0.0140625
1 0.096875 0.3609375 0.0234375 0.015625
1 0.94453125 0.36328125 0.021875 0.015625
1 0.4046875 0.378125 0.0234375 0.015625
1 0.371875 0.3609375 0.0234375 0.0140625
1 0.20703125 0.86796875 0.021875 0.0140625
1 0.60625 0.6484375 0.0265625 0.01875
1 0.84921875 0.3078125 0.0203125 0.0140625
1 0.4640625 0.28828125 0.0203125 0.0125
1 0.1859375 0.35390625 0.021875 0.015625
1 0.4265625 0.29765625 0.021875 0.0140625
1 0.28046875 0.86484375 0.021875 0.0140625
1 0.90546875 0.3578125 0.021875 0.015625
1 0.4640625 0.30234375 0.021875 0.0140625
1 0.87578125 0.31484375 0.021875 0.015625
1 0.92890625 0.58125 0.0234375 0.01875
1 0.21953125 0.86953125 0.021875 0.015625
1 0.91640625 0.39296875 0.0234375 0.015625
1 0.65625 0.29921875 0.0203125 0.0140625
1 0.47109375 0.30859375 0.021875 0.0140625
1 0.61484375 0.28828125 0.0234375 0.0171875
1 0.9296875 0.3890625 0.0234375 0.01875
1 0.48359375 0.2796875 0.021875 0.015625
1 0.92734375 0.32890625 0.0234375 0.0171875
1 0.63984375 0.90859375 0.0265625 0.0171875
1 0.1390625 0.884375 0.0234375 0.01875
1 0.85390625 0.41328125 0.0234375 0.015625
1 0.87734375 0.57421875 0.021875 0.0140625
1 0.82109375 0.38671875 0.021875 0.0140625
1 0.3984375 0.32265625 0.021875 0.0125
1 0.14140625 0.86796875 0.0203125 0.015625
1 0.66875 0.3046875 0.021875 0.0140625
1 0.45234375 0.259375 0.021875 0.0140625
1 0.05390625 0.60078125 0.0265625 0.015625
1 0.88359375 0.31015625 0.0203125 0.0140625
1 0.36953125 0.26484375 0.0203125 0.0125
1 0.15859375 0.471875 0.0234375 0.0171875
1 0.37890625 0.89375 0.0265625 0.01875
1 0.68828125 0.396875 0.0234375 0.015625
1 0.04140625 0.37109375 0.025 0.015625
1 0.64375 0.29296875 0.0203125 0.0140625
1 0.9796875 0.37421875 0.021875 0.0140625
1 0.43203125 0.31328125 0.0203125 0.0125
1 0.659375 0.37890625 0.021875 0.015625
1 0.70234375 0.39765625 0.0234375 0.0171875
1 0.35625 0.41484375 0.025 0.01875
1 0.346875 0.2625 0.01875 0.0125
1 0.49921875 0.89375 0.0203125 0.0125
1 0.21875 0.85546875 0.0203125 0.0140625
1 0.89921875 0.321875 0.0203125 0.0109375
1 0.57578125 0.2671875 0.0203125 0.0140625
1 0.91640625 0.30546875 0.0203125 0.0140625
1 0.47421875 0.26015625 0.021875 0.015625
1 0.35859375 0.89375 0.025 0.015625
1 0.8609375 0.9875 0.034375 0.025
1 0.02265625 0.90546875 0.0296875 0.028125
1 0.23984375 0.86328125 0.01875 0.0125
1 0.1515625 0.84921875 0.0203125 0.0109375
4 0.0453125 0.534375 0.090625 0.140625
1 0.4046875 0.25859375 0.0203125 0.0140625
1 0.6578125 0.2828125 0.0203125 0.0125
1 0.68671875 0.88359375 0.0203125 0.0125
1 0.4953125 0.26875 0.0203125 0.0125
1 0.790625 0.88828125 0.0203125 0.0109375
1 0.978125 0.63515625 0.0234375 0.0140625
1 0.50390625 0.2671875 0.0203125 0.0125
1 0.55 0.2671875 0.021875 0.0125
1 0.86484375 0.2875 0.0203125 0.0125
1 0.85625 0.91015625 0.025 0.01875
1 0.625 0.284375 0.0234375 0.0140625
1 0.3875 0.2625 0.021875 0.0125
1 0.2671875 0.853125 0.021875 0.0109375
1 0.95859375 0.36484375 0.025 0.0171875
1 0.30234375 0.3625 0.0203125 0.0125
1 0.5765625 0.62578125 0.0234375 0.0125
1 0.51171875 0.29375 0.0234375 0.0140625
1 0.11953125 0.2671875 0.025 0.0140625
1 0.9921875 0.396875 0.015625 0.015625
1 0.89921875 0.30234375 0.021875 0.0140625
1 0.959375 0.38046875 0.0203125 0.0140625
4 0.08359375 0.28984375 0.0640625 0.0859375
1 0.5265625 0.8796875 0.0203125 0.0109375
1 0.41796875 0.2546875 0.0203125 0.0125
1 0.0171875 0.34609375 0.021875 0.0125
1 0.83046875 0.8953125 0.0203125 0.015625
1 0.0515625 0.3703125 0.0265625 0.015625
1 0.9265625 0.5671875 0.025 0.0171875
1 0.678125 0.9078125 0.028125 0.01875
1 0.234375 0.8625 0.021875 0.0140625
1 0.0328125 0.3578125 0.0203125 0.0125
1 0.57578125 0.63828125 0.0234375 0.0109375
1 0.06328125 0.371875 0.021875 0.0125
1 0.88125 0.58828125 0.0203125 0.0125
1 0.88125 0.9921875 0.034375 0.015625
1 0.5609375 0.2609375 0.021875 0.0125
1 0.4375 0.25546875 0.021875 0.0125
1 0.128125 0.25703125 0.0234375 0.0140625
4 0.421875 0.85390625 0.09375 0.1
1 0.8546875 0.275 0.0203125 0.009375
1 0.37578125 0.25 0.0203125 0.0125
0 0.05234375 0.146875 0.021875 0.0140625
1 0.67734375 0.378125 0.025 0.01875
1 0.80703125 0.88828125 0.021875 0.0125
1 0.77421875 0.8875 0.0234375 0.0125
1 0.03515625 0.871875 0.0234375 0.0203125
1 0.64296875 0.278125 0.021875 0.0140625
1 0.7953125 0.66484375 0.0203125 0.009375
1 0.1484375 0.6296875 0.021875 0.009375
1 0.296875 0.33359375 0.021875 0.0140625
1 0.0796875 0.34453125 0.0234375 0.0140625
1 0.83125 0.2796875 0.021875 0.009375