0 0.21953125 0.1921875 0.01015625 0.0171875
4 0.63359375 0.35234375 0.0640625 0.08046875
0 0.190625 0.1078125 0.01171875 0.02109375
0 0.23828125 0.1796875 0.01015625 0.01796875
4 0.659375 0.29375 0.0703125 0.0734375
0 0.19609375 0.03515625 0.01171875 0.02265625
0 0.17265625 0.1203125 0.00859375 0.0171875
0 0.171875 0.16015625 0.0109375 0.01953125
0 0.25703125 0.221875 0.01015625 0.01875
0 0.75625 0.2296875 0.01171875 0.01953125
0 0.0828125 0.165625 0.01640625 0.0296875
0 0.2546875 0.81953125 0.0125 0.0203125
0 0.275 0.178125 0.0109375 0.01796875
0 0.22734375 0.15546875 0.01015625 0.01953125
3 0.165625 0.3125 0.06171875 0.08984375
0 0.10078125 0.14609375 0.0125 0.0234375
3 0.234375 0.8609375 0.06015625 0.06328125
0 0.2984375 0.265625 0.0109375 0.01796875
0 0.1875 0.16953125 0.01015625 0.01796875
0 0.0703125 0.2296875 0.0125 0.0203125
0 0.1640625 0.1953125 0.01015625 0.0171875
0 0.23046875 0.22265625 0.00625 0.01640625
0 0.2140625 0.159375 0.0109375 0.01875
0 0.1546875 0.05234375 0.0140625 0.02734375
0 0.17265625 0.21953125 0.00859375 0.015625
0 0.36875 0.71875 0.0140625 0.0234375
0 0.284375 0.7140625 0.0140625 0.028125
0 0.128125 0.090625 0.01484375 0.021875
0 0.1734375 0.1359375 0.00859375 0.0140625
1 0.2890625 0.4921875 0.01171875 0.01953125
0 0.1765625 0.2046875 0.01171875 0.01953125
0 0.0875 0.16484375 0.0140625 0.0296875
0 0.27421875 0.740625 0.01171875 0.02578125
2 0.7625 0.21328125 0.0859375 0.0625
1 0.43125 0.3515625 0.0078125 0.01640625
0 0.12421875 0.0359375 0.0125 0.021875
1 0.50546875 0.30234375 0.0078125 0.01484375
1 0.56328125 0.38046875 0.009375 0.015625
1 0.2953125 0.490625 0.009375 0.01875
1 0.346875 0.39453125 0.0109375 0.01796875
1 0.578125 0.2796875 0.00703125 0.0140625
1 0.3625 0.48984375 0.01015625 0.0203125
1 0.2921875 0.434375 0.0109375 0.015625
1 0.3 0.453125 0.01015625 0.01796875
0 0.196875 0.12734375 0.009375 0.01640625
0 0.18671875 0.20546875 0.0109375 0.01796875
0 0.1125 0.11171875 0.0125 0.01875
1 0.303125 0.4203125 0.01015625 0.01640625
1 0.56328125 0.86015625 0.003125 0.00859375
0 0.209375 0.14140625 0.009375 0.015625
0 0.153125 0.009375 0.0125 0.01796875
1 0.58046875 0.42421875 0.009375 0.01796875
1 0.3328125 0.3953125 0.01015625 0.01484375
1 0.71484375 0.56953125 0.0125 0.0234375
0 0.18359375 0.00859375 0.01171875 0.015625
1 0.35859375 0.5609375 0.01328125 0.02109375
0 0.18671875 0.0703125 0.0109375 0.01796875
0 0.26953125 0.20234375 0.009375 0.01640625
1 0.575 0.4015625 0.009375 0.015625
0 0.32421875 0.79140625 0.01015625 0.01640625
1 0.4078125 0.44375 0.0109375 0.01953125
1 0.1671875 0.92734375 0.015625 0.02578125
1 0.3546875 0.35 0.009375 0.0140625
1 0.97578125 0.51875 0.01015625 0.015625
1 0.42109375 0.490625 0.0109375 0.02109375
1 0.0828125 0.509375 0.01328125 0.01875
1 0.528125 0.3703125 0.01015625 0.01640625
1 0.578125 0.2984375 0.00703125 0.01328125
1 0.69921875 0.59921875 0.01328125 0.0234375
1 0.4515625 0.3375 0.00859375 0.0125
0 0.2234375 0.21328125 0.0078125 0.01328125
1 0.5484375 0.26796875 0.00703125 0.01328125
1 0.340625 0.29140625 0.00703125 0.01484375
0 0.38515625 0.7109375 0.0140625 0.02109375
1 0.38515625 0.3390625 0.00703125 0.0140625
1 0.41875 0.4234375 0.01015625 0.01875
0 0.1734375 0.240625 0.01015625 0.01796875
1 0.9328125 0.3375 0.0046875 0.01015625
4 0.92890625 0.4765625 0.11171875 0.1296875
1 0.109375 0.3953125 0.00859375 0.0171875
1 0.29296875 0.41796875 0.01015625 0.01171875
1 0.9328125 0.878125 0.0078125 0.01640625
1 0.73515625 0.546875 0.0125 0.021875
1 0.4859375 0.3484375 0.00703125 0.01328125
1 0.70703125 0.4484375 0.0109375 0.01875
0 0.26484375 0.78203125 0.0109375 0.01484375
1 0.43203125 0.328125 0.009375 0.01328125
1 0.7390625 0.93671875 0.01484375 0.03515625
0 0.24375 0.77265625 0.009375 0.01796875
1 0.48125 0.3203125 0.009375 0.0203125
0 0.2234375 0.13515625 0.00859375 0.01640625
0 0.275 0.16015625 0.0109375 0.0171875
1 0.4078125 0.28046875 0.00703125 0.01328125
1 0.68515625 0.38515625 0.01015625 0.0171875
0 0.45390625 0.76875 0.0078125 0.01640625
1 0.371875 0.33515625 0.00859375 0.015625
1 0.4140625 0.44609375 0.00625 0.01640625
0 0.26796875 0.76875 0.00859375 0.01328125
0 0.19296875 0.0859375 0.0078125 0.0140625
1 0.68046875 0.5609375 0.0125 0.021875
1 0.1703125 0.39375 0.00859375 0.0140625
1 0.5328125 0.33828125 0.009375 0.01484375
1 0.875 0.3484375 0.01015625 0.01328125
1 0.1328125 0.946875 0.0171875 0.03515625
1 0.5546875 0.2640625 0.00625 0.0125
1 0.33359375 0.31796875 0.0078125 0.01484375
0 0.25234375 0.1984375 0.01171875 0.0140625
1 0.2171875 0.8953125 0.01015625 0.0171875
1 0.4421875 0.3328125 0.00859375 0.0125
1 0.846875 0.8828125 0.00859375 0.0140625
1 0.6109375 0.2640625 0.00859375 0.01171875
1 0.3578125 0.37421875 0.01171875 0.015625
1 0.92265625 0.87578125 0.00703125 0.01328125
0 0.184375 0.26328125 0.00859375 0.0140625
1 0.4859375 0.265625 0.00703125 0.01015625
1 0.28828125 0.90078125 0.009375 0.0171875
1 0.89375 0.29765625 0.00703125 0.01328125
0 0.06328125 0.3328125 0.01015625 0.01953125
1 0.3765625 0.53671875 0.01171875 0.0203125
0 0.0578125 0.31953125 0.0078125 0.0125
1 0.91796875 0.9453125 0.0109375 0.01328125
0 0.21953125 0.0671875 0.00625 0.0109375
1 0.471875 0.33828125 0.01015625 0.01328125
1 0.3375 0.4125 0.0078125 0.01640625
1 0.57890625 0.25859375 0.00703125 0.0125
1 0.915625 0.32578125 0.009375 0.0125
1 0.509375 0.259375 0.009375 0.0140625
0 0.7671875 0.2296875 0.01015625 0.01875
1 0.6078125 0.2625 0.00390625 0.0078125
1 0.36484375 0.37265625 0.0109375 0.01640625
1 0.47890625 0.8921875 0.00859375 0.0109375
1 0.4625 0.88828125 0.0046875 0.00625
0 0.2625 0.76796875 0.01015625 0.01328125
1 0.3765625 0.36328125 0.0109375 0.01484375
0 0.1625 0.26875 0.01015625 0.01328125
1 0.3078125 0.4390625 0.009375 0.01484375
1 0.29609375 0.40234375 0.0078125 0.01171875
0 0.19375 0.1078125 0.00859375 0.01875
3 0.0609375 0.45625 0.09609375 0.1234375
1 0.43046875 0.3203125 0.00859375 0.0140625
1 0.3328125 0.4140625 0.01015625 0.01484375
0 0.1625 0.25390625 0.01015625 0.01171875
1 0.3171875 0.3984375 0.0109375 0.015625
1 0.4109375 0.39765625 0.0109375 0.01796875
1 0.20234375 0.91171875 0.0125 0.01875
0 0.2546875 0.8015625 0.01171875 0.01484375
1 0.58359375 0.871875 0.0078125 0.01015625