0 0.7984375 0.22734375 0.03125 0.0265625
3 0.2484375 0.83203125 0.0890625 0.084375
0 0.23515625 0.14140625 0.0328125 0.0234375
0 0.80390625 0.17578125 0.0328125 0.025
0 0.84453125 0.209375 0.03125 0.0234375
0 0.2171875 0.1078125 0.03125 0.025
0 0.82734375 0.03359375 0.0328125 0.025
0 0.8609375 0.034375 0.0328125 0.028125
0 0.83671875 0.20390625 0.0296875 0.025
3 0.17265625 0.36640625 0.1015625 0.103125
0 0.25390625 0.15390625 0.0328125 0.0265625
0 0.85703125 0.14765625 0.0328125 0.0265625
0 0.828125 0.08359375 0.0296875 0.0234375
0 0.84375 0.146875 0.0328125 0.025
4 0.8515625 0.3578125 0.075 0.0875
0 0.246875 0.134375 0.0328125 0.025
0 0.8328125 0.12890625 0.0328125 0.0234375
4 0.76640625 0.8546875 0.084375 0.0671875
0 0.80546875 0.171875 0.0296875 0.025
0 0.215625 0.05390625 0.03125 0.0265625
1 0.08203125 0.39765625 0.03125 0.0234375
1 0.290625 0.4828125 0.0328125 0.0265625
0 0.14375 0.09296875 0.0359375 0.0296875
1 0.46953125 0.440625 0.0328125 0.025
0 0.76015625 0.79609375 0.0328125 0.025
1 0.35546875 0.47109375 0.0328125 0.0265625
0 0.05 0.29453125 0.034375 0.028125
0 0.19453125 0.03515625 0.034375 0.0265625
1 0.29921875 0.4296875 0.03125 0.0234375
0 0.259375 0.18125 0.028125 0.021875
1 0.45859375 0.43828125 0.03125 0.0234375
0 0.8078125 0.06640625 0.0296875 0.0203125
1 0.10390625 0.4078125 0.03125 0.0234375
0 0.7484375 0.75859375 0.0296875 0.0234375
1 0.57734375 0.4859375 0.0328125 0.028125
1 0.7390625 0.5796875 0.034375 0.0296875
1 0.90234375 0.353125 0.0296875 0.01875
0 0.8234375 0.03359375 0.0328125 0.025
1 0.46953125 0.41875 0.03125 0.025
0 0.18125 0.14609375 0.0328125 0.0234375
1 0.46953125 0.3671875 0.03125 0.025
1 0.6453125 0.578125 0.0359375 0.03125
1 0.959375 0.37734375 0.03125 0.021875
1 0.9453125 0.3953125 0.03125 0.021875
1 0.6984375 0.50859375 0.0328125 0.0265625
1 0.634375 0.371875 0.028125 0.0203125
0 0.83671875 0.0671875 0.0328125 0.0234375
0 0.84609375 0.03046875 0.034375 0.028125
1 0.56953125 0.41015625 0.0296875 0.021875
1 0.125 0.62734375 0.0328125 0.0203125
1 0.09765625 0.846875 0.0296875 0.021875
1 0.546875 0.38984375 0.0296875 0.0203125
1 0.68203125 0.5046875 0.03125 0.025
1 0.42421875 0.42734375 0.0265625 0.0203125
1 0.36875 0.43515625 0.0296875 0.021875
0 0.24765625 0.23203125 0.0265625 0.0203125
1 0.90390625 0.3765625 0.0296875 0.0203125
1 0.58359375 0.5109375 0.0328125 0.028125
4 0.76953125 0.484375 0.1328125 0.146875
0 0.865625 0.0734375 0.0359375 0.0234375
1 0.45703125 0.39140625 0.0296875 0.0203125
0 0.27109375 0.184375 0.028125 0.0203125
1 0.62578125 0.38828125 0.028125 0.0203125
1 0.3578125 0.36171875 0.0296875 0.01875
1 0.871875 0.615625 0.0328125 0.01875
1 0.3765625 0.36328125 0.0296875 0.01875
1 0.615625 0.31015625 0.0265625 0.01875
1 0.61328125 0.64140625 0.03125 0.028125
1 0.0546875 0.40078125 0.0328125 0.0234375
1 0.33984375 0.88828125 0.0296875 0.0265625
1 0.49453125 0.39140625 0.03125 0.021875
1 0.5875 0.546875 0.034375 0.0265625
1 0.13828125 0.8640625 0.0296875 0.021875
1 0.0734375 0.3609375 0.0296875 0.0203125
1 0.525 0.31875 0.0265625 0.0171875
1 0.88125 0.33359375 0.0265625 0.01875
1 0.496875 0.3703125 0.03125 0.0234375
1 0.55 0.621875 0.0375 0.0296875
1 0.53984375 0.36640625 0.028125 0.0203125
1 0.98671875 0.43359375 0.0265625 0.0234375
1 0.20625 0.86953125 0.0328125 0.025
1 0.465625 0.50703125 0.03125 0.025
1 0.62890625 0.346875 0.028125 0.0203125
1 0.56171875 0.5453125 0.034375 0.028125
1 0.609375 0.53359375 0.0328125 0.028125
1 0.49453125 0.31875 0.0265625 0.01875
1 0.6515625 0.52421875 0.034375 0.028125
1 0.40078125 0.34296875 0.028125 0.0203125
1 0.88828125 0.88671875 0.028125 0.021875
1 0.3640625 0.29375 0.028125 0.01875
1 0.56171875 0.3328125 0.028125 0.015625
1 0.38125 0.35078125 0.0265625 0.015625
1 0.4359375 0.3359375 0.0296875 0.0203125
3 0.20234375 0.81484375 0.059375 0.046875
1 0.7515625 0.61015625 0.03125 0.01875
1 0.8765625 0.93359375 0.0359375 0.03125
1 0.2875 0.821875 0.028125 0.0203125
1 0.4 0.328125 0.028125 0.01875
1 0.60078125 0.41171875 0.0296875 0.0203125
1 0.1125 0.8859375 0.034375 0.03125
1 0.37578125 0.490625 0.0328125 0.0265625
1 0.5921875 0.4671875 0.0328125 0.0234375
1 0.66953125 0.553125 0.0359375 0.0265625
1 0.63828125 0.3546875 0.028125 0.0203125
1 0.61640625 0.3984375 0.0296875 0.0203125
1 0.36484375 0.38984375 0.03125 0.0234375
1 0.38046875 0.32578125 0.0265625 0.01875
1 0.66953125 0.384375 0.03125 0.0203125
0 0.8578125 0.11484375 0.0328125 0.025
1 0.5171875 0.35546875 0.028125 0.01875
1 0.6421875 0.3234375 0.028125 0.0203125
1 0.165625 0.86328125 0.03125 0.0234375
1 0.57578125 0.35 0.0296875 0.0203125
0 0.8671875 0.1484375 0.034375 0.025
1 0.0203125 0.41484375 0.028125 0.021875
1 0.56015625 0.484375 0.0328125 0.025
1 0.08125 0.375 0.03125 0.021875
1 0.51328125 0.37421875 0.0296875 0.021875
1 0.92890625 0.9390625 0.040625 0.034375
1 0.3109375 0.33359375 0.0328125 0.021875
1 0.1171875 0.465625 0.0328125 0.025
0 0.853125 0.06953125 0.03125 0.025
2 0.2609375 0.2140625 0.1109375 0.059375
1 0.4875 0.35078125 0.03125 0.021875
1 0.5328125 0.43359375 0.0296875 0.021875
1 0.35390625 0.34296875 0.028125 0.0203125
1 0.55234375 0.3265625 0.0296875 0.01875
1 0.5671875 0.3234375 0.0265625 0.0171875
1 0.0625 0.853125 0.0296875 0.025
1 0.56875 0.4328125 0.0296875 0.025
1 0.5453125 0.409375 0.0296875 0.0203125
1 0.07421875 0.9484375 0.04375 0.0484375
1 0.703125 0.41171875 0.028125 0.0203125
1 0.75078125 0.64375 0.0359375 0.0296875
1 0.675 0.4765625 0.03125 0.025
1 0.63984375 0.64140625 0.034375 0.025
1 0.58515625 0.32578125 0.0296875 0.0171875
1 0.11953125 0.309375 0.028125 0.01875
0 0.40078125 0.784375 0.03125 0.021875
1 0.38828125 0.60390625 0.028125 0.01875
1 0.11484375 0.85234375 0.028125 0.0203125
1 0.70234375 0.6328125 0.0375 0.0328125
0 0.721875 0.3453125 0.03125 0.0234375
1 0.575 0.33046875 0.03125 0.0203125
1 0.27109375 0.503125 0.028125 0.0203125
1 0.28984375 0.8546875 0.0296875 0.021875
1 0.58984375 0.3375 0.028125 0.01875
1 0.42578125 0.31640625 0.0296875 0.01875
1 0.259375 0.51796875 0.0296875 0.0265625
1 0.8640625 0.871875 0.0296875 0.021875
1 0.91328125 0.325 0.028125 0.0203125
1 0.3828125 0.33671875 0.0296875 0.0171875
1 0.628125 0.36171875 0.028125 0.01875
1 0.090625 0.334375 0.028125 0.0203125
1 0.71015625 0.41796875 0.028125 0.0171875
1 0.71953125 0.34375 0.0265625 0.0203125
1 0.42421875 0.3625 0.028125 0.0203125
1 0.4375 0.49921875 0.034375 0.0296875
1 0.6984375 0.38515625 0.028125 0.0203125
1 0.940625 0.58984375 0.0296875 0.0234375
0 0.2609375 0.20546875 0.028125 0.0203125
1 0.37734375 0.3796875 0.03125 0.0234375
3 0.05625 0.49921875 0.1125 0.1484375
3 0.41484375 0.890625 0.140625 0.1703125