2 0.76328125 0.215625 0.08828125 0.0625
2 0.24609375 0.20859375 0.090625 0.05703125
3 0.39453125 0.26953125 0.06640625 0.10078125
4 0.35546875 0.51015625 0.07734375 0.13515625
3 0.14375 0.3578125 0.06953125 0.10078125
4 0.86640625 0.45859375 0.09375 0.109375
1 0.7109375 0.4828125 0.0109375 0.0203125
1 0.31875 0.45546875 0.0109375 0.01796875
1 0.95390625 0.4015625 0.009375 0.01640625
1 0.621875 0.49140625 0.01171875 0.0203125
3 0.771875 0.85390625 0.05859375 0.05625
1 0.66484375 0.46328125 0.0109375 0.01796875
1 0.5984375 0.32265625 0.00859375 0.015625
3 0.259375 0.86640625 0.09140625 0.09375
1 0.034375 0.43125 0.01015625 0.0171875
1 0.73828125 0.56328125 0.0125 0.02265625
1 0.0796875 0.42578125 0.0109375 0.0171875
1 0.959375 0.50390625 0.0125 0.01953125
1 0.3328125 0.40546875 0.009375 0.01640625
1 0.271875 0.51875 0.01171875 0.01796875
1 0.5703125 0.4375 0.01015625 0.01953125
1 0.28984375 0.54375 0.0125 0.021875
1 0.08203125 0.38203125 0.009375 0.015625
1 0.8359375 0.39296875 0.009375 0.01640625
1 0.2859375 0.60625 0.01328125 0.02109375
1 0.51875 0.46171875 0.0109375 0.0203125
1 0.93515625 0.4265625 0.01015625 0.01796875
1 0.65703125 0.32109375 0.0078125 0.01484375
1 0.2859375 0.43515625 0.01015625 0.01640625
1 0.49453125 0.5078125 0.01171875 0.0203125
1 0.0578125 0.3796875 0.009375 0.015625
1 0.8234375 0.35078125 0.009375 0.01484375
1 0.49765625 0.34453125 0.00859375 0.015625
1 0.50234375 0.43125 0.01015625 0.01640625
1 0.275 0.46484375 0.01171875 0.01796875
1 0.06171875 0.446875 0.0109375 0.01796875
1 0.87734375 0.3328125 0.00859375 0.01484375
1 0.340625 0.88984375 0.0109375 0.0171875
1 0.90546875 0.9296875 0.0140625 0.0234375
1 0.9875 0.38046875 0.01015625 0.01484375
1 0.646875 0.2703125 0.0078125 0.0125
1 0.01484375 0.44609375 0.0109375 0.0171875
1 0.91640625 0.38828125 0.0109375 0.01875
1 0.47890625 0.29296875 0.0078125 0.0140625
1 0.58125 0.2765625 0.00859375 0.0140625
1 0.24765625 0.52734375 0.01171875 0.0203125
1 0.9328125 0.340625 0.00859375 0.0140625
1 0.30390625 0.42109375 0.0109375 0.0171875
1 0.1890625 0.315625 0.0078125 0.0140625
1 0.834375 0.315625 0.00859375 0.01328125
1 0.11875 0.290625 0.0078125 0.01328125
1 0.48046875 0.44921875 0.01015625 0.01875
1 0.8125 0.3703125 0.009375 0.015625
1 0.490625 0.64609375 0.01015625 0.01328125
1 0.14140625 0.63984375 0.0140625 0.0234375
1 0.00625 0.43359375 0.0109375 0.015625
1 0.784375 0.88046875 0.00859375 0.0140625
1 0.421875 0.64296875 0.0125 0.0171875
1 0.178125 0.3578125 0.0078125 0.015625
1 0.55625 0.2734375 0.00703125 0.01328125
1 0.85 0.3328125 0.00859375 0.01484375
1 0.30703125 0.44140625 0.0078125 0.0125
1 0.01015625 0.4015625 0.00859375 0.01484375
4 0.640625 0.87578125 0.09453125 0.0828125
1 0.01484375 0.41953125 0.0109375 0.015625
1 0.85546875 0.271875 0.0078125 0.01328125
1 0.45390625 0.3375 0.00859375 0.01640625
1 0.4546875 0.31015625 0.00859375 0.01484375
1 0.8140625 0.909375 0.01171875 0.02109375
1 0.93203125 0.9109375 0.01171875 0.01796875
1 0.15390625 0.9234375 0.015625 0.02421875
1 0.334375 0.36640625 0.01015625 0.015625
1 0.9078125 0.29453125 0.0078125 0.01328125
1 0.04140625 0.4109375 0.0109375 0.01796875
1 0.28671875 0.4515625 0.01171875 0.0171875
1 0.91796875 0.31640625 0.00703125 0.0140625
1 0.66328125 0.365625 0.009375 0.0140625
1 0.8359375 0.89609375 0.01015625 0.01796875
1 0.80234375 0.41953125 0.0109375 0.015625
1 0.02734375 0.36875 0.01171875 0.01875
1 0.83515625 0.2890625 0.0078125 0.0125
1 0.50390625 0.41015625 0.009375 0.01640625
1 0.6265625 0.26953125 0.00703125 0.01171875
1 0.321875 0.41015625 0.0109375 0.0171875
1 0.16875 0.94453125 0.015625 0.02109375
1 0.17265625 0.88828125 0.0078125 0.01484375
1 0.35234375 0.29453125 0.0078125 0.01171875
1 0.8453125 0.8953125 0.009375 0.0171875
1 0.80859375 0.8671875 0.00625 0.0109375
1 0.5484375 0.2578125 0.00859375 0.0125
1 0.2984375 0.453125 0.01171875 0.0171875
1 0.09375 0.34921875 0.009375 0.01484375
1 0.55 0.3375 0.01015625 0.01484375
1 0.6953125 0.8828125 0.00859375 0.0125
1 0.0625 0.42890625 0.0125 0.0171875
1 0.915625 0.33203125 0.009375 0.01484375
1 0.96015625 0.35390625 0.01015625 0.0140625
1 0.32734375 0.3359375 0.00859375 0.01484375
1 0.9265625 0.31796875 0.01015625 0.01328125
1 0.9484375 0.940625 0.01328125 0.0203125
1 0.01171875 0.378125 0.0125 0.01796875
1 0.1 0.3796875 0.01015625 0.01328125
1 0.34296875 0.29296875 0.0078125 0.01328125
1 0.28671875 0.5125 0.01171875 0.01875
1 0.696875 0.8984375 0.0109375 0.01796875
1 0.925 0.9328125 0.01328125 0.02109375
1 0.48046875 0.25703125 0.00703125 0.0125
1 0.93671875 0.99140625 0.01875 0.015625
1 0.95078125 0.33515625 0.009375 0.01328125
1 0.93359375 0.89296875 0.01015625 0.01640625
1 0.8671875 0.88046875 0.00703125 0.01171875
1 0.10703125 0.28046875 0.00703125 0.01171875
1 0.14453125 0.26875 0.00859375 0.0109375
1 0.27734375 0.48984375 0.0125 0.01796875
1 0.6171875 0.26953125 0.0078125 0.01171875
1 0.08125 0.35078125 0.009375 0.01484375
1 0.81015625 0.265625 0.0078125 0.01171875
1 0.690625 0.378125 0.01015625 0.01640625
1 0.19609375 0.94375 0.01640625 0.02578125
1 0.60703125 0.26484375 0.0078125 0.0125
1 0.21796875 0.89765625 0.0109375 0.01875
1 0.2140625 0.9328125 0.01484375 0.0265625
1 0.86875 0.90234375 0.0078125 0.01484375
1 0.884375 0.28515625 0.00859375 0.0125
1 0.1015625 0.39140625 0.01015625 0.01484375
1 0.10703125 0.978125 0.01875 0.02421875
1 0.46640625 0.87109375 0.00546875 0.009375
1 0.90234375 0.88046875 0.00625 0.0125
1 0.31953125 0.33359375 0.0078125 0.01484375
1 0.06640625 0.35859375 0.009375 0.01640625
1 0.19765625 0.89609375 0.0109375 0.01484375
1 0.7078125 0.36640625 0.01015625 0.0171875
1 0.55625 0.87265625 0.0078125 0.01328125
1 0.07578125 0.93046875 0.0140625 0.02265625
1 0.765625 0.87734375 0.0078125 0.01328125
1 0.803125 0.40078125 0.009375 0.0109375
1 0.671875 0.3609375 0.009375 0.01640625
1 0.2640625 0.4921875 0.01171875 0.0140625
1 0.24453125 0.921875 0.0171875 0.025
1 0.46328125 0.265625 0.0078125 0.0125
1 0.18203125 0.9296875 0.0140625 0.02109375
1 0.7265625 0.871875 0.0078125 0.01484375
1 0.3203125 0.3828125 0.01015625 0.01640625
1 0.58125 0.25859375 0.009375 0.0125
1 0.32421875 0.3703125 0.009375 0.0125
1 0.8390625 0.28125 0.00703125 0.01171875
1 0.91640625 0.8828125 0.00859375 0.01328125
1 0.34765625 0.28203125 0.009375 0.0125
1 0.74140625 0.88828125 0.009375 0.0171875
1 0.321875 0.35234375 0.01015625 0.01640625
1 0.09609375 0.32109375 0.01171875 0.01796875
1 0.83828125 0.87734375 0.009375 0.01484375
1 0.17109375 0.971875 0.01875 0.02421875
1 0.8796875 0.2734375 0.0078125 0.0125
1 0.12265625 0.2640625 0.0078125 0.01328125
1 0.296875 0.39921875 0.00859375 0.01328125
1 0.35625 0.28125 0.0078125 0.0125
1 0.43515625 0.2671875 0.00625 0.01171875
1 0.48125 0.89296875 0.009375 0.01171875
1 0.81640625 0.26875 0.0078125 0.0125
1 0.25859375 0.921875 0.0140625 0.02421875
1 0.05078125 0.3671875 0.01171875 0.01484375
1 0.1453125 0.89296875 0.01171875 0.01796875
1 0.11484375 0.2625 0.0078125 0.0140625
1 0.26328125 0.48046875 0.01171875 0.0125
1 0.32265625 0.2578125 0.00703125 0.01171875
1 0.23046875 0.89765625 0.01171875 0.01875
1 0.1609375 0.98984375 0.01953125 0.0203125
1 0.10625 0.9953125 0.01484375 0.00859375
1 0.09296875 0.3359375 0.009375 0.01015625
1 0.26796875 0.503125 0.01171875 0.01484375
1 0.04765625 0.97109375 0.0140625 0.01796875
1 0.09140625 0.3 0.0078125 0.0109375
1 0.97109375 0.97578125 0.01640625 0.03125
1 0.75234375 0.88359375 0.0109375 0.01328125
1 0.13359375 0.91328125 0.01328125 0.02265625
1 0.09375 0.278125 0.0078125 0.0109375
1 0.11328125 0.9234375 0.015625 0.021875
1 0.0671875 0.9828125 0.0203125 0.03125
0 0.6421875 0.9890625 0.0203125 0.02109375
1 0.42734375 0.28515625 0.01015625 0.0171875
1 0.07265625 0.33671875 0.009375 0.01796875
1 0.8890625 0.27421875 0.00859375 0.0125
1 0.271875 0.65 0.0078125 0.01015625