2 0.7546875 0.20546875 0.1171875 0.0671875
4 0.49921875 0.3390625 0.103125 0.084375
3 0.84765625 0.32578125 0.1015625 0.090625
1 0.72734375 0.86796875 0.040625 0.0203125
1 0.878125 0.41015625 0.040625 0.01875
1 0.1625 0.58671875 0.04375 0.025
3 0.80625 0.825 0.1 0.06875
1 0.6265625 0.434375 0.0390625 0.01875
1 0.91796875 0.40234375 0.040625 0.0203125
1 0.259375 0.44140625 0.040625 0.0203125
4 0.1984375 0.8453125 0.065625 0.05
1 0.08125 0.52265625 0.0421875 0.021875
1 0.6078125 0.45078125 0.040625 0.0203125
1 0.8265625 0.421875 0.040625 0.01875
1 0.109375 0.4734375 0.040625 0.01875
1 0.6578125 0.54609375 0.0421875 0.025
1 0.69609375 0.509375 0.040625 0.0234375
1 0.7296875 0.534375 0.0421875 0.025
1 0.69375 0.4109375 0.0390625 0.01875
1 0.4109375 0.8984375 0.0421875 0.025
1 0.69609375 0.5640625 0.0421875 0.025
1 0.715625 0.84296875 0.0359375 0.015625
1 0.06796875 0.44453125 0.0390625 0.0171875
1 0.17734375 0.4 0.0375 0.0171875
0 0.2171875 0.19375 0.040625 0.0203125
1 0.659375 0.44296875 0.040625 0.0203125
1 0.11640625 0.52109375 0.0421875 0.0203125
1 0.3796875 0.90703125 0.0421875 0.0203125
1 0.1640625 0.35546875 0.0375 0.015625
1 0.390625 0.51875 0.040625 0.021875
2 0.23203125 0.23984375 0.121875 0.053125
1 0.5703125 0.446875 0.040625 0.0203125
1 0.38203125 0.425 0.0375 0.015625
1 0.1453125 0.95625 0.0484375 0.034375
1 0.78515625 0.87109375 0.040625 0.021875
1 0.9453125 0.384375 0.040625 0.01875
1 0.453125 0.4109375 0.0390625 0.01875
1 0.3765625 0.48671875 0.040625 0.021875
1 0.1171875 0.50390625 0.0390625 0.0171875
1 0.53203125 0.4578125 0.040625 0.0171875
1 0.96328125 0.44765625 0.0421875 0.021875
1 0.35078125 0.41328125 0.0390625 0.0171875
1 0.35390625 0.50703125 0.040625 0.0234375
1 0.5 0.45703125 0.0390625 0.01875
0 0.06796875 0.21484375 0.0421875 0.0234375
1 0.575 0.37421875 0.0390625 0.0171875
1 0.16171875 0.40078125 0.0359375 0.015625
1 0.53125 0.38359375 0.0390625 0.01875
1 0.0609375 0.49609375 0.040625 0.021875
1 0.525 0.640625 0.040625 0.0203125
0 0.475 0.178125 0.0390625 0.021875
0 0.10078125 0.1640625 0.040625 0.021875
1 0.6609375 0.865625 0.040625 0.0203125
1 0.63828125 0.3203125 0.0375 0.015625
1 0.04375 0.46484375 0.040625 0.0203125
1 0.66875 0.478125 0.0421875 0.021875
1 0.44921875 0.39375 0.0375 0.015625
1 0.5265625 0.43515625 0.040625 0.0203125
1 0.66640625 0.41640625 0.0390625 0.01875
1 0.14375 0.38671875 0.0375 0.0171875
1 0.64609375 0.3609375 0.0375 0.0171875
1 0.57890625 0.44375 0.0390625 0.0203125
1 0.328125 0.37734375 0.0359375 0.015625
4 0.25 0.840625 0.071875 0.0453125
1 0.10859375 0.5609375 0.040625 0.01875
1 0.928125 0.3609375 0.0375 0.0171875
1 0.5734375 0.3171875 0.0359375 0.0140625
0 0.140625 0.140625 0.040625 0.021875
1 0.18125 0.8890625 0.040625 0.01875
1 0.20390625 0.909375 0.0421875 0.021875
1 0.86484375 0.85546875 0.0390625 0.01875
1 0.12265625 0.37109375 0.0375 0.015625
1 0.8375 0.409375 0.0390625 0.01875
1 0.5484375 0.43984375 0.0390625 0.01875
1 0.11171875 0.39453125 0.0390625 0.0171875
1 0.1671875 0.665625 0.0421875 0.0171875
0 0.0515625 0.271875 0.040625 0.0203125
1 0.22734375 0.94453125 0.0453125 0.0296875
1 0.3203125 0.46796875 0.040625 0.0203125
1 0.72109375 0.88984375 0.04375 0.01875
0 0.803125 0.196875 0.040625 0.021875
0 0.19296875 0.1640625 0.040625 0.01875
1 0.87734375 0.87734375 0.0421875 0.021875
1 0.471875 0.89921875 0.040625 0.021875
1 0.6671875 0.3984375 0.0390625 0.0140625
1 0.84453125 0.8671875 0.040625 0.021875
0 0.803125 0.7734375 0.0390625 0.021875
0 0.3171875 0.77734375 0.046875 0.034375
1 0.1875 0.91484375 0.0421875 0.0203125
0 0.08984375 0.18046875 0.040625 0.021875
0 0.1296875 0.1421875 0.040625 0.021875
1 0.37265625 0.3890625 0.0375 0.0171875
1 0.453125 0.440625 0.0390625 0.01875
1 0.2015625 0.871875 0.0359375 0.015625
1 0.06796875 0.4171875 0.0390625 0.01875
1 0.9859375 0.61875 0.028125 0.021875
1 0.34296875 0.4 0.0390625 0.015625
1 0.31953125 0.4015625 0.0390625 0.015625
1 0.94296875 0.346875 0.0390625 0.0171875
1 0.05234375 0.45390625 0.0390625 0.0171875
1 0.64375 0.38046875 0.0390625 0.01875
1 0.0953125 0.3984375 0.0390625 0.0171875
1 0.59609375 0.39921875 0.0390625 0.0171875
1 0.490625 0.37890625 0.0375 0.015625
1 0.86640625 0.8953125 0.04375 0.021875
1 0.8546875 0.85625 0.0390625 0.01875
1 0.5609375 0.353125 0.0359375 0.0171875
1 0.58828125 0.39140625 0.0375 0.01875
1 0.5921875 0.3546875 0.0390625 0.0171875
1 0.2359375 0.978125 0.0515625 0.0421875
1 0.6578125 0.37421875 0.0375 0.0171875
1 0.61328125 0.32265625 0.0375 0.015625
1 0.08046875 0.42578125 0.0390625 0.0203125
1 0.6703125 0.4578125 0.0390625 0.0171875
1 0.5484375 0.38125 0.0375 0.015625
1 0.60546875 0.3375 0.0375 0.015625
1 0.321875 0.3375 0.0375 0.015625
1 0.5453125 0.3328125 0.0359375 0.015625
1 0.4953125 0.39453125 0.0390625 0.0171875
3 0.02890625 0.51640625 0.0578125 0.1171875
1 0.10078125 0.37109375 0.0359375 0.0140625
1 0.3265625 0.45390625 0.0390625 0.01875
1 0.90859375 0.8484375 0.0390625 0.01875
1 0.465625 0.41171875 0.040625 0.01875
1 0.69453125 0.8640625 0.0390625 0.0203125
1 0.465625 0.39375 0.040625 0.0171875
1 0.30859375 0.35 0.0375 0.0203125
1 0.48515625 0.42734375 0.040625 0.01875
1 0.1296875 0.38828125 0.0390625 0.015625
1 0.14609375 0.88671875 0.0375 0.015625
1 0.1296875 0.88671875 0.0390625 0.0171875
0 0.03203125 0.32421875 0.040625 0.0203125
1 0.4609375 0.31796875 0.0359375 0.015625
1 0.6796875 0.39765625 0.0390625 0.015625
1 0.93125 0.33359375 0.0375 0.0171875
1 0.38828125 0.3703125 0.0359375 0.0140625
1 0.3390625 0.33828125 0.0375 0.015625
1 0.53984375 0.44609375 0.0390625 0.01875
1 0.9015625 0.890625 0.04375 0.025
1 0.91953125 0.303125 0.0390625 0.01875
1 0.48046875 0.39296875 0.040625 0.0171875
1 0.55703125 0.37265625 0.0390625 0.0171875
1 0.3828125 0.39921875 0.0390625 0.0171875
1 0.91953125 0.36328125 0.040625 0.01875
1 0.45 0.3796875 0.0359375 0.0140625
1 0.59609375 0.31953125 0.0375 0.0171875
1 0.66875 0.37578125 0.0390625 0.0171875
1 0.64375 0.30078125 0.0375 0.01875
1 0.7578125 0.83203125 0.034375 0.0125
1 0.1984375 0.965625 0.05 0.0375
1 0.01015625 0.465625 0.0203125 0.021875
1 0.55 0.84140625 0.0359375 0.0171875
1 0.31328125 0.44921875 0.0359375 0.0140625
1 0.58359375 0.840625 0.0359375 0.0140625
1 0.134375 0.36015625 0.0359375 0.0140625
1 0.54453125 0.3015625 0.0359375 0.0140625
1 0.0546875 0.40859375 0.0390625 0.0171875
1 0.340625 0.36171875 0.0390625 0.0171875
1 0.27890625 0.34765625 0.040625 0.0171875
1 0.87109375 0.96015625 0.0515625 0.0453125
1 0.3078125 0.4640625 0.0390625 0.015625
1 0.91328125 0.8734375 0.0421875 0.021875
1 0.1875 0.93828125 0.0390625 0.01875
1 0.48125 0.40703125 0.040625 0.0171875
1 0.66953125 0.36328125 0.0359375 0.0125
1 0.46328125 0.33046875 0.0375 0.0140625
1 0.82578125 0.3015625 0.0390625 0.015625
1 0.33984375 0.34921875 0.0375 0.0140625
1 0.14453125 0.3390625 0.0375 0.0140625
1 0.14375 0.35234375 0.0390625 0.0140625
1 0.6125 0.3078125 0.0390625 0.0140625
1 0.41875 0.8515625 0.0375 0.015625
1 0.0953125 0.3515625 0.0359375 0.0140625
1 0.0421875 0.6734375 0.040625 0.0171875
1 0.83125 0.28046875 0.0359375 0.0125
1 0.47265625 0.37890625 0.0375 0.0140625
3 0.51328125 0.2859375 0.09375 0.059375
3 0.3046875 0.9125 0.171875 0.165625
1 0.9578125 0.8640625 0.040625 0.01875
1 0.5890625 0.2953125 0.0390625 0.0140625
1 0.90234375 0.925 0.040625 0.015625
1 0.43671875 0.73359375 0.0359375 0.0125
1 0.54140625 0.371875 0.0390625 0.01875
1 0.89921875 0.29140625 0.0359375 0.0140625
1 0.15546875 0.32578125 0.0359375 0.0140625
1 0.0203125 0.61484375 0.0375 0.0125
1 0.859375 0.92109375 0.0421875 0.0265625
1 0.1265625 0.465625 0.0359375 0.0125
1 0.19140625 0.8703125 0.0375 0.0171875
1 0.97421875 0.3390625 0.0390625 0.0171875
1 0.96328125 0.33125 0.0359375 0.0140625
1 0.43125 0.31171875 0.034375 0.0109375
1 0.9390625 0.32421875 0.0375 0.015625
1 0.484375 0.83984375 0.0359375 0.0140625
1 0.1234375 0.9125 0.0390625 0.015625
1 0.17734375 0.85546875 0.0390625 0.0171875
0 0.30078125 0.99375 0.0453125 0.0125
1 0.19609375 0.6203125 0.040625 0.0140625
1 0.5890625 0.828125 0.0375 0.0140625
1 0.4140625 0.33125 0.034375 0.0140625
1 0.4296875 0.653125 0.0375 0.0109375
1 0.9328125 0.84765625 0.0390625 0.01875