4 0.55078125 0.43359375 0.08828125 0.10625
2 0.24609375 0.20859375 0.0890625 0.0546875
1 0.059375 0.459375 0.0109375 0.01875
2 0.7640625 0.21640625 0.0875 0.06328125
1 0.44609375 0.4046875 0.01015625 0.0171875
3 0.4796875 0.5171875 0.1109375 0.12734375
3 0.6375 0.46015625 0.0875 0.1140625
1 0.79375 0.45390625 0.01328125 0.02109375
1 0.32109375 0.48671875 0.01171875 0.01953125
1 0.59453125 0.53984375 0.01171875 0.0203125
1 0.73359375 0.60546875 0.01328125 0.02265625
1 0.63125 0.56953125 0.01328125 0.01953125
1 0.009375 0.43515625 0.0109375 0.01796875
1 0.94453125 0.4046875 0.01015625 0.015625
3 0.7890625 0.84609375 0.04609375 0.0609375
1 0.8734375 0.3671875 0.009375 0.015625
1 0.17265625 0.44296875 0.01171875 0.01796875
1 0.3234375 0.39453125 0.009375 0.01640625
1 0.63203125 0.54296875 0.01171875 0.01953125
0 0.78515625 0.16875 0.01171875 0.0203125
1 0.309375 0.41640625 0.01015625 0.0171875
1 0.1828125 0.92890625 0.01484375 0.02421875
1 0.31953125 0.44140625 0.0109375 0.0171875
1 0.01796875 0.47890625 0.01171875 0.01875
1 0.28984375 0.5640625 0.0125 0.021875
1 0.765625 0.46796875 0.0109375 0.01796875
1 0.04375 0.4015625 0.0109375 0.01953125
1 0.284375 0.47890625 0.01171875 0.01796875
1 0.70859375 0.5828125 0.01328125 0.02265625
1 0.85546875 0.62109375 0.0125 0.0171875
1 0.69765625 0.8890625 0.009375 0.015625
1 0.71171875 0.50703125 0.01171875 0.0203125
1 0.90546875 0.41640625 0.01015625 0.015625
1 0.34296875 0.890625 0.00859375 0.015625
1 0.79296875 0.9015625 0.0109375 0.01953125
1 0.61640625 0.528125 0.0125 0.01796875
1 0.7234375 0.49296875 0.0109375 0.01796875
1 0.14453125 0.340625 0.00859375 0.01484375
1 0.0484375 0.3828125 0.01171875 0.0171875
1 0.2171875 0.88515625 0.00859375 0.01640625
1 0.08515625 0.43046875 0.0109375 0.0171875
1 0.99453125 0.471875 0.01015625 0.01875
1 0.365625 0.4359375 0.01015625 0.01875
1 0.2921875 0.4578125 0.01015625 0.01796875
1 0.1296875 0.4265625 0.0109375 0.0171875
1 0.6640625 0.53671875 0.01171875 0.0203125
1 0.303125 0.4546875 0.01015625 0.015625
1 0.82109375 0.88671875 0.009375 0.01640625
1 0.09765625 0.4171875 0.01015625 0.01640625
1 0.82109375 0.38515625 0.009375 0.015625
1 0.596875 0.89609375 0.009375 0.0171875
1 0.6796875 0.62265625 0.01171875 0.0140625
1 0.4046875 0.3765625 0.009375 0.01484375
1 0.74140625 0.8875 0.0140625 0.0203125
1 0.41015625 0.43828125 0.0109375 0.01875
1 0.75546875 0.5515625 0.01015625 0.01484375
0 0.746875 0.17578125 0.01015625 0.0171875
1 0.61015625 0.334375 0.00859375 0.01328125
1 0.35234375 0.35703125 0.009375 0.01484375
1 0.496875 0.37890625 0.0109375 0.01640625
1 0.26484375 0.5328125 0.01171875 0.01953125
1 0.46640625 0.36796875 0.00859375 0.01484375
1 0.896875 0.940625 0.0140625 0.02265625
1 0.85859375 0.97890625 0.01875 0.03359375
1 0.15390625 0.4625 0.0109375 0.01875
1 0.2734375 0.51171875 0.0125 0.01796875
1 0.66875 0.4046875 0.009375 0.01484375
1 0.11953125 0.93046875 0.015625 0.025
4 0.64609375 0.87265625 0.07265625 0.0875
1 0.26328125 0.49453125 0.01015625 0.0171875
1 0.48984375 0.35703125 0.00859375 0.01484375
1 0.66875 0.384375 0.009375 0.015625
1 0.58125 0.3703125 0.009375 0.0140625
1 0.83671875 0.48125 0.0109375 0.0171875
0 0.27734375 0.76875 0.01484375 0.02578125
1 0.9328125 0.346875 0.01015625 0.01484375
1 0.8578125 0.9421875 0.01484375 0.02578125
1 0.52109375 0.309375 0.0078125 0.01484375
1 0.659375 0.6140625 0.00703125 0.01484375
1 0.10390625 0.30234375 0.0078125 0.01328125
1 0.64375 0.29140625 0.00703125 0.0125
1 0.6 0.37734375 0.009375 0.015625
1 0.54765625 0.28515625 0.00859375 0.01640625
1 0.328125 0.9046875 0.00859375 0.0125
1 0.64765625 0.33828125 0.009375 0.01484375
1 0.87421875 0.303125 0.00859375 0.01328125
1 0.8984375 0.60078125 0.0109375 0.0203125
1 0.921875 0.40234375 0.0109375 0.0171875
1 0.34140625 0.2796875 0.00703125 0.0125
1 0.2171875 0.63515625 0.0140625 0.0203125
0 0.7703125 0.1625 0.0109375 0.021875
1 0.49609375 0.3296875 0.00859375 0.01328125
1 0.39140625 0.33828125 0.00859375 0.01484375
1 0.74765625 0.5359375 0.0109375 0.01875
1 0.61015625 0.30078125 0.00703125 0.01328125
0 0.815625 0.23203125 0.01171875 0.01875
1 0.69140625 0.39140625 0.01015625 0.015625
1 0.68125 0.58125 0.0109375 0.02109375
1 0.59375 0.3390625 0.00859375 0.0140625
1 0.2734375 0.4953125 0.01171875 0.015625
1 0.16015625 0.26015625 0.00859375 0.01328125
1 0.15078125 0.43671875 0.01015625 0.01796875
1 0.25546875 0.51796875 0.01015625 0.01640625
1 0.4953125 0.2703125 0.0078125 0.01328125
1 0.44921875 0.34375 0.01015625 0.015625
1 0.1734375 0.90625 0.009375 0.01875
1 0.7640625 0.584375 0.01328125 0.0203125
1 0.6078125 0.3625 0.00859375 0.01640625
1 0.28671875 0.51015625 0.0109375 0.01953125
1 0.571875 0.3421875 0.009375 0.0140625
1 0.01796875 0.36875 0.01015625 0.015625
1 0.40234375 0.64375 0.01015625 0.01640625
1 0.99609375 0.428125 0.00703125 0.01640625
1 0.74140625 0.85546875 0.01015625 0.01875
1 0.409375 0.3 0.00859375 0.01328125
1 0.73671875 0.4703125 0.01015625 0.0171875
1 0.8390625 0.28515625 0.00703125 0.01328125
1 0.62890625 0.36484375 0.009375 0.015625
1 0.81875 0.40859375 0.01328125 0.01875
0 0.76953125 0.79375 0.00703125 0.01328125
1 0.65625 0.2609375 0.00703125 0.0125
1 0.73984375 0.55703125 0.01015625 0.01484375
1 0.63203125 0.30859375 0.009375 0.01328125
1 0.4671875 0.33671875 0.009375 0.0140625
1 0.528125 0.365625 0.01015625 0.01328125
1 0.45859375 0.36640625 0.01015625 0.015625
1 0.3765625 0.3734375 0.01015625 0.01640625
1 0.684375 0.30390625 0.00859375 0.0125
1 0.55234375 0.33671875 0.00859375 0.01484375
1 0.5109375 0.39375 0.009375 0.01484375
1 0.6703125 0.44296875 0.01171875 0.01796875
1 0.4484375 0.30234375 0.009375 0.0140625
1 0.40390625 0.325 0.00859375 0.0140625
1 0.33828125 0.36953125 0.01015625 0.01484375
1 0.55546875 0.35 0.00859375 0.01328125
0 0.765625 0.7515625 0.00703125 0.01171875
1 0.02734375 0.3484375 0.009375 0.015625
1 0.3953125 0.9046875 0.01015625 0.01328125
1 0.796875 0.9515625 0.01640625 0.0265625
1 0.3578125 0.3140625 0.009375 0.015625
1 0.67109375 0.5921875 0.01171875 0.01875
1 0.0109375 0.4109375 0.00859375 0.01796875
1 0.7453125 0.5828125 0.0140625 0.01953125
1 0.82421875 0.359375 0.01015625 0.01640625
1 0.83671875 0.39921875 0.01171875 0.01875
1 0.8890625 0.296875 0.00859375 0.01328125
1 0.70859375 0.4421875 0.009375 0.01796875
0 0.759375 0.73359375 0.00703125 0.0140625
1 0.61796875 0.64609375 0.009375 0.0125
1 0.703125 0.3390625 0.01015625 0.015625
1 0.66640625 0.35390625 0.00859375 0.0140625
1 0.471875 0.29765625 0.009375 0.01484375
1 0.77578125 0.95390625 0.01640625 0.03046875
1 0.540625 0.34921875 0.00859375 0.0140625
1 0.5671875 0.29375 0.00859375 0.01328125
1 0.37109375 0.32734375 0.0078125 0.01328125
1 0.06640625 0.3484375 0.009375 0.01484375
1 0.496875 0.31796875 0.0078125 0.0109375
1 0.65 0.36484375 0.01015625 0.01484375
1 0.33046875 0.36796875 0.00859375 0.01484375
1 0.69375 0.31875 0.00859375 0.01328125
1 0.24609375 0.86484375 0.00703125 0.0109375
1 0.553125 0.27109375 0.00703125 0.01171875
1 0.68046875 0.3546875 0.0109375 0.01640625
1 0.8515625 0.903125 0.0109375 0.0203125
1 0.58359375 0.35390625 0.00859375 0.0125
1 0.353125 0.33125 0.009375 0.01328125
1 0.6546875 0.396875 0.0109375 0.01484375
1 0.8140625 0.9390625 0.01328125 0.025
1 0.434375 0.275 0.00859375 0.01328125
1 0.5953125 0.2875 0.0109375 0.0171875
1 0.6703125 0.31640625 0.00859375 0.0140625
1 0.44296875 0.2609375 0.00703125 0.0109375
1 0.7859375 0.39765625 0.0109375 0.01953125
1 0.50625 0.378125 0.00859375 0.01484375
1 0.34140625 0.33125 0.01015625 0.01484375
4 0.88359375 0.4671875 0.05625 0.125
1 0.98828125 0.409375 0.01171875 0.01640625
1 0.05234375 0.35 0.01015625 0.015625
1 0.9890625 0.3796875 0.01171875 0.01875
1 0.93046875 0.39609375 0.00859375 0.01484375
1 0.653125 0.384375 0.00859375 0.01171875
1 0.70546875 0.8296875 0.00859375 0.01484375
1 0.30234375 0.4421875 0.009375 0.0125
1 0.35390625 0.25703125 0.00703125 0.01171875
1 0.75625 0.56640625 0.0109375 0.015625
1 0.13359375 0.91171875 0.01328125 0.02109375
1 0.26796875 0.90546875 0.00625 0.01171875
1 0.45859375 0.315625 0.00859375 0.0140625
1 0.275 0.44765625 0.01015625 0.01328125
1 0.57421875 0.2921875 0.01015625 0.0125
1 0.18203125 0.90546875 0.0109375 0.015625
1 0.890625 0.28125 0.00859375 0.01171875
1 0.66640625 0.56953125 0.0109375 0.0140625
1 0.99609375 0.3953125 0.00703125 0.01328125
1 0.1515625 0.9171875 0.0140625 0.02265625
1 0.365625 0.90546875 0.009375 0.01015625
1 0.4390625 0.296875 0.009375 0.0140625
1 0.63046875 0.26328125 0.0078125 0.01171875
1 0.565625 0.365625 0.00859375 0.0140625
0 0.646875 0.70703125 0.00859375 0.015625
1 0.5578125 0.36953125 0.009375 0.0140625
1 0.9671875 0.39765625 0.01015625 0.015625
1 0.13125 0.27109375 0.00859375 0.0140625
1 0.4671875 0.32265625 0.0078125 0.01015625
1 0.89453125 0.87109375 0.0078125 0.01171875
1 0.60546875 0.27578125 0.0078125 0.01328125
1 0.57109375 0.27890625 0.00703125 0.0125
0 0.73125 0.17265625 0.00859375 0.0140625
1 0.875 0.278125 0.01015625 0.01328125
1 0.11171875 0.9859375 0.0203125 0.02734375
1 0.190625 0.86640625 0.00625 0.01015625
1 0.13359375 0.8875 0.0109375 0.0171875
1 0.7390625 0.56953125 0.01015625 0.015625
1 0.51328125 0.36171875 0.00859375 0.0140625
1 0.6234375 0.30078125 0.01015625 0.01328125
0 0.77421875 0.778125 0.01015625 0.0125
1 0.06796875 0.3171875 0.009375 0.01328125
1 0.32421875 0.35859375 0.00859375 0.0171875
1 0.95703125 0.92890625 0.0125 0.021875
1 0.00390625 0.3671875 0.00703125 0.0171875
0 0.290625 0.78125 0.0078125 0.0125
1 0.31953125 0.34296875 0.00703125 0.01171875
1 0.45546875 0.35546875 0.009375 0.01171875
1 0.271875 0.46640625 0.01015625 0.0125
1 0.99609375 0.58203125 0.00625 0.01875
1 0.35078125 0.34296875 0.00859375 0.0109375
1 0.91171875 0.91875 0.01640625 0.025
1 0.584375 0.26640625 0.00703125 0.01328125
1 0.09453125 0.290625 0.00859375 0.01328125
1 0.96953125 0.36875 0.0125 0.01640625
1 0.459375 0.340625 0.0109375 0.01640625
1 0.42734375 0.2625 0.009375 0.0125
1 0.9359375 0.32109375 0.00859375 0.0125
1 0.8921875 0.91953125 0.0125 0.01953125
1 0.7734375 0.9875 0.02109375 0.02421875
1 0.26953125 0.48046875 0.009375 0.01484375
1 0.1203125 0.27109375 0.00859375 0.01484375
1 0.92578125 0.32890625 0.0109375 0.01328125
1 0.66171875 0.340625 0.0109375 0.01328125
0 0.76796875 0.7125 0.01015625 0.01328125
1 0.546875 0.37109375 0.01015625 0.0140625
1 0.92578125 0.31796875 0.0109375 0.01171875
1 0.0671875 0.33671875 0.01015625 0.0109375
1 0.3484375 0.30546875 0.0109375 0.01171875
1 0.684375 0.375 0.00859375 0.01171875
1 0.9453125 0.36484375 0.009375 0.015625
1 0.07890625 0.29296875 0.009375 0.01328125
1 0.33828125 0.34453125 0.0109375 0.0125
1 0.92890625 0.91953125 0.0125 0.021875
1 0.6546875 0.575 0.01171875 0.0140625
1 0.3484375 0.3234375 0.01015625 0.01015625
1 0.953125 0.36875 0.00859375 0.015625
1 0.634375 0.81875 0.0109375 0.01796875
0 0.7546875 0.7078125 0.0078125 0.0140625
1 0.56484375 0.37734375 0.0078125 0.01171875
1 0.6484375 0.3234375 0.00859375 0.01015625
1 0.328125 0.334375 0.0078125 0.01015625