2 0.23515625 0.215625 0.1140625 0.065625
4 0.60078125 0.30390625 0.0875 0.0734375
3 0.1171875 0.36953125 0.1046875 0.0984375
3 0.22421875 0.84296875 0.09375 0.0859375
1 0.221875 0.88984375 0.0375 0.0265625
1 0.33125 0.50234375 0.0375 0.0265625
1 0.51484375 0.55546875 0.0390625 0.0265625
1 0.70390625 0.54765625 0.0390625 0.0265625
1 0.05078125 0.42890625 0.0375 0.0234375
1 0.38984375 0.88828125 0.0375 0.028125
1 0.0203125 0.4296875 0.0375 0.021875
1 0.47265625 0.89140625 0.0375 0.0265625
1 0.50703125 0.4421875 0.0359375 0.021875
1 0.62734375 0.47578125 0.0359375 0.0265625
1 0.60390625 0.425 0.034375 0.021875
1 0.81640625 0.44140625 0.0359375 0.0234375
2 0.75234375 0.23125 0.1140625 0.05
1 0.4578125 0.49140625 0.034375 0.0234375
1 0.3484375 0.56796875 0.0375 0.0296875
1 0.05703125 0.88671875 0.0375 0.025
1 0.44609375 0.37265625 0.034375 0.0203125
1 0.7375 0.5234375 0.0359375 0.0203125
1 0.6421875 0.4109375 0.034375 0.021875
1 0.1890625 0.89375 0.0375 0.028125
1 0.696875 0.565625 0.0390625 0.025
3 0.83125 0.303125 0.0703125 0.0765625
1 0.61875 0.384375 0.034375 0.0203125
1 0.93984375 0.48515625 0.0375 0.025
1 0.4953125 0.4203125 0.0328125 0.0203125
1 0.3546875 0.3671875 0.034375 0.01875
1 0.67578125 0.46484375 0.0359375 0.025
1 0.7375 0.54375 0.0375 0.025
1 0.89609375 0.5484375 0.0375 0.025
1 0.33515625 0.34921875 0.0328125 0.01875
1 0.9515625 0.43359375 0.0359375 0.0234375
1 0.4953125 0.38984375 0.034375 0.0203125
1 0.5453125 0.8984375 0.0375 0.0265625
1 0.71484375 0.903125 0.0390625 0.0234375
1 0.50390625 0.371875 0.034375 0.0203125
1 0.87421875 0.37734375 0.0328125 0.01875
1 0.51953125 0.42890625 0.0359375 0.021875
1 0.54921875 0.3546875 0.0328125 0.01875
1 0.61953125 0.36171875 0.034375 0.01875
1 0.515625 0.3828125 0.034375 0.0203125
1 0.71640625 0.61875 0.0390625 0.0265625
1 0.70859375 0.86171875 0.0328125 0.01875
1 0.653125 0.39375 0.0359375 0.0203125
0 0.828125 0.1328125 0.0375 0.025
1 0.84140625 0.3953125 0.0359375 0.0234375
1 0.20625 0.93203125 0.04375 0.0359375
1 0.89140625 0.36171875 0.034375 0.01875
1 0.60546875 0.38203125 0.034375 0.0203125
1 0.65546875 0.325 0.034375 0.01875
1 0.315625 0.4125 0.0359375 0.025
1 0.50390625 0.41015625 0.0359375 0.0203125
1 0.634375 0.3953125 0.034375 0.0203125
1 0.64453125 0.39375 0.034375 0.0203125
1 0.6328125 0.3765625 0.034375 0.0203125
1 0.5328125 0.415625 0.034375 0.0203125
1 0.66484375 0.3953125 0.0359375 0.01875
1 0.7390625 0.8546875 0.0328125 0.01875
1 0.515625 0.36953125 0.034375 0.01875
1 0.37421875 0.3859375 0.034375 0.0203125
1 0.3609375 0.38203125 0.034375 0.0203125
1 0.6640625 0.4578125 0.0359375 0.0234375
1 0.7265625 0.6515625 0.0375 0.01875
1 0.40390625 0.30078125 0.034375 0.0171875
1 0.4765625 0.54140625 0.0359375 0.01875
1 0.6671875 0.86328125 0.0359375 0.0203125
1 0.9734375 0.42578125 0.034375 0.0203125
1 0.478125 0.4515625 0.0359375 0.025
1 0.4734375 0.375 0.034375 0.01875
1 0.68671875 0.859375 0.034375 0.01875
1 0.98359375 0.44375 0.0328125 0.021875
1 0.0953125 0.8640625 0.0359375 0.021875
0 0.5890625 0.76953125 0.0375 0.028125
1 0.11640625 0.85 0.0328125 0.0171875
1 0.39921875 0.5265625 0.0359375 0.0234375
1 0.9171875 0.40390625 0.034375 0.025
1 0.14921875 0.84765625 0.0328125 0.0171875
1 0.9609375 0.4109375 0.034375 0.021875
1 0.70078125 0.33984375 0.034375 0.0203125
1 0.340625 0.3390625 0.034375 0.0203125
1 0.53828125 0.8859375 0.034375 0.0203125
1 0.3390625 0.29375 0.0328125 0.0171875
1 0.0734375 0.321875 0.034375 0.01875
1 0.67734375 0.38203125 0.0359375 0.0203125
1 0.15234375 0.98359375 0.046875 0.0234375
1 0.28203125 0.84453125 0.034375 0.0171875
1 0.36015625 0.346875 0.0328125 0.0203125
1 0.54296875 0.85234375 0.034375 0.0171875
0 0.83203125 0.15859375 0.0359375 0.0203125
1 0.87890625 0.34765625 0.0359375 0.01875
1 0.5625 0.40859375 0.034375 0.0203125
1 0.37734375 0.296875 0.0328125 0.0171875
1 0.034375 0.36484375 0.03125 0.0171875
1 0.5921875 0.35234375 0.0359375 0.01875
4 0.80078125 0.83671875 0.0703125 0.05625
1 0.9359375 0.4078125 0.034375 0.0203125
1 0.59140625 0.371875 0.0359375 0.0203125
1 0.084375 0.9828125 0.0453125 0.025
1 0.26796875 0.84140625 0.0359375 0.01875
1 0.10859375 0.3140625 0.0328125 0.01875
1 0.17578125 0.31171875 0.0328125 0.0171875
1 0.875 0.33125 0.034375 0.0203125
1 0.0953125 0.88671875 0.034375 0.0203125
1 0.87421875 0.65234375 0.034375 0.0203125
1 0.92734375 0.996875 0.0359375 0.00625
1 0.12890625 0.29453125 0.0359375 0.01875
1 0.04921875 0.9890625 0.0359375 0.0109375
0 0.55703125 0.79375 0.0359375 0.021875
1 0.92734375 0.40703125 0.0359375 0.021875
1 0.35078125 0.29296875 0.0328125 0.0171875
1 0.425 0.8296875 0.0328125 0.015625
1 0.1828125 0.83671875 0.0328125 0.015625
1 0.7890625 0.8515625 0.03125 0.0171875
1 0.89296875 0.34375 0.034375 0.01875
1 0.096875 0.84296875 0.034375 0.0171875
1 0.325 0.29296875 0.03125 0.015625
1 0.4890625 0.4578125 0.0375 0.0234375
1 0.11640625 0.30390625 0.034375 0.01875
1 0.159375 0.29609375 0.034375 0.01875
1 0.44140625 0.825 0.0328125 0.0171875
1 0.884375 0.3328125 0.034375 0.01875
1 0.4625 0.81953125 0.0328125 0.015625
1 0.07578125 0.96484375 0.0328125 0.0171875
0 0.8283185859375 0.0887997984375 0.8189976859374999 0.0780657796875 0.7956042328125 0.08150395 0.807826515625 0.099376503125 0.8283185859375 0.0887997984375