4 0.36796875 0.425 0.08515625 0.1109375
2 0.7625 0.215625 0.08828125 0.0625
3 0.375 0.3265625 0.06328125 0.08984375
3 0.115625 0.9046875 0.12421875 0.153125
4 0.43984375 0.25234375 0.0640625 0.07265625
4 0.23984375 0.8609375 0.0546875 0.06171875
1 0.5078125 0.434375 0.0109375 0.01796875
1 0.4359375 0.44765625 0.0109375 0.01875
1 0.08203125 0.60625 0.01328125 0.01953125
1 0.0328125 0.42109375 0.0109375 0.0171875
1 0.5703125 0.47109375 0.0109375 0.01953125
1 0.665625 0.45390625 0.01015625 0.01796875
1 0.27109375 0.54453125 0.01328125 0.021875
1 0.2859375 0.546875 0.0125 0.021875
1 0.66015625 0.428125 0.01015625 0.01640625
1 0.6 0.45078125 0.0109375 0.01796875
2 0.24609375 0.209375 0.0921875 0.05703125
1 0.06015625 0.4859375 0.0125 0.01953125
1 0.446875 0.40703125 0.009375 0.0171875
1 0.29296875 0.51796875 0.01171875 0.02109375
1 0.2390625 0.6015625 0.0125 0.02265625
1 0.9015625 0.459375 0.0109375 0.01875
1 0.6828125 0.371875 0.00859375 0.015625
1 0.4796875 0.440625 0.01015625 0.0171875
1 0.84296875 0.9046875 0.01171875 0.0203125
1 0.28203125 0.88984375 0.009375 0.015625
1 0.27890625 0.46640625 0.01015625 0.01796875
1 0.44140625 0.47734375 0.0109375 0.01875
1 0.61953125 0.4265625 0.01015625 0.0171875
1 0.62265625 0.40546875 0.009375 0.015625
1 0.09921875 0.33359375 0.00859375 0.0140625
1 0.4234375 0.43203125 0.01015625 0.0171875
1 0.4859375 0.32890625 0.0078125 0.0140625
1 0.1953125 0.9203125 0.0125 0.02265625
1 0.32734375 0.37421875 0.009375 0.0171875
1 0.24140625 0.64140625 0.0140625 0.02109375
1 0.66875 0.33046875 0.0078125 0.0140625
1 0.634375 0.3578125 0.009375 0.01640625
1 0.9359375 0.33046875 0.009375 0.01328125
1 0.946875 0.36015625 0.0109375 0.015625
4 0.178125 0.31484375 0.03984375 0.07265625
1 0.2828125 0.43671875 0.0109375 0.01875
1 0.01015625 0.53984375 0.0140625 0.021875
1 0.91796875 0.92109375 0.01328125 0.021875
1 0.14140625 0.334375 0.00859375 0.01484375
1 0.26953125 0.6328125 0.0109375 0.0140625
1 0.48046875 0.3984375 0.01015625 0.0171875
1 0.20703125 0.88359375 0.0078125 0.01484375
1 0.2375 0.459375 0.01015625 0.01875
1 0.6578125 0.26796875 0.0078125 0.0125
1 0.1484375 0.28046875 0.00703125 0.0125
1 0.00390625 0.43828125 0.00703125 0.01796875
1 0.5109375 0.36875 0.01015625 0.01484375
1 0.18984375 0.39921875 0.009375 0.0171875
1 0.59609375 0.334375 0.00859375 0.015625
1 0.45390625 0.32421875 0.00859375 0.01484375
1 0.79375 0.9734375 0.01875 0.03359375
1 0.59453125 0.315625 0.00859375 0.01484375
1 0.93828125 0.4109375 0.0109375 0.01796875
1 0.909375 0.3046875 0.009375 0.01328125
1 0.70234375 0.4515625 0.01015625 0.0171875
1 0.425 0.35078125 0.009375 0.0140625
1 0.16484375 0.6375 0.01328125 0.02265625
1 0.17578125 0.36484375 0.009375 0.01484375
1 0.5765625 0.35625 0.00859375 0.015625
1 0.846875 0.87421875 0.0078125 0.0140625
1 0.88359375 0.309375 0.00859375 0.0140625
1 0.84375 0.303125 0.0078125 0.0125
1 0.33515625 0.259375 0.0078125 0.01328125
1 0.30234375 0.4375 0.01015625 0.01640625
1 0.10859375 0.3140625 0.00859375 0.01328125
1 0.66328125 0.40859375 0.01015625 0.0171875
1 0.35078125 0.8953125 0.01171875 0.021875
1 0.83828125 0.9765625 0.01953125 0.0359375
1 0.29921875 0.459375 0.0109375 0.01875
1 0.56875 0.334375 0.009375 0.015625
1 0.26875 0.61875 0.01015625 0.01171875
1 0.9703125 0.3609375 0.0109375 0.015625
1 0.14765625 0.64765625 0.0125 0.01640625
1 0.921875 0.346875 0.00859375 0.01328125
1 0.1828125 0.26484375 0.0078125 0.01171875
1 0.91796875 0.36015625 0.009375 0.01484375
1 0.41796875 0.34375 0.00703125 0.0140625
1 0.47734375 0.35234375 0.01015625 0.01484375
1 0.6390625 0.2640625 0.0078125 0.01328125
1 0.92421875 0.30859375 0.00859375 0.0140625
1 0.4671875 0.3203125 0.0078125 0.01328125
1 0.06328125 0.371875 0.01015625 0.01484375
1 0.87109375 0.87109375 0.0078125 0.01328125
1 0.853125 0.284375 0.0078125 0.01171875
1 0.72734375 0.90625 0.009375 0.0109375
1 0.184375 0.61484375 0.0109375 0.01171875
1 0.46796875 0.29296875 0.00703125 0.0125
1 0.22265625 0.965625 0.01796875 0.03203125
1 0.003125 0.59921875 0.00625 0.02109375
1 0.4640625 0.39921875 0.01015625 0.0171875
1 0.83828125 0.31953125 0.00859375 0.0140625
0 0.25390625 0.1828125 0.0078125 0.0171875
1 0.40546875 0.284375 0.0078125 0.0140625
1 0.484375 0.28671875 0.00703125 0.01171875
1 0.3921875 0.26875 0.00703125 0.01328125
1 0.03046875 0.37890625 0.0109375 0.01875
1 0.6046875 0.86875 0.00703125 0.0125
1 0.33125 0.31015625 0.0078125 0.0140625
0 0.40703125 0.71484375 0.009375 0.015625
1 0.1671875 0.2734375 0.00703125 0.01328125
1 0.9 0.884375 0.009375 0.0140625
0 0.26796875 0.19375 0.0078125 0.01484375
1 0.8890625 0.275 0.00859375 0.01171875
1 0.46015625 0.30390625 0.009375 0.0140625
1 0.940625 0.93125 0.01328125 0.02421875
1 0.32265625 0.4375 0.009375 0.0171875
1 0.88671875 0.29140625 0.00703125 0.0125
1 0.0203125 0.39296875 0.01015625 0.01328125
1 0.00546875 0.6328125 0.0109375 0.0171875
1 0.82734375 0.27265625 0.0078125 0.0125
1 0.85625 0.27421875 0.0078125 0.01015625
1 0.4546875 0.28671875 0.0078125 0.0125
1 0.58203125 0.871875 0.0078125 0.01015625
1 0.18203125 0.92734375 0.01328125 0.02265625
1 0.77109375 0.865625 0.00703125 0.01171875
1 0.1171875 0.2796875 0.00859375 0.0125
1 0.121875 0.26640625 0.009375 0.01484375
1 0.93984375 0.9046875 0.0109375 0.01640625
1 0.0171875 0.4140625 0.0125 0.01796875
1 0.00546875 0.384375 0.01015625 0.01484375
1 0.1546875 0.26328125 0.00703125 0.01171875
1 0.95390625 0.946875 0.0109375 0.01484375
1 0.10859375 0.29140625 0.009375 0.0140625
1 0.48203125 0.2578125 0.00703125 0.01171875
1 0.5828125 0.25859375 0.0078125 0.01328125
1 0.09375 0.321875 0.0078125 0.01171875
1 0.58984375 0.34609375 0.0109375 0.01484375
1 0.3421875 0.859375 0.0046875 0.01015625
1 0.1078125 0.271875 0.00859375 0.0125
1 0.98359375 0.37890625 0.00703125 0.0109375
1 0.45703125 0.990625 0.01640625 0.01640625
1 0.59140625 0.259375 0.00703125 0.0125
1 0.82734375 0.61875 0.009375 0.01484375
1 0.23359375 0.98515625 0.021875 0.02890625
1 0.1328125 0.26953125 0.00859375 0.0125
1 0.003125 0.37109375 0.00625 0.0125
0 0.41875 0.7078125 0.0078125 0.01328125
1 0.83515625 0.85703125 0.0078125 0.01015625
1 0.18828125 0.865625 0.00703125 0.009375
1 0.78984375 0.85390625 0.00625 0.01015625
1 0.91875 0.8875 0.00859375 0.01328125
1 0.90859375 0.86484375 0.00625 0.01171875
1 0.0640625 0.33984375 0.009375 0.01796875
1 0.56640625 0.8703125 0.0078125 0.01171875
1 0.015625 0.35390625 0.009375 0.01328125
1 0.05390625 0.36640625 0.009375 0.01484375
3 0.56640625 0.8296875 0.040625 0.03671875
1 0.471875 0.259375 0.009375 0.01328125
1 0.05 0.98828125 0.01953125 0.02109375
1 0.296875 0.4265625 0.00859375 0.0125
1 0.8171875 0.86796875 0.00546875 0.01015625
1 0.80546875 0.86484375 0.00625 0.0109375
1 0.184375 0.6296875 0.009375 0.0109375
1 0.94609375 0.98203125 0.01328125 0.02109375
1 0.39921875 0.9890625 0.015625 0.02109375
1 0.93671875 0.88984375 0.009375 0.0140625
1 0.3703125 0.990625 0.0171875 0.01640625
1 0.98203125 0.99296875 0.0171875 0.0140625
1 0.4484375 0.8828125 0.009375 0.0125