1 0.90390625 0.49921875 0.0453125 0.0125
3 0.1640625 0.3078125 0.075 0.0640625
1 0.72109375 0.5359375 0.046875 0.015625
1 0.11953125 0.36328125 0.0421875 0.009375
1 0.3765625 0.8703125 0.04375 0.0125
4 0.75546875 0.83125 0.08125 0.0375
1 0.096875 0.43203125 0.04375 0.0125
1 0.91796875 0.459375 0.04375 0.0109375
1 0.63984375 0.89921875 0.0453125 0.0140625
1 0.93515625 0.4875 0.04375 0.0125
1 0.34296875 0.39765625 0.0421875 0.009375
1 0.1828125 0.58671875 0.0453125 0.0109375
1 0.71875 0.4921875 0.0453125 0.0140625
1 0.43984375 0.43984375 0.04375 0.0125
1 0.87734375 0.446875 0.04375 0.0109375
1 0.18203125 0.44296875 0.04375 0.0125
1 0.51328125 0.43671875 0.04375 0.0125
1 0.46796875 0.396875 0.0421875 0.009375
1 0.23046875 0.525 0.046875 0.015625
1 0.3 0.4640625 0.04375 0.0140625
1 0.2875 0.54609375 0.0453125 0.0171875
1 0.1625 0.5640625 0.046875 0.0171875
2 0.23515625 0.21796875 0.1171875 0.05
1 0.5078125 0.42109375 0.0421875 0.009375
1 0.8296875 0.37890625 0.040625 0.009375
1 0.8453125 0.909375 0.0484375 0.01875
1 0.7109375 0.45234375 0.0421875 0.0125
0 0.18359375 0.0359375 0.04375 0.0109375
1 0.3375 0.59375 0.04375 0.009375
1 0.184375 0.4046875 0.0421875 0.0125
0 0.77890625 0.20859375 0.04375 0.0109375
1 0.21875 0.58515625 0.046875 0.0109375
1 0.83046875 0.3390625 0.040625 0.0078125
1 0.753125 0.54296875 0.0453125 0.0140625
1 0.54609375 0.5046875 0.0453125 0.0125
1 0.303125 0.43125 0.04375 0.0109375
1 0.859375 0.44140625 0.0421875 0.009375
0 0.153125 0.065625 0.04375 0.0125
1 0.70078125 0.88359375 0.04375 0.0109375
0 0.190625 0.1171875 0.0453125 0.0140625
1 0.528125 0.45546875 0.04375 0.0125
1 0.396875 0.40546875 0.0421875 0.0109375
1 0.49140625 0.44765625 0.04375 0.0125
1 0.62734375 0.45234375 0.04375 0.0125
1 0.95078125 0.42578125 0.04375 0.0109375
1 0.65 0.5203125 0.0453125 0.015625
1 0.55 0.384375 0.0421875 0.009375
1 0.66015625 0.42890625 0.0421875 0.0125
1 0.54765625 0.42265625 0.0421875 0.009375
0 0.20078125 0.0453125 0.0453125 0.0125
1 0.44765625 0.88984375 0.0453125 0.01875
1 0.45390625 0.31640625 0.0421875 0.0078125
1 0.34375 0.38125 0.04375 0.0109375
1 0.64296875 0.35703125 0.0421875 0.0078125
1 0.75234375 0.9359375 0.05 0.0265625
1 0.24453125 0.53125 0.0453125 0.0140625
0 0.2203125 0.1578125 0.04375 0.0140625
1 0.3515625 0.42421875 0.04375 0.009375
1 0.7015625 0.903125 0.046875 0.0125
0 0.14375 0.7328125 0.040625 0.0109375
1 0.64296875 0.38203125 0.0421875 0.009375
1 0.484375 0.4296875 0.0421875 0.0109375
1 0.38828125 0.39375 0.0421875 0.0109375
1 0.24609375 0.50703125 0.0453125 0.0140625
1 0.4265625 0.425 0.0421875 0.009375
1 0.61796875 0.36171875 0.0421875 0.0078125
1 0.340625 0.8875 0.0453125 0.0171875
1 0.53359375 0.64453125 0.046875 0.0109375
1 0.40234375 0.365625 0.0421875 0.009375
1 0.54296875 0.34453125 0.0421875 0.0078125
1 0.5953125 0.346875 0.0421875 0.0078125
1 0.87265625 0.34765625 0.0421875 0.00625
1 0.89609375 0.45625 0.04375 0.0109375
1 0.2359375 0.61640625 0.0453125 0.0140625
1 0.82734375 0.959375 0.053125 0.03125
1 0.75234375 0.5234375 0.04375 0.009375
0 0.81953125 0.121875 0.0484375 0.0140625
1 0.5296875 0.434375 0.0453125 0.0140625
1 0.98125 0.43671875 0.0375 0.0109375
0 0.15859375 0.04296875 0.04375 0.0109375
1 0.496875 0.33515625 0.040625 0.0078125
1 0.3875 0.33984375 0.0421875 0.0078125
1 0.515625 0.36953125 0.0421875 0.00625
1 0.42890625 0.4046875 0.04375 0.009375
2 0.75859375 0.23125 0.125 0.0421875
0 0.190625 0.0140625 0.04375 0.0125
1 0.51640625 0.49921875 0.040625 0.0140625
4 0.12890625 0.2953125 0.0734375 0.0546875
1 0.56796875 0.41015625 0.0421875 0.0109375
1 0.690625 0.43671875 0.04375 0.0109375
1 0.425 0.31875 0.040625 0.0078125
1 0.5078125 0.39609375 0.0421875 0.0109375
1 0.3984375 0.3265625 0.040625 0.0078125
1 0.53125 0.33203125 0.0421875 0.0078125
1 0.5671875 0.43515625 0.046875 0.0125
1 0.49140625 0.39296875 0.0421875 0.009375
1 0.72890625 0.89609375 0.0453125 0.015625
1 0.54765625 0.40546875 0.040625 0.0046875
1 0.44765625 0.37421875 0.0421875 0.009375
1 0.8578125 0.33671875 0.040625 0.00625
1 0.46328125 0.84765625 0.040625 0.00625
1 0.31875 0.8640625 0.04375 0.0109375
1 0.90859375 0.38359375 0.0421875 0.009375
0 0.140625 0.15625 0.0421875 0.009375
0 0.15390625 0.70234375 0.040625 0.0078125
1 0.29921875 0.4171875 0.0421875 0.0078125
1 0.67578125 0.43515625 0.04375 0.0125
1 0.43125 0.3359375 0.0421875 0.0078125
1 0.340625 0.36484375 0.0421875 0.00625
1 0.296875 0.40078125 0.0421875 0.00625
0 0.8140625 0.1 0.04375 0.0140625
1 0.48203125 0.33125 0.040625 0.00625
1 0.515625 0.35 0.0421875 0.00625
1 0.975 0.42890625 0.0421875 0.009375
0 0.16015625 0.01796875 0.04375 0.009375
1 0.4375 0.3640625 0.0421875 0.0078125
1 0.44765625 0.35234375 0.040625 0.0078125
1 0.47109375 0.33125 0.040625 0.0078125
0 0.13984375 0.19140625 0.0421875 0.009375
1 0.3078125 0.39609375 0.0421875 0.009375
1 0.01328125 0.378125 0.0265625 0.009375
1 0.4796875 0.35 0.04375 0.0078125
1 0.0265625 0.3796875 0.04375 0.009375
1 0.64921875 0.303125 0.040625 0.00625
1 0.0875 0.32265625 0.0421875 0.0078125
1 0.5078125 0.3265625 0.040625 0.00625
1 0.92265625 0.3921875 0.04375 0.0078125
1 0.928125 0.9953125 0.0515625 0.003125
1 0.33359375 0.34375 0.0421875 0.0078125
1 0.9015625 0.8953125 0.0453125 0.0125
0 0.14296875 0.10546875 0.0421875 0.0125
1 0.88984375 0.36171875 0.0421875 0.0078125
1 0.2609375 0.628125 0.046875 0.01875
0 0.13984375 0.22421875 0.040625 0.0078125
1 0.32421875 0.36171875 0.040625 0.0078125
1 0.7140625 0.8578125 0.040625 0.0046875
0 0.159375 0.0046875 0.0453125 0.003125
1 0.5796875 0.29765625 0.040625 0.00625
1 0.93671875 0.39375 0.0421875 0.0078125
1 0.7171875 0.8921875 0.0453125 0.0125
0 0.78125 0.2359375 0.0421875 0.0046875
0 0.23828125 0.2140625 0.040625 0.00625
1 0.5546875 0.49140625 0.04375 0.009375
1 0.9484375 0.39375 0.0421875 0.009375
0 0.86171875 0.07265625 0.046875 0.0125
1 0.2140625 0.61171875 0.0453125 0.0109375
1 0.69140625 0.86328125 0.040625 0.0078125
1 0.4265625 0.84609375 0.040625 0.0046875
1 0.56953125 0.37109375 0.0390625 0.00625
1 0.846875 0.8859375 0.0421875 0.0109375
1 0.32421875 0.34296875 0.040625 0.00625
1 0.34296875 0.32265625 0.040625 0.009375
1 0.73828125 0.53828125 0.0453125 0.015625
1 0.54375 0.31875 0.040625 0.009375
1 0.52265625 0.30625 0.040625 0.00625
1 0.328125 0.328125 0.04375 0.0078125
1 0.50859375 0.30859375 0.040625 0.00625
1 0.0125 0.98671875 0.025 0.0015625
1 0.49921875 0.39921875 0.0421875 0.0078125
1 0.9 0.36171875 0.04375 0.0078125
1 0.66640625 0.3578125 0.040625 0.00625
1 0.85390625 0.315625 0.040625 0.0046875
1 0.559375 0.4671875 0.04375 0.009375
1 0.06640625 0.321875 0.0421875 0.0078125
1 0.6625 0.346875 0.040625 0.00625
1 0.55390625 0.44375 0.04375 0.0078125
1 0.09375 0.309375 0.0421875 0.0109375
1 0.03046875 0.36171875 0.04375 0.0078125
1 0.509375 0.375 0.0421875 0.009375
1 0.8484375 0.3203125 0.0390625 0.00625
1 0.53828125 0.484375 0.04375 0.009375
1 0.015625 0.3640625 0.03125 0.009375
1 0.86875 0.8921875 0.0453125 0.0140625
1 0.23515625 0.6390625 0.04375 0.0046875
1 0.659375 0.30078125 0.040625 0.0078125
1 0.5 0.375 0.040625 0.0078125
0 0.140625 0.753125 0.040625 0.00625
1 0.828125 0.85234375 0.040625 0.00625
1 0.86171875 0.87265625 0.0421875 0.0109375
1 0.55 0.47109375 0.04375 0.0078125
1 0.67265625 0.3734375 0.0421875 0.00625
1 0.628125 0.303125 0.0421875 0.00625
1 0.6171875 0.3015625 0.0421875 0.00625
1 0.0359375 0.37734375 0.0421875 0.0109375
1 0.05859375 0.32578125 0.0421875 0.0109375
1 0.88828125 0.3484375 0.04375 0.00625
0 0.74921875 0.22578125 0.0390625 0.00625
1 0.38046875 0.3265625 0.0421875 0.0078125
1 0.6015625 0.29765625 0.040625 0.00625
1 0.70390625 0.85078125 0.0390625 0.0046875
1 0.55078125 0.45703125 0.0453125 0.009375
1 0.4390625 0.8375 0.0390625 0.0046875
1 0.7140625 0.8453125 0.040625 0.00625
1 0.96171875 0.3875 0.0421875 0.00625
1 0.45546875 0.29765625 0.0421875 0.00625
1 0.6359375 0.375 0.040625 0.0078125
1 0.55 0.6109375 0.04375 0.0046875
1 0.5140625 0.48359375 0.040625 0.0046875
1 0.91640625 0.89140625 0.0421875 0.0109375
1 0.571875 0.8515625 0.040625 0.0046875
0 0.21796875 0.11796875 0.04375 0.00625
1 0.45859375 0.840625 0.0421875 0.0078125
0 0.16953125 0.0921875 0.04375 0.0125
1 0.92109375 0.3625 0.0421875 0.0078125
1 0.0203125 0.36484375 0.040625 0.0109375
1 0.234375 0.8359375 0.040625 0.0046875
1 0.88359375 0.98515625 0.05625 0.0234375
1 0.44375 0.2953125 0.0421875 0.00625
0 0.1828125 0.06484375 0.0453125 0.0109375
1 0.56875 0.45703125 0.0421875 0.009375
1 0.42578125 0.83359375 0.0421875 0.0046875
0 0.8234037734375 0.05706463125 0.8337744218750001 0.061654379687500004 0.8633608828125 0.06266354375 0.8695924578125 0.0535734734375 0.8428706874999999 0.0507516609375 0.8234037734375 0.05706463125