3 0.1609375 0.3625 0.0703125 0.0875
3 0.1453125 0.284375 0.06953125 0.07421875
2 0.76171875 0.215625 0.08671875 0.0640625
1 0.3359375 0.534375 0.01171875 0.0203125
1 0.9234375 0.51484375 0.01171875 0.01953125
1 0.42421875 0.46640625 0.0109375 0.01875
1 0.1671875 0.5625 0.01328125 0.02265625
3 0.28671875 0.8703125 0.075 0.0765625
1 0.4078125 0.57734375 0.0125 0.02265625
1 0.7265625 0.51796875 0.01171875 0.0203125
1 0.4359375 0.503125 0.01171875 0.021875
1 0.96953125 0.5515625 0.01328125 0.01796875
1 0.39765625 0.5234375 0.01171875 0.02109375
1 0.246875 0.55703125 0.0125 0.01953125
1 0.29296875 0.50546875 0.01171875 0.01796875
1 0.0484375 0.459375 0.01171875 0.01953125
4 0.81953125 0.3671875 0.053125 0.065625
1 0.64140625 0.5609375 0.0125 0.02109375
1 0.67109375 0.44453125 0.01015625 0.0171875
1 0.60703125 0.52265625 0.0125 0.021875
1 0.51484375 0.48046875 0.0109375 0.01875
1 0.51875 0.50078125 0.01171875 0.01953125
1 0.68046875 0.5890625 0.0125 0.0234375
1 0.28359375 0.4515625 0.01171875 0.01875
1 0.2796875 0.553125 0.0140625 0.021875
1 0.4015625 0.46328125 0.0109375 0.01796875
4 0.9734375 0.41640625 0.053125 0.134375
1 0.315625 0.53515625 0.01171875 0.02109375
1 0.73359375 0.54609375 0.0125 0.0203125
1 0.6484375 0.478125 0.0109375 0.01953125
1 0.3734375 0.3578125 0.009375 0.015625
1 0.81328125 0.459375 0.01015625 0.01796875
1 0.8953125 0.3578125 0.009375 0.015625
1 0.6109375 0.38671875 0.009375 0.0171875
1 0.834375 0.45078125 0.0109375 0.01796875
1 0.70859375 0.5484375 0.01171875 0.02109375
1 0.91796875 0.484375 0.0109375 0.01953125
1 0.46953125 0.37421875 0.009375 0.01640625
1 0.634375 0.3796875 0.009375 0.015625
1 0.47109375 0.428125 0.009375 0.015625
1 0.95859375 0.4796875 0.01171875 0.01796875
1 0.12109375 0.94140625 0.015625 0.0265625
1 0.3296875 0.40390625 0.00859375 0.0140625
1 0.1828125 0.30546875 0.0078125 0.01328125
0 0.26796875 0.2203125 0.00859375 0.01484375
1 0.8109375 0.57734375 0.01171875 0.021875
1 0.57109375 0.38984375 0.009375 0.015625
1 0.8265625 0.43203125 0.009375 0.01640625
1 0.46796875 0.48046875 0.00859375 0.015625
1 0.79765625 0.4328125 0.0109375 0.01640625
1 0.6984375 0.40390625 0.009375 0.01640625
0 0.22421875 0.16875 0.0109375 0.01953125
0 0.73125 0.20703125 0.0109375 0.01640625
1 0.68515625 0.403125 0.009375 0.015625
1 0.72734375 0.5859375 0.0125 0.02109375
1 0.6921875 0.51953125 0.0109375 0.0203125
1 0.95 0.5140625 0.0125 0.01875
1 0.440625 0.3921875 0.00859375 0.015625
1 0.8265625 0.60234375 0.0125 0.0203125
1 0.70234375 0.48671875 0.0109375 0.01875
1 0.10625 0.57734375 0.01171875 0.01875
1 0.01328125 0.5046875 0.0125 0.01875
1 0.8765625 0.42890625 0.01015625 0.01640625
1 0.34296875 0.384375 0.009375 0.01640625
1 0.55390625 0.3546875 0.00859375 0.015625
1 0.44140625 0.3578125 0.009375 0.01640625
1 0.1234375 0.40546875 0.01015625 0.015625
1 0.30859375 0.38203125 0.01015625 0.015625
1 0.75234375 0.55390625 0.0125 0.01953125
1 0.6921875 0.4625 0.0109375 0.01796875
1 0.8703125 0.3875 0.0109375 0.01796875
1 0.0734375 0.4578125 0.0109375 0.01796875
1 0.09921875 0.94921875 0.01796875 0.03125
1 0.15234375 0.43359375 0.01015625 0.01796875
1 0.35625 0.89296875 0.009375 0.015625
1 0.528125 0.42578125 0.01015625 0.0171875
1 0.45703125 0.378125 0.00859375 0.01640625
1 0.565625 0.43828125 0.01015625 0.0171875
1 0.94609375 0.40859375 0.01015625 0.01640625
1 0.43203125 0.45 0.0109375 0.01875
1 0.58125 0.36640625 0.009375 0.015625
1 0.4484375 0.32890625 0.00859375 0.0140625
1 0.3921875 0.35390625 0.009375 0.0140625
1 0.85859375 0.30390625 0.0078125 0.01328125
1 0.1171875 0.31875 0.0078125 0.0125
1 0.321875 0.36875 0.00859375 0.0140625
1 0.89921875 0.553125 0.0125 0.01953125
1 0.503125 0.42421875 0.01015625 0.0171875
1 0.66171875 0.3515625 0.01015625 0.015625
1 0.79765625 0.41796875 0.0109375 0.0140625
1 0.425 0.3546875 0.009375 0.0140625
1 0.83046875 0.58203125 0.01171875 0.01640625
1 0.41875 0.54765625 0.01171875 0.02109375
1 0.9453125 0.46171875 0.01171875 0.01796875
1 0.3359375 0.36796875 0.009375 0.015625
1 0.91953125 0.36796875 0.009375 0.01484375
1 0.521875 0.38515625 0.00859375 0.01328125
1 0.6453125 0.3328125 0.0078125 0.01484375
1 0.4453125 0.278125 0.0078125 0.0125
1 0.01015625 0.39296875 0.01015625 0.01484375
1 0.4265625 0.528125 0.01171875 0.01953125
1 0.66328125 0.42421875 0.01015625 0.01796875
1 0.68359375 0.64609375 0.01171875 0.01328125
1 0.65234375 0.409375 0.009375 0.01640625
0 0.23046875 0.196875 0.009375 0.01484375
1 0.271875 0.4828125 0.0109375 0.015625
1 0.36640625 0.409375 0.01015625 0.015625
1 0.38046875 0.37734375 0.00859375 0.01640625
1 0.4984375 0.45625 0.009375 0.01328125
1 0.3875 0.4234375 0.0109375 0.01796875
1 0.3578125 0.38359375 0.009375 0.01484375
0 0.19453125 0.05234375 0.0109375 0.01875
1 0.58359375 0.28984375 0.0078125 0.0125
1 0.56171875 0.52265625 0.01171875 0.021875
1 0.41015625 0.39375 0.01015625 0.015625
1 0.1671875 0.46875 0.0078125 0.01484375
1 0.43203125 0.33984375 0.0078125 0.01328125
1 0.40078125 0.37109375 0.009375 0.01484375
1 0.94609375 0.39140625 0.01015625 0.01640625
1 0.81484375 0.2734375 0.00859375 0.0125
1 0.31015625 0.4046875 0.0109375 0.015625
1 0.578125 0.38046875 0.00859375 0.01328125
1 0.40859375 0.3421875 0.01015625 0.01640625
1 0.4796875 0.40390625 0.0109375 0.01484375
1 0.47109375 0.3390625 0.009375 0.0140625
1 0.553125 0.28203125 0.00703125 0.01328125
1 0.49140625 0.41875 0.01015625 0.01484375
1 0.8125 0.421875 0.0109375 0.0171875
2 0.24375 0.2125 0.0921875 0.0515625
1 0.52265625 0.3484375 0.01015625 0.015625
1 0.49765625 0.359375 0.0078125 0.0140625
1 0.75234375 0.58359375 0.0125 0.01875
1 0.4953125 0.471875 0.0125 0.01796875
1 0.46015625 0.359375 0.00703125 0.01328125
1 0.46640625 0.30625 0.0078125 0.01328125
1 0.11953125 0.9875 0.02109375 0.0234375
1 0.14765625 0.64921875 0.0109375 0.0140625
1 0.5171875 0.44921875 0.01015625 0.01796875
1 0.51484375 0.27578125 0.00703125 0.0125
1 0.353125 0.39921875 0.00859375 0.015625
1 0.51328125 0.33203125 0.00859375 0.0140625
1 0.3921875 0.278125 0.0078125 0.01171875
1 0.20546875 0.8828125 0.00703125 0.015625
1 0.8765625 0.51171875 0.009375 0.0203125
1 0.47890625 0.30703125 0.00859375 0.0140625
1 0.42421875 0.3 0.0078125 0.01328125
1 0.3203125 0.33515625 0.00859375 0.01484375
1 0.93125 0.365625 0.009375 0.0140625
1 0.39765625 0.3390625 0.009375 0.01328125
1 0.71328125 0.509375 0.01171875 0.01875
1 0.4 0.3515625 0.0109375 0.0140625
1 0.79609375 0.5828125 0.0125 0.02265625
1 0.4671875 0.46171875 0.00859375 0.01171875
1 0.2171875 0.871875 0.00703125 0.0109375
1 0.46328125 0.41796875 0.00859375 0.015625
1 0.2546875 0.5 0.009375 0.01796875
1 0.34375 0.8890625 0.009375 0.015625
1 0.2796875 0.521875 0.01171875 0.0171875
1 0.4609375 0.3359375 0.0078125 0.01328125
1 0.38984375 0.29765625 0.00859375 0.0140625
1 0.34296875 0.60703125 0.00859375 0.01796875
1 0.453125 0.4703125 0.00625 0.0125
1 0.26484375 0.5484375 0.0140625 0.0203125
1 0.4203125 0.328125 0.0078125 0.0140625
1 0.33359375 0.315625 0.0078125 0.015625
1 0.50546875 0.38046875 0.00859375 0.01328125
1 0.27265625 0.49921875 0.01015625 0.01640625
1 0.8875 0.54609375 0.01171875 0.01953125
1 0.33671875 0.25625 0.00625 0.0125
1 0.34609375 0.23828125 0.00859375 0.01328125
1 0.24453125 0.540625 0.0109375 0.01484375
1 0.4359375 0.25703125 0.0078125 0.01171875
1 0.53671875 0.275 0.0078125 0.01328125
1 0.371875 0.38125 0.009375 0.01484375
1 0.83125 0.64609375 0.0125 0.0109375
1 0.40703125 0.30625 0.00859375 0.01328125
1 0.35859375 0.3328125 0.00859375 0.01171875
1 0.49921875 0.3921875 0.01015625 0.01328125
1 0.28984375 0.4890625 0.0109375 0.01484375
1 0.33359375 0.8875 0.00859375 0.01484375
1 0.653125 0.30703125 0.00859375 0.0140625
1 0.471875 0.26796875 0.009375 0.01328125
1 0.2125 0.8859375 0.00859375 0.0171875
1 0.56328125 0.88671875 0.00859375 0.015625
1 0.625 0.37421875 0.009375 0.015625
1 0.378125 0.29765625 0.00859375 0.0140625
1 0.46484375 0.29296875 0.00703125 0.01171875
1 0.6265625 0.29921875 0.00703125 0.01328125
1 0.6234375 0.2828125 0.01015625 0.01328125
1 0.35078125 0.3171875 0.0078125 0.01328125
1 0.31640625 0.29921875 0.0078125 0.01328125
1 0.4890625 0.33125 0.01015625 0.0140625
1 0.33046875 0.3328125 0.009375 0.01328125
1 0.87734375 0.2828125 0.009375 0.0140625
1 0.35 0.36015625 0.01171875 0.01796875
1 0.50703125 0.46171875 0.0109375 0.01640625
1 0.49140625 0.40234375 0.0109375 0.01328125
1 0.32421875 0.39375 0.009375 0.0109375
1 0.2921875 0.33203125 0.01171875 0.015625
1 0.3703125 0.28828125 0.00703125 0.01328125
1 0.003125 0.5171875 0.00625 0.01640625
1 0.55546875 0.25859375 0.00703125 0.01171875
1 0.6609375 0.8125 0.0109375 0.01953125
1 0.51875 0.315625 0.00859375 0.0140625
1 0.4984375 0.2703125 0.009375 0.01171875
1 0.47890625 0.89296875 0.00703125 0.01015625
1 0.6 0.903125 0.01015625 0.01015625
1 0.3484375 0.30078125 0.01015625 0.0125
1 0.6828125 0.37578125 0.00859375 0.01484375
1 0.1765625 0.2609375 0.00859375 0.01171875
1 0.471875 0.2828125 0.009375 0.0125
1 0.434375 0.3546875 0.00859375 0.0140625
1 0.375 0.33125 0.009375 0.0140625
1 0.0125 0.40859375 0.01171875 0.01875
1 0.28203125 0.478125 0.01015625 0.01796875
1 0.65 0.290625 0.01015625 0.01328125
1 0.559375 0.64609375 0.0109375 0.01171875
1 0.4453125 0.64921875 0.00859375 0.01015625
1 0.33984375 0.33359375 0.00859375 0.0125
1 0.66640625 0.26875 0.00703125 0.0109375
1 0.40078125 0.31875 0.009375 0.0125
1 0.94453125 0.37109375 0.009375 0.0140625
1 0.12265625 0.9015625 0.009375 0.0140625
1 0.5109375 0.39375 0.0109375 0.015625
1 0.41875 0.29375 0.00703125 0.0125
1 0.2546875 0.51796875 0.00859375 0.01484375
3 0.17890625 0.8546875 0.0375 0.05625
1 0.63203125 0.28046875 0.0109375 0.01328125
1 0.24453125 0.86484375 0.00703125 0.01015625
1 0.33984375 0.346875 0.01015625 0.01484375
1 0.48046875 0.8765625 0.00625 0.0125
1 0.10390625 0.2859375 0.00703125 0.0109375
1 0.653125 0.26484375 0.0078125 0.0125
1 0.134375 0.87421875 0.0078125 0.0140625
1 0.4578125 0.884375 0.00703125 0.01171875
1 0.684375 0.62578125 0.009375 0.00859375
0 0.41015625 0.70625 0.01015625 0.015625
1 0.39453125 0.2640625 0.0078125 0.0125
1 0.5984375 0.25859375 0.0078125 0.01171875
1 0.35703125 0.3453125 0.00859375 0.01484375
1 0.57734375 0.90546875 0.00546875 0.00859375
1 0.95078125 0.3421875 0.00859375 0.0140625
1 0.13046875 0.91796875 0.015625 0.021875
1 0.5828125 0.2796875 0.0078125 0.01015625
1 0.784375 0.85625 0.0078125 0.01171875
1 0.734375 0.84296875 0.00859375 0.01171875
1 0.528125 0.29609375 0.009375 0.01484375
1 0.52265625 0.25859375 0.01015625 0.0125
1 0.5015625 0.2578125 0.0078125 0.01171875
1 0.89296875 0.28515625 0.009375 0.01484375
1 0.08359375 0.30078125 0.0078125 0.01171875
1 0.871875 0.271875 0.00859375 0.0125
1 0.6375 0.2625 0.0078125 0.0140625
1 0.58515625 0.8703125 0.0078125 0.0125
1 0.8890625 0.27421875 0.00859375 0.01171875
1 0.55234375 0.87265625 0.0078125 0.01171875
1 0.10234375 0.296875 0.009375 0.0125
1 0.51328125 0.3046875 0.00859375 0.01171875
1 0.47890625 0.2859375 0.0078125 0.0140625
1 0.57109375 0.871875 0.009375 0.0125
1 0.15078125 0.91171875 0.01328125 0.02265625
1 0.521875 0.64375 0.0109375 0.01328125
1 0.43671875 0.86640625 0.01328125 0.02421875
1 0.60546875 0.25859375 0.0078125 0.0125
1 0.321875 0.34921875 0.00859375 0.01328125
1 0.53671875 0.64453125 0.01015625 0.0125
1 0.6125 0.90390625 0.01171875 0.01015625
1 0.05 0.32265625 0.0109375 0.0171875
1 0.16640625 0.2609375 0.00625 0.01171875
1 0.67578125 0.2609375 0.00859375 0.0125