3 0.26484375 0.859375 0.06875 0.06484375
4 0.7703125 0.85625 0.05703125 0.06171875
3 0.49453125 0.2515625 0.0546875 0.06875
1 0.65703125 0.48203125 0.0109375 0.01953125
0 0.74609375 0.228125 0.0125 0.0203125
1 0.37265625 0.465625 0.0109375 0.01875
1 0.39375 0.49375 0.0109375 0.01953125
3 0.08125 0.45390625 0.0890625 0.1125
1 0.2734375 0.51953125 0.01171875 0.0203125
0 0.79765625 0.22734375 0.0109375 0.01875
0 0.13125 0.0953125 0.01328125 0.021875
1 0.81015625 0.575 0.01328125 0.0234375
1 0.3234375 0.45625 0.0109375 0.01875
1 0.11171875 0.396875 0.01015625 0.01796875
1 0.74375 0.5375 0.0125 0.0203125
1 0.19375 0.58515625 0.01328125 0.0234375
1 0.9328125 0.41953125 0.0109375 0.01640625
1 0.7046875 0.4625 0.01015625 0.01796875
1 0.93515625 0.44453125 0.01171875 0.01875
1 0.5765625 0.48984375 0.0109375 0.01875
1 0.65 0.40234375 0.01015625 0.01640625
0 0.81171875 0.1421875 0.01171875 0.02265625
1 0.99453125 0.4640625 0.009375 0.01796875
1 0.54140625 0.51484375 0.01171875 0.0203125
1 0.4546875 0.465625 0.0109375 0.01796875
1 0.40234375 0.459375 0.01015625 0.01875
1 0.88125 0.37265625 0.009375 0.015625
1 0.26328125 0.90390625 0.0109375 0.01953125
1 0.56484375 0.428125 0.009375 0.01640625
1 0.71015625 0.61015625 0.01328125 0.02421875
1 0.69140625 0.490625 0.0109375 0.01875
4 0.51953125 0.35859375 0.0671875 0.07265625
0 0.2578125 0.17109375 0.009375 0.01484375
1 0.47109375 0.39453125 0.009375 0.015625
1 0.30859375 0.4546875 0.01015625 0.01796875
1 0.6546875 0.3515625 0.0078125 0.01484375
1 0.26796875 0.49921875 0.01171875 0.0203125
1 0.4578125 0.56015625 0.0125 0.02109375
1 0.45703125 0.3953125 0.009375 0.01640625
1 0.94765625 0.42421875 0.01171875 0.01796875
1 0.87265625 0.31953125 0.00859375 0.0140625
1 0.44609375 0.64375 0.01328125 0.0171875
1 0.18203125 0.6421875 0.0140625 0.021875
1 0.8953125 0.33125 0.00859375 0.0140625
1 0.28359375 0.459375 0.0109375 0.0171875
1 0.521875 0.478125 0.0109375 0.01796875
1 0.3515625 0.4546875 0.0109375 0.01796875
1 0.69921875 0.4234375 0.01015625 0.01796875
0 0.190625 0.02734375 0.01171875 0.01875
1 0.42890625 0.378125 0.009375 0.01640625
1 0.8828125 0.4265625 0.0109375 0.0171875
1 0.4015625 0.36953125 0.009375 0.015625
1 0.19609375 0.915625 0.0125 0.021875
1 0.89609375 0.9421875 0.01328125 0.0203125
1 0.43984375 0.53828125 0.0125 0.01953125
1 0.6015625 0.4640625 0.01015625 0.01796875
1 0.6328125 0.2703125 0.00703125 0.0125
1 0.6796875 0.3546875 0.00859375 0.0140625
0 0.82421875 0.19140625 0.01171875 0.01875
1 0.74375 0.90078125 0.01171875 0.01953125
1 0.6203125 0.4484375 0.01015625 0.01796875
1 0.2140625 0.609375 0.01328125 0.01953125
1 0.753125 0.4921875 0.0109375 0.01953125
1 0.2640625 0.54609375 0.01171875 0.021875
0 0.23046875 0.228125 0.0109375 0.01640625
1 0.2953125 0.3328125 0.01015625 0.015625
1 0.92265625 0.3515625 0.009375 0.0140625
0 0.78828125 0.203125 0.009375 0.01640625
1 0.92890625 0.37109375 0.01015625 0.01484375
1 0.428125 0.5203125 0.01171875 0.0203125
1 0.38671875 0.4234375 0.01015625 0.0171875
0 0.121875 0.11328125 0.015625 0.0234375
1 0.56015625 0.3359375 0.0078125 0.01484375
0 0.815625 0.11875 0.009375 0.015625
1 0.48125 0.471875 0.01015625 0.01875
1 0.55625 0.459375 0.01015625 0.0171875
1 0.33359375 0.32109375 0.00859375 0.0140625
0 0.1140625 0.1421875 0.0125 0.02109375
1 0.99609375 0.42578125 0.00703125 0.01640625
1 0.89296875 0.91640625 0.01328125 0.02109375
1 0.93984375 0.3828125 0.01015625 0.015625
1 0.71328125 0.4359375 0.01015625 0.01796875
0 0.1890625 0.07421875 0.0109375 0.0171875
1 0.42734375 0.60703125 0.01328125 0.02421875
0 0.1921875 0.12265625 0.01015625 0.01875
1 0.10859375 0.34765625 0.0109375 0.01796875
1 0.64296875 0.3046875 0.0078125 0.0140625
1 0.30390625 0.43671875 0.0109375 0.015625
1 0.77890625 0.9765625 0.01953125 0.03515625
1 0.90859375 0.6171875 0.009375 0.01875
1 0.82734375 0.93515625 0.0140625 0.025
1 0.3453125 0.409375 0.0109375 0.01796875
1 0.4078125 0.30234375 0.00859375 0.01328125
1 0.57890625 0.32421875 0.00859375 0.01484375
2 0.24609375 0.209375 0.090625 0.05859375
1 0.3578125 0.3921875 0.0109375 0.0171875
1 0.56953125 0.36015625 0.009375 0.015625
1 0.55234375 0.50703125 0.01171875 0.0203125
1 0.14375 0.8796875 0.0078125 0.01328125
1 0.5046875 0.45859375 0.01015625 0.0171875
1 0.68203125 0.38671875 0.009375 0.015625
0 0.81015625 0.2015625 0.01015625 0.015625
1 0.6171875 0.3953125 0.009375 0.0171875
1 0.6140625 0.30390625 0.00859375 0.0140625
0 0.1875 0.09765625 0.01328125 0.02109375
1 0.35703125 0.43515625 0.01171875 0.0203125
1 0.18828125 0.8890625 0.009375 0.01640625
1 0.47109375 0.43046875 0.0109375 0.015625
1 0.44609375 0.36015625 0.009375 0.015625
1 0.04375 0.49609375 0.0109375 0.0203125
1 0.61171875 0.43671875 0.01015625 0.01640625
1 0.62734375 0.415625 0.009375 0.01640625
1 0.37421875 0.40859375 0.009375 0.01640625
0 0.803125 0.16328125 0.01015625 0.0171875
1 0.5828125 0.40078125 0.0109375 0.01484375
1 0.39140625 0.27578125 0.00703125 0.0125
1 0.54140625 0.48984375 0.0109375 0.01796875
1 0.225 0.95 0.01640625 0.03046875
1 0.81953125 0.90625 0.0109375 0.01953125
0 0.71875 0.18515625 0.009375 0.0171875
1 0.4859375 0.4421875 0.01015625 0.01484375
1 0.39921875 0.41875 0.0109375 0.01640625
1 0.1078125 0.26875 0.0078125 0.0125
1 0.353125 0.35234375 0.00859375 0.0140625
1 0.31640625 0.31875 0.0078125 0.01328125
0 0.28515625 0.76484375 0.009375 0.01640625
1 0.340625 0.390625 0.0109375 0.01640625
0 0.1640625 0.05390625 0.0125 0.01640625
1 0.4640625 0.3796875 0.0078125 0.01484375
1 0.60859375 0.39375 0.00859375 0.0140625
1 0.6015625 0.41953125 0.01015625 0.0171875
1 0.57109375 0.3890625 0.01171875 0.015625
1 0.53515625 0.4453125 0.01015625 0.01484375
1 0.36953125 0.2765625 0.00625 0.0125
1 0.27890625 0.44453125 0.0078125 0.0140625
1 0.44609375 0.3203125 0.00859375 0.0140625
1 0.446875 0.29609375 0.00859375 0.0140625
0 0.7890625 0.125 0.0109375 0.015625
1 0.51953125 0.30390625 0.0078125 0.0140625
1 0.50625 0.28984375 0.0078125 0.0140625
0 0.78203125 0.2828125 0.01015625 0.0171875
1 0.58359375 0.36796875 0.009375 0.0140625
1 0.84765625 0.3203125 0.01015625 0.0140625
1 0.359375 0.41015625 0.01015625 0.01640625
0 0.81171875 0.06015625 0.01171875 0.01875
1 0.5359375 0.29140625 0.009375 0.0171875
0 0.7859375 0.15 0.01015625 0.01640625
1 0.32734375 0.43515625 0.01015625 0.01796875
0 0.7578125 0.21015625 0.0078125 0.01484375
1 0.5390625 0.41796875 0.0109375 0.01484375
1 0.58125 0.29921875 0.00859375 0.0140625
1 0.459375 0.4875 0.00859375 0.0171875
4 0.5546875 0.9171875 0.115625 0.15859375
1 0.0046875 0.37578125 0.00859375 0.01484375
0 0.15390625 0.06796875 0.00859375 0.01640625
1 0.028125 0.34609375 0.00859375 0.015625
1 0.5140625 0.2859375 0.00703125 0.0140625
1 0.38984375 0.64453125 0.00859375 0.01640625
0 0.2609375 0.1890625 0.009375 0.01171875
1 0.18984375 0.87265625 0.00703125 0.0109375
1 0.59609375 0.325 0.00859375 0.0140625
1 0.871875 0.98828125 0.01953125 0.02265625
1 0.49296875 0.290625 0.0078125 0.01328125
1 0.3375 0.4328125 0.01171875 0.0171875
1 0.46015625 0.35078125 0.009375 0.0140625
1 0.625 0.346875 0.009375 0.01484375
1 0.61875 0.375 0.009375 0.015625
1 0.575 0.2828125 0.0078125 0.01328125
1 0.39140625 0.340625 0.0078125 0.0140625
1 0.83203125 0.9078125 0.01171875 0.01953125
1 0.69765625 0.87890625 0.00859375 0.01484375
1 0.63984375 0.34453125 0.01015625 0.0140625
1 0.36953125 0.38984375 0.00859375 0.015625
1 0.2984375 0.453125 0.0109375 0.01640625
1 0.046875 0.40546875 0.00859375 0.0109375
1 0.55078125 0.47734375 0.0109375 0.0140625
1 0.14296875 0.26328125 0.00625 0.0125
1 0.80390625 0.38828125 0.00859375 0.01640625
1 0.34375 0.36015625 0.009375 0.01484375
1 0.70546875 0.31875 0.00859375 0.0140625
1 0.025 0.47890625 0.01015625 0.0171875
1 0.55234375 0.38828125 0.009375 0.01640625
1 0.2984375 0.4140625 0.01171875 0.01796875
1 0.71328125 0.88359375 0.0109375 0.0140625
1 0.1734375 0.290625 0.00859375 0.0125
1 0.45703125 0.29453125 0.0078125 0.01328125
1 0.62890625 0.3859375 0.009375 0.01484375
1 0.93359375 0.88203125 0.01015625 0.01484375
0 0.73828125 0.7078125 0.00859375 0.0140625
1 0.95078125 0.3421875 0.01015625 0.01640625
1 0.690625 0.4 0.009375 0.015625
1 0.6 0.40390625 0.01015625 0.01328125
1 0.596875 0.37265625 0.01015625 0.01640625
1 0.478125 0.34453125 0.00859375 0.01328125
1 0.76484375 0.625 0.01015625 0.01171875
1 0.94296875 0.36953125 0.00625 0.01171875
1 0.43984375 0.2625 0.0078125 0.0125
0 0.80625 0.07890625 0.009375 0.0171875
1 0.7140625 0.33125 0.009375 0.01484375
0 0.6921875 0.7609375 0.009375 0.01796875
0 0.615625 0.80703125 0.01484375 0.02734375
1 0.45546875 0.43671875 0.0109375 0.01796875
1 0.39375 0.25703125 0.00703125 0.01171875
0 0.3 0.71640625 0.009375 0.0171875
1 0.82421875 0.27890625 0.01015625 0.01328125
1 0.4609375 0.2546875 0.00546875 0.01171875
1 0.52265625 0.42734375 0.01015625 0.0171875
1 0.0484375 0.34296875 0.0109375 0.015625
1 0.553125 0.3609375 0.00703125 0.0125
1 0.6265625 0.37265625 0.00859375 0.01484375
1 0.8953125 0.8890625 0.01015625 0.01484375
1 0.5484375 0.32421875 0.00859375 0.01328125
1 0.49921875 0.42734375 0.0109375 0.01640625
1 0.5140625 0.45859375 0.01171875 0.015625
1 0.72265625 0.86328125 0.0078125 0.0140625
1 0.60546875 0.37890625 0.00859375 0.0140625
1 0.5453125 0.28671875 0.0078125 0.01484375
1 0.5390625 0.465625 0.0109375 0.0203125
1 0.4671875 0.32890625 0.009375 0.0140625
1 0.04765625 0.98359375 0.0203125 0.0328125
1 0.31875 0.36640625 0.0078125 0.0125
0 0.259375 0.22421875 0.0109375 0.01875
1 0.584375 0.2578125 0.0078125 0.0125
1 0.30625 0.37890625 0.01015625 0.01484375
0 0.2140625 0.2078125 0.01015625 0.0125
1 0.10234375 0.3203125 0.009375 0.01328125
1 0.07265625 0.9875 0.01953125 0.025
1 0.47890625 0.55859375 0.00859375 0.0140625
1 0.54140625 0.2703125 0.0078125 0.01328125
1 0.559375 0.2734375 0.009375 0.0140625
1 0.575 0.37734375 0.009375 0.01328125
1 0.0984375 0.89609375 0.01015625 0.0171875
0 0.80546875 0.11171875 0.00703125 0.0140625
1 0.82578125 0.88828125 0.01015625 0.015625
1 0.31953125 0.3921875 0.00859375 0.01484375
1 0.31796875 0.42734375 0.009375 0.0140625
1 0.63984375 0.375 0.0109375 0.01484375
1 0.94375 0.90546875 0.0125 0.0171875
1 0.1734375 0.8859375 0.01015625 0.01640625
1 0.08671875 0.60859375 0.01015625 0.01328125
1 0.32734375 0.36015625 0.00859375 0.01171875
1 0.4859375 0.28828125 0.0078125 0.01328125
4 0.96640625 0.56796875 0.0671875 0.125
1 0.478125 0.31484375 0.009375 0.01171875
1 0.86640625 0.86640625 0.00625 0.01171875
1 0.44921875 0.42734375 0.01015625 0.01640625
1 0.11640625 0.88203125 0.00859375 0.01640625
1 0.4 0.3484375 0.01015625 0.015625
1 0.9296875 0.93046875 0.0125 0.0203125
1 0.18125 0.86875 0.0078125 0.01171875
0 0.809375 0.2625 0.0078125 0.01328125
1 0.3265625 0.37734375 0.01015625 0.01484375
1 0.88515625 0.865625 0.00625 0.01171875
1 0.40703125 0.29140625 0.0078125 0.0109375
1 0.4703125 0.53828125 0.009375 0.01875
1 0.00546875 0.359375 0.009375 0.0109375
1 0.3140625 0.4109375 0.00859375 0.01171875
1 0.47734375 0.33046875 0.01015625 0.0125
1 0.85 0.875 0.009375 0.01328125
1 0.09140625 0.30078125 0.00859375 0.0125
0 0.26953125 0.190625 0.00859375 0.01328125
1 0.87890625 0.89296875 0.00625 0.01171875
1 0.48203125 0.4546875 0.009375 0.01015625
1 0.8359375 0.275 0.009375 0.01328125
1 0.48984375 0.421875 0.009375 0.01640625
1 0.5328125 0.2703125 0.00859375 0.01328125
1 0.30625 0.39296875 0.009375 0.01484375
0 0.8234375 0.0625 0.0109375 0.01640625
1 0.0859375 0.89453125 0.0109375 0.0171875
1 0.33046875 0.403125 0.01015625 0.01171875
1 0.56875 0.26796875 0.00859375 0.01328125
1 0.51015625 0.42578125 0.009375 0.01796875
1 0.12578125 0.86484375 0.00859375 0.01015625
0 0.41328125 0.715625 0.009375 0.0140625
1 0.93828125 0.6484375 0.01171875 0.0125
1 0.32734375 0.42109375 0.01015625 0.0125
1 0.54140625 0.39921875 0.009375 0.0125
1 0.69296875 0.61953125 0.00625 0.0109375
1 0.1078125 0.33046875 0.009375 0.0125
1 0.93203125 0.896875 0.009375 0.01015625