2 0.21015625 0.2390625 0.1125 0.065625
3 0.15390625 0.4046875 0.0875 0.09375
3 0.31171875 0.85546875 0.10625 0.0828125
3 0.8015625 0.81953125 0.0953125 0.06875
3 0.82109375 0.3296875 0.0875 0.09375
4 0.73828125 0.81875 0.0859375 0.0703125
4 0.478125 0.353125 0.0828125 0.0859375
1 0.528125 0.46171875 0.034375 0.01875
1 0.35078125 0.5046875 0.034375 0.0203125
0 0.74453125 0.20625 0.034375 0.01875
1 0.67109375 0.53515625 0.0359375 0.0234375
1 0.528125 0.50390625 0.034375 0.01875
1 0.890625 0.478125 0.034375 0.0203125
1 0.88984375 0.4546875 0.034375 0.01875
1 0.29140625 0.38671875 0.0328125 0.0171875
1 0.0125 0.49921875 0.025 0.0203125
1 0.315625 0.4296875 0.0328125 0.0171875
1 0.90859375 0.51640625 0.0359375 0.0234375
1 0.54375 0.503125 0.034375 0.0203125
1 0.70390625 0.4484375 0.034375 0.01875
1 0.35390625 0.54453125 0.034375 0.0171875
1 0.365625 0.44921875 0.0328125 0.0171875
1 0.54609375 0.41796875 0.0328125 0.0171875
1 0.52578125 0.5875 0.0359375 0.01875
1 0.2703125 0.46015625 0.034375 0.0171875
1 0.95 0.3859375 0.0328125 0.0171875
1 0.7609375 0.48046875 0.034375 0.0203125
1 0.91484375 0.4625 0.0359375 0.01875
1 0.92265625 0.390625 0.034375 0.0140625
1 0.01640625 0.48125 0.0328125 0.01875
1 0.6859375 0.52734375 0.0359375 0.021875
1 0.51875 0.5265625 0.034375 0.0203125
1 0.4484375 0.434375 0.0328125 0.0171875
1 0.3171875 0.53515625 0.034375 0.0234375
1 0.5359375 0.4328125 0.034375 0.01875
1 0.89296875 0.85390625 0.0328125 0.01875
1 0.48671875 0.41875 0.0328125 0.015625
1 0.6140625 0.3828125 0.0328125 0.015625
1 0.68671875 0.884375 0.0375 0.025
1 0.653125 0.5 0.034375 0.021875
1 0.92109375 0.86328125 0.0359375 0.0234375
1 0.5484375 0.57421875 0.0359375 0.021875
1 0.43046875 0.44296875 0.0328125 0.0171875
1 0.3515625 0.56171875 0.0359375 0.0203125
1 0.52734375 0.44453125 0.0328125 0.015625
1 0.37578125 0.36328125 0.03125 0.0140625
1 0.48515625 0.45390625 0.034375 0.0171875
1 0.26640625 0.87578125 0.034375 0.0171875
1 0.91484375 0.4890625 0.034375 0.0203125
1 0.3859375 0.43359375 0.0328125 0.0171875
1 0.58046875 0.89375 0.0359375 0.0203125
1 0.65859375 0.865625 0.0328125 0.0171875
1 0.01171875 0.4078125 0.0234375 0.015625
1 0.35390625 0.43515625 0.0328125 0.0171875
1 0.534375 0.41484375 0.0328125 0.0171875
1 0.80234375 0.87109375 0.034375 0.0203125
1 0.653125 0.3953125 0.034375 0.015625
1 0.0671875 0.44921875 0.034375 0.015625
1 0.44609375 0.403125 0.0328125 0.0171875
1 0.8265625 0.94765625 0.0453125 0.040625
1 0.93046875 0.4171875 0.034375 0.0171875
1 0.496875 0.4578125 0.034375 0.0171875
1 0.0421875 0.365625 0.0328125 0.015625
1 0.1296875 0.34296875 0.03125 0.0140625
1 0.30859375 0.4078125 0.0328125 0.0171875
1 0.65625 0.37109375 0.0328125 0.015625
1 0.39609375 0.33828125 0.0296875 0.0125
1 0.24921875 0.97109375 0.04375 0.034375
1 0.11640625 0.36875 0.03125 0.0140625
1 0.45 0.5 0.034375 0.0203125
1 0.2421875 0.87421875 0.03125 0.0140625
1 0.6171875 0.3671875 0.03125 0.015625
1 0.6546875 0.35546875 0.0328125 0.015625
1 0.47578125 0.39921875 0.0328125 0.0171875
1 0.28125 0.44296875 0.0328125 0.0171875
1 0.275 0.95703125 0.0421875 0.0328125
1 0.71875 0.41953125 0.0328125 0.0171875
4 0.5875 0.8171875 0.0671875 0.0453125
4 0.1234375 0.89375 0.115625 0.11875
1 0.71484375 0.85078125 0.034375 0.0171875
1 0.64375 0.3375 0.0328125 0.015625
1 0.27578125 0.9234375 0.0359375 0.021875
1 0.68671875 0.5765625 0.034375 0.0125
1 0.05625 0.4328125 0.034375 0.01875
1 0.25 0.90078125 0.0328125 0.015625
0 0.734375 0.71640625 0.03125 0.015625
1 0.328125 0.38046875 0.0328125 0.015625
1 0.35625 0.3453125 0.03125 0.0140625
1 0.08359375 0.4171875 0.0328125 0.015625
1 0.3125 0.35625 0.0296875 0.0140625
1 0.29609375 0.35703125 0.03125 0.0140625
1 0.67109375 0.353125 0.03125 0.015625
1 0.9234375 0.40625 0.0328125 0.015625
1 0.6328125 0.88984375 0.0421875 0.025
0 0.2 0.20625 0.0328125 0.0171875
1 0.32734375 0.34375 0.0328125 0.0140625
1 0.23515625 0.92265625 0.0375 0.0265625
1 0.8484375 0.85859375 0.034375 0.0171875
1 0.828125 0.60390625 0.0375 0.0265625
1 0.5546875 0.3640625 0.03125 0.015625
1 0.31171875 0.99453125 0.0390625 0.0109375
0 0.73125 0.15234375 0.0328125 0.015625
1 0.4546875 0.40625 0.034375 0.015625
1 0.85625 0.61640625 0.0375 0.0265625
1 0.103125 0.403125 0.03125 0.015625
1 0.11171875 0.40390625 0.03125 0.015625
1 0.459375 0.4390625 0.034375 0.01875
1 0.071875 0.4046875 0.0328125 0.0140625
1 0.61328125 0.3125 0.0328125 0.0140625
1 0.90234375 0.840625 0.0328125 0.0140625
1 0.1046875 0.38203125 0.0328125 0.0140625
1 0.7078125 0.43046875 0.034375 0.015625
1 0.246875 0.9203125 0.034375 0.021875
1 0.5796875 0.34140625 0.0328125 0.0140625
1 0.453125 0.48359375 0.0328125 0.0140625
1 0.3921875 0.31328125 0.0296875 0.0125
1 0.46171875 0.46328125 0.034375 0.015625
1 0.90859375 0.39296875 0.0328125 0.015625
1 0.89140625 0.37890625 0.034375 0.0140625
1 0.60546875 0.3234375 0.0296875 0.0125
1 0.43359375 0.32734375 0.03125 0.0140625
1 0.21015625 0.90234375 0.0328125 0.0171875
1 0.365625 0.38984375 0.03125 0.015625
1 0.45390625 0.30625 0.03125 0.0140625
1 0.35625 0.3328125 0.03125 0.0125
1 0.2109375 0.98203125 0.04375 0.0359375
1 0.8859375 0.3578125 0.03125 0.0125
1 0.51328125 0.3640625 0.0328125 0.0140625
1 0.6234375 0.284375 0.03125 0.0140625
1 0.3453125 0.36015625 0.03125 0.0140625
1 0.87890625 0.371875 0.034375 0.015625
1 0.3375 0.38203125 0.03125 0.0140625
1 0.8609375 0.84765625 0.034375 0.01875
1 0.7296875 0.59375 0.0359375 0.01875
1 0.66640625 0.39453125 0.034375 0.01875
1 0.35234375 0.39765625 0.0328125 0.0171875
1 0.371875 0.3109375 0.0296875 0.0125
1 0.95859375 0.8921875 0.0375 0.0265625
1 0.615625 0.8421875 0.0296875 0.0109375
1 0.8265625 0.57109375 0.0328125 0.0125
1 0.50859375 0.38671875 0.0328125 0.0171875
1 0.5421875 0.31796875 0.0296875 0.0125
1 0.22578125 0.9625 0.0421875 0.0296875
1 0.66328125 0.303125 0.03125 0.0140625
1 0.47734375 0.43984375 0.0328125 0.015625
1 0.009375 0.48203125 0.01875 0.0171875
1 0.64296875 0.384375 0.034375 0.015625
1 0.4265625 0.30546875 0.0328125 0.0140625
1 0.0875 0.34921875 0.03125 0.0140625
1 0.36953125 0.40703125 0.034375 0.0171875
1 0.6453125 0.3578125 0.0328125 0.0140625
0 0.73828125 0.1484375 0.0328125 0.0171875
1 0.675 0.5109375 0.034375 0.0171875
1 0.65 0.32578125 0.0296875 0.0109375
1 0.63125 0.26015625 0.0296875 0.0140625
1 0.1984375 0.9 0.0328125 0.01875
1 0.44296875 0.32421875 0.0296875 0.0125
1 0.5296875 0.38984375 0.03125 0.0140625
1 0.1828125 0.89453125 0.03125 0.015625
1 0.63984375 0.365625 0.0328125 0.0140625
1 0.52421875 0.40078125 0.0328125 0.015625
1 0.56484375 0.6109375 0.0328125 0.021875
1 0.9265625 0.36875 0.0328125 0.015625
1 0.22890625 0.88671875 0.0328125 0.015625
1 0.515625 0.29375 0.0296875 0.0125
2 0.7328125 0.20625 0.1171875 0.0578125
1 0.4484375 0.46796875 0.0328125 0.0140625
1 0.340625 0.33671875 0.03125 0.0140625
1 0.79765625 0.62734375 0.0328125 0.0125
1 0.7828125 0.61953125 0.0359375 0.0234375
1 0.4578125 0.85390625 0.028125 0.009375
1 0.90078125 0.36953125 0.03125 0.015625
1 0.93828125 0.36171875 0.03125 0.0140625
1 0.8140625 0.86875 0.034375 0.01875
1 0.93203125 0.3484375 0.03125 0.0140625
1 0.47265625 0.84453125 0.0328125 0.0125
0 0.70390625 0.171875 0.03125 0.015625
1 0.71328125 0.634375 0.0296875 0.009375
3 0.46796875 0.81328125 0.0703125 0.046875
1 0.66875 0.2765625 0.03125 0.0140625
1 0.609375 0.41171875 0.0296875 0.0125
1 0.41015625 0.30234375 0.03125 0.0125
1 0.35 0.38359375 0.0328125 0.015625
1 0.484375 0.4015625 0.0328125 0.0140625
1 0.35859375 0.31015625 0.03125 0.0125
1 0.8875 0.50625 0.03125 0.0125
1 0.896875 0.31875 0.03125 0.0140625
1 0.87734375 0.30703125 0.03125 0.0140625
1 0.92421875 0.8359375 0.0328125 0.0140625
1 0.53125 0.29609375 0.03125 0.0125
1 0.45234375 0.8421875 0.03125 0.0125
1 0.5625 0.3546875 0.0328125 0.015625
1 0.5796875 0.8484375 0.028125 0.009375
1 0.4046875 0.6234375 0.034375 0.01875
1 0.1375 0.32578125 0.0328125 0.0125
1 0.821875 0.86171875 0.034375 0.0203125
1 0.76875 0.571875 0.03125 0.0125
1 0.84375 0.84609375 0.03125 0.0125
1 0.5921875 0.83828125 0.03125 0.0125
1 0.071875 0.34453125 0.03125 0.0140625
0 0.71875 0.68828125 0.03125 0.0140625
1 0.8359375 0.83359375 0.03125 0.0125
0 0.74453125 0.75703125 0.0328125 0.0140625
1 0.9171875 0.36953125 0.034375 0.015625
1 0.63828125 0.47265625 0.03125 0.0125
0 0.42578125 0.99140625 0.0453125 0.0171875
0 0.71875 0.1671875 0.03125 0.0140625
1 0.4515625 0.825 0.0296875 0.015625
1 0.759375 0.7984375 0.03125 0.0140625
1 0.4734375 0.6484375 0.0296875 0.0109375