4 0.15546875 0.290625 0.1171875 0.0890625
1 0.83125 0.396875 0.0359375 0.01875
1 0.47734375 0.39453125 0.0359375 0.0171875
1 0.45546875 0.3890625 0.0375 0.015625
1 0.48359375 0.31796875 0.0359375 0.0140625
1 0.65234375 0.39375 0.0359375 0.0171875
1 0.74375 0.90703125 0.0359375 0.01875
1 0.63828125 0.35 0.0359375 0.0140625
1 0.74609375 0.98671875 0.0515625 0.0265625
1 0.8515625 0.440625 0.0375 0.01875
1 0.875 0.37890625 0.0375 0.015625
1 0.05859375 0.321875 0.0359375 0.015625
1 0.3109375 0.4765625 0.0390625 0.01875
1 0.29296875 0.49609375 0.0390625 0.0234375
1 0.796875 0.97265625 0.046875 0.0359375
1 0.38359375 0.340625 0.0375 0.0171875
1 0.45703125 0.60859375 0.0421875 0.028125
1 0.984375 0.521875 0.03125 0.021875
1 0.5203125 0.33203125 0.0359375 0.015625
1 0.44296875 0.3671875 0.0359375 0.0171875
1 0.6765625 0.35078125 0.034375 0.015625
1 0.6359375 0.375 0.0375 0.0171875
1 0.9765625 0.44140625 0.0375 0.0203125
1 0.86640625 0.41171875 0.0375 0.0171875
1 0.3375 0.475 0.0375 0.0203125
1 0.55078125 0.2828125 0.034375 0.0140625
1 0.49609375 0.28359375 0.0359375 0.015625
1 0.265625 0.54765625 0.0390625 0.021875
1 0.903125 0.54296875 0.0390625 0.021875
1 0.8140625 0.425 0.0375 0.01875
1 0.43359375 0.3453125 0.0359375 0.015625
1 0.37109375 0.446875 0.0390625 0.0203125
2 0.2625 0.1953125 0.121875 0.078125
1 0.11484375 0.85546875 0.0390625 0.0140625
1 0.63515625 0.45546875 0.0375 0.021875
1 0.94609375 0.37265625 0.0375 0.0140625
1 0.92421875 0.534375 0.0390625 0.0203125
1 0.79375 0.9375 0.040625 0.0234375
1 0.69453125 0.33359375 0.0359375 0.0140625
1 0.58046875 0.271875 0.034375 0.0125
1 0.58203125 0.86015625 0.0390625 0.0234375
1 0.9859375 0.55390625 0.028125 0.0234375
1 0.41484375 0.33046875 0.0359375 0.0171875
1 0.621875 0.55546875 0.040625 0.0234375
1 0.08359375 0.30390625 0.0375 0.015625
1 0.68046875 0.36875 0.0359375 0.0125
1 0.90625 0.35078125 0.0359375 0.0171875
1 0.81484375 0.46484375 0.0375 0.01875
1 0.88515625 0.3390625 0.0390625 0.0203125
1 0.403125 0.37578125 0.0359375 0.0171875
1 0.1765625 0.246875 0.0359375 0.0140625
1 0.5171875 0.29296875 0.0375 0.0140625
1 0.2625 0.51484375 0.0390625 0.021875
1 0.12734375 0.32265625 0.0359375 0.015625
1 0.3375 0.36015625 0.0375 0.0171875
1 0.97265625 0.47578125 0.040625 0.01875
1 0.14609375 0.9296875 0.046875 0.0375
1 0.37109375 0.25546875 0.0359375 0.015625
1 0.9875 0.3859375 0.025 0.015625
1 0.9328125 0.56796875 0.0421875 0.025
2 0.77734375 0.228125 0.121875 0.059375
1 0.32421875 0.36796875 0.0359375 0.015625
0 0.15078125 0.20390625 0.0375 0.01875
1 0.9359375 0.36171875 0.0390625 0.0171875
1 0.9203125 0.57421875 0.0375 0.01875
1 0.3578125 0.25078125 0.0359375 0.0140625
1 0.61796875 0.90234375 0.0375 0.0203125
1 0.5421875 0.9046875 0.0421875 0.021875
1 0.3484375 0.446875 0.0390625 0.0171875
1 0.7140625 0.8828125 0.0359375 0.0140625
1 0.67890625 0.39140625 0.0390625 0.0203125
1 0.82734375 0.3453125 0.0375 0.01875
3 0.7484375 0.59375 0.1453125 0.1453125
3 0.64609375 0.2921875 0.0796875 0.0828125
3 0.69765625 0.265625 0.0875 0.078125
4 0.81875 0.28828125 0.0953125 0.0921875
0 0.862427621875 0.18515210937499998 0.8627805625 0.171411178125 0.8267690156249999 0.172213796875 0.8286477890624999 0.1890547734375 0.862427621875 0.18515210937499998
0 0.8029041890625 0.17839990156250002 0.8280895578124999 0.186524825 0.8420331234375 0.1778455578125 0.8414164609375 0.16881333125 0.8201794781249999 0.16529275937500001 0.8029041890625 0.17839990156250002
0 0.8255922375000001 0.16235214375 0.83383929375 0.1488261359375 0.802765384375 0.14507822343750001 0.7961764437500001 0.16321229375 0.8255922375000001 0.16235214375
0 0.8187283546874999 0.237025571875 0.8247108234375 0.22326848125 0.791180078125 0.221008546875 0.7880210875 0.234826025 0.8187283546874999 0.237025571875
0 0.76921499375 0.207983909375 0.7717066828125 0.197454084375 0.764184490625 0.192763796875 0.75273108125 0.1925271234375 0.7405657625 0.1952989734375 0.7369904953125 0.1982483234375 0.735210715625 0.2057696296875 0.7481036546875 0.21208251250000001 0.7595570703125001 0.2123191859375 0.76921499375 0.207983909375
0 0.7715413343749999 0.228322709375 0.7750434953124999 0.22686902656250002 0.7804818171875 0.21784933125 0.778528575 0.213250203125 0.7699582375 0.2100452390625 0.757498496875 0.209807159375 0.750881403125 0.2112013203125 0.7469920046875 0.21416820468750003 0.7450558484375 0.22173422031249998 0.7528517265625 0.2279655875 0.7715413343749999 0.228322709375
0 0.749581815625 0.24871888437499998 0.7561885390625 0.25041110624999996 0.7676757484375 0.2507087875 0.777436721875 0.24791970624999998 0.785185865625 0.2435574703125 0.7860426796875 0.2390166265625 0.78403084375 0.237443475 0.7817334015624999 0.23738393906250002 0.7734004484375 0.23260495312499999 0.7596157984375 0.23224773437500001 0.7495692125 0.23655043281250002 0.7467005640625 0.23951812499999997 0.7458437453125 0.24405896875000002 0.749581815625 0.24871888437499998
0 0.7956760796875 0.075134496875 0.8249357406250001 0.07581644531250001 0.82825705625 0.072726175 0.826589103125 0.067935784375 0.8219305125 0.0646595296875 0.8142812734374999 0.0628974140625 0.8086306609375 0.064349553125 0.800650753125 0.0641635671875 0.7913481578125 0.070282109375 0.790686815625 0.0734343734375 0.7956760796875 0.075134496875
0 0.19538403124999998 0.0857527 0.204154475 0.0934981234375 0.2275185828125 0.0940297765625 0.23334180781249997 0.07907058593750001 0.20315782656249998 0.073856234375 0.19538403124999998 0.0857527
0 0.29284755625000003 0.1595356359375 0.29376470625 0.1443273921875 0.26028496875 0.14227625625 0.2622020421875 0.16057381875 0.29284755625000003 0.1595356359375
0 0.30162530468750004 0.171409359375 0.3053623015625 0.15749374375 0.2707156796875 0.161524109375 0.27782941562499996 0.17252981875 0.30162530468750004 0.171409359375
0 0.199037865625 0.0742303546875 0.1809975359375 0.0737703140625 0.17424478125 0.0853511140625 0.18469135625 0.1017778828125 0.2001963109375 0.10364239687500001 0.212592853125 0.09808201562499999 0.21483552499999997 0.0863862046875 0.199037865625 0.0742303546875
0 0.1761919359375 0.7379084125 0.182738440625 0.7241307703125 0.15840508749999999 0.7221093749999999 0.1472155875 0.729615784375 0.1761919359375 0.7379084125