3 0.10546875 0.88359375 0.11875 0.13125
4 0.6109375 0.29140625 0.05546875 0.06484375
3 0.8125 0.83125 0.06015625 0.0578125
2 0.7703125 0.22109375 0.08828125 0.0609375
4 0.39453125 0.44375 0.103125 0.11640625
1 0.79375 0.575 0.0140625 0.02421875
1 0.546875 0.48203125 0.0109375 0.01953125
1 0.69921875 0.3921875 0.009375 0.01640625
3 0.8359375 0.31484375 0.0328125 0.06484375
4 0.22265625 0.82421875 0.03984375 0.0515625
1 0.9171875 0.4203125 0.0109375 0.0171875
1 0.65390625 0.52890625 0.0125 0.021875
1 0.3828125 0.90078125 0.01328125 0.01640625
1 0.646875 0.36796875 0.009375 0.0140625
1 0.1328125 0.56171875 0.0125 0.02265625
1 0.34609375 0.49375 0.01171875 0.01875
1 0.64609375 0.86796875 0.0109375 0.01875
3 0.4078125 0.2921875 0.06953125 0.06875
1 0.6703125 0.43984375 0.01015625 0.01640625
1 0.4640625 0.56015625 0.01328125 0.02265625
1 0.40078125 0.51640625 0.0109375 0.0203125
1 0.159375 0.41640625 0.01015625 0.015625
1 0.2859375 0.8890625 0.01171875 0.0203125
1 0.99140625 0.38125 0.0109375 0.01640625
1 0.58359375 0.36875 0.009375 0.0140625
1 0.7265625 0.5140625 0.0125 0.01953125
2 0.24453125 0.22734375 0.0921875 0.046875
1 0.11796875 0.484375 0.0109375 0.01875
1 0.53046875 0.40546875 0.009375 0.015625
1 0.69140625 0.48671875 0.0109375 0.0203125
1 0.046875 0.56953125 0.0140625 0.0203125
1 0.325 0.88359375 0.0109375 0.01953125
1 0.17109375 0.39453125 0.009375 0.01484375
1 0.765625 0.88359375 0.0109375 0.0203125
1 0.359375 0.87109375 0.0109375 0.015625
1 0.9015625 0.36875 0.009375 0.01484375
1 0.11640625 0.40234375 0.00859375 0.015625
1 0.4609375 0.43515625 0.0109375 0.01953125
1 0.0046875 0.56796875 0.009375 0.01875
1 0.41015625 0.35703125 0.009375 0.01484375
1 0.409375 0.5390625 0.01171875 0.021875
1 0.190625 0.3796875 0.0078125 0.0140625
1 0.4796875 0.40234375 0.009375 0.01640625
1 0.07578125 0.4703125 0.0109375 0.01875
1 0.84140625 0.86796875 0.0078125 0.01484375
1 0.15390625 0.4390625 0.01015625 0.01640625
1 0.07421875 0.5125 0.0125 0.01875
1 0.921875 0.3453125 0.009375 0.0140625
1 0.5171875 0.37265625 0.00859375 0.015625
1 0.0953125 0.64296875 0.01484375 0.0234375
1 0.85234375 0.95390625 0.01875 0.034375
1 0.14921875 0.37421875 0.0109375 0.0171875
1 0.15703125 0.39765625 0.009375 0.0140625
1 0.61875 0.37421875 0.00859375 0.01171875
1 0.4890625 0.44140625 0.0109375 0.0171875
1 0.08359375 0.4265625 0.01015625 0.01640625
1 0.33125 0.4015625 0.009375 0.0140625
1 0.7140625 0.53046875 0.0125 0.0203125
1 0.321875 0.453125 0.0109375 0.01640625
1 0.4328125 0.35703125 0.00703125 0.01328125
1 0.62265625 0.3875 0.009375 0.015625
1 0.38359375 0.5890625 0.01171875 0.01328125
1 0.6671875 0.42421875 0.009375 0.01484375
1 0.34609375 0.32421875 0.0078125 0.0140625
1 0.5296875 0.890625 0.01328125 0.02421875
1 0.45859375 0.409375 0.0109375 0.0171875
1 0.55546875 0.38828125 0.009375 0.015625
1 0.49296875 0.6453125 0.01171875 0.0140625
1 0.33984375 0.36953125 0.0078125 0.01484375
1 0.35859375 0.9 0.015625 0.0171875
1 0.05 0.928125 0.015625 0.02890625
1 0.3203125 0.428125 0.009375 0.015625
1 0.478125 0.89296875 0.01328125 0.0234375
1 0.375 0.8859375 0.01015625 0.0171875
1 0.10390625 0.453125 0.0109375 0.01640625
1 0.15078125 0.97265625 0.02109375 0.0375
1 0.13515625 0.40703125 0.01015625 0.01484375
1 0.67578125 0.62265625 0.01328125 0.02109375
1 0.50625 0.3234375 0.0078125 0.01328125
1 0.33671875 0.4640625 0.01015625 0.0171875
1 0.0625 0.51171875 0.0109375 0.02109375
1 0.9453125 0.34609375 0.01015625 0.015625
1 0.546875 0.33828125 0.00859375 0.0140625
1 0.36640625 0.3734375 0.00859375 0.0140625
1 0.16015625 0.31875 0.00703125 0.01171875
1 0.6046875 0.3984375 0.00859375 0.01640625
1 0.36015625 0.49453125 0.01171875 0.01953125
1 0.66484375 0.39375 0.0109375 0.015625
0 0.18515625 0.2328125 0.0109375 0.01953125
1 0.109375 0.38046875 0.009375 0.01328125
1 0.03046875 0.4390625 0.0109375 0.0171875
1 0.334375 0.421875 0.01015625 0.01640625
1 0.5015625 0.4 0.009375 0.015625
1 0.85546875 0.328125 0.0078125 0.0125
1 0.53203125 0.30625 0.00703125 0.01328125
1 0.690625 0.34609375 0.009375 0.01484375
1 0.66640625 0.3765625 0.00859375 0.0140625
1 0.24140625 0.871875 0.0109375 0.0171875
1 0.38984375 0.3296875 0.00703125 0.0125
1 0.55390625 0.36484375 0.00859375 0.01328125
1 0.159375 0.38046875 0.01015625 0.01484375
1 0.0484375 0.41953125 0.01015625 0.0171875
1 0.328125 0.3546875 0.00859375 0.0140625
1 0.10234375 0.42265625 0.0125 0.01875
1 0.87734375 0.30625 0.00859375 0.0125
1 0.32421875 0.3921875 0.009375 0.01328125
1 0.31328125 0.41484375 0.00859375 0.0171875
1 0.359375 0.39453125 0.01015625 0.0140625
1 0.4625 0.3734375 0.00859375 0.0125
1 0.378125 0.3640625 0.00859375 0.0125
1 0.465625 0.32421875 0.0078125 0.0140625
1 0.34765625 0.3859375 0.01015625 0.01484375
1 0.48515625 0.33203125 0.00859375 0.0140625
1 0.52890625 0.33671875 0.00859375 0.01484375
1 0.4703125 0.38984375 0.009375 0.01484375
1 0.32734375 0.32734375 0.009375 0.015625
1 0.915625 0.87734375 0.009375 0.01640625
1 0.77578125 0.6421875 0.0125 0.0140625
1 0.75859375 0.634375 0.0140625 0.01875
1 0.1265625 0.396875 0.00859375 0.0140625
1 0.30078125 0.3484375 0.00859375 0.015625
1 0.5625 0.33359375 0.00859375 0.0140625
1 0.07265625 0.4015625 0.01015625 0.0171875
0 0.39453125 0.7671875 0.0109375 0.0171875
1 0.4484375 0.37265625 0.009375 0.0125
1 0.359375 0.34375 0.01015625 0.0125
1 0.88828125 0.3265625 0.009375 0.0140625
1 0.7390625 0.6265625 0.0140625 0.02265625
1 0.4578125 0.88046875 0.0140625 0.0234375
1 0.54921875 0.84609375 0.00859375 0.01328125
1 0.07421875 0.496875 0.01171875 0.01328125
1 0.3828125 0.84375 0.01171875 0.01953125
1 0.1140625 0.4609375 0.009375 0.01640625
1 0.7421875 0.84140625 0.00546875 0.01171875
1 0.1 0.403125 0.0109375 0.01328125
1 0.08203125 0.4015625 0.0109375 0.01640625
1 0.14296875 0.32421875 0.0078125 0.01328125
1 0.2921875 0.328125 0.00859375 0.0140625
1 0.33203125 0.38671875 0.00859375 0.01484375
1 0.3328125 0.90703125 0.009375 0.009375
1 0.934375 0.9453125 0.00703125 0.0171875
1 0.90234375 0.315625 0.00703125 0.01328125
1 0.465625 0.30625 0.00703125 0.0109375
1 0.834375 0.64609375 0.0125 0.0140625
1 0.1921875 0.878125 0.0109375 0.01796875
1 0.478125 0.3515625 0.009375 0.01484375
1 0.46171875 0.38671875 0.00859375 0.0171875
1 0.06171875 0.40078125 0.01015625 0.01640625
1 0.32265625 0.378125 0.0109375 0.01484375
1 0.51171875 0.3859375 0.0109375 0.0140625
1 0.45234375 0.38359375 0.009375 0.01484375
1 0.09765625 0.38984375 0.009375 0.0140625
1 0.97265625 0.3484375 0.0078125 0.01484375
1 0.3765625 0.390625 0.0109375 0.0140625
1 0.88984375 0.30546875 0.00859375 0.0125
1 0.88984375 0.859375 0.00703125 0.0140625
1 0.93671875 0.87734375 0.009375 0.0140625
1 0.2234375 0.86015625 0.00859375 0.0125
1 0.25390625 0.5296875 0.00859375 0.01796875
1 0.85078125 0.853125 0.00703125 0.0109375
1 0.2078125 0.88359375 0.0109375 0.01796875
1 0.92890625 0.934375 0.0109375 0.0125
1 0.2171875 0.878125 0.0078125 0.015625
1 0.27734375 0.87265625 0.00859375 0.01328125
1 0.1734375 0.8703125 0.009375 0.015625
1 0.49921875 0.30625 0.009375 0.0125
1 0.29609375 0.853125 0.01015625 0.0140625
1 0.92421875 0.946875 0.00859375 0.01796875
0 0.41875 0.7359375 0.00859375 0.01640625
1 0.2828125 0.85546875 0.0109375 0.01640625
0 0.78203125 0.24453125 0.0078125 0.0125
1 0.4921875 0.32578125 0.00703125 0.0125
1 0.04453125 0.5375 0.00546875 0.01171875
1 0.17265625 0.840625 0.0078125 0.01015625
1 0.15390625 0.30625 0.00703125 0.0125
1 0.9109375 0.8625 0.00859375 0.0125
1 0.02265625 0.42890625 0.01015625 0.01484375
1 0.471875 0.43203125 0.0109375 0.0203125
1 0.359375 0.884375 0.01171875 0.01328125
1 0.103125 0.34453125 0.00859375 0.0140625
1 0.934375 0.32890625 0.0125 0.01796875
1 0.03359375 0.4203125 0.01328125 0.01875
1 0.85 0.303125 0.00859375 0.01015625
1 0.1 0.3296875 0.009375 0.01328125
1 0.26171875 0.990625 0.0140625 0.0171875
1 0.05234375 0.58515625 0.0125 0.01328125
1 0.97734375 0.996875 0.0109375 0.00625
1 0.88515625 0.85234375 0.00703125 0.01015625
1 0.41015625 0.32734375 0.009375 0.0125
1 0.003125 0.4515625 0.00625 0.0109375
1 0.1203125 0.328125 0.01015625 0.0140625
1 0.37734375 0.34921875 0.01015625 0.01171875
1 0.921875 0.31796875 0.00859375 0.0140625