4 0.91015625 0.909375 0.103125 0.14765625
1 0.30234375 0.453125 0.0109375 0.0171875
4 0.43671875 0.53671875 0.1078125 0.11875
1 0.403125 0.46484375 0.01015625 0.01953125
3 0.175 0.8265625 0.04609375 0.046875
1 0.11640625 0.46875 0.00859375 0.0171875
2 0.76875 0.21953125 0.08671875 0.0578125
1 0.37890625 0.453125 0.0109375 0.01640625
1 0.1671875 0.403125 0.0078125 0.015625
1 0.953125 0.37265625 0.0078125 0.0140625
1 0.11328125 0.465625 0.01015625 0.01875
1 0.2859375 0.48125 0.01015625 0.01875
1 0.11484375 0.38359375 0.00859375 0.01484375
1 0.303125 0.51640625 0.0140625 0.02265625
1 0.353125 0.35 0.0078125 0.0140625
1 0.56875 0.43359375 0.009375 0.0171875
1 0.02734375 0.578125 0.0109375 0.0203125
1 0.82890625 0.64375 0.009375 0.01875
3 0.18125 0.30234375 0.0328125 0.06640625
1 0.0453125 0.41875 0.01015625 0.01640625
1 0.27265625 0.5546875 0.01328125 0.02421875
1 0.365625 0.3703125 0.009375 0.015625
1 0.1796875 0.3828125 0.0078125 0.01484375
2 0.25078125 0.22734375 0.08828125 0.04140625
1 0.340625 0.575 0.0140625 0.0234375
1 0.34609375 0.4234375 0.00859375 0.01484375
1 0.35625 0.4 0.00859375 0.01640625
1 0.540625 0.39140625 0.00859375 0.01640625
1 0.85390625 0.2984375 0.00703125 0.0125
1 0.88125 0.30078125 0.00859375 0.01171875
1 0.4625 0.61640625 0.0140625 0.021875
1 0.45703125 0.36875 0.00859375 0.01484375
1 0.353125 0.90546875 0.01015625 0.01171875
1 0.5328125 0.4015625 0.0078125 0.015625
1 0.29296875 0.440625 0.009375 0.0171875
1 0.05078125 0.578125 0.01328125 0.01953125
1 0.34140625 0.47734375 0.01015625 0.01875
1 0.3203125 0.53125 0.0125 0.02109375
1 0.60234375 0.43515625 0.01015625 0.0171875
1 0.31953125 0.42734375 0.009375 0.01796875
1 0.953125 0.48515625 0.0109375 0.01875
1 0.34296875 0.4375 0.01015625 0.01640625
1 0.49921875 0.42578125 0.01015625 0.01796875
1 0.396875 0.3546875 0.00703125 0.01328125
1 0.3734375 0.5828125 0.0125 0.01875
1 0.07421875 0.42265625 0.0109375 0.0140625
1 0.14296875 0.90078125 0.01484375 0.0234375
1 0.07734375 0.5640625 0.0140625 0.0234375
1 0.140625 0.87734375 0.01015625 0.01640625
1 0.2578125 0.57578125 0.0140625 0.021875
1 0.00546875 0.56640625 0.01015625 0.021875
1 0.3171875 0.8640625 0.0078125 0.01328125
1 0.1265625 0.9265625 0.01640625 0.028125
1 0.35625 0.55703125 0.01328125 0.0234375
1 0.22578125 0.88046875 0.0109375 0.01796875
1 0.36484375 0.48203125 0.0109375 0.01640625
1 0.3328125 0.86484375 0.0125 0.01640625
1 0.09375 0.42265625 0.009375 0.01484375
1 0.05078125 0.51484375 0.0125 0.0203125
1 0.23671875 0.5640625 0.0125 0.0234375
1 0.51953125 0.40078125 0.00859375 0.01640625
1 0.6296875 0.425 0.01015625 0.01875
1 0.0921875 0.64765625 0.01171875 0.01328125
1 0.3921875 0.5921875 0.0109375 0.01171875
1 0.63984375 0.3859375 0.01015625 0.01640625
1 0.1171875 0.8703125 0.01015625 0.01328125
1 0.26015625 0.91875 0.015625 0.028125
1 0.89140625 0.30546875 0.00859375 0.01484375
1 0.10390625 0.425 0.0109375 0.01640625
1 0.925 0.35078125 0.01015625 0.015625
1 0.284375 0.6453125 0.01328125 0.01484375
1 0.3921875 0.34296875 0.00859375 0.01328125
1 0.26640625 0.87109375 0.009375 0.01328125
1 0.18828125 0.95703125 0.02109375 0.03828125
1 0.8828125 0.32421875 0.0078125 0.01171875
1 0.46875 0.90078125 0.0109375 0.0171875
1 0.271875 0.625 0.0125 0.0203125
0 0.678125 0.9890625 0.01484375 0.0203125
1 0.4953125 0.58125 0.0140625 0.0234375
1 0.53046875 0.5453125 0.01171875 0.01640625
1 0.20859375 0.88046875 0.01015625 0.01796875
1 0.16015625 0.39765625 0.00859375 0.015625
1 0.93046875 0.328125 0.0109375 0.015625
1 0.3234375 0.88984375 0.01171875 0.021875
1 0.0828125 0.4015625 0.00859375 0.01875
1 0.80390625 0.63984375 0.0140625 0.021875
1 0.30546875 0.43828125 0.01015625 0.0140625
1 0.1609375 0.3125 0.0046875 0.00703125
1 0.0921875 0.8984375 0.0140625 0.0203125
1 0.05625 0.93203125 0.01640625 0.0296875
1 0.159375 0.8796875 0.0109375 0.0171875
1 0.52109375 0.4546875 0.00859375 0.01796875
1 0.9 0.31875 0.009375 0.0125
1 0.334375 0.88671875 0.009375 0.02109375
1 0.3640625 0.36640625 0.00625 0.0109375
1 0.315625 0.57421875 0.0140625 0.021875
1 0.0703125 0.646875 0.01171875 0.0125
1 0.95703125 0.459375 0.0125 0.01875
1 0.59921875 0.3046875 0.009375 0.01171875
1 0.2625 0.64921875 0.009375 0.00859375
1 0.13515625 0.32109375 0.01015625 0.01171875
1 0.253125 0.559375 0.01015625 0.01328125
1 0.34453125 0.3015625 0.00859375 0.0125
1 0.10078125 0.38359375 0.0109375 0.01484375
3 0.79609375 0.89296875 0.11484375 0.1609375