4 0.92265625 0.3375 0.0890625 0.1015625
2 0.77109375 0.22109375 0.0890625 0.0578125
3 0.11015625 0.8765625 0.1 0.128125
1 0.984375 0.42421875 0.01171875 0.01796875
1 0.8828125 0.4296875 0.0109375 0.0171875
4 0.203125 0.8265625 0.0453125 0.0453125
1 0.2953125 0.48984375 0.0109375 0.015625
1 0.17109375 0.5609375 0.0140625 0.0234375
4 0.41875 0.34765625 0.0796875 0.0796875
1 0.70859375 0.8796875 0.01171875 0.01953125
1 0.61875 0.44765625 0.01015625 0.01796875
3 0.246875 0.8234375 0.0515625 0.053125
0 0.2375 0.190625 0.01015625 0.01640625
1 0.44375 0.4421875 0.01015625 0.01796875
1 0.57109375 0.45 0.01015625 0.01953125
1 0.521875 0.44453125 0.0109375 0.01875
1 0.22890625 0.86953125 0.0078125 0.01484375
1 0.559375 0.534375 0.0125 0.021875
0 0.2171875 0.17890625 0.01015625 0.0171875
1 0.64375 0.44765625 0.01015625 0.01875
1 0.2625 0.53125 0.01171875 0.01796875
1 0.84140625 0.4265625 0.01015625 0.01796875
1 0.54375 0.41796875 0.009375 0.015625
1 0.4703125 0.5234375 0.0125 0.02265625
1 0.3921875 0.41796875 0.00859375 0.015625
1 0.36015625 0.49296875 0.0109375 0.0203125
4 0.83828125 0.84375 0.046875 0.06953125
1 0.54140625 0.44921875 0.0109375 0.01796875
1 0.34765625 0.38125 0.009375 0.015625
1 0.05625 0.43046875 0.0109375 0.01484375
1 0.584375 0.42109375 0.01015625 0.01640625
1 0.7234375 0.51171875 0.01171875 0.021875
1 0.14453125 0.3984375 0.009375 0.01640625
1 0.04453125 0.44609375 0.01171875 0.02109375
1 0.4953125 0.39453125 0.009375 0.015625
1 0.5828125 0.32109375 0.0078125 0.0140625
1 0.62578125 0.8859375 0.01171875 0.021875
0 0.2296875 0.17109375 0.009375 0.0171875
1 0.37109375 0.403125 0.009375 0.015625
1 0.578125 0.36796875 0.00859375 0.01484375
1 0.19453125 0.89453125 0.01171875 0.02109375
1 0.66171875 0.42734375 0.009375 0.01796875
1 0.28984375 0.46796875 0.01171875 0.01875
1 0.4015625 0.434375 0.01015625 0.0171875
1 0.65859375 0.38359375 0.00859375 0.015625
1 0.1265625 0.3515625 0.00859375 0.0140625
1 0.096875 0.37109375 0.00859375 0.0140625
0 0.19453125 0.14765625 0.01171875 0.01796875
1 0.89140625 0.89765625 0.0125 0.021875
1 0.5484375 0.39765625 0.009375 0.015625
1 0.49609375 0.32734375 0.00859375 0.0140625
1 0.06640625 0.4203125 0.009375 0.0171875
1 0.871875 0.32109375 0.00859375 0.0140625
1 0.7296875 0.85234375 0.00703125 0.0125
1 0.0140625 0.4515625 0.01171875 0.01640625
1 0.2671875 0.49921875 0.0109375 0.01640625
1 0.6671875 0.34140625 0.0078125 0.0125
1 0.3765625 0.46171875 0.01015625 0.01875
1 0.6484375 0.33359375 0.01015625 0.01484375
1 0.7109375 0.85703125 0.01015625 0.015625
1 0.371875 0.3875 0.009375 0.01484375
1 0.45078125 0.896875 0.0109375 0.0203125
1 0.528125 0.621875 0.01328125 0.02421875
1 0.10625 0.540625 0.0109375 0.01796875
0 0.12265625 0.71015625 0.01796875 0.03046875
1 0.5359375 0.325 0.0078125 0.01484375
1 0.503125 0.4265625 0.01015625 0.015625
1 0.06171875 0.39921875 0.01015625 0.015625
1 0.3703125 0.3515625 0.0078125 0.01328125
1 0.52109375 0.33671875 0.00859375 0.01484375
1 0.2890625 0.44453125 0.0109375 0.021875
1 0.31640625 0.42578125 0.0109375 0.01953125
1 0.840625 0.31796875 0.00703125 0.0140625
1 0.1578125 0.3078125 0.0078125 0.0125
1 0.321875 0.3703125 0.0078125 0.0125
1 0.66171875 0.35703125 0.0078125 0.01171875
1 0.559375 0.3859375 0.00859375 0.01640625
1 0.175 0.94921875 0.01953125 0.03359375
1 0.35859375 0.3265625 0.00859375 0.0140625
1 0.421875 0.47109375 0.00703125 0.015625
3 0.90234375 0.83828125 0.0421875 0.05546875
1 0.28203125 0.49375 0.009375 0.01328125
1 0.8515625 0.315625 0.0078125 0.0140625
1 0.559375 0.84453125 0.0078125 0.01328125
1 0.35859375 0.39921875 0.009375 0.01640625
1 0.4625 0.34609375 0.009375 0.01484375
1 0.00390625 0.4453125 0.00703125 0.015625
1 0.4171875 0.40390625 0.00859375 0.0125
1 0.27109375 0.51796875 0.009375 0.01953125
1 0.5609375 0.37265625 0.009375 0.01171875
1 0.01953125 0.4390625 0.01015625 0.01328125
1 0.23046875 0.94140625 0.0171875 0.03125
1 0.740625 0.84375 0.0078125 0.0125
2 0.2453125 0.22421875 0.0953125 0.05234375
1 0.67421875 0.8734375 0.0109375 0.01875
1 0.10078125 0.9921875 0.0203125 0.01484375
1 0.51796875 0.42734375 0.009375 0.01484375
1 0.1671875 0.89765625 0.01171875 0.0203125
1 0.40078125 0.39453125 0.00859375 0.0109375
1 0.996875 0.3859375 0.00625 0.01640625
1 0.5234375 0.4078125 0.0125 0.015625
1 0.65390625 0.30859375 0.00859375 0.01640625
1 0.69609375 0.40234375 0.0078125 0.01484375
1 0.278125 0.4796875 0.01171875 0.01875
1 0.503125 0.40703125 0.009375 0.01484375
0 0.1640625 0.11640625 0.0125 0.0171875
0 0.93828125 0.1125 0.0109375 0.0171875
1 0.065625 0.6484375 0.01171875 0.01328125
1 0.31796875 0.35078125 0.0109375 0.01640625
1 0.153125 0.32109375 0.009375 0.01171875
1 0.459375 0.29765625 0.0078125 0.01171875
1 0.6671875 0.33125 0.00703125 0.01171875
1 0.0421875 0.58359375 0.0078125 0.01171875
0 0.0484375 0.115625 0.01328125 0.01953125
1 0.24296875 0.92421875 0.01484375 0.0234375
1 0.57109375 0.83125 0.00703125 0.01015625
1 0.91796875 0.878125 0.009375 0.01640625
1 0.38046875 0.35625 0.00859375 0.01484375
1 0.32734375 0.340625 0.00859375 0.0125
0 0.1296875 0.10234375 0.0140625 0.02109375
1 0.79296875 0.83984375 0.00703125 0.0109375
1 0.10390625 0.33046875 0.00703125 0.0125
0 0.2625 0.18203125 0.009375 0.0140625
1 0.53125 0.84296875 0.0078125 0.0125
1 0.059375 0.89296875 0.0078125 0.01640625
1 0.98828125 0.64453125 0.01484375 0.01796875
1 0.428125 0.30625 0.0078125 0.00859375
0 0.00625 0.14765625 0.01171875 0.0203125
1 0.14375 0.309375 0.0078125 0.0125
1 0.65234375 0.37421875 0.009375 0.0140625
1 0.71171875 0.90703125 0.009375 0.0078125
0 0.2609375 0.234375 0.01484375 0.01953125
1 0.56640625 0.3609375 0.0078125 0.01171875
1 0.76015625 0.84296875 0.0078125 0.01171875
1 0.1828125 0.8921875 0.01171875 0.01875
1 0.846875 0.97890625 0.021875 0.0421875
0 0.26171875 0.7375 0.0109375 0.01875
1 0.11796875 0.321875 0.00859375 0.0125
1 0.84453125 0.91484375 0.01484375 0.0203125
1 0.08984375 0.340625 0.00859375 0.01484375
1 0.5328125 0.4265625 0.009375 0.01484375
1 0.8796875 0.9453125 0.01171875 0.0140625
1 0.54375 0.83125 0.00625 0.01015625
0 0.959375 0.11171875 0.01171875 0.015625
1 0.45234375 0.84296875 0.00625 0.0109375
1 0.98203125 0.359375 0.0109375 0.01640625
1 0.5609375 0.82265625 0.00859375 0.01015625
0 0.86484375 0.02890625 0.01015625 0.0171875
1 0.45546875 0.853125 0.0078125 0.01015625
1 0.034375 0.42265625 0.0140625 0.02109375
0 0.89921875 0.05703125 0.0109375 0.01328125
1 0.83671875 0.93984375 0.01171875 0.02421875
1 0.87734375 0.46640625 0.0078125 0.0109375
1 0.83671875 0.8875 0.0109375 0.01484375
1 0.17265625 0.9203125 0.0125 0.015625
0 0.22890625 0.053125 0.00625 0.00859375
1 0.97109375 0.35390625 0.00625 0.01171875
1 0.43359375 0.8421875 0.00859375 0.01328125
1 0.42734375 0.85234375 0.009375 0.009375
1 0.428125 0.46953125 0.0078125 0.01171875
0 0.896875 0.0361111109375 0.88984375 0.0375 0.88671875 0.0486111109375 0.890625 0.055555556250000006 0.89921875 0.047222221875 0.896875 0.0361111109375
0 0.93359375 0 0.91875 0.002777778125 0.921875 0.0125 0.9265625 0.013888889062500001 0.93359375 0
0 0.88359375 0.029166667187500002 0.88359375 0.040277778125000004 0.89453125 0.03194444375 0.89140625 0.0236111109375 0.88359375 0.029166667187500002
0 0.884375 0 0.8859375 0.009722221875000001 0.89140625 0.009722221875000001 0.89609375 0.0013888890625 0.884375 0
0 0.8796875 0.013888889062500001 0.86953125 0.015277778124999999 0.86953125 0.0333333328125 0.87578125 0.0333333328125 0.88046875 0.026388889062499997 0.8796875 0.013888889062500001
0 0.86953125 0 0.86953125 0.006944443749999999 0.8796875 0.0083333328125 0.8796875 0 0.86953125 0
0 0.84921875 0 0.84921875 0.006944443749999999 0.85703125 0.013888889062500001 0.86484375 0 0.84921875 0