4 0.65703125 0.2984375 0.0734375 0.0796875
4 0.84140625 0.4328125 0.07734375 0.09765625
0 0.953125 0.23984375 0.01484375 0.02265625
0 0.81796875 0.11640625 0.0109375 0.01875
0 0.90546875 0.14609375 0.01328125 0.02421875
0 0.89140625 0.1203125 0.0140625 0.0234375
0 0.9296875 0.17890625 0.01484375 0.0234375
0 0.87734375 0.14375 0.0140625 0.02265625
0 0.746875 0.21328125 0.01015625 0.01328125
0 0.84375 0.11484375 0.0125 0.02109375
0 0.78046875 0.17421875 0.01171875 0.02109375
0 0.765625 0.284375 0.0125 0.01875
0 0.79765625 0.13515625 0.0109375 0.0203125
1 0.74609375 0.52734375 0.01171875 0.02109375
2 0.24609375 0.2109375 0.08984375 0.05390625
1 0.55390625 0.42890625 0.009375 0.01640625
1 0.55546875 0.45703125 0.01015625 0.01875
1 0.51796875 0.34375 0.00859375 0.0140625
1 0.3984375 0.45078125 0.01015625 0.01796875
1 0.41875 0.39453125 0.01015625 0.015625
0 0.97265625 0.27734375 0.0140625 0.02109375
0 0.61171875 0.78359375 0.015625 0.034375
1 0.39375 0.30078125 0.0078125 0.015625
1 0.63203125 0.4546875 0.0109375 0.01875
1 0.44296875 0.46640625 0.00859375 0.01953125
1 0.70859375 0.53671875 0.01171875 0.01953125
1 0.2390625 0.49296875 0.0109375 0.0203125
1 0.53359375 0.396875 0.009375 0.01796875
1 0.8171875 0.35546875 0.0078125 0.01640625
1 0.428125 0.39375 0.009375 0.01640625
3 0.1625 0.259375 0.05078125 0.06875
1 0.56953125 0.38125 0.00859375 0.01640625
1 0.5546875 0.28046875 0.00703125 0.01328125
1 0.55546875 0.3546875 0.0078125 0.015625
1 0.72109375 0.46640625 0.01015625 0.01640625
1 0.421875 0.42890625 0.009375 0.0171875
1 0.9578125 0.4171875 0.01015625 0.01796875
1 0.67265625 0.60703125 0.01328125 0.025
1 0.1078125 0.278125 0.0078125 0.01328125
1 0.52890625 0.2921875 0.0078125 0.01484375
1 0.89375 0.3796875 0.009375 0.01640625
1 0.028125 0.38125 0.009375 0.015625
1 0.09375 0.38359375 0.00859375 0.01640625
2 0.7625 0.215625 0.08671875 0.06640625
1 0.0546875 0.35546875 0.00859375 0.015625
1 0.46796875 0.41875 0.009375 0.0140625
1 0.48125 0.32421875 0.00703125 0.0140625
0 0.9859375 0.340625 0.015625 0.02265625
1 0.553125 0.409375 0.00859375 0.0140625
0 0.61875 0.81015625 0.0078125 0.01640625
0 0.59453125 0.72890625 0.00859375 0.01953125
0 0.7515625 0.21328125 0.0125 0.01328125
1 0.04765625 0.42109375 0.0109375 0.0171875
1 0.93515625 0.915625 0.01171875 0.0203125
1 0.3359375 0.5265625 0.0125 0.021875
1 0.29765625 0.453125 0.0109375 0.01875
1 0.334375 0.38515625 0.01015625 0.0203125
1 0.37734375 0.2984375 0.009375 0.01328125
1 0.61953125 0.44296875 0.01015625 0.01875
1 0.53125 0.3296875 0.009375 0.015625
1 0.5078125 0.409375 0.01015625 0.01796875
1 0.778125 0.878125 0.00625 0.015625
1 0.0125 0.43515625 0.01171875 0.0171875
1 0.30234375 0.553125 0.01328125 0.0234375
1 0.21328125 0.9203125 0.0125 0.02421875
1 0.078125 0.30390625 0.00859375 0.0140625
1 0.45546875 0.31875 0.0078125 0.0125
1 0.44609375 0.8921875 0.01328125 0.0203125
1 0.5390625 0.578125 0.0125 0.0234375
1 0.3625 0.2984375 0.00703125 0.0140625
1 0.621875 0.39140625 0.0078125 0.01484375
1 0.11875 0.93515625 0.01640625 0.02890625
3 0.1359375 0.46015625 0.10625 0.11328125
3 0.171875 0.84765625 0.06171875 0.059375
4 0.615625 0.92109375 0.140625 0.1578125
4 0.9625 0.534375 0.075 0.14921875