4 0.56953125 0.37734375 0.1109375 0.09375
2 0.7890625 0.240625 0.121875 0.059375
3 0.10625 0.31015625 0.10625 0.078125
4 0.5515625 0.29453125 0.1046875 0.06875
1 0.95078125 0.43671875 0.04375 0.0140625
1 0.87265625 0.44453125 0.0421875 0.0140625
1 0.97421875 0.471875 0.04375 0.015625
1 0.3625 0.434375 0.04375 0.0140625
1 0.5703125 0.46015625 0.0421875 0.0140625
1 0.07890625 0.425 0.04375 0.015625
1 0.23125 0.87578125 0.0453125 0.0203125
1 0.340625 0.390625 0.0421875 0.0125
1 0.12890625 0.3671875 0.0421875 0.0125
1 0.6859375 0.4515625 0.0421875 0.0140625
1 0.41796875 0.53671875 0.04375 0.0203125
1 0.7328125 0.5171875 0.04375 0.0171875
1 0.70859375 0.5359375 0.0453125 0.0203125
1 0.31328125 0.43984375 0.04375 0.0140625
1 0.4671875 0.459375 0.04375 0.015625
1 0.25546875 0.49453125 0.04375 0.0171875
1 0.553125 0.58671875 0.046875 0.021875
1 0.45625 0.38125 0.0421875 0.0140625
1 0.5265625 0.4421875 0.0421875 0.0125
1 0.365625 0.40625 0.0421875 0.0125
1 0.390625 0.43203125 0.04375 0.015625
1 0.65703125 0.46640625 0.0421875 0.015625
1 0.05703125 0.42578125 0.0421875 0.0140625
1 0.64609375 0.44453125 0.0421875 0.0140625
1 0.03515625 0.4140625 0.04375 0.0140625
1 0.328125 0.4734375 0.0453125 0.015625
1 0.7359375 0.4984375 0.04375 0.0140625
1 0.56328125 0.51328125 0.04375 0.0171875
1 0.375 0.87421875 0.04375 0.0171875
1 0.4046875 0.4765625 0.04375 0.015625
1 0.45 0.534375 0.04375 0.01875
1 0.16875 0.84765625 0.040625 0.0125
1 0.33671875 0.434375 0.0421875 0.0140625
3 0.23984375 0.8078125 0.0734375 0.040625
1 0.90078125 0.92421875 0.0453125 0.0203125
1 0.0140625 0.40859375 0.028125 0.0140625
1 0.153125 0.871875 0.04375 0.01875
1 0.4984375 0.43671875 0.0421875 0.015625
1 0.18515625 0.3734375 0.0421875 0.0140625
1 0.56328125 0.47578125 0.04375 0.015625
1 0.4015625 0.43046875 0.0421875 0.0140625
1 0.19140625 0.9515625 0.0546875 0.0375
1 0.66796875 0.4515625 0.0421875 0.0140625
1 0.47265625 0.40078125 0.0421875 0.0109375
1 0.85859375 0.33203125 0.040625 0.0109375
1 0.284375 0.8515625 0.0421875 0.0125
1 0.6078125 0.4578125 0.0421875 0.0140625
1 0.5484375 0.42734375 0.0421875 0.0140625
1 0.6125 0.44296875 0.0421875 0.0109375
1 0.30078125 0.4171875 0.040625 0.0140625
1 0.49375 0.40390625 0.0421875 0.0140625
1 0.21171875 0.38671875 0.0390625 0.0109375
1 0.2015625 0.878125 0.0453125 0.0203125
1 0.10703125 0.8671875 0.04375 0.01875
1 0.1015625 0.371875 0.040625 0.0125
1 0.71328125 0.86796875 0.040625 0.0109375
1 0.6171875 0.4234375 0.0421875 0.0140625
1 0.875 0.9140625 0.04375 0.015625
1 0.240625 0.8484375 0.040625 0.0125
1 0.1453125 0.3453125 0.0421875 0.0109375
1 0.32734375 0.44296875 0.04375 0.0140625
1 0.46484375 0.4171875 0.040625 0.0109375
1 0.94453125 0.40625 0.0421875 0.0125
1 0.88671875 0.32890625 0.040625 0.0109375
1 0.484375 0.428125 0.04375 0.0171875
1 0.46796875 0.44296875 0.0421875 0.0109375
1 0.053125 0.90234375 0.05 0.0296875
1 0.678125 0.43359375 0.0421875 0.0125
1 0.3875 0.38671875 0.0390625 0.009375
1 0.034375 0.39765625 0.0421875 0.0109375
0 0.25625 0.19609375 0.04375 0.015625
1 0.07890625 0.3625 0.040625 0.0109375
1 0.3625 0.37578125 0.040625 0.0109375
1 0.7171875 0.44453125 0.04375 0.01875
1 0.42265625 0.44140625 0.040625 0.0140625
1 0.890625 0.66796875 0.046875 0.0203125
1 0.6125 0.56328125 0.0453125 0.0171875
1 0.40234375 0.3734375 0.040625 0.0125
1 0.83984375 0.3390625 0.040625 0.0109375
1 0.628125 0.4015625 0.0421875 0.0109375
1 0.60546875 0.4171875 0.0421875 0.015625
1 0.41875 0.34140625 0.0421875 0.009375
1 0.92734375 0.34765625 0.040625 0.009375
1 0.66875 0.3921875 0.0421875 0.0125
1 0.1109375 0.36328125 0.040625 0.0109375
1 0.4578125 0.40390625 0.040625 0.0125
1 0.14453125 0.84765625 0.04375 0.0140625
1 0.075 0.87734375 0.046875 0.021875
1 0.63984375 0.35859375 0.0390625 0.0109375
1 0.40703125 0.4578125 0.0421875 0.009375
1 0.49453125 0.3875 0.0421875 0.0109375
1 0.62890625 0.3390625 0.0390625 0.0109375
1 0.91328125 0.33046875 0.040625 0.009375
1 0.86015625 0.90859375 0.0453125 0.01875
1 0.1328125 0.82734375 0.0390625 0.009375
1 0.33359375 0.375 0.0421875 0.0125
1 0.534375 0.45546875 0.0421875 0.0125
1 0.3765625 0.3625 0.040625 0.0140625
1 0.3359375 0.41796875 0.0421875 0.0125
1 0.35 0.36640625 0.040625 0.0109375
1 0.31640625 0.45625 0.04375 0.015625
1 0.4796875 0.5796875 0.0390625 0.0140625
1 0.42421875 0.40078125 0.040625 0.0125
2 0.265625 0.2109375 0.128125 0.05
1 0.4546875 0.36328125 0.040625 0.0125
1 0.32890625 0.33125 0.0390625 0.0125
1 0.08046875 0.93046875 0.05625 0.0375
1 0.01796875 0.61640625 0.0359375 0.0109375
1 0.0640625 0.3671875 0.0421875 0.0125
4 0.7515625 0.9390625 0.146875 0.11875
1 0.70546875 0.41796875 0.04375 0.0140625
1 0.49375 0.3734375 0.0421875 0.009375
1 0.63828125 0.3953125 0.040625 0.0140625
1 0.38359375 0.37421875 0.0421875 0.009375
1 0.90234375 0.32890625 0.040625 0.0109375
1 0.02265625 0.3953125 0.0421875 0.0140625
1 0.68828125 0.41484375 0.040625 0.0125
1 0.671875 0.3546875 0.0421875 0.0125
1 0.5078125 0.35546875 0.040625 0.0109375
1 0.50390625 0.38359375 0.040625 0.0125
1 0.04140625 0.365625 0.04375 0.0125
1 0.5546875 0.44765625 0.0421875 0.0109375
1 0.3859375 0.31484375 0.040625 0.0109375
1 0.40546875 0.35 0.040625 0.0109375
3 0.0484375 0.50703125 0.096875 0.1109375
1 0.15234375 0.8328125 0.040625 0.009375
1 0.4890625 0.35390625 0.0421875 0.0125
1 0.1734375 0.28515625 0.040625 0.009375
1 0.68046875 0.35078125 0.0421875 0.0140625
1 0.15234375 0.325 0.0421875 0.0109375
1 0.4046875 0.3234375 0.040625 0.0109375
1 0.540625 0.41328125 0.0421875 0.0140625
1 0.41015625 0.38828125 0.0390625 0.0078125
1 0.5546875 0.46171875 0.04375 0.0125
1 0.309375 0.41953125 0.04375 0.0140625
1 0.5 0.30390625 0.040625 0.009375
1 0.1390625 0.3265625 0.040625 0.0109375
1 0.54296875 0.44453125 0.04375 0.0109375
1 0.23359375 0.8234375 0.0390625 0.0078125
1 0.38671875 0.34609375 0.04375 0.0125
1 0.52421875 0.36171875 0.0390625 0.0109375
1 0.1609375 0.29453125 0.040625 0.0109375
1 0.6515625 0.3453125 0.0421875 0.0109375
1 0.45546875 0.34296875 0.040625 0.009375
1 0.3265625 0.421875 0.04375 0.0125
1 0.4375 0.3171875 0.040625 0.009375
1 0.72734375 0.3578125 0.0421875 0.0125
1 0.43671875 0.334375 0.0421875 0.0125
1 0.76875 0.86484375 0.040625 0.009375
1 0.66875 0.40625 0.0421875 0.009375
1 0.05078125 0.8578125 0.04375 0.0171875
1 0.6375 0.33984375 0.040625 0.0109375
1 0.6171875 0.37578125 0.0421875 0.0125
1 0.5421875 0.3328125 0.0390625 0.009375
1 0.6796875 0.41328125 0.0421875 0.0109375
1 0.45 0.30234375 0.040625 0.009375
1 0.6609375 0.35 0.0421875 0.0125
1 0.50234375 0.37109375 0.0390625 0.009375
1 0.01953125 0.3703125 0.0390625 0.0125
1 0.4625 0.35390625 0.040625 0.0109375
1 0.603125 0.33828125 0.0390625 0.009375
1 0.5359375 0.3921875 0.0421875 0.0125
1 0.5453125 0.84921875 0.0421875 0.0109375
1 0.47734375 0.35546875 0.040625 0.0109375
1 0.5234375 0.35078125 0.040625 0.009375
1 0.3765625 0.63984375 0.0421875 0.009375
1 0.815625 0.8703125 0.0390625 0.009375
1 0.525 0.37265625 0.040625 0.0078125
1 0.5453125 0.45546875 0.04375 0.0140625
1 0.29140625 0.82421875 0.0375 0.00625
1 0.43359375 0.4015625 0.04375 0.0109375
1 0.325 0.40390625 0.04375 0.0109375
1 0.61875 0.30390625 0.0390625 0.009375
1 0.446875 0.3359375 0.040625 0.0125
1 0.5265625 0.33046875 0.0390625 0.009375
1 0.359375 0.36015625 0.04375 0.0140625
1 0.05 0.346875 0.040625 0.0125
1 0.87109375 0.871875 0.0390625 0.009375
1 0.41953125 0.30078125 0.0390625 0.0078125
1 0.3984375 0.315625 0.0421875 0.0125
1 0.39375 0.3734375 0.040625 0.0125
1 0.61640625 0.3953125 0.0421875 0.015625
1 0.6671875 0.43515625 0.04375 0.0109375
1 0.334375 0.34453125 0.040625 0.009375
1 0.51796875 0.33125 0.040625 0.009375
1 0.51484375 0.31953125 0.0390625 0.009375
1 0.3625 0.31484375 0.040625 0.0109375
1 0.38046875 0.29765625 0.040625 0.009375
1 0.06171875 0.3484375 0.0421875 0.0125
1 0.653125 0.33515625 0.0390625 0.0078125
1 0.32890625 0.3046875 0.0421875 0.0140625
1 0.7046875 0.4015625 0.040625 0.009375
1 0.434375 0.3671875 0.040625 0.0078125
1 0.384375 0.3265625 0.0421875 0.0109375
1 0.34453125 0.34453125 0.040625 0.0109375
1 0.528125 0.8484375 0.040625 0.0109375
1 0.45703125 0.33359375 0.0390625 0.0078125
1 0.54453125 0.909375 0.0453125 0.0078125
1 0.46796875 0.3 0.0421875 0.0125
1 0.32578125 0.384375 0.04375 0.0125
1 0.5203125 0.84609375 0.040625 0.0109375
1 0.55234375 0.78515625 0.040625 0.009375
1 0.040625 0.3875 0.0421875 0.0140625
1 0.4703125 0.33984375 0.040625 0.009375
1 0.35078125 0.3328125 0.040625 0.0109375
1 0.40546875 0.84375 0.0421875 0.009375
1 0.71875 0.346875 0.0421875 0.015625