2 0.78515625 0.240625 0.128125 0.0625
4 0.96328125 0.4671875 0.0734375 0.10625
2 0.27265625 0.1875 0.1296875 0.05625
1 0.6671875 0.51328125 0.0484375 0.0140625
1 0.34453125 0.39453125 0.0453125 0.009375
1 0.36640625 0.4078125 0.046875 0.0109375
1 0.41015625 0.34453125 0.04375 0.0078125
1 0.675 0.4546875 0.0453125 0.0109375
1 0.65234375 0.5359375 0.0484375 0.0140625
1 0.28359375 0.49375 0.0484375 0.015625
4 0.7859375 0.92578125 0.128125 0.109375
1 0.4265625 0.3984375 0.0453125 0.009375
1 0.821875 0.6234375 0.0484375 0.015625
1 0.1609375 0.315625 0.04375 0.0078125
1 0.14140625 0.33515625 0.04375 0.0078125
1 0.66171875 0.57421875 0.0484375 0.015625
1 0.3671875 0.35859375 0.04375 0.0078125
4 0.8484375 0.2890625 0.090625 0.065625
1 0.14453125 0.546875 0.0484375 0.015625
1 0.65 0.89765625 0.0453125 0.009375
4 0.7359375 0.6171875 0.1609375 0.11875
1 0.909375 0.6125 0.05 0.015625
1 0.08828125 0.39140625 0.046875 0.0109375
0 0.26015625 0.13984375 0.046875 0.0140625
1 0.2625 0.86328125 0.04375 0.0078125
1 0.32578125 0.39453125 0.0453125 0.0109375
1 0.1875 0.37265625 0.0453125 0.0109375
1 0.04375 0.37578125 0.046875 0.0109375
1 0.5953125 0.5625 0.0484375 0.015625
1 0.88046875 0.421875 0.0453125 0.009375
1 0.1328125 0.30859375 0.04375 0.00625
1 0.078125 0.36015625 0.046875 0.0109375
1 0.89140625 0.365625 0.04375 0.00625
1 0.6625 0.30859375 0.04375 0.0078125
1 0.1796875 0.2421875 0.04375 0.00625
1 0.57109375 0.8765625 0.04375 0.00625
1 0.90546875 0.3921875 0.0453125 0.0078125
1 0.85859375 0.35546875 0.04375 0.0078125
1 0.1796875 0.27734375 0.0453125 0.00625
1 0.89296875 0.46328125 0.0453125 0.009375
1 0.24140625 0.85625 0.04375 0.00625
1 0.71796875 0.921875 0.046875 0.0140625
1 0.67890625 0.42109375 0.046875 0.0078125
1 0.209375 0.303125 0.0421875 0.00625
1 0.0796875 0.31875 0.0453125 0.0078125
3 0.234375 0.82734375 0.0921875 0.04375
1 0.109375 0.3046875 0.04375 0.00625
0 0.25703125 0.7359375 0.0421875 0.0078125
1 0.53203125 0.2953125 0.04375 0.0078125
1 0.384375 0.3375 0.0453125 0.0078125
1 0.96640625 0.41015625 0.0453125 0.00625
1 0.065625 0.3671875 0.0453125 0.009375
1 0.4171875 0.259375 0.0421875 0.0046875
1 0.371875 0.278125 0.0421875 0.00625
0 0.246875 0.103125 0.046875 0.0125
1 0.8953125 0.41484375 0.04375 0.00625
1 0.30625 0.88359375 0.046875 0.009375
0 0.2203125 0.10625 0.0484375 0.0140625
0 0.27109375 0.2 0.046875 0.0140625
1 0.39375 0.26484375 0.0421875 0.00625
1 0.68046875 0.2796875 0.04375 0.0046875
0 0.24140625 0.78828125 0.04375 0.0078125
1 0.69765625 0.89375 0.04375 0.00625
0 0.265625 0.69609375 0.04375 0.0078125
1 0.1515625 0.3 0.0453125 0.00625
1 0.2296875 0.85859375 0.04375 0.0078125
1 0.86484375 0.31796875 0.0453125 0.00625
1 0.70078125 0.44140625 0.0453125 0.009375
1 0.92734375 0.4171875 0.0453125 0.0078125
1 0.30546875 0.86875 0.04375 0.00625
1 0.45703125 0.2515625 0.04375 0.00625
1 0.9390625 0.41875 0.0453125 0.009375
0 0.253125 0.765625 0.04375 0.0078125
1 0.90859375 0.4125 0.046875 0.0078125
1 0.2796875 0.3453125 0.046875 0.0109375
1 0.73984375 0.89453125 0.04375 0.0046875
1 0.91875 0.32578125 0.04375 0.0078125
1 0.39453125 0.24921875 0.04375 0.0046875
1 0.14140625 0.275 0.0453125 0.00625
1 0.68828125 0.42578125 0.046875 0.0109375
1 0.953125 0.41640625 0.046875 0.009375
1 0.446875 0.884375 0.0421875 0.0046875
1 0.1203125 0.30390625 0.0453125 0.0078125
1 0.278125 0.82734375 0.0453125 0.0109375
1 0.91875 0.4015625 0.04375 0.0078125
0 0.53125 0.9921875 0.053125 0.0078125
1 0.07421875 0.3046875 0.04375 0.00625
0 0.50703125 0.990625 0.0546875 0.0109375
1 0.565625 0.26328125 0.0421875 0.0046875
0 0.3984375 0.703125 0.04375 0.0078125
1 0.3625 0.6359375 0.046875 0.009375
1 0.36640625 0.3015625 0.0453125 0.00625
1 0.7515625 0.984375 0.05625 0.0234375
1 0.42421875 0.8828125 0.04375 0.0046875
1 0.6796875 0.3828125 0.0453125 0.0078125
0 0.26640625 0.7375 0.04375 0.0078125
1 0.6640625 0.27734375 0.0421875 0.0046875
1 0.23046875 0.96953125 0.05625 0.0109375
1 0.69296875 0.4078125 0.0453125 0.009375
1 0.71015625 0.43359375 0.04375 0.0078125
1 0.878125 0.3015625 0.0453125 0.0046875
1 0.5421875 0.87578125 0.0453125 0.00625
1 0.5546875 0.26171875 0.0421875 0.0046875
1 0.90078125 0.31640625 0.0453125 0.009375
0 0.3828125 0.7046875 0.04375 0.0046875
1 0.74921875 0.91484375 0.0421875 0.0046875
1 0.9625 0.421875 0.04375 0.0046875
1 0.31015625 0.85 0.040625 0.003125
1 0.67734375 0.365625 0.04375 0.00625
1 0.7828125 0.9796875 0.0515625 0.0203125
0 0.05390625 0.015625 0.05 0.015625
1 0.9328125 0.40625 0.0453125 0.003125
1 0.83203125 0.67734375 0.046875 0.003125
1 0.1140625 0.25859375 0.0453125 0.00625
1 0.04453125 0.31015625 0.0421875 0.0046875
1 0.06015625 0.28984375 0.04375 0.0078125
0 0.26328125 0.01953125 0.046875 0.0109375
1 0.05546875 0.3671875 0.0453125 0.0078125
1 0.9890625 0.41796875 0.021875 0.0078125
1 0.703125 0.40703125 0.04375 0.009375
1 0.8921875 0.31015625 0.0453125 0.0046875
1 0.146875 0.2375 0.0453125 0.0046875
1 0.89453125 0.91796875 0.04375 0.00625
1 0.14140625 0.62109375 0.0453125 0.003125