4 0.24296875 0.87578125 0.13125 0.11875
4 0.83984375 0.85703125 0.13125 0.128125
4 0.96328125 0.39296875 0.0734375 0.1046875
4 0.6359375 0.2828125 0.096875 0.06875
3 0.74921875 0.82734375 0.103125 0.0671875
1 0.45703125 0.465625 0.04375 0.0203125
1 0.61875 0.43984375 0.04375 0.01875
1 0.79609375 0.56015625 0.046875 0.021875
1 0.66875 0.4140625 0.0421875 0.015625
1 0.66015625 0.4890625 0.0453125 0.0203125
3 0.34765625 0.440625 0.121875 0.1109375
2 0.23984375 0.23515625 0.125 0.0515625
1 0.3984375 0.49609375 0.04375 0.0203125
3 0.3671875 0.57109375 0.115625 0.134375
1 0.38125 0.88828125 0.04375 0.0203125
1 0.321875 0.8859375 0.0453125 0.021875
1 0.69921875 0.46015625 0.04375 0.01875
1 0.615625 0.46640625 0.0421875 0.015625
1 0.89921875 0.4234375 0.04375 0.01875
1 0.878125 0.42109375 0.0421875 0.0171875
1 0.59453125 0.375 0.0421875 0.015625
1 0.6640625 0.59140625 0.04375 0.015625
1 0.465625 0.38203125 0.0421875 0.015625
1 0.40390625 0.8890625 0.04375 0.0203125
1 0.64375 0.3625 0.040625 0.0140625
1 0.71328125 0.54296875 0.046875 0.0234375
1 0.07109375 0.43984375 0.04375 0.0171875
1 0.44453125 0.4265625 0.0421875 0.01875
1 0.1015625 0.4578125 0.04375 0.0171875
1 0.16171875 0.9140625 0.0484375 0.025
1 0.2703125 0.56015625 0.0421875 0.021875
1 0.64296875 0.88203125 0.0453125 0.0234375
1 0.728125 0.878125 0.0453125 0.021875
1 0.69140625 0.8703125 0.04375 0.01875
1 0.5671875 0.35703125 0.0421875 0.015625
1 0.51328125 0.4421875 0.04375 0.0203125
1 0.18515625 0.96015625 0.053125 0.0359375
1 0.81796875 0.4390625 0.04375 0.0171875
1 0.55625 0.39765625 0.0453125 0.01875
1 0.58046875 0.4125 0.0421875 0.0171875
1 0.625 0.36171875 0.040625 0.015625
0 0.77734375 0.18359375 0.0421875 0.01875
1 0.7828125 0.5796875 0.046875 0.0171875
1 0.62734375 0.86796875 0.04375 0.01875
0 0.91015625 0.10859375 0.046875 0.021875
1 0.15390625 0.4484375 0.04375 0.01875
1 0.41875 0.496875 0.04375 0.0203125
1 0.40546875 0.46953125 0.0421875 0.0171875
1 0.6640625 0.5265625 0.0453125 0.021875
2 0.759375 0.2140625 0.1203125 0.0546875
1 0.4359375 0.48359375 0.0453125 0.015625
1 0.65078125 0.390625 0.0421875 0.015625
1 0.68828125 0.3171875 0.0421875 0.0171875
1 0.765625 0.61171875 0.0453125 0.0203125
1 0.525 0.42109375 0.04375 0.0171875
1 0.575 0.3203125 0.0421875 0.0140625
0 0.79609375 0.13046875 0.0453125 0.01875
1 0.4796875 0.328125 0.040625 0.0140625
1 0.5546875 0.4359375 0.0453125 0.0171875
3 0.821875 0.3421875 0.075 0.071875
1 0.2484375 0.53125 0.04375 0.021875
0 0.78359375 0.2140625 0.04375 0.0140625
1 0.34140625 0.3484375 0.0421875 0.0140625
1 0.6671875 0.378125 0.04375 0.01875
1 0.1859375 0.375 0.040625 0.015625
1 0.490625 0.353125 0.0421875 0.0140625
1 0.3484375 0.37421875 0.040625 0.0125
1 0.44140625 0.384375 0.0421875 0.0140625
1 0.44765625 0.4671875 0.04375 0.01875
1 0.69921875 0.415625 0.04375 0.0171875
1 0.1234375 0.3671875 0.040625 0.0125
1 0.0984375 0.42890625 0.04375 0.0171875
1 0.59609375 0.403125 0.0421875 0.015625
0 0.94765625 0.16640625 0.046875 0.021875
1 0.8078125 0.40703125 0.040625 0.015625
1 0.1671875 0.34921875 0.0421875 0.0140625
1 0.075 0.39765625 0.0421875 0.0171875
1 0.490625 0.62890625 0.046875 0.021875
1 0.61171875 0.3953125 0.0421875 0.015625
1 0.7015625 0.39765625 0.0421875 0.0125
1 0.67890625 0.8609375 0.04375 0.015625
1 0.1421875 0.37265625 0.0421875 0.015625
1 0.7875 0.60546875 0.046875 0.0171875
1 0.62109375 0.37890625 0.04375 0.0171875
1 0.43203125 0.52109375 0.0421875 0.01875
1 0.37421875 0.3390625 0.040625 0.0140625
1 0.159375 0.8921875 0.0421875 0.0171875
1 0.44296875 0.40078125 0.0421875 0.0140625
4 0.05078125 0.45390625 0.1015625 0.1109375
1 0.53046875 0.39140625 0.0453125 0.015625
1 0.84921875 0.2875 0.040625 0.0125
1 0.9 0.8640625 0.04375 0.0171875
1 0.55859375 0.321875 0.040625 0.0140625
1 0.1390625 0.3421875 0.0421875 0.0140625
1 0.5 0.3984375 0.0453125 0.0171875
1 0.5140625 0.384375 0.04375 0.015625
1 0.40234375 0.3203125 0.040625 0.0125
1 0.8953125 0.28984375 0.040625 0.0125
1 0.67109375 0.33984375 0.040625 0.0125
1 0.5671875 0.33515625 0.0421875 0.0140625
1 0.3609375 0.33515625 0.0421875 0.0125
0 0.81015625 0.71171875 0.046875 0.025
1 0.41328125 0.4453125 0.0453125 0.0171875
1 0.8734375 0.28984375 0.040625 0.0125
1 0.5140625 0.36484375 0.0421875 0.015625
1 0.659375 0.3609375 0.0421875 0.015625
1 0.4265625 0.45390625 0.0421875 0.0140625
0 0.74296875 0.18828125 0.0421875 0.015625
1 0.14375 0.4546875 0.0421875 0.0140625
1 0.690625 0.38984375 0.0421875 0.0203125
1 0.6546875 0.3234375 0.0421875 0.0140625
1 0.4984375 0.32265625 0.040625 0.0125
1 0.47265625 0.34765625 0.0421875 0.015625
1 0.32578125 0.37734375 0.0421875 0.015625
1 0.53359375 0.32578125 0.0421875 0.0140625
1 0.290625 0.86015625 0.040625 0.0140625
1 0.32890625 0.359375 0.040625 0.0125
1 0.43203125 0.5046875 0.0421875 0.0140625
1 0.109375 0.39140625 0.04375 0.015625
1 0.68515625 0.33828125 0.04375 0.0140625
1 0.54296875 0.84765625 0.040625 0.0125
1 0.95 0.92890625 0.040625 0.0171875
1 0.88515625 0.29140625 0.040625 0.0125
1 0.67421875 0.35390625 0.040625 0.015625
1 0.315625 0.865625 0.0390625 0.0125
1 0.4171875 0.3046875 0.0421875 0.0125
1 0.74140625 0.6234375 0.046875 0.0234375
1 0.04609375 0.553125 0.0390625 0.0140625
1 0.39453125 0.42265625 0.0421875 0.0125
1 0.4609375 0.3046875 0.040625 0.0125
1 0.0796875 0.9171875 0.05 0.0234375
1 0.44140625 0.30859375 0.0421875 0.0125
1 0.6078125 0.32890625 0.0421875 0.015625
1 0.38515625 0.31171875 0.040625 0.0125
1 0.103125 0.90234375 0.04375 0.021875
1 0.6578125 0.33828125 0.0421875 0.0140625
1 0.93984375 0.93203125 0.0421875 0.01875
1 0.58203125 0.8375 0.040625 0.0140625
1 0.92421875 0.8625 0.0453125 0.015625
1 0.55625 0.64296875 0.04375 0.0140625
1 0.42890625 0.321875 0.040625 0.0125
1 0.50703125 0.346875 0.0421875 0.0140625
1 0.96640625 0.9078125 0.0484375 0.025
1 0.5921875 0.29140625 0.0421875 0.0125
1 0.171875 0.87578125 0.0421875 0.015625
1 0.40625 0.9109375 0.0421875 0.0078125
1 0.51171875 0.32734375 0.0421875 0.015625
1 0.14296875 0.321875 0.040625 0.0109375
1 0.12421875 0.3546875 0.0421875 0.0125
1 0.34140625 0.33203125 0.0421875 0.0125
1 0.7671875 0.634375 0.04375 0.0109375
1 0.93046875 0.315625 0.04375 0.015625
1 0.7921875 0.83515625 0.0390625 0.0140625
1 0.94296875 0.88984375 0.0453125 0.021875
1 0.1515625 0.48046875 0.04375 0.0140625
1 0.94453125 0.9171875 0.04375 0.0125
1 0.5234375 0.32734375 0.040625 0.015625
1 0.44609375 0.85390625 0.040625 0.009375
1 0.096875 0.3671875 0.0453125 0.0140625
1 0.11640625 0.353125 0.0421875 0.0140625
1 0.39921875 0.453125 0.0421875 0.015625
1 0.828125 0.29453125 0.040625 0.0125
1 0.13828125 0.8984375 0.0453125 0.0203125
1 0.35078125 0.31171875 0.0421875 0.0140625
1 0.1484375 0.3265625 0.0390625 0.0125
1 0.8015625 0.5859375 0.0453125 0.0140625
1 0.14609375 0.878125 0.0421875 0.0140625
1 0.85078125 0.97734375 0.0546875 0.021875
1 0.18515625 0.8671875 0.040625 0.0125
0 0.834375 0.80078125 0.04375 0.0203125
1 0.31328125 0.3796875 0.040625 0.0140625
1 0.1015625 0.353125 0.0421875 0.0140625
1 0.98515625 0.31015625 0.0296875 0.0203125
1 0.3390625 0.303125 0.040625 0.0140625
1 0.0765625 0.36953125 0.04375 0.0140625
1 0.915625 0.8328125 0.040625 0.0125
1 0.42890625 0.46640625 0.0421875 0.015625
1 0.48671875 0.64765625 0.0421875 0.009375
1 0.39453125 0.309375 0.040625 0.0125
1 0.10859375 0.3671875 0.04375 0.0125
1 0.359375 0.31171875 0.0421875 0.0140625
1 0.309375 0.99375 0.0515625 0.0125
1 0.6171875 0.32578125 0.0453125 0.0140625
1 0.49140625 0.29765625 0.0421875 0.0125
1 0.93828125 0.86015625 0.0453125 0.0171875
3 0.46796875 0.83046875 0.084375 0.0546875
1 0.3328125 0.30390625 0.040625 0.0140625
1 0.8375 0.30078125 0.04375 0.0140625
0 0.8015625 0.17109375 0.0421875 0.0140625