2 0.2453125 0.20859375 0.08984375 0.05625
4 0.475 0.3890625 0.06640625 0.0953125
4 0.87890625 0.88671875 0.09375 0.115625
1 0.159375 0.6078125 0.01328125 0.01875
4 0.82578125 0.359375 0.06171875 0.0859375
1 0.565625 0.51484375 0.0125 0.0203125
1 0.7953125 0.44453125 0.01015625 0.0171875
1 0.7421875 0.528125 0.01171875 0.01953125
3 0.471875 0.2765625 0.05546875 0.07734375
1 0.934375 0.51484375 0.0125 0.0203125
1 0.40390625 0.56640625 0.0125 0.0234375
1 0.10625 0.4359375 0.01015625 0.01875
1 0.0921875 0.41953125 0.0109375 0.0171875
1 0.75625 0.584375 0.0125 0.021875
1 0.34375 0.49765625 0.0125 0.0203125
0 0.96953125 0.2546875 0.0125 0.01875
0 0.98359375 0.27890625 0.0125 0.0171875
1 0.2671875 0.5125 0.01171875 0.01953125
1 0.7453125 0.60859375 0.01328125 0.02265625
1 0.0578125 0.4171875 0.01015625 0.015625
1 0.58359375 0.8984375 0.0109375 0.01796875
1 0.8171875 0.4328125 0.009375 0.01640625
3 0.7375 0.9015625 0.10390625 0.15546875
1 0.0078125 0.43515625 0.01171875 0.01875
1 0.59375 0.4328125 0.009375 0.0171875
1 0.37109375 0.4265625 0.01015625 0.01875
0 0.959375 0.14296875 0.0125 0.01953125
1 0.034375 0.4296875 0.01015625 0.01640625
1 0.26875 0.4453125 0.01015625 0.01640625
1 0.440625 0.4421875 0.0109375 0.01796875
1 0.28515625 0.88984375 0.01015625 0.01640625
1 0.12265625 0.48359375 0.0109375 0.01796875
1 0.11875 0.32109375 0.00859375 0.01484375
1 0.28828125 0.47890625 0.0109375 0.01875
1 0.01484375 0.41953125 0.01015625 0.015625
1 0.54609375 0.9046875 0.00859375 0.0109375
0 0.946875 0.11328125 0.0125 0.01875
1 0.18359375 0.271875 0.0078125 0.01328125
1 0.8671875 0.38359375 0.00859375 0.01640625
1 0.27109375 0.4296875 0.009375 0.01484375
1 0.88515625 0.565625 0.0125 0.01953125
1 0.15625 0.45078125 0.01015625 0.01796875
1 0.54375 0.39140625 0.00859375 0.015625
1 0.940625 0.390625 0.0109375 0.015625
1 0.4296875 0.4328125 0.01015625 0.01640625
1 0.1796875 0.35859375 0.009375 0.01640625
1 0.515625 0.446875 0.01015625 0.01796875
1 0.43203125 0.3046875 0.00703125 0.0125
1 0.07578125 0.43671875 0.0109375 0.01875
1 0.46484375 0.44140625 0.01015625 0.01640625
1 0.5015625 0.48828125 0.0109375 0.01953125
1 0.3046875 0.88125 0.00703125 0.01328125
1 0.571875 0.39140625 0.009375 0.015625
1 0.40390625 0.30703125 0.0078125 0.0140625
1 0.25390625 0.5484375 0.0125 0.0203125
1 0.128125 0.29296875 0.00703125 0.01328125
2 0.76328125 0.2171875 0.0890625 0.06484375
1 0.5421875 0.52265625 0.0109375 0.01953125
1 0.61015625 0.28984375 0.0078125 0.01328125
1 0.534375 0.5078125 0.0109375 0.01796875
1 0.665625 0.35703125 0.0078125 0.01484375
0 0.975 0.18203125 0.0140625 0.02421875
1 0.25390625 0.915625 0.01171875 0.02109375
1 0.15390625 0.9234375 0.0140625 0.0234375
1 0.553125 0.4640625 0.01015625 0.01640625
1 0.1453125 0.446875 0.01015625 0.0171875
1 0.53046875 0.346875 0.0078125 0.015625
1 0.1265625 0.4625 0.01171875 0.01640625
1 0.48125 0.44765625 0.0109375 0.01875
0 0.99375 0.2953125 0.0109375 0.01875
1 0.64609375 0.3328125 0.00859375 0.0140625
1 0.6015625 0.39765625 0.01015625 0.0171875
1 0.315625 0.340625 0.0078125 0.0140625
1 0.5765625 0.3765625 0.009375 0.01640625
1 0.69296875 0.34296875 0.009375 0.01484375
1 0.65390625 0.3859375 0.009375 0.015625
1 0.63203125 0.29296875 0.0078125 0.0125
1 0.0609375 0.375 0.0109375 0.015625
1 0.60234375 0.34921875 0.00859375 0.01484375
1 0.62890625 0.32734375 0.0078125 0.0140625
0 0.75625 0.2078125 0.0078125 0.0125
1 0.9484375 0.36953125 0.01015625 0.015625
1 0.38046875 0.32578125 0.0078125 0.01484375
1 0.521875 0.37421875 0.009375 0.0140625
1 0.6609375 0.2984375 0.0078125 0.01171875
1 0.33515625 0.259375 0.0078125 0.01328125
1 0.91640625 0.32265625 0.0078125 0.01328125
1 0.14375 0.26171875 0.00703125 0.0125
1 0.40546875 0.28203125 0.00859375 0.01328125
0 0.95859375 0.1984375 0.01328125 0.01953125
1 0.56640625 0.28125 0.0078125 0.0125
4 0.97734375 0.40859375 0.0453125 0.090625
0 0.734375 0.22421875 0.009375 0.015625
1 0.5515625 0.34453125 0.009375 0.01640625
1 0.84140625 0.290625 0.00703125 0.0125
1 0.50078125 0.446875 0.0109375 0.0171875
1 0.521875 0.4 0.01015625 0.0140625
1 0.34140625 0.28359375 0.00703125 0.01328125
1 0.64921875 0.27734375 0.0078125 0.01328125
1 0.0734375 0.39921875 0.0109375 0.01640625
1 0.8890625 0.321875 0.00859375 0.0140625
0 0.91875 0.11484375 0.0125 0.01875
1 0.275 0.8765625 0.01015625 0.01484375
1 0.071875 0.36484375 0.009375 0.01484375
1 0.66171875 0.315625 0.009375 0.0125
1 0.63984375 0.38203125 0.009375 0.015625
1 0.125 0.89765625 0.0125 0.01953125
1 0.42734375 0.4078125 0.009375 0.01484375
1 0.528125 0.4265625 0.01015625 0.0171875
1 0.3390625 0.88828125 0.00859375 0.015625
1 0.4390625 0.33203125 0.0078125 0.0140625
1 0.7921875 0.88984375 0.009375 0.01484375
0 0.7453125 0.22109375 0.01015625 0.01328125
1 0.465625 0.89140625 0.00703125 0.0109375
1 0.55625 0.37578125 0.009375 0.015625
1 0.54453125 0.4359375 0.01015625 0.0171875
1 0.19609375 0.9421875 0.01640625 0.02890625
1 0.715625 0.32890625 0.01171875 0.01796875
0 0.90546875 0.05078125 0.01328125 0.02265625
1 0.828125 0.284375 0.00703125 0.0125
1 0.90859375 0.3078125 0.00859375 0.01328125
1 0.546875 0.48125 0.009375 0.015625
1 0.2546875 0.53125 0.0109375 0.01328125
1 0.1703125 0.971875 0.01796875 0.0265625
1 0.66875 0.31953125 0.00859375 0.01484375
0 0.73359375 0.18515625 0.009375 0.0171875
1 0.4171875 0.26953125 0.00703125 0.0125
1 0.4546875 0.88828125 0.00703125 0.01015625
1 0.88125 0.2734375 0.00703125 0.0125
1 0.79765625 0.41953125 0.0109375 0.01484375
1 0.2359375 0.86875 0.00625 0.0109375
1 0.5234375 0.48671875 0.01171875 0.01875
1 0.48515625 0.88515625 0.0078125 0.01484375
1 0.509375 0.421875 0.009375 0.0140625
1 0.02421875 0.3796875 0.0109375 0.01640625
1 0.4046875 0.29453125 0.0078125 0.0109375
1 0.19609375 0.91953125 0.0125 0.0140625
1 0.53671875 0.446875 0.01015625 0.01484375
1 0.5296875 0.4609375 0.01171875 0.01796875
0 0.7890625 0.13203125 0.01171875 0.01796875
1 0.86328125 0.33671875 0.0078125 0.0140625
1 0.95 0.3421875 0.009375 0.01484375
1 0.06875 0.97890625 0.02109375 0.03046875
1 0.5390625 0.49140625 0.01171875 0.015625
1 0.8109375 0.265625 0.0078125 0.01171875
1 0.565625 0.26796875 0.0078125 0.0125
1 0.4015625 0.25703125 0.0078125 0.0109375
1 0.6578125 0.903125 0.01328125 0.01171875
1 0.18125 0.92890625 0.015625 0.0234375
1 0.1484375 0.87265625 0.00859375 0.01328125
1 0.215625 0.925 0.01640625 0.02265625
1 0.56484375 0.378125 0.00859375 0.01484375
4 0.975 0.50625 0.05 0.1140625
1 0.82421875 0.87890625 0.00859375 0.01171875
1 0.8890625 0.27421875 0.0078125 0.01171875
1 0.6109375 0.2671875 0.00859375 0.01328125
1 0.703125 0.321875 0.009375 0.015625
1 0.6265625 0.3765625 0.009375 0.0140625
1 0.58984375 0.87265625 0.009375 0.0140625
1 0.178125 0.86875 0.00625 0.0109375
1 0.10546875 0.2796875 0.0078125 0.01328125
1 0.0703125 0.3234375 0.009375 0.01796875
1 0.84765625 0.27109375 0.009375 0.0125
1 0.515625 0.3890625 0.009375 0.015625
1 0.50546875 0.26015625 0.00703125 0.0125
1 0.521875 0.26875 0.009375 0.0125
1 0.0515625 0.3375 0.009375 0.01484375
0 0.80859375 0.12421875 0.0109375 0.0171875
1 0.42734375 0.39375 0.009375 0.01171875
1 0.5390625 0.26171875 0.0078125 0.0140625
1 0.08359375 0.29453125 0.01015625 0.01796875
1 0.6515625 0.36875 0.0109375 0.01640625
1 0.03203125 0.37265625 0.009375 0.01484375
1 0.54453125 0.459375 0.01015625 0.01640625
1 0.65390625 0.2640625 0.00859375 0.01484375
1 0.625 0.359375 0.009375 0.0140625
0 0.99375 0.375 0.0109375 0.0203125
1 0.44375 0.2796875 0.00546875 0.0125
1 0.4828125 0.86875 0.00625 0.0109375
1 0.55625 0.26484375 0.0078125 0.01171875
1 0.55234375 0.44609375 0.00859375 0.0140625
1 0.1015625 0.896875 0.01015625 0.01640625
1 0.5328125 0.3890625 0.01015625 0.015625
1 0.6 0.265625 0.01015625 0.0125
1 0.95625 0.39453125 0.01015625 0.015625
1 0.89296875 0.2875 0.00703125 0.0125
1 0.115625 0.26484375 0.00703125 0.01171875
1 0.90078125 0.28671875 0.00859375 0.0125
1 0.42578125 0.284375 0.009375 0.0140625
1 0.28203125 0.871875 0.0078125 0.0125
0 0.7515625 0.23359375 0.01171875 0.01875
1 0.64140625 0.321875 0.0078125 0.0125
1 0.4296875 0.27421875 0.00703125 0.01015625
1 0.81796875 0.85703125 0.00546875 0.01015625
1 0.16171875 0.98984375 0.0203125 0.0203125
1 0.215625 0.86953125 0.00625 0.0109375
1 0.04296875 0.3359375 0.0078125 0.0140625
0 0.84921875 0.825 0.0140625 0.0234375
1 0.696875 0.309375 0.00859375 0.0140625
1 0.81015625 0.3078125 0.00703125 0.01328125
1 0.81796875 0.30390625 0.00859375 0.0125
1 0.04765625 0.971875 0.0140625 0.01953125
1 0.00390625 0.37265625 0.0078125 0.01875
1 0.6390625 0.36171875 0.01015625 0.01484375
1 0.34296875 0.859375 0.00546875 0.01015625
1 0.89765625 0.31015625 0.01015625 0.0125
0 0.65625 0.709375 0.00859375 0.0140625
1 0.63203125 0.2703125 0.009375 0.01328125
0 0.8953125 0.115625 0.01328125 0.01796875
1 0.0234375 0.43046875 0.0109375 0.01640625
1 0.97421875 0.9859375 0.0171875 0.028125
1 0.04921875 0.32265625 0.0109375 0.0140625
0 0.6421875 0.7171875 0.00703125 0.0125
1 0.6546875 0.628125 0.0078125 0.01015625