4 0.5984375 0.33359375 0.0765625 0.0953125
2 0.7640625 0.215625 0.08828125 0.06171875
4 0.13203125 0.25234375 0.059375 0.0734375
2 0.24609375 0.2078125 0.08984375 0.05703125
3 0.77109375 0.85390625 0.059375 0.05703125
1 0.96796875 0.43515625 0.0109375 0.01796875
3 0.4890625 0.53828125 0.0953125 0.171875
1 0.09921875 0.38125 0.01015625 0.01640625
1 0.4234375 0.459375 0.0109375 0.01953125
1 0.37265625 0.421875 0.01015625 0.0171875
1 0.38515625 0.44921875 0.0109375 0.01953125
1 0.615625 0.41875 0.009375 0.015625
1 0.084375 0.48203125 0.01171875 0.01875
1 0.8921875 0.9390625 0.01484375 0.025
1 0.11015625 0.4390625 0.0109375 0.0171875
1 0.3484375 0.43125 0.01015625 0.0171875
1 0.08203125 0.38125 0.01015625 0.015625
1 0.24375 0.92109375 0.0140625 0.02265625
1 0.33046875 0.43046875 0.009375 0.0171875
1 0.71484375 0.60390625 0.0125 0.0234375
1 0.596875 0.3984375 0.01015625 0.01796875
1 0.1609375 0.45390625 0.0109375 0.01875
1 0.678125 0.5140625 0.01171875 0.01875
4 0.68984375 0.4578125 0.09375 0.1078125
1 0.93515625 0.4265625 0.0109375 0.01796875
1 0.1734375 0.60078125 0.01328125 0.0234375
1 0.44296875 0.43984375 0.01015625 0.01796875
3 0.29296875 0.57109375 0.1 0.15546875
1 0.46875 0.43828125 0.01015625 0.01875
1 0.84296875 0.91953125 0.0125 0.021875
1 0.30703125 0.440625 0.0109375 0.01796875
1 0.35390625 0.3890625 0.009375 0.0171875
1 0.0578125 0.3796875 0.009375 0.015625
1 0.034375 0.43125 0.01015625 0.0171875
1 0.5609375 0.4265625 0.01015625 0.01796875
4 0.55859375 0.8421875 0.040625 0.05859375
1 0.8234375 0.35078125 0.009375 0.01484375
1 0.87734375 0.3328125 0.00859375 0.01484375
1 0.32109375 0.4515625 0.01015625 0.01640625
1 0.43203125 0.57109375 0.01171875 0.02265625
1 0.15078125 0.44375 0.01015625 0.015625
1 0.10390625 0.5 0.01171875 0.01953125
1 0.1453125 0.31875 0.0078125 0.01328125
1 0.17734375 0.359375 0.009375 0.015625
1 0.67578125 0.55234375 0.01171875 0.02109375
1 0.52890625 0.35703125 0.00859375 0.015625
1 0.54921875 0.3796875 0.009375 0.01484375
1 0.85078125 0.3328125 0.00859375 0.01484375
1 0.42734375 0.390625 0.01015625 0.0171875
1 0.340625 0.88984375 0.0109375 0.01640625
1 0.56796875 0.39765625 0.009375 0.01640625
1 0.91640625 0.38828125 0.0109375 0.01875
1 0.4 0.50703125 0.0109375 0.02109375
1 0.01484375 0.44609375 0.0109375 0.0171875
1 0.40703125 0.57265625 0.01171875 0.02109375
1 0.28359375 0.8890625 0.009375 0.015625
1 0.36875 0.33125 0.0078125 0.01484375
1 0.278125 0.4703125 0.0109375 0.015625
1 0.62421875 0.48671875 0.0109375 0.01953125
1 0.15546875 0.33828125 0.00859375 0.0140625
1 0.1234375 0.31953125 0.009375 0.01328125
1 0.278125 0.45546875 0.01015625 0.01484375
1 0.4984375 0.290625 0.0078125 0.01328125
1 0.9328125 0.340625 0.00859375 0.0140625
1 0.8328125 0.3171875 0.00859375 0.01328125
1 0.646875 0.2703125 0.0078125 0.0125
1 0.5125 0.39296875 0.009375 0.01640625
1 0.8125 0.3703125 0.009375 0.015625
1 0.6953125 0.8859375 0.01015625 0.01640625
1 0.65703125 0.32109375 0.00859375 0.01484375
4 0.128125 0.8421875 0.04765625 0.05625
1 0.48203125 0.3078125 0.0078125 0.01484375
1 0.73046875 0.8890625 0.009375 0.01640625
1 0.39765625 0.58828125 0.0125 0.02109375
1 0.82890625 0.3953125 0.009375 0.01640625
1 0.57734375 0.3796875 0.0109375 0.015625
1 0.43203125 0.43671875 0.01015625 0.01796875
1 0.53828125 0.4046875 0.01015625 0.01640625
1 0.98671875 0.3796875 0.009375 0.01328125
1 0.53828125 0.45078125 0.0109375 0.01796875
1 0.090625 0.43046875 0.0109375 0.015625
1 0.00625 0.43359375 0.01015625 0.015625
1 0.471875 0.40546875 0.01015625 0.015625
1 0.784375 0.88046875 0.0078125 0.0140625
1 0.996875 0.4046875 0.00625 0.01484375
1 0.48046875 0.39453125 0.009375 0.0140625
1 0.51328125 0.3015625 0.00859375 0.0140625
1 0.01484375 0.41953125 0.0109375 0.015625
1 0.6671875 0.50625 0.009375 0.01796875
1 0.1234375 0.484375 0.01015625 0.0171875
1 0.4375 0.40703125 0.01015625 0.0171875
1 0.8359375 0.89609375 0.009375 0.0171875
1 0.12578125 0.4625 0.01015625 0.015625
1 0.2203125 0.89765625 0.0109375 0.01875
1 0.55546875 0.2734375 0.00703125 0.01328125
1 0.91875 0.315625 0.00859375 0.0140625
1 0.928125 0.31796875 0.00859375 0.0140625
1 0.32734375 0.36640625 0.009375 0.015625
1 0.17578125 0.29609375 0.009375 0.0140625
1 0.01015625 0.40078125 0.00859375 0.01484375
1 0.37109375 0.26953125 0.00703125 0.01171875
1 0.8140625 0.909375 0.01171875 0.02109375
1 0.14375 0.45703125 0.01015625 0.01328125
1 0.15390625 0.9234375 0.015625 0.02421875
1 0.2875 0.49140625 0.01171875 0.01640625
1 0.6625 0.36796875 0.0109375 0.01484375
1 0.3078125 0.38359375 0.00859375 0.01328125
1 0.884375 0.284375 0.00859375 0.01328125
1 0.840625 0.38828125 0.009375 0.01640625
1 0.09375 0.34921875 0.01015625 0.01484375
1 0.84453125 0.89453125 0.009375 0.01640625
1 0.278125 0.490625 0.0109375 0.0171875
1 0.83515625 0.28984375 0.0078125 0.0125
1 0.16875 0.94453125 0.015625 0.02109375
1 0.79765625 0.41875 0.0109375 0.015625
1 0.67734375 0.8875 0.00859375 0.01640625
1 0.31015625 0.4171875 0.0109375 0.01640625
1 0.04140625 0.6296875 0.0140625 0.015625
1 0.2265625 0.88359375 0.00859375 0.01328125
1 0.746875 0.88671875 0.009375 0.0171875
1 0.028125 0.36953125 0.01015625 0.01484375
1 0.15390625 0.27734375 0.0078125 0.01328125
1 0.33984375 0.33203125 0.00859375 0.015625
1 0.728125 0.871875 0.00703125 0.0140625
1 0.915625 0.33203125 0.00859375 0.01484375
1 0.19453125 0.64140625 0.01015625 0.01875
1 0.86640625 0.88046875 0.00703125 0.0125
1 0.07578125 0.4359375 0.0109375 0.01796875
1 0.80859375 0.8671875 0.00703125 0.0109375
0 0.5625 0.9890625 0.01796875 0.01953125
1 0.690625 0.37890625 0.009375 0.01640625
1 0.93125 0.9296875 0.01328125 0.0203125
1 0.04140625 0.4109375 0.01171875 0.01796875
1 0.57265625 0.8953125 0.01015625 0.0171875
1 0.2640625 0.4875 0.01015625 0.01796875
1 0.4359375 0.2578125 0.00703125 0.0125
1 0.0671875 0.35859375 0.009375 0.01484375
1 0.06328125 0.42734375 0.0109375 0.0171875
1 0.178125 0.26015625 0.00703125 0.0125
1 0.95078125 0.33515625 0.009375 0.01328125
1 0.6265625 0.2703125 0.00703125 0.01171875
1 0.9203125 0.90390625 0.01015625 0.015625
1 0.10703125 0.978125 0.01875 0.02421875
1 0.93671875 0.9921875 0.01875 0.01484375
1 0.6703125 0.365625 0.01015625 0.01640625
1 0.96015625 0.353125 0.01015625 0.0140625
1 0.3171875 0.3953125 0.0078125 0.01328125
1 0.2140625 0.93359375 0.0140625 0.02421875
1 0.540625 0.26640625 0.00859375 0.01171875
1 0.81015625 0.265625 0.0078125 0.0125
1 0.675 0.321875 0.01015625 0.01484375
1 0.096875 0.31640625 0.009375 0.0140625
1 0.90234375 0.88046875 0.00625 0.0125
1 0.19609375 0.94375 0.01640625 0.025
1 0.6171875 0.26953125 0.0078125 0.01171875
1 0.9484375 0.94140625 0.0125 0.02109375
1 0.85625 0.271875 0.00859375 0.0125
1 0.35703125 0.2890625 0.00859375 0.01328125
1 0.83828125 0.87734375 0.009375 0.01484375
1 0.30234375 0.39609375 0.0078125 0.0125
1 0.3828125 0.2984375 0.00859375 0.0140625
1 0.5765625 0.2625 0.00703125 0.0125
1 0.25546875 0.87578125 0.00703125 0.0125
1 0.60703125 0.26484375 0.0078125 0.01171875
1 0.01171875 0.378125 0.0125 0.0171875
1 0.765625 0.87734375 0.0078125 0.0125
1 0.17265625 0.8875 0.0078125 0.0140625
1 0.209375 0.871875 0.0078125 0.01171875
1 0.50234375 0.31484375 0.00703125 0.0140625
1 0.38671875 0.2578125 0.009375 0.0125
1 0.34609375 0.28359375 0.0078125 0.0109375
1 0.4203125 0.259375 0.0078125 0.01328125
1 0.07578125 0.93046875 0.0140625 0.02265625
1 0.26875 0.87890625 0.0078125 0.01328125
1 0.91640625 0.88203125 0.00859375 0.0125
4 0.59921875 0.8390625 0.021875 0.04765625
1 0.9015625 0.29375 0.00859375 0.01484375
1 0.803125 0.4015625 0.009375 0.0109375
1 0.32890625 0.35 0.00859375 0.01171875
1 0.89453125 0.28515625 0.009375 0.0140625
1 0.265625 0.65 0.01015625 0.0109375
1 0.8390625 0.28125 0.00703125 0.01171875
1 0.17109375 0.971875 0.01875 0.0234375
1 0.340625 0.29453125 0.00703125 0.0125
1 0.7078125 0.36640625 0.0109375 0.0171875
1 0.93203125 0.89296875 0.009375 0.015625
1 0.18125 0.9296875 0.0140625 0.02109375
1 0.10625 0.9953125 0.01484375 0.009375
1 0.87265625 0.27265625 0.00859375 0.0125
1 0.5375 0.4375 0.00859375 0.0125
1 0.05078125 0.36796875 0.0109375 0.01328125
1 0.36953125 0.2953125 0.00859375 0.01328125
1 0.5484375 0.2578125 0.00859375 0.0125
1 0.4609375 0.25703125 0.01015625 0.01640625
1 0.14609375 0.89296875 0.0125 0.01796875
1 0.3515625 0.32109375 0.01171875 0.015625
1 0.1609375 0.98984375 0.01953125 0.0203125
1 0.31953125 0.35 0.00859375 0.01484375
1 0.04765625 0.97109375 0.0140625 0.01796875
1 0.3546875 0.30390625 0.009375 0.01171875
1 0.196875 0.89609375 0.01015625 0.01484375
1 0.36875 0.25859375 0.00703125 0.01171875
1 0.0765625 0.3484375 0.01015625 0.0171875
1 0.46875 0.88671875 0.00859375 0.01328125
1 0.6703125 0.415625 0.01171875 0.01796875
1 0.34296875 0.859375 0.00546875 0.01015625
1 0.165625 0.2640625 0.0078125 0.0125
1 0.0578125 0.36015625 0.009375 0.015625
1 0.32421875 0.26015625 0.00859375 0.0109375
1 0.0953125 0.284375 0.01015625 0.01640625
1 0.0671875 0.9828125 0.0203125 0.03125
1 0.91484375 0.2953125 0.01015625 0.01328125
1 0.7375 0.646875 0.0109375 0.009375
1 0.9484375 0.9203125 0.01015625 0.01640625
1 0.97109375 0.97578125 0.01640625 0.03203125
1 0.134375 0.91328125 0.01484375 0.02265625
1 0.93046875 0.9078125 0.0109375 0.0140625
1 0.4015625 0.90625 0.00703125 0.00859375
1 0.4609375 0.8609375 0.00546875 0.00859375
1 0.48125 0.89375 0.0078125 0.0109375
1 0.39765625 0.25859375 0.01171875 0.01484375
1 0.825 0.26953125 0.01171875 0.01171875