2 0.78828125 0.2390625 0.125 0.0671875
1 0.65546875 0.55546875 0.046875 0.025
3 0.4015625 0.31796875 0.1015625 0.0796875
4 0.7125 0.509375 0.1484375 0.1375
3 0.7265625 0.84296875 0.08125 0.0515625
1 0.59609375 0.8796875 0.0453125 0.0203125
4 0.6859375 0.30078125 0.096875 0.0734375
1 0.3 0.41953125 0.0453125 0.01875
1 0.796875 0.60625 0.046875 0.0234375
1 0.47890625 0.37734375 0.04375 0.0171875
1 0.61171875 0.4625 0.04375 0.0171875
1 0.3796875 0.39375 0.04375 0.0171875
1 0.403125 0.421875 0.04375 0.01875
1 0.77109375 0.52421875 0.0453125 0.021875
1 0.35390625 0.39375 0.04375 0.01875
1 0.0921875 0.50390625 0.046875 0.025
1 0.896875 0.36171875 0.0421875 0.015625
1 0.8359375 0.59296875 0.05 0.0265625
1 0.62421875 0.55703125 0.04375 0.0203125
1 0.6578125 0.88203125 0.04375 0.01875
1 0.67890625 0.43359375 0.04375 0.01875
1 0.984375 0.49375 0.03125 0.021875
1 0.8265625 0.46953125 0.0453125 0.0203125
0 0.24375 0.209375 0.0453125 0.01875
1 0.396875 0.8921875 0.046875 0.025
1 0.39296875 0.36015625 0.0421875 0.015625
1 0.48984375 0.4375 0.04375 0.0203125
1 0.746875 0.61171875 0.0453125 0.0171875
1 0.0546875 0.4078125 0.0453125 0.01875
1 0.6640625 0.9109375 0.046875 0.021875
1 0.07109375 0.41015625 0.0453125 0.0203125
1 0.45546875 0.88984375 0.0453125 0.025
1 0.365625 0.39375 0.04375 0.0171875
1 0.17734375 0.35859375 0.0421875 0.0171875
3 0.11171875 0.88515625 0.2234375 0.1859375
1 0.31953125 0.32578125 0.04375 0.0171875
1 0.6390625 0.88125 0.04375 0.01875
1 0.54609375 0.8484375 0.04375 0.015625
1 0.9484375 0.51171875 0.0453125 0.0203125
1 0.79375 0.91171875 0.046875 0.0234375
1 0.90625 0.3796875 0.04375 0.01875
1 0.0203125 0.4171875 0.040625 0.01875
1 0.334375 0.39296875 0.04375 0.01875
1 0.13203125 0.3625 0.04375 0.0171875
1 0.73828125 0.92578125 0.05 0.028125
1 0.69765625 0.8640625 0.0421875 0.015625
1 0.31875 0.4390625 0.04375 0.01875
1 0.7703125 0.878125 0.0421875 0.0171875
0 0.13515625 0.6984375 0.0640625 0.0546875
1 0.79609375 0.89375 0.0453125 0.015625
1 0.85625 0.3546875 0.0421875 0.015625
1 0.6953125 0.57265625 0.046875 0.025
1 0.97421875 0.45546875 0.046875 0.021875
1 0.60859375 0.878125 0.0453125 0.0203125
1 0.046875 0.48828125 0.0421875 0.0203125
1 0.4484375 0.45234375 0.04375 0.015625
1 0.92265625 0.41484375 0.04375 0.01875
1 0.86171875 0.384375 0.0421875 0.0171875
1 0.7890625 0.525 0.04375 0.015625
1 0.37421875 0.375 0.0421875 0.0171875
0 0.25078125 0.22109375 0.0453125 0.015625
1 0.80703125 0.9109375 0.0453125 0.0203125
1 0.671875 0.86328125 0.0421875 0.015625
1 0.709375 0.41171875 0.04375 0.01875
1 0.8375 0.95546875 0.053125 0.03125
1 0.1390625 0.3390625 0.0421875 0.015625
1 0.26171875 0.521875 0.0453125 0.0234375
1 0.67890625 0.41484375 0.04375 0.015625
1 0.5125 0.88671875 0.0453125 0.0234375
1 0.809375 0.87421875 0.0421875 0.0140625
1 0.44296875 0.36328125 0.0421875 0.015625
1 0.68046875 0.39453125 0.04375 0.015625
1 0.6421875 0.35859375 0.0421875 0.0171875
1 0.9890625 0.45859375 0.021875 0.0171875
1 0.30546875 0.32734375 0.04375 0.0171875
1 0.60703125 0.3078125 0.040625 0.0140625
1 0.94375 0.40625 0.0453125 0.01875
1 0.1078125 0.3984375 0.0453125 0.01875
1 0.86953125 0.90625 0.04375 0.0171875
0 0.209375 0.1890625 0.0453125 0.0203125
1 0.203125 0.5640625 0.0453125 0.0171875
1 0.7671875 0.57578125 0.046875 0.03125
1 0.97734375 0.421875 0.0453125 0.0171875
1 0.06875 0.38828125 0.0453125 0.0171875
1 0.53515625 0.64921875 0.04375 0.0140625
1 0.70078125 0.3953125 0.04375 0.0171875
1 0.01328125 0.44296875 0.0265625 0.0203125
1 0.6578125 0.359375 0.04375 0.01875
1 0.79453125 0.6390625 0.0484375 0.021875
1 0.8453125 0.44453125 0.04375 0.0203125
1 0.87734375 0.340625 0.0421875 0.015625
1 0.21953125 0.9546875 0.0578125 0.04375
1 0.07421875 0.359375 0.04375 0.0171875
1 0.64609375 0.91015625 0.046875 0.0203125
1 0.4765625 0.32421875 0.040625 0.0140625
1 0.20390625 0.2875 0.040625 0.0140625
1 0.2328125 0.82734375 0.040625 0.0125
4 0.2015625 0.80546875 0.0765625 0.046875
1 0.45859375 0.3671875 0.0453125 0.0171875
1 0.78671875 0.8625 0.040625 0.0125
1 0.06328125 0.3515625 0.04375 0.015625
1 0.10625 0.38046875 0.04375 0.0140625
1 0.86484375 0.3421875 0.0421875 0.015625
1 0.85234375 0.3234375 0.0421875 0.0140625
1 0.46640625 0.334375 0.0421875 0.015625
1 0.76484375 0.546875 0.0421875 0.0171875
1 0.9859375 0.44140625 0.028125 0.0171875
1 0.625 0.3359375 0.04375 0.015625
1 0.75390625 0.57890625 0.0484375 0.0265625
1 0.85234375 0.92421875 0.046875 0.0234375
2 0.26875 0.209375 0.1234375 0.0546875
1 0.17578125 0.58359375 0.046875 0.015625
1 0.0109375 0.9609375 0.021875 0.009375
1 0.65234375 0.3453125 0.0421875 0.0140625
1 0.75546875 0.85703125 0.0390625 0.0125
1 0.94375 0.49375 0.0421875 0.0140625
1 0.64375 0.31171875 0.0421875 0.0140625
1 0.09609375 0.31015625 0.0421875 0.0140625
1 0.83125 0.44453125 0.04375 0.0203125
1 0.97578125 0.678125 0.0484375 0.021875
1 0.096875 0.39453125 0.04375 0.01875
1 0.81484375 0.45625 0.0421875 0.01875
1 0.484375 0.30859375 0.0421875 0.015625
1 0.9546875 0.39140625 0.04375 0.01875
1 0.82109375 0.94140625 0.046875 0.0234375
1 0.20390625 0.83984375 0.040625 0.0171875
1 0.08046875 0.3921875 0.046875 0.01875
1 0.82421875 0.8875 0.0421875 0.015625
1 0.6875 0.38359375 0.0421875 0.0140625
1 0.42421875 0.83828125 0.040625 0.0140625
1 0.50078125 0.29375 0.0421875 0.0140625
1 0.67578125 0.37109375 0.0421875 0.0171875
1 0.3234375 0.42734375 0.0453125 0.015625
1 0.44765625 0.3046875 0.0421875 0.0140625
1 0.1625 0.28984375 0.0421875 0.0140625
1 0.63359375 0.30390625 0.0421875 0.0140625
1 0.47109375 0.36953125 0.0453125 0.015625
1 0.9421875 0.3796875 0.04375 0.0140625
1 0.55390625 0.303125 0.0421875 0.0140625
1 0.9515625 0.3671875 0.0421875 0.015625
1 0.4890625 0.88984375 0.04375 0.021875
1 0.96328125 0.4015625 0.0421875 0.015625
1 0.0140625 0.41875 0.028125 0.01875
1 0.6859375 0.36171875 0.0421875 0.0140625
1 0.40546875 0.8453125 0.0390625 0.0109375
1 0.1359375 0.29609375 0.0421875 0.0140625
1 0.31640625 0.3015625 0.04375 0.0171875
1 0.54375 0.82734375 0.0375 0.0109375
1 0.825 0.9125 0.0453125 0.0171875
1 0.66953125 0.36328125 0.0421875 0.015625
1 0.090625 0.36953125 0.0421875 0.015625
1 0.91953125 0.3359375 0.0453125 0.015625
1 0.89921875 0.33671875 0.040625 0.0140625
0 0.17265625 0.05859375 0.046875 0.0234375
1 0.79609375 0.66875 0.04375 0.0109375
1 0.36484375 0.2859375 0.04375 0.0140625
1 0.44296875 0.4234375 0.04375 0.0140625
1 0.93671875 0.35859375 0.0453125 0.0171875
1 0.24765625 0.96875 0.046875 0.01875
1 0.33203125 0.8953125 0.04375 0.0109375
1 0.18984375 0.86796875 0.0421875 0.0171875
1 0.52265625 0.30078125 0.04375 0.0140625
1 0.4578125 0.29921875 0.0421875 0.015625
1 0.1125 0.3109375 0.04375 0.0140625
1 0.06171875 0.33828125 0.04375 0.0140625
3 0.52265625 0.80625 0.0703125 0.0421875
1 0.115625 0.9703125 0.0421875 0.009375
1 0.04296875 0.57421875 0.04375 0.0171875
1 0.60078125 0.9921875 0.0578125 0.015625
1 0.384375 0.84375 0.040625 0.0109375
1 0.765625 0.859375 0.040625 0.0125
1 0.7265625 0.63203125 0.04375 0.015625
1 0.84296875 0.909375 0.04375 0.0171875
1 0.19609375 0.8234375 0.0453125 0.015625
1 0.1921875 0.28515625 0.0421875 0.0140625
1 0.18359375 0.2828125 0.0421875 0.015625
1 0.7265625 0.615625 0.0421875 0.0125
1 0.171875 0.28359375 0.0421875 0.0140625
1 0.659375 0.65859375 0.0421875 0.0125
0 0.58359375 0.7125 0.0421875 0.015625
1 0.43515625 0.8328125 0.0390625 0.0125
1 0.51796875 0.8265625 0.040625 0.0125
1 0.8578125 0.95703125 0.0484375 0.0265625
1 0.97578125 0.409375 0.0421875 0.0140625
0 0.28515625 0.20546875 0.04375 0.0203125
0 0.22265625 0.23359375 0.0390625 0.0125
1 0.41484375 0.8453125 0.04375 0.0109375
1 0.0203125 0.60703125 0.040625 0.0265625
1 0.853125 0.8734375 0.040625 0.0125