4 0.58671875 0.32734375 0.09375 0.1015625
2 0.74375 0.19765625 0.103125 0.06875
4 0.115625 0.27890625 0.075 0.0796875
2 0.2265625 0.2265625 0.1046875 0.0640625
3 0.7953125 0.834375 0.0734375 0.0625
1 0.9625 0.40234375 0.0234375 0.0203125
3 0.49140625 0.5390625 0.11875 0.1796875
1 0.0921875 0.409375 0.021875 0.01875
1 0.42109375 0.46484375 0.0234375 0.021875
1 0.3671875 0.43125 0.021875 0.01875
1 0.38203125 0.45703125 0.0234375 0.021875
1 0.609375 0.4109375 0.021875 0.0171875
1 0.084375 0.5109375 0.0234375 0.0203125
1 0.921875 0.9109375 0.028125 0.028125
1 0.10703125 0.46640625 0.0234375 0.01875
1 0.34375 0.4421875 0.021875 0.01875
1 0.075 0.4109375 0.021875 0.0171875
1 0.2734375 0.93828125 0.0265625 0.025
1 0.32578125 0.4421875 0.021875 0.01875
1 0.721875 0.58828125 0.025 0.0265625
1 0.58984375 0.3921875 0.021875 0.0203125
1 0.15859375 0.47734375 0.0234375 0.0203125
1 0.67890625 0.5015625 0.0234375 0.0203125
4 0.68671875 0.44453125 0.1125 0.115625
1 0.92890625 0.39609375 0.0234375 0.0203125
1 0.18125 0.6234375 0.0265625 0.0265625
1 0.4390625 0.44375 0.021875 0.0203125
3 0.2984375 0.58515625 0.121875 0.1640625
1 0.46484375 0.440625 0.021875 0.0203125
1 0.87109375 0.89453125 0.025 0.025
1 0.303125 0.45390625 0.0234375 0.0203125
1 0.346875 0.39921875 0.021875 0.01875
1 0.05078125 0.4109375 0.021875 0.0171875
1 0.03046875 0.4640625 0.021875 0.01875
1 0.55546875 0.42265625 0.021875 0.0203125
4 0.58203125 0.8375 0.05625 0.0625
1 0.8125 0.32890625 0.021875 0.0171875
1 0.86484375 0.30703125 0.0203125 0.0171875
1 0.31796875 0.4640625 0.021875 0.01875
1 0.4375 0.57578125 0.0234375 0.025
1 0.14765625 0.46796875 0.021875 0.0171875
1 0.1046875 0.52734375 0.0234375 0.021875
1 0.13359375 0.34375 0.0203125 0.015625
1 0.16796875 0.38203125 0.021875 0.0171875
1 0.67890625 0.53984375 0.0234375 0.0234375
1 0.51875 0.35546875 0.0203125 0.0171875
1 0.540625 0.3765625 0.021875 0.0171875
1 0.83828125 0.30859375 0.0203125 0.0171875
1 0.41953125 0.39609375 0.021875 0.01875
1 0.36796875 0.9 0.0234375 0.01875
1 0.5609375 0.39296875 0.021875 0.01875
1 0.9078125 0.359375 0.0234375 0.0203125
1 0.40078125 0.5140625 0.0234375 0.0234375
1 0.0125 0.4796875 0.0234375 0.01875
1 0.4125 0.57890625 0.0234375 0.0234375
1 0.3109375 0.903125 0.021875 0.0171875
1 0.35703125 0.340625 0.0203125 0.0171875
1 0.2765625 0.4859375 0.0234375 0.0171875
1 0.62265625 0.478125 0.0234375 0.021875
1 0.1453125 0.3625 0.0203125 0.015625
1 0.11171875 0.34609375 0.021875 0.015625
1 0.27578125 0.47109375 0.021875 0.0171875
1 0.48359375 0.29140625 0.0203125 0.015625
1 0.9203125 0.3109375 0.0203125 0.015625
1 0.81953125 0.29453125 0.0203125 0.015625
1 0.63046875 0.2609375 0.0203125 0.0140625
1 0.5046875 0.3921875 0.021875 0.01875
1 0.80234375 0.34921875 0.021875 0.0171875
1 0.721875 0.87109375 0.021875 0.01875
1 0.64453125 0.3109375 0.0203125 0.0171875
4 0.153125 0.8671875 0.0625 0.0609375
1 0.46875 0.309375 0.0203125 0.0171875
1 0.75703125 0.871875 0.021875 0.01875
1 0.40390625 0.5953125 0.025 0.0234375
1 0.82109375 0.37265625 0.021875 0.01875
1 0.56875 0.37421875 0.0234375 0.0171875
1 0.428125 0.44140625 0.021875 0.0203125
1 0.53125 0.40234375 0.021875 0.01875
1 0.97734375 0.34609375 0.021875 0.015625
1 0.534375 0.4484375 0.0234375 0.0203125
1 0.08671875 0.459375 0.0234375 0.0171875
1 0.00625 0.46640625 0.0125 0.0171875
1 0.465625 0.4078125 0.021875 0.0171875
1 0.81015625 0.859375 0.0203125 0.015625
1 0.9890625 0.3703125 0.01875 0.0171875
1 0.4734375 0.39609375 0.021875 0.015625
1 0.49921875 0.30078125 0.0203125 0.015625
1 0.0109375 0.45390625 0.021875 0.0171875
1 0.6671875 0.49453125 0.021875 0.0203125
1 0.1234375 0.5109375 0.021875 0.01875
1 0.43125 0.41171875 0.021875 0.01875
1 0.8625 0.871875 0.021875 0.01875
1 0.12421875 0.4890625 0.021875 0.0171875
1 0.2484375 0.91640625 0.0234375 0.0203125
1 0.53984375 0.2703125 0.01875 0.015625
1 0.9046875 0.28671875 0.0203125 0.015625
1 0.9140625 0.28828125 0.0203125 0.015625
1 0.31875 0.37890625 0.021875 0.0171875
1 0.1625 0.31953125 0.021875 0.015625
1 0.00703125 0.43515625 0.0140625 0.0171875
1 0.35546875 0.27890625 0.01875 0.0140625
1 0.8421875 0.88671875 0.0234375 0.0234375
1 0.14140625 0.48203125 0.021875 0.015625
1 0.184375 0.946875 0.028125 0.0265625
1 0.2875 0.50625 0.0234375 0.01875
1 0.653125 0.35703125 0.0234375 0.0171875
1 0.3 0.39765625 0.0203125 0.015625
1 0.86875 0.2578125 0.0203125 0.015625
1 0.83203125 0.36484375 0.021875 0.01875
1 0.084375 0.378125 0.021875 0.0171875
1 0.87109375 0.86953125 0.021875 0.01875
1 0.278125 0.50625 0.0234375 0.01875
1 0.81953125 0.2671875 0.0203125 0.0140625
1 0.20078125 0.96640625 0.028125 0.0234375
1 0.79140625 0.3984375 0.0234375 0.0171875
1 0.70390625 0.87421875 0.0203125 0.01875
1 0.3046875 0.43046875 0.0234375 0.01875
1 0.0515625 0.66171875 0.0265625 0.01875
1 0.25390625 0.9015625 0.0203125 0.015625
1 0.7734375 0.86875 0.021875 0.01875
1 0.0203125 0.403125 0.021875 0.0171875
1 0.1390625 0.30234375 0.0203125 0.015625
1 0.32890625 0.34375 0.0203125 0.0171875
1 0.753125 0.8546875 0.01875 0.015625
1 0.903125 0.303125 0.0203125 0.0171875
1 0.20546875 0.6625 0.021875 0.0203125
1 0.8921875 0.85390625 0.01875 0.0140625
1 0.07265625 0.465625 0.0234375 0.0203125
1 0.83359375 0.84453125 0.01875 0.0125
0 0.59609375 0.98359375 0.0296875 0.021875
1 0.68203125 0.365625 0.021875 0.01875
1 0.96015625 0.8984375 0.025 0.0234375
1 0.0359375 0.44296875 0.0234375 0.0203125
1 0.6 0.8890625 0.021875 0.01875
1 0.2640625 0.50390625 0.021875 0.0203125
1 0.41953125 0.2625 0.01875 0.0140625
1 0.05859375 0.3890625 0.021875 0.0171875
1 0.059375 0.4578125 0.0234375 0.01875
1 0.1625 0.2828125 0.01875 0.0140625
1 0.93828125 0.30390625 0.021875 0.015625
1 0.61015625 0.26171875 0.01875 0.0140625
1 0.94765625 0.8734375 0.021875 0.0171875
1 0.140625 0.9953125 0.03125 0.009375
1 0.9703125 0.96015625 0.03125 0.0171875
1 0.66015625 0.35390625 0.021875 0.01875
1 0.9484375 0.32109375 0.021875 0.015625
1 0.31015625 0.40859375 0.0203125 0.015625
1 0.2453125 0.95234375 0.0265625 0.0265625
1 0.52421875 0.2640625 0.0203125 0.0140625
1 0.79296875 0.24453125 0.0203125 0.0140625
1 0.6625 0.31015625 0.021875 0.0171875
1 0.08515625 0.3453125 0.021875 0.015625
1 0.928125 0.8515625 0.01875 0.0140625
1 0.228125 0.9640625 0.0296875 0.028125
1 0.60078125 0.26171875 0.0203125 0.0140625
1 0.978125 0.909375 0.025 0.0234375
1 0.83984375 0.24765625 0.0203125 0.0140625
1 0.34296875 0.29921875 0.0203125 0.015625
1 0.8640625 0.853125 0.021875 0.0171875
1 0.2953125 0.41015625 0.0203125 0.0140625
1 0.36875 0.30703125 0.0203125 0.015625
1 0.56015625 0.2578125 0.01875 0.0140625
1 0.28203125 0.8921875 0.01875 0.0140625
1 0.590625 0.2578125 0.0203125 0.0140625
1 0.0078125 0.41171875 0.015625 0.0203125
1 0.79140625 0.8578125 0.0203125 0.0140625
1 0.20078125 0.909375 0.0203125 0.015625
1 0.2359375 0.89140625 0.0203125 0.0140625
1 0.4890625 0.31484375 0.01875 0.015625
1 0.3703125 0.26640625 0.021875 0.0140625
1 0.33125 0.29453125 0.01875 0.0125
1 0.40390625 0.265625 0.0203125 0.015625
1 0.10703125 0.959375 0.0265625 0.025
1 0.29609375 0.89375 0.0203125 0.015625
1 0.9421875 0.85234375 0.0203125 0.0140625
4 0.62265625 0.83125 0.0359375 0.05
1 0.8859375 0.26640625 0.0203125 0.0171875
1 0.7953125 0.38046875 0.0203125 0.0125
1 0.31875 0.3625 0.0203125 0.0140625
1 0.87890625 0.2578125 0.021875 0.015625
1 0.2765625 0.665625 0.021875 0.0125
1 0.82265625 0.2578125 0.01875 0.0140625
1 0.203125 0.98984375 0.03125 0.0203125
1 0.3265625 0.30625 0.01875 0.0140625
1 0.69765625 0.35234375 0.0234375 0.01875
1 0.95859375 0.86171875 0.021875 0.0171875
1 0.21171875 0.95078125 0.0265625 0.0234375
1 0.85625 0.246875 0.0203125 0.0140625
1 0.5328125 0.43515625 0.0203125 0.0140625
1 0.04296875 0.4 0.0234375 0.015625
1 0.35546875 0.3046875 0.0203125 0.015625
1 0.53125 0.2546875 0.0203125 0.0140625
1 0.44375 0.26015625 0.021875 0.01875
1 0.17421875 0.91640625 0.025 0.0203125
1 0.3390625 0.33203125 0.0234375 0.0171875
1 0.309375 0.36328125 0.0203125 0.0171875
1 0.08046875 0.9953125 0.0265625 0.009375
1 0.34140625 0.31484375 0.021875 0.0140625
1 0.225 0.91640625 0.021875 0.0171875
1 0.35234375 0.26796875 0.01875 0.0140625
1 0.0671875 0.378125 0.021875 0.01875
1 0.49609375 0.88828125 0.0203125 0.015625
1 0.6640625 0.40390625 0.0234375 0.0203125
1 0.36875 0.86953125 0.0171875 0.0125
1 0.15 0.28828125 0.0203125 0.0140625
1 0.04921875 0.39140625 0.021875 0.0171875
1 0.3078125 0.27265625 0.0203125 0.0125
1 0.08125 0.31328125 0.021875 0.01875
1 0.89921875 0.2671875 0.021875 0.015625
1 0.746875 0.6296875 0.021875 0.0109375
1 0.9765625 0.88828125 0.021875 0.01875
1 0.99375 0.940625 0.0125 0.034375
1 0.1640625 0.9375 0.0265625 0.025
1 0.9578125 0.8765625 0.0234375 0.015625
1 0.43046875 0.9125 0.01875 0.0109375
1 0.4859375 0.8625 0.0171875 0.0109375
1 0.50859375 0.89375 0.01875 0.0125
1 0.38125 0.26640625 0.0234375 0.0171875
1 0.8078125 0.24765625 0.0234375 0.0140625