4 0.8390625 0.425 0.096875 0.0921875
2 0.74921875 0.20234375 0.1015625 0.065625
3 0.33125 0.86015625 0.0796875 0.078125
2 0.23125 0.22265625 0.103125 0.0609375
1 0.70390625 0.42109375 0.0203125 0.015625
1 0.61796875 0.5 0.021875 0.01875
4 0.93515625 0.8453125 0.084375 0.0859375
3 0.33515625 0.43984375 0.10625 0.109375
3 0.784375 0.8375 0.0703125 0.059375
1 0.89453125 0.4484375 0.021875 0.0171875
4 0.64765625 0.8640625 0.09375 0.0875
1 0.26953125 0.49453125 0.021875 0.0171875
3 0.56875 0.81796875 0.053125 0.0484375
1 0.5265625 0.46171875 0.021875 0.0171875
1 0.19296875 0.4375 0.0203125 0.0171875
1 0.9078125 0.51796875 0.0234375 0.0203125
1 0.4390625 0.35 0.0203125 0.015625
1 0.60234375 0.47265625 0.021875 0.015625
1 0.91171875 0.38203125 0.0203125 0.015625
1 0.77734375 0.5984375 0.0234375 0.021875
1 0.55625 0.4125 0.01875 0.0140625
1 0.56796875 0.46015625 0.021875 0.0140625
1 0.503125 0.4796875 0.0203125 0.0171875
1 0.571875 0.48203125 0.021875 0.0171875
1 0.84375 0.884375 0.021875 0.01875
1 0.8140625 0.3296875 0.01875 0.0140625
1 0.56328125 0.38046875 0.01875 0.0140625
1 0.60234375 0.45 0.0203125 0.015625
1 0.28671875 0.50546875 0.021875 0.0171875
1 0.26796875 0.53203125 0.021875 0.01875
1 0.66640625 0.45390625 0.021875 0.0171875
1 0.921875 0.6 0.0234375 0.0171875
1 0.4796875 0.453125 0.0203125 0.0171875
1 0.57734375 0.90078125 0.01875 0.009375
1 0.43828125 0.48984375 0.021875 0.01875
1 0.915625 0.3453125 0.0203125 0.0140625
1 0.32734375 0.50859375 0.021875 0.01875
1 0.61640625 0.37265625 0.0203125 0.0140625
1 0.18984375 0.9546875 0.028125 0.0265625
1 0.3609375 0.89765625 0.021875 0.015625
1 0.8546875 0.8609375 0.0171875 0.0125
1 0.61484375 0.525 0.021875 0.0203125
1 0.36875 0.3875 0.01875 0.0140625
1 0.7375 0.496875 0.021875 0.01875
4 0.70234375 0.57265625 0.13125 0.1375
1 0.6515625 0.53125 0.0203125 0.0203125
1 0.51171875 0.34453125 0.0203125 0.0140625
1 0.35703125 0.4859375 0.021875 0.0171875
1 0.06875 0.41640625 0.0203125 0.015625
1 0.32265625 0.36015625 0.01875 0.0140625
1 0.40859375 0.90546875 0.021875 0.0140625
1 0.61640625 0.396875 0.021875 0.015625
1 0.51796875 0.43203125 0.0203125 0.015625
1 0.03984375 0.44921875 0.021875 0.0171875
1 0.6734375 0.4296875 0.0203125 0.015625
1 0.32734375 0.5671875 0.0234375 0.0203125
1 0.01171875 0.4453125 0.0203125 0.015625
1 0.25546875 0.934375 0.028125 0.0234375
1 0.62265625 0.33828125 0.0203125 0.0140625
1 0.896875 0.32109375 0.01875 0.0125
1 0.86484375 0.95234375 0.0296875 0.03125
1 0.48203125 0.28359375 0.0171875 0.0125
1 0.8078125 0.8640625 0.01875 0.0125
1 0.8765625 0.53125 0.0203125 0.0171875
1 0.53515625 0.35390625 0.01875 0.0140625
1 0.496875 0.40859375 0.0203125 0.015625
1 0.6015625 0.5 0.021875 0.0171875
1 0.56875 0.325 0.01875 0.0109375
1 0.17265625 0.95546875 0.028125 0.0265625
1 0.0546875 0.45 0.021875 0.015625
1 0.67421875 0.37109375 0.0203125 0.0140625
1 0.62421875 0.32109375 0.0203125 0.0140625
1 0.27578125 0.89140625 0.0171875 0.0109375
1 0.44140625 0.4296875 0.0203125 0.015625
1 0.52265625 0.38046875 0.01875 0.0125
1 0.58984375 0.3375 0.0203125 0.015625
1 0.71875 0.88671875 0.021875 0.015625
1 0.44765625 0.28125 0.01875 0.0109375
1 0.50703125 0.26796875 0.0171875 0.0109375
1 0.321875 0.309375 0.0171875 0.0125
1 0.6125 0.30078125 0.01875 0.0125
1 0.7671875 0.5625 0.021875 0.0203125
1 0.4765625 0.39453125 0.0203125 0.0140625
1 0.3640625 0.29765625 0.01875 0.0140625
1 0.31171875 0.55859375 0.0203125 0.0171875
1 0.89296875 0.934375 0.0265625 0.0296875
1 0.55546875 0.30234375 0.01875 0.0125
1 0.6484375 0.27265625 0.0171875 0.0109375
1 0.4515625 0.41796875 0.0203125 0.0171875
1 0.59609375 0.3875 0.0203125 0.0140625
1 0.5359375 0.4015625 0.0203125 0.0140625
1 0.52421875 0.4015625 0.01875 0.0140625
1 0.69140625 0.50703125 0.021875 0.01875
1 0.909375 0.30625 0.0171875 0.0125
1 0.59375 0.3046875 0.0171875 0.0109375
1 0.4703125 0.3734375 0.0203125 0.015625
1 0.53515625 0.43125 0.021875 0.015625
1 0.05859375 0.40625 0.0203125 0.0140625
1 0.6484375 0.25859375 0.0171875 0.0109375
1 0.75234375 0.8578125 0.0203125 0.0125
1 0.16484375 0.92109375 0.0203125 0.0171875
1 0.48515625 0.42265625 0.021875 0.0140625
1 0.9375 0.909375 0.0234375 0.0234375
1 0.2515625 0.6625 0.0203125 0.0109375
1 0.53515625 0.33828125 0.01875 0.0125
1 0.1234375 0.28046875 0.0171875 0.0125
1 0.46484375 0.40703125 0.0203125 0.0125
1 0.6375 0.31796875 0.0203125 0.0140625
1 0.55859375 0.2546875 0.0171875 0.0109375
1 0.2359375 0.9375 0.0234375 0.0203125
1 0.38125 0.2890625 0.0171875 0.0125
1 0.396875 0.27734375 0.0171875 0.0125
1 0.8828125 0.26796875 0.01875 0.0125
1 0.63984375 0.340625 0.01875 0.0140625
1 0.33671875 0.296875 0.01875 0.015625
1 0.59296875 0.28984375 0.01875 0.0125
1 0.5578125 0.365625 0.01875 0.0140625
1 0.64765625 0.33984375 0.01875 0.0140625
1 0.5484375 0.3140625 0.01875 0.0109375
1 0.26484375 0.64765625 0.021875 0.0140625
1 0.36953125 0.265625 0.0171875 0.0109375
1 0.83984375 0.3171875 0.0203125 0.0140625
1 0.1359375 0.27890625 0.0171875 0.0109375
1 0.09453125 0.29453125 0.0171875 0.0109375
1 0.02734375 0.42734375 0.0203125 0.015625
1 0.4796875 0.384375 0.01875 0.0109375
1 0.10390625 0.28828125 0.0171875 0.0109375
1 0.49140625 0.25703125 0.0171875 0.0109375
1 0.4125 0.26015625 0.0171875 0.0109375
1 0.7078125 0.50703125 0.021875 0.015625
1 0.01796875 0.36875 0.01875 0.0125
1 0.45 0.30078125 0.0171875 0.0140625
1 0.53359375 0.315625 0.01875 0.0109375
1 0.0984375 0.31484375 0.0203125 0.0125
1 0.6203125 0.26328125 0.0171875 0.009375
1 0.89453125 0.2828125 0.0171875 0.0109375
1 0.55546875 0.33203125 0.01875 0.0140625
1 0.0125 0.6578125 0.0203125 0.0171875
1 0.05546875 0.3625 0.0203125 0.0140625
1 0.63359375 0.3015625 0.0171875 0.009375
1 0.59765625 0.33984375 0.0203125 0.01875
1 0.6625 0.34140625 0.01875 0.0125
1 0.4734375 0.42421875 0.0203125 0.0140625
1 0.35703125 0.2796875 0.0171875 0.0109375
1 0.353125 0.29609375 0.0171875 0.0125
1 0.57421875 0.3171875 0.01875 0.0109375
1 0.2796875 0.88046875 0.0171875 0.009375
1 0.61171875 0.28671875 0.0203125 0.0125
1 0.58515625 0.26796875 0.01875 0.009375
1 0.215625 0.8859375 0.0171875 0.009375
1 0.90703125 0.2828125 0.01875 0.0109375
1 0.66328125 0.2546875 0.0171875 0.0109375
1 0.084375 0.9546875 0.025 0.0265625
1 0.1421875 0.9046875 0.0203125 0.015625
1 0.309375 0.59296875 0.021875 0.0203125
1 0.54296875 0.3859375 0.0203125 0.0109375
1 0.65546875 0.55078125 0.0203125 0.0140625
1 0.596875 0.86640625 0.015625 0.0109375
1 0.2640625 0.615625 0.0171875 0.015625
1 0.121875 0.93984375 0.0234375 0.0203125
1 0.67109375 0.3421875 0.01875 0.0109375
1 0.0484375 0.42578125 0.021875 0.015625
1 0.66640625 0.3578125 0.0203125 0.0125
1 0.084375 0.3140625 0.01875 0.0109375
1 0.8484375 0.9640625 0.0296875 0.03125
1 0.621875 0.29921875 0.01875 0.0125
1 0.5265625 0.36953125 0.01875 0.0109375
1 0.70546875 0.37109375 0.0203125 0.0140625
1 0.2421875 0.88125 0.0171875 0.009375
1 0.98984375 0.60234375 0.0203125 0.0078125
1 0.59375 0.3203125 0.0171875 0.0109375
1 0.86171875 0.253125 0.01875 0.0109375
1 0.2140625 0.9296875 0.0234375 0.01875
1 0.57578125 0.86796875 0.015625 0.0109375
1 0.9359375 0.96953125 0.0265625 0.015625
1 0.59296875 0.27578125 0.01875 0.0125
1 0.82734375 0.84609375 0.0171875 0.0078125
1 0.959375 0.9171875 0.0234375 0.0203125
1 0.54765625 0.334375 0.01875 0.0125
1 0.23203125 0.9140625 0.0203125 0.0109375
1 0.45546875 0.26640625 0.0171875 0.0109375
1 0.60703125 0.340625 0.0203125 0.0171875
1 0.63203125 0.26171875 0.0171875 0.0109375
1 0.32265625 0.275 0.0171875 0.0125
1 0.0140625 0.42734375 0.021875 0.0109375
1 0.66015625 0.525 0.0171875 0.0125
1 0.03828125 0.41171875 0.01875 0.0125
1 0.1953125 0.925 0.021875 0.01875
1 0.34609375 0.27734375 0.01875 0.0125
1 0.06640625 0.31640625 0.0171875 0.0125
1 0.059375 0.4390625 0.0203125 0.0125
1 0.25703125 0.88125 0.0171875 0.009375
1 0.20234375 0.646875 0.0203125 0.0125
1 0.31875 0.57734375 0.021875 0.015625
1 0.0171875 0.415625 0.0203125 0.009375
1 0.69765625 0.89140625 0.01875 0.0125
1 0.2921875 0.4453125 0.021875 0.0171875
1 0.52265625 0.25625 0.01875 0.0109375
1 0.178125 0.2984375 0.015625 0.009375
1 0.44453125 0.26328125 0.0171875 0.009375
1 0.97734375 0.90625 0.025 0.021875
1 0.38671875 0.2796875 0.01875 0.0109375
1 0.87890625 0.2546875 0.01875 0.0109375
1 0.2890625 0.36015625 0.01875 0.0125
1 0.17578125 0.92578125 0.0234375 0.021875
1 0.528125 0.32265625 0.01875 0.0109375
1 0.54609375 0.40546875 0.021875 0.015625
1 0.57890625 0.2578125 0.0171875 0.0109375
1 0.5265625 0.3546875 0.01875 0.0109375
1 0.590625 0.25703125 0.0171875 0.0140625