4 0.73828125 0.4546875 0.08984375 0.10546875
3 0.12578125 0.31796875 0.06015625 0.06328125
3 0.2484375 0.83984375 0.06328125 0.05546875
3 0.1546875 0.8375 0.04609375 0.04375
3 0.17890625 0.340625 0.04296875 0.07109375
4 0.78984375 0.82890625 0.04453125 0.05
4 0.97109375 0.46640625 0.0578125 0.12421875
1 0.5703125 0.4828125 0.0109375 0.01953125
1 0.9078125 0.3703125 0.01015625 0.015625
1 0.46015625 0.44375 0.01015625 0.01875
1 0.3328125 0.4671875 0.01171875 0.01875
1 0.81328125 0.48125 0.0109375 0.01875
1 0.6671875 0.56875 0.01328125 0.02265625
1 0.21875 0.93984375 0.01796875 0.03125
0 0.953125 0.240625 0.01328125 0.0203125
1 0.259375 0.5125 0.01171875 0.01953125
1 0.34296875 0.43203125 0.01015625 0.01640625
1 0.57265625 0.42890625 0.01015625 0.015625
1 0.628125 0.4453125 0.009375 0.01875
1 0.65859375 0.53515625 0.0125 0.02265625
1 0.078125 0.42109375 0.00859375 0.01484375
1 0.60234375 0.42421875 0.0109375 0.01796875
0 0.9296875 0.190625 0.0140625 0.02109375
1 0.60234375 0.46015625 0.0109375 0.01953125
1 0.209375 0.909375 0.0140625 0.02421875
1 0.8890625 0.34140625 0.00859375 0.0140625
0 0.87890625 0.15625 0.01328125 0.0203125
1 0.55390625 0.3953125 0.00859375 0.01640625
0 0.2359375 0.18046875 0.0109375 0.01796875
1 0.6203125 0.340625 0.00859375 0.0140625
1 0.646875 0.35625 0.0078125 0.0140625
1 0.68125 0.62890625 0.01328125 0.0203125
1 0.96796875 0.38671875 0.009375 0.015625
1 0.46015625 0.39609375 0.01015625 0.015625
1 0.2640625 0.56796875 0.0125 0.021875
1 0.3234375 0.8671875 0.00859375 0.01484375
1 0.5734375 0.45703125 0.0109375 0.01796875
1 0.87421875 0.33515625 0.009375 0.015625
1 0.840625 0.31875 0.00859375 0.01328125
1 0.24609375 0.88671875 0.0109375 0.02109375
1 0.8734375 0.31953125 0.00859375 0.01328125
1 0.62109375 0.5640625 0.01328125 0.01640625
0 0.8265625 0.15625 0.0125 0.0171875
0 0.9078125 0.14765625 0.01328125 0.02109375
1 0.95390625 0.34453125 0.009375 0.01484375
1 0.3921875 0.3921875 0.00859375 0.01484375
1 0.84453125 0.86875 0.00859375 0.01484375
1 0.18125 0.8859375 0.01015625 0.01953125
1 0.45078125 0.4171875 0.01015625 0.01640625
0 0.2703125 0.19453125 0.009375 0.01640625
1 0.87890625 0.87734375 0.01015625 0.01796875
1 0.346875 0.32890625 0.00859375 0.01328125
1 0.40625 0.371875 0.009375 0.015625
0 0.84765625 0.12890625 0.0125 0.0203125
1 0.55078125 0.48984375 0.0109375 0.01875
1 0.73359375 0.62890625 0.0125 0.01953125
1 0.1140625 0.415625 0.01015625 0.01796875
1 0.528125 0.42734375 0.009375 0.0171875
1 0.71171875 0.6171875 0.0109375 0.01640625
1 0.3796875 0.34375 0.0078125 0.0140625
1 0.4 0.4421875 0.0109375 0.01796875
0 0.8109375 0.19140625 0.01015625 0.0171875
1 0.5796875 0.3765625 0.01015625 0.01875
0 0.77421875 0.19296875 0.0109375 0.0171875
1 0.3546875 0.37265625 0.01015625 0.01640625
1 0.47734375 0.40078125 0.01015625 0.01640625
1 0.50390625 0.4015625 0.009375 0.0171875
1 0.81796875 0.61484375 0.009375 0.0140625
1 0.78671875 0.6171875 0.0140625 0.0203125
1 0.6734375 0.36875 0.009375 0.0140625
0 0.790625 0.03515625 0.0125 0.021875
1 0.628125 0.36015625 0.00859375 0.015625
1 0.6625 0.3328125 0.00859375 0.0125
1 0.2921875 0.4328125 0.00859375 0.01484375
1 0.51328125 0.39765625 0.009375 0.01640625
0 0.6765625 0.70703125 0.0140625 0.02421875
1 0.0328125 0.38203125 0.0078125 0.01484375
1 0.43203125 0.409375 0.01484375 0.0203125
1 0.69609375 0.4015625 0.0078125 0.0140625
1 0.03984375 0.4234375 0.0109375 0.0171875
0 0.225 0.23671875 0.01171875 0.01640625
0 0.77109375 0.73046875 0.00859375 0.01484375
1 0.47265625 0.49609375 0.0109375 0.01953125
1 0.675 0.40625 0.009375 0.015625
1 0.45078125 0.35078125 0.009375 0.0140625
0 0.675 0.771875 0.0109375 0.01953125
1 0.61953125 0.31953125 0.00859375 0.0125
2 0.76796875 0.22421875 0.07578125 0.05625
1 0.33359375 0.346875 0.00859375 0.0140625
1 0.3390625 0.415625 0.009375 0.0140625
0 0.20859375 0.15078125 0.01015625 0.01640625
1 0.3171875 0.43046875 0.01015625 0.015625
1 0.58125 0.84296875 0.01015625 0.01796875
1 0.540625 0.3046875 0.0078125 0.01328125
1 0.42421875 0.33984375 0.00859375 0.0140625
0 0.26875 0.2203125 0.00859375 0.0125
1 0.5921875 0.3171875 0.00625 0.01328125
1 0.00390625 0.0671875 0.0078125 0.01875
1 0.62890625 0.31953125 0.00859375 0.0125
0 0.7859375 0.16953125 0.01015625 0.01484375
1 0.4484375 0.3296875 0.009375 0.0125
1 0.303125 0.43515625 0.009375 0.01640625
1 0.34140625 0.3546875 0.00859375 0.0125
1 0.309375 0.35625 0.01015625 0.01484375
1 0.33203125 0.32734375 0.00859375 0.0140625
1 0.85703125 0.99296875 0.01640625 0.01328125
1 0.659375 0.31953125 0.00859375 0.01328125
1 0.79765625 0.64609375 0.0109375 0.01171875
0 0.7859375 0.2140625 0.0125 0.0203125
1 0.621875 0.578125 0.01171875 0.01484375
0 0.78828125 0.13671875 0.01015625 0.0171875
1 0.5515625 0.32265625 0.009375 0.01328125
1 0.3734375 0.31015625 0.00859375 0.01328125
1 0.68203125 0.38125 0.00859375 0.0125
1 0.4203125 0.3 0.00703125 0.0125
0 0.99296875 0.12578125 0.01171875 0.01796875
1 0.35546875 0.30234375 0.00703125 0.01171875
0 0.97578125 0.3140625 0.0140625 0.021875
1 0.4328125 0.371875 0.0078125 0.0125
1 0.834375 0.82265625 0.0078125 0.0140625
2 0.24375 0.22421875 0.09453125 0.05234375
1 0.79296875 0.50234375 0.0078125 0.01171875
1 0.4328125 0.34453125 0.0078125 0.0140625
1 0.34453125 0.38203125 0.009375 0.0140625
0 0.98984375 0.365625 0.0140625 0.01953125
0 0.959375 0.2078125 0.00859375 0.01328125
1 0.87421875 0.953125 0.01015625 0.02265625
1 0.38984375 0.37421875 0.009375 0.01875
1 0.32734375 0.42265625 0.009375 0.015625
1 0.340625 0.30703125 0.00625 0.01015625
1 0.81640625 0.37734375 0.00625 0.0125
1 0.6453125 0.32734375 0.0078125 0.0125
1 0.45546875 0.29765625 0.0078125 0.0125
1 0.7171875 0.31640625 0.009375 0.015625
1 0.33515625 0.36953125 0.009375 0.01328125
1 0.37890625 0.8078125 0.01015625 0.0171875
1 0.29765625 0.8375 0.009375 0.0125
1 0.6328125 0.30546875 0.00703125 0.0109375
1 0.53515625 0.84453125 0.01171875 0.02109375
0 0.76015625 0.17890625 0.00703125 0.01171875
1 0.925 0.8640625 0.01015625 0.0140625
0 0.265625 0.23359375 0.009375 0.015625
1 0.66640625 0.303125 0.0078125 0.0125
0 0.87734375 0.10625 0.0125 0.021875
1 0.5546875 0.29921875 0.00703125 0.01171875
1 0.65703125 0.3015625 0.009375 0.01484375
1 0.31640625 0.346875 0.0078125 0.0125
1 0.1453125 0.859375 0.00859375 0.0125
1 0.09453125 0.33828125 0.009375 0.0140625
1 0.60703125 0.2953125 0.0078125 0.0125
1 0.075 0.365625 0.01015625 0.01328125
0 0.77734375 0.7546875 0.00703125 0.0109375
1 0.11953125 0.86953125 0.00859375 0.0125
4 0.5453125 0.82109375 0.05625 0.07265625
1 0.13515625 0.8734375 0.009375 0.0140625
1 0.68359375 0.39765625 0.01171875 0.015625
1 0.3828125 0.303125 0.00859375 0.01328125
0 0.79765625 0.196875 0.0109375 0.01484375
1 0.08203125 0.34609375 0.00859375 0.0125
1 0.60078125 0.31875 0.0109375 0.0125
1 0.32421875 0.3703125 0.01015625 0.01328125
1 0.40234375 0.29921875 0.00625 0.01171875
0 0.759375 0.2328125 0.01484375 0.01875
0 0.24453125 0.246875 0.0140625 0.0125
1 0.3203125 0.3828125 0.00859375 0.0125
1 0.21171875 0.84296875 0.00859375 0.01015625
1 0.334375 0.38046875 0.01015625 0.0125
1 0.4359375 0.39609375 0.0078125 0.01015625
1 0.6140625 0.29609375 0.0078125 0.01328125
1 0.31015625 0.3171875 0.01015625 0.01796875
1 0.29765625 0.3203125 0.009375 0.01484375
3 0.0296875 0.5390625 0.059375 0.1171875
0 0.78515625 0.05390625 0.009375 0.01171875
1 0.06171875 0.35859375 0.0109375 0.015625
1 0.375 0.2921875 0.009375 0.0125
1 0.18046875 0.90703125 0.0078125 0.01171875
1 0.6515625 0.33671875 0.01015625 0.0140625