4 0.8734375 0.440625 0.1046875 0.125
3 0.1546875 0.3390625 0.078125 0.0921875
4 0.50859375 0.36796875 0.08125 0.0828125
3 0.48203125 0.25546875 0.065625 0.0765625
1 0.32109375 0.48828125 0.0171875 0.0171875
3 0.24765625 0.87890625 0.05 0.0640625
3 0.05078125 0.47421875 0.1015625 0.1203125
1 0.29375 0.5265625 0.0171875 0.0203125
0 0.06328125 0.23984375 0.01875 0.01875
1 0.39453125 0.53515625 0.0171875 0.021875
1 0.59453125 0.41875 0.015625 0.0171875
1 0.271875 0.4921875 0.0171875 0.01875
4 0.78671875 0.8421875 0.065625 0.065625
0 0.17734375 0.18203125 0.0171875 0.01875
0 0.71875 0.1953125 0.0140625 0.0171875
0 0.1875 0.16328125 0.015625 0.01875
1 0.6609375 0.49296875 0.0171875 0.021875
0 0.778125 0.159375 0.0171875 0.0203125
1 0.6390625 0.4453125 0.0171875 0.01875
1 0.67421875 0.45625 0.0171875 0.01875
1 0.82421875 0.3546875 0.0140625 0.015625
1 0.934375 0.39765625 0.015625 0.0171875
1 0.3046875 0.5046875 0.0171875 0.0203125
1 0.15078125 0.946875 0.021875 0.0265625
0 0.84453125 0.36640625 0.0171875 0.0171875
0 0.17890625 0.225 0.0171875 0.01875
1 0.8765625 0.3125 0.0140625 0.015625
1 0.39765625 0.3578125 0.0140625 0.015625
1 0.678125 0.421875 0.015625 0.015625
1 0.60546875 0.38828125 0.015625 0.015625
1 0.9140625 0.30546875 0.0140625 0.0140625
1 0.02578125 0.396875 0.015625 0.015625
0 0.80234375 0.1328125 0.0171875 0.01875
1 0.38203125 0.58984375 0.01875 0.0234375
1 0.10546875 0.421875 0.015625 0.0171875
1 0.3203125 0.46796875 0.015625 0.015625
1 0.38046875 0.34140625 0.0140625 0.015625
1 0.55078125 0.31484375 0.0125 0.0140625
0 0.1703125 0.140625 0.015625 0.01875
1 0.61640625 0.39453125 0.015625 0.015625
1 0.559375 0.37734375 0.0125 0.0140625
1 0.0953125 0.94921875 0.0203125 0.025
0 0.2171875 0.23125 0.0140625 0.015625
1 0.7015625 0.45078125 0.0171875 0.01875
1 0.9890625 0.39921875 0.0171875 0.0203125
0 0.25625 0.23671875 0.015625 0.0171875
0 0.84609375 0.33984375 0.0171875 0.01875
0 0.2109375 0.15703125 0.015625 0.0203125
1 0.44921875 0.378125 0.015625 0.0171875
0 0.75546875 0.1875 0.0171875 0.01875
1 0.3265625 0.3375 0.0140625 0.015625
0 0.21875 0.18828125 0.0171875 0.0203125
1 0.82109375 0.60390625 0.01875 0.01875
0 0.0640625 0.2578125 0.0171875 0.0203125
1 0.93359375 0.36015625 0.015625 0.015625
1 0.4515625 0.34375 0.0140625 0.015625
1 0.6359375 0.3265625 0.0140625 0.015625
0 0.1 0.15 0.01875 0.0203125
1 0.86796875 0.890625 0.01875 0.025
1 0.3671875 0.42109375 0.0171875 0.0203125
1 0.63984375 0.40234375 0.015625 0.0171875
1 0.559375 0.35625 0.015625 0.015625
0 0.81953125 0.19921875 0.01875 0.0234375
0 0.240625 0.2 0.0171875 0.01875
1 0.89609375 0.46640625 0.01875 0.021875
1 0.62734375 0.575 0.01875 0.0234375
0 0.85 0.3203125 0.0171875 0.01875
1 0.6015625 0.35234375 0.015625 0.0171875
1 0.33515625 0.3875 0.015625 0.0171875
1 0.378125 0.36953125 0.0171875 0.015625
1 0.48828125 0.3296875 0.0140625 0.0140625
1 0.0140625 0.40703125 0.015625 0.015625
1 0.66953125 0.41484375 0.015625 0.0171875
1 0.55234375 0.384375 0.0140625 0.015625
0 0.82890625 0.26171875 0.0171875 0.01875
1 0.70078125 0.48515625 0.0171875 0.0203125
1 0.528125 0.29375 0.0140625 0.0140625
1 0.34921875 0.43515625 0.015625 0.0171875
1 0.0828125 0.3609375 0.015625 0.015625
0 0.05703125 0.2671875 0.0171875 0.01875
1 0.3953125 0.2984375 0.0140625 0.0140625
1 0.334375 0.36640625 0.0140625 0.015625
1 0.2703125 0.43046875 0.015625 0.0171875
1 0.634375 0.2796875 0.0125 0.0140625
1 0.709375 0.4234375 0.0171875 0.01875
1 0.290625 0.48828125 0.01875 0.015625
1 0.0984375 0.440625 0.015625 0.0171875
1 0.68828125 0.29453125 0.0140625 0.0140625
0 0.0734375 0.1453125 0.0171875 0.021875
0 0.2046875 0.2125 0.0171875 0.0171875
1 0.14609375 0.91640625 0.0171875 0.0234375
0 0.13125 0.128125 0.0171875 0.01875
1 0.60859375 0.3671875 0.0140625 0.0140625
1 0.575 0.29375 0.0140625 0.015625
1 0.05703125 0.39921875 0.015625 0.0171875
0 0.33984375 0.740625 0.021875 0.0328125
0 0.15703125 0.13203125 0.01875 0.0171875
1 0.5921875 0.34609375 0.015625 0.0140625
1 0.3921875 0.27578125 0.0125 0.0125
1 0.846875 0.8890625 0.0171875 0.0203125
0 0.06171875 0.15546875 0.01875 0.0203125
1 0.36953125 0.3578125 0.015625 0.015625
1 0.34140625 0.32265625 0.0125 0.0140625
1 0.675 0.2953125 0.015625 0.0140625
1 0.91640625 0.88984375 0.0171875 0.0203125
1 0.01796875 0.3734375 0.0140625 0.0140625
0 0.0515625 0.2421875 0.0171875 0.01875
1 0.56015625 0.26796875 0.0125 0.0125
1 0.89921875 0.8734375 0.0125 0.0140625
1 0.82109375 0.96484375 0.0265625 0.034375
1 0.65703125 0.30625 0.0140625 0.0140625
0 0.09453125 0.07265625 0.01875 0.0203125
0 0.14609375 0.20625 0.0171875 0.0171875
0 0.06953125 0.196875 0.0171875 0.01875
1 0.47265625 0.29453125 0.0125 0.0109375
0 0.76796875 0.11796875 0.015625 0.0171875
1 0.6984375 0.40546875 0.0171875 0.0171875
1 0.5171875 0.271875 0.0125 0.015625
0 0.146875 0.0703125 0.01875 0.01875
1 0.33125 0.44296875 0.015625 0.0171875
0 0.73984375 0.14765625 0.0125 0.015625
2 0.75 0.203125 0.0953125 0.0703125
0 0.78515625 0.0765625 0.0140625 0.015625
1 0.7234375 0.8453125 0.015625 0.01875
0 0.1578125 0.1828125 0.0171875 0.0171875
0 0.66953125 0.69765625 0.0125 0.015625
1 0.9484375 0.903125 0.01875 0.021875
0 0.68046875 0.71953125 0.015625 0.0171875
1 0.671875 0.3203125 0.0140625 0.0140625
1 0.53515625 0.271875 0.0125 0.0140625
0 0.159375 0.21015625 0.0171875 0.0171875
0 0.75546875 0.1203125 0.0171875 0.01875
1 0.64921875 0.384375 0.015625 0.015625
1 0.35078125 0.4140625 0.0140625 0.015625
1 0.57265625 0.86640625 0.0125 0.0140625
1 0.4078125 0.290625 0.0125 0.0140625
1 0.66015625 0.32265625 0.015625 0.0140625
1 0.621875 0.3796875 0.0140625 0.015625
0 0.13359375 0.1046875 0.015625 0.01875
1 0.503125 0.3203125 0.0140625 0.0125
1 0.7453125 0.86640625 0.0140625 0.0140625
1 0.19296875 0.9125 0.0109375 0.0140625
0 0.83671875 0.23046875 0.0171875 0.01875
1 0.59609375 0.253125 0.015625 0.015625
0 0.28203125 0.2140625 0.015625 0.0171875
1 0.9359375 0.85546875 0.0140625 0.0140625
1 0.10625 0.91953125 0.0171875 0.0203125
1 0.35 0.40234375 0.0140625 0.0125
1 0.6796875 0.40859375 0.0140625 0.015625
1 0.6375 0.2625 0.0140625 0.015625
1 0.63671875 0.38515625 0.015625 0.015625
0 0.7890625 0.05859375 0.01875 0.0171875
0 0.66875 0.72109375 0.0140625 0.0171875
0 0.121875 0.046875 0.01875 0.021875
1 0.5875 0.86875 0.0125 0.0125
1 0.91015625 0.84375 0.0109375 0.0109375
1 0.63515625 0.353125 0.0125 0.0125
1 0.625 0.3984375 0.015625 0.01875
1 0.93046875 0.9046875 0.01875 0.0203125
0 0.16171875 0.08203125 0.015625 0.015625
0 0.6765625 0.7859375 0.0171875 0.021875
4 0.584375 0.83125 0.046875 0.046875
1 0.32578125 0.35625 0.0140625 0.0140625
0 0.77578125 0.1078125 0.0125 0.0140625
0 0.19375 0.17890625 0.0171875 0.01875
1 0.61328125 0.38125 0.0140625 0.0140625
0 0.6453125 0.753125 0.015625 0.0171875
1 0.53046875 0.25703125 0.0140625 0.0125
1 0.30390625 0.99765625 0.028125 0.0046875
1 0.70078125 0.3484375 0.0171875 0.0171875
1 0.68515625 0.34453125 0.015625 0.015625
1 0.28984375 0.31015625 0.015625 0.0171875
0 0.4109375 0.71171875 0.015625 0.021875
1 0.31640625 0.36640625 0.015625 0.01875
1 0.65 0.34296875 0.015625 0.0140625
1 0.69375 0.38515625 0.0140625 0.0140625
1 0.31640625 0.3546875 0.0140625 0.0109375
0 0.23203125 0.23515625 0.015625 0.0203125
1 0.30546875 0.45625 0.015625 0.015625
1 0.98203125 0.346875 0.0140625 0.0140625
1 0.55234375 0.2625 0.0140625 0.015625
0 0.371875 0.75390625 0.0171875 0.0171875
1 0.565625 0.2609375 0.0125 0.0125
0 0.74140625 0.20078125 0.0140625 0.0140625
1 0.7328125 0.82890625 0.0109375 0.009375
1 0.2765625 0.45703125 0.0125 0.0140625
1 0.75859375 0.8671875 0.0140625 0.015625
1 0.034375 0.35234375 0.0140625 0.015625