2 0.77421875 0.22421875 0.1015625 0.065625
3 0.86875 0.36796875 0.0890625 0.078125
3 0.23125 0.8453125 0.0921875 0.0890625
1 0.7203125 0.51875 0.0234375 0.025
1 0.97421875 0.4265625 0.021875 0.0203125
3 0.10390625 0.371875 0.078125 0.10625
1 0.6453125 0.50625 0.0234375 0.025
1 0.36640625 0.8765625 0.021875 0.0203125
1 0.4796875 0.4546875 0.021875 0.0234375
1 0.4359375 0.50859375 0.0234375 0.0234375
1 0.19296875 0.43828125 0.021875 0.0203125
1 0.05546875 0.434375 0.021875 0.0203125
1 0.69375 0.54140625 0.0234375 0.025
1 0.81875 0.45234375 0.0203125 0.021875
1 0.42578125 0.8921875 0.0234375 0.025
1 0.31953125 0.559375 0.0234375 0.0265625
1 0.15625 0.5625 0.021875 0.0203125
1 0.10390625 0.43125 0.0203125 0.0203125
1 0.1453125 0.42578125 0.021875 0.01875
1 0.28828125 0.884375 0.0234375 0.021875
1 0.5171875 0.6421875 0.025 0.0203125
4 0.30390625 0.8421875 0.075 0.0796875
1 0.6125 0.453125 0.021875 0.021875
1 0.70078125 0.46015625 0.021875 0.021875
1 0.80625 0.63203125 0.025 0.0234375
1 0.16328125 0.4484375 0.021875 0.021875
1 0.36015625 0.375 0.0203125 0.01875
1 0.9484375 0.3765625 0.0203125 0.01875
1 0.39609375 0.4609375 0.021875 0.0203125
1 0.34140625 0.421875 0.021875 0.021875
1 0.83828125 0.63125 0.0265625 0.025
1 0.4171875 0.484375 0.021875 0.0234375
1 0.4375 0.45625 0.021875 0.021875
1 0.71484375 0.475 0.021875 0.021875
1 0.66015625 0.58359375 0.025 0.0265625
1 0.1015625 0.9 0.025 0.028125
1 0.98046875 0.39140625 0.021875 0.01875
1 0.2046875 0.41484375 0.0203125 0.01875
1 0.35 0.36875 0.0203125 0.01875
1 0.3890625 0.87890625 0.0234375 0.021875
1 0.3875 0.47890625 0.021875 0.021875
1 0.6140625 0.86875 0.01875 0.0125
2 0.24921875 0.22109375 0.1109375 0.0515625
1 0.52421875 0.3328125 0.01875 0.0171875
1 0.38046875 0.4640625 0.0203125 0.021875
1 0.96953125 0.40703125 0.021875 0.01875
1 0.99453125 0.43125 0.0109375 0.01875
1 0.6640625 0.37890625 0.021875 0.0203125
1 0.29765625 0.57265625 0.025 0.0265625
1 0.065625 0.415625 0.0203125 0.0203125
1 0.45390625 0.35859375 0.0203125 0.01875
0 0.19140625 0.153125 0.021875 0.0203125
1 0.1609375 0.8859375 0.0234375 0.025
1 0.04765625 0.45546875 0.0203125 0.0203125
4 0.0828125 0.565625 0.1296875 0.153125
1 0.159375 0.95625 0.03125 0.040625
1 0.32578125 0.51875 0.0234375 0.025
1 0.0328125 0.41484375 0.021875 0.01875
1 0.0421875 0.3921875 0.0203125 0.01875
0 0.1609375 0.22890625 0.021875 0.0203125
1 0.6609375 0.34140625 0.01875 0.0171875
1 0.2328125 0.8921875 0.0234375 0.0265625
1 0.38515625 0.3359375 0.01875 0.0171875
1 0.53984375 0.35078125 0.0203125 0.01875
1 0.70859375 0.43984375 0.021875 0.0203125
1 0.7 0.42265625 0.021875 0.0203125
1 0.584375 0.35703125 0.0203125 0.0171875
1 0.4515625 0.44921875 0.021875 0.021875
1 0.61015625 0.36796875 0.0203125 0.01875
1 0.57109375 0.33359375 0.01875 0.0171875
1 0.12421875 0.43203125 0.021875 0.0203125
1 0.5453125 0.30390625 0.01875 0.015625
1 0.57421875 0.3484375 0.0203125 0.01875
1 0.8453125 0.3078125 0.01875 0.015625
1 0.971875 0.3734375 0.0203125 0.0171875
1 0.625 0.3984375 0.021875 0.0203125
1 0.19140625 0.3359375 0.01875 0.015625
1 0.1875 0.29921875 0.0203125 0.015625
1 0.59609375 0.34609375 0.0203125 0.0171875
1 0.06875 0.39296875 0.0203125 0.0171875
1 0.33046875 0.3625 0.01875 0.0171875
1 0.15625 0.5765625 0.0203125 0.0171875
1 0.4671875 0.31953125 0.0171875 0.015625
1 0.83359375 0.3234375 0.01875 0.015625
1 0.90078125 0.65234375 0.01875 0.0171875
1 0.5015625 0.3453125 0.021875 0.0171875
1 0.0265625 0.42890625 0.0234375 0.0203125
0 0.19375 0.25234375 0.0234375 0.0234375
1 0.60390625 0.38125 0.021875 0.01875
1 0.209375 0.884375 0.025 0.025
1 0.90625 0.32890625 0.0203125 0.0171875
1 0.015625 0.42421875 0.01875 0.0171875
1 0.31640625 0.8828125 0.0234375 0.021875
1 0.5890625 0.31171875 0.01875 0.015625
1 0.328125 0.3890625 0.021875 0.01875
1 0.3265625 0.878125 0.0203125 0.0203125
1 0.65546875 0.32578125 0.0203125 0.0171875
1 0.178125 0.4421875 0.021875 0.01875
1 0.52578125 0.85078125 0.01875 0.015625
1 0.57578125 0.2984375 0.0203125 0.0171875
1 0.340625 0.33515625 0.0203125 0.01875
1 0.396875 0.30625 0.0171875 0.0140625
1 0.49765625 0.63984375 0.0234375 0.0234375
1 0.4484375 0.30234375 0.01875 0.0140625
1 0.2734375 0.89296875 0.0265625 0.025
1 0.13046875 0.6125 0.0234375 0.0234375
1 0.2125 0.5796875 0.021875 0.0203125
1 0.696875 0.390625 0.021875 0.0203125
1 0.5234375 0.31796875 0.01875 0.015625
1 0.5 0.29609375 0.0203125 0.015625
1 0.93984375 0.3390625 0.021875 0.0171875
1 0.91953125 0.32109375 0.0203125 0.015625
0 0.25703125 0.7046875 0.021875 0.0234375
1 0.16640625 0.4328125 0.0234375 0.01875
1 0.53125 0.34921875 0.0203125 0.01875
1 0.64609375 0.59921875 0.021875 0.015625
1 0.05625 0.41640625 0.0234375 0.0203125
1 0.5640625 0.85 0.0203125 0.015625
1 0.67734375 0.3 0.0203125 0.015625
1 0.146875 0.87265625 0.021875 0.01875
1 0.296875 0.3859375 0.0203125 0.01875
1 0.53515625 0.84921875 0.01875 0.015625
1 0.03828125 0.446875 0.0234375 0.021875
1 0.059375 0.3921875 0.0203125 0.0171875
1 0.67265625 0.378125 0.0203125 0.0203125
1 0.85703125 0.30703125 0.01875 0.015625
1 0.4078125 0.303125 0.01875 0.015625
1 0.68046875 0.3796875 0.0203125 0.01875
1 0.2453125 0.89609375 0.0234375 0.025
1 0.34765625 0.33046875 0.0203125 0.0171875
1 0.6203125 0.3015625 0.0171875 0.015625
1 0.9109375 0.8765625 0.0203125 0.01875
1 0.71640625 0.42890625 0.0203125 0.0171875
1 0.33515625 0.8546875 0.0203125 0.01875
0 0.325 0.003125 0.01875 0.00625
1 0.8796875 0.32421875 0.0203125 0.0171875
1 0.48515625 0.29765625 0.01875 0.015625
1 0.36875 0.3421875 0.01875 0.015625
1 0.421875 0.64375 0.01875 0.015625
1 0.89765625 0.3125 0.021875 0.01875
1 0.01796875 0.39375 0.021875 0.0203125
1 0.35859375 0.346875 0.0203125 0.01875
1 0.8734375 0.30546875 0.0203125 0.015625
1 0.1796875 0.3484375 0.01875 0.015625
0 0.29375 0.0015625 0.01875 0.003125
1 0.11953125 0.8734375 0.0234375 0.021875
1 0.0609375 0.37265625 0.0203125 0.0171875
1 0.6078125 0.29765625 0.01875 0.015625
1 0.17109375 0.321875 0.0171875 0.0140625
1 0.70859375 0.415625 0.0203125 0.0203125
1 0.428125 0.30078125 0.0203125 0.015625
1 0.54296875 0.8203125 0.01875 0.015625
1 0.871875 0.8578125 0.01875 0.015625
1 0.82734375 0.309375 0.0203125 0.0140625
1 0.921875 0.86171875 0.01875 0.0171875
1 0.35 0.34375 0.021875 0.0171875
0 0.9671875 0.9859375 0.028125 0.028125
1 0.15078125 0.83828125 0.0203125 0.015625
1 0.1578125 0.29921875 0.01875 0.0140625
1 0.1328125 0.6390625 0.025 0.0203125
1 0.18984375 0.8875 0.0203125 0.0203125
1 0.3640625 0.86328125 0.0203125 0.0140625
1 0.2296875 0.64453125 0.0234375 0.015625
1 0.36015625 0.36328125 0.0203125 0.015625