3 0.69375 0.42890625 0.10625 0.115625
4 0.5859375 0.31328125 0.09375 0.078125
3 0.2984375 0.8453125 0.09375 0.0640625
2 0.215625 0.234375 0.1140625 0.0625
1 0.0234375 0.44296875 0.0359375 0.0140625
1 0.61328125 0.475 0.0359375 0.0171875
1 0.92109375 0.50859375 0.0375 0.01875
1 0.23984375 0.51953125 0.0359375 0.0171875
1 0.6109375 0.41328125 0.034375 0.0140625
1 0.73203125 0.52734375 0.0375 0.0203125
1 0.94453125 0.53125 0.0390625 0.01875
1 0.6625 0.4703125 0.0359375 0.015625
1 0.1796875 0.46328125 0.034375 0.015625
1 0.63671875 0.3890625 0.034375 0.0140625
1 0.88515625 0.403125 0.034375 0.0140625
1 0.89296875 0.43359375 0.0359375 0.0140625
2 0.73671875 0.21328125 0.11875 0.0515625
1 0.4640625 0.434375 0.034375 0.0140625
1 0.35625 0.50546875 0.0359375 0.0171875
1 0.4015625 0.8921875 0.0375 0.01875
1 0.95390625 0.515625 0.0359375 0.0171875
1 0.63671875 0.5765625 0.0359375 0.015625
1 0.5453125 0.50625 0.0359375 0.01875
1 0.6015625 0.36171875 0.0328125 0.0125
4 0.5703125 0.85390625 0.0953125 0.0921875
1 0.53046875 0.43515625 0.034375 0.015625
1 0.9515625 0.4859375 0.034375 0.015625
1 0.63046875 0.4875 0.0359375 0.015625
1 0.22890625 0.56796875 0.0375 0.0203125
1 0.63203125 0.4484375 0.0359375 0.0140625
1 0.8015625 0.4109375 0.034375 0.0140625
1 0.39921875 0.875 0.034375 0.0125
1 0.546875 0.3765625 0.034375 0.0125
1 0.16328125 0.91328125 0.0375 0.0171875
1 0.04765625 0.3921875 0.0328125 0.0125
1 0.640625 0.46953125 0.0359375 0.0140625
1 0.47578125 0.35703125 0.03125 0.0125
1 0.396875 0.3484375 0.03125 0.0109375
1 0.446875 0.3609375 0.034375 0.0125
1 0.54296875 0.32734375 0.0328125 0.0109375
1 0.4578125 0.409375 0.034375 0.0140625
1 0.8875 0.36484375 0.0328125 0.0125
4 0.96328125 0.428125 0.0734375 0.084375
1 0.7046875 0.565625 0.0375 0.0203125
1 0.28515625 0.43984375 0.034375 0.0140625
1 0.78671875 0.446875 0.034375 0.015625
1 0.803125 0.33984375 0.03125 0.0109375
1 0.39140625 0.43515625 0.0390625 0.0203125
1 0.0171875 0.40703125 0.034375 0.0140625
1 0.52578125 0.38203125 0.0328125 0.009375
1 0.35078125 0.86875 0.034375 0.0140625
1 0.5 0.3734375 0.034375 0.0125
1 0.9328125 0.4140625 0.034375 0.0140625
1 0.8375 0.3484375 0.03125 0.0125
1 0.821875 0.35390625 0.0328125 0.009375
1 0.35625 0.43828125 0.034375 0.0140625
1 0.49921875 0.56875 0.0328125 0.0171875
1 0.303125 0.60390625 0.0375 0.0140625
1 0.646875 0.375 0.0328125 0.0109375
1 0.184375 0.90625 0.0359375 0.0171875
1 0.9078125 0.62578125 0.0375 0.015625
1 0.52578125 0.39765625 0.0328125 0.0125
1 0.83828125 0.89296875 0.0390625 0.0203125
1 0.296875 0.43125 0.0359375 0.0125
1 0.02734375 0.42421875 0.034375 0.0125
1 0.4953125 0.4 0.034375 0.0140625
1 0.5890625 0.421875 0.034375 0.0140625
1 0.91171875 0.36015625 0.0328125 0.0125
1 0.00703125 0.4484375 0.0140625 0.0125
1 0.49375 0.33984375 0.0328125 0.0125
1 0.34296875 0.35546875 0.0328125 0.0125
3 0.7640625 0.8984375 0.1703125 0.171875
1 0.3578125 0.35234375 0.034375 0.0125
1 0.02421875 0.38984375 0.0328125 0.0109375
1 0.90234375 0.3890625 0.034375 0.0125
1 0.23671875 0.85390625 0.0296875 0.0078125
1 0.48359375 0.33125 0.03125 0.009375
1 0.51328125 0.33359375 0.0328125 0.0109375
1 0.14765625 0.31953125 0.03125 0.009375
1 0.11171875 0.3484375 0.03125 0.0109375
1 0.08828125 0.34296875 0.0328125 0.0109375
1 0.16015625 0.3359375 0.03125 0.009375
1 0.8578125 0.6 0.0375 0.01875
1 0.6265625 0.35859375 0.0328125 0.0125
1 0.30078125 0.34453125 0.0359375 0.0140625
1 0.59921875 0.49921875 0.0328125 0.0171875
1 0.43046875 0.35703125 0.03125 0.0125
1 0.55546875 0.42109375 0.03125 0.0078125
1 0.50078125 0.3546875 0.03125 0.0109375
1 0.21953125 0.96484375 0.0453125 0.034375
1 0.21171875 0.8578125 0.03125 0.0078125
1 0.6140625 0.34375 0.034375 0.0109375
1 0.6578125 0.371875 0.0328125 0.0109375
1 0.85078125 0.40546875 0.0328125 0.0109375
1 0.10234375 0.89140625 0.0328125 0.0125
1 0.40390625 0.31484375 0.03125 0.0109375
1 0.9234375 0.89921875 0.040625 0.021875
1 0.54140625 0.90234375 0.0359375 0.009375
1 0.77109375 0.61640625 0.0359375 0.015625
1 0.07421875 0.33671875 0.03125 0.009375
1 0.303125 0.62734375 0.0375 0.0140625
1 0.0546875 0.3546875 0.034375 0.0109375
1 0.29765625 0.41796875 0.034375 0.0109375
1 0.14921875 0.96484375 0.0421875 0.0265625
1 0.92578125 0.396875 0.034375 0.0125
1 0.8828125 0.6046875 0.034375 0.015625
1 0.43828125 0.30234375 0.0328125 0.009375
1 0.9421875 0.39921875 0.0328125 0.0109375
1 0.64296875 0.359375 0.034375 0.0125
1 0.875 0.334375 0.0328125 0.0109375
1 0.25390625 0.86171875 0.0328125 0.009375
1 0.1359375 0.31953125 0.03125 0.009375
1 0.121875 0.896875 0.034375 0.0125
1 0.6875 0.31796875 0.0328125 0.0125
1 0.75234375 0.61484375 0.0390625 0.0171875
1 0.62421875 0.47265625 0.0375 0.0140625
1 0.81875 0.2890625 0.0328125 0.0109375
1 0.66328125 0.3484375 0.034375 0.0125
1 0.19765625 0.96640625 0.0453125 0.0328125
1 0.571875 0.896875 0.0390625 0.015625
1 0.34765625 0.30546875 0.03125 0.009375
1 0.8609375 0.88828125 0.0390625 0.0203125
1 0.09609375 0.3265625 0.0359375 0.0140625
1 0.13203125 0.8921875 0.0328125 0.0109375
1 0.503125 0.2984375 0.0328125 0.009375
1 0.06640625 0.95390625 0.040625 0.021875
1 0.875 0.8859375 0.0390625 0.0171875
1 0.89609375 0.8828125 0.0375 0.0171875
1 0.8796875 0.93046875 0.040625 0.0265625
1 0.11953125 0.31875 0.0328125 0.009375
1 0.634375 0.31015625 0.03125 0.009375
1 0.8234375 0.30625 0.0328125 0.009375
1 0.6390625 0.3421875 0.0328125 0.009375
1 0.953125 0.3921875 0.0328125 0.0078125
1 0.140625 0.87109375 0.03125 0.009375
1 0.6375 0.29453125 0.03125 0.009375
1 0.084375 0.94765625 0.040625 0.028125
1 0.6 0.39296875 0.0328125 0.0109375
1 0.6421875 0.31328125 0.034375 0.009375
1 0.8453125 0.85078125 0.0328125 0.0109375
1 0.64921875 0.39921875 0.03125 0.009375
1 0.77578125 0.63515625 0.0359375 0.0078125
1 0.17734375 0.965625 0.04375 0.025
1 0.64453125 0.44453125 0.0375 0.0140625
1 0.115625 0.33671875 0.034375 0.009375
1 0.91640625 0.37890625 0.034375 0.0125
1 0.9375 0.3609375 0.0328125 0.009375
1 0.059375 0.63671875 0.034375 0.0125
1 0.64453125 0.328125 0.03125 0.00625
1 0.165625 0.896875 0.03125 0.0078125
1 0.909375 0.884375 0.034375 0.015625
1 0.165625 0.32109375 0.0328125 0.0078125
1 0.98359375 0.59921875 0.0328125 0.0171875
1 0.1859375 0.86015625 0.03125 0.0078125
4 0.459375 0.81015625 0.059375 0.03125
1 0.625 0.334375 0.0328125 0.0109375
1 0.525 0.29609375 0.03125 0.0078125
1 0.85859375 0.3125 0.034375 0.0125
1 0.92421875 0.35625 0.034375 0.0125
1 0.64921875 0.3453125 0.034375 0.0125