0 0.290625 0.70546875 0.01171875 0.021875
0 0.12265625 0.196875 0.01171875 0.01953125
1 0.30234375 0.49296875 0.0125 0.0203125
0 0.278125 0.73671875 0.01171875 0.0234375
1 0.57109375 0.4921875 0.01015625 0.02109375
1 0.83046875 0.4453125 0.0109375 0.01796875
1 0.6125 0.86875 0.0109375 0.01953125
1 0.3859375 0.4828125 0.01015625 0.01328125
1 0.90390625 0.38359375 0.009375 0.015625
1 0.51484375 0.4546875 0.009375 0.0171875
1 0.93359375 0.40390625 0.0109375 0.01640625
0 0.15390625 0.1546875 0.0140625 0.02734375
1 0.92734375 0.90546875 0.0140625 0.01875
1 0.5546875 0.38125 0.0078125 0.01640625
3 0.728125 0.56015625 0.1171875 0.146875
1 0.05390625 0.52890625 0.0125 0.0203125
1 0.3453125 0.45390625 0.01015625 0.01953125
1 0.340625 0.415625 0.00859375 0.01484375
1 0.2875 0.4921875 0.0109375 0.0203125
1 0.95546875 0.446875 0.01328125 0.01796875
1 0.3390625 0.3546875 0.00546875 0.01328125
1 0.98203125 0.37109375 0.009375 0.01484375
1 0.359375 0.50078125 0.01015625 0.0203125
0 0.03984375 0.3 0.01328125 0.02109375
0 0.14921875 0.1765625 0.0125 0.01953125
1 0.20703125 0.58125 0.01171875 0.015625
1 0.45 0.48046875 0.01171875 0.0203125
1 0.41953125 0.31796875 0.0078125 0.0125
4 0.125 0.33828125 0.08046875 0.09453125
1 0.3078125 0.55 0.0125 0.021875
0 0.29296875 0.75859375 0.0125 0.02734375
1 0.82734375 0.3203125 0.0078125 0.01484375
1 0.8734375 0.928125 0.01484375 0.025
1 0.984375 0.41484375 0.0109375 0.01484375
1 0.68125 0.39140625 0.00859375 0.0171875
1 0.915625 0.4234375 0.0109375 0.01796875
1 0.95 0.3703125 0.01015625 0.01484375
1 0.5484375 0.4484375 0.01015625 0.0203125
1 0.384375 0.39765625 0.009375 0.01640625
1 0.83984375 0.303125 0.00703125 0.01328125
1 0.3421875 0.41796875 0.00859375 0.009375
1 0.33125 0.45625 0.01015625 0.0203125
1 0.6671875 0.85 0.00859375 0.01328125
0 0.16875 0.1453125 0.0125 0.01875
1 0.66640625 0.3078125 0.00703125 0.01171875
1 0.33046875 0.49921875 0.01171875 0.0203125
1 0.1640625 0.39296875 0.01015625 0.01640625
2 0.77421875 0.22109375 0.08671875 0.05859375
1 0.5578125 0.49140625 0.0109375 0.02109375
1 0.73828125 0.89375 0.01328125 0.02265625
2 0.25703125 0.22734375 0.0828125 0.04140625
1 0.3734375 0.41484375 0.00859375 0.0171875
1 0.05859375 0.490625 0.0109375 0.01875
1 0.32109375 0.4546875 0.01015625 0.01875
1 0.71640625 0.890625 0.0125 0.0234375
1 0.3515625 0.5265625 0.0125 0.02109375
1 0.346875 0.434375 0.00859375 0.01796875
1 0.9421875 0.93203125 0.015625 0.0265625
1 0.01640625 0.43125 0.0078125 0.01328125
1 0.3953125 0.321875 0.009375 0.01640625
3 0.10390625 0.42265625 0.09453125 0.096875
4 0.4734375 0.4171875 0.090625 0.1125
0 0.1890625 0.08194444375 0.18828125 0.097222221875 0.19609375 0.1 0.19921875 0.084722221875 0.1890625 0.08194444375
0 0.1578125 0.125 0.159375 0.1375 0.16875 0.1291666671875 0.165625 0.1208333328125 0.1578125 0.125
0 0.1421875 0.165277778125 0.1390625 0.16944444375 0.13984375 0.1833333328125 0.1515625 0.18055555625 0.15 0.16805555625 0.1421875 0.165277778125