2 0.26328125 0.19375 0.1296875 0.0671875
4 0.57890625 0.259375 0.109375 0.0765625
2 0.77734375 0.2328125 0.1328125 0.0625
4 0.20546875 0.82890625 0.0953125 0.059375
1 0.428125 0.375 0.046875 0.0140625
3 0.8546875 0.90234375 0.1203125 0.10625
1 0.7234375 0.4859375 0.0484375 0.0171875
4 0.72109375 0.86953125 0.09375 0.046875
1 0.5828125 0.41171875 0.046875 0.0140625
1 0.83359375 0.4484375 0.046875 0.015625
1 0.06875 0.378125 0.0484375 0.0140625
1 0.61953125 0.3328125 0.0453125 0.0125
1 0.06796875 0.32109375 0.046875 0.0140625
1 0.56640625 0.346875 0.046875 0.0125
1 0.9375 0.42890625 0.046875 0.0125
1 0.3390625 0.4390625 0.046875 0.015625
1 0.32421875 0.54453125 0.0515625 0.0203125
1 0.703125 0.40859375 0.046875 0.0125
1 0.54296875 0.403125 0.046875 0.0140625
1 0.63203125 0.3828125 0.046875 0.0125
1 0.09140625 0.3671875 0.046875 0.0125
1 0.38359375 0.390625 0.046875 0.015625
1 0.928125 0.40390625 0.046875 0.0125
1 0.9015625 0.409375 0.046875 0.0140625
1 0.61015625 0.31328125 0.0453125 0.0109375
1 0.9140625 0.36953125 0.0453125 0.0125
1 0.66484375 0.39453125 0.046875 0.0125
1 0.3375 0.39453125 0.046875 0.015625
1 0.65546875 0.359375 0.0453125 0.0125
1 0.74296875 0.91796875 0.046875 0.015625
1 0.640625 0.403125 0.046875 0.0140625
0 0.68203125 0.784375 0.0453125 0.0125
1 0.97890625 0.58203125 0.0421875 0.0203125
1 0.709375 0.925 0.0515625 0.0171875
1 0.7078125 0.89921875 0.0453125 0.0109375
1 0.46328125 0.3953125 0.0484375 0.0171875
1 0.6234375 0.396875 0.0453125 0.0125
1 0.315625 0.37578125 0.046875 0.0140625
1 0.6671875 0.33515625 0.046875 0.0109375
1 0.8703125 0.3109375 0.0453125 0.009375
1 0.871875 0.36640625 0.0453125 0.0125
1 0.44453125 0.37890625 0.046875 0.015625
1 0.64609375 0.334375 0.0453125 0.0125
1 0.12421875 0.2546875 0.0453125 0.0109375
1 0.36328125 0.25546875 0.0453125 0.009375
1 0.90546875 0.4359375 0.0484375 0.0140625
1 0.096875 0.3234375 0.046875 0.0125
1 0.56171875 0.39921875 0.05 0.0140625
1 0.16171875 0.58359375 0.05 0.0234375
1 0.83203125 0.98359375 0.05625 0.0296875
1 0.04296875 0.31796875 0.0484375 0.015625
1 0.6765625 0.38671875 0.046875 0.0109375
1 0.88984375 0.9640625 0.0546875 0.028125
1 0.3109375 0.42890625 0.046875 0.0125
1 0.175 0.27421875 0.0453125 0.009375
1 0.81796875 0.4265625 0.046875 0.0140625
1 0.9296875 0.603125 0.0484375 0.01875
1 0.05859375 0.3578125 0.0484375 0.0140625
1 0.14453125 0.2734375 0.046875 0.0109375
1 0.5484375 0.32421875 0.0453125 0.0109375
1 0.30078125 0.41953125 0.046875 0.015625
1 0.0921875 0.290625 0.0453125 0.0109375
1 0.109375 0.26953125 0.046875 0.0109375
1 0.89375 0.34765625 0.0453125 0.0109375
1 0.67734375 0.89765625 0.0453125 0.0109375
1 0.12734375 0.30625 0.0453125 0.0125
0 0.68203125 0.74765625 0.0453125 0.0109375
1 0.60625 0.3515625 0.0453125 0.0109375
1 0.50390625 0.3921875 0.046875 0.0109375
1 0.396875 0.2796875 0.0453125 0.0109375
1 0.57265625 0.3625 0.046875 0.0125
1 0.34609375 0.34296875 0.0453125 0.0125
1 0.6765625 0.36796875 0.046875 0.0125
1 0.503125 0.40859375 0.046875 0.0140625
1 0.46015625 0.2703125 0.0453125 0.0109375
0 0.671875 0.76328125 0.0453125 0.0109375
1 0.97265625 0.4484375 0.05 0.0140625
0 0.6875 0.728125 0.046875 0.0140625
1 0.5609375 0.3296875 0.0453125 0.0109375
1 0.39765625 0.36640625 0.046875 0.0140625
1 0.8375 0.29375 0.0453125 0.009375
1 0.75859375 0.90703125 0.04375 0.009375
1 0.4734375 0.340625 0.0453125 0.0125
1 0.31328125 0.4140625 0.0453125 0.0109375
1 0.90625 0.34921875 0.0453125 0.0109375
0 0.67890625 0.8 0.0453125 0.0109375
1 0.58359375 0.37578125 0.046875 0.0109375
1 0.84453125 0.67734375 0.05 0.0140625
1 0.46328125 0.340625 0.046875 0.0140625
1 0.515625 0.3734375 0.046875 0.0125
1 0.43125 0.30234375 0.0453125 0.0125
1 0.60625 0.91171875 0.0484375 0.0140625
1 0.09375 0.27265625 0.0453125 0.0109375
1 0.5859375 0.353125 0.046875 0.0125
1 0.38203125 0.253125 0.0453125 0.009375
1 0.72578125 0.3453125 0.046875 0.0125
3 0.97265625 0.41015625 0.0546875 0.1203125
1 0.45 0.26015625 0.0453125 0.009375
1 0.85078125 0.303125 0.0453125 0.0125
1 0.59375 0.35859375 0.0453125 0.0109375
1 0.53515625 0.2890625 0.04375 0.009375
1 0.50078125 0.26328125 0.0453125 0.009375
1 0.509375 0.36953125 0.0453125 0.0125
1 0.1671875 0.2546875 0.0453125 0.009375
1 0.6640625 0.36953125 0.046875 0.0125
1 0.6328125 0.28125 0.046875 0.009375
1 0.17890625 0.290625 0.0453125 0.0109375
1 0.621875 0.29140625 0.0453125 0.009375
0 0.69453125 0.82578125 0.04375 0.009375
1 0.40625 0.26875 0.0453125 0.0109375
1 0.765625 0.9296875 0.05 0.015625
1 0.66796875 0.27578125 0.04375 0.009375
1 0.55 0.29609375 0.04375 0.009375
1 0.33515625 0.365625 0.046875 0.0125
1 0.690625 0.278125 0.04375 0.009375
0 0.68984375 0.76015625 0.046875 0.0109375
1 0.68203125 0.33671875 0.046875 0.0109375
1 0.77734375 0.91640625 0.0484375 0.0125
1 0.86484375 0.29375 0.04375 0.009375
0 0.68671875 0.83359375 0.0453125 0.009375
1 0.12265625 0.83984375 0.04375 0.0078125
1 0.96328125 0.43515625 0.046875 0.009375
1 0.4015625 0.8625 0.0453125 0.009375
1 0.6828125 0.35390625 0.0453125 0.0109375
1 0.7890625 0.93046875 0.0484375 0.0140625
1 0.0609375 0.82890625 0.04375 0.009375
1 0.021875 0.33359375 0.04375 0.0140625
1 0.19375 0.2453125 0.0453125 0.009375
1 0.56484375 0.29140625 0.04375 0.009375
1 0.13203125 0.2421875 0.0453125 0.009375
1 0.16484375 0.24375 0.0453125 0.0078125
1 0.13359375 0.2546875 0.0484375 0.0109375
1 0.7796875 0.940625 0.046875 0.015625
1 0.07734375 0.29140625 0.046875 0.009375
1 0.92109375 0.35703125 0.04375 0.009375
1 0.384375 0.86328125 0.0453125 0.0078125
1 0.9 0.3140625 0.0453125 0.009375
1 0.09765625 0.83671875 0.0453125 0.009375
1 0.32890625 0.35546875 0.0453125 0.0109375
1 0.07421875 0.83671875 0.0453125 0.009375
0 0.665625 0.7359375 0.046875 0.0109375
1 0.72578125 0.9234375 0.0484375 0.015625
1 0.9375 0.41484375 0.046875 0.0109375
1 0.68828125 0.32109375 0.04375 0.009375
1 0.778125 0.89140625 0.04375 0.0078125
1 0.55703125 0.3109375 0.046875 0.009375
1 0.946875 0.3921875 0.0453125 0.0109375
0 0.6890625 0.7984375 0.046875 0.0109375
1 0.9078125 0.3265625 0.046875 0.0125
1 0.896875 0.3 0.0453125 0.0109375
1 0.42890625 0.25234375 0.04375 0.009375
1 0.5390625 0.26015625 0.04375 0.009375
1 0.046875 0.346875 0.0484375 0.0125
1 0.303125 0.37421875 0.0484375 0.0140625
1 0.9546875 0.41484375 0.046875 0.0125
1 0.51171875 0.884375 0.04375 0.009375
1 0.7265625 0.371875 0.0453125 0.0109375
1 0.1359375 0.8265625 0.0453125 0.0078125
1 0.9109375 0.30703125 0.0453125 0.009375
1 0.79140625 0.915625 0.046875 0.0109375
1 0.86875 0.578125 0.046875 0.0109375
1 0.615625 0.90390625 0.046875 0.0140625
1 0.25546875 0.85546875 0.046875 0.0125
3 0.67734375 0.86796875 0.0875 0.05625
1 0.62578125 0.871875 0.0421875 0.0078125
1 0.8859375 0.30234375 0.0453125 0.009375
1 0.51171875 0.38515625 0.046875 0.009375
1 0.621875 0.26953125 0.046875 0.009375
1 0.36015625 0.8578125 0.04375 0.009375
1 0.93671875 0.690625 0.0484375 0.0078125
1 0.79609375 0.89296875 0.0421875 0.0078125
1 0.2578125 0.9703125 0.0578125 0.01875
1 0.36875 0.8609375 0.046875 0.0078125
1 0.15078125 0.8390625 0.0421875 0.0078125
1 0.48828125 0.88203125 0.0453125 0.0078125
1 0.80390625 0.93046875 0.04375 0.0125
0 0.740625 0.234375 0.0453125 0.009375
1 0.4390625 0.25234375 0.04375 0.009375
1 0.8765625 0.296875 0.04375 0.009375