2 0.2453125 0.20625 0.1 0.065625
4 0.0984375 0.32265625 0.0859375 0.0921875
2 0.76484375 0.21796875 0.1 0.059375
4 0.37421875 0.5046875 0.1109375 0.0984375
4 0.0921875 0.87421875 0.0953125 0.1140625
1 0.33046875 0.4421875 0.01875 0.0171875
1 0.55546875 0.38359375 0.0171875 0.015625
1 0.33828125 0.5953125 0.021875 0.021875
1 0.5671875 0.425 0.01875 0.015625
1 0.465625 0.440625 0.01875 0.015625
1 0.89609375 0.45 0.01875 0.0171875
1 0.11171875 0.44921875 0.01875 0.0171875
1 0.534375 0.38515625 0.01875 0.015625
1 0.43515625 0.5140625 0.0203125 0.0203125
1 0.85703125 0.34375 0.0171875 0.0140625
1 0.7984375 0.434375 0.01875 0.0171875
1 0.39375 0.55859375 0.0203125 0.01875
1 0.5671875 0.45234375 0.01875 0.01875
1 0.3140625 0.6 0.021875 0.021875
1 0.303125 0.48828125 0.0203125 0.01875
3 0.18671875 0.89921875 0.1390625 0.1265625
1 0.39375 0.41171875 0.01875 0.015625
0 0.2265625 0.0328125 0.0203125 0.0203125
1 0.48203125 0.50703125 0.0203125 0.01875
1 0.4390625 0.903125 0.0171875 0.009375
3 0.34453125 0.33984375 0.084375 0.08125
1 0.53203125 0.4484375 0.01875 0.0171875
1 0.421875 0.43125 0.01875 0.015625
1 0.99140625 0.45234375 0.0171875 0.0171875
1 0.72265625 0.50390625 0.01875 0.01875
1 0.94453125 0.4328125 0.01875 0.015625
1 0.5203125 0.428125 0.01875 0.015625
1 0.96796875 0.44609375 0.01875 0.015625
0 0.1078125 0.196875 0.0171875 0.0171875
1 0.59921875 0.38125 0.0171875 0.0140625
1 0.30703125 0.39609375 0.0171875 0.0140625
1 0.51796875 0.36796875 0.0171875 0.0140625
1 0.92578125 0.4515625 0.0203125 0.0171875
1 0.82421875 0.2828125 0.015625 0.0125
1 0.62265625 0.44765625 0.01875 0.0171875
1 0.3859375 0.38828125 0.01875 0.0140625
1 0.44140625 0.459375 0.01875 0.015625
1 0.18359375 0.39765625 0.0171875 0.015625
1 0.1953125 0.33515625 0.0171875 0.0140625
1 0.16171875 0.4109375 0.0171875 0.015625
1 0.36171875 0.415625 0.0171875 0.015625
1 0.446875 0.44296875 0.01875 0.0140625
1 0.9875 0.43671875 0.01875 0.0140625
1 0.15 0.4125 0.0171875 0.015625
1 0.596875 0.42109375 0.0171875 0.0125
1 0.0625 0.38828125 0.01875 0.015625
0 0.1125 0.1125 0.0203125 0.0171875
1 0.11484375 0.38046875 0.01875 0.0140625
1 0.45546875 0.5171875 0.0203125 0.0203125
1 0.15703125 0.42734375 0.01875 0.015625
1 0.86796875 0.47265625 0.01875 0.0140625
1 0.14921875 0.36484375 0.0171875 0.0140625
1 0.87890625 0.30625 0.015625 0.0125
1 0.59609375 0.43671875 0.0171875 0.0140625
1 0.290625 0.59921875 0.021875 0.021875
0 0.17421875 0.03671875 0.01875 0.01875
1 0.62109375 0.29453125 0.015625 0.0125
1 0.584375 0.8984375 0.01875 0.0140625
1 0.3734375 0.59140625 0.021875 0.021875
1 0.5046875 0.40859375 0.0171875 0.015625
0 0.16875 0.0859375 0.0171875 0.0171875
1 0.59765625 0.45234375 0.01875 0.015625
1 0.7453125 0.54609375 0.0203125 0.01875
1 0.5203125 0.3859375 0.01875 0.015625
1 0.46796875 0.35859375 0.01875 0.015625
1 0.45703125 0.31875 0.0171875 0.0125
1 0.85078125 0.459375 0.01875 0.015625
1 0.18359375 0.29765625 0.015625 0.0125
1 0.0796875 0.37421875 0.01875 0.0140625
1 0.6078125 0.34921875 0.0171875 0.0125
1 0.4328125 0.38828125 0.01875 0.015625
1 0.603125 0.309375 0.015625 0.0125
1 0.571875 0.31015625 0.0171875 0.0125
1 0.16640625 0.35859375 0.0171875 0.0140625
1 0.846875 0.4734375 0.0203125 0.0171875
1 0.46328125 0.37734375 0.0171875 0.0140625
1 0.51015625 0.3390625 0.0171875 0.0140625
0 0.12578125 0.14921875 0.01875 0.01875
1 0.83125 0.93515625 0.0234375 0.021875
1 0.40625 0.421875 0.01875 0.015625
0 0.1890625 0.01875 0.0203125 0.01875
1 0.5453125 0.340625 0.015625 0.0140625
1 0.5890625 0.2984375 0.015625 0.0125
1 0.6234375 0.3859375 0.0171875 0.0140625
1 0.17890625 0.27734375 0.015625 0.0125
1 0.61171875 0.44921875 0.01875 0.0171875
1 0.05703125 0.353125 0.0171875 0.0125
1 0.41171875 0.8984375 0.01875 0.0140625
1 0.78203125 0.89296875 0.0171875 0.0125
1 0.6828125 0.8859375 0.015625 0.0125
1 0.6328125 0.38828125 0.0171875 0.0140625
1 0.6390625 0.35703125 0.0171875 0.0140625
0 0.096875 0.16796875 0.01875 0.0171875
1 0.49765625 0.290625 0.015625 0.0109375
1 0.37421875 0.3734375 0.021875 0.0140625
1 0.86328125 0.27421875 0.015625 0.0109375
1 0.66640625 0.28984375 0.015625 0.0125
3 0.028125 0.44296875 0.05625 0.1109375
0 0.20234375 0.05703125 0.01875 0.015625
1 0.47265625 0.3984375 0.0171875 0.015625
1 0.5671875 0.35859375 0.01875 0.0140625
1 0.20078125 0.409375 0.01875 0.0140625
1 0.46328125 0.4640625 0.01875 0.015625
0 0.146875 0.06953125 0.0171875 0.015625
1 0.94296875 0.390625 0.01875 0.015625
1 0.51171875 0.44453125 0.0171875 0.0125
1 0.56171875 0.29609375 0.0171875 0.0125
1 0.484375 0.3390625 0.01875 0.015625
1 0.48828125 0.46015625 0.0171875 0.015625
1 0.11484375 0.55078125 0.0203125 0.01875
1 0.42421875 0.38984375 0.0171875 0.0140625
1 0.9328125 0.3796875 0.01875 0.0140625
1 0.58359375 0.33984375 0.015625 0.0125
1 0.27578125 0.88671875 0.0203125 0.015625
0 0.14453125 0.77421875 0.01875 0.01875
0 0.1609375 0.01328125 0.0203125 0.01875
1 0.8609375 0.91015625 0.0203125 0.0171875
1 0.9296875 0.4140625 0.01875 0.015625
1 0.61640625 0.37265625 0.01875 0.0125
1 0.50625 0.4578125 0.01875 0.0140625
1 0.353125 0.3859375 0.01875 0.0140625
1 0.4515625 0.340625 0.0171875 0.0125
1 0.453125 0.453125 0.01875 0.015625
1 0.603125 0.36171875 0.0171875 0.0125
1 0.10390625 0.39609375 0.01875 0.015625
1 0.7890625 0.9296875 0.0203125 0.0125
1 0.34375 0.3921875 0.0171875 0.015625
1 0.49453125 0.3984375 0.0171875 0.0140625
1 0.39140625 0.265625 0.015625 0.0109375
1 0.78828125 0.95234375 0.025 0.0265625
1 0.81328125 0.9828125 0.0265625 0.025
1 0.56484375 0.33984375 0.015625 0.0125
1 0.75078125 0.878125 0.0140625 0.009375
1 0.4734375 0.43203125 0.0171875 0.0140625
1 0.1984375 0.3890625 0.0171875 0.0125
1 0.5265625 0.33828125 0.0171875 0.0125
1 0.62578125 0.3296875 0.0171875 0.0140625
1 0.5109375 0.3 0.0171875 0.0125
1 0.10234375 0.3796875 0.0203125 0.0140625
1 0.69609375 0.8828125 0.015625 0.0109375
1 0.47265625 0.29765625 0.0171875 0.0125
1 0.5578125 0.3234375 0.0171875 0.0125
1 0.64765625 0.89375 0.0171875 0.0140625
1 0.51015625 0.384375 0.01875 0.0125
1 0.62109375 0.33984375 0.0171875 0.0125
1 0.44140625 0.26484375 0.015625 0.0109375
1 0.40078125 0.3421875 0.0171875 0.015625
1 0.4421875 0.31484375 0.015625 0.0109375
0 0.13984375 0.05234375 0.0203125 0.01875
1 0.50546875 0.39453125 0.01875 0.0109375
1 0.48515625 0.4453125 0.015625 0.0109375
1 0.1984375 0.2546875 0.015625 0.0109375
1 0.40703125 0.36171875 0.01875 0.0140625
1 0.87734375 0.49296875 0.01875 0.0140625
1 0.40234375 0.45625 0.0171875 0.0125
1 0.54609375 0.2984375 0.015625 0.0125
1 0.1609375 0.25859375 0.0171875 0.0109375
1 0.0625 0.365625 0.01875 0.0109375
1 0.46953125 0.340625 0.0171875 0.0140625
1 0.9796875 0.39609375 0.01875 0.015625
1 0.83828125 0.884375 0.0171875 0.0125
1 0.80859375 0.87890625 0.015625 0.009375
1 0.31875 0.38125 0.01875 0.0140625
1 0.9140625 0.9890625 0.0296875 0.0203125
1 0.2671875 0.88671875 0.0171875 0.015625
1 0.58203125 0.3953125 0.0171875 0.0109375
1 0.42265625 0.37265625 0.01875 0.0140625
1 0.57421875 0.40078125 0.01875 0.0171875
1 0.80390625 0.940625 0.025 0.021875
1 0.5015625 0.33203125 0.0171875 0.0125
1 0.76953125 0.934375 0.0234375 0.021875
0 0.13203125 0.02890625 0.0203125 0.01875
1 0.39609375 0.3796875 0.0203125 0.0140625
1 0.95390625 0.353125 0.01875 0.0140625
1 0.29609375 0.88671875 0.01875 0.0140625
1 0.50078125 0.3171875 0.015625 0.0109375
1 0.290625 0.89609375 0.01875 0.0109375
1 0.9015625 0.29375 0.015625 0.0109375
1 0.31015625 0.88125 0.0171875 0.015625
1 0.26953125 0.86875 0.0171875 0.0125
1 0.45703125 0.36875 0.0203125 0.015625
1 0.359375 0.25703125 0.0171875 0.0109375
1 0.1265625 0.259375 0.015625 0.0109375
1 0.3921875 0.3421875 0.0171875 0.0140625
1 0.48671875 0.38984375 0.015625 0.0125
1 0.4578125 0.35625 0.01875 0.0125
1 0.9359375 0.33828125 0.0171875 0.0171875
1 0.42265625 0.86796875 0.0140625 0.0109375
1 0.40859375 0.26484375 0.0171875 0.0109375
1 0.9234375 0.309375 0.01875 0.015625
1 0.5484375 0.2828125 0.015625 0.009375
1 0.3578125 0.27109375 0.0171875 0.0125
1 0.884375 0.91015625 0.01875 0.015625
1 0.4890625 0.31015625 0.0171875 0.0109375
1 0.8921875 0.278125 0.015625 0.0109375
1 0.9359375 0.9875 0.021875 0.0171875
1 0.70546875 0.8796875 0.0171875 0.0109375
1 0.24921875 0.59921875 0.01875 0.0140625
1 0.43828125 0.3359375 0.0203125 0.0125
1 0.4359375 0.36953125 0.0203125 0.015625
1 0.82109375 0.9953125 0.028125 0.0078125
1 0.35 0.278125 0.0171875 0.0109375
1 0.971875 0.3890625 0.0171875 0.0140625
1 0.0546875 0.32578125 0.0171875 0.0140625
1 0.49296875 0.32578125 0.0171875 0.0109375
1 0.3875 0.365625 0.0203125 0.0203125
1 0.44140625 0.3484375 0.0171875 0.0125
0 0.10625 0.096875 0.0171875 0.0125
1 0.3796875 0.3609375 0.0171875 0.0125
1 0.4140625 0.34375 0.015625 0.0140625
0 0.14921875 0.7484375 0.01875 0.0171875
0 0.146875 0.01015625 0.01875 0.0171875
1 0.9625 0.353125 0.015625 0.0125
0 0.1171875 0.03828125 0.0203125 0.01875
1 0.9953125 0.38828125 0.009375 0.0171875
1 0.77109375 0.878125 0.015625 0.0078125
1 0.4 0.25859375 0.0171875 0.0125
1 0.04921875 0.3671875 0.0171875 0.0140625
1 0.87109375 0.8953125 0.0171875 0.0125
1 0.1265625 0.521875 0.0140625 0.0109375
1 0.33359375 0.3125 0.0171875 0.0125
1 0.3140625 0.36875 0.01875 0.0125
1 0.9453125 0.34296875 0.0171875 0.0125
1 0.23984375 0.90234375 0.0234375 0.021875