2 0.20625 0.24375 0.1234375 0.0703125
4 0.8328125 0.3484375 0.1046875 0.0875
4 0.7984375 0.8171875 0.1109375 0.0796875
1 0.35078125 0.5078125 0.04375 0.0234375
3 0.0984375 0.33515625 0.096875 0.08125
1 0.63359375 0.39296875 0.040625 0.01875
1 0.396875 0.44453125 0.0421875 0.021875
1 0.2328125 0.51796875 0.0421875 0.0234375
1 0.521875 0.4265625 0.0421875 0.01875
1 0.74296875 0.5109375 0.04375 0.0234375
2 0.7265625 0.20546875 0.1265625 0.0578125
1 0.01484375 0.5078125 0.0296875 0.021875
1 0.484375 0.4171875 0.040625 0.0203125
1 0.7328125 0.4859375 0.0421875 0.0234375
1 0.909375 0.38359375 0.040625 0.0171875
4 0.21171875 0.59765625 0.121875 0.1453125
1 0.07109375 0.48046875 0.0421875 0.0203125
1 0.67421875 0.4828125 0.0421875 0.0234375
1 0.3015625 0.8625 0.0375 0.0140625
1 0.58203125 0.4796875 0.0421875 0.021875
0 0.96640625 0.1984375 0.0484375 0.0265625
1 0.01796875 0.48828125 0.0359375 0.0203125
1 0.15859375 0.3984375 0.0390625 0.0171875
1 0.30859375 0.90703125 0.04375 0.0234375
1 0.7875 0.39296875 0.0390625 0.0171875
1 0.60234375 0.6328125 0.04375 0.025
1 0.44921875 0.340625 0.0390625 0.0171875
1 0.0296875 0.4578125 0.0421875 0.01875
1 0.42421875 0.40546875 0.040625 0.0203125
1 0.3359375 0.340625 0.0390625 0.015625
1 0.11796875 0.3875 0.0390625 0.015625
1 0.36328125 0.33515625 0.0390625 0.015625
1 0.43125 0.3515625 0.0390625 0.0171875
1 0.21171875 0.88515625 0.0390625 0.015625
1 0.284375 0.93125 0.046875 0.0296875
1 0.0484375 0.39609375 0.040625 0.0171875
1 0.01640625 0.4296875 0.0328125 0.01875
1 0.653125 0.3578125 0.0390625 0.015625
1 0.2421875 0.92734375 0.0453125 0.028125
1 0.35625 0.6296875 0.0421875 0.0171875
1 0.246875 0.8734375 0.0390625 0.0140625
1 0.59296875 0.31953125 0.0375 0.015625
1 0.709375 0.47109375 0.040625 0.0171875
1 0.54765625 0.2984375 0.0375 0.0140625
1 0.81484375 0.3 0.0375 0.0140625
1 0.7921875 0.3640625 0.040625 0.015625
1 0.1703125 0.9390625 0.046875 0.028125
1 0.42421875 0.3078125 0.0390625 0.0140625
1 0.8796875 0.4859375 0.040625 0.0171875
1 0.3765625 0.3296875 0.0390625 0.015625
1 0.8625 0.8390625 0.0390625 0.015625
1 0.07890625 0.38828125 0.040625 0.0171875
1 0.1203125 0.3703125 0.0375 0.015625
1 0.48203125 0.35078125 0.0390625 0.0171875
1 0.8109375 0.27734375 0.0390625 0.0140625
1 0.471875 0.35078125 0.0390625 0.015625
1 0.253125 0.92421875 0.04375 0.0265625
1 0.9765625 0.915625 0.046875 0.0375
1 0.1078125 0.3796875 0.0390625 0.015625
1 0.2671875 0.8796875 0.040625 0.0171875
1 0.16015625 0.359375 0.0390625 0.015625
1 0.890625 0.37109375 0.040625 0.01875
1 0.82578125 0.84296875 0.040625 0.0171875
1 0.82890625 0.29921875 0.0375 0.0140625
1 0.48046875 0.32265625 0.0375 0.0140625
1 0.79765625 0.278125 0.0390625 0.0140625
1 0.209375 0.91484375 0.0421875 0.021875
1 0.83671875 0.29609375 0.0390625 0.0140625
1 0.97109375 0.87734375 0.046875 0.03125
1 0.1859375 0.88515625 0.0421875 0.01875
1 0.64609375 0.3453125 0.0390625 0.015625
1 0.23984375 0.6671875 0.04375 0.0171875
1 0.03359375 0.39921875 0.0390625 0.0171875
1 0.56015625 0.4640625 0.0390625 0.0171875
1 0.46640625 0.3171875 0.0375 0.0140625
0 0.92578125 0.11484375 0.046875 0.025
1 0.1484375 0.32890625 0.0390625 0.0140625
0 0.8609375 0.025 0.0421875 0.015625
1 0.90859375 0.834375 0.0390625 0.0171875
1 0.56171875 0.35078125 0.040625 0.0171875
1 0.11796875 0.940625 0.0453125 0.025
1 0.93984375 0.95703125 0.046875 0.0140625
1 0.89921875 0.83828125 0.040625 0.01875
1 0.8453125 0.8515625 0.04375 0.0203125
1 0.62265625 0.2921875 0.0390625 0.015625
0 0.84140625 0.06953125 0.040625 0.021875
1 0.35625 0.5796875 0.0421875 0.0203125
1 0.6203125 0.33671875 0.040625 0.0171875
1 0.59140625 0.30625 0.0375 0.0140625
1 0.92421875 0.3609375 0.040625 0.0171875
1 0.8765625 0.36328125 0.0421875 0.0171875
1 0.51328125 0.29609375 0.0390625 0.0140625
1 0.07578125 0.3734375 0.0390625 0.0140625
1 0.92890625 0.340625 0.0390625 0.015625
1 0.9015625 0.3515625 0.0390625 0.0171875
0 0.90390625 0.078125 0.046875 0.0234375
1 0.86484375 0.30078125 0.0390625 0.015625
1 0.70625 0.85 0.040625 0.01875
1 0.090625 0.9390625 0.04375 0.0265625
1 0.134375 0.33125 0.040625 0.0140625
1 0.69921875 0.4640625 0.0421875 0.01875
1 0.0109375 0.4890625 0.021875 0.01875
1 0.0203125 0.415625 0.040625 0.01875
1 0.9359375 0.3546875 0.0375 0.0140625
1 0.90625 0.96171875 0.0421875 0.0109375
1 0.7296875 0.8484375 0.0375 0.0171875
0 0.79921875 0.03046875 0.0421875 0.01875
1 0.4859375 0.54765625 0.0421875 0.01875
1 0.7828125 0.9609375 0.053125 0.0359375
1 0.93046875 0.82890625 0.040625 0.0171875
1 0.30859375 0.640625 0.0453125 0.021875
0 0.77265625 0.0046875 0.0453125 0.009375
1 0.01640625 0.41484375 0.0328125 0.0171875
1 0.75234375 0.83828125 0.0375 0.0140625
1 0.08984375 0.9828125 0.04375 0.0203125
1 0.4578125 0.83125 0.0375 0.0125
1 0.80546875 0.4328125 0.0375 0.015625
1 0.91484375 0.36328125 0.040625 0.0171875
1 0.0171875 0.39609375 0.034375 0.0140625
1 0.14453125 0.91171875 0.040625 0.0171875
1 0.10234375 0.93984375 0.0453125 0.025
1 0.75859375 0.82421875 0.0375 0.0125
1 0.2140625 0.87421875 0.0375 0.0109375
1 0.92109375 0.83359375 0.0390625 0.01875
1 0.88515625 0.36015625 0.0390625 0.015625
1 0.48125 0.8375 0.0390625 0.0109375
1 0.0421875 0.38203125 0.040625 0.01875
0 0.975 0.22890625 0.0375 0.015625
1 0.84453125 0.81171875 0.0375 0.0125
1 0.3078125 0.6625 0.04375 0.0171875
1 0.85078125 0.2875 0.0390625 0.0140625
0 0.76875 0.09296875 0.040625 0.0171875
1 0.79140625 0.278125 0.0359375 0.0140625
1 0.0515625 0.37578125 0.040625 0.0171875
1 0.12578125 0.91953125 0.040625 0.0140625
1 0.8703125 0.809375 0.0375 0.0125