4 0.55546875 0.3171875 0.0734375 0.07890625
3 0.159375 0.3734375 0.06640625 0.08046875
2 0.7703125 0.2203125 0.08515625 0.05625
3 0.27265625 0.8453125 0.0734375 0.06953125
2 0.24765625 0.2265625 0.09296875 0.05
3 0.45625 0.3 0.05546875 0.075
4 0.96640625 0.5703125 0.0671875 0.146875
4 0.55859375 0.53359375 0.0578125 0.1375
1 0.875 0.0703125 0.0109375 0.0171875
0 0.95234375 0.040625 0.01171875 0.01953125
1 0.93515625 0.02265625 0.0109375 0.01796875
1 0.68203125 0.2921875 0.0078125 0.0140625
1 0.740625 0.83515625 0.00625 0.01015625
3 0.44609375 0.5484375 0.05625 0.153125