3 0.53125 0.25078125 0.0796875 0.078125
2 0.73359375 0.19140625 0.103125 0.0609375
1 0.54375 0.43984375 0.0203125 0.01875
1 0.74296875 0.5265625 0.0234375 0.021875
2 0.21875 0.23515625 0.1 0.0671875
1 0.79765625 0.546875 0.0234375 0.0234375
1 0.33125 0.37890625 0.0203125 0.015625
1 0.075 0.47734375 0.021875 0.01875
1 0.84296875 0.3796875 0.0203125 0.0171875
1 0.271875 0.53046875 0.021875 0.0203125
4 0.35390625 0.48046875 0.103125 0.1078125
1 0.8078125 0.37109375 0.0203125 0.0171875
3 0.95546875 0.41015625 0.0890625 0.1109375
1 0.59453125 0.3828125 0.0203125 0.0171875
1 0.69765625 0.4203125 0.0203125 0.01875
1 0.81796875 0.35 0.0203125 0.0171875
1 0.053125 0.52265625 0.0234375 0.0203125
1 0.61484375 0.459375 0.0203125 0.0171875
1 0.88203125 0.39765625 0.0203125 0.01875
1 0.62421875 0.43515625 0.0203125 0.01875
1 0.18203125 0.59140625 0.0234375 0.021875
4 0.928125 0.55625 0.14375 0.140625
1 0.15625 0.38984375 0.0203125 0.015625
1 0.44765625 0.44296875 0.021875 0.01875
1 0.62578125 0.50234375 0.021875 0.021875
1 0.07421875 0.39921875 0.0203125 0.015625
0 0.92109375 0.17421875 0.021875 0.0203125
1 0.565625 0.4421875 0.0203125 0.01875
3 0.7734375 0.88046875 0.15625 0.1453125
1 0.80625 0.34765625 0.0203125 0.015625
1 0.3109375 0.3859375 0.0203125 0.015625
1 0.31171875 0.4296875 0.021875 0.0171875
1 0.1703125 0.43125 0.0203125 0.0171875
1 0.3109375 0.40703125 0.021875 0.0171875
1 0.86796875 0.3640625 0.0203125 0.0171875
1 0.11796875 0.38515625 0.0203125 0.015625
1 0.6078125 0.33828125 0.01875 0.015625
1 0.33515625 0.35703125 0.01875 0.015625
1 0.0140625 0.57265625 0.025 0.0203125
0 0.86328125 0.09609375 0.0234375 0.021875
3 0.90390625 0.84296875 0.0828125 0.0890625
1 0.16953125 0.39296875 0.0203125 0.015625
1 0.69296875 0.525 0.0234375 0.0234375
1 0.80234375 0.296875 0.01875 0.0140625
1 0.66015625 0.3609375 0.01875 0.0171875
1 0.5640625 0.33046875 0.01875 0.015625
0 0.9203125 0.21171875 0.021875 0.01875
1 0.8265625 0.3703125 0.01875 0.015625
1 0.09453125 0.38125 0.0203125 0.015625
1 0.48671875 0.4671875 0.021875 0.01875
1 0.15234375 0.440625 0.0203125 0.015625
0 0.015625 0.28515625 0.025 0.021875
1 0.47890625 0.90546875 0.0203125 0.0125
1 0.64140625 0.42890625 0.0203125 0.01875
1 0.54140625 0.40390625 0.0203125 0.0171875
0 0.91640625 0.15078125 0.021875 0.01875
1 0.6734375 0.88203125 0.0203125 0.0171875
1 0.09921875 0.35 0.01875 0.0140625
1 0.45234375 0.39375 0.0203125 0.0171875
1 0.5375 0.3546875 0.01875 0.015625
1 0.378125 0.34765625 0.0203125 0.0140625
0 0.14140625 0.24765625 0.025 0.0203125
0 0.9078125 0.12265625 0.0234375 0.021875
0 0.24140625 0.3265625 0.0234375 0.0234375
1 0.4578125 0.3734375 0.0203125 0.0140625
1 0.015625 0.484375 0.0234375 0.01875
1 0.871875 0.315625 0.0203125 0.015625
1 0.00859375 0.50078125 0.0171875 0.0171875
1 0.3578125 0.325 0.01875 0.0140625
1 0.971875 0.9421875 0.03125 0.0390625
1 0.56953125 0.36328125 0.01875 0.0125
1 0.88671875 0.89609375 0.025 0.025
1 0.3828125 0.3125 0.0171875 0.0140625
1 0.0609375 0.47578125 0.021875 0.0171875
1 0.05390625 0.46171875 0.0203125 0.0140625
1 0.65078125 0.28828125 0.01875 0.0140625
1 0.8859375 0.359375 0.0203125 0.015625
1 0.6828125 0.37890625 0.0203125 0.015625
1 0.4328125 0.42265625 0.021875 0.015625
1 0.32890625 0.9125 0.0265625 0.0203125
1 0.49765625 0.35546875 0.0203125 0.015625
0 0.1828125 0.23203125 0.0234375 0.0234375
1 0.01328125 0.45 0.021875 0.0171875
0 0.740625 0.734375 0.0265625 0.0328125
1 0.81484375 0.2546875 0.0171875 0.0125
1 0.4859375 0.38984375 0.0203125 0.0171875
1 0.5859375 0.45546875 0.021875 0.01875
1 0.57890625 0.2984375 0.01875 0.0140625
1 0.94765625 0.48125 0.0265625 0.0234375
1 0.81328125 0.29921875 0.0203125 0.015625
1 0.4859375 0.45 0.0203125 0.015625
1 0.853125 0.32109375 0.0203125 0.0171875
1 0.90234375 0.940625 0.03125 0.034375
1 0.5375 0.33828125 0.01875 0.0140625
1 0.690625 0.884375 0.0203125 0.0171875
1 0.40546875 0.3625 0.0203125 0.015625
1 0.00703125 0.55078125 0.0140625 0.0171875
0 0.8421875 0.04765625 0.0234375 0.021875
1 0.45703125 0.3421875 0.01875 0.0140625
0 0.8484375 0.115625 0.0234375 0.021875
1 0.8765625 0.34453125 0.0203125 0.0140625
0 0.0671875 0.26875 0.025 0.0203125
0 0.1359375 0.215625 0.025 0.025
1 0.2859375 0.89375 0.01875 0.0140625
1 0.14609375 0.42265625 0.0203125 0.015625
0 0.89296875 0.1140625 0.025 0.021875
1 0.46484375 0.559375 0.021875 0.0234375
1 0.62890625 0.29921875 0.01875 0.0140625
3 0.9234375 0.3078125 0.078125 0.090625
1 0.63984375 0.3609375 0.0203125 0.01875
1 0.19921875 0.9296875 0.0203125 0.0203125
1 0.29140625 0.5765625 0.021875 0.021875
1 0.48359375 0.30703125 0.0171875 0.0140625
1 0.86171875 0.30390625 0.01875 0.015625
1 0.27421875 0.934375 0.021875 0.021875
1 0.8765625 0.871875 0.0203125 0.01875
1 0.20078125 0.90703125 0.01875 0.015625
0 0.2390625 0.83359375 0.0328125 0.0375
1 0.46015625 0.35703125 0.01875 0.0140625
1 0.86875 0.2671875 0.0203125 0.015625
1 0.234375 0.93046875 0.021875 0.01875
1 0.83828125 0.32421875 0.0203125 0.0140625
1 0.62578125 0.359375 0.021875 0.015625
1 0.2484375 0.9015625 0.01875 0.015625
1 0.090625 0.95625 0.0234375 0.021875
1 0.8875 0.3421875 0.0203125 0.015625
1 0.58359375 0.28515625 0.0171875 0.0125
1 0.915625 0.36484375 0.0203125 0.015625
1 0.6203125 0.3109375 0.01875 0.0140625
1 0.44921875 0.3078125 0.0203125 0.0171875
1 0.50078125 0.3375 0.021875 0.0171875
1 0.465625 0.4125 0.0203125 0.0171875
1 0.83671875 0.3046875 0.021875 0.015625
1 0.6421875 0.27421875 0.01875 0.0140625
1 0.1078125 0.3765625 0.0203125 0.015625
0 0.115625 0.8609375 0.03125 0.0375
1 0.43046875 0.3140625 0.01875 0.0140625
1 0.06484375 0.42265625 0.01875 0.015625
1 0.2453125 0.9484375 0.025 0.0234375
1 0.4265625 0.90859375 0.021875 0.0140625
1 0.68125 0.8609375 0.01875 0.015625
1 0.2953125 0.884375 0.0171875 0.0125
0 0.153125 0.8703125 0.0359375 0.0421875
1 0.0953125 0.309375 0.0171875 0.0125
1 0.5546875 0.39375 0.021875 0.01875
0 0.0953125 0.2625 0.0234375 0.025
0 0.21640625 0.8484375 0.025 0.0234375
1 0.42890625 0.28203125 0.0171875 0.0125
1 0.43203125 0.37890625 0.021875 0.0171875
1 0.1171875 0.575 0.0234375 0.021875
1 0.4578125 0.32734375 0.01875 0.0140625
1 0.4203125 0.3484375 0.0203125 0.015625
1 0.85234375 0.890625 0.021875 0.0203125
1 0.31484375 0.8890625 0.0203125 0.015625
1 0.60390625 0.27421875 0.01875 0.0125
1 0.6140625 0.28828125 0.0203125 0.0171875
1 0.83046875 0.26796875 0.0171875 0.0125
1 0.19765625 0.859375 0.0265625 0.028125
1 0.496875 0.8921875 0.021875 0.021875
1 0.06015625 0.43359375 0.0203125 0.0140625
1 0.83984375 0.27421875 0.01875 0.0140625
1 0.91015625 0.35 0.0203125 0.0140625
1 0.57890625 0.34140625 0.0203125 0.015625
1 0.90078125 0.353125 0.0203125 0.0171875
1 0.8484375 0.2359375 0.01875 0.0125
1 0.46953125 0.29921875 0.01875 0.0140625
1 0.48203125 0.29296875 0.0171875 0.0125
1 0.15625 0.95546875 0.0265625 0.028125
1 0.47578125 0.40078125 0.0203125 0.015625
1 0.26640625 0.89765625 0.01875 0.0125
1 0.1828125 0.92734375 0.0234375 0.021875
1 0.8640625 0.25234375 0.01875 0.0125
1 0.26484375 0.9109375 0.021875 0.0171875
1 0.00546875 0.40625 0.0109375 0.0125
1 0.378125 0.3359375 0.0171875 0.0109375
1 0.5625 0.88828125 0.0171875 0.0109375
1 0.4140625 0.3109375 0.0203125 0.0125
1 0.565625 0.2828125 0.01875 0.015625
1 0.94765625 0.865625 0.0234375 0.021875
1 0.3984375 0.35 0.01875 0.0125
1 0.0984375 0.5875 0.021875 0.015625
1 0.41328125 0.2921875 0.01875 0.0125
1 0.171875 0.92734375 0.021875 0.01875
1 0.40625 0.325 0.01875 0.0125
1 0.28671875 0.38671875 0.0171875 0.0125
1 0.4328125 0.4078125 0.0203125 0.0125
1 0.18046875 0.8890625 0.0171875 0.0109375
1 0.40625 0.34609375 0.0203125 0.0140625
1 0.6125 0.2734375 0.0203125 0.0140625
1 0.440625 0.3703125 0.021875 0.0140625
1 0.05859375 0.4125 0.01875 0.015625
1 0.46640625 0.90546875 0.0234375 0.0140625
1 0.30859375 0.90078125 0.0203125 0.0171875
1 0.85703125 0.24375 0.01875 0.0109375
1 0.57265625 0.3484375 0.01875 0.015625
1 0.9359375 0.9265625 0.025 0.021875
1 0.42890625 0.359375 0.021875 0.0125
0 0.7484375 0.7625 0.0203125 0.0125
1 0.0453125 0.43515625 0.0234375 0.0171875
1 0.590625 0.2734375 0.0203125 0.015625
1 0.93359375 0.9625 0.028125 0.0171875
1 0.028125 0.42890625 0.0203125 0.015625
1 0.8375 0.86171875 0.01875 0.0171875
1 0.95390625 0.9046875 0.028125 0.0265625
1 0.11015625 0.30078125 0.0203125 0.0125
1 0.91953125 0.94296875 0.028125 0.0296875
1 0.58046875 0.25234375 0.0171875 0.0140625
1 0.128125 0.5703125 0.021875 0.021875
1 0.253125 0.928125 0.021875 0.0171875
1 0.00390625 0.471875 0.0078125 0.015625
0 0.86953125 0.0265625 0.025 0.0234375
1 0.1765625 0.90703125 0.01875 0.0140625
1 0.628125 0.284375 0.0203125 0.0140625
1 0.109375 0.61171875 0.021875 0.0203125
1 0.42734375 0.30234375 0.0171875 0.0109375
1 0.00390625 0.43046875 0.0078125 0.0140625
1 0.64375 0.259375 0.0171875 0.0125
1 0.01015625 0.42890625 0.01875 0.015625
1 0.06484375 0.9828125 0.021875 0.021875
1 0.56875 0.2546875 0.0203125 0.015625
1 0.29921875 0.99765625 0.0265625 0.0046875
4 0.06484375 0.3453125 0.059375 0.0859375
1 0.878125 0.36171875 0.0203125 0.0171875
1 0.10078125 0.60546875 0.021875 0.01875
1 0.534375 0.2796875 0.021875 0.0171875
1 0.62890625 0.2734375 0.021875 0.0140625
1 0.01875 0.41640625 0.01875 0.0125
1 0.57890625 0.27265625 0.0203125 0.0125
1 0.6265625 0.259375 0.0203125 0.0140625
1 0.05546875 0.45 0.0203125 0.0125
1 0.79375 0.97578125 0.01875 0.009375