4 0.209375 0.846875 0.08125 0.0734375
1 0.57578125 0.29453125 0.0109375 0.0125
1 0.36171875 0.3609375 0.0125 0.0140625
1 0.9453125 0.4125 0.0140625 0.015625
1 0.5546875 0.309375 0.0109375 0.015625
1 0.89453125 0.409375 0.0140625 0.015625
1 0.13984375 0.3390625 0.0125 0.015625
4 0.16328125 0.3015625 0.0640625 0.0765625
1 0.1953125 0.96015625 0.028125 0.0390625
1 0.35859375 0.39140625 0.0140625 0.0171875
1 0.90625 0.40859375 0.0140625 0.015625
1 0.753125 0.5359375 0.015625 0.0203125
1 0.69453125 0.44296875 0.0140625 0.015625
1 0.075 0.4828125 0.015625 0.0203125
1 0.4015625 0.36640625 0.0109375 0.0140625
1 0.66640625 0.26484375 0.0109375 0.0109375
1 0.090625 0.5390625 0.0171875 0.0234375
1 0.0078125 0.41875 0.009375 0.0140625
1 0.7078125 0.60625 0.0171875 0.025
1 0.3984375 0.328125 0.0125 0.0140625
1 0.459375 0.59921875 0.015625 0.025
1 0.8359375 0.90390625 0.0125 0.0140625
4 0.871875 0.32109375 0.0796875 0.0953125
1 0.7078125 0.51796875 0.015625 0.0171875
1 0.33203125 0.4734375 0.015625 0.0203125
1 0.6890625 0.38203125 0.0125 0.015625
1 0.96328125 0.390625 0.0125 0.0140625
1 0.46015625 0.33515625 0.0125 0.0140625
1 0.06015625 0.39140625 0.0140625 0.0171875
1 0.36875 0.2890625 0.0109375 0.015625
1 0.66328125 0.390625 0.0125 0.015625
1 0.81171875 0.9109375 0.0140625 0.015625
1 0.70390625 0.47578125 0.015625 0.0171875
1 0.02265625 0.390625 0.015625 0.0171875
1 0.6359375 0.36328125 0.0140625 0.015625
3 0.4734375 0.4046875 0.1 0.115625
1 0.3578125 0.25234375 0.0109375 0.0125
1 0.9890625 0.44609375 0.0171875 0.01875
1 0.65625 0.36484375 0.0140625 0.015625
1 0.14765625 0.93203125 0.0234375 0.0328125
1 0.0125 0.4625 0.0171875 0.01875
1 0.0484375 0.40546875 0.0140625 0.0171875
2 0.259375 0.1953125 0.1015625 0.0578125
1 0.7203125 0.5703125 0.01875 0.021875
1 0.0578125 0.36796875 0.0140625 0.0140625
0 0.82890625 0.228125 0.0171875 0.0203125
1 0.54140625 0.40625 0.0125 0.015625
1 0.046875 0.91015625 0.01875 0.0296875
1 0.734375 0.63515625 0.0171875 0.0171875
1 0.70703125 0.50078125 0.015625 0.015625
4 0.8578125 0.4515625 0.10625 0.128125
3 0.94453125 0.4796875 0.096875 0.115625
3 0.928125 0.32890625 0.06875 0.103125
3 0.90625 0.88203125 0.0921875 0.08125
3 0.709375 0.90625 0.14375 0.134375
4 0.65390625 0.88125 0.096875 0.1046875
4 0.83984375 0.8703125 0.084375 0.0796875
0 0.6607284640625 0.8365691375000001 0.6564364625 0.8238818312499999 0.6478972656249999 0.8277156859374999 0.648159896875 0.8388524593750001 0.6607284640625 0.8365691375000001
0 0.6538997109375 0.7667701015625 0.64944459375 0.77215449375 0.6485902609374999 0.7846373625 0.66193028125 0.7837819140625 0.6588990531250001 0.7683615234375 0.6538997109375 0.7667701015625
0 0.664348409375 0.7227136671875 0.6635521203125 0.7046010796875 0.6534571390624999 0.7041922046875 0.6505916546875 0.7165933 0.664348409375 0.7227136671875
0 0.65115805 0.7206315937500001 0.6495325578125 0.7136148921875 0.6432740453125 0.7119825828125 0.6393057 0.722955803125 0.65115805 0.7206315937500001
0 0.650802265625 0.71230968125 0.6536633640625 0.7026825578125 0.646212484375 0.7010093609375 0.6423731265625 0.7092086109375 0.650802265625 0.71230968125
0 0.8226074921875 0.757489209375 0.8142451390625001 0.75854909375 0.8153489781250001 0.772500725 0.8214522734375 0.7741330328125 0.8270036484375 0.7687895296875 0.8226074921875 0.757489209375
0 0.81379879375 0.7222012609374999 0.810377521875 0.709554840625 0.8026006421874999 0.7120425984375001 0.8028762125 0.7231793703125 0.81379879375 0.7222012609374999
0 0.8219195015625 0.14545744375 0.8227738359375 0.13297457343750002 0.809433815625 0.13383002187499998 0.8105222624999999 0.14778165000000001 0.8219195015625 0.14545744375
0 0.7596426562499999 0.17559675937500002 0.7493891328125 0.1807358265625 0.747940125 0.187629865625 0.751525778125 0.1933413578125 0.7627678140625 0.188243178125 0.7596426562499999 0.17559675937500002
0 0.7806155515625 0.2156180890625 0.7677226859374999 0.21647353749999998 0.766896990625 0.22895640625000002 0.7724382234375 0.234749671875 0.781942746875 0.2254087609375 0.7806155515625 0.2156180890625
0 0.82025094375 0.1566351015625 0.818757171875 0.16491612656250002 0.8221434234375 0.17201460468750002 0.8328616203125 0.16969039531250002 0.835581353125 0.1572893015625 0.8329747125000001 0.15300568125 0.8253987781250001 0.151291596875 0.82025094375 0.1566351015625
0 0.8332202609375001 0.176666209375 0.8210056234374999 0.18172350312500002 0.82107305625 0.1956342453125 0.832919775 0.19612489375 0.8359060015625 0.180949828125 0.8332202609375001 0.176666209375
0 0.83312496875 0.16426511562499999 0.831729465625 0.17115915625 0.8360460312500001 0.1782985203125 0.8437508218750001 0.177238634375 0.8490430703125 0.169121159375 0.8443066828125 0.15361899375000002 0.8385946125 0.15337366875 0.83312496875 0.16426511562499999
0 0.8551377828125 0.20701952812500002 0.857877003125 0.19461843437499998 0.8544664890625 0.18751995625 0.8478012875 0.185846759375 0.8415616437500001 0.1925363625 0.843377771875 0.20930284999999998 0.8551377828125 0.20701952812500002
0 0.8803423296874999 0.15407194375 0.8802715234375 0.1401612015625 0.8686756078125001 0.1424854109375 0.8677098000000001 0.156355265625 0.8803423296874999 0.15407194375
0 0.880792959375 0.190256228125 0.8795013046875001 0.17907857031250002 0.8678890718750001 0.1827897640625 0.8700183890625001 0.19678228125 0.880792959375 0.190256228125
0 0.8772586171875 0.24712263281250002 0.87973651875 0.2402694796875 0.8752738250000001 0.23174313125 0.868145975 0.23284390312499997 0.8657616984375001 0.2383100703125 0.8671161015625 0.24810074375000002 0.8772586171875 0.24712263281250002
0 0.8638474437499999 0.2687010890625 0.869211346875 0.2619705984375 0.8670901843750001 0.24936506718749998 0.85825804375 0.24899707968749998 0.8539669218749999 0.25438147187500004 0.85599665 0.2683739890625 0.8638474437499999 0.2687010890625
0 0.8760727749999999 0.3221425109375 0.87680956875 0.3110466265625 0.861981878125 0.310433315625 0.8628537156249999 0.32715891406250003 0.8760727749999999 0.3221425109375
0 0.877202003125 0.39312409375 0.8760225187499999 0.38055945 0.8637418531250001 0.38145578593749996 0.86371660625 0.3967535140625 0.877202003125 0.39312409375