2 0.7625 0.215625 0.0890625 0.06328125
4 0.159375 0.3265625 0.06796875 0.08671875
1 0.159375 0.41953125 0.01015625 0.01640625
1 0.0203125 0.51640625 0.01328125 0.0203125
1 0.30625 0.421875 0.01015625 0.01640625
1 0.4703125 0.43359375 0.01015625 0.01875
1 0.121875 0.42890625 0.01015625 0.01640625
1 0.3046875 0.553125 0.0125 0.021875
1 0.27265625 0.50546875 0.01171875 0.01875
1 0.35625 0.5109375 0.0125 0.02109375
4 0.234375 0.86171875 0.06953125 0.071875
1 0.1109375 0.396875 0.009375 0.0171875
1 0.3296875 0.459375 0.01015625 0.01875
1 0.096875 0.4484375 0.0109375 0.01796875
1 0.6328125 0.3578125 0.009375 0.01640625
0 0.2328125 0.21484375 0.01015625 0.015625
1 0.0171875 0.49765625 0.01171875 0.01796875
1 0.703125 0.465625 0.0109375 0.01875
1 0.190625 0.40625 0.009375 0.01640625
1 0.1 0.50546875 0.01171875 0.01875
1 0.6109375 0.3796875 0.009375 0.015625
1 0.971875 0.421875 0.0109375 0.01640625
1 0.11640625 0.55703125 0.01171875 0.01875
1 0.4046875 0.48671875 0.0109375 0.01953125
1 0.38046875 0.421875 0.00859375 0.0171875
1 0.39375 0.371875 0.00859375 0.015625
1 0.29375 0.4984375 0.01171875 0.0203125
1 0.99140625 0.4609375 0.0125 0.01875
1 0.359375 0.39453125 0.009375 0.01640625
1 0.55546875 0.378125 0.009375 0.015625
1 0.41953125 0.37421875 0.009375 0.0171875
1 0.30859375 0.49765625 0.01171875 0.01953125
1 0.4984375 0.39765625 0.009375 0.01640625
1 0.09765625 0.46796875 0.0109375 0.0171875
1 0.44453125 0.384375 0.009375 0.01640625
1 0.03359375 0.4640625 0.01171875 0.01484375
1 0.27421875 0.4703125 0.01015625 0.01796875
1 0.3453125 0.903125 0.0109375 0.0140625
0 0.26796875 0.21953125 0.00859375 0.01484375
1 0.69453125 0.38984375 0.009375 0.01640625
1 0.54453125 0.40078125 0.009375 0.01640625
1 0.42109375 0.40546875 0.01015625 0.01484375
1 0.11015625 0.51875 0.01171875 0.0203125
1 0.1328125 0.37265625 0.009375 0.015625
1 0.0640625 0.4515625 0.0109375 0.0171875
1 0.93515625 0.33359375 0.009375 0.0140625
1 0.4375 0.425 0.01015625 0.01875
1 0.0578125 0.496875 0.01328125 0.01953125
1 0.4703125 0.37109375 0.009375 0.01484375
1 0.99296875 0.425 0.0109375 0.0171875
1 0.00703125 0.528125 0.01328125 0.01875
1 0.26171875 0.903125 0.0109375 0.01796875
1 0.5984375 0.31640625 0.0078125 0.01484375
1 0.8453125 0.30625 0.00859375 0.0140625
1 0.9078125 0.9328125 0.0125 0.02421875
1 0.2609375 0.50859375 0.01171875 0.01875
1 0.00859375 0.4328125 0.0109375 0.0171875
1 0.1546875 0.38203125 0.01015625 0.015625
1 0.053125 0.46953125 0.01171875 0.0171875
1 0.28046875 0.44140625 0.01015625 0.015625
1 0.32578125 0.4921875 0.01171875 0.01875
1 0.58515625 0.428125 0.0109375 0.0171875
1 0.65234375 0.39453125 0.009375 0.01640625
1 0.08125 0.38046875 0.009375 0.01484375
1 0.49453125 0.38203125 0.009375 0.01484375
1 0.30703125 0.89140625 0.009375 0.01484375
1 0.034375 0.484375 0.0125 0.0171875
1 0.3375 0.52890625 0.01171875 0.01796875
1 0.821875 0.3 0.00859375 0.01328125
1 0.0671875 0.4078125 0.009375 0.01640625
1 0.690625 0.528125 0.0109375 0.0203125
3 0.12890625 0.90390625 0.0703125 0.1203125
1 0.52890625 0.39140625 0.01015625 0.01484375
1 0.0953125 0.375 0.009375 0.015625
1 0.64453125 0.340625 0.00859375 0.01484375
1 0.4625 0.3859375 0.009375 0.015625
3 0.80859375 0.93125 0.16484375 0.13671875
1 0.696875 0.43515625 0.0109375 0.015625
1 0.1046875 0.340625 0.00859375 0.0140625
1 0.2953125 0.43828125 0.0109375 0.01640625
1 0.62265625 0.32109375 0.009375 0.0140625
1 0.01953125 0.4234375 0.0109375 0.0171875
1 0.31015625 0.528125 0.01171875 0.0203125
0 0.23984375 0.1609375 0.01015625 0.015625
1 0.5078125 0.328125 0.009375 0.01328125
1 0.35234375 0.34375 0.00859375 0.0140625
1 0.2359375 0.44921875 0.01015625 0.01953125
1 0.4453125 0.35703125 0.009375 0.0140625
1 0.3359375 0.5078125 0.01015625 0.01484375
1 0.12265625 0.365625 0.00859375 0.015625
1 0.52890625 0.375 0.00859375 0.01484375
1 0.6015625 0.4390625 0.01015625 0.01796875
1 0.41875 0.45 0.01015625 0.01796875
1 0.30703125 0.90390625 0.009375 0.01171875
1 0.5546875 0.33046875 0.0078125 0.01484375
0 0.22890625 0.14921875 0.009375 0.01796875
1 0.37734375 0.3890625 0.009375 0.01484375
1 0.59375 0.3359375 0.009375 0.015625
1 0.95078125 0.365625 0.009375 0.01484375
1 0.425 0.390625 0.00859375 0.015625
1 0.371875 0.30390625 0.0078125 0.01328125
1 0.49609375 0.334375 0.009375 0.01484375
1 0.2953125 0.615625 0.01171875 0.0125
1 0.2328125 0.9328125 0.015625 0.02109375
1 0.328125 0.31875 0.0078125 0.01328125
1 0.8890625 0.3328125 0.00859375 0.01484375
1 0.69921875 0.4234375 0.00859375 0.0125
1 0.81015625 0.3984375 0.01015625 0.01640625
1 0.98359375 0.39296875 0.00859375 0.0140625
1 0.5515625 0.34765625 0.009375 0.015625
1 0.0734375 0.490625 0.0109375 0.0171875
0 0.21953125 0.20625 0.00859375 0.0125
1 0.15859375 0.48203125 0.01015625 0.01640625
1 0.34765625 0.37265625 0.009375 0.01484375
1 0.92109375 0.315625 0.00859375 0.01328125
1 0.6109375 0.35390625 0.009375 0.015625
1 0.35859375 0.36640625 0.00859375 0.0140625
1 0.15625 0.2671875 0.00703125 0.01171875
1 0.9734375 0.359375 0.0109375 0.015625
1 0.68515625 0.35625 0.01015625 0.0171875
1 0.4046875 0.45 0.0109375 0.01796875
1 0.17265625 0.26171875 0.0078125 0.0125
0 0.1484375 0.1 0.0125 0.0203125
1 0.48984375 0.31953125 0.00859375 0.0140625
1 0.4546875 0.34765625 0.00859375 0.01640625
1 0.04453125 0.42109375 0.01171875 0.015625
1 0.38203125 0.35 0.009375 0.015625
1 0.81796875 0.2734375 0.01015625 0.01640625
1 0.0640625 0.34140625 0.009375 0.0140625
1 0.1875 0.375 0.01015625 0.01640625
1 0.61796875 0.353125 0.0078125 0.0140625
0 0.25546875 0.19453125 0.01171875 0.0171875
1 0.48515625 0.36640625 0.0109375 0.01640625
1 0.08359375 0.48046875 0.0109375 0.0171875
1 0.12578125 0.290625 0.009375 0.0140625
1 0.60390625 0.27578125 0.00625 0.0125
1 0.4625 0.28046875 0.00859375 0.0125
1 0.371875 0.34921875 0.01015625 0.015625
1 0.66640625 0.334375 0.00859375 0.01328125
1 0.87890625 0.28984375 0.00703125 0.0125
1 0.303125 0.38671875 0.00859375 0.015625
1 0.359375 0.29453125 0.0078125 0.0140625
1 0.36484375 0.89921875 0.0109375 0.01640625
1 0.065625 0.43671875 0.009375 0.01171875
1 0.0328125 0.4390625 0.0140625 0.01875
0 0.4015625 0.70625 0.00859375 0.01796875
1 0.02578125 0.3421875 0.00859375 0.0140625
1 0.51796875 0.25859375 0.00703125 0.0125
1 0.9359375 0.91015625 0.0109375 0.01640625
1 0.85 0.27578125 0.00859375 0.01171875
1 0.21796875 0.92578125 0.015625 0.025
1 0.08515625 0.35546875 0.01015625 0.01484375
1 0.2921875 0.4625 0.01328125 0.01796875
1 0.1078125 0.31015625 0.00859375 0.0125
0 0.22265625 0.00625 0.0109375 0.0125
1 0.9015625 0.3359375 0.00859375 0.01328125
1 0.95078125 0.33515625 0.00859375 0.0140625
1 0.915625 0.90234375 0.0109375 0.01875
1 0.34375 0.8890625 0.01015625 0.0140625
1 0.665625 0.35 0.0078125 0.0140625
1 0.66328125 0.88828125 0.009375 0.0171875
1 0.284375 0.42890625 0.00859375 0.0109375
1 0.50234375 0.3171875 0.00703125 0.0125
1 0.2671875 0.48125 0.00859375 0.01796875
4 0.78125 0.45078125 0.08828125 0.10625
1 0.05859375 0.42578125 0.01015625 0.015625
1 0.8890625 0.88125 0.00859375 0.01171875
1 0.29453125 0.3140625 0.00859375 0.0140625
1 0.22265625 0.90546875 0.009375 0.0140625
1 0.48828125 0.34609375 0.0109375 0.01171875
1 0.0140625 0.3578125 0.00859375 0.015625
1 0.07421875 0.3421875 0.01171875 0.0140625
1 0.390625 0.35390625 0.0078125 0.01328125
1 0.17734375 0.9265625 0.0140625 0.021875
1 0.34375 0.34609375 0.00859375 0.0125
1 0.096875 0.33046875 0.0078125 0.0140625
1 0.28828125 0.47578125 0.00859375 0.015625
1 0.1859375 0.646875 0.01328125 0.015625
1 0.90859375 0.32578125 0.00859375 0.01171875
1 0.428125 0.3171875 0.00859375 0.015625
1 0.04453125 0.40390625 0.0109375 0.01328125
1 0.32734375 0.3875 0.01015625 0.01328125
1 0.97890625 0.4078125 0.00703125 0.0109375
1 0.95078125 0.34921875 0.00859375 0.01171875
1 0.05703125 0.403125 0.0109375 0.01796875
1 0.2625 0.49375 0.01015625 0.01171875
1 0.31484375 0.35546875 0.009375 0.0140625
1 0.01796875 0.1078125 0.0125 0.01953125
0 0.21015625 0.01796875 0.01015625 0.01640625
1 0.90390625 0.290625 0.0078125 0.0125
4 0.57734375 0.83203125 0.06484375 0.12421875
1 0.3296875 0.34453125 0.01015625 0.0125
1 0.4390625 0.25390625 0.00703125 0.01328125
1 0.88984375 0.9125 0.0125 0.02109375
1 0.17421875 0.88984375 0.0109375 0.0171875
1 0.49609375 0.359375 0.009375 0.01796875
1 0.084375 0.3203125 0.00859375 0.0109375
1 0.05625 0.93984375 0.01484375 0.028125
1 0.14140625 0.26875 0.009375 0.01015625
1 0.20625 0.89453125 0.00859375 0.0125
1 0.6515625 0.328125 0.01015625 0.0125
1 0.43828125 0.321875 0.0109375 0.01328125
1 0.34609375 0.275 0.00703125 0.0125
1 0.3515625 0.2859375 0.00703125 0.01328125
1 0.26015625 0.4796875 0.00859375 0.01328125
1 0.8734375 0.275 0.00859375 0.015625
1 0.65546875 0.31796875 0.0078125 0.01171875
1 0.4015625 0.2609375 0.00703125 0.01171875
1 0.93359375 0.99375 0.01171875 0.01171875
1 0.896875 0.865625 0.0078125 0.01015625
0 0.4234375 0.71328125 0.01171875 0.01953125
1 0.46328125 0.26484375 0.00859375 0.01328125
1 0.39453125 0.26328125 0.00859375 0.01328125
1 0.33984375 0.35703125 0.0078125 0.01328125
1 0.059375 0.32734375 0.009375 0.0140625
1 0.37890625 0.2609375 0.00703125 0.0109375
1 0.19453125 0.884375 0.0109375 0.01953125
1 0.32109375 0.903125 0.0078125 0.0109375
1 0.08359375 0.33125 0.01015625 0.0140625
1 0.92890625 0.93125 0.01015625 0.01640625
0 0.21484375 0.04765625 0.01015625 0.015625
1 0.1 0.28828125 0.01015625 0.01328125
1 0.07109375 0.32109375 0.0109375 0.0125
1 0.37265625 0.98828125 0.0171875 0.0203125
1 0.109375 0.29296875 0.0078125 0.01484375
1 0.2328125 0.89921875 0.009375 0.01484375
1 0.0484375 0.328125 0.01015625 0.01484375
1 0.90625 0.88046875 0.0078125 0.0125
1 0.4984375 0.60234375 0.009375 0.01328125
1 0.8953125 0.2828125 0.009375 0.015625
1 0.0515625 0.9734375 0.01015625 0.01953125
1 0.6796875 0.88828125 0.0109375 0.01640625
1 0.575 0.55625 0.01328125 0.02265625
1 0.35703125 0.25859375 0.0109375 0.01328125
1 0.91640625 0.88515625 0.00859375 0.01171875
0 0.20546875 0.05234375 0.00625 0.0109375
1 0.24765625 0.89375 0.01015625 0.0140625
1 0.484375 0.89296875 0.00703125 0.01171875
1 0.5484375 0.6015625 0.00703125 0.015625
1 0.12578125 0.2671875 0.009375 0.01171875