2 0.76953125 0.21953125 0.0890625 0.06015625
4 0.7921875 0.8296875 0.046875 0.0546875
3 0.23125 0.88515625 0.13515625 0.14609375
1 0.375 0.45234375 0.01015625 0.01875
1 0.3078125 0.4703125 0.01015625 0.01875
1 0.2109375 0.56953125 0.0140625 0.0234375
1 0.16953125 0.4046875 0.00859375 0.015625
1 0.7203125 0.4546875 0.01015625 0.01796875
1 0.5359375 0.40703125 0.01015625 0.01640625
3 0.7390625 0.83203125 0.06484375 0.05625
1 0.96953125 0.4046875 0.01015625 0.01640625
1 0.84375 0.40546875 0.009375 0.015625
1 0.15078125 0.42578125 0.01015625 0.01640625
0 0.221875 0.1765625 0.01171875 0.01796875
1 0.4546875 0.89375 0.01171875 0.021875
1 0.32265625 0.85625 0.00859375 0.015625
1 0.54453125 0.55 0.0125 0.021875
1 0.66796875 0.46875 0.01015625 0.01953125
1 0.30625 0.40390625 0.01015625 0.01640625
1 0.403125 0.8953125 0.0125 0.01953125
1 0.67109375 0.503125 0.0125 0.01875
0 0.2359375 0.1796875 0.01171875 0.0171875
0 0.046875 0.18046875 0.01328125 0.02109375
1 0.64296875 0.86796875 0.01015625 0.01796875
1 0.1078125 0.51171875 0.0125 0.02109375
1 0.64296875 0.3796875 0.009375 0.015625
0 0.059375 0.16640625 0.0125 0.02109375
1 0.52109375 0.39140625 0.00859375 0.01484375
1 0.771875 0.85390625 0.009375 0.01484375
1 0.1140625 0.44453125 0.009375 0.01640625
4 0.18125 0.3203125 0.03359375 0.05859375
1 0.78125 0.934375 0.01796875 0.03046875
0 0.06796875 0.140625 0.01328125 0.02109375
1 0.6953125 0.4390625 0.01015625 0.01796875
2 0.24609375 0.22578125 0.09140625 0.05078125
1 0.5375 0.8859375 0.0109375 0.02109375
1 0.5359375 0.36953125 0.01015625 0.0140625
1 0.55390625 0.4078125 0.009375 0.0171875
1 0.0796875 0.41796875 0.009375 0.015625
0 0.0484375 0.2234375 0.01328125 0.02265625
1 0.37890625 0.8734375 0.009375 0.01875
1 0.33046875 0.46640625 0.009375 0.0171875
1 0.1171875 0.39765625 0.00859375 0.01640625
1 0.57265625 0.89375 0.0125 0.02109375
1 0.696875 0.86953125 0.009375 0.015625
1 0.06171875 0.4359375 0.01015625 0.0171875
1 0.128125 0.42421875 0.009375 0.0171875
1 0.6140625 0.3734375 0.00859375 0.01640625
1 0.6640625 0.384375 0.009375 0.01640625
1 0.18984375 0.45546875 0.00859375 0.01640625
1 0.48671875 0.353125 0.00859375 0.0140625
1 0.6703125 0.5234375 0.0125 0.021875
1 0.00703125 0.56796875 0.0125 0.01953125
1 0.3421875 0.47265625 0.0109375 0.01953125
1 0.1171875 0.41875 0.00859375 0.01484375
1 0.359375 0.3671875 0.009375 0.01484375
1 0.3765625 0.40859375 0.01171875 0.01796875
1 0.546875 0.35546875 0.00859375 0.01484375
1 0.39296875 0.37421875 0.01015625 0.01640625
1 0.81484375 0.6265625 0.0125 0.01953125
1 0.1234375 0.8796875 0.009375 0.0171875
1 0.85703125 0.92109375 0.015625 0.02578125
1 0.665625 0.34296875 0.01015625 0.01640625
1 0.4046875 0.878125 0.009375 0.01328125
1 0.409375 0.40390625 0.00859375 0.01328125
0 0.040625 0.15 0.01328125 0.021875
1 0.07109375 0.4296875 0.01015625 0.01640625
1 0.5640625 0.3921875 0.00859375 0.0140625
1 0.490625 0.4609375 0.009375 0.01484375
0 0.075 0.11640625 0.01328125 0.021875
1 0.6859375 0.50078125 0.01171875 0.0203125
0 0.2625 0.18671875 0.01015625 0.01640625
1 0.33984375 0.45625 0.009375 0.01484375
1 0.06796875 0.45625 0.009375 0.015625
1 0.96875 0.37890625 0.009375 0.01484375
1 0.8421875 0.9015625 0.0140625 0.021875
1 0.85625 0.3328125 0.00859375 0.0140625
1 0.3828125 0.39140625 0.0109375 0.01640625
1 0.9890625 0.41171875 0.01171875 0.01953125
3 0.41953125 0.48203125 0.07265625 0.1234375
1 0.8265625 0.3546875 0.009375 0.0140625
1 0.1625 0.903125 0.0109375 0.02109375
1 0.29375 0.3390625 0.00859375 0.0140625
0 0.2328125 0.16484375 0.01171875 0.0171875
3 0.025 0.45 0.05 0.09453125
1 0.54453125 0.38671875 0.01015625 0.01640625
1 0.90625 0.34609375 0.01015625 0.01484375
1 0.33203125 0.3328125 0.009375 0.0140625
0 0.11640625 0.0234375 0.01328125 0.021875
1 0.478125 0.33203125 0.00859375 0.01328125
1 0.353125 0.415625 0.009375 0.0171875
0 0.034375 0.24453125 0.01484375 0.02421875
1 0.78359375 0.503125 0.01328125 0.021875
1 0.9328125 0.34375 0.009375 0.0140625
1 0.315625 0.3484375 0.009375 0.01484375
1 0.365625 0.39765625 0.009375 0.01484375
1 0.56875 0.37890625 0.0078125 0.0109375
1 0.39140625 0.3515625 0.009375 0.015625
1 0.50390625 0.3765625 0.0078125 0.01484375
1 0.265625 0.646875 0.0125 0.015625
1 0.878125 0.89921875 0.01328125 0.02109375
1 0.10234375 0.3765625 0.009375 0.01328125
1 0.84765625 0.8828125 0.0109375 0.01484375
1 0.66328125 0.86015625 0.01015625 0.0171875
0 0.15 0.02109375 0.0125 0.01875
1 0.328125 0.37109375 0.0078125 0.0140625
0 0.19453125 0.78203125 0.00859375 0.0140625
1 0.3796875 0.33828125 0.0078125 0.01328125
1 0.11015625 0.5375 0.009375 0.015625
1 0.775 0.90859375 0.0125 0.01953125
1 0.7375 0.853125 0.00859375 0.01328125
1 0.33984375 0.4 0.0109375 0.01875
1 0.87734375 0.346875 0.01015625 0.01484375
0 0.16484375 0.046875 0.0125 0.02109375
1 0.65 0.33359375 0.009375 0.01328125
0 0.1359375 0.03515625 0.0140625 0.0203125
1 0.05234375 0.3828125 0.00859375 0.0140625
1 0.14453125 0.33203125 0.00703125 0.01171875
1 0.09765625 0.39375 0.0109375 0.01640625
1 0.69921875 0.8515625 0.0078125 0.01171875
1 0.8390625 0.315625 0.0078125 0.01328125
1 0.51953125 0.8578125 0.01015625 0.01796875
4 0.7796875 0.45703125 0.09765625 0.11953125
1 0.05859375 0.45703125 0.01015625 0.01640625
1 0.371875 0.37578125 0.00859375 0.01484375
1 0.95078125 0.37734375 0.00859375 0.01484375
1 0.1171875 0.86015625 0.00859375 0.0140625
0 0.18984375 0.0984375 0.0109375 0.01875
1 0.57265625 0.328125 0.01015625 0.01328125
0 0.06015625 0.13046875 0.0109375 0.0171875
0 0.2703125 0.18984375 0.0078125 0.015625
1 0.9453125 0.35 0.0109375 0.0140625
1 0.828125 0.3 0.0078125 0.0125
1 0.003125 0.58359375 0.00625 0.01171875
1 0.87421875 0.334375 0.009375 0.0125
1 0.521875 0.30078125 0.009375 0.01171875
1 0.159375 0.86953125 0.0078125 0.0140625
1 0.36640625 0.30078125 0.0078125 0.01171875
1 0.3796875 0.3140625 0.00703125 0.0125
1 0.840625 0.85703125 0.0078125 0.0140625
1 0.9234375 0.9265625 0.01328125 0.021875
1 0.0703125 0.3765625 0.0109375 0.01328125
1 0.14296875 0.3 0.00859375 0.0140625
1 0.30859375 0.29453125 0.009375 0.01484375
1 0.315625 0.3234375 0.009375 0.01328125
1 0.996875 0.37734375 0.00625 0.01484375
1 0.12578125 0.346875 0.009375 0.0140625
1 0.11015625 0.33828125 0.009375 0.01328125
1 0.6796875 0.83046875 0.00625 0.0109375
1 0.79375 0.49140625 0.0125 0.02109375
1 0.390625 0.4 0.00703125 0.0125
1 0.953125 0.98828125 0.01796875 0.0234375
1 0.91015625 0.9015625 0.0109375 0.01875
1 0.60859375 0.29765625 0.00859375 0.0140625
1 0.56875 0.8328125 0.00859375 0.01171875
1 0.25703125 0.9890625 0.02265625 0.01953125
1 0.1203125 0.33515625 0.00859375 0.0140625
1 0.13125 0.84921875 0.009375 0.0125
1 0.46015625 0.84921875 0.01015625 0.0140625
1 0.9421875 0.93203125 0.01484375 0.021875
1 0.896875 0.33515625 0.0109375 0.01796875
1 0.16015625 0.840625 0.00625 0.01015625
1 0.890625 0.88828125 0.01171875 0.01796875
1 0.85234375 0.25234375 0.00703125 0.0125
1 0.1328125 0.33515625 0.00859375 0.0125
1 0.30703125 0.3078125 0.0078125 0.01328125
1 0.86015625 0.89375 0.0125 0.015625
1 0.9859375 0.375 0.01015625 0.0171875
1 0.88046875 0.87265625 0.01015625 0.0140625
1 0.19140625 0.6484375 0.00703125 0.01015625
0 0.09921875 0.05625 0.0109375 0.015625
1 0.08203125 0.4 0.00859375 0.01171875
1 0.85078125 0.85625 0.00859375 0.01328125
1 0.415625 0.81015625 0.00625 0.0109375
1 0.6640625 0.32890625 0.009375 0.0109375
1 0.11484375 0.84609375 0.0078125 0.0109375
1 0.5140625 0.54375 0.00625 0.0109375
1 0.39296875 0.478125 0.0109375 0.0125
1 0.44140625 0.83984375 0.00625 0.01015625
1 0.940625 0.9078125 0.0125 0.015625