4 0.84765625 0.3359375 0.0625 0.08984375
3 0.11953125 0.46484375 0.07578125 0.10703125
3 0.17734375 0.32421875 0.0453125 0.065625
3 0.36640625 0.8625 0.07578125 0.0921875
3 0.19765625 0.85703125 0.0796875 0.084375
3 0.07578125 0.39140625 0.08359375 0.1109375
1 0.69765625 0.4953125 0.0109375 0.01953125
1 0.45703125 0.42421875 0.01015625 0.01796875
0 0.90703125 0.20234375 0.01640625 0.0296875
1 0.621875 0.36875 0.00859375 0.01484375
1 0.3015625 0.4953125 0.0125 0.01953125
1 0.60234375 0.56171875 0.0125 0.021875
0 0.23359375 0.18046875 0.01015625 0.0171875
0 0.159375 0.1546875 0.0125 0.02109375
1 0.67734375 0.50078125 0.0125 0.0203125
0 0.209375 0.18046875 0.01015625 0.01796875
1 0.57265625 0.40234375 0.01015625 0.01640625
1 0.5640625 0.53828125 0.0125 0.02109375
0 0.14375 0.25546875 0.0125 0.01953125
0 0.8125 0.1453125 0.0109375 0.01796875
1 0.35859375 0.5015625 0.01171875 0.0203125
1 0.275 0.89140625 0.01171875 0.0203125
0 0.1765625 0.1546875 0.0140625 0.02109375
1 0.45390625 0.459375 0.01015625 0.01875
1 0.7265625 0.4421875 0.01171875 0.01796875
4 0.953125 0.4703125 0.07109375 0.08359375
0 0.81953125 0.1234375 0.01171875 0.01875
1 0.72578125 0.4671875 0.01015625 0.01796875
1 0.38671875 0.41953125 0.01015625 0.01640625
0 0.85078125 0.15390625 0.01484375 0.02109375
0 0.92421875 0.259375 0.0125 0.01953125
1 0.59375 0.36953125 0.0078125 0.01484375
0 0.82265625 0.1609375 0.01171875 0.01796875
1 0.49375 0.38984375 0.00859375 0.015625
0 0.6671875 0.78203125 0.0140625 0.0265625
0 0.94765625 0.3703125 0.01171875 0.01875
0 0.88671875 0.153125 0.0125 0.021875
1 0.61953125 0.34453125 0.009375 0.01484375
1 0.62578125 0.5390625 0.0125 0.02109375
1 0.4484375 0.40390625 0.009375 0.01640625
1 0.64609375 0.39609375 0.01015625 0.01640625
1 0.35234375 0.446875 0.0109375 0.01796875
0 0.23828125 0.19765625 0.01015625 0.0171875
1 0.30078125 0.8859375 0.01171875 0.0203125
1 0.28046875 0.49375 0.0109375 0.01875
0 0.82421875 0.184375 0.0125 0.01875
1 0.12109375 0.87109375 0.00859375 0.01484375
1 0.35703125 0.43046875 0.01015625 0.01640625
0 0.15390625 0.1296875 0.0125 0.02109375
1 0.40859375 0.40625 0.009375 0.01484375
0 0.83203125 0.053125 0.009375 0.015625
1 0.89765625 0.8859375 0.01015625 0.0203125
0 0.784375 0.1875 0.0109375 0.01875
0 0.146875 0.20859375 0.0171875 0.021875
0 0.803125 0.12890625 0.01328125 0.01875
1 0.6 0.46796875 0.0109375 0.01796875
0 0.1296875 0.37578125 0.0109375 0.01875
0 0.26171875 0.22265625 0.01015625 0.01484375
1 0.50390625 0.37265625 0.00859375 0.015625
1 0.33671875 0.44296875 0.0109375 0.0171875
1 0.2640625 0.50390625 0.0109375 0.0203125
0 0.8109375 0.18046875 0.01171875 0.01953125
1 0.66171875 0.35546875 0.01015625 0.01484375
1 0.634375 0.34375 0.00859375 0.0140625
0 0.76875 0.21640625 0.00859375 0.01171875
1 0.359375 0.40390625 0.01015625 0.01640625
0 0.6765625 0.70859375 0.01484375 0.02578125
0 0.87421875 0.11015625 0.0140625 0.021875
0 0.7828125 0.1515625 0.0109375 0.01875
0 0.93203125 0.28515625 0.0125 0.01953125
0 0.77265625 0.7328125 0.009375 0.0171875
0 0.896875 0.15546875 0.01171875 0.021875
0 0.84140625 0.11640625 0.01015625 0.01796875
0 0.64453125 0.7546875 0.0140625 0.025
0 0.8890625 0.00859375 0.0125 0.01640625
1 0.471875 0.371875 0.01015625 0.01484375
1 0.64921875 0.38203125 0.009375 0.0125
1 0.39375 0.35546875 0.0078125 0.01484375
1 0.3984375 0.41796875 0.01015625 0.01484375
1 0.46171875 0.38671875 0.009375 0.01796875
1 0.67265625 0.3375 0.009375 0.0171875
1 0.6609375 0.38203125 0.009375 0.0125
0 0.75546875 0.16953125 0.01015625 0.0171875
0 0.840625 0.0078125 0.0109375 0.015625
1 0.48671875 0.32578125 0.00859375 0.01328125
0 0.66484375 0.728125 0.01484375 0.021875
1 0.328125 0.4546875 0.01015625 0.015625
1 0.715625 0.46875 0.0109375 0.01796875
1 0.34609375 0.3046875 0.00859375 0.01328125
0 0.85078125 0.059375 0.01171875 0.01796875
0 0.83828125 0.18359375 0.0109375 0.01796875
1 0.9078125 0.3046875 0.0078125 0.01328125
2 0.77109375 0.221875 0.0875 0.05859375
0 0.22734375 0.16171875 0.0109375 0.01796875
0 0.79609375 0.1734375 0.01171875 0.02109375
0 0.1375 0.2328125 0.01171875 0.0203125
1 0.91640625 0.33203125 0.0078125 0.01328125
1 0.31875 0.46640625 0.01015625 0.01640625
1 0.58984375 0.5609375 0.0125 0.021875
0 0.92734375 0.2328125 0.0125 0.01953125
0 0.221875 0.12890625 0.0109375 0.0140625
0 0.26640625 0.19140625 0.00859375 0.0140625
1 0.33046875 0.33984375 0.0078125 0.0140625
1 0.4875 0.34296875 0.009375 0.0140625
0 0.16953125 0.11328125 0.0125 0.01796875
0 0.8578125 0.22890625 0.01015625 0.01640625
0 0.3578125 0.77265625 0.0125 0.02421875
1 0.43359375 0.35703125 0.0078125 0.0140625
4 0.7953125 0.83046875 0.0640625 0.090625
1 0.6609375 0.3953125 0.00859375 0.01328125
1 0.60703125 0.29921875 0.0078125 0.0125
0 0.8265625 0.14140625 0.0125 0.01640625
0 0.8171875 0.0171875 0.01015625 0.0140625
1 0.66484375 0.43203125 0.0109375 0.01875
0 0.94921875 0.4015625 0.0125 0.01875
0 0.1875 0.11328125 0.0109375 0.01875
0 0.9484375 0.3421875 0.0109375 0.01796875
1 0.125 0.409375 0.01015625 0.0171875
1 0.44453125 0.35078125 0.00703125 0.01328125
1 0.65390625 0.415625 0.01015625 0.0171875
0 0.81015625 0.03359375 0.01171875 0.01953125
1 0.65390625 0.325 0.00625 0.01171875
0 0.128125 0.30859375 0.009375 0.01875
1 0.31640625 0.44296875 0.0109375 0.0171875
1 0.37578125 0.396875 0.0109375 0.0171875
0 0.84609375 0.02734375 0.01171875 0.0234375
1 0.5078125 0.32578125 0.0078125 0.01328125
0 0.17578125 0.203125 0.01015625 0.01484375
0 0.8515625 0.10234375 0.01640625 0.02265625
1 0.90078125 0.8546875 0.00703125 0.01328125
0 0.2203125 0.1453125 0.01484375 0.01640625
1 0.64375 0.303125 0.00703125 0.01171875
1 0.40390625 0.3390625 0.00703125 0.0125
0 0.271875 0.2234375 0.00859375 0.01484375
1 0.42890625 0.3015625 0.00703125 0.01171875
0 0.18671875 0.13203125 0.01171875 0.0171875
1 0.2953125 0.4328125 0.01015625 0.01640625
1 0.37890625 0.33828125 0.00859375 0.0140625
1 0.59375 0.2984375 0.0078125 0.0125
1 0.6765625 0.43984375 0.0109375 0.01640625
1 0.38671875 0.3921875 0.009375 0.01484375
1 0.384375 0.31171875 0.0078125 0.0125
1 0.43671875 0.39609375 0.009375 0.0109375
1 0.4515625 0.303125 0.0078125 0.01171875
1 0.66171875 0.33515625 0.01015625 0.01640625
0 0.678125 0.7796875 0.009375 0.0171875
1 0.4046875 0.3265625 0.00625 0.0109375
1 0.375 0.3 0.009375 0.0125
0 0.1734375 0.2640625 0.00859375 0.01484375
1 0.50078125 0.3515625 0.009375 0.01484375
1 0.48515625 0.3140625 0.0078125 0.0125
1 0.3625 0.36171875 0.009375 0.0171875
1 0.3796875 0.378125 0.009375 0.015625
1 0.40078125 0.3953125 0.009375 0.0125
0 0.803125 0.21640625 0.01015625 0.01875
1 0.43203125 0.41640625 0.0109375 0.015625
0 0.1890625 0.7796875 0.0078125 0.01171875
0 0.75546875 0.23046875 0.01328125 0.02109375
1 0.6734375 0.38125 0.01015625 0.01171875
0 0.17578125 0.7828125 0.009375 0.0140625
0 0.765625 0.24609375 0.0078125 0.0109375
1 0.92421875 0.84609375 0.00859375 0.0125
1 0.5359375 0.84921875 0.009375 0.01171875
1 0.1734375 0.29296875 0.00859375 0.01171875
2 0.24609375 0.228125 0.09375 0.04453125
0 0.234375 0.15625 0.009375 0.01640625
1 0.34921875 0.38671875 0.01171875 0.01484375
0 0.83203125 0.01875 0.00859375 0.01640625
1 0.346875 0.421875 0.01171875 0.01796875
1 0.29921875 0.478125 0.01171875 0.015625
0 0.95234375 0.42265625 0.0125 0.0171875
0 0.8140625 0.00625 0.0109375 0.01171875
1 0.00390625 0.590625 0.00625 0.01015625
1 0.44375 0.43984375 0.00703125 0.01171875
1 0.6609375 0.41171875 0.00859375 0.0125
1 0.28828125 0.47890625 0.0109375 0.01796875
1 0.3359375 0.29921875 0.009375 0.01171875
1 0.671875 0.39375 0.0109375 0.01640625
0 0.83984375 0.14921875 0.01015625 0.01796875
1 0.68828125 0.4421875 0.01171875 0.0171875
0 0.825 0.09765625 0.01171875 0.01953125
1 0.02890625 0.3890625 0.00859375 0.0171875
1 0.32734375 0.353125 0.0078125 0.0125
0 0.94140625 0.325 0.01171875 0.01875
0 0.78515625 0.77578125 0.009375 0.01484375
1 0.11875 0.3078125 0.00859375 0.01640625
1 0.1015625 0.85390625 0.0109375 0.015625
1 0.28671875 0.4515625 0.0109375 0.01328125
0 0.78515625 0.80546875 0.0125 0.01796875
0 0.85 0.26484375 0.009375 0.01640625
1 0.7046875 0.44609375 0.0125 0.01875
1 0.2859375 0.65 0.009375 0.01015625
1 0.33203125 0.37109375 0.009375 0.01484375
0 0.79609375 0.2328125 0.009375 0.01328125