2 0.75546875 0.20703125 0.09375 0.0625
3 0.7453125 0.834375 0.084375 0.0828125
4 0.62421875 0.83515625 0.09375 0.1078125
4 0.31875 0.465625 0.096875 0.115625
1 0.11015625 0.48671875 0.0171875 0.01875
1 0.0171875 0.50625 0.0171875 0.0171875
1 0.11953125 0.465625 0.015625 0.01875
1 0.08125 0.590625 0.01875 0.021875
1 0.69140625 0.3921875 0.015625 0.015625
2 0.234375 0.2390625 0.1015625 0.0546875
1 0.1625 0.41953125 0.0140625 0.015625
1 0.0640625 0.48046875 0.015625 0.01875
1 0.07890625 0.55390625 0.0171875 0.021875
1 0.490625 0.40625 0.015625 0.015625
1 0.4515625 0.39453125 0.0125 0.0140625
1 0.8515625 0.86171875 0.0171875 0.01875
3 0.25390625 0.84140625 0.0578125 0.0515625
1 0.6265625 0.49140625 0.0171875 0.0203125
1 0.059375 0.521875 0.0171875 0.01875
1 0.57421875 0.36796875 0.0140625 0.015625
1 0.52890625 0.45703125 0.015625 0.0171875
1 0.521875 0.584375 0.0171875 0.0234375
1 0.3390625 0.38671875 0.0140625 0.0140625
1 0.3390625 0.4046875 0.0140625 0.0140625
1 0.05 0.50546875 0.0171875 0.01875
1 0.37421875 0.4078125 0.015625 0.0171875
1 0.93515625 0.375 0.015625 0.0171875
1 0.5921875 0.41953125 0.015625 0.0171875
1 0.3625 0.58671875 0.01875 0.0203125
1 0.54921875 0.4328125 0.015625 0.01875
1 0.38203125 0.578125 0.0171875 0.01875
1 0.10234375 0.5578125 0.01875 0.0234375
1 0.5015625 0.90078125 0.0171875 0.0171875
1 0.5328125 0.54296875 0.0171875 0.01875
1 0.15546875 0.6453125 0.01875 0.021875
1 0.13984375 0.584375 0.01875 0.0234375
1 0.109375 0.4046875 0.0140625 0.015625
1 0.1734375 0.40078125 0.0125 0.015625
1 0.10078125 0.44609375 0.015625 0.0171875
1 0.978125 0.35859375 0.0171875 0.015625
1 0.7 0.3421875 0.015625 0.015625
1 0.55234375 0.39921875 0.015625 0.015625
1 0.54140625 0.40625 0.0171875 0.0171875
1 0.5140625 0.43671875 0.015625 0.01875
1 0.45078125 0.34296875 0.0125 0.0140625
1 0.32109375 0.40703125 0.015625 0.015625
1 0.34609375 0.359375 0.0125 0.0140625
1 0.45859375 0.37578125 0.0140625 0.015625
1 0.05234375 0.53828125 0.0171875 0.01875
1 0.65546875 0.3828125 0.015625 0.015625
1 0.59140625 0.38828125 0.0140625 0.015625
1 0.1140625 0.37265625 0.0140625 0.0140625
1 0.4859375 0.39140625 0.015625 0.015625
1 0.946875 0.35 0.0140625 0.0140625
1 0.28984375 0.55 0.0171875 0.021875
1 0.61015625 0.41796875 0.0171875 0.0203125
1 0.384375 0.59609375 0.015625 0.0140625
1 0.575 0.384375 0.015625 0.015625
1 0.5671875 0.85078125 0.0140625 0.015625
1 0.36796875 0.3609375 0.015625 0.0140625
1 0.5296875 0.6328125 0.01875 0.021875
1 0.26484375 0.5203125 0.0171875 0.0203125
1 0.51796875 0.4 0.0171875 0.0171875
1 0.04453125 0.44140625 0.01875 0.01875
1 0.84296875 0.28203125 0.0125 0.0140625
0 0.003125 0.08125 0.00625 0.01875
1 0.6875 0.34140625 0.0140625 0.0140625
1 0.0953125 0.40390625 0.015625 0.015625
1 0.4765625 0.3609375 0.0140625 0.015625
1 0.82265625 0.4609375 0.015625 0.0140625
1 0.7796875 0.4203125 0.015625 0.0171875
1 0.8296875 0.82890625 0.0140625 0.0125
1 0.8140625 0.8328125 0.0125 0.0125
1 0.32265625 0.365625 0.0125 0.0140625
3 0.85234375 0.35703125 0.071875 0.0828125
1 0.090625 0.44453125 0.015625 0.0171875
1 0.70703125 0.31796875 0.0171875 0.0171875
1 0.63203125 0.33515625 0.0140625 0.0140625
1 0.684375 0.84921875 0.015625 0.015625
1 0.5890625 0.29921875 0.0140625 0.0125
1 0.36875 0.3453125 0.0140625 0.0140625
1 0.7953125 0.83046875 0.0125 0.0125
1 0.64140625 0.34140625 0.0140625 0.0140625
1 0.97578125 0.91875 0.021875 0.0265625
1 0.10234375 0.34921875 0.0125 0.0125
1 0.16875 0.34296875 0.0125 0.0125
1 0.60234375 0.38203125 0.015625 0.015625
1 0.37109375 0.38203125 0.0140625 0.015625
1 0.3859375 0.33125 0.0140625 0.0140625
1 0.70234375 0.84453125 0.0140625 0.0140625
1 0.9234375 0.3203125 0.0140625 0.0140625
1 0.93984375 0.32265625 0.0140625 0.015625
1 0.078125 0.425 0.015625 0.0203125
1 0.984375 0.375 0.01875 0.01875
1 0.4984375 0.35078125 0.0125 0.0125
1 0.1984375 0.60625 0.015625 0.0109375
1 0.50625 0.33046875 0.0125 0.0140625
1 0.07109375 0.4453125 0.0171875 0.015625
1 0.50625 0.359375 0.0140625 0.0171875
1 0.62265625 0.38203125 0.015625 0.0171875
1 0.86953125 0.28125 0.0125 0.0125
1 0.9 0.86875 0.0171875 0.0203125
1 0.334375 0.30859375 0.0140625 0.0140625
1 0.54921875 0.29296875 0.0125 0.0125
1 0.13203125 0.34140625 0.015625 0.0140625
1 0.87265625 0.30625 0.0125 0.0109375
1 0.0578125 0.4125 0.015625 0.015625
1 0.5421875 0.38984375 0.015625 0.0140625
1 0.9234375 0.87109375 0.0203125 0.0203125
1 0.459375 0.2984375 0.0125 0.0125
1 0.21015625 0.86171875 0.0125 0.0109375
1 0.96015625 0.87578125 0.0171875 0.021875
1 0.3953125 0.4 0.0140625 0.0125
1 0.16328125 0.32578125 0.0140625 0.0171875
0 0.08359375 0.05390625 0.01875 0.0234375
1 0.39921875 0.59609375 0.0140625 0.0125
1 0.8984375 0.83203125 0.0125 0.0109375
1 0.55625 0.37265625 0.0171875 0.015625
1 0.6140625 0.3796875 0.0140625 0.015625
1 0.9203125 0.96875 0.0171875 0.01875
1 0.646875 0.3765625 0.015625 0.0140625
1 0.4078125 0.353125 0.0140625 0.015625
1 0.06015625 0.44765625 0.015625 0.015625
1 0.8296875 0.9640625 0.0296875 0.0390625
1 0.33125 0.3578125 0.0140625 0.0125
1 0.9484375 0.88359375 0.0203125 0.021875
1 0.6359375 0.3765625 0.015625 0.01875
1 0.88046875 0.28359375 0.0140625 0.0140625
1 0.11171875 0.33671875 0.0140625 0.0140625
1 0.9890625 0.3546875 0.0125 0.015625
0 0.26015625 0.753125 0.0140625 0.0125
1 0.0765625 0.9515625 0.0234375 0.0328125
1 0.890625 0.29765625 0.0140625 0.0140625
1 0.0859375 0.35859375 0.0125 0.0125
1 0.0203125 0.425 0.0140625 0.015625
1 0.28984375 0.4484375 0.0125 0.0109375
1 0.9109375 0.86796875 0.01875 0.0234375
1 0.203125 0.85625 0.015625 0.0109375
1 0.065625 0.38828125 0.0140625 0.0140625
1 0.55390625 0.80390625 0.0125 0.0125
0 0.25625 0.19609375 0.0125 0.0125
0 0.26796875 0.728125 0.0125 0.0140625
1 0.90703125 0.85078125 0.0140625 0.015625
1 0.0859375 0.3875 0.0140625 0.0140625
1 0.28671875 0.4671875 0.0140625 0.015625
1 0.9734375 0.34296875 0.015625 0.015625
1 0.51875 0.33125 0.0171875 0.0140625
1 0.921875 0.3046875 0.0171875 0.0171875