2 0.23984375 0.21015625 0.11875 0.0703125
1 0.35234375 0.509375 0.0390625 0.025
3 0.73359375 0.55703125 0.1515625 0.1625
1 0.3515625 0.4921875 0.0375 0.021875
1 0.68125 0.40390625 0.0359375 0.0234375
1 0.39921875 0.5734375 0.040625 0.03125
1 0.353125 0.578125 0.040625 0.028125
1 0.715625 0.4640625 0.0375 0.025
1 0.5265625 0.890625 0.0390625 0.0296875
1 0.13515625 0.37890625 0.0359375 0.021875
1 0.97890625 0.46328125 0.0375 0.025
2 0.76015625 0.234375 0.121875 0.059375
1 0.4046875 0.5390625 0.040625 0.0296875
1 0.46015625 0.56640625 0.040625 0.0296875
1 0.409375 0.453125 0.0375 0.0265625
1 0.94296875 0.46171875 0.0375 0.0234375
1 0.6078125 0.90234375 0.040625 0.028125
1 0.3921875 0.88046875 0.0390625 0.0296875
1 0.3734375 0.5125 0.0390625 0.028125
1 0.15625 0.8671875 0.0375 0.0234375
1 0.82421875 0.39453125 0.0359375 0.021875
1 0.9578125 0.47734375 0.040625 0.025
1 0.4375 0.39765625 0.0359375 0.0234375
3 0.55703125 0.84140625 0.09375 0.134375
1 0.24765625 0.496875 0.0375 0.0265625
1 0.353125 0.45625 0.0375 0.0265625
1 0.35390625 0.5328125 0.040625 0.0265625
1 0.87734375 0.409375 0.0359375 0.0234375
1 0.78046875 0.8796875 0.0359375 0.021875
3 0.16328125 0.2953125 0.075 0.0640625
4 0.5921875 0.33515625 0.1171875 0.10625
1 0.928125 0.946875 0.0453125 0.0390625
1 0.81953125 0.90703125 0.0390625 0.028125
1 0.6546875 0.871875 0.0390625 0.0234375
1 0.546875 0.325 0.034375 0.0203125
1 0.471875 0.378125 0.0359375 0.021875
1 0.29453125 0.4125 0.0359375 0.021875
1 0.51796875 0.375 0.0359375 0.0203125
1 0.64609375 0.47265625 0.0375 0.025
1 0.6640625 0.525 0.0390625 0.0265625
1 0.06953125 0.35546875 0.0375 0.021875
1 0.7046875 0.46171875 0.0375 0.0234375
3 0.1578125 0.82265625 0.0765625 0.059375
1 0.46875 0.54765625 0.0390625 0.025
1 0.88203125 0.36328125 0.0359375 0.0203125
1 0.28828125 0.8453125 0.034375 0.0203125
1 0.9828125 0.40234375 0.034375 0.0203125
1 0.51640625 0.39140625 0.0375 0.021875
1 0.98046875 0.4234375 0.0375 0.021875
1 0.33203125 0.334375 0.0359375 0.0203125
1 0.665625 0.4625 0.0375 0.0234375
1 0.6328125 0.38359375 0.034375 0.021875
1 0.61796875 0.403125 0.0359375 0.021875
1 0.69453125 0.4609375 0.0375 0.0234375
1 0.3265625 0.3671875 0.0359375 0.0234375
1 0.32265625 0.853125 0.0359375 0.0234375
1 0.67734375 0.88046875 0.0359375 0.0234375
1 0.3109375 0.36796875 0.0359375 0.021875
1 0.69765625 0.8765625 0.0359375 0.0234375
1 0.37890625 0.31875 0.034375 0.0203125
1 0.64609375 0.3796875 0.0359375 0.021875
1 0.909375 0.5234375 0.0390625 0.0265625
1 0.28984375 0.4296875 0.0375 0.0234375
1 0.7734375 0.90234375 0.0390625 0.0265625
1 0.4921875 0.3296875 0.034375 0.0203125
1 0.13671875 0.890625 0.040625 0.0296875
1 0.365625 0.3375 0.0359375 0.021875
1 0.934375 0.3640625 0.0359375 0.0203125
1 0.7890625 0.8984375 0.0390625 0.028125
1 0.74375 0.86796875 0.034375 0.0203125
1 0.67421875 0.50078125 0.0390625 0.025
1 0.4359375 0.29921875 0.034375 0.01875
1 0.78828125 0.56875 0.034375 0.021875
1 0.70703125 0.446875 0.0390625 0.021875
1 0.8171875 0.31875 0.0328125 0.01875
1 0.39921875 0.29921875 0.034375 0.01875
1 0.6125 0.39296875 0.034375 0.0203125
1 0.34453125 0.31875 0.0375 0.0203125
1 0.67578125 0.47578125 0.0375 0.0234375
1 0.08125 0.34375 0.0359375 0.0203125
1 0.5265625 0.32578125 0.034375 0.021875
1 0.225 0.86171875 0.0375 0.021875
1 0.47578125 0.3078125 0.034375 0.01875
1 0.6625 0.3390625 0.034375 0.01875
1 0.08984375 0.32734375 0.0359375 0.0203125
1 0.6609375 0.353125 0.034375 0.0203125
1 0.8921875 0.346875 0.0359375 0.01875
1 0.359375 0.315625 0.0359375 0.0203125
1 0.6484375 0.540625 0.0375 0.0265625
1 0.2421875 0.590625 0.0375 0.0171875
1 0.6640625 0.49765625 0.0375 0.0265625
1 0.159375 0.321875 0.0359375 0.01875
1 0.021875 0.565625 0.0375 0.025
1 0.240625 0.6046875 0.0375 0.0203125
1 0.70859375 0.85859375 0.034375 0.0203125
4 0.79921875 0.4515625 0.125 0.1
0 0.06640625 0.771875 0.0359375 0.0234375
1 0.4921875 0.30859375 0.034375 0.01875
1 0.58203125 0.4109375 0.0328125 0.0203125
1 0.3921875 0.6375 0.040625 0.0265625
1 0.06484375 0.37734375 0.0359375 0.0171875
1 0.76015625 0.8515625 0.0328125 0.0171875
1 0.703125 0.32734375 0.034375 0.0203125
1 0.66953125 0.8640625 0.0328125 0.01875
1 0.27265625 0.8484375 0.034375 0.021875
1 0.8453125 0.3328125 0.034375 0.0203125
1 0.37421875 0.609375 0.0375 0.0203125
1 0.6265625 0.3578125 0.0359375 0.021875
1 0.41640625 0.846875 0.034375 0.0171875
1 0.01484375 0.3859375 0.0296875 0.021875
1 0.11640625 0.30859375 0.0375 0.0203125
1 0.803125 0.85390625 0.034375 0.0171875
1 0.91328125 0.36484375 0.034375 0.0203125
0 0.0453125 0.24921875 0.0375 0.0234375
1 0.596875 0.4859375 0.0359375 0.021875
1 0.84765625 0.31796875 0.0359375 0.01875
1 0.584375 0.47265625 0.0359375 0.021875
1 0.653125 0.33984375 0.034375 0.01875
1 0.1578125 0.83984375 0.034375 0.01875
1 0.66171875 0.32421875 0.034375 0.01875
1 0.6546875 0.3546875 0.034375 0.0203125
1 0.7296875 0.85390625 0.0328125 0.01875
1 0.8609375 0.878125 0.0359375 0.021875
1 0.07421875 0.33203125 0.0359375 0.01875
3 0.44453125 0.8078125 0.0609375 0.0421875
1 0.675 0.44765625 0.0375 0.025
1 0.87734375 0.35546875 0.034375 0.01875
1 0.5328125 0.44453125 0.034375 0.01875
1 0.74140625 0.85 0.0359375 0.0171875
1 0.9390625 0.44921875 0.0359375 0.01875
0 0.0578125 0.80625 0.0375 0.0234375
1 0.65625 0.47734375 0.0375 0.025
1 0.0421875 0.88671875 0.040625 0.028125
1 0.0515625 0.36640625 0.0375 0.0234375
1 0.87109375 0.6578125 0.0375 0.0234375
1 0.5078125 0.29765625 0.0359375 0.021875
1 0.43984375 0.83203125 0.034375 0.015625
1 0.37421875 0.59453125 0.0359375 0.0171875
1 0.1015625 0.29453125 0.0375 0.021875
0 0.05390625 0.26015625 0.0359375 0.0203125
1 0.8109375 0.659375 0.0390625 0.0171875
1 0.8359375 0.4640625 0.0375 0.0234375
1 0.91171875 0.35078125 0.034375 0.0171875
1 0.71328125 0.403125 0.034375 0.01875
1 0.9078125 0.36015625 0.034375 0.0171875
0 0.08828125 0.765625 0.034375 0.0203125
1 0.65546875 0.3125 0.034375 0.01875
1 0.884375 0.86484375 0.034375 0.01875
1 0.70078125 0.65078125 0.040625 0.0234375
1 0.82578125 0.85703125 0.0328125 0.0171875
1 0.88046875 0.34140625 0.0375 0.01875
1 0.2171875 0.83828125 0.034375 0.0171875
1 0.60234375 0.5953125 0.0375 0.01875
1 0.55859375 0.296875 0.0359375 0.01875
1 0.85625 0.334375 0.0375 0.021875
1 0.05703125 0.3390625 0.0375 0.021875
1 0.06015625 0.88984375 0.040625 0.0265625
1 0.88359375 0.3296875 0.0359375 0.021875
1 0.04765625 0.93046875 0.0375 0.0234375
1 0.36484375 0.3046875 0.034375 0.0171875
1 0.1078125 0.875 0.0375 0.025
1 0.871875 0.3328125 0.0359375 0.0203125
1 0.1203125 0.29140625 0.0375 0.01875
0 0.0234375 0.3046875 0.0375 0.0203125
1 0.05703125 0.91875 0.0375 0.01875
1 0.24765625 0.83203125 0.0328125 0.01875
1 0.91328125 0.86640625 0.0390625 0.021875
1 0.03125 0.925 0.040625 0.0265625
1 0.01640625 0.9421875 0.0328125 0.03125
1 0.14140625 0.29453125 0.0359375 0.021875