4 0.44375 0.39609375 0.1125 0.1234375
2 0.24609375 0.20625 0.1125 0.06875
4 0.546875 0.259375 0.0953125 0.0859375
1 0.35078125 0.475 0.034375 0.025
1 0.428125 0.56328125 0.0375 0.025
1 0.71640625 0.44375 0.034375 0.021875
1 0.90390625 0.4640625 0.0359375 0.021875
1 0.12890625 0.40859375 0.034375 0.0234375
1 0.6765625 0.5265625 0.0359375 0.0265625
1 0.1625 0.43203125 0.034375 0.0234375
1 0.36640625 0.58828125 0.0375 0.028125
1 0.69765625 0.4265625 0.0328125 0.021875
1 0.31796875 0.6078125 0.0390625 0.028125
1 0.4265625 0.54296875 0.0359375 0.0234375
1 0.5796875 0.3828125 0.0328125 0.0203125
1 0.63125 0.38671875 0.0328125 0.0203125
1 0.309375 0.45625 0.034375 0.0234375
1 0.6515625 0.49609375 0.034375 0.025
1 0.01328125 0.46484375 0.0265625 0.0234375
1 0.9203125 0.43515625 0.034375 0.0203125
1 0.5828125 0.3328125 0.0328125 0.01875
1 0.271875 0.5359375 0.0359375 0.0265625
1 0.38046875 0.6046875 0.0375 0.028125
1 0.96015625 0.45703125 0.0359375 0.025
1 0.74765625 0.43671875 0.034375 0.021875
1 0.43515625 0.325 0.0328125 0.0203125
1 0.9 0.60625 0.0375 0.0265625
3 0.825 0.5875 0.1140625 0.15
1 0.92578125 0.46640625 0.0359375 0.0234375
1 0.58515625 0.43984375 0.034375 0.0234375
1 0.5234375 0.43046875 0.034375 0.021875
1 0.40703125 0.496875 0.0359375 0.025
1 0.54375 0.47421875 0.034375 0.025
1 0.55 0.43046875 0.034375 0.021875
1 0.34609375 0.61484375 0.034375 0.021875
1 0.93359375 0.40546875 0.034375 0.021875
1 0.66171875 0.42109375 0.0328125 0.0203125
1 0.321875 0.5390625 0.0359375 0.0265625
0 0.775 0.215625 0.034375 0.0203125
1 0.90703125 0.9671875 0.040625 0.0375
1 0.9203125 0.409375 0.034375 0.0203125
1 0.3859375 0.46875 0.034375 0.0234375
1 0.54609375 0.34296875 0.0328125 0.0203125
1 0.70234375 0.4015625 0.0328125 0.0203125
1 0.37109375 0.3609375 0.034375 0.01875
1 0.30703125 0.54765625 0.0359375 0.0203125
1 0.98828125 0.62265625 0.0234375 0.0234375
1 0.59609375 0.3734375 0.0328125 0.01875
1 0.98515625 0.38828125 0.0296875 0.0203125
1 0.64453125 0.39609375 0.0328125 0.0203125
1 0.57421875 0.45546875 0.034375 0.0234375
1 0.715625 0.46015625 0.034375 0.0203125
1 0.83515625 0.3484375 0.0328125 0.0203125
1 0.21015625 0.4125 0.0296875 0.01875
1 0.678125 0.5765625 0.034375 0.021875
1 0.7109375 0.4953125 0.0359375 0.0234375
1 0.4015625 0.44375 0.034375 0.0234375
1 0.6359375 0.89609375 0.034375 0.021875
1 0.978125 0.43515625 0.034375 0.0234375
4 0.42734375 0.83515625 0.0671875 0.059375
3 0.65078125 0.29921875 0.08125 0.090625
1 0.42109375 0.86953125 0.03125 0.0171875
1 0.61171875 0.36875 0.03125 0.01875
1 0.034375 0.90390625 0.0359375 0.0265625
1 0.7125 0.47421875 0.0359375 0.01875
1 0.8921875 0.35078125 0.0328125 0.021875
1 0.93515625 0.4421875 0.034375 0.021875
1 0.815625 0.43046875 0.034375 0.0234375
1 0.8125 0.36171875 0.03125 0.0203125
1 0.3953125 0.3703125 0.03125 0.0203125
1 0.6734375 0.65078125 0.0375 0.0203125
1 0.62109375 0.33515625 0.0328125 0.01875
1 0.02890625 0.9671875 0.0390625 0.0265625
1 0.80625 0.9296875 0.0375 0.028125
1 0.16796875 0.3125 0.0328125 0.0203125
1 0.8546875 0.92265625 0.0359375 0.0265625
1 0.35390625 0.2625 0.03125 0.0171875
1 0.4484375 0.27265625 0.03125 0.01875
1 0.0515625 0.38125 0.034375 0.0203125
1 0.74765625 0.8921875 0.0328125 0.0203125
1 0.94609375 0.43203125 0.034375 0.021875
1 0.61015625 0.90390625 0.034375 0.0203125
1 0.553125 0.38046875 0.034375 0.0203125
1 0.69609375 0.89453125 0.0328125 0.0234375
1 0.91328125 0.384375 0.0328125 0.01875
2 0.7671875 0.2203125 0.11875 0.0640625
1 0.55625 0.36171875 0.0328125 0.0203125
1 0.95078125 0.3578125 0.034375 0.021875
4 0.90546875 0.55234375 0.1125 0.13125
1 0.090625 0.346875 0.034375 0.021875
1 0.35078125 0.346875 0.034375 0.0203125
1 0.984375 0.56875 0.03125 0.025
1 0.79765625 0.965625 0.0421875 0.0375
1 0.31953125 0.36953125 0.034375 0.0203125
1 0.34296875 0.29921875 0.0328125 0.01875
1 0.67265625 0.89375 0.0328125 0.021875
1 0.728125 0.928125 0.0390625 0.0265625
1 0.51875 0.41796875 0.034375 0.0234375
1 0.06953125 0.328125 0.0328125 0.0171875
1 0.3078125 0.565625 0.0359375 0.025
1 0.66171875 0.403125 0.0328125 0.0171875
1 0.6984375 0.3109375 0.0328125 0.0203125
0 0.82421875 0.25390625 0.034375 0.0203125
1 0.940625 0.36171875 0.0328125 0.0203125
1 0.721875 0.590625 0.0375 0.028125
1 0.90390625 0.33828125 0.0328125 0.01875
1 0.39921875 0.3375 0.0328125 0.01875
1 0.54765625 0.296875 0.0328125 0.0171875
1 0.8796875 0.309375 0.0328125 0.01875
1 0.5984375 0.27109375 0.03125 0.0171875
1 0.88046875 0.90703125 0.0328125 0.021875
1 0.7453125 0.9359375 0.0390625 0.028125
1 0.06171875 0.9 0.0359375 0.025
1 0.7015625 0.29609375 0.0328125 0.0203125
0 0.77890625 0.240625 0.0328125 0.0171875
1 0.925 0.39375 0.0328125 0.01875
1 0.8515625 0.89921875 0.0328125 0.021875
1 0.3796875 0.2625 0.03125 0.0171875
1 0.06171875 0.34296875 0.0328125 0.01875
1 0.303125 0.6390625 0.03125 0.0140625
1 0.8953125 0.30546875 0.0328125 0.01875
1 0.16953125 0.26484375 0.0328125 0.01875
1 0.0484375 0.36875 0.0328125 0.0171875
1 0.0921875 0.8671875 0.03125 0.0171875
1 0.759375 0.91328125 0.0359375 0.025
1 0.515625 0.2828125 0.034375 0.0203125
1 0.35078125 0.36953125 0.0328125 0.021875
1 0.18828125 0.29140625 0.03125 0.0171875
1 0.83671875 0.89296875 0.0328125 0.01875
0 0.75859375 0.19765625 0.034375 0.021875
1 0.58359375 0.37109375 0.03125 0.01875
1 0.68984375 0.37109375 0.034375 0.021875
1 0.67890625 0.396875 0.034375 0.0171875
0 0.6578125 0.78984375 0.034375 0.025
1 0.89765625 0.6640625 0.0359375 0.0171875
1 0.45234375 0.6171875 0.03125 0.0171875
1 0.4953125 0.278125 0.0328125 0.0171875
1 0.31875 0.63828125 0.0359375 0.0171875
4 0.15390625 0.92421875 0.109375 0.1359375
1 0.86640625 0.3078125 0.0328125 0.01875
1 0.76875 0.9265625 0.0359375 0.025
1 0.66953125 0.359375 0.034375 0.0203125
1 0.67109375 0.878125 0.0328125 0.01875
1 0.746875 0.87421875 0.03125 0.0140625
1 0.37734375 0.34375 0.0328125 0.01875
1 0.03203125 0.3484375 0.034375 0.021875
1 0.01484375 0.359375 0.0296875 0.021875
1 0.7953125 0.90390625 0.034375 0.01875
1 0.925 0.32421875 0.0328125 0.0203125
1 0.384375 0.3375 0.03125 0.01875
1 0.3984375 0.32265625 0.03125 0.0171875
1 0.3921875 0.2625 0.03125 0.015625
1 0.68359375 0.38671875 0.03125 0.01875
1 0.928125 0.30859375 0.03125 0.0171875
1 0.725 0.484375 0.0359375 0.025
1 0.6578125 0.34609375 0.034375 0.01875
1 0.61328125 0.3265625 0.0328125 0.0203125
1 0.09609375 0.33125 0.034375 0.01875
1 0.934375 0.32890625 0.0328125 0.01875
1 0.61015625 0.26171875 0.0328125 0.015625
1 0.71171875 0.31640625 0.034375 0.0203125
1 0.646875 0.378125 0.034375 0.01875
1 0.10703125 0.27578125 0.0328125 0.01875
1 0.46953125 0.9046875 0.0328125 0.0171875
1 0.38046875 0.85546875 0.0296875 0.015625
1 0.60546875 0.35625 0.034375 0.01875
1 0.878125 0.290625 0.0328125 0.0171875
1 0.06640625 0.9296875 0.034375 0.01875
1 0.3421875 0.3671875 0.0359375 0.021875
1 0.8109375 0.8953125 0.0328125 0.01875
1 0.57890625 0.9890625 0.0421875 0.021875
1 0.434375 0.85625 0.03125 0.015625
1 0.59921875 0.32578125 0.034375 0.0203125
1 0.115625 0.271875 0.034375 0.0234375
1 0.1015625 0.88046875 0.0328125 0.0171875
1 0.65234375 0.39140625 0.0328125 0.021875
1 0.65 0.340625 0.0328125 0.0203125
0 0.81875 0.13046875 0.034375 0.025
1 0.36328125 0.3453125 0.0328125 0.0171875
1 0.81796875 0.26953125 0.0328125 0.01875
1 0.04609375 0.91015625 0.0390625 0.028125
1 0.67578125 0.34453125 0.0328125 0.0203125
1 0.85078125 0.2875 0.03125 0.01875
1 0.4265625 0.25546875 0.03125 0.0171875
1 0.61875 0.65234375 0.034375 0.0171875
1 0.1296875 0.259375 0.03125 0.0171875
1 0.79921875 0.66015625 0.03125 0.0140625
1 0.0890625 0.88203125 0.034375 0.0203125
1 0.8875 0.2921875 0.0328125 0.01875
1 0.14375 0.859375 0.0328125 0.01875
1 0.640625 0.34765625 0.034375 0.0171875
1 0.96328125 0.346875 0.0328125 0.01875
1 0.62890625 0.37109375 0.0359375 0.0203125
1 0.03984375 0.875 0.034375 0.0234375
1 0.015625 0.95078125 0.03125 0.0359375
1 0.04296875 0.9296875 0.034375 0.0171875
1 0.096875 0.85078125 0.0296875 0.015625
1 0.38046875 0.328125 0.0328125 0.0171875
1 0.40703125 0.2609375 0.0328125 0.0171875
1 0.825 0.27265625 0.034375 0.01875
1 0.6734375 0.38359375 0.0328125 0.021875
1 0.81484375 0.87578125 0.03125 0.015625
1 0.409375 0.3484375 0.0359375 0.0203125
1 0.40546875 0.57890625 0.03125 0.01875
1 0.58359375 0.26015625 0.0328125 0.0171875
1 0.06015625 0.96796875 0.0328125 0.01875
1 0.54609375 0.9078125 0.03125 0.0125
1 0.60546875 0.33984375 0.034375 0.0203125
1 0.5375 0.884375 0.034375 0.021875
1 0.11875 0.84609375 0.0296875 0.015625
1 0.52109375 0.99375 0.0390625 0.0125
1 0.95 0.32734375 0.0328125 0.0203125
1 0.5109375 0.26640625 0.0328125 0.0171875
1 0.0671875 0.3140625 0.0328125 0.0171875
1 0.06875 0.87265625 0.0328125 0.0203125
0 0.74375 0.228125 0.0328125 0.01875
1 0.9125 0.29453125 0.0328125 0.0203125
1 0.8421875 0.28203125 0.03125 0.0171875
1 0.0671875 0.9546875 0.03125 0.0171875
1 0.69765625 0.64921875 0.03125 0.015625
1 0.546875 0.98828125 0.040625 0.0234375
0 0.58203125 0.859375 0.04375 0.040625
1 0.78203125 0.9203125 0.0375 0.028125
1 0.646875 0.36015625 0.0359375 0.0203125
3 0.9859375 0.31953125 0.028125 0.1015625
1 0.8609375 0.28203125 0.0328125 0.0171875