3 0.87578125 0.8625 0.0984375 0.0796875
3 0.67421875 0.33671875 0.096875 0.090625
3 0.93359375 0.38203125 0.0984375 0.0875
4 0.3328125 0.37734375 0.121875 0.11875
2 0.24296875 0.20703125 0.125 0.0703125
1 0.65078125 0.58984375 0.05 0.0265625
4 0.4921875 0.3765625 0.1234375 0.1046875
1 0.66875 0.475 0.0484375 0.0265625
1 0.62109375 0.58828125 0.05 0.0265625
2 0.765625 0.240625 0.13125 0.0609375
1 0.3546875 0.44375 0.0484375 0.025
3 0.85703125 0.48125 0.1359375 0.128125
1 0.60546875 0.5625 0.05 0.03125
3 0.58828125 0.859375 0.1421875 0.1171875
1 0.33203125 0.45 0.0484375 0.0265625
1 0.73515625 0.4546875 0.046875 0.0265625
1 0.6734375 0.45546875 0.0484375 0.0265625
1 0.284375 0.44375 0.046875 0.0265625
1 0.6484375 0.38203125 0.0453125 0.0234375
1 0.628125 0.45625 0.0484375 0.0265625
1 0.62890625 0.440625 0.046875 0.0234375
1 0.23515625 0.478125 0.0484375 0.028125
1 0.296875 0.4421875 0.046875 0.025
1 0.39609375 0.3671875 0.0453125 0.0234375
1 0.65703125 0.40703125 0.046875 0.025
1 0.3984375 0.33359375 0.04375 0.021875
1 0.57421875 0.45 0.046875 0.0265625
1 0.715625 0.47421875 0.0484375 0.025
1 0.5609375 0.4265625 0.0453125 0.0234375
1 0.696875 0.46875 0.0484375 0.0265625
1 0.24609375 0.4234375 0.0484375 0.028125
0 0.2359375 0.21640625 0.0453125 0.025
1 0.6078125 0.421875 0.0453125 0.0203125
1 0.6234375 0.89453125 0.0515625 0.0328125
1 0.73359375 0.5828125 0.046875 0.025
1 0.2609375 0.44921875 0.0484375 0.028125
1 0.8953125 0.48984375 0.0484375 0.0265625
1 0.64453125 0.87890625 0.0453125 0.0234375
1 0.72109375 0.59375 0.0484375 0.025
1 0.71640625 0.4546875 0.046875 0.025
1 0.6296875 0.325 0.04375 0.0203125
1 0.6875 0.60234375 0.046875 0.0203125
1 0.75 0.44296875 0.046875 0.025
0 0.234375 0.1265625 0.0484375 0.0296875
1 0.7265625 0.475 0.0484375 0.0265625
4 0.43515625 0.80859375 0.0984375 0.08125
1 0.2453125 0.4578125 0.046875 0.0265625
1 0.2859375 0.42421875 0.046875 0.025
1 0.67265625 0.434375 0.0484375 0.0265625
1 0.6046875 0.33046875 0.0453125 0.0234375
1 0.5765625 0.40859375 0.046875 0.025
1 0.55859375 0.37109375 0.046875 0.025
1 0.40703125 0.840625 0.046875 0.021875
1 0.6375 0.89140625 0.0484375 0.0265625
1 0.71953125 0.8578125 0.04375 0.01875
1 0.559375 0.3453125 0.0453125 0.021875
1 0.540625 0.3578125 0.04375 0.021875
4 0.5234375 0.81953125 0.0796875 0.0609375
1 0.54765625 0.39765625 0.046875 0.025
1 0.35 0.28984375 0.0453125 0.0203125
1 0.33984375 0.4359375 0.0484375 0.0234375
1 0.55234375 0.3828125 0.0453125 0.0203125
1 0.6859375 0.4421875 0.05 0.0265625
1 0.89921875 0.3453125 0.04375 0.0203125
1 0.29921875 0.8234375 0.0453125 0.0234375
0 0.74921875 0.24609375 0.0484375 0.025
1 0.240625 0.8265625 0.0421875 0.01875
1 0.70703125 0.45625 0.0484375 0.025
1 0.8984375 0.4640625 0.0453125 0.0234375
1 0.690625 0.8421875 0.0453125 0.021875
1 0.5578125 0.39296875 0.0484375 0.025
1 0.55234375 0.33515625 0.04375 0.021875
1 0.29453125 0.42265625 0.046875 0.025
1 0.6609375 0.38359375 0.0453125 0.021875
1 0.709375 0.43984375 0.046875 0.0234375
1 0.6703125 0.409375 0.0453125 0.021875
0 0.05546875 0.0078125 0.0484375 0.015625
1 0.56640625 0.40546875 0.0484375 0.0234375
1 0.45390625 0.84140625 0.0453125 0.021875
1 0.36328125 0.39296875 0.0484375 0.0265625
0 0.22307011875 0.2177850296875 0.252652115625 0.22790514687500002 0.27283278125 0.22449587499999998 0.2703560375 0.20157479843749998 0.23691929687500002 0.199001653125 0.22307011875 0.2177850296875