3 0.7640625 0.83359375 0.06484375 0.06015625
4 0.6015625 0.46640625 0.10859375 0.11953125
1 0.4671875 0.5625 0.0125 0.02421875
3 0.04140625 0.446875 0.08046875 0.09375
1 0.59921875 0.3921875 0.009375 0.01484375
0 0.23046875 0.18984375 0.01015625 0.0171875
1 0.665625 0.42890625 0.009375 0.01640625
1 0.69921875 0.39140625 0.01015625 0.01640625
2 0.77109375 0.21953125 0.0875 0.059375
1 0.9171875 0.4203125 0.0109375 0.01796875
1 0.7671875 0.52265625 0.01171875 0.02109375
1 0.271875 0.50234375 0.0109375 0.0171875
1 0.7078125 0.62578125 0.01484375 0.021875
1 0.121875 0.44140625 0.01171875 0.01953125
0 0.08046875 0.184375 0.01484375 0.02734375
1 0.16640625 0.43125 0.00859375 0.015625
1 0.1328125 0.56171875 0.0125 0.02265625
1 0.64453125 0.57890625 0.01328125 0.02421875
0 0.228125 0.2375 0.009375 0.015625
1 0.64609375 0.86796875 0.0109375 0.01875
1 0.765625 0.884375 0.01171875 0.01953125
1 0.990625 0.38125 0.0109375 0.01640625
1 0.7796875 0.58515625 0.0140625 0.02109375
1 0.79375 0.575 0.0140625 0.0234375
1 0.11796875 0.48671875 0.0109375 0.01953125
1 0.66171875 0.39765625 0.009375 0.0171875
1 0.0796875 0.50546875 0.01171875 0.01953125
1 0.25625 0.528125 0.01171875 0.0203125
1 0.1546875 0.44375 0.009375 0.015625
1 0.10390625 0.45234375 0.01015625 0.0171875
1 0.9015625 0.36875 0.009375 0.01484375
1 0.921875 0.34453125 0.009375 0.01484375
1 0.62265625 0.5640625 0.01328125 0.021875
1 0.0984375 0.55078125 0.01171875 0.01953125
1 0.68515625 0.5953125 0.0125 0.015625
1 0.31640625 0.48203125 0.0109375 0.01640625
1 0.31796875 0.42109375 0.009375 0.015625
1 0.0953125 0.6421875 0.01484375 0.02265625
1 0.44609375 0.3390625 0.00859375 0.0140625
1 0.121875 0.38046875 0.009375 0.01484375
1 0.39765625 0.49375 0.00859375 0.01796875
3 0.2359375 0.87421875 0.12890625 0.1359375
1 0.4984375 0.45234375 0.0109375 0.01640625
1 0.10546875 0.41875 0.00859375 0.01484375
1 0.29140625 0.4390625 0.01015625 0.01796875
1 0.478125 0.45078125 0.01015625 0.01796875
1 0.46484375 0.896875 0.01171875 0.0203125
1 0.625 0.3890625 0.01015625 0.01640625
1 0.06640625 0.51015625 0.01171875 0.01953125
1 0.3734375 0.40078125 0.01015625 0.01640625
1 0.2953125 0.49765625 0.0109375 0.01796875
1 0.78125 0.6265625 0.0140625 0.021875
1 0.121875 0.9734375 0.02109375 0.03984375
1 0.05 0.92890625 0.01484375 0.02890625
1 0.85234375 0.95390625 0.01875 0.034375
1 0.29453125 0.4765625 0.0109375 0.0171875
1 0.1828125 0.35625 0.009375 0.015625
1 0.60859375 0.346875 0.01015625 0.01484375
1 0.5296875 0.890625 0.01328125 0.02421875
1 0.56953125 0.3953125 0.00859375 0.0125
1 0.32109375 0.39453125 0.009375 0.01484375
1 0.80390625 0.62421875 0.01484375 0.02265625
1 0.49921875 0.4296875 0.01015625 0.01640625
1 0.73984375 0.61640625 0.01328125 0.01796875
1 0.18515625 0.3296875 0.00859375 0.01328125
1 0.6203125 0.34921875 0.00859375 0.01484375
0 0.1921875 0.06171875 0.0109375 0.0203125
0 0.22109375 0.1640625 0.0109375 0.01796875
1 0.64921875 0.3875 0.01015625 0.01640625
1 0.1671875 0.40625 0.00859375 0.01484375
1 0.1734375 0.39453125 0.009375 0.0140625
1 0.71171875 0.32890625 0.009375 0.01328125
1 0.3453125 0.3046875 0.0078125 0.0125
1 0.6734375 0.471875 0.0109375 0.01953125
1 0.14609375 0.35 0.0078125 0.0140625
1 0.5375 0.35 0.009375 0.01484375
1 0.09921875 0.40078125 0.0109375 0.015625
1 0.14140625 0.40703125 0.00859375 0.01484375
1 0.16484375 0.36953125 0.009375 0.015625
1 0.31015625 0.45234375 0.0109375 0.01640625
1 0.1609375 0.34765625 0.0078125 0.01484375
0 0.06171875 0.23515625 0.0125 0.02109375
1 0.48046875 0.3390625 0.0078125 0.01484375
1 0.9453125 0.3453125 0.01015625 0.015625
1 0.12890625 0.39765625 0.0109375 0.0171875
1 0.32890625 0.33515625 0.00859375 0.0140625
1 0.84140625 0.86796875 0.00859375 0.0140625
1 0.50625 0.32890625 0.0078125 0.0140625
1 0.53671875 0.3234375 0.0078125 0.01171875
1 0.315625 0.33125 0.009375 0.0140625
1 0.084375 0.425 0.009375 0.01796875
1 0.275 0.46796875 0.0109375 0.01796875
1 0.159375 0.321875 0.00859375 0.01484375
1 0.4328125 0.36640625 0.0078125 0.0125
1 0.30546875 0.40859375 0.009375 0.01640625
1 0.409375 0.36015625 0.009375 0.01484375
1 0.36875 0.353125 0.009375 0.0140625
0 0.27421875 0.19296875 0.01015625 0.015625
1 0.51484375 0.41875 0.0125 0.01953125
1 0.865625 0.3078125 0.00859375 0.0125
1 0.915625 0.8765625 0.009375 0.015625
1 0.284375 0.46875 0.009375 0.01796875
1 0.08359375 0.90390625 0.01484375 0.0234375
1 0.840625 0.30390625 0.00703125 0.0125
0 0.08828125 0.1578125 0.0125 0.021875
1 0.46328125 0.30390625 0.0078125 0.01171875
1 0.1578125 0.40703125 0.009375 0.015625
1 0.4859375 0.50859375 0.00703125 0.015625
1 0.15625 0.3953125 0.0078125 0.01171875
0 0.10390625 0.04921875 0.0125 0.01953125
1 0.3984375 0.396875 0.01015625 0.0140625
0 0.2359375 0.1625 0.01015625 0.0171875
0 0.7609375 0.18515625 0.0078125 0.01640625
1 0.58359375 0.35546875 0.00859375 0.0125
1 0.3265625 0.8578125 0.0109375 0.0171875
0 0.41015625 0.778125 0.0125 0.021875
1 0.75703125 0.63984375 0.01171875 0.0125
1 0.16015625 0.90390625 0.01484375 0.02734375
1 0.3484375 0.36640625 0.01015625 0.01484375
2 0.246875 0.22578125 0.0875 0.0484375
1 0.36953125 0.32578125 0.0078125 0.01328125
1 0.5578125 0.84453125 0.00703125 0.01328125
1 0.2921875 0.45625 0.01015625 0.01328125
1 0.55390625 0.33828125 0.00859375 0.0140625
1 0.8359375 0.85234375 0.009375 0.0125
0 0.1578125 0.04296875 0.01171875 0.015625
1 0.40546875 0.3265625 0.0078125 0.01328125
1 0.85078125 0.853125 0.0078125 0.0109375
1 0.88828125 0.32734375 0.009375 0.0140625
1 0.3734375 0.428125 0.01015625 0.01484375
0 0.1796875 0.04453125 0.01015625 0.01640625
1 0.88984375 0.3046875 0.0078125 0.01171875
1 0.584375 0.36796875 0.01015625 0.0140625
1 0.934375 0.328125 0.01171875 0.01640625
1 0.071875 0.4046875 0.0109375 0.015625
1 0.66328125 0.38046875 0.01015625 0.0140625
1 0.1125 0.39296875 0.01171875 0.015625
0 0.2109375 0.24375 0.00703125 0.01171875
0 0.2171875 0.7953125 0.01171875 0.01796875
1 0.38046875 0.30859375 0.00859375 0.015625
1 0.3734375 0.90078125 0.00859375 0.015625
1 0.90234375 0.31640625 0.00703125 0.0125
0 0.76640625 0.20703125 0.00703125 0.01015625
1 0.5625 0.33359375 0.00859375 0.01328125
1 0.934375 0.9453125 0.00703125 0.01796875
1 0.85546875 0.32890625 0.00859375 0.01328125
1 0.3203125 0.37734375 0.00859375 0.0140625
1 0.6421875 0.3046875 0.0078125 0.01328125
1 0.3015625 0.8546875 0.00703125 0.01171875
1 0.48984375 0.3203125 0.00859375 0.0125
1 0.97265625 0.3484375 0.0078125 0.01484375
4 0.9734375 0.89375 0.053125 0.18515625
1 0.88984375 0.859375 0.00703125 0.01484375
1 0.3671875 0.30390625 0.00703125 0.0125
1 0.8484375 0.334375 0.0109375 0.01328125
1 0.11875 0.403125 0.0078125 0.01328125
0 0.3875 0.784375 0.0125 0.0234375
1 0.8125 0.84375 0.009375 0.0109375
1 0.42890625 0.303125 0.00703125 0.0125
1 0.1421875 0.32421875 0.0078125 0.0140625
1 0.92421875 0.946875 0.00859375 0.01796875
1 0.9296875 0.934375 0.0109375 0.0140625
1 0.93671875 0.87734375 0.009375 0.0140625
1 0.3734375 0.88515625 0.0109375 0.015625
1 0.53515625 0.83984375 0.00859375 0.0125
1 0.09921875 0.3875 0.01015625 0.01171875
1 0.91328125 0.8625 0.00859375 0.0125
1 0.56953125 0.40546875 0.00859375 0.0125
0 0.75390625 0.73359375 0.00703125 0.0140625
1 0.08359375 0.40078125 0.01015625 0.01484375
1 0.828125 0.84453125 0.00703125 0.0109375
1 0.08515625 0.996875 0.01171875 0.00625
1 0.37890625 0.4375 0.009375 0.01328125
1 0.31875 0.8640625 0.009375 0.01640625
1 0.44296875 0.81328125 0.0125 0.021875
1 0.17265625 0.90390625 0.0109375 0.02109375
0 0.171875 0.05703125 0.01015625 0.01328125
1 0.159375 0.85078125 0.0078125 0.0109375
1 0.1546875 0.30625 0.00703125 0.01171875
1 0.43671875 0.30859375 0.0078125 0.0125
1 0.09140625 0.36875 0.00859375 0.01328125
1 0.5359375 0.8078125 0.00703125 0.0109375
1 0.84921875 0.3046875 0.0109375 0.0125
1 0.921875 0.31875 0.00859375 0.01328125
0 0.1421875 0.021875 0.01171875 0.01796875
1 0.35 0.35390625 0.009375 0.0125
1 0.62578125 0.29765625 0.00859375 0.01484375
0 0.140625 0.05703125 0.01171875 0.01796875
1 0.97578125 0.996875 0.0109375 0.00625
1 0.565625 0.821875 0.00703125 0.0109375
1 0.09609375 0.346875 0.009375 0.015625
0 0.21484375 0.8140625 0.009375 0.01171875
1 0.1609375 0.87265625 0.0109375 0.01875
1 0.14140625 0.884375 0.01328125 0.01953125
1 0.1015625 0.89296875 0.0125 0.0203125
1 0.421875 0.33125 0.00703125 0.0125
1 0.3609375 0.9015625 0.0125 0.0125
1 0.05390625 0.39296875 0.0078125 0.01328125
1 0.09921875 0.3296875 0.009375 0.01328125
1 0.33828125 0.9890625 0.0234375 0.021875
1 0.5671875 0.83359375 0.00625 0.009375
1 0.1296875 0.84140625 0.00703125 0.01015625