0 0.80625 0.14453125 0.0109375 0.01796875
0 0.8078125 0.12265625 0.0109375 0.01953125
0 0.8171875 0.171875 0.0109375 0.01875
0 0.8234375 0.23984375 0.009375 0.01875
0 0.8046875 0.0171875 0.0125 0.0203125
0 0.79375 0.171875 0.01015625 0.01796875
3 0.3765625 0.33828125 0.0640625 0.0828125
0 0.1484375 0.71796875 0.02109375 0.0359375
3 0.440625 0.82421875 0.053125 0.04921875
0 0.803125 0.23125 0.009375 0.01484375
0 0.72265625 0.7421875 0.00859375 0.01640625
0 0.775 0.16015625 0.01171875 0.01875
0 0.7859375 0.778125 0.0109375 0.0203125
0 0.16640625 0.1453125 0.01484375 0.0234375
0 0.78203125 0.23984375 0.00859375 0.01640625
4 0.8046875 0.83125 0.05703125 0.05
1 0.76640625 0.54375 0.01328125 0.0234375
0 0.27109375 0.76875 0.021875 0.03671875
0 0.77890625 0.125 0.0125 0.0140625
0 0.775 0.0484375 0.01171875 0.0171875
3 0.3265625 0.42890625 0.08046875 0.1203125
0 0.14375 0.803125 0.021875 0.05234375
0 0.1 0.1359375 0.01640625 0.021875
2 0.76953125 0.2203125 0.07890625 0.0578125
1 0.17734375 0.4203125 0.01015625 0.01640625
1 0.66796875 0.39453125 0.009375 0.015625
1 0.5296875 0.40546875 0.00859375 0.01796875
1 0.92890625 0.42421875 0.0109375 0.01796875
1 0.6546875 0.496875 0.0125 0.0203125
0 0.38359375 0.74140625 0.02265625 0.040625
0 0.81328125 0.0328125 0.01171875 0.0171875
0 0.73125 0.2375 0.0078125 0.01171875
1 0.33515625 0.86875 0.009375 0.01640625
1 0.45390625 0.90234375 0.0125 0.01796875
1 0.671875 0.85703125 0.0078125 0.01171875
1 0.55546875 0.321875 0.00703125 0.0140625
1 0.159375 0.4234375 0.01015625 0.0171875
1 0.675 0.371875 0.01015625 0.01484375
1 0.84296875 0.4265625 0.0109375 0.01953125
1 0.4671875 0.34296875 0.00703125 0.01328125
1 0.39765625 0.453125 0.01015625 0.01875
1 0.1671875 0.40234375 0.00859375 0.015625
0 0.79765625 0.046875 0.0109375 0.01953125
1 0.89140625 0.359375 0.0078125 0.01328125
1 0.8953125 0.4015625 0.01015625 0.0171875
1 0.6265625 0.540625 0.0125 0.0234375
4 0.41328125 0.54375 0.0578125 0.1296875
0 0.7203125 0.70546875 0.009375 0.01796875
1 0.6828125 0.5265625 0.0125 0.021875
0 0.6796875 0.76015625 0.0109375 0.01875
0 0.8046875 0.0796875 0.0078125 0.015625
1 0.0453125 0.41875 0.01015625 0.01640625
1 0.2671875 0.5734375 0.0140625 0.025
1 0.55625 0.3796875 0.009375 0.015625
2 0.25 0.22734375 0.0890625 0.04140625
1 0.03203125 0.4265625 0.01015625 0.01640625
1 0.596875 0.4921875 0.0109375 0.01953125
0 0.8296875 0.05625 0.009375 0.01171875
1 0.04921875 0.9265625 0.01484375 0.02734375
1 0.10390625 0.425 0.01015625 0.0171875
1 0.071875 0.42109375 0.01171875 0.01953125
1 0.15546875 0.31875 0.00703125 0.0125
1 0.8796875 0.35546875 0.00859375 0.01484375
1 0.27578125 0.45390625 0.01015625 0.01875
0 0.8140625 0.05859375 0.01171875 0.01328125
1 0.07734375 0.57890625 0.0125 0.01953125
1 0.11015625 0.3828125 0.0078125 0.0140625
1 0.915625 0.371875 0.01015625 0.0140625
1 0.72734375 0.54921875 0.01328125 0.02265625
1 0.56640625 0.30234375 0.00859375 0.01484375
4 0.7453125 0.840625 0.0609375 0.06015625
1 0.9359375 0.36796875 0.009375 0.0140625
1 0.64609375 0.303125 0.00703125 0.01328125
1 0.42890625 0.84921875 0.00859375 0.01171875
1 0.19453125 0.88828125 0.01171875 0.01953125
1 0.05859375 0.43828125 0.01015625 0.01796875
0 0.00859375 0.01328125 0.015625 0.025
1 0.221875 0.58359375 0.0125 0.01484375
1 0.4671875 0.35703125 0.00703125 0.0125
1 0.07109375 0.64609375 0.01328125 0.01640625
1 0.059375 0.37734375 0.0046875 0.01328125
1 0.6078125 0.4984375 0.01171875 0.02265625
1 0.46015625 0.37109375 0.009375 0.0140625
0 0.81484375 0.1703125 0.009375 0.021875
1 0.84609375 0.3234375 0.009375 0.0171875
1 0.64609375 0.8984375 0.0140625 0.02265625
1 0.08046875 0.3984375 0.009375 0.01640625
1 0.096875 0.921875 0.0125 0.0203125
1 0.66171875 0.309375 0.00625 0.01171875
1 0.3859375 0.8546875 0.009375 0.01640625
1 0.85390625 0.89921875 0.01171875 0.021875
1 0.28828125 0.87265625 0.01015625 0.01796875
1 0.953125 0.9296875 0.01484375 0.0203125
3 0.5328125 0.80625 0.03359375 0.03125
1 0.93203125 0.4875 0.0125 0.0203125
1 0.8578125 0.31953125 0.0078125 0.0125
1 0.6265625 0.36953125 0.0078125 0.01640625
1 0.18125 0.8828125 0.0109375 0.0171875
1 0.93359375 0.38828125 0.009375 0.01484375
1 0.809375 0.9734375 0.0234375 0.0421875
1 0.8796875 0.9 0.0140625 0.021875
1 0.89453125 0.8890625 0.0140625 0.021875
0 0.78515625 0.0671875 0.00859375 0.0109375
1 0.203125 0.42578125 0.01015625 0.015625
1 0.9234375 0.88984375 0.009375 0.01796875
1 0.90390625 0.93359375 0.01640625 0.02421875
1 0.48125 0.3046875 0.0078125 0.0125
1 0.5296875 0.83046875 0.00625 0.0109375
0 0.7625 0.25390625 0.01015625 0.0125
1 0.8859375 0.6171875 0.015625 0.02265625
1 0.88046875 0.3015625 0.00859375 0.01328125
1 0.46171875 0.36640625 0.00625 0.01640625
1 0.996875 0.39453125 0.00625 0.01484375
1 0.2484375 0.51328125 0.01171875 0.0203125
1 0.95703125 0.35625 0.00625 0.0125
1 0.4359375 0.4984375 0.01171875 0.0171875
1 0.640625 0.36796875 0.00703125 0.015625