0 0.790625 0.2203125 0.01015625 0.0171875
4 0.50703125 0.34140625 0.06796875 0.07890625
0 0.21796875 0.18046875 0.01015625 0.01796875
0 0.12421875 0.1609375 0.0109375 0.01875
0 0.165625 0.11796875 0.0125 0.0171875
0 0.10546875 0.284375 0.009375 0.01640625
0 0.128125 0.13359375 0.0125 0.01875
0 0.9359375 0.15859375 0.0140625 0.025
0 0.61171875 0.76875 0.0125 0.0203125
0 0.11953125 0.1890625 0.009375 0.01796875
0 0.55625 0.76796875 0.00859375 0.0140625
0 0.1125 0.24375 0.0109375 0.01484375
0 0.93359375 0.2171875 0.0140625 0.02578125
0 0.2671875 0.20703125 0.00625 0.01171875
4 0.77421875 0.546875 0.0765625 0.11484375
3 0.09453125 0.37890625 0.08125 0.08515625
1 0.21640625 0.58046875 0.0125 0.0171875
1 0.46484375 0.41640625 0.0125 0.0171875
2 0.77109375 0.21796875 0.08671875 0.06484375
3 0.18984375 0.8515625 0.07109375 0.07421875
0 0.86796875 0.01015625 0.0140625 0.01875
4 0.91796875 0.4453125 0.0703125 0.11171875
0 0.94140625 0.2984375 0.01328125 0.021875
0 0.55390625 0.78203125 0.00859375 0.01171875
1 0.040625 0.465625 0.01015625 0.01796875
1 0.10390625 0.43203125 0.009375 0.015625
1 0.35546875 0.39375 0.0109375 0.015625
0 0.93125 0.1546875 0.01171875 0.02578125
0 0.2078125 0.71640625 0.01015625 0.0203125
0 0.2578125 0.23046875 0.00625 0.0125
1 0.78046875 0.4421875 0.0109375 0.0203125
1 0.915625 0.37109375 0.009375 0.015625
1 0.83203125 0.87890625 0.0109375 0.01796875
1 0.88125 0.34921875 0.00859375 0.0125
1 0.61328125 0.39375 0.01015625 0.01484375
1 0.35625 0.44375 0.01015625 0.01796875
1 0.9546875 0.41484375 0.00859375 0.0140625
1 0.67734375 0.39609375 0.009375 0.01640625
1 0.33046875 0.86796875 0.00859375 0.01640625
1 0.1 0.88828125 0.0109375 0.01875
0 0.13515625 0.1203125 0.0109375 0.0171875
1 0.0421875 0.44296875 0.01171875 0.01640625
1 0.31875 0.4234375 0.01015625 0.01640625
1 0.36953125 0.3953125 0.009375 0.015625
1 0.56796875 0.303125 0.00703125 0.01328125
1 0.23046875 0.87109375 0.0078125 0.01328125
1 0.23828125 0.55546875 0.0109375 0.021875
1 0.528125 0.37734375 0.00859375 0.0140625
2 0.2484375 0.225 0.08671875 0.046875
1 0.5171875 0.42265625 0.01015625 0.01640625
1 0.3890625 0.33984375 0.009375 0.0125
1 0.57265625 0.45078125 0.0109375 0.01796875
1 0.53046875 0.42265625 0.009375 0.01640625
0 0.13984375 0.121875 0.01171875 0.01796875
1 0.52109375 0.39453125 0.0078125 0.01484375
1 0.85 0.89140625 0.0125 0.01953125
1 0.69765625 0.37734375 0.00859375 0.01640625
1 0.3890625 0.42265625 0.009375 0.0171875
1 0.84609375 0.30078125 0.00703125 0.01171875
1 0.68515625 0.440625 0.0109375 0.01796875
1 0.41875 0.5625 0.0140625 0.025
1 0.66640625 0.446875 0.01015625 0.01796875
1 0.6453125 0.33359375 0.0078125 0.01171875
1 0.4 0.43046875 0.01015625 0.0125
0 0.85390625 0.08359375 0.01171875 0.01953125
1 0.465625 0.6140625 0.01328125 0.01875
1 0.22890625 0.903125 0.01484375 0.025
1 0.32265625 0.33203125 0.0078125 0.01484375
1 0.884375 0.33515625 0.0078125 0.01328125
1 0.63359375 0.37578125 0.00859375 0.0140625
1 0.8671875 0.903125 0.01484375 0.0234375
1 0.3703125 0.38046875 0.00859375 0.01328125
1 0.21953125 0.646875 0.01171875 0.01328125
0 0.9296875 0.2203125 0.01171875 0.02421875
1 0.09453125 0.92421875 0.01953125 0.0390625
1 0.671875 0.42734375 0.00859375 0.015625
1 0.32421875 0.40390625 0.009375 0.01171875
1 0.54609375 0.58359375 0.01328125 0.02265625
1 0.3859375 0.315625 0.00859375 0.01171875
1 0.2453125 0.8734375 0.00859375 0.01640625
1 0.1265625 0.86640625 0.00859375 0.01484375
1 0.9359375 0.5453125 0.01484375 0.0234375
1 0.434375 0.415625 0.009375 0.0140625
0 0.23359375 0.246875 0.00703125 0.0109375
1 0.2859375 0.484375 0.01015625 0.01796875
1 0.959375 0.3984375 0.01015625 0.0125
1 0.4109375 0.48046875 0.0109375 0.0203125
1 0.5609375 0.3765625 0.009375 0.01328125
1 0.29921875 0.4625 0.0109375 0.01875
1 0.79296875 0.8453125 0.00703125 0.01171875
1 0.903125 0.31875 0.00859375 0.0125
1 0.07265625 0.4265625 0.009375 0.01328125
1 0.64921875 0.39765625 0.00859375 0.0171875
1 0.91875 0.53984375 0.01171875 0.015625
1 0.3703125 0.33515625 0.00703125 0.0140625
1 0.05234375 0.959375 0.01875 0.0375
1 0.48984375 0.45625 0.009375 0.01484375
1 0.03984375 0.6390625 0.01328125 0.02421875
1 0.34765625 0.33046875 0.00859375 0.01328125
1 0.3703125 0.31953125 0.00703125 0.0109375
1 0.13125 0.89765625 0.0140625 0.02265625
1 0.88359375 0.38671875 0.01171875 0.01953125
1 0.8671875 0.87421875 0.0125 0.01875
1 0.3796875 0.39765625 0.0109375 0.0171875
1 0.66953125 0.35625 0.009375 0.01015625
1 0.46015625 0.4578125 0.01015625 0.01875
1 0.4375 0.47109375 0.01171875 0.01875
1 0.7140625 0.346875 0.01015625 0.015625
1 0.40703125 0.41875 0.00859375 0.01328125
1 0.15546875 0.38671875 0.00859375 0.015625
1 0.9703125 0.38203125 0.00703125 0.01328125
1 0.1796875 0.89765625 0.01484375 0.0265625
1 0.2921875 0.57265625 0.01171875 0.02109375
1 0.3578125 0.33125 0.0078125 0.015625
1 0.8234375 0.85546875 0.0078125 0.01171875
1 0.3828125 0.36796875 0.009375 0.01484375
1 0.45703125 0.35859375 0.0078125 0.01328125
1 0.903125 0.3484375 0.00859375 0.0140625
1 0.0390625 0.44140625 0.009375 0.0125
1 0.65859375 0.3453125 0.01015625 0.0125
1 0.496875 0.275 0.0078125 0.01328125
1 0.6 0.36875 0.009375 0.0140625
1 0.3359375 0.3984375 0.00859375 0.01484375
1 0.9765625 0.3921875 0.0109375 0.01640625
1 0.378125 0.38125 0.009375 0.01171875
1 0.459375 0.38515625 0.00859375 0.0125
1 0.40859375 0.31640625 0.0078125 0.0109375
1 0.653125 0.359375 0.00859375 0.01328125
1 0.16171875 0.89453125 0.01328125 0.02734375
1 0.665625 0.33359375 0.00703125 0.0125
1 0.66796875 0.3734375 0.01015625 0.01328125
1 0.18984375 0.884375 0.01171875 0.01640625
1 0.8234375 0.921875 0.015625 0.028125
1 0.53984375 0.315625 0.01015625 0.0125
1 0.090625 0.4375 0.0109375 0.01484375
1 0.934375 0.334375 0.00703125 0.01328125
1 0.3875 0.52734375 0.01171875 0.021875
0 0.5390625 0.7875 0.0109375 0.01640625
1 0.615625 0.35703125 0.0109375 0.01484375
1 0.990625 0.41640625 0.0140625 0.0203125
1 0.3 0.33125 0.01015625 0.015625
0 0.1828125 0.1 0.17421875 0.10555555624999999 0.17734375 0.11805555625 0.18125 0.11944444375 0.1859375 0.1125 0.1828125 0.1