3 0.5296875 0.3765625 0.08203125 0.096875
4 0.16875 0.37265625 0.06171875 0.078125
2 0.7703125 0.21953125 0.0875 0.059375
4 0.2796875 0.84296875 0.0703125 0.06953125
4 0.36796875 0.309375 0.05234375 0.0796875
1 0.71875 0.4796875 0.0109375 0.01875
1 0.77265625 0.55390625 0.01328125 0.02265625
1 0.375 0.49375 0.01171875 0.0203125
1 0.375 0.44140625 0.01015625 0.01796875
1 0.35625 0.56953125 0.01328125 0.02265625
1 0.94609375 0.40078125 0.0109375 0.01640625
1 0.07109375 0.428125 0.01015625 0.015625
1 0.1640625 0.57734375 0.01328125 0.021875
1 0.89140625 0.4015625 0.01015625 0.0171875
1 0.79140625 0.88046875 0.0109375 0.01875
3 0.61484375 0.87109375 0.12109375 0.1046875
1 0.33515625 0.89921875 0.01328125 0.01875
2 0.2484375 0.22578125 0.0921875 0.0484375
1 0.665625 0.6234375 0.01328125 0.02109375
1 0.96875 0.42109375 0.0109375 0.01640625
1 0.309375 0.4390625 0.01015625 0.0171875
0 0.86953125 0.74765625 0.01953125 0.0421875
1 0.07109375 0.47734375 0.0109375 0.01875
1 0.6421875 0.390625 0.009375 0.015625
1 0.73984375 0.89453125 0.01328125 0.02265625
1 0.94453125 0.384375 0.01015625 0.015625
1 0.99296875 0.58125 0.0125 0.02109375
1 0.68046875 0.52734375 0.0125 0.021875
1 0.88359375 0.34296875 0.00859375 0.0140625
1 0.76640625 0.8765625 0.0109375 0.01796875
1 0.7953125 0.61640625 0.01328125 0.01796875
1 0.99140625 0.425 0.0125 0.0171875
1 0.70234375 0.5328125 0.0125 0.021875
1 0.33046875 0.428125 0.009375 0.01640625
1 0.17734375 0.93671875 0.0171875 0.03046875
1 0.45703125 0.39921875 0.009375 0.0171875
1 0.70078125 0.4625 0.0109375 0.01875
1 0.70546875 0.61640625 0.0125 0.01640625
0 0.86953125 0.8296875 0.0234375 0.03359375
1 0.3265625 0.46171875 0.01015625 0.01875
4 0.54296875 0.5296875 0.08984375 0.140625
1 0.690625 0.59453125 0.0125 0.015625
1 0.58359375 0.33046875 0.00859375 0.01328125
1 0.13046875 0.9140625 0.01484375 0.025
1 0.11640625 0.95625 0.01875 0.03359375
1 0.78671875 0.59296875 0.0125 0.01640625
1 0.13359375 0.33125 0.00859375 0.0125
1 0.9078125 0.346875 0.01015625 0.0171875
0 0.9359375 0.7328125 0.01953125 0.0375
0 0.96640625 0.76015625 0.01875 0.03671875
1 0.328125 0.40703125 0.01015625 0.01484375
1 0.625 0.4015625 0.01015625 0.01640625
1 0.2328125 0.88671875 0.0109375 0.01875
1 0.4703125 0.3046875 0.00703125 0.01171875
1 0.17890625 0.884375 0.0109375 0.01796875
1 0.69921875 0.42890625 0.01015625 0.015625
0 0.95 0.709375 0.01875 0.03046875
1 0.05 0.4328125 0.01015625 0.015625
1 0.078125 0.409375 0.009375 0.015625
0 0.975 0.72578125 0.01796875 0.03125
1 0.4625 0.3328125 0.00859375 0.0140625
1 0.30546875 0.41640625 0.01015625 0.015625
1 0.590625 0.3828125 0.009375 0.015625
0 0.39609375 0.18046875 0.009375 0.015625
1 0.0921875 0.9453125 0.0171875 0.03203125
1 0.91953125 0.40625 0.009375 0.01171875
3 0.546875 0.815625 0.0453125 0.0484375
1 0.15234375 0.93046875 0.015625 0.02734375
1 0.871875 0.94453125 0.01640625 0.0265625
1 0.88046875 0.328125 0.0078125 0.0140625
1 0.91875 0.39375 0.0109375 0.01484375
1 0.84140625 0.3421875 0.009375 0.015625
1 0.98515625 0.4078125 0.01015625 0.01328125
1 0.640625 0.36796875 0.009375 0.01484375
1 0.6796875 0.40703125 0.00859375 0.01328125
1 0.5421875 0.64609375 0.009375 0.0125
1 0.8328125 0.34140625 0.009375 0.0140625
1 0.82578125 0.890625 0.01171875 0.01875
1 0.675 0.43046875 0.0109375 0.01796875
0 0.6125 0.7328125 0.0125 0.02578125
1 0.9765625 0.3953125 0.01171875 0.015625
1 0.98515625 0.37109375 0.009375 0.01484375
1 0.09765625 0.36015625 0.00859375 0.01328125
1 0.45390625 0.3484375 0.0078125 0.01484375
1 0.6625 0.42265625 0.009375 0.01640625
1 0.065625 0.41015625 0.00859375 0.01328125
1 0.425 0.303125 0.00859375 0.01171875
1 0.853125 0.3171875 0.0078125 0.0125
1 0.60234375 0.371875 0.00859375 0.015625
1 0.19765625 0.90703125 0.01328125 0.02265625
1 0.11015625 0.35 0.009375 0.01328125
1 0.71171875 0.45859375 0.01015625 0.01875
1 0.5640625 0.8984375 0.01484375 0.0203125
1 0.49453125 0.30859375 0.0078125 0.01328125
1 0.909375 0.38203125 0.009375 0.0125
1 0.06953125 0.9921875 0.01875 0.01484375
1 0.21484375 0.6234375 0.0125 0.021875
1 0.603125 0.35234375 0.0078125 0.0140625
1 0.965625 0.3859375 0.0125 0.0171875
1 0.04609375 0.4171875 0.00703125 0.01328125
1 0.4578125 0.85 0.0078125 0.0109375
1 0.21953125 0.89921875 0.01328125 0.01875
1 0.16796875 0.9921875 0.01953125 0.0140625
1 0.70234375 0.415625 0.01015625 0.0125
0 0.78671875 0.16484375 0.01015625 0.0171875
1 0.115625 0.33984375 0.00703125 0.0125
1 0.146875 0.31875 0.00703125 0.01171875
1 0.65625 0.3015625 0.0078125 0.01171875
1 0.196875 0.853125 0.00859375 0.01171875
0 0.61328125 0.00625 0.0109375 0.01171875
1 0.90703125 0.98984375 0.01796875 0.01875
1 0.8453125 0.30390625 0.009375 0.0125
1 0.8546875 0.63515625 0.01171875 0.0203125
1 0.88984375 0.33046875 0.009375 0.01484375
1 0.553125 0.88984375 0.0109375 0.0171875
1 0.20390625 0.88046875 0.01015625 0.01484375
1 0.1609375 0.65 0.0109375 0.0125
1 0.72109375 0.446875 0.01171875 0.02265625
1 0.94140625 0.37109375 0.00859375 0.01171875
1 0.80625 0.85234375 0.00859375 0.01328125
1 0.546875 0.85 0.0078125 0.01171875
1 0.70546875 0.44296875 0.01015625 0.015625
1 0.8234375 0.3375 0.0078125 0.0140625
1 0.50859375 0.32109375 0.009375 0.01328125
0 0.7234375 0.23046875 0.009375 0.0140625
1 0.8671875 0.315625 0.009375 0.01328125
1 0.16875 0.32578125 0.00703125 0.0125
0 0.5421875 0.00390625 0.009375 0.0078125
1 0.53046875 0.85 0.0078125 0.0125
1 0.9 0.51796875 0.01015625 0.01328125
1 0.0140625 0.45 0.0078125 0.01171875
1 0.003125 0.459375 0.00625 0.015625
1 0.30859375 0.4 0.009375 0.0125
1 0.99609375 0.3703125 0.00703125 0.0140625
1 0.2640625 0.99453125 0.01640625 0.01015625
1 0.7734375 0.94453125 0.0203125 0.03671875
1 0.8234375 0.871875 0.01015625 0.01640625
1 0.07578125 0.38125 0.00859375 0.0125
1 0.6765625 0.2953125 0.00703125 0.01171875
1 0.82421875 0.32421875 0.009375 0.0109375
1 0.8296875 0.9875 0.02265625 0.025
1 0.43671875 0.296875 0.009375 0.0125
1 0.9734375 0.35390625 0.0109375 0.015625
1 0.5171875 0.2984375 0.0078125 0.0125
1 0.10703125 0.334375 0.009375 0.01328125
1 0.528125 0.303125 0.00859375 0.0109375
1 0.6125 0.35234375 0.01171875 0.01328125
1 0.44453125 0.2984375 0.00703125 0.0125
1 0.684375 0.43125 0.009375 0.015625
1 0.79453125 0.8421875 0.0078125 0.0109375
1 0.96015625 0.93046875 0.015625 0.02578125
1 0.95390625 0.35703125 0.01015625 0.01640625
1 0.88828125 0.30703125 0.009375 0.0125
1 0.5515625 0.2984375 0.00859375 0.01171875
1 0.99453125 0.39453125 0.00859375 0.0140625
1 0.9109375 0.940625 0.0125 0.021875
1 0.84296875 0.8953125 0.0078125 0.015625
0 0.3984375 0.99140625 0.01953125 0.01640625
1 0.70234375 0.996875 0.01328125 0.00625
1 0.7453125 0.8359375 0.00703125 0.01015625
1 0.87890625 0.30078125 0.00703125 0.0125
1 0.23984375 0.84296875 0.00625 0.01015625
1 0.946875 0.346875 0.00859375 0.01484375
1 0.9390625 0.46015625 0.01015625 0.01484375