2 0.76328125 0.21640625 0.0890625 0.06171875
2 0.24609375 0.20859375 0.0890625 0.0546875
1 0.7609375 0.61953125 0.01171875 0.0171875
1 0.396875 0.45625 0.0109375 0.01953125
3 0.45546875 0.35625 0.0671875 0.0859375
1 0.446875 0.4203125 0.009375 0.0171875
4 0.5953125 0.30078125 0.05390625 0.0859375
1 0.9734375 0.43359375 0.0109375 0.015625
1 0.93984375 0.546875 0.0125 0.02109375
1 0.01875 0.47890625 0.0125 0.01796875
1 0.86875 0.378125 0.009375 0.0140625
1 0.784375 0.59375 0.01328125 0.021875
1 0.60703125 0.5109375 0.01171875 0.02109375
1 0.39609375 0.41640625 0.009375 0.01640625
1 0.56640625 0.46953125 0.01015625 0.01953125
1 0.1734375 0.44296875 0.01171875 0.01875
1 0.8171875 0.59765625 0.01328125 0.02265625
1 0.5140625 0.45390625 0.0109375 0.01953125
1 0.04375 0.40078125 0.01171875 0.0203125
1 0.884375 0.37734375 0.009375 0.015625
1 0.296875 0.56953125 0.0125 0.02265625
1 0.64140625 0.52890625 0.01171875 0.01953125
1 0.94453125 0.4046875 0.01015625 0.015625
1 0.74453125 0.596875 0.0125 0.02265625
1 0.90546875 0.41640625 0.01015625 0.01640625
1 0.7703125 0.5796875 0.01328125 0.02109375
1 0.92890625 0.396875 0.01015625 0.01640625
1 0.728125 0.621875 0.0109375 0.01484375
1 0.36640625 0.43359375 0.01015625 0.01796875
1 0.18359375 0.92890625 0.01484375 0.02421875
3 0.6421875 0.43671875 0.07109375 0.096875
1 0.34375 0.890625 0.00859375 0.015625
1 0.6765625 0.55078125 0.01328125 0.0203125
1 0.39453125 0.390625 0.01015625 0.01484375
1 0.3921875 0.340625 0.0078125 0.0140625
4 0.7125 0.4890625 0.1046875 0.12109375
1 0.68515625 0.88515625 0.0109375 0.01953125
1 0.521875 0.3390625 0.00859375 0.01484375
1 0.08515625 0.4296875 0.0109375 0.01640625
1 0.09765625 0.41796875 0.01015625 0.01640625
1 0.1296875 0.4265625 0.0109375 0.0171875
1 0.3421875 0.37421875 0.009375 0.0171875
1 0.7625 0.42734375 0.01015625 0.01796875
1 0.6421875 0.48671875 0.0109375 0.01796875
1 0.84765625 0.38203125 0.009375 0.01484375
1 0.14453125 0.3390625 0.00859375 0.0140625
1 0.26484375 0.5328125 0.01171875 0.01953125
1 0.009375 0.43515625 0.0109375 0.01796875
1 0.66171875 0.5515625 0.0125 0.02109375
1 0.0203125 0.4421875 0.01171875 0.01640625
1 0.21640625 0.64140625 0.01328125 0.021875
1 0.27265625 0.49453125 0.0125 0.015625
1 0.42890625 0.3921875 0.009375 0.015625
1 0.053125 0.46875 0.01171875 0.01796875
1 0.059375 0.45703125 0.0109375 0.015625
1 0.65 0.56953125 0.0125 0.02265625
1 0.85859375 0.9796875 0.01875 0.03359375
1 0.328125 0.9046875 0.00859375 0.01171875
1 0.4828125 0.3875 0.01015625 0.01640625
1 0.32421875 0.34296875 0.009375 0.0140625
1 0.73828125 0.4390625 0.009375 0.015625
1 0.39609375 0.9046875 0.01015625 0.01328125
1 0.865625 0.45 0.01015625 0.01796875
1 0.50078125 0.3890625 0.01015625 0.01640625
1 0.64375 0.29140625 0.00703125 0.01328125
1 0.65078125 0.33515625 0.01015625 0.01875
1 0.10390625 0.30234375 0.0078125 0.01328125
1 0.91875 0.6234375 0.0125 0.015625
1 0.11953125 0.93125 0.015625 0.025
1 0.553125 0.325 0.0078125 0.01484375
1 0.46875 0.28828125 0.0078125 0.01328125
1 0.73125 0.88671875 0.0109375 0.01875
1 0.99609375 0.4734375 0.00703125 0.01796875
1 0.89609375 0.29765625 0.0078125 0.0140625
1 0.21484375 0.88515625 0.009375 0.015625
1 0.81015625 0.38125 0.00859375 0.01484375
1 0.7 0.88203125 0.009375 0.01640625
1 0.5046875 0.2765625 0.00703125 0.0125
1 0.41796875 0.3828125 0.00859375 0.0109375
1 0.91875 0.3484375 0.0078125 0.01484375
1 0.55703125 0.2890625 0.0078125 0.0125
1 0.27421875 0.5109375 0.01171875 0.0171875
1 0.28671875 0.5109375 0.01171875 0.02109375
0 0.296875 0.175 0.009375 0.01796875
1 0.79296875 0.9015625 0.0109375 0.01875
1 0.8109375 0.99296875 0.01796875 0.01328125
1 0.278125 0.44453125 0.01015625 0.015625
1 0.15078125 0.43671875 0.01015625 0.0171875
1 0.0265625 0.46484375 0.0109375 0.0171875
1 0.01796875 0.36875 0.01015625 0.015625
1 0.54609375 0.278125 0.0078125 0.0140625
1 0.81953125 0.37265625 0.00703125 0.0125
1 0.2921875 0.43515625 0.01015625 0.0140625
1 0.8390625 0.28515625 0.00703125 0.01328125
1 0.3921875 0.37578125 0.00859375 0.0140625
1 0.88828125 0.33984375 0.00859375 0.01484375
1 0.821875 0.88828125 0.01015625 0.01875
1 0.2828125 0.88515625 0.01640625 0.0296875
1 0.65859375 0.2609375 0.0078125 0.01171875
1 0.83828125 0.3875 0.01015625 0.0171875
1 0.26875 0.471875 0.009375 0.0171875
4 0.734375 0.84765625 0.0671875 0.06328125
1 0.859375 0.9453125 0.01484375 0.02265625
1 0.2625 0.50703125 0.0109375 0.01484375
1 0.44765625 0.26171875 0.0078125 0.0109375
1 0.57109375 0.6046875 0.009375 0.021875
1 0.2875 0.4890625 0.0125 0.01953125
1 0.40234375 0.64375 0.01015625 0.01640625
1 0.81484375 0.93984375 0.0140625 0.0265625
1 0.29921875 0.4625 0.01171875 0.01484375
1 0.14609375 0.99140625 0.0171875 0.01640625
1 0.1734375 0.9046875 0.009375 0.0171875
1 0.3359375 0.3421875 0.009375 0.0140625
1 0.02734375 0.3484375 0.009375 0.015625
1 0.41640625 0.3984375 0.00859375 0.01640625
1 0.3375 0.31796875 0.00859375 0.01484375
1 0.503125 0.44921875 0.01015625 0.01875
1 0.3734375 0.25859375 0.0078125 0.0125
1 0.684375 0.321875 0.009375 0.01328125
1 0.17421875 0.26796875 0.01015625 0.01328125
1 0.5015625 0.35625 0.009375 0.01484375
1 0.99609375 0.42890625 0.0078125 0.015625
1 0.796875 0.95234375 0.01640625 0.0265625
1 0.41953125 0.26875 0.0078125 0.01171875
1 0.39609375 0.25703125 0.009375 0.015625
1 0.01015625 0.41015625 0.00859375 0.0171875
1 0.69453125 0.33359375 0.00859375 0.015625
1 0.8265625 0.39140625 0.01015625 0.0171875
1 0.43203125 0.27578125 0.00703125 0.0125
1 0.06640625 0.34765625 0.009375 0.01484375
1 0.34765625 0.2640625 0.00859375 0.0125
1 0.7765625 0.95234375 0.01640625 0.0296875
1 0.80390625 0.375 0.0078125 0.01328125
1 0.05234375 0.35078125 0.01015625 0.01640625
1 0.70859375 0.3015625 0.0109375 0.0171875
1 0.35 0.309375 0.009375 0.0140625
1 0.7 0.32109375 0.01015625 0.01484375
1 0.365625 0.90546875 0.009375 0.0109375
1 0.81015625 0.88828125 0.01015625 0.0171875
1 0.18203125 0.90546875 0.01015625 0.015625
1 0.29765625 0.34140625 0.01015625 0.01328125
1 0.16015625 0.26015625 0.00859375 0.0125
1 0.46484375 0.25703125 0.0078125 0.0125
1 0.45546875 0.275 0.0078125 0.0125
1 0.66171875 0.36640625 0.01015625 0.01171875
1 0.98828125 0.409375 0.0109375 0.0171875
1 0.33984375 0.3296875 0.0078125 0.0125
1 0.303125 0.45 0.0109375 0.015625
1 0.775 0.88828125 0.0109375 0.01484375
1 0.275 0.4578125 0.0109375 0.01171875
1 0.70234375 0.4203125 0.01015625 0.01640625
1 0.190625 0.8671875 0.00625 0.009375
1 0.753125 0.4234375 0.009375 0.01875
1 0.2546875 0.51875 0.00859375 0.01484375
1 0.75390625 0.8875 0.01171875 0.01875
1 0.2484375 0.9796875 0.021875 0.03515625
1 0.9953125 0.39453125 0.00703125 0.01328125
1 0.734375 0.64609375 0.009375 0.009375
1 0.78046875 0.6453125 0.0125 0.01015625
1 0.846875 0.91015625 0.01328125 0.025
1 0.9890625 0.37890625 0.01171875 0.01875
1 0.675 0.30859375 0.009375 0.0140625
1 0.9671875 0.39765625 0.009375 0.015625
1 0.2890625 0.459375 0.0109375 0.0171875
1 0.35078125 0.29375 0.00859375 0.0125
1 0.509375 0.2625 0.00859375 0.01171875
1 0.93515625 0.33203125 0.01015625 0.0140625
1 0.52890625 0.2671875 0.00859375 0.01171875
1 0.871875 0.365625 0.009375 0.0125
1 0.56015625 0.26796875 0.009375 0.01328125
1 0.7109375 0.62421875 0.01015625 0.0125
1 0.1296875 0.271875 0.00859375 0.0140625
1 0.27890625 0.4765625 0.01015625 0.015625
1 0.89296875 0.27890625 0.0078125 0.0140625
1 0.26796875 0.90546875 0.00546875 0.0109375
1 0.80625 0.3515625 0.00625 0.0109375
1 0.21953125 0.86640625 0.00625 0.009375
1 0.71015625 0.88046875 0.009375 0.01484375
0 0.24453125 0.78515625 0.00859375 0.01484375
1 0.09453125 0.2890625 0.009375 0.015625
1 0.13359375 0.8875 0.0125 0.0171875
1 0.078125 0.2953125 0.0078125 0.0125
1 0.875 0.278125 0.0109375 0.01328125
1 0.16171875 0.21796875 0.00859375 0.01015625
1 0.92578125 0.32890625 0.0109375 0.01328125
1 0.45390625 0.88203125 0.00703125 0.01171875
1 0.3578125 0.25859375 0.01015625 0.01328125
1 0.06796875 0.31640625 0.01015625 0.0140625
1 0.04609375 0.9265625 0.01875 0.03046875
1 0.040625 0.99375 0.0171875 0.0125
1 0.93515625 0.3203125 0.00859375 0.01171875
1 0.76796875 0.878125 0.00859375 0.0125
1 0.60703125 0.87109375 0.00625 0.009375
1 0.8875 0.93984375 0.0125 0.02109375
1 0.67578125 0.3453125 0.00859375 0.01171875
1 0.54921875 0.5546875 0.01015625 0.0140625
1 0.3328125 0.33125 0.009375 0.01171875
1 0.6296875 0.3765625 0.00703125 0.0109375
1 0.00390625 0.3671875 0.00703125 0.01796875
1 0.67578125 0.38359375 0.009375 0.01484375
1 0.42734375 0.259375 0.009375 0.0109375
1 0.41796875 0.25859375 0.0078125 0.0125
1 0.9453125 0.3609375 0.00859375 0.0140625
1 0.378125 0.01015625 0.0078125 0.009375
1 0.521875 0.25859375 0.009375 0.01328125
1 0.68671875 0.35703125 0.00859375 0.0125
1 0.96953125 0.36875 0.0125 0.01640625
1 0.95703125 0.9296875 0.0125 0.02109375
1 0.68984375 0.384375 0.0109375 0.015625
1 0.67734375 0.3671875 0.01015625 0.0140625
1 0.7140625 0.33359375 0.0109375 0.01484375
1 0.0171875 0.35 0.009375 0.01171875
1 0.0671875 0.3375 0.01015625 0.01171875
1 0.1203125 0.27109375 0.00859375 0.0140625