4 0.32890625 0.31015625 0.0828125 0.0890625
0 0.20625 0.23046875 0.0140625 0.01875
0 0.146875 0.171875 0.0171875 0.021875
0 0.115625 0.1109375 0.0171875 0.0234375
0 0.009375 0.33828125 0.0171875 0.021875
0 0.02890625 0.30234375 0.01875 0.025
0 0.1109375 0.0765625 0.0171875 0.0234375
1 0.62578125 0.41328125 0.0171875 0.01875
2 0.73515625 0.1953125 0.1015625 0.0640625
3 0.75625 0.83125 0.06875 0.0515625
0 0.75234375 0.2046875 0.0140625 0.01875
0 0.05546875 0.1828125 0.01875 0.025
1 0.61640625 0.5796875 0.0171875 0.025
0 0.18984375 0.19609375 0.0171875 0.0203125
0 0.72421875 0.21171875 0.0140625 0.0171875
1 0.7109375 0.478125 0.015625 0.0203125
0 0.16015625 0.1375 0.0171875 0.01875
1 0.61171875 0.39609375 0.0140625 0.0171875
1 0.61328125 0.4328125 0.0140625 0.0171875
0 0.240625 0.8375 0.0125 0.0140625
1 0.559375 0.39921875 0.0140625 0.01875
0 0.7546875 0.21015625 0.015625 0.021875
1 0.87578125 0.2515625 0.0125 0.0140625
1 0.98203125 0.40078125 0.015625 0.0171875
1 0.5171875 0.3359375 0.0125 0.0140625
1 0.70625 0.44140625 0.0140625 0.0171875
1 0.64140625 0.41328125 0.015625 0.0171875
1 0.27890625 0.56953125 0.0171875 0.0234375
1 0.89765625 0.3546875 0.0140625 0.0203125
1 0.4359375 0.271875 0.0109375 0.0140625
1 0.56015625 0.346875 0.0125 0.0171875
4 0.03203125 0.509375 0.0640625 0.13125
1 0.0984375 0.365625 0.0125 0.0140625
1 0.81328125 0.89921875 0.01875 0.0234375
1 0.925 0.31328125 0.0140625 0.015625
1 0.703125 0.41953125 0.015625 0.0171875
1 0.85390625 0.26953125 0.0125 0.0140625
1 0.51875 0.3546875 0.0125 0.015625
1 0.3625 0.35859375 0.0125 0.0140625
1 0.5875 0.3484375 0.0140625 0.0140625
1 0.61015625 0.4953125 0.015625 0.021875
1 0.3109375 0.396875 0.0140625 0.0171875
1 0.55703125 0.32421875 0.0140625 0.0140625
4 0.171875 0.46328125 0.0890625 0.11875
1 0.434375 0.37265625 0.0125 0.015625
1 0.15859375 0.378125 0.0140625 0.015625
1 0.6609375 0.43046875 0.0140625 0.01875
1 0.30859375 0.38125 0.0125 0.0125
1 0.4609375 0.86171875 0.0078125 0.0140625
0 0.2796875 0.74375 0.0203125 0.034375
1 0.9046875 0.48984375 0.015625 0.0203125
1 0.68828125 0.40859375 0.0140625 0.01875
1 0.7953125 0.27421875 0.00625 0.0078125
1 0.96484375 0.4015625 0.0171875 0.01875
1 0.809375 0.87578125 0.0140625 0.0171875
1 0.65234375 0.30546875 0.0109375 0.015625
1 0.5859375 0.42265625 0.0125 0.0171875
1 0.421875 0.3578125 0.0125 0.015625
1 0.2875 0.35703125 0.0140625 0.015625
1 0.57265625 0.36015625 0.0140625 0.0140625
1 0.90546875 0.48359375 0.0171875 0.021875
1 0.68203125 0.48828125 0.015625 0.0203125
0 0.2390625 0.1984375 0.0125 0.0140625
1 0.571875 0.31484375 0.0140625 0.0140625
1 0.50625 0.31953125 0.0140625 0.0203125
1 0.7875 0.353125 0.01875 0.0203125
1 0.39140625 0.3609375 0.0125 0.015625
1 0.628125 0.53671875 0.0171875 0.0234375
1 0.45 0.5078125 0.015625 0.0203125
3 0.821875 0.2375 0.05625 0.0734375
1 0.76953125 0.8828125 0.015625 0.021875
0 0.11171875 0.11484375 0.015625 0.0203125
1 0.61015625 0.37421875 0.0140625 0.0140625
1 0.91796875 0.846875 0.0109375 0.0125
1 0.5265625 0.33984375 0.009375 0.0109375
1 0.38671875 0.265625 0.0109375 0.0140625
1 0.90703125 0.275 0.0125 0.0140625
1 0.675 0.44296875 0.0140625 0.0203125
1 0.596875 0.38359375 0.0140625 0.015625
1 0.4140625 0.4296875 0.0140625 0.01875
1 0.33984375 0.59375 0.0171875 0.0234375
1 0.08671875 0.96015625 0.015625 0.0203125
1 0.58203125 0.30078125 0.0125 0.015625
1 0.80078125 0.9078125 0.021875 0.0296875
1 0.81953125 0.8515625 0.0109375 0.0109375
1 0.46484375 0.55703125 0.0171875 0.025
1 0.5671875 0.3875 0.0140625 0.0140625
1 0.92734375 0.3140625 0.009375 0.015625
1 0.40546875 0.26484375 0.0125 0.0140625
1 0.58359375 0.384375 0.0140625 0.0140625
1 0.70546875 0.47734375 0.0109375 0.0171875
1 0.42734375 0.2703125 0.0109375 0.0125
1 0.89609375 0.34921875 0.0140625 0.0171875
1 0.60078125 0.3359375 0.0140625 0.0140625
1 0.10703125 0.95546875 0.015625 0.021875
1 0.17890625 0.975 0.0203125 0.03125
1 0.67578125 0.3859375 0.0140625 0.0140625
1 0.30546875 0.60390625 0.01875 0.025
1 0.94375 0.3921875 0.0140625 0.01875
1 0.4546875 0.403125 0.015625 0.0171875
1 0.6171875 0.32578125 0.0125 0.0140625
1 0.44375 0.90625 0.0140625 0.0171875
1 0.69765625 0.44921875 0.015625 0.015625
1 0.54453125 0.43359375 0.0140625 0.0171875
1 0.47890625 0.44921875 0.015625 0.01875
1 0.11953125 0.90234375 0.0109375 0.0125
1 0.89765625 0.859375 0.0140625 0.0171875
1 0.5578125 0.3796875 0.0140625 0.01875
1 0.6078125 0.41796875 0.015625 0.0140625
1 0.1390625 0.3453125 0.0140625 0.015625
1 0.5921875 0.39921875 0.015625 0.0171875
1 0.6875 0.30703125 0.0140625 0.015625
1 0.91796875 0.2734375 0.0140625 0.015625
1 0.65703125 0.3828125 0.0125 0.0125
1 0.41796875 0.4859375 0.0140625 0.0171875
1 0.71796875 0.43125 0.015625 0.0171875
1 0.63515625 0.33203125 0.0140625 0.0109375
1 0.58203125 0.26640625 0.0125 0.0125
1 0.85390625 0.24609375 0.0125 0.0125
1 0.5 0.2625 0.0109375 0.0125
1 0.4140625 0.33671875 0.0140625 0.0140625
1 0.59140625 0.36953125 0.0140625 0.0140625
1 0.44296875 0.390625 0.0140625 0.015625
1 0.07734375 0.33671875 0.009375 0.0140625
1 0.4078125 0.475 0.0125 0.015625
1 0.321875 0.38203125 0.0140625 0.009375
1 0.68359375 0.35859375 0.009375 0.0109375
1 0.46796875 0.3 0.0109375 0.015625
1 0.56640625 0.37578125 0.0140625 0.0140625
1 0.553125 0.3109375 0.0125 0.0125
1 0.58046875 0.453125 0.0125 0.0140625
1 0.69609375 0.38984375 0.0125 0.0140625
1 0.4734375 0.29453125 0.0140625 0.0140625
1 0.9859375 0.33828125 0.0125 0.015625
1 0.903125 0.83671875 0.0109375 0.0109375
1 0.32109375 0.39765625 0.0140625 0.0171875
1 0.49140625 0.259375 0.0125 0.0125
0 0.0046875 0.41484375 0.009375 0.0234375
1 0.40546875 0.4734375 0.0140625 0.01875
1 0.55859375 0.84921875 0.0125 0.0125
1 0.53203125 0.2953125 0.0125 0.0171875
1 0.65234375 0.3578125 0.0140625 0.0125
4 0.3828125 0.865625 0.103125 0.11875
0 0.3546875 0.71875 0.0109375 0.0140625
1 0.83359375 0.84765625 0.009375 0.0109375
0 0.1625 0.140625 0.0125 0.0140625
1 0.1140625 0.9734375 0.0140625 0.0140625
1 0.32734375 0.65625 0.015625 0.0140625
1 0.1828125 0.3359375 0.015625 0.01875
1 0.8421875 0.9046875 0.01875 0.0265625
0 0.34296875 0.71796875 0.0125 0.015625
1 0.68203125 0.27890625 0.0125 0.0171875
1 0.6265625 0.371875 0.015625 0.0140625
1 0.565625 0.8859375 0.0078125 0.00625
1 0.58046875 0.253125 0.0109375 0.0125
1 0.0875 0.35078125 0.0125 0.015625
1 0.6375 0.34765625 0.015625 0.0140625
1 0.13359375 0.89375 0.0109375 0.0125
1 0.7984375 0.26875 0.0140625 0.0125
1 0.85 0.2359375 0.0109375 0.0109375
2 0.21796875 0.23203125 0.0921875 0.075
1 0.05234375 0.35859375 0.0140625 0.015625
1 0.80234375 0.6109375 0.0140625 0.015625
1 0.62421875 0.359375 0.0140625 0.0125
3 0.85390625 0.82578125 0.0625 0.059375
4 0.25859375 0.9234375 0.1578125 0.153125