2 0.76953125 0.2203125 0.08984375 0.0578125
3 0.19765625 0.88203125 0.1359375 0.134375
3 0.86796875 0.2984375 0.06484375 0.06953125
1 0.9734375 0.40546875 0.0109375 0.015625
1 0.90390625 0.4390625 0.01015625 0.01796875
1 0.6171875 0.871875 0.01015625 0.01796875
1 0.1796875 0.43125 0.009375 0.0171875
1 0.8171875 0.44765625 0.009375 0.01875
1 0.06484375 0.48046875 0.0109375 0.01875
1 0.14375 0.39375 0.00859375 0.01484375
1 0.3578125 0.43515625 0.01015625 0.01640625
1 0.6265625 0.446875 0.01015625 0.01875
2 0.2484375 0.2265625 0.09140625 0.046875
1 0.6734375 0.428125 0.01015625 0.01640625
3 0.0234375 0.45078125 0.046875 0.0859375
1 0.56640625 0.45625 0.009375 0.01875
1 0.3859375 0.48515625 0.01171875 0.01796875
1 0.6609375 0.596875 0.01171875 0.015625
1 0.659375 0.38046875 0.009375 0.01328125
1 0.7796875 0.58984375 0.01328125 0.0171875
1 0.39765625 0.50390625 0.01171875 0.0203125
1 0.71171875 0.55 0.0125 0.02265625
1 0.70078125 0.4671875 0.0109375 0.01875
1 0.49375 0.44765625 0.0109375 0.01875
1 0.49921875 0.421875 0.01015625 0.01640625
1 0.5015625 0.5671875 0.0125 0.0234375
1 0.1046875 0.4484375 0.01015625 0.0171875
1 0.85390625 0.4109375 0.01015625 0.01796875
1 0.7421875 0.534375 0.0125 0.021875
1 0.35 0.5171875 0.01171875 0.02109375
1 0.059375 0.43359375 0.01015625 0.015625
1 0.06796875 0.42109375 0.01015625 0.015625
1 0.29765625 0.46015625 0.01015625 0.0171875
1 0.30859375 0.4359375 0.01015625 0.01796875
1 0.72421875 0.484375 0.0109375 0.01953125
1 0.7640625 0.5296875 0.01171875 0.0203125
1 0.6453125 0.3921875 0.009375 0.0140625
1 0.28984375 0.44609375 0.00859375 0.01484375
1 0.39296875 0.43046875 0.00859375 0.01484375
1 0.521875 0.3578125 0.009375 0.01484375
1 0.64921875 0.3421875 0.0078125 0.0140625
1 0.65234375 0.88984375 0.0125 0.02265625
1 0.85 0.8859375 0.0109375 0.02109375
1 0.76171875 0.62109375 0.0125 0.01953125
1 0.29140625 0.89921875 0.01484375 0.01875
1 0.3515625 0.45625 0.009375 0.01796875
1 0.3265625 0.4546875 0.0109375 0.01796875
1 0.5421875 0.89140625 0.01328125 0.025
1 0.93359375 0.91484375 0.0140625 0.0234375
1 0.8125 0.86640625 0.009375 0.0140625
1 0.71171875 0.8703125 0.01015625 0.01328125
1 0.5703125 0.36875 0.00859375 0.015625
4 0.9234375 0.33046875 0.0765625 0.08203125
1 0.71328125 0.42734375 0.0109375 0.0171875
1 0.609375 0.34140625 0.00859375 0.01328125
1 0.87734375 0.3703125 0.009375 0.01484375
1 0.359375 0.37890625 0.009375 0.015625
1 0.153125 0.4640625 0.01015625 0.015625
1 0.7125 0.88671875 0.01171875 0.0203125
1 0.38359375 0.35859375 0.00703125 0.0125
1 0.6 0.36796875 0.01015625 0.01484375
1 0.09375 0.4515625 0.01015625 0.0171875
1 0.5609375 0.3734375 0.009375 0.01328125
1 0.1296875 0.34140625 0.00859375 0.0125
1 0.36015625 0.88203125 0.0109375 0.01875
1 0.3890625 0.3953125 0.009375 0.01484375
1 0.36484375 0.45390625 0.0109375 0.01640625
1 0.4375 0.50625 0.0125 0.01796875
1 0.3875 0.88359375 0.0109375 0.0203125
1 0.38671875 0.37734375 0.01015625 0.0140625
1 0.21796875 0.97578125 0.02265625 0.0390625
1 0.08046875 0.43828125 0.01015625 0.01640625
1 0.4875 0.40859375 0.0109375 0.01640625
1 0.88671875 0.87890625 0.0109375 0.015625
1 0.38671875 0.453125 0.009375 0.01640625
1 0.40234375 0.40390625 0.01015625 0.015625
1 0.51875 0.4 0.00859375 0.0140625
1 0.53984375 0.38046875 0.009375 0.01484375
1 0.45 0.49921875 0.01171875 0.01796875
1 0.346875 0.31796875 0.0078125 0.01171875
1 0.32265625 0.43515625 0.01015625 0.01796875
1 0.553125 0.353125 0.00703125 0.01328125
1 0.44609375 0.4703125 0.0109375 0.01875
1 0.3265625 0.87265625 0.01015625 0.0171875
1 0.01171875 0.58359375 0.01171875 0.01484375
1 0.5296875 0.3296875 0.00703125 0.01328125
1 0.66875 0.346875 0.00859375 0.0140625
1 0.53203125 0.3953125 0.00859375 0.015625
1 0.53671875 0.64453125 0.01171875 0.0140625
1 0.3484375 0.62734375 0.0140625 0.0234375
1 0.46015625 0.63515625 0.01328125 0.025
1 0.31875 0.3859375 0.0078125 0.01484375
1 0.409375 0.4421875 0.009375 0.01484375
1 0.43359375 0.47109375 0.01328125 0.01875
1 0.0625 0.99140625 0.01875 0.015625
1 0.46640625 0.43046875 0.0125 0.01796875
1 0.4828125 0.5 0.01015625 0.01875
1 0.5609375 0.3390625 0.00859375 0.015625
1 0.2796875 0.4828125 0.0078125 0.0109375
1 0.4078125 0.42578125 0.00859375 0.0140625
1 0.6484375 0.38046875 0.0078125 0.01171875
1 0.425 0.3203125 0.009375 0.01328125
1 0.49375 0.37578125 0.009375 0.015625
1 0.8296875 0.859375 0.0078125 0.01484375
1 0.33203125 0.3734375 0.009375 0.015625
1 0.69453125 0.396875 0.009375 0.01875
1 0.509375 0.31875 0.00859375 0.0140625
1 0.17109375 0.31015625 0.0078125 0.01171875
1 0.09375 0.3765625 0.00859375 0.01484375
1 0.78359375 0.61640625 0.0125 0.01640625
1 0.49765625 0.3578125 0.009375 0.0125
1 0.4984375 0.32421875 0.00859375 0.01484375
1 0.38515625 0.34375 0.0078125 0.0140625
1 0.73671875 0.63203125 0.0125 0.0234375
1 0.46484375 0.3578125 0.00859375 0.01484375
1 0.875 0.353125 0.01015625 0.0125
1 0.80546875 0.8421875 0.00625 0.01015625
1 0.459375 0.4171875 0.01015625 0.01796875
1 0.56328125 0.846875 0.00859375 0.0125
1 0.43203125 0.49296875 0.0109375 0.01328125
1 0.409375 0.50625 0.0125 0.01953125
1 0.934375 0.9453125 0.00703125 0.0171875
1 0.390625 0.46640625 0.0109375 0.01484375
1 0.6609375 0.36484375 0.00703125 0.01328125
1 0.359375 0.35625 0.00703125 0.0125
1 0.6609375 0.32578125 0.00859375 0.01484375
1 0.76171875 0.64375 0.0109375 0.01015625
1 0.4546875 0.43359375 0.009375 0.01484375
1 0.678125 0.36484375 0.0078125 0.01328125
1 0.4046875 0.35234375 0.0078125 0.0125
1 0.678125 0.346875 0.0078125 0.01171875
1 0.44921875 0.35546875 0.01015625 0.0140625
1 0.97265625 0.3703125 0.01015625 0.0140625
1 0.4484375 0.3953125 0.01015625 0.0125
1 0.50078125 0.390625 0.01015625 0.01171875
1 0.60390625 0.3265625 0.00703125 0.0125
1 0.44375 0.30703125 0.00703125 0.0125
1 0.1125 0.35546875 0.00859375 0.0125
1 0.45234375 0.33984375 0.0078125 0.01328125
1 0.4609375 0.4546875 0.0109375 0.01796875
1 0.30234375 0.86484375 0.00703125 0.0140625
1 0.04453125 0.53671875 0.00546875 0.0125
1 0.7015625 0.421875 0.0109375 0.01640625
1 0.053125 0.3859375 0.00859375 0.01484375
1 0.50625 0.334375 0.00859375 0.01484375
1 0.27734375 0.88828125 0.01171875 0.01875
1 0.1921875 0.30859375 0.00703125 0.0125
1 0.51640625 0.33046875 0.00859375 0.0125
1 0.14921875 0.309375 0.00703125 0.01015625
1 0.1453125 0.33046875 0.0078125 0.0125
1 0.4375 0.4140625 0.009375 0.01640625
1 0.08125 0.38359375 0.01015625 0.015625
1 0.1015625 0.3546875 0.0109375 0.0140625
1 0.82734375 0.3015625 0.00859375 0.01328125
1 0.9875 0.99453125 0.0140625 0.01015625
1 0.703125 0.4046875 0.00859375 0.0125
1 0.97734375 0.38828125 0.01015625 0.01484375
1 0.3359375 0.35546875 0.00703125 0.01171875
1 0.409375 0.37109375 0.009375 0.0140625
1 0.56328125 0.3203125 0.00859375 0.0125
1 0.41484375 0.47578125 0.01171875 0.01875
1 0.3921875 0.3421875 0.0078125 0.01328125
1 0.35234375 0.35546875 0.009375 0.015625
1 0.9296875 0.934375 0.0109375 0.0140625
1 0.834375 0.84375 0.00703125 0.0109375
1 0.88359375 0.334375 0.0078125 0.0109375
1 0.28984375 0.84921875 0.00625 0.0109375
1 0.7734375 0.84375 0.0078125 0.0109375
1 0.52890625 0.85 0.00859375 0.01171875
1 0.5 0.40390625 0.0109375 0.0140625
1 0.340625 0.34296875 0.00703125 0.01171875
1 0.92421875 0.946875 0.00859375 0.0171875
1 0.43359375 0.453125 0.0140625 0.01484375
1 0.1140625 0.34140625 0.009375 0.01328125
1 0.47890625 0.4875 0.009375 0.01484375
1 0.603125 0.3109375 0.00703125 0.0125
1 0.44765625 0.4078125 0.01015625 0.01484375
1 0.62421875 0.32890625 0.0109375 0.01328125
1 0.4015625 0.46953125 0.0109375 0.01875
1 0.446875 0.453125 0.01171875 0.015625
1 0.9375 0.875 0.0109375 0.0171875
1 0.571875 0.34375 0.009375 0.01484375
1 0.503125 0.46171875 0.00625 0.01015625
1 0.04921875 0.42265625 0.01015625 0.01640625
1 0.39453125 0.9078125 0.00703125 0.0078125
1 0.58359375 0.32421875 0.009375 0.0125
1 0.43515625 0.3203125 0.0078125 0.0125
1 0.46328125 0.30234375 0.00859375 0.01171875
1 0.40703125 0.64765625 0.009375 0.0109375
1 0.80234375 0.59765625 0.0109375 0.01171875
1 0.47890625 0.38125 0.009375 0.01328125
1 0.4671875 0.4078125 0.01015625 0.01640625
1 0.575 0.31015625 0.009375 0.0125
1 0.528125 0.3046875 0.009375 0.01171875
1 0.46015625 0.34453125 0.0078125 0.0140625
1 0.46171875 0.378125 0.01015625 0.0140625
1 0.153125 0.32578125 0.00859375 0.0125
1 0.48125 0.35 0.00859375 0.01171875
1 0.06484375 0.38515625 0.01015625 0.01484375
1 0.7875 0.84296875 0.009375 0.01015625
1 0.5640625 0.35546875 0.00859375 0.01171875
1 0.45078125 0.596875 0.009375 0.01015625
1 0.03359375 0.425 0.009375 0.0140625
1 0.56796875 0.30703125 0.00859375 0.01484375
1 0.98359375 0.37109375 0.01015625 0.01484375
1 0.4796875 0.3046875 0.00859375 0.0140625
1 0.521875 0.38671875 0.01015625 0.0109375
1 0.26640625 0.88828125 0.00859375 0.01953125
1 0.4484375 0.61171875 0.01015625 0.01171875
1 0.040625 0.38046875 0.00859375 0.0109375
1 0.15234375 0.48046875 0.01015625 0.01171875
1 0.5515625 0.3 0.01015625 0.01328125
1 0.45859375 0.38984375 0.01015625 0.01328125