4 0.59375 0.30703125 0.1015625 0.078125
3 0.80859375 0.81328125 0.084375 0.0546875
4 0.26796875 0.84375 0.06875 0.04375
1 0.84921875 0.575 0.0421875 0.0171875
1 0.775 0.540625 0.040625 0.0234375
1 0.04609375 0.4640625 0.0375 0.0171875
2 0.75625 0.2078125 0.115625 0.0609375
1 0.38046875 0.4234375 0.0375 0.0171875
1 0.72734375 0.43359375 0.0375 0.01875
1 0.940625 0.39765625 0.0390625 0.0171875
2 0.234375 0.23984375 0.1203125 0.0515625
1 0.0484375 0.52109375 0.0390625 0.0203125
1 0.60078125 0.4390625 0.0375 0.0203125
1 0.48828125 0.403125 0.0375 0.0171875
1 0.96796875 0.41953125 0.040625 0.01875
1 0.7109375 0.54921875 0.040625 0.0234375
1 0.9125 0.34921875 0.0375 0.015625
1 0.640625 0.38359375 0.0359375 0.0140625
1 0.1828125 0.4109375 0.0359375 0.015625
1 0.66640625 0.39453125 0.0375 0.0171875
1 0.06171875 0.55078125 0.040625 0.021875
1 0.72421875 0.8796875 0.040625 0.021875
1 0.265625 0.640625 0.0421875 0.025
1 0.1125 0.38984375 0.0359375 0.0140625
1 0.7046875 0.43203125 0.0375 0.0171875
1 0.9484375 0.32109375 0.0359375 0.0140625
1 0.79140625 0.8375 0.0359375 0.0140625
1 0.97890625 0.44609375 0.0421875 0.0203125
1 0.1640625 0.41484375 0.0375 0.0171875
1 0.02734375 0.4453125 0.0375 0.015625
1 0.878125 0.875 0.0390625 0.021875
1 0.4625 0.6234375 0.0421875 0.025
4 0.48046875 0.8171875 0.0625 0.034375
1 0.98203125 0.4171875 0.0359375 0.01875
1 0.6375 0.34765625 0.0359375 0.0140625
4 0.82734375 0.41640625 0.1265625 0.1140625
1 0.69609375 0.42109375 0.0375 0.0171875
1 0.28828125 0.50859375 0.0390625 0.0203125
1 0.9609375 0.37734375 0.0390625 0.0171875
1 0.971875 0.33046875 0.0375 0.0140625
1 0.28359375 0.465625 0.0375 0.015625
1 0.82578125 0.884375 0.040625 0.0234375
1 0.7390625 0.83203125 0.0359375 0.0140625
1 0.6078125 0.36875 0.0375 0.0171875
1 0.13984375 0.58203125 0.040625 0.0234375
1 0.88984375 0.62109375 0.0421875 0.0234375
1 0.24765625 0.909375 0.0390625 0.01875
1 0.79765625 0.884375 0.040625 0.0234375
1 0.55859375 0.415625 0.0375 0.0171875
4 0.590625 0.8203125 0.11875 0.0984375
1 0.021875 0.4671875 0.0390625 0.0171875
1 0.9875 0.39765625 0.025 0.0140625
0 0.753125 0.20703125 0.0359375 0.015625
1 0.48671875 0.33203125 0.034375 0.0140625
1 0.81640625 0.86796875 0.0375 0.015625
1 0.4203125 0.8796875 0.0375 0.0171875
1 0.31015625 0.4078125 0.0359375 0.015625
1 0.9046875 0.57265625 0.0390625 0.015625
1 0.44921875 0.9078125 0.0375 0.0125
1 0.18984375 0.92421875 0.0421875 0.021875
1 0.30390625 0.465625 0.0390625 0.0171875
1 0.85703125 0.9265625 0.046875 0.0328125
1 0.50625 0.346875 0.034375 0.015625
1 0.20234375 0.95390625 0.0453125 0.03125
1 0.30078125 0.43828125 0.0375 0.015625
1 0.8625 0.86328125 0.0390625 0.01875
3 0.90625 0.43359375 0.125 0.121875
1 0.42578125 0.37421875 0.0359375 0.0140625
1 0.33828125 0.87578125 0.034375 0.0140625
1 0.59296875 0.8859375 0.040625 0.0234375
1 0.52890625 0.328125 0.0359375 0.0140625
1 0.83203125 0.29765625 0.034375 0.0140625
1 0.05390625 0.44375 0.0359375 0.0140625
1 0.0796875 0.60390625 0.040625 0.0171875
1 0.6578125 0.61484375 0.040625 0.021875
1 0.19140625 0.9 0.0390625 0.0171875
1 0.90859375 0.86484375 0.0390625 0.01875
1 0.6078125 0.33828125 0.0328125 0.0109375
1 0.184375 0.46171875 0.0390625 0.021875
1 0.346875 0.3421875 0.034375 0.0140625
1 0.87109375 0.85 0.0359375 0.0140625
1 0.22578125 0.9109375 0.0390625 0.0203125
1 0.16953125 0.3359375 0.034375 0.0125
1 0.68515625 0.390625 0.0375 0.0171875
1 0.7078125 0.4140625 0.0375 0.0171875
1 0.68125 0.5890625 0.0390625 0.0140625
1 0.0640625 0.44375 0.0375 0.0140625
1 0.1046875 0.6640625 0.0421875 0.021875
1 0.18125 0.9546875 0.0453125 0.028125
1 0.31953125 0.88046875 0.0359375 0.015625
1 0.75 0.83203125 0.0359375 0.0140625
1 0.87109375 0.82734375 0.034375 0.0140625
1 0.0859375 0.43125 0.0375 0.015625
1 0.4078125 0.88046875 0.0375 0.0171875
1 0.11328125 0.55859375 0.0375 0.0171875
1 0.9421875 0.86171875 0.0375 0.0140625
1 0.85546875 0.2984375 0.0359375 0.015625
1 0.8171875 0.3015625 0.034375 0.0125
1 0.88125 0.28359375 0.034375 0.0140625
1 0.26328125 0.9859375 0.05 0.028125
1 0.0875 0.3953125 0.0359375 0.0140625
1 0.74453125 0.846875 0.0375 0.015625
1 0.290625 0.44375 0.0359375 0.0140625
1 0.1828125 0.3421875 0.0328125 0.0125
1 0.63046875 0.33203125 0.034375 0.0140625
1 0.28671875 0.490625 0.0390625 0.0140625
1 0.36953125 0.91171875 0.0375 0.0109375
1 0.19296875 0.996875 0.05 0.00625
1 0.57890625 0.87578125 0.0421875 0.025
1 0.90546875 0.2921875 0.0359375 0.0125
1 0.42421875 0.33359375 0.0328125 0.0125
1 0.1375 0.97109375 0.0453125 0.03125
1 0.87265625 0.2828125 0.0359375 0.0140625
1 0.5546875 0.3140625 0.034375 0.0125
1 0.29921875 0.41875 0.0359375 0.0125
1 0.0765625 0.403125 0.0375 0.0140625
1 0.81640625 0.28515625 0.0359375 0.0125
1 0.19296875 0.88359375 0.0375 0.015625
1 0.175 0.325 0.034375 0.0109375
1 0.94453125 0.37578125 0.0359375 0.015625
1 0.46953125 0.30625 0.034375 0.0125
1 0.86640625 0.90625 0.040625 0.021875
1 0.1140625 0.34921875 0.0359375 0.0140625
1 0.1546875 0.95625 0.0453125 0.028125
1 0.88203125 0.9234375 0.04375 0.0265625
1 0.35859375 0.3390625 0.034375 0.0140625
1 0.85234375 0.828125 0.0359375 0.0140625
3 0.6546875 0.8578125 0.11875 0.0953125
1 0.39765625 0.37421875 0.034375 0.0140625
1 0.54765625 0.87578125 0.0390625 0.01875
1 0.21640625 0.88046875 0.0359375 0.0125
1 0.05234375 0.4015625 0.0359375 0.0140625
1 0.14296875 0.66796875 0.0375 0.0125
1 0.49609375 0.30859375 0.0375 0.0171875
1 0.33984375 0.85859375 0.0328125 0.0109375
1 0.23671875 0.8625 0.0328125 0.0109375
1 0.29140625 0.46640625 0.0375 0.015625
1 0.43828125 0.31328125 0.0359375 0.0125
1 0.53125 0.31796875 0.034375 0.0125
1 0.121875 0.9203125 0.0390625 0.0203125
1 0.43984375 0.340625 0.0359375 0.0125
1 0.509375 0.3203125 0.0359375 0.0140625
1 0.4828125 0.84453125 0.0328125 0.0109375
1 0.153125 0.340625 0.0359375 0.0140625
1 0.30703125 0.8640625 0.0359375 0.0125
1 0.478125 0.31640625 0.0359375 0.0140625
1 0.8296875 0.28203125 0.0359375 0.0125
1 0.5453125 0.3 0.034375 0.0125
1 0.103125 0.35 0.0375 0.015625
1 0.3140625 0.85546875 0.0359375 0.0125
1 0.8125 0.3640625 0.034375 0.0109375
1 0.5375 0.296875 0.0359375 0.0125
1 0.1515625 0.91953125 0.0390625 0.015625
1 0.35703125 0.32890625 0.034375 0.009375
1 0.7890625 0.37265625 0.0390625 0.01875
1 0.13671875 0.91171875 0.0375 0.0140625
1 0.4171875 0.37578125 0.034375 0.0109375
1 0.06640625 0.39921875 0.0359375 0.0140625
1 0.08828125 0.365625 0.0375 0.0140625
1 0.04921875 0.6125 0.0375 0.0125
1 0.2359375 0.89765625 0.0375 0.01875
1 0.9125 0.9109375 0.040625 0.0234375
1 0.95859375 0.86875 0.0375 0.015625
1 0.5390625 0.83671875 0.034375 0.0125
1 0.896875 0.8265625 0.034375 0.0140625
1 0.67578125 0.3921875 0.0359375 0.015625
1 0.07421875 0.4296875 0.0359375 0.015625