2 0.7640625 0.215625 0.08984375 0.06328125
4 0.67421875 0.4703125 0.0703125 0.11328125
3 0.19375 0.85078125 0.0484375 0.05078125
4 0.4828125 0.4171875 0.08046875 0.10390625
1 0.38359375 0.41875 0.009375 0.01640625
3 0.5765625 0.2625 0.053125 0.07421875
1 0.66015625 0.3671875 0.00859375 0.015625
1 0.76875 0.61171875 0.01328125 0.02265625
1 0.7296875 0.515625 0.0109375 0.0203125
1 0.55625 0.3421875 0.00859375 0.0140625
1 0.71015625 0.88984375 0.009375 0.01640625
1 0.15703125 0.453125 0.0109375 0.01796875
1 0.421875 0.40625 0.009375 0.01640625
1 0.3921875 0.4515625 0.01015625 0.01796875
1 0.2984375 0.43359375 0.0109375 0.01875
1 0.58203125 0.33984375 0.009375 0.01484375
1 0.62890625 0.40078125 0.009375 0.0171875
1 0.834375 0.36640625 0.009375 0.01484375
1 0.06484375 0.44765625 0.01171875 0.01875
1 0.6546875 0.34609375 0.00859375 0.01640625
1 0.16953125 0.4046875 0.01015625 0.01640625
1 0.303125 0.56171875 0.0125 0.0203125
1 0.91796875 0.36953125 0.009375 0.01484375
1 0.56015625 0.30078125 0.0078125 0.01328125
1 0.990625 0.5390625 0.0140625 0.02109375
1 0.6796875 0.37265625 0.00859375 0.015625
1 0.0578125 0.50390625 0.0125 0.01875
1 0.3046875 0.53515625 0.01171875 0.021875
1 0.353125 0.415625 0.009375 0.0171875
1 0.54921875 0.903125 0.01015625 0.01328125
1 0.0671875 0.49375 0.0109375 0.01875
1 0.36875 0.3734375 0.009375 0.0171875
1 0.7609375 0.88203125 0.00859375 0.01484375
1 0.128125 0.53203125 0.009375 0.01796875
1 0.8734375 0.35859375 0.009375 0.015625
1 0.82421875 0.4078125 0.01015625 0.01796875
1 0.821875 0.3703125 0.009375 0.015625
1 0.19375 0.91875 0.01484375 0.025
1 0.60390625 0.3046875 0.00703125 0.0140625
1 0.7796875 0.92109375 0.01328125 0.02265625
1 0.1484375 0.29296875 0.00859375 0.01328125
1 0.1484375 0.40390625 0.009375 0.015625
1 0.11640625 0.34296875 0.00859375 0.0140625
0 0.23125 0.18046875 0.01015625 0.01953125
1 0.6296875 0.315625 0.0078125 0.0140625
1 0.89609375 0.353125 0.009375 0.01484375
1 0.37265625 0.31796875 0.00859375 0.0140625
1 0.03515625 0.41953125 0.0109375 0.01640625
1 0.14609375 0.97578125 0.0203125 0.0375
1 0.41640625 0.52265625 0.01171875 0.02109375
1 0.53203125 0.3390625 0.0078125 0.01484375
1 0.6109375 0.33984375 0.009375 0.0140625
1 0.60234375 0.4859375 0.0109375 0.0203125
1 0.20625 0.58125 0.01328125 0.021875
1 0.8890625 0.321875 0.00859375 0.01484375
1 0.9390625 0.44921875 0.0109375 0.01796875
1 0.37578125 0.509375 0.0109375 0.02109375
1 0.41640625 0.334375 0.00859375 0.01484375
1 0.20625 0.5640625 0.0125 0.01484375
0 0.66796875 0.18359375 0.01328125 0.0203125
1 0.40234375 0.3921875 0.0078125 0.01328125
1 0.51015625 0.2921875 0.009375 0.01328125
1 0.340625 0.39296875 0.01015625 0.0125
0 0.29765625 0.18828125 0.009375 0.015625
1 0.04765625 0.409375 0.01015625 0.01796875
1 0.9046875 0.57578125 0.01328125 0.01953125
0 0.63359375 0.2046875 0.0125 0.0203125
1 0.3578125 0.30859375 0.009375 0.0140625
1 0.77890625 0.88359375 0.00859375 0.01484375
1 0.11328125 0.43671875 0.0109375 0.0171875
1 0.8265625 0.88515625 0.00859375 0.015625
1 0.2609375 0.96171875 0.01640625 0.03515625
1 0.09609375 0.35 0.00859375 0.01328125
1 0.8296875 0.9078125 0.01015625 0.01953125
1 0.43828125 0.2953125 0.00859375 0.01484375
1 0.74140625 0.87890625 0.0078125 0.01328125
1 0.71328125 0.5609375 0.01171875 0.02109375
0 0.03203125 0.24375 0.01015625 0.0171875
1 0.06015625 0.97578125 0.01875 0.03359375
1 0.93828125 0.92734375 0.01171875 0.02109375
1 0.31796875 0.29921875 0.0078125 0.0140625
1 0.3359375 0.29921875 0.00859375 0.01328125
1 0.409375 0.38125 0.00859375 0.01328125
2 0.2453125 0.209375 0.09140625 0.05859375
1 0.27421875 0.875 0.00859375 0.01328125
1 0.1875 0.8875 0.009375 0.015625
1 0.1109375 0.42109375 0.009375 0.01328125
1 0.9578125 0.93203125 0.0125 0.0203125
1 0.33203125 0.34296875 0.00859375 0.01328125
1 0.0828125 0.30546875 0.01015625 0.0171875
0 0.6109375 0.18203125 0.0125 0.0203125
1 0.890625 0.28203125 0.00703125 0.01328125
1 0.85703125 0.903125 0.0109375 0.01875
1 0.10234375 0.3359375 0.009375 0.01484375
1 0.11015625 0.31640625 0.009375 0.0125
1 0.9390625 0.4203125 0.01015625 0.01484375
4 0.9265625 0.31484375 0.04609375 0.084375
1 0.8828125 0.34921875 0.009375 0.01484375
1 0.3421875 0.284375 0.0078125 0.01328125
1 0.73125 0.86953125 0.00625 0.01171875
1 0.3265625 0.39140625 0.01015625 0.015625
1 0.29375 0.8734375 0.0078125 0.0125
0 0.2171875 0.125 0.0109375 0.0171875
1 0.928125 0.3921875 0.00859375 0.01484375
1 0.075 0.36640625 0.009375 0.01640625
1 0.4046875 0.36953125 0.0078125 0.0125
1 0.6015625 0.90234375 0.0109375 0.01328125
1 0.190625 0.31484375 0.009375 0.0171875
0 0.1265625 0.18515625 0.01015625 0.01796875
1 0.09296875 0.94609375 0.0171875 0.02734375
1 0.8875 0.5484375 0.01328125 0.0203125
1 0.371875 0.296875 0.009375 0.01640625
1 0.5375 0.30546875 0.009375 0.01640625
1 0.1265625 0.29140625 0.009375 0.01328125
1 0.0265625 0.34921875 0.009375 0.0140625
1 0.0484375 0.34140625 0.0109375 0.01796875
1 0.0625 0.33984375 0.0109375 0.015625
1 0.33984375 0.4046875 0.0125 0.01484375
0 0.11484375 0.81015625 0.00859375 0.01640625
1 0.965625 0.39609375 0.01015625 0.015625
0 0.46953125 0.9890625 0.01640625 0.01953125
1 0.5203125 0.28125 0.009375 0.01328125
1 0.1109375 0.30078125 0.00859375 0.01015625
1 0.296875 0.90546875 0.00859375 0.01015625
1 0.371875 0.28125 0.009375 0.0125
1 0.4171875 0.2859375 0.00703125 0.0140625
1 0.40078125 0.290625 0.009375 0.0140625
1 0.134375 0.296875 0.01015625 0.01484375
0 0.378125 0.76171875 0.0109375 0.01953125
1 0.934375 0.403125 0.01015625 0.01484375
1 0.98984375 0.37109375 0.00859375 0.0125
1 0.61015625 0.328125 0.0078125 0.0109375
1 0.00859375 0.37109375 0.01171875 0.015625
1 0.175 0.91171875 0.01171875 0.0203125
1 0.70390625 0.37265625 0.0078125 0.0125
1 0.51015625 0.2765625 0.009375 0.0125
1 0.56171875 0.90234375 0.0125 0.01328125
1 0.16484375 0.27109375 0.009375 0.01171875
1 0.296875 0.309375 0.00859375 0.015625
1 0.14921875 0.878125 0.0078125 0.0140625
1 0.11171875 0.97421875 0.01953125 0.0375
1 0.17421875 0.89140625 0.01015625 0.01484375
1 0.52890625 0.28046875 0.009375 0.01328125
1 0.98515625 0.39375 0.009375 0.01328125
0 0.06484375 0.125 0.01015625 0.01640625
1 0.934375 0.38203125 0.00859375 0.01484375
1 0.84375 0.86484375 0.00625 0.0109375
1 0.09453125 0.28359375 0.00859375 0.01328125
1 0.1109375 0.2828125 0.009375 0.0140625
1 0.7140625 0.87578125 0.009375 0.01171875
1 0.33828125 0.32734375 0.009375 0.01484375
1 0.0890625 0.36015625 0.00859375 0.015625
1 0.84609375 0.90390625 0.0125 0.0203125
1 0.99453125 0.396875 0.009375 0.015625
1 0.85078125 0.88359375 0.00703125 0.0140625
1 0.90625 0.559375 0.0125 0.01484375
0 0.39296875 0.70625 0.0078125 0.0140625
1 0.446875 0.26328125 0.00859375 0.01328125
1 0.471875 0.2671875 0.01015625 0.0125
1 0.06015625 0.94296875 0.01328125 0.01796875
0 0.125 0.83515625 0.01015625 0.01484375
1 0.15703125 0.40859375 0.009375 0.01796875
0 0.6140625 0.23828125 0.0109375 0.01875
1 0.87578125 0.5453125 0.01171875 0.021875
1 0.690625 0.625 0.009375 0.0109375
1 0.95546875 0.38125 0.009375 0.0125
1 0.5921875 0.86015625 0.00625 0.01171875
4 0.56015625 0.84296875 0.040625 0.0640625
1 0.97421875 0.38203125 0.00859375 0.0125
1 0.003125 0.48671875 0.00625 0.0140625
1 0.875 0.275 0.009375 0.0125
1 0.94921875 0.4046875 0.0125 0.015625
0 0.15 0.1109375 0.009375 0.01640625
1 0.16953125 0.26171875 0.009375 0.0140625
1 0.17265625 0.87578125 0.00703125 0.01328125
0 0.125 0.103125 0.0109375 0.01875
1 0.34140625 0.9015625 0.00859375 0.0140625
0 0.1765625 0.7296875 0.009375 0.02109375
1 0.35703125 0.29453125 0.01015625 0.01328125
1 0.12578125 0.27421875 0.009375 0.0125
1 0.0921875 0.98359375 0.01875 0.0328125
1 0.38203125 0.26875 0.00859375 0.01328125
1 0.409375 0.26484375 0.0078125 0.0125
1 0.58125 0.90078125 0.01015625 0.01328125
1 0.04765625 0.35546875 0.0078125 0.01484375
1 0.47109375 0.87265625 0.0078125 0.009375
1 0.465625 0.89140625 0.00703125 0.01015625
1 0.59140625 0.9 0.0109375 0.0140625
1 0.40234375 0.2578125 0.00625 0.01171875
1 0.33984375 0.26796875 0.00703125 0.0125
1 0.9109375 0.89921875 0.0125 0.015625
3 0.05859375 0.58046875 0.1171875 0.1390625
1 0.41796875 0.26015625 0.00703125 0.01171875
0 0.2359375 0.21328125 0.01015625 0.0140625
1 0.45859375 0.25625 0.0078125 0.0109375
1 0.35703125 0.26796875 0.009375 0.01328125
1 0.71171875 0.34453125 0.009375 0.01328125
1 0.115625 0.75625 0.00703125 0.01484375
4 0.9125 0.8625 0.0625 0.06328125
1 0.9328125 0.36796875 0.0078125 0.0125