3 0.70234375 0.83203125 0.1140625 0.0875
3 0.7625 0.8078125 0.075 0.05
3 0.6625 0.27734375 0.0765625 0.0546875
2 0.72265625 0.2109375 0.1203125 0.053125
4 0.29296875 0.3078125 0.071875 0.0703125
2 0.20703125 0.24296875 0.121875 0.0703125
3 0.79765625 0.378125 0.0828125 0.0875
4 0.125 0.615625 0.1234375 0.125
1 0.8984375 0.32734375 0.0390625 0.01875
4 0.3046875 0.8359375 0.0671875 0.0453125
1 0.884375 0.3171875 0.040625 0.0203125
1 0.78359375 0.4625 0.0375 0.0140625
1 0.559375 0.51015625 0.0421875 0.025
1 0.1 0.9625 0.0453125 0.021875