2 0.215625 0.234375 0.1296875 0.0625
3 0.2546875 0.85390625 0.1015625 0.065625
3 0.14765625 0.36953125 0.1046875 0.0875
1 0.38515625 0.41171875 0.0484375 0.0140625
4 0.83828125 0.3 0.1109375 0.078125
1 0.70703125 0.5328125 0.0515625 0.01875
1 0.4125 0.4328125 0.0484375 0.015625
1 0.446875 0.44375 0.0484375 0.0140625
1 0.6 0.4171875 0.0484375 0.0140625
1 0.35703125 0.5765625 0.053125 0.0203125
1 0.709375 0.47578125 0.05 0.0171875
1 0.5171875 0.55390625 0.0515625 0.0203125
1 0.390625 0.47578125 0.05 0.0171875
1 0.528125 0.42265625 0.0484375 0.015625
1 0.50703125 0.37890625 0.046875 0.0125
0 0.8046875 0.171875 0.0484375 0.0140625
1 0.6421875 0.453125 0.05 0.0171875
1 0.0890625 0.92578125 0.053125 0.0203125
3 0.8234375 0.878125 0.175 0.1421875
1 0.41328125 0.89140625 0.0515625 0.0203125
1 0.36640625 0.5140625 0.0515625 0.01875
1 0.6109375 0.88515625 0.05 0.01875
1 0.428125 0.4484375 0.0484375 0.015625
1 0.4578125 0.49453125 0.046875 0.015625
1 0.39765625 0.40078125 0.0484375 0.0140625
1 0.93828125 0.4546875 0.05 0.0171875
1 0.45703125 0.39453125 0.046875 0.0109375
0 0.97578125 0.18828125 0.0484375 0.0203125
1 0.73984375 0.50625 0.05 0.0140625
1 0.58515625 0.896875 0.0515625 0.0140625
1 0.50859375 0.45625 0.05 0.015625
1 0.4671875 0.5953125 0.0515625 0.0140625
1 0.67265625 0.4515625 0.05 0.0171875
1 0.64765625 0.38046875 0.0484375 0.0140625
1 0.78984375 0.55234375 0.0515625 0.0203125
1 0.82734375 0.625 0.053125 0.015625
1 0.73671875 0.5265625 0.05 0.015625
1 0.43046875 0.409375 0.0484375 0.0140625
1 0.92421875 0.40390625 0.05 0.0140625
1 0.70078125 0.55390625 0.0515625 0.0171875
1 0.346875 0.46640625 0.05 0.0171875
1 0.86484375 0.35234375 0.0453125 0.0109375
1 0.48515625 0.459375 0.05 0.0140625
0 0.81328125 0.21328125 0.0453125 0.0109375
1 0.42109375 0.32265625 0.0453125 0.009375
1 0.596875 0.359375 0.046875 0.0125
1 0.36640625 0.39453125 0.046875 0.0125
0 0.80625 0.15078125 0.0484375 0.0140625
0 0.896875 0.0953125 0.0515625 0.0171875
1 0.484375 0.44296875 0.0484375 0.0125
1 0.74140625 0.8875 0.053125 0.015625
0 0.7859375 0.059375 0.05 0.0171875
1 0.8625 0.5453125 0.0515625 0.0171875
1 0.5296875 0.3828125 0.0453125 0.0125
1 0.48359375 0.3859375 0.0484375 0.0140625
0 0.7515625 0.19453125 0.0484375 0.0140625
1 0.3375 0.39609375 0.0484375 0.0125
0 0.76875 0.2125 0.0515625 0.0171875
1 0.5390625 0.35234375 0.0453125 0.0109375
1 0.6921875 0.85078125 0.0484375 0.0125
1 0.51953125 0.46015625 0.0484375 0.015625
1 0.32890625 0.3765625 0.046875 0.0109375
0 0.78515625 0.1234375 0.0515625 0.015625
1 0.09453125 0.36015625 0.0484375 0.0125
1 0.31015625 0.42578125 0.0484375 0.0171875
1 0.6609375 0.44609375 0.0484375 0.015625
1 0.6 0.33671875 0.0453125 0.009375
1 0.71171875 0.8453125 0.046875 0.0109375
1 0.63984375 0.88984375 0.05 0.0171875
1 0.41875 0.39765625 0.05 0.015625
1 0.4296875 0.3640625 0.0484375 0.0140625
1 0.740625 0.84296875 0.046875 0.0109375
1 0.17578125 0.87109375 0.0453125 0.009375
1 0.5671875 0.3625 0.0484375 0.0125
0 0.96484375 0.13984375 0.0515625 0.0171875
1 0.5984375 0.3234375 0.0453125 0.009375
0 0.8234375 0.6953125 0.046875 0.0140625
1 0.90078125 0.478125 0.046875 0.0078125
1 0.121875 0.89140625 0.0484375 0.0140625
1 0.0625 0.35234375 0.046875 0.0109375
0 0.76015625 0.1984375 0.0484375 0.0109375
1 0.1421875 0.87578125 0.0453125 0.009375
1 0.690625 0.3171875 0.046875 0.0125
1 0.95859375 0.971875 0.05 0.00625
1 0.29765625 0.3703125 0.046875 0.0125
1 0.8796875 0.33515625 0.046875 0.0109375
1 0.34140625 0.3796875 0.0484375 0.0125
1 0.67109375 0.33984375 0.0453125 0.0109375
1 0.66875 0.36953125 0.0484375 0.0109375
0 0.80546875 0.12890625 0.0484375 0.0125
1 0.61171875 0.29765625 0.0453125 0.009375
1 0.35 0.35703125 0.0453125 0.0125
0 0.9171875 0.10234375 0.0515625 0.01875
1 0.20703125 0.859375 0.0453125 0.0078125
1 0.325 0.30546875 0.0453125 0.009375
1 0.909375 0.37421875 0.0484375 0.0171875
1 0.94765625 0.94375 0.0609375 0.0359375
1 0.390625 0.30859375 0.046875 0.009375
1 0.484375 0.5453125 0.0484375 0.0109375
1 0.62890625 0.89453125 0.0515625 0.0140625
1 0.3296875 0.35 0.046875 0.0125
1 0.46953125 0.34453125 0.046875 0.0109375
1 0.30703125 0.859375 0.046875 0.009375
1 0.88046875 0.49453125 0.0515625 0.0234375
1 0.09609375 0.34296875 0.046875 0.0109375
1 0.965625 0.4 0.0515625 0.015625
1 0.45703125 0.84375 0.0453125 0.0109375
0 0.7484375 0.2203125 0.0484375 0.0109375
1 0.5671875 0.884375 0.05 0.0171875
0 0.746875 0.25703125 0.046875 0.0125
1 0.5671875 0.84765625 0.046875 0.009375
1 0.55078125 0.3 0.046875 0.009375
0 0.8515625 0.725 0.046875 0.0125
1 0.9796875 0.62265625 0.040625 0.0140625
1 0.51328125 0.36484375 0.0453125 0.0109375
1 0.7328125 0.8109375 0.0453125 0.009375
1 0.02578125 0.396875 0.04375 0.009375
1 0.553125 0.3921875 0.046875 0.009375
1 0.928125 0.37734375 0.0484375 0.0125
1 0.5859375 0.33828125 0.04375 0.009375
1 0.1234375 0.9140625 0.046875 0.0109375
0 0.8390625 0.04140625 0.05 0.0171875
1 0.29296875 0.85546875 0.0484375 0.0109375
0 0.93046875 0.1046875 0.0515625 0.01875
1 0.953125 0.89921875 0.0546875 0.0234375
1 0.68828125 0.54140625 0.05 0.015625
0 0.7703125 0.10703125 0.046875 0.009375
0 0.8546875 0.76328125 0.0453125 0.0109375
0 0.809375 0.2578125 0.0453125 0.009375
1 0.953125 0.390625 0.046875 0.0125
2 0.73046875 0.2125 0.1171875 0.05
1 0.45546875 0.38125 0.0484375 0.0078125
1 0.778125 0.97890625 0.059375 0.0109375
1 0.9765625 0.95 0.046875 0.03125
1 0.4984375 0.84453125 0.0453125 0.009375
1 0.103125 0.33046875 0.046875 0.0109375
1 0.96796875 0.94296875 0.053125 0.025
1 0.39765625 0.3015625 0.04375 0.009375
0 0.79375 0.0796875 0.046875 0.0109375
1 0.25546875 0.65625 0.05 0.0078125
0 0.803125 0.1015625 0.0453125 0.009375
1 0.8734375 0.56015625 0.05 0.0125
1 0.06953125 0.34296875 0.0484375 0.0125
1 0.3109375 0.30546875 0.04375 0.0078125
1 0.809375 0.58828125 0.0453125 0.0078125
1 0.19375 0.85859375 0.046875 0.0078125
1 0.484375 0.821875 0.0453125 0.0078125
1 0.578125 0.8375 0.046875 0.0078125
1 0.17734375 0.86015625 0.0453125 0.0078125
1 0.45078125 0.82109375 0.04375 0.00625
1 0.0984375 0.87578125 0.0453125 0.009375
0 0.72109375 0.7578125 0.0484375 0.0140625
1 0.6015625 0.83125 0.04375 0.009375
1 0.13828125 0.321875 0.046875 0.009375
1 0.8671875 0.33125 0.05 0.0078125