4 0.3421875 0.296875 0.0765625 0.0734375
2 0.23828125 0.21484375 0.0890625 0.0625
3 0.45625 0.29453125 0.075 0.084375
4 0.5515625 0.36484375 0.08125 0.1109375
2 0.7546875 0.21015625 0.0875 0.0546875
4 0.72109375 0.8640625 0.065625 0.06875
1 0.271875 0.45546875 0.0140625 0.01875
1 0.34375 0.4296875 0.0125 0.01875
1 0.7140625 0.428125 0.0125 0.01875
1 0.88203125 0.421875 0.0140625 0.0171875
1 0.69609375 0.43125 0.0140625 0.0171875
1 0.959375 0.390625 0.0140625 0.0171875
1 0.28984375 0.540625 0.015625 0.021875
1 0.59609375 0.39140625 0.0125 0.015625
4 0.81640625 0.33515625 0.0515625 0.0984375
1 0.15625 0.321875 0.0125 0.015625
1 0.66171875 0.40625 0.0125 0.0171875
1 0.43515625 0.39375 0.0125 0.0171875
1 0.4484375 0.4015625 0.0125 0.015625
1 0.496875 0.36796875 0.0109375 0.015625
1 0.0953125 0.37734375 0.0125 0.015625
1 0.32109375 0.3859375 0.0125 0.015625
1 0.6078125 0.37109375 0.0125 0.0140625
1 0.49765625 0.496875 0.0140625 0.01875
1 0.47109375 0.35234375 0.0125 0.0140625
1 0.63828125 0.29296875 0.009375 0.0078125
1 0.06875 0.3453125 0.0125 0.015625
1 0.11171875 0.3703125 0.0125 0.015625
1 0.2609375 0.54609375 0.015625 0.021875
1 0.3328125 0.36953125 0.0125 0.0125
1 0.70546875 0.48515625 0.0140625 0.01875
1 0.9796875 0.3484375 0.0125 0.0125
4 0.44296875 0.82890625 0.0359375 0.0453125
1 0.46953125 0.37265625 0.0125 0.0125
1 0.15 0.890625 0.0125 0.0171875
1 0.734375 0.515625 0.0125 0.01875
1 0.328125 0.38359375 0.0109375 0.015625
1 0.15859375 0.88828125 0.0125 0.015625
1 0.1578125 0.2875 0.009375 0.009375
1 0.81015625 0.92734375 0.01875 0.025
1 0.04296875 0.41796875 0.0125 0.0171875
1 0.74453125 0.515625 0.015625 0.01875
1 0.6921875 0.384375 0.0125 0.015625
1 0.603125 0.25859375 0.009375 0.0125
1 0.70546875 0.4625 0.0125 0.015625
1 0.7625 0.8671875 0.00625 0.00625
1 0.71796875 0.4625 0.015625 0.015625
1 0.84296875 0.90234375 0.009375 0.01875
1 0.3234375 0.40859375 0.0140625 0.01875
1 0.7171875 0.446875 0.0125 0.0125
0 0.42890625 0.98828125 0.021875 0.021875
1 0.92734375 0.95 0.01875 0.0328125
1 0.36796875 0.3875 0.009375 0.015625
1 0.09765625 0.315625 0.0109375 0.0125
1 0.6515625 0.89921875 0.015625 0.021875
1 0.653125 0.37421875 0.0125 0.015625
1 0.884375 0.3015625 0.0140625 0.015625
1 0.8046875 0.87890625 0.009375 0.015625
1 0.5078125 0.39765625 0.0125 0.0171875
1 0.259375 0.51796875 0.015625 0.021875
1 0.7375 0.55078125 0.015625 0.0203125
1 0.871875 0.2703125 0.0109375 0.0125
1 0.36484375 0.4578125 0.0140625 0.01875
1 0.58359375 0.259375 0.0125 0.0125
1 0.59921875 0.371875 0.0125 0.0125
1 0.35703125 0.37421875 0.0125 0.015625
1 0.37578125 0.40625 0.0125 0.015625
1 0.85390625 0.5734375 0.0140625 0.021875
1 0.38984375 0.3203125 0.009375 0.0125
1 0.63046875 0.259375 0.009375 0.0109375
1 0.040625 0.36796875 0.0125 0.015625
1 0.9015625 0.315625 0.009375 0.0125
1 0.21015625 0.85625 0.009375 0.009375
3 0.07734375 0.503125 0.1015625 0.1125
1 0.0578125 0.98984375 0.0203125 0.01875
1 0.8734375 0.93359375 0.01875 0.028125
1 0.4609375 0.3796875 0.0109375 0.0140625
1 0.090625 0.3296875 0.0125 0.0125
1 0.909375 0.59453125 0.015625 0.021875
1 0.0734375 0.9203125 0.015625 0.021875
1 0.7515625 0.94453125 0.01875 0.03125
1 0.8921875 0.27734375 0.0109375 0.0125
1 0.6765625 0.40234375 0.0109375 0.0171875
1 0.60859375 0.325 0.0109375 0.0140625
1 0.69296875 0.878125 0.009375 0.0125
1 0.67421875 0.37265625 0.0140625 0.015625
1 0.628125 0.2890625 0.0109375 0.015625
1 0.61640625 0.26953125 0.009375 0.0125
1 0.50625 0.33828125 0.009375 0.0125
1 0.86796875 0.87578125 0.0125 0.0125
1 0.11171875 0.35390625 0.0125 0.009375
1 0.32109375 0.36953125 0.015625 0.015625
1 0.6671875 0.3171875 0.0109375 0.0125
1 0.16484375 0.27265625 0.0125 0.0109375
1 0.38828125 0.35703125 0.0140625 0.0125
1 0.52734375 0.44375 0.0140625 0.01875
1 0.86875 0.5984375 0.0125 0.01875
1 0.36953125 0.353125 0.0125 0.0140625
1 0.690625 0.4046875 0.0125 0.0140625
1 0.89453125 0.2921875 0.0125 0.009375
1 0.2265625 0.8546875 0.0125 0.0109375
1 0.63203125 0.35234375 0.0109375 0.0125
1 0.0515625 0.9296875 0.015625 0.0203125
1 0.26484375 0.4328125 0.0125 0.0171875
1 0.98671875 0.43203125 0.015625 0.025
1 0.4546875 0.34453125 0.0109375 0.0140625