4 0.63125 0.33046875 0.0875 0.08125
3 0.5453125 0.325 0.0765625 0.075
4 0.43125 0.296875 0.078125 0.075
2 0.77109375 0.21953125 0.103125 0.059375
3 0.87578125 0.34765625 0.08125 0.08125
4 0.25078125 0.83046875 0.0625 0.0421875
1 0.77265625 0.55390625 0.028125 0.021875
3 0.93046875 0.4265625 0.1 0.090625
1 0.31640625 0.57890625 0.028125 0.021875
1 0.84609375 0.44296875 0.0265625 0.015625
1 0.43515625 0.88359375 0.025 0.01875
1 0.4015625 0.88125 0.025 0.01875
1 0.94375 0.35703125 0.025 0.015625
1 0.828125 0.403125 0.025 0.015625
1 0.321875 0.3828125 0.025 0.015625
1 0.909375 0.59296875 0.025 0.0125
1 0.7046875 0.56015625 0.028125 0.021875
1 0.3578125 0.36640625 0.025 0.015625
2 0.2484375 0.22734375 0.10625 0.04375
1 0.16953125 0.39609375 0.025 0.015625
1 0.32109375 0.4953125 0.028125 0.01875
1 0.98046875 0.35859375 0.025 0.015625
1 0.1890625 0.39453125 0.025 0.015625
1 0.11875 0.3703125 0.0234375 0.0125
1 0.346875 0.53671875 0.025 0.021875
1 0.85703125 0.44375 0.0265625 0.015625
1 0.60625 0.88828125 0.0296875 0.025
1 0.89453125 0.6421875 0.03125 0.021875
1 0.45625 0.621875 0.028125 0.025
1 0.26796875 0.4859375 0.025 0.01875
1 0.8578125 0.89453125 0.028125 0.0203125
1 0.91953125 0.3703125 0.025 0.015625
1 0.97734375 0.484375 0.028125 0.01875
3 0.81796875 0.840625 0.0890625 0.071875
1 0.9921875 0.4859375 0.015625 0.015625
1 0.8203125 0.38359375 0.025 0.015625
1 0.428125 0.90390625 0.0265625 0.0125
1 0.8875 0.59140625 0.028125 0.015625
1 0.37421875 0.328125 0.0234375 0.0140625
1 0.64765625 0.8828125 0.028125 0.0203125
1 0.4453125 0.34609375 0.025 0.015625
1 0.96953125 0.378125 0.025 0.015625
1 0.79765625 0.88671875 0.025 0.021875
1 0.33671875 0.403125 0.025 0.015625
1 0.48671875 0.3453125 0.025 0.015625
1 0.16015625 0.4609375 0.025 0.015625
1 0.1359375 0.56328125 0.028125 0.021875
1 0.6953125 0.6296875 0.028125 0.021875
1 0.89609375 0.87265625 0.025 0.01875
1 0.2265625 0.8953125 0.028125 0.01875
1 0.1671875 0.90703125 0.0296875 0.021875
1 0.71015625 0.4265625 0.025 0.0171875
1 0.17890625 0.93671875 0.034375 0.0296875
1 0.17421875 0.884375 0.025 0.01875
1 0.44296875 0.39296875 0.021875 0.0125
1 0.7765625 0.89921875 0.028125 0.021875
1 0.97421875 0.44609375 0.021875 0.015625
1 0.384375 0.30390625 0.0234375 0.0125
1 0.99296875 0.4234375 0.0140625 0.015625
1 0.28515625 0.46953125 0.028125 0.0203125
1 0.31640625 0.33046875 0.021875 0.0125
1 0.3359375 0.3515625 0.025 0.0125
1 0.7046875 0.40625 0.025 0.0125
1 0.353125 0.3234375 0.0234375 0.0125
1 0.3015625 0.42109375 0.021875 0.0125
1 0.3484375 0.9046875 0.0265625 0.0109375
1 0.68515625 0.42421875 0.025 0.0171875
1 0.29609375 0.465625 0.0265625 0.01875
1 0.17109375 0.30625 0.025 0.0125
1 0.31875 0.8671875 0.0234375 0.0125
0 0.725 0.228125 0.028125 0.0171875
1 0.315625 0.47734375 0.025 0.0171875
1 0.5125 0.35078125 0.025 0.0125
1 0.29453125 0.4328125 0.025 0.0140625
1 0.06875 0.42109375 0.025 0.015625
1 0.303125 0.45546875 0.0265625 0.015625
1 0.05703125 0.42109375 0.025 0.015625
1 0.08984375 0.409375 0.0265625 0.015625
1 0.82578125 0.8890625 0.0265625 0.01875
1 0.1578125 0.9375 0.0328125 0.0265625
1 0.2890625 0.44765625 0.025 0.015625
1 0.87109375 0.45859375 0.025 0.0171875
1 0.09375 0.37421875 0.025 0.0125
1 0.84296875 0.88203125 0.028125 0.01875
1 0.3515625 0.30390625 0.021875 0.0125
1 0.834375 0.946875 0.034375 0.0265625
1 0.8390625 0.31953125 0.0234375 0.0125
1 0.5078125 0.34140625 0.0234375 0.0109375
1 0.69921875 0.37109375 0.0234375 0.0125
1 0.11328125 0.95078125 0.034375 0.0296875
1 0.69453125 0.40859375 0.025 0.0125
1 0.3078125 0.4421875 0.025 0.0140625
1 0.36796875 0.31015625 0.021875 0.0125
1 0.29765625 0.86953125 0.025 0.0140625
1 0.66015625 0.87890625 0.0265625 0.01875
1 0.5453125 0.646875 0.0234375 0.0109375
1 0.81484375 0.9625 0.0359375 0.0375
1 0.91640625 0.32421875 0.025 0.0125
1 0.08203125 0.38125 0.025 0.0140625
1 0.3359375 0.33828125 0.021875 0.0125
1 0.1296875 0.64921875 0.028125 0.0109375
1 0.828125 0.303125 0.025 0.0125
3 0.73046875 0.85625 0.103125 0.1015625
1 0.7765625 0.8515625 0.025 0.0125
1 0.16796875 0.9890625 0.0375 0.0203125
1 0.83984375 0.29921875 0.021875 0.0125
1 0.859375 0.94375 0.03125 0.021875
1 0.13203125 0.9375 0.034375 0.025
1 0.34375 0.865625 0.025 0.015625
1 0.85234375 0.86875 0.025 0.0140625
1 0.865625 0.46875 0.025 0.0125
1 0.21640625 0.8921875 0.0265625 0.01875
1 0.16484375 0.32109375 0.025 0.0125
1 0.00703125 0.60390625 0.0140625 0.0109375
1 0.19765625 0.884375 0.028125 0.01875
1 0.4890625 0.3 0.025 0.0125
1 0.1734375 0.86796875 0.025 0.015625
1 0.7046875 0.90234375 0.028125 0.0140625
1 0.2953125 0.8453125 0.021875 0.0109375
1 0.253125 0.62734375 0.028125 0.0234375
1 0.49765625 0.2953125 0.021875 0.0125
1 0.8796875 0.84765625 0.025 0.0140625
1 0.0578125 0.37890625 0.025 0.0125
1 0.99296875 0.35625 0.0140625 0.0125
1 0.68203125 0.83515625 0.025 0.0140625
1 0.575 0.846875 0.025 0.0125
1 0.10078125 0.9 0.028125 0.0203125
1 0.51328125 0.29453125 0.0234375 0.0125
1 0.13828125 0.3328125 0.0234375 0.0125
1 0.85390625 0.30625 0.0234375 0.0109375
1 0.91796875 0.853125 0.021875 0.0125
1 0.28828125 0.853125 0.025 0.0125
1 0.46328125 0.303125 0.0234375 0.0125
1 0.12578125 0.3359375 0.025 0.0125
3 0.4609375 0.815625 0.04375 0.0359375
1 0.27890625 0.44921875 0.021875 0.0125
1 0.24375 0.996875 0.028125 0.00625
1 0.13046875 0.9 0.028125 0.015625
1 0.11171875 0.33203125 0.025 0.0125
1 0.115625 0.89140625 0.0265625 0.015625
1 0.071875 0.3765625 0.025 0.0125
1 0.57109375 0.8265625 0.021875 0.009375
1 0.19609375 0.86015625 0.0234375 0.0125
1 0.853125 0.84453125 0.021875 0.0125
1 0.6671875 0.85625 0.021875 0.0109375
1 0.35234375 0.8359375 0.021875 0.009375
1 0.46796875 0.83828125 0.021875 0.009375
1 0.21640625 0.6078125 0.028125 0.015625
1 0.965625 0.39921875 0.025 0.0125