2 0.22109375 0.2296875 0.1109375 0.06875
4 0.0828125 0.46875 0.1296875 0.1109375
3 0.24375 0.86796875 0.0765625 0.059375
3 0.54921875 0.275 0.0828125 0.0859375
1 0.66875 0.5234375 0.0328125 0.0234375
1 0.6140625 0.4140625 0.0296875 0.01875
1 0.60390625 0.49765625 0.03125 0.0234375
1 0.2359375 0.60703125 0.0328125 0.0203125
1 0.1546875 0.48828125 0.03125 0.0203125
1 0.5890625 0.45390625 0.03125 0.0203125
1 0.7046875 0.52421875 0.0328125 0.0234375
1 0.88984375 0.415625 0.03125 0.0203125
1 0.77578125 0.55625 0.0328125 0.025
1 0.73359375 0.4921875 0.03125 0.0203125
1 0.6359375 0.6 0.0328125 0.025
1 0.68828125 0.453125 0.03125 0.0203125
1 0.9859375 0.41015625 0.028125 0.0203125
4 0.47265625 0.42265625 0.096875 0.1375
1 0.5859375 0.30234375 0.0265625 0.015625
3 0.103125 0.88828125 0.0859375 0.0921875
1 0.26171875 0.62109375 0.034375 0.025
2 0.7375 0.19609375 0.1109375 0.0640625
1 0.96171875 0.40625 0.0296875 0.01875
1 0.640625 0.43125 0.03125 0.0203125
1 0.87578125 0.4640625 0.0296875 0.0203125
1 0.40703125 0.46171875 0.03125 0.0203125
1 0.53984375 0.33203125 0.028125 0.0171875
1 0.9203125 0.41484375 0.03125 0.0203125
1 0.66015625 0.4125 0.0296875 0.01875
1 0.82890625 0.38359375 0.0296875 0.01875
1 0.18046875 0.44921875 0.0296875 0.01875
1 0.840625 0.43203125 0.03125 0.0203125
1 0.38125 0.4265625 0.0296875 0.0171875
1 0.59453125 0.58984375 0.0328125 0.025
1 0.6515625 0.42890625 0.03125 0.01875
1 0.6890625 0.890625 0.03125 0.01875
1 0.81484375 0.3421875 0.0296875 0.01875
1 0.09296875 0.321875 0.028125 0.015625
1 0.87109375 0.3015625 0.028125 0.015625
1 0.2921875 0.36015625 0.028125 0.0171875
1 0.4328125 0.35390625 0.0296875 0.0171875
1 0.15546875 0.91875 0.03125 0.0234375
1 0.54921875 0.396875 0.0296875 0.01875
1 0.4140625 0.39296875 0.0296875 0.0171875
1 0.73671875 0.87734375 0.0296875 0.0171875
1 0.6703125 0.4421875 0.03125 0.0203125
1 0.5171875 0.45390625 0.028125 0.01875
1 0.9421875 0.365625 0.03125 0.01875
1 0.57265625 0.49140625 0.03125 0.021875
1 0.53203125 0.46796875 0.0296875 0.01875
1 0.59140625 0.34140625 0.0296875 0.0171875
1 0.8515625 0.428125 0.0296875 0.01875
1 0.7421875 0.50859375 0.0328125 0.021875
1 0.97578125 0.39375 0.03125 0.015625
1 0.51796875 0.43125 0.03125 0.0171875
1 0.3328125 0.35859375 0.028125 0.015625
0 0.765625 0.16953125 0.028125 0.0171875
1 0.11796875 0.3203125 0.028125 0.015625
1 0.3390625 0.40234375 0.0296875 0.0171875
1 0.6703125 0.33515625 0.0265625 0.0171875
1 0.35 0.40234375 0.0296875 0.0171875
1 0.36171875 0.33671875 0.0265625 0.015625
1 0.3640625 0.3796875 0.0296875 0.0171875
1 0.47421875 0.2875 0.0265625 0.0171875
1 0.47578125 0.33984375 0.028125 0.0171875
1 0.38515625 0.38984375 0.0296875 0.0171875
1 0.58359375 0.3734375 0.03125 0.0171875
1 0.3078125 0.340625 0.0296875 0.015625
1 0.58984375 0.26484375 0.0265625 0.0140625
1 0.2921875 0.34453125 0.028125 0.015625
1 0.871875 0.4421875 0.03125 0.01875
1 0.61015625 0.31953125 0.0265625 0.0171875
1 0.32109375 0.39375 0.0296875 0.0171875
1 0.07421875 0.34375 0.028125 0.015625
1 0.9203125 0.34296875 0.0296875 0.0171875
1 0.675 0.39765625 0.0296875 0.0171875
1 0.53046875 0.48984375 0.028125 0.0171875
1 0.93203125 0.3515625 0.03125 0.01875
1 0.5140625 0.41640625 0.028125 0.015625
1 0.53515625 0.4296875 0.03125 0.01875
1 0.1546875 0.30703125 0.0265625 0.015625
1 0.6703125 0.4109375 0.0296875 0.015625
1 0.83984375 0.29609375 0.028125 0.015625
1 0.85390625 0.2625 0.028125 0.0140625
4 0.44296875 0.85625 0.1 0.109375
1 0.64765625 0.27578125 0.025 0.0140625
1 0.3359375 0.33515625 0.028125 0.015625
0 0.76640625 0.1828125 0.028125 0.015625
1 0.60625 0.28125 0.0265625 0.015625
1 0.8328125 0.31640625 0.028125 0.0140625
1 0.1984375 0.4359375 0.0296875 0.0171875
1 0.29375 0.33125 0.028125 0.0140625
1 0.4328125 0.41875 0.0296875 0.01875
1 0.825 0.30625 0.0265625 0.015625
1 0.92109375 0.37734375 0.03125 0.01875
1 0.38125 0.40625 0.0296875 0.0171875
1 0.1484375 0.3078125 0.0265625 0.015625
1 0.76171875 0.8609375 0.0265625 0.015625
1 0.63828125 0.29140625 0.028125 0.015625
1 0.41640625 0.375 0.0296875 0.01875
1 0.60390625 0.26328125 0.0265625 0.0140625
0 0.7203125 0.7859375 0.028125 0.0171875
0 0.94296875 0.2140625 0.028125 0.0171875
1 0.80703125 0.909375 0.034375 0.0234375
1 0.82734375 0.9265625 0.0359375 0.0296875
1 0.85390625 0.95390625 0.0375 0.0296875
1 0.96875 0.3546875 0.03125 0.01875
1 0.13515625 0.92578125 0.034375 0.025
1 0.8421875 0.24375 0.0265625 0.0140625
1 0.7984375 0.28125 0.0265625 0.0140625
1 0.109375 0.3140625 0.0265625 0.015625
1 0.4453125 0.35390625 0.028125 0.015625
1 0.9015625 0.29296875 0.028125 0.015625
1 0.8953125 0.87734375 0.03125 0.0203125
1 0.34765625 0.36796875 0.028125 0.0171875
1 0.4984375 0.36953125 0.0265625 0.0140625
1 0.37890625 0.271875 0.0265625 0.0140625
1 0.86796875 0.27109375 0.028125 0.015625
1 0.82578125 0.903125 0.0328125 0.015625
1 0.35234375 0.321875 0.028125 0.0171875
0 0.65625 0.1890625 0.0296875 0.0171875
1 0.365625 0.27734375 0.028125 0.0140625
0 0.68203125 0.7640625 0.028125 0.015625
0 0.67265625 0.7359375 0.028125 0.015625
1 0.95625 0.95625 0.040625 0.03125
1 0.8609375 0.271875 0.025 0.0140625
1 0.321875 0.32890625 0.0265625 0.015625
1 0.84140625 0.271875 0.0265625 0.0125
1 0.86953125 0.9046875 0.0359375 0.028125
1 0.8015625 0.88984375 0.0296875 0.0171875
1 0.05703125 0.4140625 0.03125 0.0171875
1 0.15078125 0.88671875 0.0265625 0.0140625
1 0.80703125 0.2546875 0.0296875 0.015625
0 0.65234375 0.69921875 0.028125 0.015625
1 0.91953125 0.30234375 0.0296875 0.01875
1 0.40234375 0.3765625 0.0296875 0.0171875
1 0.81640625 0.86484375 0.028125 0.0140625
1 0.9609375 0.3484375 0.028125 0.0171875
1 0.41875 0.340625 0.028125 0.0171875
1 0.140625 0.2890625 0.0296875 0.0140625
1 0.42578125 0.2640625 0.0265625 0.015625
0 0.7296875 0.7671875 0.0265625 0.0140625
1 0.0890625 0.3078125 0.028125 0.0171875
1 0.365625 0.36328125 0.0265625 0.0125
1 0.34609375 0.3453125 0.028125 0.015625
1 0.0265625 0.41953125 0.0265625 0.015625
1 0.3328125 0.3015625 0.0265625 0.0140625
1 0.90546875 0.27421875 0.028125 0.015625
1 0.178125 0.28203125 0.0265625 0.0140625
1 0.43984375 0.26171875 0.0265625 0.0140625
1 0.0171875 0.43046875 0.0265625 0.0140625
1 0.9390625 0.31328125 0.028125 0.0171875
1 0.1390625 0.98828125 0.028125 0.0234375
0 0.69765625 0.1703125 0.028125 0.0140625
1 0.8828125 0.259375 0.0265625 0.015625
1 0.03671875 0.42578125 0.0296875 0.01875
1 0.390625 0.37421875 0.03125 0.01875
0 0.87265625 0.7890625 0.0328125 0.021875
1 0.06328125 0.3296875 0.0296875 0.0171875
0 0.69375 0.7375 0.028125 0.015625
1 0.00625 0.425 0.0125 0.01875
0 0.73359375 0.75703125 0.028125 0.015625
1 0.659375 0.2484375 0.0265625 0.015625
0 0.95859375 0.228125 0.028125 0.0171875
1 0.98671875 0.34609375 0.0265625 0.0203125
1 0.8359375 0.2640625 0.028125 0.0140625
1 0.52109375 0.4921875 0.028125 0.01875
1 0.84140625 0.9125 0.0359375 0.0265625
1 0.3921875 0.265625 0.028125 0.0140625
1 0.41875 0.26875 0.0265625 0.015625
1 0.67578125 0.85625 0.025 0.0125
1 0.68125 0.8796875 0.028125 0.015625
1 0.09140625 0.92890625 0.03125 0.0203125
1 0.17109375 0.2859375 0.025 0.0140625
1 0.5015625 0.384375 0.0265625 0.0171875
0 0.82578125 0.81171875 0.0296875 0.021875
1 0.55390625 0.8859375 0.0265625 0.0140625
1 0.7390625 0.8625 0.028125 0.0125
1 0.34765625 0.28125 0.028125 0.0140625
1 0.3359375 0.28046875 0.028125 0.0140625
1 0.3296875 0.321875 0.0265625 0.0140625
0 0.9265625 0.23984375 0.028125 0.015625
1 0.890625 0.2625 0.0296875 0.01875
1 0.4578125 0.26328125 0.028125 0.0171875
1 0.55390625 0.86640625 0.025 0.0109375
1 0.778125 0.85390625 0.0265625 0.0125
1 0.86328125 0.97109375 0.040625 0.0234375
1 0.94765625 0.31328125 0.0265625 0.015625
1 0.10859375 0.2953125 0.0265625 0.015625
1 0.13828125 0.9125 0.028125 0.0140625
1 0.9765625 0.94765625 0.034375 0.0203125
1 0.98984375 0.39453125 0.0203125 0.0140625
1 0.4671875 0.259375 0.0265625 0.015625
1 0.48515625 0.3671875 0.0296875 0.015625
0 0.9171875 0.80234375 0.028125 0.015625
1 0.91875 0.87578125 0.03125 0.01875
1 0.4734375 0.36015625 0.0296875 0.01875
1 0.1921875 0.41875 0.028125 0.0125
1 0.97265625 0.40546875 0.03125 0.01875
1 0.0765625 0.93046875 0.0328125 0.025
1 0.171875 0.8828125 0.0296875 0.0140625
1 0.840625 0.85078125 0.025 0.0125
1 0.16328125 0.28671875 0.03125 0.0140625
1 0.98515625 0.38203125 0.025 0.0125
1 0.50859375 0.25703125 0.0265625 0.0140625
1 0.8703125 0.853125 0.028125 0.015625
1 0.5375 0.88984375 0.0265625 0.015625
1 0.10078125 0.2953125 0.0296875 0.015625
1 0.60625 0.2515625 0.0265625 0.0125
1 0.88515625 0.85234375 0.028125 0.015625
1 0.97421875 0.32734375 0.0296875 0.0171875
1 0.87265625 0.2453125 0.0265625 0.0140625
0 0.55390625 0.9875 0.034375 0.0203125
1 0.3828125 0.36796875 0.028125 0.015625
1 0.5671875 0.25078125 0.0296875 0.0203125