4 0.6515625 0.3390625 0.06796875 0.08515625
2 0.7703125 0.21953125 0.0890625 0.059375
3 0.47265625 0.34140625 0.0703125 0.0875
4 0.22890625 0.82890625 0.04609375 0.04453125
1 0.1484375 0.43125 0.0109375 0.01796875
1 0.64921875 0.49296875 0.01171875 0.0203125
1 0.828125 0.5734375 0.01328125 0.02265625
1 0.57109375 0.40546875 0.009375 0.0171875
1 0.7734375 0.55703125 0.0125 0.021875
1 0.72734375 0.48359375 0.0109375 0.01953125
1 0.66171875 0.4328125 0.01015625 0.01796875
0 0.215625 0.2078125 0.0109375 0.01640625
1 0.50859375 0.421875 0.009375 0.01640625
1 0.14609375 0.90390625 0.01484375 0.025
1 0.67734375 0.58828125 0.0140625 0.01953125
1 0.96875 0.51015625 0.0140625 0.021875
1 0.375 0.42421875 0.009375 0.01796875
1 0.8328125 0.44765625 0.0109375 0.01796875
1 0.740625 0.53203125 0.01328125 0.0203125
1 0.115625 0.48046875 0.0109375 0.01875
1 0.5765625 0.89609375 0.01328125 0.021875
1 0.33828125 0.4359375 0.0109375 0.0171875
1 0.628125 0.5671875 0.01015625 0.02109375
1 0.6796875 0.48984375 0.01171875 0.01875
1 0.83515625 0.89375 0.01171875 0.02109375
1 0.484375 0.5859375 0.01328125 0.02109375
1 0.8734375 0.56796875 0.009375 0.0171875
1 0.62578125 0.875 0.0109375 0.01953125
0 0.19453125 0.134375 0.01171875 0.0203125
1 0.35234375 0.86328125 0.01328125 0.02265625
1 0.6484375 0.38203125 0.00859375 0.01328125
0 0.24609375 0.17265625 0.00859375 0.01640625
1 0.515625 0.39375 0.00859375 0.01484375
1 0.60703125 0.3453125 0.00859375 0.0140625
1 0.325 0.415625 0.01015625 0.01640625
1 0.11875 0.3578125 0.0078125 0.0125
1 0.66015625 0.27890625 0.00859375 0.01484375
1 0.70078125 0.47265625 0.0109375 0.0203125
1 0.9890625 0.4859375 0.0140625 0.0203125
1 0.353125 0.371875 0.009375 0.015625
1 0.6546875 0.41015625 0.009375 0.01640625
1 0.7140625 0.42734375 0.01015625 0.0171875
0 0.19140625 0.78046875 0.009375 0.01484375
1 0.32578125 0.43359375 0.0109375 0.0171875
1 0.6984375 0.39375 0.009375 0.015625
1 0.98671875 0.4265625 0.01171875 0.01796875
1 0.28515625 0.85546875 0.00859375 0.0140625
1 0.61171875 0.40234375 0.01015625 0.015625
1 0.0703125 0.3765625 0.009375 0.0140625
1 0.73046875 0.8515625 0.00703125 0.0125
1 0.73515625 0.56328125 0.01328125 0.021875
1 0.384375 0.334375 0.00703125 0.0140625
1 0.70390625 0.515625 0.01171875 0.01875
1 0.6921875 0.56953125 0.0140625 0.021875
0 0.27890625 0.22265625 0.0109375 0.01875
1 0.2609375 0.4875 0.01171875 0.01953125
1 0.88515625 0.334375 0.00859375 0.01328125
1 0.0359375 0.38671875 0.009375 0.015625
1 0.64375 0.39765625 0.0109375 0.015625
1 0.32734375 0.39453125 0.009375 0.0140625
1 0.93359375 0.35625 0.01015625 0.01484375
1 0.596875 0.38671875 0.009375 0.01484375
0 0.2359375 0.22109375 0.01015625 0.01484375
1 0.321875 0.38203125 0.0078125 0.0140625
1 0.890625 0.32109375 0.00703125 0.0125
1 0.1359375 0.8796875 0.0109375 0.01953125
0 0.2265625 0.30078125 0.01015625 0.01640625
1 0.48125 0.64609375 0.01015625 0.01171875
0 0.17890625 0.23671875 0.009375 0.01640625
1 0.10546875 0.353125 0.0078125 0.0125
0 0.80625 0.73671875 0.009375 0.01796875
1 0.971875 0.36953125 0.01015625 0.01328125
0 0.25859375 0.0078125 0.01015625 0.01484375
1 0.6828125 0.4078125 0.01015625 0.01484375
1 0.72109375 0.54921875 0.01328125 0.01875
1 0.678125 0.3953125 0.00703125 0.0125
1 0.634375 0.38046875 0.009375 0.0125
1 0.68046875 0.553125 0.0125 0.01796875
1 0.22421875 0.95390625 0.01953125 0.025
1 0.18125 0.3234375 0.0078125 0.01328125
1 0.34609375 0.30859375 0.0078125 0.01328125
1 0.1765625 0.975 0.021875 0.03984375
1 0.95625 0.93359375 0.01484375 0.028125
0 0.8171875 0.15234375 0.00859375 0.01484375
1 0.36875 0.34375 0.00859375 0.01328125
1 0.62578125 0.90390625 0.0125 0.01171875
0 0.26015625 0.19140625 0.0078125 0.01171875
1 0.85546875 0.92265625 0.01484375 0.028125
1 0.69609375 0.415625 0.009375 0.015625
1 0.5703125 0.303125 0.0078125 0.01171875
1 0.159375 0.85234375 0.0078125 0.0125
3 0.55703125 0.81171875 0.0421875 0.04140625
1 0.7109375 0.9046875 0.01171875 0.0125
1 0.1734375 0.31953125 0.00859375 0.01171875
1 0.31484375 0.33671875 0.00859375 0.0171875
1 0.40234375 0.3234375 0.00625 0.0125
1 0.875 0.2984375 0.009375 0.01640625
1 0.734375 0.50859375 0.0109375 0.0171875
1 0.13125 0.3421875 0.009375 0.01171875
1 0.6953125 0.5390625 0.01171875 0.01953125
0 0.403125 0.78828125 0.0109375 0.0203125
1 0.82734375 0.86484375 0.0078125 0.01796875
1 0.97734375 0.3875 0.0109375 0.01484375
1 0.90859375 0.87265625 0.0078125 0.0140625
1 0.571875 0.3390625 0.009375 0.0140625
1 0.8265625 0.30859375 0.00859375 0.01328125
1 0.65546875 0.396875 0.009375 0.0125
1 0.990625 0.4 0.01171875 0.0171875
1 0.5203125 0.8953125 0.015625 0.0234375
1 0.38203125 0.31875 0.00859375 0.01328125
1 0.084375 0.36875 0.009375 0.01484375
1 0.34765625 0.3375 0.009375 0.01328125
1 0.11171875 0.8828125 0.01015625 0.01796875
1 0.359375 0.3234375 0.009375 0.01328125
1 0.27421875 0.48828125 0.009375 0.01640625
1 0.88984375 0.30078125 0.0078125 0.01171875
0 0.22421875 0.02734375 0.01015625 0.0171875
1 0.403125 0.34375 0.00625 0.0125
1 0.57421875 0.35390625 0.0109375 0.01328125
1 0.01796875 0.39453125 0.009375 0.0140625
1 0.571875 0.84453125 0.00859375 0.0125
1 0.85 0.31796875 0.00859375 0.0125
1 0.0078125 0.38359375 0.00859375 0.01328125
1 0.99140625 0.36484375 0.01171875 0.01484375
1 0.715625 0.51484375 0.0109375 0.0171875
1 0.86953125 0.58203125 0.01015625 0.0125
1 0.70625 0.54453125 0.01171875 0.01875
1 0.925 0.33671875 0.01015625 0.01328125
0 0.17890625 0.2625 0.00859375 0.01328125
1 0.85234375 0.86484375 0.00703125 0.0140625
1 0.9546875 0.33515625 0.00859375 0.01484375
1 0.14296875 0.34296875 0.00703125 0.01328125
1 0.88359375 0.88046875 0.0125 0.015625
1 0.9453125 0.33515625 0.01015625 0.01328125
1 0.35703125 0.3546875 0.00859375 0.01171875
1 0.58046875 0.296875 0.0078125 0.01328125
1 0.8921875 0.93046875 0.0125 0.025
1 0.11171875 0.85859375 0.0109375 0.0171875
1 0.69765625 0.35546875 0.009375 0.0125
0 0.77109375 0.05 0.00859375 0.01328125
0 0.85 0.21640625 0.01015625 0.01640625
0 0.246875 0.2453125 0.009375 0.0109375
1 0.9390625 0.3453125 0.0078125 0.01015625
1 0.6875 0.3375 0.0078125 0.0125
1 0.97265625 0.35 0.00859375 0.0140625
0 0.846875 0.771875 0.00859375 0.01484375
1 0.7546875 0.84921875 0.00625 0.0125
1 0.490625 0.29453125 0.00703125 0.0109375
1 0.1953125 0.83984375 0.0078125 0.0109375
1 0.38984375 0.278125 0.0078125 0.01171875
1 0.04921875 0.359375 0.00859375 0.01328125
1 0.58984375 0.34765625 0.0109375 0.0140625
1 0.07109375 0.87109375 0.009375 0.01484375
1 0.1609375 0.3109375 0.0078125 0.0109375
1 0.92421875 0.3234375 0.0078125 0.01328125
1 0.5578125 0.2984375 0.00859375 0.01171875
1 0.85234375 0.8328125 0.0078125 0.0140625
1 0.06875 0.35703125 0.0109375 0.01484375
1 0.56171875 0.3484375 0.01171875 0.0140625
1 0.90234375 0.31484375 0.00859375 0.0125
1 0.3609375 0.30859375 0.00703125 0.0125
1 0.52265625 0.85 0.01015625 0.0125
1 0.890625 0.86484375 0.00625 0.0109375
1 0.72421875 0.5296875 0.01171875 0.01640625
0 0.1875 0.79453125 0.01015625 0.0140625
1 0.79140625 0.84140625 0.00703125 0.0109375
1 0.77734375 0.840625 0.00703125 0.01171875
0 0.1203125 0.79453125 0.009375 0.01875
1 0.73828125 0.84453125 0.00703125 0.0109375
1 0.84296875 0.8453125 0.0078125 0.0109375
0 0.415625 0.7546875 0.01015625 0.01953125
1 0.91953125 0.92890625 0.0125 0.025
0 0.89140625 0.27109375 0.009375 0.01484375
1 0.90546875 0.9421875 0.01640625 0.021875
1 0.60234375 0.37734375 0.0078125 0.01171875
0 0.2375 0.72578125 0.01015625 0.0140625
1 0.1515625 0.34765625 0.0109375 0.01328125
1 0.5515625 0.84453125 0.00859375 0.01328125
0 0.25546875 0.7109375 0.01015625 0.01640625
1 0.378125 0.29921875 0.0078125 0.01171875
1 0.5609375 0.84375 0.00625 0.0125
0 0.2796875 0.715625 0.0078125 0.01328125
1 0.1609375 0.828125 0.009375 0.01328125
1 0.93359375 0.88125 0.009375 0.01484375
1 0.5796875 0.34375 0.009375 0.015625
1 0.13046875 0.328125 0.01015625 0.01484375
1 0.89609375 0.84375 0.00703125 0.0109375
1 0.46875 0.3 0.00625 0.01015625
1 0.14609375 0.31953125 0.00859375 0.01328125
1 0.41640625 0.34453125 0.0078125 0.01171875
1 0.49921875 0.53984375 0.01015625 0.0140625
1 0.11953125 0.33125 0.0125 0.01328125
1 0.69453125 0.33828125 0.00859375 0.0125
1 0.35703125 0.44921875 0.0078125 0.0109375
1 0.10546875 0.33125 0.01015625 0.01328125