2 0.74765625 0.20234375 0.103125 0.065625
3 0.15859375 0.32421875 0.078125 0.096875
4 0.9109375 0.48984375 0.1140625 0.134375
3 0.2515625 0.871875 0.0828125 0.0734375
4 0.87265625 0.375 0.103125 0.0953125
1 0.21484375 0.5828125 0.025 0.0203125
0 0.16953125 0.09453125 0.025 0.01875
2 0.23203125 0.221875 0.103125 0.059375
4 0.77421875 0.85859375 0.11875 0.1015625
1 0.103125 0.45546875 0.0234375 0.0171875
3 0.1515625 0.6 0.1125 0.1375
1 0.428125 0.4 0.021875 0.015625
1 0.6546875 0.45625 0.0234375 0.01875
1 0.775 0.58515625 0.025 0.021875
1 0.6953125 0.5078125 0.021875 0.0171875
1 0.54375 0.4 0.021875 0.015625
1 0.3875 0.3625 0.021875 0.015625
1 0.83671875 0.42109375 0.021875 0.015625
1 0.11328125 0.375 0.0203125 0.0140625
1 0.365625 0.3421875 0.0203125 0.0140625
1 0.378125 0.44921875 0.021875 0.0171875
1 0.05390625 0.440625 0.021875 0.015625
0 0.14765625 0.1625 0.0234375 0.0171875
1 0.6703125 0.48046875 0.0234375 0.01875
1 0.27734375 0.5078125 0.0234375 0.01875
1 0.35078125 0.3625 0.021875 0.0140625
1 0.39921875 0.384375 0.021875 0.0140625
1 0.5796875 0.5703125 0.025 0.021875
1 0.39609375 0.44765625 0.0234375 0.015625
0 0.16640625 0.1984375 0.021875 0.015625
1 0.2671875 0.9046875 0.021875 0.015625
1 0.00859375 0.46015625 0.0171875 0.0171875
1 0.0734375 0.459375 0.0234375 0.0171875
0 0.15 0.134375 0.0234375 0.0171875
1 0.690625 0.39296875 0.021875 0.0140625
1 0.06875 0.42109375 0.021875 0.015625
1 0.34765625 0.315625 0.0203125 0.0140625
1 0.3421875 0.3421875 0.0203125 0.0140625
1 0.625 0.321875 0.0203125 0.0140625
0 0.190625 0.2234375 0.01875 0.0140625
0 0.16953125 0.11953125 0.025 0.01875
1 0.7390625 0.5375 0.0234375 0.0203125
0 0.18359375 0.1515625 0.025 0.0203125
0 0.19609375 0.1890625 0.0234375 0.01875
1 0.940625 0.346875 0.021875 0.0140625
1 0.03125 0.45390625 0.0234375 0.015625
0 0.22421875 0.184375 0.0203125 0.015625
1 0.36875 0.29921875 0.01875 0.0125
0 0.16640625 0.15 0.021875 0.015625
1 0.81328125 0.29140625 0.01875 0.0140625
1 0.15234375 0.4796875 0.0234375 0.0171875
1 0.59375 0.30078125 0.01875 0.0125
0 0.1515625 0.2359375 0.0203125 0.0125
1 0.5984375 0.3875 0.021875 0.015625
1 0.64609375 0.284375 0.01875 0.0109375
1 0.25546875 0.55 0.0234375 0.0203125
1 0.52421875 0.4296875 0.021875 0.0171875
1 0.22109375 0.625 0.025 0.0171875
1 0.93671875 0.37890625 0.021875 0.015625
1 0.81484375 0.40390625 0.0203125 0.0140625
1 0.5078125 0.346875 0.0203125 0.0140625
1 0.6234375 0.30234375 0.0203125 0.0125
1 0.21796875 0.60703125 0.025 0.0140625
1 0.01015625 0.44296875 0.0203125 0.0140625
1 0.6078125 0.38046875 0.021875 0.0140625
1 0.13984375 0.47109375 0.0234375 0.0140625
1 0.3203125 0.34609375 0.0203125 0.0140625
0 0.1421875 0.2046875 0.0234375 0.0171875
0 0.27734375 0.7921875 0.021875 0.015625
1 0.8796875 0.30234375 0.0203125 0.0125
1 0.1765625 0.940625 0.0265625 0.0234375
1 0.50078125 0.31953125 0.0203125 0.0125
1 0.40703125 0.3 0.01875 0.0125
1 0.359375 0.896875 0.0203125 0.0140625
1 0.66015625 0.365625 0.0203125 0.0140625
1 0.065625 0.3875 0.021875 0.0140625
1 0.53359375 0.3234375 0.01875 0.0125
1 0.85234375 0.853125 0.01875 0.0109375
1 0.0546875 0.3984375 0.021875 0.015625
1 0.60078125 0.34375 0.0203125 0.0140625
1 0.7875 0.9046875 0.025 0.0203125
1 0.61171875 0.2984375 0.0203125 0.0125
1 0.946875 0.38046875 0.021875 0.0140625
1 0.703125 0.528125 0.0234375 0.01875
0 0.28515625 0.72109375 0.021875 0.0171875
1 0.57109375 0.31484375 0.01875 0.0125
1 0.42421875 0.278125 0.0203125 0.0109375
1 0.21875 0.9578125 0.0296875 0.0265625
1 0.23828125 0.9390625 0.028125 0.021875
1 0.3015625 0.8828125 0.021875 0.0140625
1 0.60390625 0.365625 0.0203125 0.0140625
1 0.659375 0.31484375 0.01875 0.0125
0 0.17421875 0.06484375 0.0234375 0.0171875
1 0.0828125 0.31640625 0.0203125 0.0140625
1 0.5546875 0.340625 0.0203125 0.0140625
1 0.559375 0.26875 0.01875 0.0109375
1 0.80234375 0.41171875 0.0203125 0.0140625
1 0.68359375 0.3671875 0.021875 0.0140625
1 0.6078125 0.3125 0.01875 0.0109375
1 0.01953125 0.45625 0.0234375 0.015625
1 0.6421875 0.33984375 0.0203125 0.0140625
1 0.65859375 0.3328125 0.0203125 0.009375
1 0.01875 0.40546875 0.0234375 0.015625
0 0.2640625 0.82578125 0.0234375 0.0234375
1 0.2046875 0.94453125 0.0265625 0.021875
1 0.56328125 0.3171875 0.021875 0.0125
1 0.41953125 0.303125 0.01875 0.0125
1 0.84609375 0.47421875 0.0203125 0.0109375
1 0.79140625 0.4109375 0.0203125 0.015625
1 0.65703125 0.3453125 0.0203125 0.0125
1 0.64140625 0.25390625 0.0171875 0.0109375
1 0.66953125 0.346875 0.0203125 0.0109375
1 0.60703125 0.28203125 0.01875 0.0109375
1 0.8828125 0.953125 0.03125 0.0328125
1 0.80625 0.38515625 0.021875 0.0125
1 0.86875 0.25390625 0.01875 0.0109375
1 0.47265625 0.2671875 0.0203125 0.0140625
1 0.540625 0.27890625 0.01875 0.0125
1 0.59609375 0.32109375 0.0203125 0.0125
1 0.14609375 0.91640625 0.0234375 0.0171875
1 0.4796875 0.88203125 0.01875 0.0109375
1 0.0953125 0.29453125 0.01875 0.009375
1 0.12265625 0.4984375 0.021875 0.015625
1 0.86953125 0.946875 0.0265625 0.0296875
1 0.08671875 0.30234375 0.0203125 0.0109375
1 0.8109375 0.375 0.0203125 0.0125
0 0.15390625 0.07265625 0.021875 0.015625
0 0.20625 0.16796875 0.021875 0.0140625
0 0.065625 0.03046875 0.028125 0.015625
1 0.84609375 0.86796875 0.021875 0.0140625
1 0.83515625 0.253125 0.0203125 0.0109375
1 0.903125 0.9703125 0.028125 0.0171875
1 0.79765625 0.25 0.01875 0.0109375
1 0.5234375 0.29765625 0.0203125 0.0125
1 0.3953125 0.4328125 0.021875 0.0109375
0 0.271875 0.76875 0.01875 0.0109375
1 0.21875 0.9359375 0.0234375 0.0140625
1 0.48671875 0.2828125 0.0203125 0.0125
1 0.6046875 0.2640625 0.01875 0.0109375
1 0.87265625 0.88515625 0.021875 0.0171875
1 0.06171875 0.34609375 0.021875 0.015625
1 0.88203125 0.32890625 0.01875 0.0125
1 0.640625 0.32109375 0.021875 0.0140625
0 0.1578125 0.24453125 0.0203125 0.0140625
1 0.7046875 0.884375 0.025 0.021875
1 0.8765625 0.253125 0.01875 0.0109375
1 0.43671875 0.2765625 0.0203125 0.0125
1 0.09375 0.9875 0.0359375 0.0234375
1 0.20859375 0.884375 0.0171875 0.009375
1 0.9828125 0.3453125 0.0203125 0.0109375
1 0.5390625 0.26015625 0.0203125 0.0125
1 0.33515625 0.27421875 0.01875 0.0125
1 0.6703125 0.3671875 0.021875 0.0140625
1 0.28125 0.31640625 0.021875 0.0140625
1 0.51171875 0.309375 0.0203125 0.0109375
1 0.51953125 0.28515625 0.0171875 0.0109375
1 0.740625 0.98203125 0.028125 0.0109375
1 0.13359375 0.28125 0.0203125 0.0140625
1 0.8671875 0.86953125 0.021875 0.0140625
1 0.453125 0.259375 0.01875 0.009375
1 0.9234375 0.42265625 0.021875 0.0109375
1 0.42421875 0.26328125 0.0203125 0.0109375
1 0.6703125 0.33515625 0.01875 0.0109375
1 0.10078125 0.28125 0.01875 0.0109375
1 0.8859375 0.83984375 0.0171875 0.009375
1 0.12890625 0.91640625 0.0234375 0.015625
1 0.928125 0.359375 0.021875 0.0125
0 0.40625 0.71640625 0.0203125 0.0140625
1 0.9796875 0.37109375 0.025 0.015625
0 0.26953125 0.81171875 0.0203125 0.0171875
1 0.88203125 0.2671875 0.01875 0.0125
1 0.053125 0.35078125 0.021875 0.0125
1 0.99140625 0.959375 0.0171875 0.028125
1 0.0359375 0.36015625 0.0203125 0.0125
1 0.1453125 0.88359375 0.0203125 0.0109375
1 0.4984375 0.2671875 0.021875 0.0109375
0 0.221875 0.740625 0.0203125 0.0140625
1 0.946875 0.89609375 0.0234375 0.0171875
1 0.96953125 0.9171875 0.0234375 0.01875
0 0.13671875 0.0765625 0.021875 0.01875
1 0.53125 0.3078125 0.01875 0.009375
1 0.88359375 0.88359375 0.021875 0.015625
1 0.52890625 0.284375 0.021875 0.0125
0 0.26640625 0.75703125 0.0203125 0.0109375
1 0.34140625 0.27109375 0.0203125 0.0140625
1 0.0390625 0.34765625 0.021875 0.0140625
1 0.653125 0.296875 0.021875 0.0125
1 0.95859375 0.9109375 0.0234375 0.0203125
1 0.8890625 0.26640625 0.01875 0.0109375
1 0.96953125 0.89375 0.0234375 0.015625
1 0.8890625 0.28984375 0.021875 0.0125
0 0.22109375 0.171875 0.0203125 0.009375
0 0.29453125 0.7140625 0.021875 0.0171875
4 0.62265625 0.8484375 0.0984375 0.1046875
1 0.9890625 0.3703125 0.01875 0.0140625
4 0.91640625 0.296875 0.0640625 0.096875
1 0.946875 0.359375 0.021875 0.0125
1 0.1828125 0.99765625 0.0328125 0.003125
1 0.00546875 0.39765625 0.0109375 0.0171875
1 0.55703125 0.20078125 0.021875 0.0125
1 0.96953125 0.96484375 0.0296875 0.0203125