1 0.3578125 0.42265625 0.01015625 0.0171875
1 0.97421875 0.4203125 0.0109375 0.01796875
1 0.01484375 0.4671875 0.0109375 0.01875
1 0.828125 0.5734375 0.01328125 0.02265625
1 0.16015625 0.4296875 0.01015625 0.01640625
1 0.9703125 0.46796875 0.0125 0.0203125
1 0.09375 0.4515625 0.01015625 0.0171875
1 0.38515625 0.4078125 0.009375 0.0171875
4 0.7921875 0.89609375 0.13671875 0.1640625
1 0.86875 0.5890625 0.01484375 0.01875
1 0.70703125 0.41875 0.01015625 0.015625
1 0.91875 0.43359375 0.0109375 0.01796875
1 0.26796875 0.50859375 0.0109375 0.0203125
1 0.628125 0.390625 0.00859375 0.015625
1 0.48671875 0.4640625 0.009375 0.0171875
0 0.17890625 0.2140625 0.0109375 0.01875
1 0.33984375 0.51171875 0.01171875 0.02109375
1 0.86953125 0.56484375 0.0140625 0.021875
1 0.30625 0.43359375 0.01015625 0.015625
1 0.83515625 0.4265625 0.0109375 0.01796875
1 0.265625 0.55078125 0.01171875 0.021875
0 0.7921875 0.76953125 0.01953125 0.0359375
1 0.290625 0.48515625 0.01171875 0.01796875
1 0.71640625 0.4359375 0.0109375 0.01796875
0 0.21796875 0.20625 0.01015625 0.015625
1 0.3359375 0.39296875 0.009375 0.015625
1 0.73046875 0.45 0.01015625 0.01875
1 0.30078125 0.46875 0.0109375 0.0171875
1 0.60546875 0.38046875 0.0078125 0.01484375
1 0.33046875 0.43515625 0.01015625 0.0171875
1 0.5828125 0.3671875 0.0078125 0.01484375
1 0.85859375 0.3359375 0.0078125 0.0140625
0 0.84375 0.1203125 0.0125 0.0171875
1 0.3421875 0.44921875 0.01015625 0.01875
3 0.83671875 0.29921875 0.034375 0.06484375
0 0.79140625 0.19609375 0.0109375 0.01953125
1 0.921875 0.89140625 0.01171875 0.02109375
1 0.371875 0.35546875 0.0078125 0.0140625
1 0.06015625 0.4375 0.0109375 0.01796875
0 0.20859375 0.19765625 0.01015625 0.01953125
0 0.9421875 0.11484375 0.01484375 0.02109375
1 0.1921875 0.4625 0.0109375 0.01796875
1 0.47265625 0.41875 0.01015625 0.01640625
1 0.7 0.33046875 0.009375 0.0140625
0 0.8109375 0.15703125 0.0125 0.01953125
0 0.75546875 0.17265625 0.0109375 0.02109375
1 0.6765625 0.428125 0.01015625 0.01640625
1 0.49375 0.34765625 0.00859375 0.015625
1 0.88046875 0.34375 0.0078125 0.01328125
1 0.05390625 0.41875 0.0109375 0.0171875
1 0.803125 0.56484375 0.01328125 0.0234375
1 0.6625 0.396875 0.0109375 0.01640625
0 0.89765625 0.134375 0.0125 0.01953125
0 0.0046875 0.07734375 0.00859375 0.02109375
1 0.66171875 0.35234375 0.009375 0.0140625
0 0.97421875 0.128125 0.0140625 0.0203125
0 0.7734375 0.04453125 0.01171875 0.0171875
1 0.278125 0.4828125 0.01171875 0.0171875
0 0.16953125 0.19609375 0.01171875 0.01953125
1 0.90234375 0.35625 0.00859375 0.01484375
0 0.76796875 0.221875 0.01015625 0.0140625
0 0.21953125 0.190625 0.01015625 0.01328125
1 0.02890625 0.40078125 0.0109375 0.0171875
1 0.35390625 0.34375 0.0078125 0.0140625
1 0.57109375 0.34921875 0.00859375 0.015625
1 0.3 0.4203125 0.009375 0.0140625
1 0.8921875 0.32578125 0.0078125 0.0125
0 0.1453125 0.10625 0.0125 0.01953125
2 0.24921875 0.22578125 0.09140625 0.04609375
1 0.0828125 0.42734375 0.01015625 0.01640625
1 0.62734375 0.32890625 0.00625 0.0140625
1 0.29609375 0.44609375 0.009375 0.0125
0 0.771875 0.24609375 0.0078125 0.0125
1 0.82578125 0.38203125 0.01015625 0.0171875
1 0.94140625 0.94375 0.0140625 0.0203125
1 0.1046875 0.36484375 0.00859375 0.01328125
0 0.2140625 0.13046875 0.0109375 0.0171875
1 0.3796875 0.33125 0.0078125 0.01328125
1 0.3734375 0.3015625 0.0078125 0.0125
0 0.78515625 0.03125 0.00859375 0.01640625
0 0.09453125 0.05859375 0.0109375 0.0125
1 0.4640625 0.30234375 0.00625 0.0109375
0 0.2796875 0.79453125 0.00859375 0.01640625
0 0.77265625 0.79609375 0.0078125 0.01484375
1 0.15546875 0.3484375 0.0078125 0.01328125
1 0.925 0.35 0.009375 0.0140625
1 0.66328125 0.37578125 0.009375 0.01484375
1 0.36953125 0.3359375 0.0078125 0.0125
0 0.26015625 0.190625 0.00859375 0.0125
1 0.334375 0.36640625 0.00859375 0.0140625
1 0.48671875 0.30234375 0.0078125 0.0125
0 0.2703125 0.7734375 0.00859375 0.01328125
0 0.84375 0.1359375 0.01171875 0.01328125
1 0.4359375 0.29921875 0.0078125 0.0125
1 0.35 0.3828125 0.01015625 0.0140625
1 0.6078125 0.36015625 0.00859375 0.0140625
1 0.10234375 0.43046875 0.01015625 0.01640625
1 0.5046875 0.46171875 0.00859375 0.0109375
1 0.634375 0.8296875 0.0125 0.01875
1 0.909375 0.3296875 0.01015625 0.0140625
1 0.69609375 0.34453125 0.00859375 0.0140625
3 0.18125 0.31171875 0.03046875 0.04921875
1 0.63203125 0.85 0.01015625 0.01875
0 0.7765625 0.02109375 0.00859375 0.01484375
1 0.675 0.346875 0.009375 0.0140625
0 0.7734375 0.20390625 0.009375 0.0140625
1 0.06796875 0.42265625 0.0125 0.01953125
1 0.92421875 0.54765625 0.009375 0.01484375
0 0.053125 0.05703125 0.0125 0.01328125
1 0.15 0.33125 0.009375 0.0140625
1 0.5203125 0.89453125 0.015625 0.02421875
1 0.90625 0.98984375 0.0171875 0.01796875
0 0.29140625 0.76796875 0.01015625 0.01640625
1 0.115625 0.4234375 0.0109375 0.01796875
0 0.8203125 0.2546875 0.00859375 0.015625
0 0.16328125 0.1015625 0.01171875 0.0203125
0 0.25546875 0.20625 0.00625 0.0109375
1 0.61640625 0.3484375 0.00703125 0.01171875
1 0.12265625 0.41171875 0.009375 0.01640625
1 0.8859375 0.86328125 0.009375 0.01484375
0 0.12734375 0.08203125 0.0125 0.0203125
1 0.2796875 0.459375 0.00859375 0.01171875
1 0.415625 0.31328125 0.0078125 0.0125
1 0.05859375 0.39921875 0.0109375 0.01328125
1 0.82734375 0.6421875 0.009375 0.0171875
0 0.3046875 0.7625 0.009375 0.01484375
1 0.671875 0.41640625 0.009375 0.01484375
1 0.50078125 0.30625 0.009375 0.01328125
1 0.07890625 0.39921875 0.009375 0.015625
2 0.77265625 0.22421875 0.09296875 0.05625
0 0.7546875 0.7125 0.0078125 0.01640625
1 0.55546875 0.29765625 0.0078125 0.0125
0 0.665625 0.7109375 0.01171875 0.021875
0 0.2609375 0.796875 0.00859375 0.01484375
1 0.90625 0.884375 0.009375 0.01640625
1 0.39140625 0.3 0.00703125 0.0125
1 0.63828125 0.33046875 0.00703125 0.0140625
1 0.940625 0.3421875 0.009375 0.0140625
1 0.09140625 0.3703125 0.00859375 0.0125
1 0.0703125 0.4 0.0109375 0.015625
1 0.56484375 0.8453125 0.00625 0.0125
1 0.109375 0.334375 0.00859375 0.01328125
1 0.3390625 0.35 0.00859375 0.015625
1 0.9875 0.378125 0.01171875 0.0140625
1 0.4046875 0.30390625 0.0078125 0.0125
1 0.05390625 0.38671875 0.00703125 0.01171875
0 0.24375 0.18046875 0.00859375 0.015625
0 0.765625 0.7640625 0.00703125 0.01484375
1 0.48671875 0.64921875 0.009375 0.01015625
1 0.83515625 0.62265625 0.015625 0.021875
1 0.1234375 0.33046875 0.01015625 0.01328125
1 0.9515625 0.346875 0.01015625 0.01484375
0 0.99140625 0.1265625 0.01484375 0.02109375
0 0.77734375 0.22578125 0.0078125 0.0125
1 0.921875 0.3328125 0.009375 0.01484375
1 0.57109375 0.81640625 0.00703125 0.009375
1 0.88046875 0.8453125 0.0078125 0.0109375
0 0.77421875 0.1421875 0.0109375 0.015625
0 0.10234375 0.01328125 0.01328125 0.021875
1 0.28984375 0.45546875 0.0078125 0.0109375
1 0.90546875 0.86796875 0.00859375 0.0109375
1 0.93046875 0.33203125 0.009375 0.0140625
0 0.228125 0.18046875 0.00703125 0.015625
0 0.05078125 0.00390625 0.0109375 0.0078125
1 0.96015625 0.98984375 0.01875 0.01875
1 0.85390625 0.30234375 0.0078125 0.01328125
1 0.9171875 0.3484375 0.0078125 0.01484375
1 0.3515625 0.36875 0.00859375 0.0125
1 0.503125 0.646875 0.00625 0.009375
1 0.103125 0.925 0.01328125 0.01953125
1 0.2890625 0.4671875 0.009375 0.01484375
1 0.93515625 0.871875 0.0109375 0.01796875