4 0.61796875 0.37890625 0.1140625 0.103125
2 0.76015625 0.20859375 0.1171875 0.0640625
4 0.28125 0.8390625 0.10625 0.078125
3 0.93671875 0.4671875 0.1109375 0.115625
1 0.2921875 0.4984375 0.040625 0.0203125
3 0.21875 0.84296875 0.096875 0.0703125
3 0.16171875 0.3515625 0.0984375 0.0796875
1 0.64921875 0.4890625 0.0421875 0.021875
1 0.3484375 0.58046875 0.04375 0.025
3 0.61875 0.86171875 0.1421875 0.109375
1 0.71328125 0.8828125 0.04375 0.0234375
1 0.1078125 0.49609375 0.040625 0.01875
1 0.54765625 0.5109375 0.0421875 0.0203125
1 0.109375 0.51875 0.0421875 0.0203125
1 0.678125 0.521875 0.0421875 0.021875
1 0.72421875 0.4375 0.040625 0.01875
1 0.48671875 0.5453125 0.0421875 0.0203125
1 0.14609375 0.3953125 0.0390625 0.0140625
1 0.33359375 0.55234375 0.04375 0.0234375
1 0.0953125 0.55859375 0.04375 0.0234375
1 0.65234375 0.5671875 0.04375 0.0234375
1 0.54609375 0.4390625 0.040625 0.015625
1 0.35625 0.9015625 0.046875 0.025
1 0.5765625 0.53671875 0.0421875 0.0203125
2 0.23671875 0.23515625 0.125 0.053125
1 0.2734375 0.4546875 0.040625 0.01875
4 0.9109375 0.840625 0.109375 0.09375
1 0.49453125 0.43515625 0.040625 0.01875
1 0.03984375 0.434375 0.040625 0.0171875
1 0.73984375 0.88125 0.0421875 0.0203125
1 0.48359375 0.57109375 0.0421875 0.0234375
1 0.29921875 0.45234375 0.040625 0.0171875
1 0.14609375 0.89296875 0.040625 0.01875
1 0.45546875 0.50703125 0.0421875 0.0203125
1 0.98359375 0.44765625 0.0328125 0.0203125
1 0.625 0.5390625 0.0421875 0.021875
1 0.52578125 0.4421875 0.040625 0.0171875
4 0.96953125 0.36640625 0.0609375 0.0859375
1 0.3484375 0.51484375 0.040625 0.01875
1 0.35859375 0.5234375 0.0421875 0.021875
1 0.82265625 0.93203125 0.0484375 0.03125
1 0.084375 0.50859375 0.0421875 0.01875
1 0.9234375 0.3796875 0.040625 0.0171875
0 0.18359375 0.17421875 0.0390625 0.015625
1 0.0859375 0.5328125 0.0421875 0.0203125
1 0.85 0.35546875 0.0390625 0.0140625
1 0.31796875 0.546875 0.0421875 0.0203125
1 0.24375 0.9015625 0.0453125 0.0234375
1 0.0796875 0.43359375 0.0390625 0.015625
1 0.4609375 0.89921875 0.04375 0.0203125
1 0.38125 0.88046875 0.040625 0.01875
1 0.221875 0.9796875 0.0515625 0.0390625
1 0.57265625 0.42109375 0.040625 0.0171875
1 0.503125 0.45859375 0.040625 0.01875
1 0.97890625 0.43125 0.0421875 0.01875
1 0.07421875 0.4609375 0.040625 0.0171875
1 0.44296875 0.353125 0.0390625 0.0140625
1 0.50625 0.4375 0.040625 0.0171875
1 0.0625 0.465625 0.040625 0.01875
1 0.65234375 0.54453125 0.0421875 0.021875
1 0.57578125 0.48359375 0.040625 0.01875
1 0.8828125 0.31484375 0.0390625 0.0140625
1 0.37265625 0.35234375 0.0375 0.015625
1 0.9375 0.39140625 0.040625 0.0171875
1 0.7671875 0.9046875 0.0453125 0.0265625
1 0.91484375 0.3609375 0.0390625 0.015625
1 0.459375 0.3484375 0.0375 0.015625
1 0.40859375 0.9015625 0.05 0.0234375
1 0.37265625 0.39375 0.040625 0.015625
1 0.5484375 0.41953125 0.040625 0.015625
1 0.88125 0.3734375 0.040625 0.015625
1 0.353125 0.63125 0.04375 0.021875
1 0.67734375 0.41953125 0.0390625 0.0171875
1 0.6265625 0.29921875 0.0375 0.0125
1 0.09765625 0.42109375 0.040625 0.015625
1 0.328125 0.41640625 0.040625 0.0171875
1 0.33671875 0.35546875 0.0375 0.0140625
1 0.6515625 0.3296875 0.0375 0.0140625
1 0.45234375 0.37890625 0.0390625 0.0140625
1 0.60078125 0.3 0.0375 0.0125
1 0.184375 0.6375 0.0453125 0.025
1 0.35625 0.390625 0.0390625 0.0171875
1 0.8890625 0.3640625 0.0390625 0.015625
1 0.5734375 0.4546875 0.040625 0.015625
1 0.33828125 0.41015625 0.0390625 0.015625
1 0.321875 0.59140625 0.040625 0.0140625
1 0.5484375 0.321875 0.0375 0.0140625
1 0.69453125 0.4 0.040625 0.015625
1 0.1578125 0.65234375 0.0453125 0.025
1 0.96171875 0.903125 0.04375 0.0234375
1 0.575 0.4390625 0.0390625 0.015625
1 0.89296875 0.9140625 0.0484375 0.0328125
1 0.70546875 0.41640625 0.040625 0.0203125
1 0.5265625 0.4140625 0.040625 0.015625
1 0.4421875 0.39453125 0.0375 0.0140625
0 0.9140625 0.00625 0.0421875 0.0125
1 0.5328125 0.3890625 0.040625 0.0140625
1 0.8078125 0.89296875 0.04375 0.0234375
1 0.18515625 0.40703125 0.0375 0.0140625
1 0.79609375 0.890625 0.0421875 0.021875
1 0.94609375 0.38671875 0.040625 0.0140625
0 0.1828125 0.13828125 0.040625 0.0171875
1 0.13515625 0.88125 0.0390625 0.015625
1 0.32890625 0.3765625 0.0390625 0.0140625
1 0.3328125 0.6328125 0.0453125 0.021875
1 0.32265625 0.8703125 0.040625 0.0171875
1 0.546875 0.35546875 0.0390625 0.015625
1 0.56171875 0.4015625 0.040625 0.015625
1 0.5703125 0.46875 0.040625 0.0171875
1 0.17734375 0.884375 0.040625 0.01875
1 0.084375 0.93828125 0.04375 0.0265625
1 0.528125 0.31640625 0.0375 0.0125
1 0.34296875 0.396875 0.0390625 0.0140625
1 0.5875 0.3046875 0.0375 0.0140625
1 0.52265625 0.33984375 0.0390625 0.0140625
1 0.32421875 0.39140625 0.0375 0.0140625
1 0.68671875 0.3859375 0.0421875 0.015625
1 0.8375 0.2890625 0.0375 0.0125
1 0.66875 0.3828125 0.0421875 0.0171875
1 0.11015625 0.41171875 0.040625 0.015625
1 0.1015625 0.39921875 0.0375 0.0125
1 0.82421875 0.87265625 0.0421875 0.01875
1 0.746875 0.83515625 0.0390625 0.0125
1 0.090625 0.89453125 0.0390625 0.01875
1 0.29921875 0.4390625 0.0390625 0.0125
1 0.32734375 0.5296875 0.040625 0.0171875
1 0.846875 0.30234375 0.0375 0.0125
1 0.5125 0.415625 0.040625 0.0171875
1 0.51171875 0.3171875 0.0390625 0.0140625
1 0.5390625 0.42890625 0.0375 0.0140625
1 0.671875 0.36484375 0.0390625 0.0140625
1 0.34453125 0.38125 0.040625 0.0140625
1 0.18203125 0.6046875 0.0390625 0.0125
1 0.46328125 0.29609375 0.0375 0.0125
1 0.28125 0.6171875 0.0421875 0.01875
1 0.30859375 0.36953125 0.0359375 0.0140625
1 0.8765625 0.36171875 0.0390625 0.0125
1 0.55234375 0.29921875 0.040625 0.0140625
1 0.20078125 0.88984375 0.0421875 0.0203125
1 0.8578125 0.97734375 0.05 0.0203125
1 0.85546875 0.92109375 0.05 0.028125
4 0.9765625 0.83359375 0.046875 0.0890625
1 0.871875 0.90546875 0.046875 0.0265625
1 0.1421875 0.3828125 0.0390625 0.0125
1 0.48671875 0.52265625 0.0375 0.0125
1 0.9859375 0.43046875 0.028125 0.0171875
1 0.4421875 0.31796875 0.0390625 0.0125
1 0.33046875 0.39921875 0.0390625 0.0125
1 0.925 0.9171875 0.0453125 0.0234375
1 0.28984375 0.8734375 0.0390625 0.0140625
1 0.84453125 0.33046875 0.0390625 0.0140625
1 0.55390625 0.3859375 0.0390625 0.0140625
1 0.5609375 0.43046875 0.040625 0.015625
1 0.44296875 0.84140625 0.0359375 0.0109375
1 0.0625 0.41328125 0.0390625 0.015625
1 0.23125 0.6484375 0.04375 0.0234375
1 0.54296875 0.3765625 0.0390625 0.0109375
1 0.2171875 0.65859375 0.0390625 0.0125
1 0.565625 0.3875 0.040625 0.015625
1 0.05 0.40859375 0.0375 0.0140625
1 0.634375 0.32109375 0.0390625 0.0125
1 0.0546875 0.39453125 0.0390625 0.0140625
1 0.54296875 0.3953125 0.0390625 0.0203125
1 0.08828125 0.4125 0.0390625 0.015625
1 0.80078125 0.8609375 0.0390625 0.015625
4 0.5703125 0.81875 0.0671875 0.0546875
1 0.45234375 0.8484375 0.0359375 0.0125
1 0.83671875 0.9828125 0.04375 0.0109375
1 0.525 0.30078125 0.0375 0.0109375
1 0.6578125 0.37734375 0.040625 0.01875
1 0.44765625 0.3 0.0375 0.0125
1 0.23125 0.8671875 0.0390625 0.015625
1 0.196875 0.86640625 0.0375 0.0109375
1 0.853125 0.89296875 0.0421875 0.015625
1 0.30234375 0.65625 0.0375 0.009375
1 0.8453125 0.86875 0.040625 0.01875
1 0.10546875 0.34765625 0.0390625 0.0140625
1 0.909375 0.3 0.0390625 0.0140625
1 0.0859375 0.3609375 0.0390625 0.0140625
1 0.115625 0.546875 0.0390625 0.0125
1 0.56484375 0.8421875 0.0375 0.0125
1 0.58359375 0.2921875 0.0390625 0.0140625
1 0.503125 0.42265625 0.0390625 0.0125
1 0.43359375 0.85234375 0.0375 0.009375
0 0.26328125 0.2 0.0390625 0.0125
1 0.89140625 0.28828125 0.040625 0.0140625
1 0.16953125 0.85625 0.0359375 0.0125
1 0.83359375 0.84140625 0.0390625 0.0140625
1 0.23984375 0.6 0.0375 0.0125
1 0.43046875 0.84140625 0.0359375 0.0109375
1 0.94609375 0.9046875 0.0453125 0.0234375
1 0.11328125 0.87890625 0.040625 0.0140625
1 0.07265625 0.41484375 0.0390625 0.015625
0 0.7453125 0.1625 0.0390625 0.0171875
1 0.815625 0.85625 0.040625 0.015625
1 0.12421875 0.8828125 0.0390625 0.0140625
1 0.8546875 0.8671875 0.0390625 0.0171875
1 0.625 0.98515625 0.0515625 0.021875
0 0.30078125 0.7484375 0.0375 0.015625