2 0.20625 0.24453125 0.1078125 0.06875
3 0.32265625 0.30546875 0.075 0.0703125
3 0.628125 0.83046875 0.1 0.11875
1 0.31171875 0.446875 0.025 0.01875
1 0.2421875 0.5046875 0.028125 0.0203125
1 0.0375 0.471875 0.0265625 0.01875
1 0.32578125 0.45859375 0.025 0.01875
2 0.72578125 0.20390625 0.1109375 0.05625
1 0.97109375 0.40546875 0.0265625 0.01875
1 0.49609375 0.4453125 0.025 0.01875
1 0.22421875 0.50546875 0.0265625 0.0203125
3 0.828125 0.42734375 0.13125 0.1234375
1 0.38828125 0.45703125 0.0265625 0.0203125
1 0.9453125 0.484375 0.0296875 0.0234375
1 0.3 0.51328125 0.0265625 0.01875
1 0.2453125 0.91640625 0.028125 0.0234375
1 0.28125 0.459375 0.0265625 0.0171875
1 0.6546875 0.89296875 0.0265625 0.0140625
1 0.3203125 0.51171875 0.025 0.01875
1 0.65625 0.36796875 0.0234375 0.015625
1 0.05078125 0.6296875 0.0296875 0.0171875
1 0.9625 0.86328125 0.0296875 0.025
4 0.25390625 0.59140625 0.1375 0.1390625
1 0.48984375 0.4171875 0.025 0.0171875
1 0.265625 0.46640625 0.025 0.0171875
1 0.534375 0.46484375 0.0265625 0.0203125
1 0.43203125 0.896875 0.028125 0.0234375
1 0.9171875 0.35859375 0.025 0.01875
1 0.89453125 0.89453125 0.0328125 0.0296875
1 0.37578125 0.51328125 0.028125 0.021875
1 0.4765625 0.39140625 0.025 0.015625
1 0.13984375 0.46953125 0.0265625 0.015625
1 0.51015625 0.4078125 0.025 0.01875
1 0.28515625 0.478125 0.0265625 0.0203125
1 0.365625 0.43359375 0.025 0.0171875
1 0.425 0.41328125 0.025 0.0171875
1 0.91796875 0.86171875 0.028125 0.0234375
1 0.23125 0.66796875 0.028125 0.015625
1 0.90546875 0.3625 0.025 0.015625
1 0.86640625 0.86484375 0.028125 0.0234375
1 0.23125 0.95 0.03125 0.028125
1 0.3890625 0.3484375 0.0234375 0.0140625
1 0.8390625 0.346875 0.0234375 0.0140625
1 0.3921875 0.36484375 0.025 0.015625
1 0.6390625 0.3265625 0.0234375 0.0140625
1 0.44296875 0.3921875 0.025 0.015625
1 0.34453125 0.4609375 0.0265625 0.0203125
1 0.3265625 0.4078125 0.0234375 0.0171875
1 0.84921875 0.2984375 0.0234375 0.0140625
1 0.415625 0.3984375 0.025 0.0171875
1 0.271875 0.490625 0.028125 0.0203125
1 0.934375 0.84140625 0.025 0.01875
1 0.9828125 0.9109375 0.034375 0.0375
1 0.85234375 0.32890625 0.025 0.015625
1 0.58515625 0.3875 0.0234375 0.0140625
1 0.33671875 0.3921875 0.025 0.015625
1 0.3 0.86328125 0.021875 0.0125
1 0.87109375 0.828125 0.021875 0.0109375
1 0.65390625 0.4484375 0.025 0.0171875
1 0.37578125 0.38359375 0.025 0.0140625
1 0.77265625 0.40703125 0.0265625 0.01875
1 0.26015625 0.490625 0.0265625 0.01875
3 0.0234375 0.5765625 0.046875 0.128125
1 0.3703125 0.890625 0.0265625 0.01875
1 0.84453125 0.834375 0.025 0.015625
1 0.4453125 0.378125 0.0234375 0.0140625
1 0.45703125 0.3859375 0.0234375 0.0140625
1 0.4171875 0.36484375 0.025 0.015625
1 0.52890625 0.3796875 0.0234375 0.0171875
1 0.31171875 0.5265625 0.028125 0.0203125
1 0.646875 0.434375 0.025 0.015625
1 0.7953125 0.825 0.0234375 0.015625
1 0.58984375 0.3078125 0.021875 0.0125
1 0.89765625 0.34609375 0.025 0.0140625
1 0.7015625 0.8546875 0.025 0.01875
1 0.584375 0.88515625 0.028125 0.0234375
1 0.4578125 0.3453125 0.0234375 0.0140625
1 0.8109375 0.3046875 0.025 0.0140625
1 0.60234375 0.3671875 0.025 0.0140625
1 0.9125 0.92890625 0.0375 0.0390625
1 0.228125 0.98203125 0.0359375 0.0359375
1 0.19921875 0.67109375 0.028125 0.0171875
1 0.30546875 0.39296875 0.025 0.015625
1 0.35703125 0.409375 0.025 0.015625
1 0.5734375 0.35859375 0.025 0.0171875
1 0.29296875 0.53046875 0.025 0.0171875
1 0.19453125 0.96953125 0.034375 0.0296875
1 0.46015625 0.88984375 0.028125 0.0234375
1 0.40703125 0.34609375 0.021875 0.0125
1 0.43359375 0.33359375 0.0234375 0.0140625
1 0.4890625 0.39453125 0.0234375 0.015625
1 0.3765625 0.3046875 0.021875 0.0140625
1 0.31875 0.64140625 0.0296875 0.01875
1 0.52421875 0.34765625 0.0234375 0.0140625
1 0.375 0.4203125 0.025 0.015625
1 0.3890625 0.39609375 0.025 0.0171875
1 0.99296875 0.953125 0.0140625 0.009375
1 0.33828125 0.64765625 0.0296875 0.0234375
1 0.315625 0.38515625 0.025 0.015625
1 0.47109375 0.3625 0.025 0.015625
1 0.95703125 0.95 0.0375 0.025
1 0.4234375 0.35390625 0.0234375 0.0140625
1 0.13671875 0.3390625 0.025 0.0125
1 0.3640625 0.3875 0.0234375 0.0125
1 0.86015625 0.27421875 0.021875 0.0125
1 0.046875 0.3828125 0.025 0.0140625
1 0.2484375 0.8640625 0.0234375 0.0109375
1 0.6484375 0.32734375 0.025 0.0140625
1 0.51328125 0.30234375 0.0234375 0.0125
1 0.83515625 0.31953125 0.025 0.0125
1 0.42890625 0.38203125 0.025 0.015625
1 0.784375 0.8125 0.021875 0.0109375
1 0.9015625 0.31640625 0.0234375 0.0125
1 0.45625 0.371875 0.0234375 0.0109375
1 0.72578125 0.82109375 0.0234375 0.0140625
4 0.7265625 0.80234375 0.0453125 0.053125
1 0.00859375 0.453125 0.0171875 0.01875
1 0.9796875 0.37421875 0.025 0.015625
1 0.36484375 0.396875 0.0234375 0.0125
1 0.1171875 0.95546875 0.0296875 0.0203125
1 0.1328125 0.975 0.03125 0.0265625
1 0.03203125 0.38984375 0.0234375 0.0140625
1 0.178125 0.43828125 0.0234375 0.015625
1 0.0171875 0.6828125 0.021875 0.021875
1 0.90703125 0.83359375 0.025 0.015625
1 0.32421875 0.37265625 0.0234375 0.015625
1 0.8609375 0.29296875 0.0234375 0.0125
1 0.40703125 0.30234375 0.021875 0.0125
1 0.91015625 0.8109375 0.0203125 0.0109375
1 0.68984375 0.31171875 0.0234375 0.0140625
1 0.896875 0.83515625 0.021875 0.015625
1 0.91484375 0.31328125 0.0234375 0.0140625
1 0.08984375 0.3546875 0.0234375 0.0140625
1 0.81171875 0.79765625 0.0234375 0.0125
1 0.45859375 0.84453125 0.0234375 0.015625
1 0.1265625 0.33828125 0.025 0.0140625
1 0.19609375 0.8734375 0.0234375 0.0109375
1 0.36875 0.40859375 0.025 0.0125
1 0.02421875 0.425 0.0234375 0.015625
1 0.934375 0.865625 0.025 0.0140625
1 0.5015625 0.303125 0.0234375 0.0125
1 0.48828125 0.3 0.0234375 0.0125
1 0.92109375 0.340625 0.021875 0.0140625
1 0.27265625 0.859375 0.021875 0.0109375
4 0.15703125 0.57421875 0.096875 0.1125
1 0.0671875 0.35625 0.0265625 0.0171875
1 0.81171875 0.81328125 0.021875 0.0109375
1 0.79921875 0.80703125 0.0234375 0.0140625
1 0.88125 0.29921875 0.025 0.0125
1 0.26484375 0.86015625 0.0234375 0.0109375
1 0.2875 0.8609375 0.021875 0.0125
1 0.33359375 0.8703125 0.0234375 0.0140625
1 0.92421875 0.821875 0.0234375 0.0125
1 0.284375 0.6671875 0.025 0.0109375
1 0.85078125 0.8109375 0.021875 0.009375
1 0.3171875 0.6609375 0.028125 0.0140625
1 0.21015625 0.9625 0.0328125 0.03125
1 0.87890625 0.48828125 0.021875 0.0125
1 0.0984375 0.3546875 0.025 0.0140625
1 0.34609375 0.8734375 0.0234375 0.0140625
1 0.325 0.35859375 0.0234375 0.0125
1 0.14609375 0.925 0.03125 0.0234375
1 0.8328125 0.81171875 0.021875 0.009375
1 0.04765625 0.36953125 0.025 0.0125
1 0.57265625 0.84453125 0.0234375 0.0125
1 0.70546875 0.84296875 0.025 0.0140625
1 0.509375 0.9953125 0.0265625 0.009375