4 0.3234375 0.859375 0.07265625 0.09375
4 0.721875 0.8296875 0.05703125 0.0640625
3 0.67421875 0.5453125 0.11875 0.12734375
4 0.10390625 0.43125 0.07421875 0.096875
1 0.7203125 0.48203125 0.01015625 0.0171875
3 0.771875 0.83828125 0.06328125 0.06171875
1 0.2453125 0.54296875 0.0125 0.02109375
1 0.09140625 0.503125 0.01171875 0.0203125
1 0.81796875 0.5734375 0.0140625 0.02265625
1 0.97265625 0.41796875 0.01015625 0.01640625
1 0.2609375 0.5203125 0.0109375 0.01953125
1 0.22109375 0.43203125 0.01328125 0.0203125
1 0.45546875 0.428125 0.01015625 0.0171875
1 0.321875 0.43359375 0.01015625 0.0171875
1 0.2671875 0.44296875 0.01015625 0.01796875
2 0.2484375 0.22578125 0.090625 0.04921875
1 0.33515625 0.415625 0.0109375 0.0171875
1 0.72734375 0.58984375 0.01328125 0.0203125
1 0.00390625 0.5796875 0.00703125 0.01796875
1 0.375 0.48828125 0.0109375 0.02109375
1 0.5203125 0.89453125 0.0125 0.021875
1 0.0796875 0.55625 0.01328125 0.02265625
1 0.459375 0.89609375 0.01171875 0.02109375
1 0.41015625 0.8984375 0.01328125 0.01953125
1 0.1578125 0.3828125 0.009375 0.01484375
1 0.521875 0.41953125 0.01015625 0.01640625
2 0.77109375 0.21953125 0.0875 0.06171875
1 0.165625 0.428125 0.01015625 0.01640625
1 0.34765625 0.39765625 0.009375 0.01640625
1 0.8390625 0.39609375 0.009375 0.01640625
1 0.346875 0.36640625 0.009375 0.01484375
1 0.37890625 0.42109375 0.009375 0.0171875
1 0.946875 0.3578125 0.009375 0.01484375
1 0.415625 0.45625 0.01015625 0.01875
1 0.221875 0.94921875 0.01875 0.03203125
1 0.61484375 0.87578125 0.01171875 0.01875
1 0.02890625 0.43046875 0.0109375 0.0171875
1 0.875 0.42109375 0.01171875 0.01875
1 0.40546875 0.87734375 0.0109375 0.01796875
1 0.78125 0.4609375 0.0109375 0.01875
1 0.32578125 0.453125 0.0109375 0.01796875
1 0.74140625 0.55 0.01171875 0.02265625
1 0.1765625 0.39296875 0.00859375 0.01484375
1 0.3859375 0.3828125 0.00859375 0.01484375
0 0.7796875 0.2234375 0.01015625 0.0140625
0 0.77890625 0.1703125 0.0125 0.01875
3 0.83125 0.34375 0.0421875 0.05546875
1 0.471875 0.4765625 0.0109375 0.01875
1 0.69453125 0.3875 0.009375 0.015625
1 0.36875 0.38515625 0.00859375 0.01640625
1 0.715625 0.45 0.0109375 0.01875
1 0.18515625 0.4234375 0.009375 0.01640625
1 0.95625 0.3921875 0.01171875 0.0203125
1 0.09765625 0.55078125 0.01328125 0.01875
1 0.29765625 0.43828125 0.01015625 0.01640625
1 0.72578125 0.86796875 0.01015625 0.01484375
1 0.753125 0.51015625 0.01171875 0.01875
1 0.26015625 0.5015625 0.0109375 0.01640625
1 0.19453125 0.428125 0.009375 0.015625
1 0.25625 0.8859375 0.01015625 0.01875
1 0.41015625 0.40546875 0.01015625 0.015625
1 0.30078125 0.4859375 0.0109375 0.01796875
1 0.83671875 0.8890625 0.0109375 0.01953125
1 0.5359375 0.415625 0.01015625 0.01875
1 0.15546875 0.34765625 0.0078125 0.0140625
1 0.38046875 0.36953125 0.00859375 0.01328125
1 0.93046875 0.33515625 0.00859375 0.01484375
1 0.68125 0.353125 0.0078125 0.0140625
1 0.20390625 0.9296875 0.015625 0.02734375
1 0.12109375 0.340625 0.009375 0.015625
1 0.33671875 0.459375 0.0109375 0.01875
0 0.7046875 0.7046875 0.00859375 0.01640625
1 0.29921875 0.5109375 0.01171875 0.0203125
0 0.7203125 0.76875 0.00859375 0.015625
1 0.259375 0.86796875 0.00859375 0.01328125
1 0.203125 0.4015625 0.009375 0.015625
1 0.7390625 0.51640625 0.01171875 0.0203125
1 0.49296875 0.33984375 0.00859375 0.0140625
1 0.48515625 0.32890625 0.0078125 0.01328125
1 0.996875 0.42734375 0.00625 0.01640625
1 0.33359375 0.3796875 0.009375 0.015625
1 0.2796875 0.4640625 0.01015625 0.01328125
1 0.89765625 0.890625 0.01171875 0.02109375
1 0.15625 0.328125 0.00703125 0.0125
1 0.6671875 0.36015625 0.009375 0.01484375
1 0.23515625 0.9234375 0.01328125 0.02421875
1 0.40390625 0.32890625 0.0078125 0.01328125
1 0.478125 0.89765625 0.0125 0.01875
1 0.296875 0.46796875 0.01015625 0.0125
1 0.325 0.36875 0.01015625 0.0140625
1 0.003125 0.440625 0.00625 0.01953125
1 0.30078125 0.4171875 0.009375 0.01328125
1 0.8703125 0.8984375 0.0125 0.01953125
1 0.28984375 0.4890625 0.0109375 0.01875
1 0.85078125 0.89765625 0.01328125 0.0203125
1 0.17890625 0.309375 0.0078125 0.0125
4 0.6421875 0.43046875 0.09921875 0.11640625
1 0.94296875 0.92890625 0.01484375 0.02421875
1 0.02265625 0.48671875 0.009375 0.0109375
1 0.36875 0.37109375 0.00859375 0.0125
1 0.9015625 0.93046875 0.01484375 0.02734375
1 0.4625 0.3171875 0.00859375 0.01328125
1 0.84765625 0.940625 0.015625 0.0265625
0 0.784375 0.13046875 0.009375 0.01640625
1 0.5515625 0.37578125 0.009375 0.015625
1 0.253125 0.93828125 0.01875 0.028125
1 0.51796875 0.3 0.00625 0.0109375
1 0.92421875 0.32265625 0.0078125 0.01328125
1 0.82734375 0.94921875 0.01875 0.03359375
1 0.3484375 0.38203125 0.01015625 0.01328125
1 0.10859375 0.92734375 0.01640625 0.025
0 0.77421875 0.13125 0.01015625 0.01796875
1 0.39296875 0.30625 0.00625 0.01171875
1 0.07890625 0.37109375 0.009375 0.01484375
1 0.16484375 0.30546875 0.0078125 0.0109375
1 0.18046875 0.89375 0.01328125 0.02265625
1 0.87265625 0.96015625 0.01015625 0.0203125
0 0.7546875 0.17734375 0.0078125 0.01484375
1 0.3140625 0.40390625 0.01171875 0.0171875
1 0.44296875 0.3234375 0.00625 0.01171875
1 0.97265625 0.375 0.0125 0.015625
1 0.55859375 0.84453125 0.00859375 0.0140625
1 0.54921875 0.85 0.00859375 0.01015625
1 0.36328125 0.31875 0.0078125 0.01328125
1 0.846875 0.84296875 0.0078125 0.0109375
1 0.28203125 0.4796875 0.01015625 0.01484375
1 0.209375 0.85390625 0.00703125 0.01171875
1 0.65546875 0.3796875 0.0078125 0.01171875
1 0.10390625 0.51796875 0.01171875 0.0125
0 0.709375 0.734375 0.0078125 0.01484375
1 0.88515625 0.89609375 0.0125 0.01796875
1 0.28046875 0.840625 0.0078125 0.01015625
1 0.35234375 0.98828125 0.01796875 0.021875
1 0.93359375 0.89375 0.0140625 0.021875
1 0.0625 0.384375 0.0109375 0.01484375
0 0.7421875 0.18828125 0.0078125 0.01328125
1 0.846875 0.303125 0.00859375 0.0125
1 0.16640625 0.89375 0.0109375 0.01640625
1 0.103125 0.53515625 0.0125 0.015625
1 0.0140625 0.4390625 0.00859375 0.015625
1 0.5046875 0.30625 0.00703125 0.0109375
1 0.99296875 0.38125 0.01015625 0.015625
1 0.1796875 0.9296875 0.01015625 0.02109375
1 0.17734375 0.45078125 0.00625 0.01015625
1 0.45234375 0.303125 0.0078125 0.0125
1 0.14296875 0.9578125 0.01953125 0.03125
1 0.09609375 0.34609375 0.00859375 0.015625
1 0.465625 0.84453125 0.00703125 0.0125
1 0.140625 0.32578125 0.009375 0.0125
1 0.09140625 0.925 0.0140625 0.0234375
1 0.85390625 0.87734375 0.009375 0.01171875
1 0.909375 0.32109375 0.01015625 0.0140625
1 0.38203125 0.30625 0.00703125 0.01171875
1 0.20234375 0.42109375 0.0109375 0.01328125
0 0.89140625 0.04140625 0.01171875 0.01875
0 0.95859375 0.06015625 0.00703125 0.009375
1 0.484375 0.2984375 0.009375 0.01484375
1 0.48125 0.8515625 0.00625 0.01015625
1 0.97265625 0.4 0.01015625 0.01171875
1 0.371875 0.86953125 0.01484375 0.01875
1 0.95703125 0.9296875 0.0140625 0.0234375
1 0.7234375 0.64609375 0.009375 0.01015625
1 0.5015625 0.32109375 0.00859375 0.01171875
0 0.76796875 0.24453125 0.01171875 0.01171875
1 0.51328125 0.4421875 0.0078125 0.01328125
1 0.0296875 0.39921875 0.01015625 0.01484375
1 0.88046875 0.91640625 0.0140625 0.01796875
1 0.14375 0.30703125 0.00859375 0.0140625
1 0.16953125 0.9375 0.01640625 0.021875
1 0.32265625 0.3890625 0.009375 0.015625
1 0.8796875 0.30625 0.00859375 0.0125
1 0.01640625 0.61328125 0.009375 0.0203125
1 0.91484375 0.88984375 0.0125 0.01796875
1 0.375 0.32578125 0.009375 0.01328125
1 0.93828125 0.9921875 0.01328125 0.0140625
1 0.83125 0.29765625 0.0078125 0.01015625
1 0.47734375 0.88203125 0.01015625 0.0125
1 0.67890625 0.8046875 0.00546875 0.01015625
1 0.6671875 0.346875 0.0078125 0.009375
1 0.88984375 0.30546875 0.00859375 0.01328125
1 0.1140625 0.334375 0.0109375 0.01328125