2 0.7796875 0.22890625 0.1265625 0.0625
3 0.92578125 0.33984375 0.115625 0.075
3 0.5359375 0.3078125 0.10625 0.0796875
1 0.5671875 0.44296875 0.0484375 0.0171875
3 0.871875 0.4140625 0.1296875 0.0953125
4 0.53515625 0.534375 0.1609375 0.1359375
1 0.02109375 0.446875 0.0421875 0.01875
1 0.253125 0.55625 0.053125 0.0234375
1 0.1296875 0.41640625 0.0484375 0.0171875
1 0.94921875 0.3859375 0.046875 0.015625
2 0.259375 0.21796875 0.128125 0.0515625
1 0.64296875 0.57890625 0.053125 0.025
1 0.9609375 0.41015625 0.0484375 0.015625
1 0.49609375 0.43125 0.0484375 0.01875
1 0.9234375 0.46640625 0.05 0.01875
1 0.61015625 0.4484375 0.0484375 0.0171875
1 0.659375 0.5578125 0.0515625 0.0234375
1 0.28515625 0.42734375 0.0484375 0.01875
1 0.7875 0.603125 0.05 0.015625
1 0.1265625 0.34609375 0.046875 0.015625
1 0.6609375 0.4765625 0.0484375 0.0203125
4 0.2 0.81796875 0.071875 0.040625
1 0.63359375 0.4515625 0.05 0.01875
1 0.5046875 0.890625 0.05 0.021875
1 0.6515625 0.4578125 0.0484375 0.01875
1 0.27421875 0.44140625 0.0484375 0.01875
1 0.5515625 0.346875 0.046875 0.0140625
1 0.2890625 0.4828125 0.0484375 0.0203125
1 0.67578125 0.53671875 0.05 0.021875
1 0.98671875 0.4546875 0.0265625 0.01875
1 0.25625 0.86953125 0.0484375 0.0171875
1 0.1109375 0.36796875 0.046875 0.0140625
1 0.92734375 0.3875 0.0484375 0.015625
1 0.68828125 0.38828125 0.046875 0.015625
1 0.690625 0.565625 0.0453125 0.01875
1 0.8875 0.60234375 0.0515625 0.0171875
1 0.70546875 0.46484375 0.0484375 0.01875
0 0.5015625 0.24140625 0.05 0.01875
1 0.62109375 0.43671875 0.0484375 0.0171875
1 0.703125 0.42578125 0.0484375 0.015625
0 0.984375 0.03984375 0.03125 0.0234375
1 0.06875 0.3828125 0.046875 0.015625
1 0.5390625 0.3921875 0.0484375 0.0140625
1 0.33671875 0.375 0.046875 0.015625
1 0.325 0.871875 0.0484375 0.0171875
1 0.49609375 0.46015625 0.046875 0.0140625
1 0.33203125 0.39453125 0.046875 0.015625
1 0.6640625 0.4125 0.046875 0.015625
1 0.69140625 0.5046875 0.05 0.0203125
0 0.946875 0.1546875 0.053125 0.021875
1 0.6 0.53984375 0.0484375 0.01875
0 0.95 0.03125 0.053125 0.021875
1 0.7765625 0.575 0.0484375 0.0203125
1 0.3640625 0.3625 0.046875 0.015625
1 0.6125 0.390625 0.046875 0.015625
1 0.296875 0.859375 0.046875 0.015625
1 0.53984375 0.409375 0.0484375 0.0171875
0 0.465625 0.16484375 0.046875 0.0171875
1 0.7671875 0.5859375 0.0515625 0.021875
1 0.31328125 0.39296875 0.046875 0.015625
1 0.8578125 0.4625 0.0484375 0.0171875
1 0.1625 0.4375 0.0484375 0.0171875
0 0.46875 0.1828125 0.0484375 0.01875
0 0.51796875 0.2734375 0.0484375 0.01875
1 0.40703125 0.39140625 0.0453125 0.0125
1 0.85390625 0.60703125 0.05 0.015625
1 0.6890625 0.3640625 0.046875 0.0140625
1 0.16875 0.4265625 0.046875 0.0171875
1 0.44921875 0.34609375 0.04375 0.0140625
1 0.38671875 0.3375 0.0453125 0.0125
1 0.64609375 0.403125 0.0453125 0.0171875
1 0.50546875 0.4 0.046875 0.015625
1 0.56171875 0.39609375 0.046875 0.015625
0 0.6453125 0.7703125 0.0484375 0.01875
1 0.38203125 0.58203125 0.05 0.01875
1 0.45546875 0.365625 0.046875 0.015625
1 0.80078125 0.425 0.0484375 0.0203125
1 0.46328125 0.32890625 0.0453125 0.0125
1 0.35390625 0.39375 0.046875 0.015625
1 0.703125 0.390625 0.0484375 0.015625
1 0.6171875 0.8921875 0.0484375 0.0234375
1 0.68671875 0.4796875 0.0484375 0.01875
1 0.59921875 0.8546875 0.0484375 0.0203125
1 0.121875 0.8578125 0.0453125 0.0140625
1 0.846875 0.33671875 0.05 0.0203125
1 0.1828125 0.89375 0.0515625 0.0265625
1 0.20078125 0.396875 0.0484375 0.015625
1 0.865625 0.315625 0.05 0.0171875
1 0.59609375 0.37109375 0.0453125 0.015625
1 0.6375 0.4296875 0.0484375 0.0171875
1 0.38359375 0.35078125 0.0453125 0.0140625
1 0.6078125 0.34765625 0.046875 0.015625
1 0.14609375 0.853125 0.0453125 0.015625
1 0.83671875 0.3578125 0.046875 0.0171875
1 0.56015625 0.3796875 0.0453125 0.0109375
1 0.81484375 0.44375 0.046875 0.015625
1 0.371875 0.390625 0.046875 0.015625
0 0.9734375 0.0375 0.053125 0.025
1 0.721875 0.4515625 0.05 0.0203125
1 0.67109375 0.32109375 0.0453125 0.0125
1 0.6640625 0.50859375 0.0484375 0.01875
1 0.47578125 0.35234375 0.046875 0.0125
1 0.61796875 0.34765625 0.0484375 0.0140625
1 0.83203125 0.43828125 0.046875 0.0171875
0 0.56328125 0.7578125 0.046875 0.0125
1 0.503125 0.3390625 0.0484375 0.015625
1 0.47578125 0.3375 0.046875 0.0125
1 0.49140625 0.37890625 0.0484375 0.015625
1 0.525 0.409375 0.0484375 0.0171875
1 0.75625 0.6375 0.046875 0.015625
1 0.4140625 0.29765625 0.0484375 0.0140625
0 0.4796875 0.2125 0.05 0.0171875
1 0.6515625 0.315625 0.0453125 0.0140625
1 0.64609375 0.359375 0.046875 0.015625
0 0.48671875 0.23125 0.0484375 0.01875
1 0.18046875 0.29765625 0.046875 0.0125
1 0.37421875 0.3640625 0.0453125 0.0140625
1 0.4671875 0.31328125 0.0453125 0.0140625
1 0.3140625 0.31875 0.0453125 0.0140625
1 0.103125 0.325 0.0453125 0.0125
1 0.8328125 0.3359375 0.046875 0.015625
0 0.74609375 0.81640625 0.06875 0.046875
1 0.553125 0.3953125 0.0484375 0.0171875
0 0.58203125 0.72734375 0.0484375 0.021875
1 0.6359375 0.353125 0.046875 0.015625
1 0.578125 0.3453125 0.0484375 0.0140625
1 0.65859375 0.36484375 0.0453125 0.0125
1 0.38828125 0.3140625 0.0453125 0.0125
1 0.57578125 0.32734375 0.0453125 0.0125
1 0.31171875 0.86953125 0.0484375 0.01875
1 0.284375 0.82265625 0.0453125 0.0109375
1 0.1015625 0.8578125 0.0484375 0.015625
1 0.8890625 0.659375 0.0515625 0.015625
1 0.96015625 0.36328125 0.046875 0.0140625
1 0.5421875 0.87109375 0.046875 0.015625
1 0.48203125 0.3671875 0.0484375 0.0140625
1 0.6671875 0.38671875 0.0484375 0.0171875
1 0.0921875 0.8546875 0.046875 0.0171875
0 0.56171875 0.734375 0.0453125 0.0125
1 0.36640625 0.2953125 0.046875 0.0125
0 0.54140625 0.7328125 0.0484375 0.0171875
1 0.665625 0.3734375 0.046875 0.0140625
1 0.90390625 0.45703125 0.05 0.015625
1 0.70546875 0.40625 0.0484375 0.0140625
1 0.50625 0.46171875 0.0453125 0.0125
1 0.08828125 0.334375 0.046875 0.0140625
1 0.8296875 0.6328125 0.0515625 0.021875
1 0.60390625 0.36484375 0.046875 0.015625
1 0.65859375 0.39453125 0.0484375 0.0125
1 0.60546875 0.83125 0.0515625 0.025
0 0.665625 0.73984375 0.05 0.0234375
1 0.1515625 0.3015625 0.0453125 0.0125
1 0.3953125 0.31796875 0.046875 0.0140625
1 0.65703125 0.64765625 0.046875 0.009375
1 0.23203125 0.978125 0.0625 0.025
0 0.92421875 0.01953125 0.05 0.009375
1 0.16015625 0.2953125 0.046875 0.0125
1 0.8109375 0.6453125 0.046875 0.021875
1 0.8515625 0.63046875 0.053125 0.0203125
1 0.9109375 0.9453125 0.053125 0.021875
1 0.9890625 0.38828125 0.021875 0.0140625
1 0.609375 0.3 0.0453125 0.0125
1 0.20625 0.83828125 0.0453125 0.0125
1 0.98046875 0.37578125 0.0390625 0.0171875
1 0.67578125 0.38125 0.046875 0.0171875
1 0.528125 0.85 0.046875 0.0125
1 0.20390625 0.6375 0.0453125 0.0125
1 0.88046875 0.30078125 0.05 0.0171875
1 0.42734375 0.31640625 0.04375 0.0109375
1 0.8734375 0.6296875 0.053125 0.0203125
1 0.63203125 0.30390625 0.046875 0.0125
1 0.66015625 0.35390625 0.0453125 0.0109375
1 0.5625 0.52109375 0.0484375 0.021875
0 0.5578125 0.7234375 0.04375 0.0109375
1 0.58046875 0.33515625 0.046875 0.0109375
1 0.5046875 0.29453125 0.0453125 0.0125
1 0.0546875 0.35234375 0.0484375 0.0125
1 0.559375 0.84609375 0.046875 0.0140625
1 0.65546875 0.41953125 0.046875 0.0140625
1 0.39765625 0.84453125 0.046875 0.0109375
1 0.8703125 0.65703125 0.0515625 0.0171875
1 0.41640625 0.8484375 0.0453125 0.0078125
1 0.45546875 0.296875 0.0484375 0.0125
1 0.36015625 0.3828125 0.046875 0.0109375
1 0.58203125 0.29921875 0.046875 0.0140625
1 0.840625 0.65625 0.0484375 0.0125
1 0.21640625 0.8359375 0.0453125 0.0109375
1 0.88984375 0.9375 0.053125 0.028125
1 0.66796875 0.52265625 0.046875 0.0140625
1 0.24140625 0.8328125 0.046875 0.0109375
1 0.88359375 0.31640625 0.0484375 0.015625