4 0.8734375 0.32265625 0.078125 0.0796875
3 0.34140625 0.434375 0.08515625 0.1015625
4 0.7203125 0.57109375 0.11640625 0.1515625
4 0.8328125 0.8359375 0.05703125 0.06328125
1 0.22265625 0.56875 0.01328125 0.02265625
1 0.8703125 0.565625 0.01484375 0.02421875
3 0.47734375 0.45703125 0.0984375 0.12578125
1 0.9171875 0.3921875 0.01015625 0.01640625
1 0.1578125 0.56015625 0.01328125 0.02265625
1 0.64453125 0.4546875 0.01171875 0.01875
1 0.54765625 0.4078125 0.01015625 0.0171875
1 0.56953125 0.3953125 0.009375 0.01640625
4 0.41015625 0.84921875 0.06328125 0.09140625
1 0.09609375 0.49140625 0.01171875 0.01875
1 0.09296875 0.55703125 0.01171875 0.01796875
1 0.709375 0.4859375 0.01171875 0.0203125
1 0.0703125 0.4796875 0.01171875 0.0171875
2 0.24921875 0.22578125 0.090625 0.04765625
1 0.065625 0.56953125 0.01328125 0.02265625
1 0.28984375 0.4875 0.0109375 0.01953125
0 0.77734375 0.21171875 0.0109375 0.0203125
1 0.121875 0.51796875 0.009375 0.01484375
1 0.9234375 0.5453125 0.0125 0.01796875
1 0.0921875 0.5234375 0.0125 0.0203125
1 0.81015625 0.871875 0.01015625 0.01640625
1 0.04921875 0.5484375 0.0125 0.02109375
1 0.98671875 0.4265625 0.0109375 0.01796875
1 0.34609375 0.8734375 0.01015625 0.01875
1 0.8234375 0.45546875 0.01171875 0.01796875
1 0.4421875 0.8921875 0.01328125 0.0234375
1 0.62734375 0.875 0.0109375 0.01875
1 0.35546875 0.89765625 0.01328125 0.0203125
1 0.60625 0.36640625 0.00859375 0.01484375
2 0.77109375 0.221875 0.0859375 0.05546875
1 0.046875 0.43671875 0.0109375 0.0171875
1 0.83515625 0.89453125 0.01171875 0.02109375
1 0.29453125 0.44140625 0.0109375 0.01875
1 0.19453125 0.390625 0.009375 0.015625
4 0.88515625 0.47109375 0.0890625 0.1078125
1 0.48046875 0.36640625 0.0078125 0.015625
1 0.2375 0.45234375 0.01015625 0.01796875
1 0.06015625 0.4515625 0.0109375 0.01640625
1 0.884375 0.878125 0.0140625 0.021875
1 0.28125 0.51171875 0.0125 0.0203125
1 0.12890625 0.421875 0.009375 0.01484375
1 0.25625 0.4953125 0.00859375 0.01328125
1 0.64609375 0.384375 0.01015625 0.01640625
0 0.80546875 0.17578125 0.0125 0.02265625
1 0.3421875 0.346875 0.0078125 0.01484375
1 0.93515625 0.32734375 0.009375 0.0140625
1 0.109375 0.403125 0.0109375 0.0171875
1 0.58125 0.3390625 0.00859375 0.0140625
1 0.6578125 0.38828125 0.0109375 0.0171875
1 0.0984375 0.46015625 0.01171875 0.01875
1 0.2359375 0.5 0.0109375 0.02109375
1 0.70546875 0.32421875 0.00859375 0.01640625
1 0.20546875 0.97734375 0.02265625 0.0375
1 0.73046875 0.8515625 0.00703125 0.0125
1 0.47109375 0.3328125 0.00859375 0.01328125
1 0.834375 0.44765625 0.0109375 0.0171875
1 0.23515625 0.95625 0.01953125 0.03515625
1 0.06796875 0.940625 0.0171875 0.03203125
1 0.3890625 0.4453125 0.00859375 0.0171875
1 0.1109375 0.34765625 0.0078125 0.01484375
1 0.21953125 0.45625 0.0109375 0.01875
1 0.3796875 0.3390625 0.0078125 0.01328125
1 0.59453125 0.3296875 0.0078125 0.0125
1 0.08203125 0.4609375 0.01171875 0.01796875
0 0.85703125 0.01328125 0.01171875 0.0203125
1 0.27421875 0.85859375 0.00859375 0.015625
1 0.53984375 0.38125 0.01015625 0.0171875
1 0.95625 0.934375 0.01484375 0.02890625
1 0.28125 0.459375 0.0125 0.0203125
1 0.1484375 0.30703125 0.00703125 0.01171875
1 0.43515625 0.44140625 0.01015625 0.01640625
1 0.25546875 0.89296875 0.01328125 0.01953125
1 0.89375 0.93359375 0.01796875 0.02734375
1 0.40703125 0.40859375 0.0078125 0.01171875
1 0.484375 0.3203125 0.0078125 0.01328125
1 0.1328125 0.33671875 0.0078125 0.01171875
1 0.15078125 0.9046875 0.0140625 0.0234375
1 0.52890625 0.89453125 0.0140625 0.025
1 0.17265625 0.30859375 0.0078125 0.0125
1 0.06640625 0.9046875 0.01328125 0.02265625
1 0.13515625 0.5671875 0.01015625 0.0140625
1 0.2984375 0.9 0.0125 0.0171875
1 0.36875 0.34921875 0.00859375 0.01328125
1 0.04453125 0.41015625 0.00859375 0.015625
1 0.26328125 0.940625 0.0109375 0.02734375
1 0.4515625 0.3515625 0.00859375 0.01328125
1 0.1890625 0.30859375 0.00625 0.0125
1 0.1578125 0.9515625 0.01953125 0.03046875
1 0.08203125 0.3703125 0.009375 0.01328125
1 0.14453125 0.57578125 0.0125 0.01796875
1 0.36015625 0.3703125 0.01015625 0.0140625
1 0.93671875 0.875 0.01015625 0.01640625
1 0.1328125 0.87890625 0.01015625 0.01796875
1 0.41796875 0.440625 0.0109375 0.01640625
1 0.37890625 0.325 0.00703125 0.01328125
1 0.20859375 0.88984375 0.01171875 0.021875
1 0.87421875 0.925 0.01484375 0.025
0 0.871875 0.0671875 0.0109375 0.0171875
1 0.428125 0.434375 0.00859375 0.015625
0 0.88828125 0.17265625 0.0109375 0.01875
1 0.45859375 0.34375 0.01015625 0.01640625
0 0.83671875 0.01875 0.0125 0.02421875
1 0.36640625 0.3328125 0.00859375 0.01640625
1 0.11875 0.42890625 0.009375 0.015625
1 0.11796875 0.334375 0.00859375 0.0125
1 0.0953125 0.415625 0.0109375 0.01640625
1 0.47890625 0.9015625 0.0125 0.015625
1 0.09140625 0.6484375 0.01328125 0.015625
1 0.0953125 0.3453125 0.00859375 0.0140625
1 0.11171875 0.4234375 0.009375 0.015625
1 0.390625 0.31875 0.00703125 0.0125
1 0.5015625 0.33828125 0.009375 0.0140625
1 0.10703125 0.8859375 0.0125 0.02109375
1 0.103125 0.94140625 0.01796875 0.03125
1 0.72578125 0.33515625 0.009375 0.0171875
1 0.22578125 0.89453125 0.01484375 0.021875
1 0.7390625 0.84453125 0.00703125 0.01171875
1 0.45703125 0.4 0.00859375 0.0125
1 0.05703125 0.4078125 0.009375 0.01640625
1 0.4265625 0.89921875 0.01484375 0.01796875
1 0.41015625 0.43515625 0.01015625 0.01640625
1 0.02421875 0.39921875 0.0109375 0.0140625
1 0.140625 0.9296875 0.01484375 0.025
1 0.0984375 0.43203125 0.0109375 0.01484375
1 0.1421875 0.32265625 0.0078125 0.015625
1 0.003125 0.43203125 0.00625 0.01484375
1 0.18046875 0.30859375 0.0078125 0.01328125
1 0.7546875 0.8484375 0.00625 0.0125
1 0.25625 0.53671875 0.0140625 0.02109375
1 0.346875 0.30703125 0.0078125 0.01171875
1 0.046875 0.94609375 0.01484375 0.02421875
1 0.89609375 0.83125 0.00703125 0.01171875
1 0.515625 0.63515625 0.0078125 0.0203125
1 0.9078125 0.996875 0.01171875 0.00625
1 0.1796875 0.95546875 0.01953125 0.0328125
1 0.065625 0.4390625 0.01171875 0.01640625
1 0.18828125 0.84453125 0.00625 0.0109375
1 0.1765625 0.88828125 0.0125 0.01796875
1 0.4484375 0.3 0.00859375 0.0125
1 0.28125 0.89453125 0.01484375 0.02109375
1 0.121875 0.93828125 0.0171875 0.0296875
1 0.4015625 0.303125 0.0078125 0.01171875
1 0.10625 0.3328125 0.009375 0.01328125
1 0.09453125 0.97890625 0.021875 0.0375
1 0.915625 0.93984375 0.01796875 0.028125
1 0.76171875 0.81953125 0.009375 0.0109375
1 0.16875 0.92734375 0.01328125 0.015625
1 0.26875 0.515625 0.01171875 0.01953125
1 0.928125 0.85390625 0.00703125 0.0109375
1 0.87890625 0.89765625 0.00703125 0.01328125
1 0.4203125 0.30234375 0.00703125 0.0125
1 0.44921875 0.328125 0.0109375 0.01328125
1 0.29140625 0.884375 0.00859375 0.0125
1 0.996875 0.37421875 0.00625 0.0109375
1 0.034375 0.3796875 0.009375 0.01171875
1 0.52109375 0.84296875 0.0078125 0.01328125
1 0.08046875 0.39609375 0.01015625 0.01171875
1 0.075 0.42421875 0.0109375 0.015625
1 0.11640625 0.99140625 0.0203125 0.015625
1 0.18828125 0.88359375 0.01171875 0.01796875
1 0.16171875 0.87734375 0.0125 0.01640625
1 0.23984375 0.8375 0.00546875 0.01015625
1 0.23671875 0.88203125 0.0109375 0.01953125
3 0.4546875 0.8359375 0.0453125 0.07421875
1 0.2578125 0.50625 0.0109375 0.01171875
1 0.0765625 0.44921875 0.009375 0.0109375
3 0.56875 0.8515625 0.096875 0.11640625