2 0.75390625 0.20625 0.103125 0.065625
4 0.6734375 0.4640625 0.0859375 0.115625
3 0.20625 0.8609375 0.0609375 0.053125
4 0.4796875 0.41796875 0.0953125 0.10625
1 0.38046875 0.42265625 0.0203125 0.0171875
3 0.56796875 0.26015625 0.0671875 0.0765625
1 0.65546875 0.36171875 0.0203125 0.015625
1 0.77265625 0.60234375 0.025 0.0234375
1 0.73046875 0.5078125 0.021875 0.0203125
1 0.55078125 0.340625 0.0203125 0.0140625
1 0.7234375 0.88203125 0.0203125 0.0171875
1 0.15546875 0.46484375 0.021875 0.01875
1 0.41875 0.409375 0.0203125 0.0171875
1 0.390625 0.45546875 0.021875 0.01875
1 0.29609375 0.440625 0.021875 0.01875
1 0.5765625 0.33671875 0.0203125 0.015625
1 0.625 0.39609375 0.0203125 0.0171875
1 0.8296875 0.3546875 0.0203125 0.015625
1 0.06328125 0.4625 0.0234375 0.01875
1 0.64921875 0.340625 0.0203125 0.0171875
1 0.16640625 0.41640625 0.021875 0.0171875
1 0.30546875 0.56875 0.0234375 0.0203125
1 0.91328125 0.3546875 0.0203125 0.015625
1 0.553125 0.2984375 0.01875 0.0140625
1 0.9890625 0.521875 0.021875 0.021875
1 0.675 0.36640625 0.0203125 0.015625
1 0.05859375 0.51953125 0.0234375 0.01875
1 0.30625 0.5421875 0.0234375 0.021875
1 0.35 0.42109375 0.0203125 0.0171875
1 0.56328125 0.90078125 0.021875 0.0140625
1 0.0671875 0.50859375 0.021875 0.01875
1 0.3640625 0.378125 0.0203125 0.0171875
1 0.77421875 0.87265625 0.0203125 0.015625
1 0.1296875 0.5453125 0.0203125 0.01875
1 0.86796875 0.3453125 0.0203125 0.015625
1 0.82109375 0.396875 0.021875 0.01875
1 0.8171875 0.359375 0.0203125 0.015625
1 0.20859375 0.92890625 0.0265625 0.025
1 0.596875 0.3015625 0.01875 0.0140625
1 0.79453125 0.9109375 0.025 0.0234375
1 0.14140625 0.30546875 0.0203125 0.0140625
1 0.1453125 0.41640625 0.0203125 0.015625
1 0.1109375 0.35625 0.0203125 0.0140625
0 0.2203125 0.18984375 0.021875 0.0203125
1 0.6234375 0.3109375 0.01875 0.0140625
1 0.890625 0.3390625 0.0203125 0.015625
1 0.36640625 0.32265625 0.0203125 0.0140625
1 0.0328125 0.4359375 0.021875 0.0171875
1 0.1625 0.984375 0.0328125 0.03125
1 0.4171875 0.52578125 0.0234375 0.021875
1 0.5265625 0.33828125 0.01875 0.015625
1 0.60546875 0.3359375 0.0203125 0.0140625
1 0.6015625 0.48203125 0.021875 0.0203125
1 0.209375 0.59140625 0.025 0.021875
1 0.8828125 0.30859375 0.0203125 0.015625
1 0.93671875 0.43359375 0.021875 0.01875
1 0.3765625 0.5140625 0.021875 0.021875
1 0.4109375 0.3375 0.0203125 0.015625
1 0.20859375 0.57421875 0.0234375 0.015625
0 0.65703125 0.178125 0.025 0.0203125
1 0.3984375 0.3953125 0.01875 0.0140625
1 0.503125 0.2921875 0.0203125 0.0140625
1 0.33671875 0.3984375 0.021875 0.0125
0 0.28671875 0.1953125 0.0203125 0.015625
1 0.04453125 0.425 0.021875 0.01875
1 0.90703125 0.56171875 0.025 0.0203125
0 0.6234375 0.2 0.0234375 0.0203125
1 0.3515625 0.3140625 0.0203125 0.0140625
1 0.7921875 0.8734375 0.0203125 0.015625
1 0.1109375 0.45 0.021875 0.0171875
1 0.83984375 0.8734375 0.0203125 0.015625
1 0.27734375 0.96953125 0.028125 0.0359375
1 0.09140625 0.3640625 0.0203125 0.0140625
1 0.84375 0.89609375 0.021875 0.0203125
1 0.43125 0.29765625 0.0203125 0.015625
1 0.7546875 0.8703125 0.01875 0.0140625
1 0.715625 0.553125 0.0234375 0.021875
0 0.0234375 0.26015625 0.021875 0.0171875
1 0.07734375 0.98671875 0.03125 0.0265625
1 0.953125 0.91171875 0.0234375 0.021875
1 0.3109375 0.30546875 0.01875 0.0140625
1 0.32890625 0.3046875 0.0203125 0.0140625
1 0.40546875 0.384375 0.0203125 0.0140625
2 0.23515625 0.21875 0.1046875 0.0625
1 0.2875 0.8828125 0.0203125 0.0140625
1 0.2015625 0.8984375 0.0203125 0.015625
1 0.10859375 0.434375 0.0203125 0.0140625
1 0.97265625 0.915625 0.0234375 0.0203125
1 0.3265625 0.34921875 0.0203125 0.0140625
1 0.0765625 0.3203125 0.021875 0.0171875
0 0.6 0.178125 0.0234375 0.0203125
1 0.8828125 0.26875 0.01875 0.0140625
1 0.87109375 0.890625 0.021875 0.01875
1 0.096875 0.35 0.0203125 0.015625
1 0.10390625 0.33046875 0.0203125 0.0125
1 0.9359375 0.4046875 0.021875 0.015625
4 0.91953125 0.3 0.059375 0.0859375
1 0.87734375 0.3359375 0.0203125 0.015625
1 0.334375 0.28984375 0.01875 0.0140625
1 0.74375 0.8609375 0.0171875 0.0125
1 0.32265625 0.39765625 0.021875 0.015625
1 0.30703125 0.88046875 0.01875 0.0125
0 0.20390625 0.13515625 0.021875 0.0171875
1 0.92421875 0.37734375 0.0203125 0.015625
1 0.0703125 0.38125 0.0203125 0.0171875
1 0.4 0.37265625 0.01875 0.0125
1 0.615625 0.8984375 0.021875 0.0140625
1 0.184375 0.32578125 0.0203125 0.0171875
0 0.115625 0.1984375 0.021875 0.01875
1 0.10859375 0.96015625 0.0296875 0.028125
1 0.8890625 0.53515625 0.025 0.0203125
1 0.36484375 0.3015625 0.0203125 0.0171875
1 0.53046875 0.30390625 0.0203125 0.0171875
1 0.11953125 0.3046875 0.0203125 0.0140625
1 0.021875 0.365625 0.0203125 0.0140625
1 0.04296875 0.35703125 0.021875 0.01875
1 0.05703125 0.35546875 0.021875 0.015625
1 0.33671875 0.41015625 0.0234375 0.015625
0 0.12578125 0.8234375 0.0203125 0.0171875
1 0.96171875 0.3796875 0.021875 0.015625
0 0.48671875 0.98984375 0.028125 0.0203125
1 0.5125 0.28046875 0.0203125 0.0140625
1 0.10390625 0.31484375 0.0203125 0.0109375
1 0.3109375 0.9125 0.0203125 0.0109375
1 0.3640625 0.2859375 0.0203125 0.0125
1 0.41015625 0.2890625 0.01875 0.0140625
1 0.39375 0.29453125 0.0203125 0.0140625
1 0.12734375 0.309375 0.021875 0.015625
0 0.3875 0.765625 0.021875 0.0203125
1 0.93046875 0.38828125 0.021875 0.015625
1 0.98515625 0.35390625 0.0203125 0.0125
1 0.60390625 0.32421875 0.01875 0.0109375
1 0.0078125 0.3875 0.015625 0.015625
1 0.18984375 0.92265625 0.0234375 0.0203125
1 0.69921875 0.365625 0.01875 0.0125
1 0.50234375 0.2765625 0.0203125 0.0125
1 0.57578125 0.9 0.0234375 0.0140625
1 0.15703125 0.2828125 0.0203125 0.0125
1 0.290625 0.31640625 0.0203125 0.015625
1 0.1625 0.88984375 0.01875 0.0140625
1 0.12734375 0.984375 0.03125 0.03125
1 0.18828125 0.90234375 0.021875 0.015625
1 0.52109375 0.2796875 0.0203125 0.0140625
1 0.98125 0.3765625 0.0203125 0.0140625
0 0.05234375 0.140625 0.021875 0.0171875
1 0.9296875 0.3671875 0.0203125 0.015625
1 0.85625 0.85234375 0.0171875 0.0109375
1 0.0875 0.29765625 0.0203125 0.0140625
1 0.10390625 0.296875 0.0203125 0.0140625
1 0.72734375 0.86796875 0.0203125 0.0125
1 0.33203125 0.3328125 0.0203125 0.015625
1 0.084375 0.37421875 0.0203125 0.015625
1 0.86015625 0.89140625 0.0234375 0.0203125
1 0.98984375 0.3796875 0.0203125 0.015625
1 0.8640625 0.87109375 0.01875 0.0140625
1 0.9078125 0.5453125 0.0234375 0.015625
0 0.4 0.71015625 0.01875 0.0140625
1 0.43828125 0.265625 0.0203125 0.0140625
1 0.4640625 0.26796875 0.021875 0.0125
1 0.07578125 0.9578125 0.025 0.01875
0 0.13671875 0.84765625 0.021875 0.015625
1 0.15390625 0.4203125 0.0203125 0.01875
0 0.6046875 0.234375 0.021875 0.01875
1 0.87734375 0.53203125 0.0234375 0.021875
1 0.69453125 0.61796875 0.0203125 0.0109375
1 0.95078125 0.365625 0.0203125 0.0125
1 0.6046875 0.85703125 0.0171875 0.0125
4 0.571875 0.840625 0.053125 0.065625
1 0.96953125 0.365625 0.0203125 0.0125
1 0.00546875 0.50390625 0.0109375 0.0140625
1 0.8671875 0.26171875 0.0203125 0.0125
1 0.9453125 0.3890625 0.0234375 0.015625
0 0.13671875 0.1234375 0.0203125 0.0171875
1 0.16171875 0.2734375 0.0203125 0.0140625
1 0.1859375 0.88671875 0.01875 0.0140625
0 0.11171875 0.11640625 0.021875 0.01875
1 0.35546875 0.90703125 0.0203125 0.0140625
0 0.18515625 0.740625 0.0203125 0.021875
1 0.35 0.3 0.021875 0.0140625
1 0.11796875 0.2875 0.0203125 0.0125
1 0.10859375 0.990625 0.03125 0.01875
1 0.37421875 0.27265625 0.0203125 0.0140625
1 0.4015625 0.26796875 0.01875 0.0125
1 0.5953125 0.89765625 0.021875 0.0140625
1 0.04296875 0.37109375 0.01875 0.015625
1 0.484375 0.8734375 0.01875 0.009375
1 0.4796875 0.8921875 0.01875 0.0109375
1 0.60546875 0.896875 0.021875 0.0140625
1 0.39375 0.26171875 0.0171875 0.0125
1 0.33203125 0.2734375 0.01875 0.0125
1 0.925 0.884375 0.0234375 0.015625
3 0.0640625 0.5953125 0.128125 0.14375
1 0.409375 0.26328125 0.01875 0.0125
0 0.22578125 0.22265625 0.021875 0.0140625
1 0.45 0.2578125 0.01875 0.0109375
1 0.34921875 0.2734375 0.0203125 0.0140625
1 0.70625 0.3375 0.0203125 0.0140625
1 0.125 0.76953125 0.01875 0.015625
4 0.925 0.84765625 0.075 0.065625
1 0.928125 0.353125 0.01875 0.0125