4 0.65078125 0.425 0.1265625 0.13125
4 0.4078125 0.38828125 0.1125 0.1015625
1 0.775 0.5359375 0.0390625 0.0234375
2 0.75078125 0.20234375 0.1125 0.065625
1 0.40546875 0.44921875 0.0359375 0.01875
1 0.3046875 0.47578125 0.0375 0.01875
0 0.784375 0.1328125 0.0421875 0.025
1 0.30703125 0.521875 0.0390625 0.021875
1 0.06484375 0.459375 0.0375 0.0171875
4 0.4875 0.82734375 0.06875 0.0515625
1 0.93828125 0.415625 0.0375 0.01875
1 0.03046875 0.478125 0.0359375 0.0171875
1 0.1703125 0.60078125 0.0390625 0.0234375
4 0.4 0.865625 0.1 0.1
2 0.2296875 0.24375 0.1203125 0.0546875
1 0.96171875 0.38828125 0.0359375 0.0171875
1 0.4109375 0.55546875 0.0390625 0.0234375
1 0.74375 0.51953125 0.0390625 0.0234375
1 0.30234375 0.45703125 0.0359375 0.0171875
1 0.33671875 0.4578125 0.0375 0.01875
4 0.13203125 0.465625 0.103125 0.103125
1 0.765625 0.8765625 0.0390625 0.0234375
1 0.95703125 0.53515625 0.040625 0.021875
0 0.746875 0.16953125 0.0375 0.0203125
0 0.96015625 0.75625 0.046875 0.0359375
1 0.06953125 0.50703125 0.0375 0.0203125
1 0.8609375 0.3296875 0.0359375 0.0140625
1 0.5265625 0.3421875 0.034375 0.015625
1 0.909375 0.3703125 0.0359375 0.0171875
1 0.87265625 0.86875 0.0375 0.021875
1 0.9 0.35234375 0.0359375 0.015625
1 0.59453125 0.421875 0.0375 0.0171875
1 0.16015625 0.35390625 0.034375 0.0125
1 0.01640625 0.48203125 0.0328125 0.0171875
1 0.728125 0.48046875 0.0375 0.01875
1 0.36328125 0.91015625 0.0390625 0.0203125
1 0.61875 0.3625 0.034375 0.015625
1 0.20859375 0.9578125 0.04375 0.03125
1 0.87109375 0.31640625 0.0359375 0.0140625
3 0.59609375 0.8671875 0.15 0.1359375
1 0.48359375 0.3421875 0.034375 0.0140625
4 0.9390625 0.4859375 0.121875 0.128125
1 0.321875 0.41953125 0.0359375 0.015625
1 0.9828125 0.390625 0.034375 0.01875
1 0.0390625 0.45 0.034375 0.015625
1 0.94921875 0.35390625 0.0359375 0.015625
1 0.64375 0.35859375 0.034375 0.015625
1 0.53828125 0.36953125 0.0359375 0.015625
1 0.71796875 0.4359375 0.0359375 0.0171875
1 0.32421875 0.446875 0.0375 0.0171875
1 0.14921875 0.98203125 0.0453125 0.034375
1 0.071875 0.4390625 0.0359375 0.015625
0 0.821875 0.70703125 0.05 0.0484375
3 0.46015625 0.47734375 0.1171875 0.1015625
1 0.6171875 0.3375 0.034375 0.015625
1 0.965625 0.365625 0.0375 0.0171875
1 0.16015625 0.9390625 0.0421875 0.0265625
1 0.546875 0.3640625 0.034375 0.0140625
1 0.20625 0.90546875 0.0375 0.01875
1 0.903125 0.91484375 0.04375 0.0296875
1 0.47421875 0.35859375 0.034375 0.0140625
1 0.72734375 0.5125 0.0390625 0.021875
1 0.828125 0.315625 0.034375 0.015625
0 0.98984375 0.815625 0.0203125 0.040625
0 0.9171875 0.80546875 0.046875 0.0328125
1 0.1453125 0.365625 0.034375 0.0140625
0 0.90546875 0.1046875 0.0421875 0.0265625
1 0.53125 0.4 0.0359375 0.015625
0 0.97734375 0.7 0.0453125 0.040625
1 0.6078125 0.37265625 0.034375 0.0140625
1 0.3 0.43046875 0.0359375 0.015625
1 0.5546875 0.4 0.0375 0.0171875
1 0.0609375 0.440625 0.0359375 0.0140625
1 0.53984375 0.3859375 0.0359375 0.015625
1 0.259375 0.90546875 0.0375 0.01875
1 0.8515625 0.86640625 0.0375 0.0203125
1 0.49140625 0.55 0.0375 0.0234375
1 0.9828125 0.35859375 0.034375 0.0140625
1 0.8234375 0.85625 0.0375 0.0171875
1 0.18359375 0.95390625 0.0421875 0.028125
0 0.80625 0.09296875 0.040625 0.021875
1 0.79140625 0.5734375 0.0359375 0.015625
1 0.9203125 0.3390625 0.0375 0.015625
1 0.553125 0.64296875 0.0359375 0.0125
1 0.86484375 0.29921875 0.034375 0.0140625
1 0.78984375 0.5984375 0.0359375 0.01875
1 0.48046875 0.309375 0.0328125 0.0125
1 0.85390625 0.84765625 0.0359375 0.015625
1 0.0890625 0.3890625 0.034375 0.0140625
1 0.10078125 0.37734375 0.0359375 0.0140625
1 0.046875 0.4640625 0.0375 0.015625
1 0.2265625 0.92734375 0.040625 0.0234375
1 0.13515625 0.34375 0.034375 0.0125
1 0.41171875 0.309375 0.034375 0.0125
1 0.45 0.35234375 0.0359375 0.015625
1 0.7296875 0.465625 0.0359375 0.0125
1 0.95859375 0.89765625 0.040625 0.0234375
1 0.5921875 0.3453125 0.034375 0.0140625
1 0.5453125 0.9 0.0359375 0.0171875
1 0.815625 0.28046875 0.034375 0.0125
1 0.046875 0.5515625 0.0328125 0.015625
1 0.6890625 0.2953125 0.0375 0.021875
1 0.8328125 0.29296875 0.034375 0.0125
1 0.221875 0.87265625 0.0359375 0.0125
1 0.121875 0.971875 0.04375 0.0328125
1 0.24921875 0.91796875 0.0390625 0.0203125
1 0.4296875 0.62265625 0.034375 0.015625
1 0.73203125 0.4203125 0.0375 0.01875
1 0.7015625 0.60234375 0.0390625 0.0171875
1 0.10546875 0.3671875 0.0328125 0.0125
1 0.37578125 0.3109375 0.034375 0.0125
1 0.8765625 0.83359375 0.034375 0.015625
1 0.9796875 0.61328125 0.040625 0.015625
1 0.171875 0.6734375 0.0375 0.0125
0 0.71875 0.22578125 0.0390625 0.0203125
1 0.6421875 0.29140625 0.034375 0.0125
1 0.9046875 0.33046875 0.0359375 0.0140625
1 0.8140625 0.83125 0.0359375 0.0140625
1 0.23125 0.90078125 0.0359375 0.015625
1 0.8796875 0.3046875 0.0359375 0.0140625
1 0.8109375 0.3109375 0.034375 0.0125
1 0.86484375 0.275 0.034375 0.0125
1 0.98125 0.37265625 0.034375 0.0109375
1 0.49453125 0.3203125 0.034375 0.0140625
1 0.50703125 0.85078125 0.0328125 0.0109375
1 0.9828125 0.33984375 0.034375 0.0203125
1 0.00859375 0.49375 0.0171875 0.015625
1 0.97265625 0.8703125 0.0421875 0.025
1 0.30234375 0.41328125 0.0359375 0.0125
1 0.66171875 0.28359375 0.0328125 0.0125
1 0.98125 0.46015625 0.0375 0.0203125
1 0.1140625 0.35625 0.0359375 0.0125
1 0.840625 0.290625 0.034375 0.0140625
1 0.82421875 0.28046875 0.034375 0.0125
1 0.06875 0.4109375 0.034375 0.0125
1 0.85078125 0.27890625 0.034375 0.0125
1 0.896875 0.31796875 0.0359375 0.015625
1 0.84296875 0.840625 0.034375 0.0140625
1 0.88046875 0.9359375 0.05 0.0359375
1 0.31640625 0.853125 0.0328125 0.009375
1 0.98125 0.90078125 0.0375 0.0296875
1 0.8984375 0.9625 0.05 0.0234375
1 0.9390625 0.34921875 0.0359375 0.0140625
1 0.93125 0.321875 0.0375 0.0171875
1 0.9234375 0.85078125 0.0359375 0.0140625
1 0.096875 0.36328125 0.0359375 0.0140625
1 0.4859375 0.85234375 0.0359375 0.0109375
0 0.84140625 0.0703125 0.0421875 0.025
1 0.42265625 0.3015625 0.0359375 0.0125
1 0.5140625 0.3015625 0.034375 0.0109375
1 0.503125 0.29765625 0.034375 0.0125
1 0.8328125 0.82734375 0.034375 0.0125
1 0.9234375 0.88984375 0.0421875 0.0234375
1 0.5375 0.2953125 0.034375 0.0125
1 0.265625 0.8609375 0.0328125 0.009375
1 0.96328125 0.31875 0.0359375 0.0140625
1 0.41953125 0.82578125 0.0359375 0.0140625
1 0.4140625 0.63125 0.034375 0.0140625
1 0.33125 0.84609375 0.0328125 0.0109375
1 0.065625 0.425 0.0375 0.015625
1 0.01015625 0.53359375 0.0203125 0.0171875
1 0.65 0.2859375 0.034375 0.0140625
1 0.9421875 0.31015625 0.034375 0.0140625
1 0.43046875 0.303125 0.0328125 0.0125
1 0.73671875 0.98125 0.0390625 0.0078125
1 0.765625 0.8234375 0.03125 0.0109375
1 0.86640625 0.9625 0.046875 0.0265625
4 0.9859375 0.86875 0.028125 0.1125
1 0.3265625 0.321875 0.03125 0.009375
1 0.053125 0.971875 0.0390625 0.0234375
1 0.6015625 0.34375 0.0375 0.015625