3 0.76640625 0.871875 0.0984375 0.1125
2 0.775 0.22421875 0.096875 0.059375
4 0.12265625 0.3796875 0.0828125 0.084375
3 0.9515625 0.41875 0.096875 0.096875
1 0.72265625 0.496875 0.0203125 0.01875
1 0.27890625 0.47890625 0.01875 0.01875
1 0.71015625 0.4984375 0.0203125 0.01875
3 0.18359375 0.28515625 0.05 0.0703125
1 0.47109375 0.46328125 0.01875 0.0171875
4 0.225 0.84296875 0.09375 0.084375
1 0.92578125 0.91171875 0.021875 0.021875
4 0.10859375 0.8828125 0.1375 0.1375
1 0.3421875 0.44921875 0.0171875 0.015625
1 0.634375 0.509375 0.01875 0.0203125
1 0.6 0.88828125 0.0203125 0.021875
1 0.60546875 0.53203125 0.0203125 0.01875
1 0.62890625 0.48828125 0.01875 0.01875
1 0.190625 0.42421875 0.01875 0.015625
1 0.02578125 0.45625 0.0203125 0.015625
1 0.009375 0.446875 0.01875 0.015625
1 0.5296875 0.58046875 0.021875 0.0234375
1 0.7125 0.4328125 0.0171875 0.0140625
1 0.5421875 0.49296875 0.0171875 0.0171875
1 0.47109375 0.51328125 0.0203125 0.0203125
2 0.2515625 0.22265625 0.1015625 0.0484375
1 0.09375 0.49453125 0.021875 0.01875
1 0.584375 0.35703125 0.0171875 0.0125
1 0.32578125 0.4578125 0.01875 0.01875
1 0.31796875 0.87421875 0.01875 0.0171875
1 0.16171875 0.4375 0.01875 0.015625
1 0.46796875 0.5453125 0.0203125 0.0203125
1 0.45546875 0.43984375 0.0171875 0.015625
1 0.540625 0.4609375 0.01875 0.0171875
1 0.18203125 0.878125 0.01875 0.0171875
1 0.5671875 0.3890625 0.0171875 0.015625
1 0.12109375 0.42265625 0.0171875 0.0140625
1 0.61953125 0.56953125 0.015625 0.015625
1 0.34375 0.41640625 0.015625 0.0140625
1 0.48125 0.5671875 0.0234375 0.021875
1 0.6 0.43203125 0.01875 0.015625
1 0.47265625 0.41640625 0.0203125 0.015625
1 0.2640625 0.53515625 0.0203125 0.01875
1 0.07421875 0.4390625 0.01875 0.0171875
0 0.1890625 0.20625 0.015625 0.0140625
1 0.5328125 0.6171875 0.0203125 0.015625
1 0.171875 0.43046875 0.01875 0.0171875
1 0.2609375 0.51484375 0.01875 0.015625
1 0.709375 0.634375 0.0203125 0.0203125
1 0.04765625 0.571875 0.021875 0.015625
1 0.63359375 0.3859375 0.0171875 0.015625
1 0.69609375 0.3953125 0.0171875 0.0140625
1 0.6953125 0.43046875 0.01875 0.015625
1 0.64453125 0.58203125 0.021875 0.0140625
1 0.52421875 0.4296875 0.01875 0.015625
1 0.12109375 0.5125 0.0171875 0.0140625
1 0.646875 0.5671875 0.0203125 0.0140625
1 0.5734375 0.33671875 0.0171875 0.0125
1 0.4390625 0.4859375 0.01875 0.01875
1 0.58515625 0.43671875 0.01875 0.015625
1 0.49765625 0.57109375 0.021875 0.021875
1 0.87109375 0.34453125 0.015625 0.0125
1 0.09375 0.4234375 0.01875 0.0140625
1 0.64375 0.5984375 0.0203125 0.0109375
1 0.2265625 0.8859375 0.0203125 0.0203125
1 0.05078125 0.52734375 0.0203125 0.01875
1 0.5359375 0.37421875 0.0171875 0.0125
1 0.49765625 0.38515625 0.0171875 0.015625
1 0.04609375 0.4109375 0.0203125 0.0171875
1 0.19296875 0.33125 0.015625 0.0140625
1 0.43515625 0.41015625 0.01875 0.0171875
1 0.1046875 0.43359375 0.01875 0.015625
1 0.0265625 0.56640625 0.01875 0.0171875
1 0.60546875 0.45 0.01875 0.015625
1 0.57421875 0.30546875 0.015625 0.0109375
1 0.83359375 0.30859375 0.0171875 0.015625
0 0.19140625 0.1109375 0.0171875 0.0140625
1 0.40078125 0.5375 0.0171875 0.01875
1 0.55 0.37578125 0.01875 0.0140625
1 0.5515625 0.3328125 0.0171875 0.0125
1 0.66484375 0.3984375 0.01875 0.015625
1 0.44765625 0.57109375 0.0203125 0.021875
1 0.15859375 0.33984375 0.015625 0.0125
1 0.90078125 0.34609375 0.01875 0.0125
1 0.65703125 0.38515625 0.01875 0.0140625
1 0.075 0.41875 0.01875 0.015625
1 0.45 0.5203125 0.0203125 0.0203125
0 0.18828125 0.16875 0.0171875 0.0140625
1 0.4484375 0.64375 0.0203125 0.0140625
1 0.559375 0.35625 0.015625 0.0125
1 0.33984375 0.3828125 0.015625 0.0140625
1 0.50078125 0.4109375 0.01875 0.0171875
1 0.71171875 0.41953125 0.0171875 0.0109375
1 0.68671875 0.41484375 0.0171875 0.0125
1 0.5359375 0.31953125 0.015625 0.0109375
0 0.1890625 0.24921875 0.015625 0.0125
1 0.1703125 0.409375 0.01875 0.0140625
1 0.85 0.328125 0.0171875 0.0109375
1 0.20546875 0.90078125 0.0203125 0.0234375
1 0.57578125 0.44921875 0.01875 0.0171875
1 0.35078125 0.3171875 0.0171875 0.0140625
1 0.5171875 0.37890625 0.015625 0.0125
1 0.30078125 0.853125 0.0171875 0.0109375
1 0.4828125 0.30546875 0.0140625 0.0109375
1 0.39921875 0.35078125 0.015625 0.0125
1 0.1484375 0.63984375 0.021875 0.0171875
1 0.396875 0.38046875 0.0171875 0.0125
1 0.8921875 0.878125 0.01875 0.0140625
1 0.8984375 0.32890625 0.0171875 0.0125
1 0.42109375 0.403125 0.015625 0.0109375
1 0.53671875 0.3546875 0.0171875 0.0125
1 0.02265625 0.421875 0.01875 0.0125
1 0.66796875 0.3765625 0.01875 0.0140625
1 0.64453125 0.3515625 0.015625 0.0140625
1 0.5 0.30078125 0.0171875 0.0109375
1 0.93203125 0.3375 0.0171875 0.0109375
1 0.29765625 0.3375 0.01875 0.0140625
1 0.871875 0.8625 0.015625 0.0109375
1 0.83046875 0.99296875 0.03125 0.0125
1 0.490625 0.4203125 0.0203125 0.015625
1 0.5171875 0.54453125 0.01875 0.0125
1 0.684375 0.36796875 0.0171875 0.0140625
4 0.45078125 0.37578125 0.0859375 0.08125
1 0.83671875 0.86015625 0.015625 0.0109375
1 0.3359375 0.371875 0.0171875 0.0140625
1 0.15234375 0.30234375 0.015625 0.0125
1 0.70546875 0.85234375 0.0171875 0.0109375
1 0.665625 0.34453125 0.0171875 0.0125
1 0.4546875 0.4265625 0.0171875 0.0125
1 0.65703125 0.3671875 0.0171875 0.0140625
1 0.49375 0.540625 0.0171875 0.0140625
1 0.6140625 0.44140625 0.0171875 0.0140625
1 0.2578125 0.884375 0.0234375 0.01875
1 0.60234375 0.3015625 0.0171875 0.0109375
1 0.178125 0.37734375 0.01875 0.0125
1 0.625 0.378125 0.0171875 0.0140625
1 0.328125 0.37578125 0.01875 0.0140625
1 0.39140625 0.36953125 0.0171875 0.0125
1 0.065625 0.39453125 0.0171875 0.0140625
1 0.66796875 0.30078125 0.015625 0.0109375
0 0.17421875 0.71484375 0.015625 0.0125
1 0.71953125 0.8484375 0.01875 0.0125
1 0.48359375 0.6484375 0.01875 0.009375
1 0.565625 0.84921875 0.015625 0.009375
1 0.1125 0.325 0.0171875 0.0125
1 0.03359375 0.9703125 0.0265625 0.03125
1 0.525 0.3515625 0.01875 0.0125
1 0.07578125 0.39296875 0.0203125 0.015625
1 0.75078125 0.64765625 0.01875 0.0109375
1 0.85390625 0.3109375 0.0171875 0.0125
1 0.4453125 0.29765625 0.0140625 0.0109375
0 0.27890625 0.178125 0.015625 0.0140625
3 0.4296875 0.896875 0.146875 0.15
1 0.31328125 0.33203125 0.01875 0.0203125
1 0.890625 0.3171875 0.0171875 0.0109375
1 0.6375 0.6421875 0.01875 0.0125
1 0.61484375 0.42890625 0.0171875 0.0109375
1 0.890625 0.90078125 0.0171875 0.0140625
1 0.26953125 0.8 0.01875 0.0125
1 0.58671875 0.29765625 0.015625 0.0109375
1 0.65859375 0.2984375 0.015625 0.0109375
1 0.4109375 0.3734375 0.0171875 0.009375
1 0.6828125 0.39453125 0.01875 0.0140625
1 0.671875 0.3625 0.01875 0.0109375
1 0.1625 0.30078125 0.015625 0.0109375
3 0.55 0.7734375 0.05 0.040625
1 0.27109375 0.85 0.015625 0.0109375
1 0.1609375 0.84453125 0.0140625 0.009375
0 0.2515625 0.240625 0.01875 0.0125
1 0.321875 0.85390625 0.015625 0.009375
1 0.55546875 0.8359375 0.0140625 0.0109375
1 0.925 0.32734375 0.01875 0.0140625
1 0.675 0.403125 0.01875 0.0140625
1 0.13828125 0.30703125 0.0171875 0.0109375
1 0.4140625 0.8171875 0.015625 0.0109375
1 0.36796875 0.8796875 0.0171875 0.0125
1 0.0234375 0.38828125 0.0203125 0.015625
1 0.834375 0.84921875 0.0140625 0.0078125
1 0.8171875 0.846875 0.0171875 0.009375
1 0.05625 0.3875 0.0171875 0.0140625
1 0.9140625 0.8609375 0.015625 0.0109375
0 0.203000396875 0.10085098906250001 0.1989373640625 0.0898744890625 0.18843744843750002 0.091006571875 0.1866196953125 0.099504065625 0.203000396875 0.10085098906250001
0 0.20917129375000001 0.0884619703125 0.209734234375 0.07473656875 0.1948915546875 0.0746263078125 0.19608015625 0.085868434375 0.20917129375000001 0.0884619703125
0 0.25595309843749997 0.15595019999999998 0.2520827375 0.1477510546875 0.23813133125000002 0.14880293125 0.23926320156249997 0.1558127734375 0.25595309843749997 0.15595019999999998