2 0.221875 0.22890625 0.1 0.0703125
3 0.41328125 0.28046875 0.0640625 0.0828125
4 0.5640625 0.44453125 0.1078125 0.14375
1 0.74296875 0.53203125 0.0203125 0.021875
1 0.1859375 0.45625 0.01875 0.01875
1 0.8875 0.3703125 0.0171875 0.01875
1 0.82265625 0.38671875 0.0171875 0.01875
3 0.7359375 0.84765625 0.0671875 0.0703125
1 0.796875 0.5515625 0.0203125 0.025
2 0.7375 0.1953125 0.1015625 0.065625
1 0.80078125 0.41328125 0.01875 0.01875
1 0.55703125 0.35546875 0.015625 0.01875
1 0.06015625 0.52421875 0.0203125 0.0203125
1 0.87421875 0.509375 0.0203125 0.0234375
1 0.778125 0.471875 0.01875 0.021875
1 0.471875 0.90546875 0.0171875 0.015625
1 0.16328125 0.45078125 0.0171875 0.01875
1 0.1453125 0.48671875 0.015625 0.0171875
1 0.86640625 0.4 0.0171875 0.0171875
4 0.453125 0.8390625 0.06875 0.0671875
1 0.2671875 0.53359375 0.01875 0.021875
1 0.503125 0.45625 0.0171875 0.0203125
1 0.15859375 0.38515625 0.015625 0.0171875
1 0.2796875 0.45078125 0.0171875 0.01875
3 0.803125 0.31484375 0.053125 0.0796875
1 0.209375 0.91875 0.01875 0.0203125
3 0.50078125 0.34609375 0.0734375 0.0890625
1 0.43984375 0.47265625 0.01875 0.0203125
1 0.00546875 0.459375 0.0109375 0.01875
1 0.1390625 0.46171875 0.01875 0.01875
1 0.9375 0.39453125 0.0171875 0.01875
1 0.96171875 0.40625 0.01875 0.01875
1 0.29765625 0.44921875 0.01875 0.01875
1 0.753125 0.49921875 0.01875 0.021875
1 0.84296875 0.3765625 0.0171875 0.0171875
1 0.69140625 0.4109375 0.015625 0.0171875
1 0.778125 0.88671875 0.01875 0.0203125
1 0.47421875 0.4046875 0.015625 0.0171875
1 0.396875 0.4890625 0.01875 0.021875
1 0.07734375 0.43203125 0.0171875 0.01875
1 0.0703125 0.4046875 0.0171875 0.0171875
1 0.9203125 0.37578125 0.0171875 0.01875
1 0.27265625 0.5171875 0.0171875 0.01875
1 0.775 0.86953125 0.015625 0.0171875
1 0.9203125 0.41484375 0.01875 0.0203125
1 0.62578125 0.50546875 0.01875 0.0234375
1 0.2734375 0.478125 0.01875 0.0171875
1 0.83203125 0.41875 0.0171875 0.0203125
1 0.00703125 0.57421875 0.0140625 0.0234375
1 0.10234375 0.34296875 0.015625 0.015625
1 0.16640625 0.953125 0.021875 0.0265625
1 0.8265625 0.9109375 0.021875 0.0265625
1 0.90703125 0.321875 0.015625 0.0171875
1 0.39765625 0.9078125 0.0171875 0.015625
1 0.0765625 0.390625 0.0140625 0.015625
1 0.28359375 0.490625 0.01875 0.01875
1 0.796875 0.375 0.015625 0.0171875
0 0.7234375 0.17734375 0.0171875 0.0171875
1 0.359375 0.31015625 0.0140625 0.015625
1 0.1359375 0.42109375 0.0171875 0.0171875
1 0.9765625 0.409375 0.0203125 0.0203125
1 0.63984375 0.3703125 0.015625 0.0171875
1 0.35078125 0.3859375 0.015625 0.0171875
1 0.703125 0.86953125 0.0140625 0.015625
1 0.1828125 0.41953125 0.0171875 0.01875
1 0.36328125 0.34765625 0.015625 0.015625
1 0.446875 0.44375 0.0171875 0.0171875
1 0.4984375 0.40625 0.0171875 0.0171875
1 0.1 0.596875 0.0203125 0.021875
1 0.32734375 0.40390625 0.015625 0.01875
1 0.12421875 0.38671875 0.0171875 0.0171875
1 0.6015625 0.328125 0.015625 0.0171875
1 0.79140625 0.3890625 0.015625 0.0171875
1 0.14375 0.94140625 0.0203125 0.025
1 0.665625 0.884375 0.0171875 0.0171875
1 0.059375 0.4265625 0.0171875 0.0171875
1 0.68203125 0.3203125 0.015625 0.0171875
1 0.365625 0.40625 0.0171875 0.01875
1 0.17265625 0.3875 0.015625 0.0171875
1 0.6453125 0.3015625 0.015625 0.015625
1 0.68515625 0.36640625 0.0171875 0.0171875
1 0.29609375 0.40703125 0.0171875 0.0171875
1 0.88515625 0.315625 0.015625 0.0171875
1 0.8546875 0.303125 0.015625 0.015625
1 0.6140625 0.42890625 0.015625 0.01875
1 0.68125 0.29765625 0.015625 0.0171875
1 0.278125 0.890625 0.0140625 0.015625
1 0.79140625 0.58515625 0.0203125 0.025
1 0.29375 0.57265625 0.01875 0.025
1 0.096875 0.3734375 0.015625 0.015625
1 0.8359375 0.86328125 0.0140625 0.0140625
1 0.63671875 0.4171875 0.0171875 0.0171875
1 0.3671875 0.2765625 0.0140625 0.0140625
1 0.84140625 0.39765625 0.01875 0.01875
1 0.78359375 0.41953125 0.01875 0.0203125
1 0.17734375 0.9203125 0.0203125 0.021875
1 0.31484375 0.41640625 0.0171875 0.0171875
1 0.3234375 0.328125 0.0140625 0.015625
1 0.58984375 0.37265625 0.0171875 0.0171875
1 0.56171875 0.32578125 0.015625 0.015625
1 0.15390625 0.5203125 0.0140625 0.0171875
1 0.47890625 0.2921875 0.015625 0.0140625
1 0.575 0.33125 0.015625 0.0171875
1 0.61484375 0.2640625 0.0140625 0.0140625
1 0.15390625 0.64140625 0.01875 0.0171875
1 0.63515625 0.31328125 0.015625 0.015625
1 0.4828125 0.42109375 0.015625 0.0171875
1 0.6078125 0.38984375 0.0171875 0.0171875
1 0.53359375 0.2984375 0.0140625 0.015625
1 0.26328125 0.90703125 0.0171875 0.01875
1 0.12265625 0.309375 0.0140625 0.015625
0 0.71171875 0.17265625 0.0171875 0.01875
1 0.6265625 0.3421875 0.015625 0.0171875
1 0.48046875 0.2609375 0.015625 0.015625
1 0.18984375 0.98828125 0.0265625 0.0234375
1 0.05 0.43125 0.0203125 0.021875
1 0.09609375 0.38984375 0.0171875 0.015625
1 0.49140625 0.39375 0.015625 0.015625
1 0.4421875 0.45625 0.0171875 0.015625
1 0.11015625 0.36875 0.015625 0.0171875
1 0.5796875 0.29765625 0.015625 0.015625
1 0.24140625 0.896875 0.015625 0.0171875
1 0.36953125 0.9078125 0.0171875 0.0171875
1 0.3 0.39296875 0.015625 0.0171875
1 0.29453125 0.896875 0.0171875 0.01875
1 0.84453125 0.28046875 0.0140625 0.0140625
1 0.18984375 0.4421875 0.015625 0.0140625
1 0.6234375 0.44296875 0.0171875 0.01875
1 0.87734375 0.2921875 0.0140625 0.015625
1 0.88046875 0.275 0.015625 0.015625
1 0.63671875 0.4421875 0.01875 0.0203125
1 0.26015625 0.89375 0.015625 0.0140625
1 0.346875 0.36171875 0.015625 0.015625
1 0.5921875 0.890625 0.015625 0.0171875
1 0.94609375 0.32109375 0.0140625 0.015625
1 0.365625 0.37578125 0.015625 0.015625
1 0.96875 0.31953125 0.0171875 0.0171875
1 0.6078125 0.309375 0.015625 0.0171875
1 0.834375 0.2734375 0.0140625 0.0140625
1 0.80703125 0.909375 0.021875 0.025
1 0.45 0.31796875 0.0140625 0.015625
1 0.31640625 0.35625 0.0140625 0.015625
1 0.54140625 0.54140625 0.01875 0.0234375
1 0.64140625 0.284375 0.015625 0.015625
1 0.45859375 0.8765625 0.0171875 0.0109375
1 0.38125 0.346875 0.0171875 0.0171875
1 0.3515625 0.8984375 0.0171875 0.01875
1 0.67734375 0.34765625 0.0171875 0.0171875
1 0.115625 0.56875 0.0203125 0.021875
1 0.69453125 0.31953125 0.01875 0.0171875
1 0.6140625 0.33671875 0.015625 0.015625
1 0.975 0.621875 0.021875 0.0203125
1 0.32109375 0.378125 0.015625 0.0171875
1 0.33671875 0.90234375 0.015625 0.0171875
1 0.98515625 0.3453125 0.01875 0.01875
1 0.19375 0.903125 0.0171875 0.0171875
1 0.55625 0.31328125 0.015625 0.015625
1 0.64140625 0.34453125 0.015625 0.015625
1 0.4515625 0.2609375 0.0140625 0.015625
1 0.6484375 0.37890625 0.0171875 0.015625
1 0.25234375 0.9953125 0.0265625 0.009375
1 0.0625 0.40546875 0.015625 0.0171875
1 0.2578125 0.8671875 0.0140625 0.0109375
1 0.4765625 0.36015625 0.0140625 0.0109375
4 0.0640625 0.3375 0.05625 0.0875
1 0.20546875 0.9015625 0.015625 0.0171875
1 0.5265625 0.28984375 0.0140625 0.015625
1 0.57578125 0.38125 0.015625 0.0171875
4 0.4265625 0.38984375 0.071875 0.103125
1 0.38046875 0.38203125 0.0171875 0.0171875
1 0.23828125 0.88359375 0.0140625 0.0140625
1 0.8953125 0.2859375 0.015625 0.0171875
1 0.1796875 0.40390625 0.015625 0.015625
1 0.3140625 0.390625 0.015625 0.015625
1 0.36171875 0.89765625 0.015625 0.015625
1 0.64296875 0.88984375 0.015625 0.0171875
1 0.3921875 0.3390625 0.015625 0.0140625
0 0.4140625 0.19375 0.015625 0.01875
1 0.96015625 0.9328125 0.025 0.0328125
1 0.3375 0.36015625 0.0171875 0.0171875
1 0.853125 0.38671875 0.015625 0.015625
1 0.91953125 0.875 0.01875 0.0203125
0 0.7625 0.00546875 0.015625 0.0109375
1 0.62578125 0.89453125 0.0140625 0.015625
1 0.92578125 0.30625 0.0140625 0.0140625
1 0.459375 0.9046875 0.01875 0.015625
1 0.1203125 0.3765625 0.015625 0.0140625
1 0.09765625 0.58046875 0.01875 0.0171875
1 0.39140625 0.37421875 0.01875 0.01875
1 0.42109375 0.875 0.0140625 0.0125
1 0.6484375 0.26640625 0.0140625 0.0125
1 0.85234375 0.24140625 0.0140625 0.0140625
1 0.86796875 0.259375 0.015625 0.0140625
1 0.6578125 0.346875 0.01875 0.01875
0 0.04140625 0.19609375 0.015625 0.015625
1 0.64296875 0.4015625 0.015625 0.015625
1 0.675 0.89140625 0.0171875 0.0171875
1 0.32265625 0.3484375 0.0140625 0.015625
1 0.63515625 0.8984375 0.015625 0.0125
1 0.71328125 0.8890625 0.0265625 0.0203125
1 0.9140625 0.58828125 0.0140625 0.015625
1 0.28359375 0.475 0.015625 0.015625
1 0.5671875 0.88515625 0.0125 0.0125
1 0.31484375 0.896875 0.015625 0.0171875
1 0.29453125 0.4265625 0.0171875 0.015625
0 0.8875 0.21875 0.015625 0.015625
1 0.325 0.9078125 0.01875 0.01875
0 0.80234375 0.71796875 0.015625 0.01875
1 0.65703125 0.3265625 0.0140625 0.015625
1 0.00546875 0.39609375 0.0109375 0.0140625
1 0.096875 0.9421875 0.01875 0.021875
1 0.62109375 0.25390625 0.0140625 0.0140625
1 0.1734375 0.8828125 0.0140625 0.0125
1 0.47109375 0.3484375 0.0140625 0.015625
1 0.30625 0.8890625 0.015625 0.015625
1 0.4203125 0.90390625 0.01875 0.015625
1 0.61640625 0.31171875 0.015625 0.015625
1 0.44921875 0.87734375 0.0140625 0.0125
1 0.1640625 0.92109375 0.01875 0.01875
1 0.10234375 0.29375 0.015625 0.0140625
1 0.2109375 0.8765625 0.0125 0.0109375
1 0.68828125 0.89140625 0.0234375 0.0203125
1 0.1140625 0.2953125 0.015625 0.0125
1 0.684375 0.4 0.015625 0.015625
1 0.65625 0.36875 0.0171875 0.015625
1 0.07421875 0.9421875 0.01875 0.0234375
1 0.965625 0.965625 0.025 0.0234375
1 0.4328125 0.34453125 0.0171875 0.0171875
1 0.3296875 0.375 0.0171875 0.021875
1 0.87109375 0.85859375 0.015625 0.015625
1 0.00390625 0.42109375 0.0078125 0.0171875
1 0.6796875 0.3859375 0.0171875 0.0140625
1 0.3734375 0.36171875 0.0171875 0.0171875
1 0.4375 0.90390625 0.0203125 0.015625
1 0.615625 0.3234375 0.0171875 0.015625
1 0.81796875 0.19765625 0.015625 0.015625
1 0.128125 0.565625 0.01875 0.021875
4 0.10703125 0.8828125 0.0734375 0.0671875
1 0.8625 0.25 0.0171875 0.0125
1 0.51875 0.30390625 0.015625 0.0140625
0 0.95390625 0.23515625 0.015625 0.01875
1 0.66328125 0.25078125 0.015625 0.0140625
0 0.8796875 0.2046875 0.015625 0.0171875
1 0.8109375 0.82421875 0.0140625 0.0140625
1 0.384375 0.2640625 0.0140625 0.0140625
1 0.378125 0.2609375 0.0140625 0.015625
1 0.50390625 0.29765625 0.0140625 0.0125
1 0.93828125 0.31328125 0.015625 0.0140625
1 0.91796875 0.29375 0.015625 0.015625
1 0.0390625 0.40859375 0.0171875 0.0171875
1 0.17421875 0.90546875 0.015625 0.015625
1 0.4203125 0.33671875 0.0140625 0.0125
1 0.90859375 0.28515625 0.0140625 0.015625
1 0.8953125 0.26796875 0.015625 0.0140625
1 0.0609375 0.3921875 0.0140625 0.015625
1 0.4046875 0.99375 0.025 0.0125
1 0.9859375 0.9640625 0.028125 0.025
1 0.55078125 0.8796875 0.015625 0.0171875
1 0.925 0.95546875 0.025 0.034375