3 0.18828125 0.315625 0.0765625 0.0890625
3 0.14140625 0.2921875 0.0765625 0.0671875
3 0.23046875 0.82265625 0.0828125 0.0609375
4 0.62421875 0.37265625 0.1078125 0.090625
4 0.7484375 0.84765625 0.0875 0.0671875
4 0.940625 0.49296875 0.1109375 0.13125
3 0.07421875 0.4359375 0.115625 0.1125
2 0.7890625 0.23984375 0.1078125 0.0640625
1 0.57109375 0.48671875 0.0328125 0.0203125
3 0.13203125 0.8125 0.06875 0.046875
0 0.2390625 0.20234375 0.03125 0.0171875
0 0.225 0.19765625 0.0328125 0.01875
0 0.15625 0.16640625 0.0328125 0.0203125
1 0.93125 0.5640625 0.0359375 0.021875
1 0.57265625 0.4234375 0.03125 0.0171875
1 0.09296875 0.890625 0.0375 0.028125
1 0.6078125 0.43125 0.0328125 0.0171875
1 0.6328125 0.48046875 0.0328125 0.01875
0 0.2171875 0.16171875 0.03125 0.0171875
1 0.196875 0.84765625 0.0296875 0.0140625
1 0.73203125 0.47578125 0.0328125 0.01875
1 0.32421875 0.43984375 0.0328125 0.0171875
0 0.209375 0.146875 0.03125 0.0171875
1 0.35 0.4171875 0.03125 0.0171875
1 0.45390625 0.42578125 0.03125 0.0171875
1 0.11953125 0.86875 0.034375 0.0234375
1 0.509375 0.40546875 0.0296875 0.0171875
0 0.19375 0.171875 0.03125 0.0171875
1 0.61953125 0.44765625 0.03125 0.0171875
1 0.6546875 0.45078125 0.0328125 0.0171875
1 0.6265625 0.43203125 0.03125 0.0171875
1 0.7109375 0.446875 0.03125 0.015625
1 0.7609375 0.4671875 0.0328125 0.0203125
0 0.128125 0.24296875 0.034375 0.0203125
1 0.6234375 0.49765625 0.0328125 0.01875
1 0.86640625 0.35390625 0.0296875 0.0140625
0 0.25546875 0.16015625 0.03125 0.0171875
0 0.2015625 0.19296875 0.03125 0.0203125
1 0.39296875 0.4109375 0.03125 0.0171875
1 0.64609375 0.60625 0.0328125 0.015625
1 0.95859375 0.40546875 0.03125 0.015625
1 0.76875 0.64453125 0.0359375 0.0234375
0 0.73984375 0.78203125 0.03125 0.0171875
1 0.43984375 0.403125 0.03125 0.0171875
1 0.55234375 0.3890625 0.03125 0.0171875
1 0.4 0.3859375 0.0296875 0.015625
1 0.74453125 0.55625 0.0328125 0.0234375
4 0.5890625 0.86484375 0.1515625 0.1265625
1 0.715625 0.48828125 0.0328125 0.0203125
0 0.815625 0.2078125 0.03125 0.0171875
0 0.20078125 0.12734375 0.03125 0.01875
0 0.14296875 0.20546875 0.034375 0.0203125
1 0.4671875 0.39375 0.03125 0.015625
0 0.16484375 0.1421875 0.0375 0.0234375
1 0.45546875 0.3515625 0.0296875 0.0140625
1 0.4625 0.41328125 0.03125 0.0171875
0 0.13125 0.2171875 0.0328125 0.0203125
1 0.13515625 0.35546875 0.03125 0.015625
1 0.934375 0.4125 0.03125 0.015625
0 0.14921875 0.18984375 0.034375 0.0203125
0 0.23125 0.21796875 0.03125 0.015625
1 0.73125 0.65234375 0.034375 0.0203125
1 0.8640625 0.89921875 0.0296875 0.0171875
0 0.1203125 0.26484375 0.03125 0.0171875
1 0.7984375 0.87578125 0.03125 0.015625
1 0.66875 0.41484375 0.0328125 0.0203125
1 0.6 0.4 0.03125 0.0171875
1 0.3328125 0.42265625 0.034375 0.021875
1 0.36640625 0.46796875 0.0328125 0.0203125
1 0.6859375 0.384375 0.0296875 0.015625
1 0.53515625 0.903125 0.034375 0.0203125
1 0.671875 0.34375 0.0296875 0.015625
1 0.36796875 0.3375 0.0296875 0.0140625
1 0.36171875 0.48984375 0.0328125 0.021875
1 0.6984375 0.8640625 0.03125 0.0125
1 0.2984375 0.41953125 0.0296875 0.015625
1 0.7078125 0.3921875 0.0296875 0.015625
1 0.5328125 0.34453125 0.03125 0.0140625
0 0.74453125 0.815625 0.0296875 0.015625
1 0.990625 0.540625 0.01875 0.015625
1 0.60625 0.315625 0.028125 0.0125
1 0.46015625 0.3265625 0.0296875 0.0125
0 0.3390625 0.78125 0.034375 0.021875
0 0.97734375 0.2390625 0.03125 0.015625
1 0.840625 0.36015625 0.0296875 0.0140625
1 0.35234375 0.32578125 0.0296875 0.0140625
1 0.35546875 0.3921875 0.03125 0.015625
1 0.6796875 0.44765625 0.03125 0.0171875
0 0.1359375 0.17578125 0.0328125 0.021875
0 0.365625 0.7953125 0.034375 0.025
1 0.3625 0.3640625 0.03125 0.015625
1 0.70078125 0.4359375 0.03125 0.015625
1 0.36171875 0.38125 0.0296875 0.0140625
1 0.61953125 0.31484375 0.028125 0.0125
0 0.26171875 0.71484375 0.0296875 0.01875
1 0.675 0.39453125 0.0296875 0.015625
1 0.4609375 0.2953125 0.0296875 0.0140625
1 0.375 0.3625 0.03125 0.0140625
1 0.415625 0.36796875 0.028125 0.0125
2 0.26875 0.20859375 0.1171875 0.053125
1 0.390625 0.32890625 0.0296875 0.0140625
1 0.3078125 0.421875 0.03125 0.0171875
1 0.6578125 0.41875 0.03125 0.01875
1 0.33125 0.33671875 0.0296875 0.015625
0 0.35703125 0.76796875 0.034375 0.0234375
1 0.040625 0.93828125 0.0421875 0.040625
1 0.79453125 0.8546875 0.028125 0.0125
1 0.34296875 0.403125 0.03125 0.0171875
0 0.109375 0.31953125 0.0328125 0.01875
0 0.33046875 0.765625 0.034375 0.0234375
1 0.084375 0.36328125 0.0296875 0.0140625
1 0.66875 0.3078125 0.028125 0.0125
1 0.44453125 0.34609375 0.0296875 0.0140625
0 0.2765625 0.17578125 0.0265625 0.0109375
1 0.3875 0.3015625 0.0296875 0.0140625
3 0.3234375 0.8671875 0.128125 0.1265625
1 0.06953125 0.3359375 0.03125 0.0171875
0 0.2484375 0.75546875 0.03125 0.021875
1 0.66796875 0.39453125 0.0296875 0.015625
0 0.73515625 0.7578125 0.03125 0.0171875
1 0.34453125 0.340625 0.03125 0.0140625
0 0.16875 0.08203125 0.0328125 0.0171875
0 0.77578125 0.2 0.0296875 0.015625
1 0.60703125 0.3328125 0.0296875 0.0140625
1 0.565625 0.3015625 0.03125 0.0125
1 0.1890625 0.8296875 0.0296875 0.0109375
0 0.08984375 0.39375 0.0328125 0.01875
0 0.20546875 0.23125 0.03125 0.015625
0 0.26328125 0.14140625 0.0296875 0.0109375
1 0.43203125 0.29375 0.028125 0.0125
1 0.50546875 0.8515625 0.028125 0.0125
1 0.096875 0.8296875 0.034375 0.015625
1 0.70703125 0.415625 0.0328125 0.0171875
1 0.34375 0.3703125 0.0296875 0.0125
1 0.659375 0.3265625 0.0296875 0.0140625
0 0.22578125 0.0328125 0.0328125 0.021875
1 0.36640625 0.28671875 0.028125 0.0140625
1 0.35234375 0.29140625 0.03125 0.0125
1 0.41640625 0.29296875 0.028125 0.0125
1 0.35390625 0.3640625 0.0296875 0.015625
1 0.6875 0.44609375 0.03125 0.0140625
1 0.6921875 0.309375 0.0265625 0.0109375
1 0.7921875 0.6671875 0.0328125 0.0125
1 0.66171875 0.3421875 0.03125 0.015625
1 0.4328125 0.36796875 0.028125 0.009375
1 0.3234375 0.41953125 0.034375 0.0171875
1 0.53984375 0.33359375 0.0296875 0.0109375
1 0.10703125 0.82734375 0.028125 0.0140625
1 0.32890625 0.36953125 0.028125 0.0125
1 0.64609375 0.33671875 0.03125 0.015625
1 0.33671875 0.3578125 0.03125 0.0140625
1 0.3953125 0.2953125 0.0296875 0.0140625
0 0.21640625 0.06484375 0.0328125 0.0171875
0 0.26171875 0.03046875 0.0296875 0.0171875
1 0.30859375 0.33125 0.03125 0.0125