4 0.37109375 0.40546875 0.0953125 0.1078125
2 0.76015625 0.2109375 0.103125 0.0640625
2 0.240625 0.21328125 0.103125 0.0578125
3 0.8515625 0.35546875 0.084375 0.09375
1 0.69765625 0.51328125 0.025 0.0203125
3 0.48125 0.315625 0.090625 0.0828125
1 0.61640625 0.53125 0.025 0.021875
1 0.94609375 0.4203125 0.0234375 0.0171875
1 0.0703125 0.55703125 0.0265625 0.021875
1 0.496875 0.434375 0.021875 0.0171875
1 0.48515625 0.61328125 0.0265625 0.0203125
1 0.6078125 0.50625 0.025 0.021875
3 0.7796875 0.85859375 0.0796875 0.0796875
1 0.11328125 0.35 0.021875 0.015625
1 0.4484375 0.6 0.0265625 0.025
1 0.61875 0.42578125 0.0234375 0.01875
1 0.12109375 0.51328125 0.025 0.0203125
1 0.98125 0.503125 0.025 0.01875
1 0.6328125 0.5953125 0.0265625 0.0234375
1 0.33515625 0.90390625 0.025 0.0171875
1 0.45703125 0.459375 0.021875 0.01875
1 0.67265625 0.45234375 0.0234375 0.01875
1 0.65546875 0.3515625 0.021875 0.0140625
1 0.434375 0.41953125 0.021875 0.015625
1 0.015625 0.3796875 0.0234375 0.015625
1 0.55625 0.39609375 0.021875 0.01875
1 0.68515625 0.4953125 0.0234375 0.0203125
1 0.4390625 0.4328125 0.0234375 0.0171875
1 0.1296875 0.296875 0.0203125 0.0140625
1 0.32109375 0.465625 0.0234375 0.0203125
1 0.0625 0.40546875 0.0234375 0.0171875
1 0.64609375 0.38984375 0.021875 0.015625
1 0.0875 0.9765625 0.0328125 0.034375
1 0.68203125 0.6421875 0.025 0.0140625
1 0.97578125 0.4859375 0.025 0.01875
1 0.28828125 0.4546875 0.0234375 0.01875
4 0.47421875 0.86015625 0.0625 0.065625
1 0.15546875 0.4125 0.0234375 0.015625
1 0.21015625 0.9125 0.0265625 0.0203125
1 0.52109375 0.43046875 0.0234375 0.0171875
1 0.50703125 0.353125 0.0234375 0.0171875
1 0.6578125 0.39140625 0.0234375 0.015625
1 0.46640625 0.3796875 0.021875 0.015625
1 0.51796875 0.3765625 0.021875 0.015625
1 0.7234375 0.55703125 0.025 0.021875
1 0.68046875 0.371875 0.0234375 0.0171875
1 0.6078125 0.31328125 0.021875 0.0140625
1 0.6625 0.32890625 0.021875 0.0140625
1 0.3484375 0.3453125 0.021875 0.015625
1 0.3296875 0.334375 0.021875 0.0140625
1 0.66796875 0.3796875 0.0234375 0.015625
1 0.48125 0.46015625 0.0234375 0.01875
1 0.57734375 0.37734375 0.0234375 0.015625
4 0.92734375 0.359375 0.0859375 0.090625
1 0.82890625 0.29453125 0.0203125 0.0140625
1 0.1671875 0.30703125 0.0203125 0.0140625
1 0.5390625 0.3734375 0.021875 0.0171875
1 0.56875 0.38203125 0.0234375 0.015625
1 0.3 0.4296875 0.021875 0.0171875
1 0.17578125 0.2703125 0.0203125 0.0125
1 0.6125 0.29375 0.0203125 0.0140625
1 0.878125 0.521875 0.025 0.01875
1 0.56953125 0.3671875 0.021875 0.0140625
1 0.1578125 0.26640625 0.021875 0.0125
1 0.06484375 0.3921875 0.021875 0.0140625
1 0.31953125 0.3703125 0.021875 0.015625
1 0.746875 0.9375 0.028125 0.028125
1 0.64296875 0.37265625 0.021875 0.015625
1 0.4484375 0.3671875 0.0234375 0.015625
3 0.88984375 0.90859375 0.13125 0.1578125
1 0.58828125 0.28359375 0.0203125 0.015625
1 0.425 0.3203125 0.021875 0.0140625
1 0.025 0.35390625 0.0234375 0.0171875
1 0.62734375 0.36875 0.0203125 0.0140625
1 0.8296875 0.265625 0.021875 0.0125
1 0.59375 0.3359375 0.021875 0.015625
1 0.53125 0.26953125 0.0203125 0.0140625
1 0.49921875 0.46015625 0.025 0.01875
1 0.32265625 0.38828125 0.021875 0.0171875
1 0.73671875 0.540625 0.025 0.01875
1 0.53046875 0.35078125 0.021875 0.0140625
1 0.81484375 0.284375 0.0203125 0.0125
1 0.1125 0.90234375 0.021875 0.0171875
1 0.6140625 0.346875 0.021875 0.0140625
1 0.3359375 0.3 0.0203125 0.0140625
1 0.31015625 0.90234375 0.0234375 0.0171875
1 0.53046875 0.41015625 0.021875 0.0171875
1 0.71640625 0.53671875 0.0234375 0.0203125
1 0.1609375 0.29296875 0.021875 0.0140625
1 0.640625 0.315625 0.021875 0.0140625
1 0.57734375 0.35546875 0.0234375 0.0171875
1 0.646875 0.9015625 0.0234375 0.0125
1 0.7453125 0.53359375 0.0234375 0.0203125
1 0.403125 0.26015625 0.021875 0.0125
1 0.35078125 0.32109375 0.0203125 0.0125
1 0.14921875 0.4 0.0234375 0.015625
1 0.628125 0.31640625 0.0203125 0.0140625
1 0.3859375 0.28125 0.0203125 0.0125
1 0.45859375 0.496875 0.0203125 0.0140625
1 0.8734375 0.29140625 0.0203125 0.0140625
1 0.490625 0.365625 0.021875 0.015625
1 0.87734375 0.54140625 0.025 0.0203125
1 0.1 0.31640625 0.021875 0.0140625
1 0.790625 0.90703125 0.025 0.021875
1 0.48359375 0.359375 0.0203125 0.015625
4 0.9765625 0.41171875 0.046875 0.1078125
1 0.1984375 0.890625 0.0203125 0.0125
1 0.875 0.47734375 0.0234375 0.015625
1 0.12578125 0.2765625 0.0203125 0.0125
1 0.7578125 0.59296875 0.021875 0.0203125
1 0.553125 0.25703125 0.0203125 0.0125
1 0.14140625 0.88359375 0.021875 0.0140625
1 0.09296875 0.29765625 0.021875 0.0125
1 0.4703125 0.4859375 0.021875 0.0171875
1 0.36953125 0.27109375 0.021875 0.0125
1 0.753125 0.55078125 0.0234375 0.0171875
1 0.61796875 0.89765625 0.0234375 0.015625
1 0.6046875 0.25625 0.0203125 0.0109375
1 0.56875 0.90234375 0.0234375 0.0125
1 0.3 0.87734375 0.0203125 0.0125
1 0.24140625 0.87734375 0.021875 0.0125
1 0.12734375 0.6140625 0.021875 0.015625
1 0.4234375 0.3453125 0.0234375 0.015625
1 0.39296875 0.27421875 0.0203125 0.0125
1 0.5015625 0.61328125 0.0234375 0.01875
1 0.3625 0.30703125 0.021875 0.0140625
1 0.70859375 0.3125 0.0234375 0.015625
1 0.19453125 0.9078125 0.0234375 0.01875
1 0.93125 0.41484375 0.0234375 0.0140625
1 0.590625 0.8984375 0.025 0.0140625
1 0.53828125 0.353125 0.0203125 0.0140625
1 0.66171875 0.2609375 0.0203125 0.0125
1 0.01796875 0.61796875 0.0234375 0.0140625
1 0.6234375 0.33671875 0.021875 0.0140625
1 0.07734375 0.31328125 0.021875 0.0140625
1 0.89609375 0.3734375 0.025 0.0171875
1 0.32578125 0.35625 0.0203125 0.0140625
1 0.11171875 0.2859375 0.0203125 0.0125
1 0.9265625 0.4296875 0.0234375 0.015625
1 0.08828125 0.31171875 0.0234375 0.0140625
1 0.646875 0.30078125 0.021875 0.0140625
1 0.846875 0.4875 0.021875 0.0140625
1 0.48671875 0.89375 0.0203125 0.0109375
1 0.43984375 0.25703125 0.0203125 0.0125
1 0.725 0.53203125 0.025 0.01875
1 0.44921875 0.2609375 0.0203125 0.0125
1 0.590625 0.25703125 0.0203125 0.0125
1 0.6296875 0.2640625 0.021875 0.015625
1 0.51484375 0.34296875 0.021875 0.0140625
1 0.63828125 0.2671875 0.0203125 0.0125
1 0.04375 0.34453125 0.0234375 0.0140625
1 0.8796875 0.31875 0.021875 0.0125
1 0.90234375 0.290625 0.021875 0.0171875
1 0.10390625 0.28671875 0.021875 0.0140625
1 0.50703125 0.2703125 0.021875 0.0125
1 0.85390625 0.27265625 0.0203125 0.0125
1 0.47734375 0.89296875 0.0203125 0.0109375
1 0.1375 0.26796875 0.021875 0.0140625
1 0.4828125 0.2578125 0.0203125 0.0125
1 0.5390625 0.26015625 0.0203125 0.0109375
1 0.12421875 0.26640625 0.0203125 0.0125
1 0.11796875 0.57421875 0.0203125 0.0125
1 0.60703125 0.8984375 0.0234375 0.015625
1 0.14453125 0.46484375 0.0203125 0.0109375
1 0.57890625 0.89765625 0.021875 0.0171875
1 0.91328125 0.29609375 0.021875 0.015625
1 0.1796875 0.87734375 0.021875 0.0125
1 0.5671875 0.8703125 0.021875 0.0125
1 0.92109375 0.3109375 0.021875 0.0140625
1 0.271875 0.88046875 0.021875 0.0109375
1 0.5109375 0.25703125 0.0203125 0.0125
1 0.83125 0.93515625 0.025 0.0140625
1 0.396875 0.6234375 0.021875 0.0125
0 0.94609375 0.9265625 0.03125 0.0328125
1 0.1109375 0.26796875 0.0203125 0.0109375
1 0.45625 0.25625 0.0203125 0.0109375
1 0.0640625 0.32421875 0.021875 0.0140625
1 0.8703125 0.271875 0.021875 0.0140625
1 0.36171875 0.2640625 0.021875 0.0140625
1 0.39609375 0.63515625 0.021875 0.009375
1 0.390625 0.2625 0.0203125 0.0109375
1 0.26484375 0.87265625 0.0203125 0.0125
1 0.84609375 0.26484375 0.021875 0.0140625
1 0.9296875 0.3140625 0.021875 0.015625
1 0.29375 0.36328125 0.0203125 0.015625
1 0.6140625 0.33515625 0.021875 0.0125
1 0.8890625 0.27265625 0.025 0.0140625
1 0.5328125 0.5453125 0.0203125 0.015625
1 0.14921875 0.87421875 0.0203125 0.0140625
1 0.125 0.8828125 0.0203125 0.0125
1 0.0515625 0.33359375 0.021875 0.0140625
1 0.7109375 0.84375 0.01875 0.0109375