3 0.7546875 0.84453125 0.07265625 0.08046875
2 0.76953125 0.21875 0.08828125 0.06171875
3 0.8609375 0.3734375 0.08515625 0.07734375
4 0.8765625 0.31015625 0.07421875 0.0859375
1 0.03203125 0.4453125 0.0109375 0.01640625
1 0.4671875 0.58359375 0.01328125 0.02109375
3 0.26796875 0.434375 0.07734375 0.1078125
1 0.14921875 0.5625 0.01328125 0.0234375
1 0.77265625 0.5546875 0.0125 0.02265625
1 0.009375 0.48203125 0.01171875 0.0171875
1 0.74453125 0.534375 0.0125 0.021875
2 0.24921875 0.22734375 0.0921875 0.046875
3 0.15546875 0.91875 0.14296875 0.16171875
1 0.7859375 0.59140625 0.01328125 0.0171875
1 0.7703125 0.62890625 0.0140625 0.02109375
1 0.6203125 0.8953125 0.0140625 0.0234375
1 0.621875 0.3984375 0.009375 0.01796875
1 0.18828125 0.39453125 0.00859375 0.015625
1 0.96640625 0.40234375 0.01171875 0.01640625
1 0.04375 0.41875 0.009375 0.01640625
1 0.8203125 0.4265625 0.0109375 0.01796875
1 0.7375 0.5796875 0.01328125 0.02421875
1 0.4078125 0.44453125 0.01015625 0.0171875
1 0.2125 0.565625 0.01328125 0.0234375
1 0.89140625 0.575 0.0140625 0.021875
1 0.79375 0.6171875 0.01328125 0.01953125
1 0.41953125 0.640625 0.0140625 0.021875
1 0.359375 0.37890625 0.009375 0.015625
1 0.4796875 0.3546875 0.0078125 0.01484375
1 0.01640625 0.44921875 0.0109375 0.01796875
1 0.9390625 0.38359375 0.01015625 0.01640625
1 0.11015625 0.4 0.01015625 0.01640625
1 0.678125 0.39375 0.0078125 0.01640625
1 0.3984375 0.434375 0.01015625 0.01640625
1 0.06640625 0.41640625 0.01015625 0.0171875
1 0.91484375 0.490625 0.01171875 0.01953125
1 0.009375 0.3984375 0.009375 0.01640625
4 0.84375 0.834375 0.03828125 0.05859375
1 0.66796875 0.90546875 0.0109375 0.01015625
1 0.63125 0.34453125 0.00859375 0.01484375
1 0.6640625 0.4046875 0.009375 0.01640625
1 0.09921875 0.36875 0.009375 0.0171875
1 0.58515625 0.88046875 0.0109375 0.01953125
1 0.63359375 0.3171875 0.0078125 0.01328125
1 0.99296875 0.396875 0.009375 0.01484375
1 0.08046875 0.3953125 0.01015625 0.0125
1 0.696875 0.359375 0.01015625 0.0171875
1 0.603125 0.334375 0.0078125 0.01484375
1 0.85703125 0.634375 0.01484375 0.0234375
1 0.65078125 0.42265625 0.0109375 0.0171875
1 0.89765625 0.91875 0.01328125 0.0234375
1 0.75546875 0.61640625 0.0140625 0.0171875
1 0.30625 0.43203125 0.00859375 0.015625
1 0.490625 0.3171875 0.00703125 0.01328125
1 0.6171875 0.31796875 0.0078125 0.0125
1 0.13671875 0.3421875 0.009375 0.0140625
1 0.87734375 0.9 0.01328125 0.0234375
1 0.31875 0.8671875 0.00859375 0.01484375
1 0.08984375 0.4171875 0.01015625 0.01796875
1 0.36796875 0.303125 0.00625 0.01171875
1 0.65859375 0.8703125 0.01015625 0.0171875
1 0.18515625 0.30390625 0.009375 0.01171875
1 0.33125 0.865625 0.0078125 0.01328125
1 0.109375 0.34921875 0.009375 0.01328125
1 0.1671875 0.31875 0.0078125 0.0125
1 0.1875 0.6390625 0.01171875 0.0234375
1 0.91953125 0.3515625 0.01015625 0.015625
1 0.8171875 0.8453125 0.00625 0.01015625
1 0.96875 0.3828125 0.01015625 0.01640625
1 0.22890625 0.88203125 0.01015625 0.01640625
1 0.28828125 0.49453125 0.009375 0.0140625
1 0.30546875 0.415625 0.00859375 0.0140625
1 0.12734375 0.646875 0.0140625 0.01484375
1 0.92265625 0.915625 0.0140625 0.01953125
1 0.85546875 0.9921875 0.01875 0.01484375
1 0.62265625 0.3375 0.00859375 0.0125
1 0.73671875 0.62421875 0.01328125 0.02265625
1 0.83828125 0.86875 0.009375 0.01328125
1 0.84921875 0.884375 0.0109375 0.01796875
1 0.8859375 0.59296875 0.01328125 0.0125
1 0.26328125 0.921875 0.0109375 0.0234375
1 0.21953125 0.89765625 0.01328125 0.0203125
1 0.08203125 0.36875 0.01015625 0.01484375
1 0.45078125 0.3484375 0.009375 0.01484375
1 0.1703125 0.3046875 0.0078125 0.01171875
1 0.2734375 0.8453125 0.0078125 0.01171875
1 0.21015625 0.60703125 0.01171875 0.0140625
1 0.98515625 0.3796875 0.0109375 0.0125
0 0.87890625 0.80703125 0.0078125 0.01328125
1 0.79609375 0.8453125 0.0078125 0.0125
1 0.97265625 0.36484375 0.01171875 0.01484375
1 0.15 0.31796875 0.00859375 0.01328125
1 0.67890625 0.83359375 0.00546875 0.009375
1 0.90078125 0.34765625 0.0078125 0.01328125
1 0.07734375 0.41015625 0.01015625 0.01796875
1 0.425 0.33203125 0.009375 0.0125
1 0.93984375 0.3703125 0.01015625 0.01015625
1 0.66796875 0.8609375 0.01015625 0.0171875
1 0.296875 0.84609375 0.0078125 0.0109375
1 0.075 0.38125 0.01015625 0.01328125
1 0.15859375 0.31875 0.00859375 0.01328125
0 0.0671875 0.978125 0.0203125 0.03828125
1 0.003125 0.459375 0.00625 0.0140625
1 0.95078125 0.3546875 0.01015625 0.0140625
1 0.690625 0.5984375 0.0109375 0.01171875
1 0.15078125 0.64921875 0.0109375 0.01171875
1 0.04140625 0.396875 0.00703125 0.01328125
1 0.11640625 0.33984375 0.00703125 0.0125
1 0.34765625 0.296875 0.009375 0.01171875
1 0.9859375 0.36640625 0.01171875 0.01484375
1 0.940625 0.353125 0.0109375 0.015625
1 0.2140625 0.88046875 0.01015625 0.01640625
1 0.98125 0.3921875 0.01171875 0.0140625
1 0.2375 0.87734375 0.01015625 0.015625
1 0.07578125 0.94296875 0.015625 0.0265625
1 0.9296875 0.35078125 0.01015625 0.015625
1 0.99609375 0.36953125 0.00625 0.0125
1 0.21484375 0.8453125 0.00859375 0.0109375
1 0.1234375 0.5125 0.009375 0.0125
1 0.83046875 0.29921875 0.00859375 0.0125
1 0.6859375 0.6125 0.009375 0.01328125
1 0.290625 0.84765625 0.00703125 0.0140625