4 0.62890625 0.3484375 0.0640625 0.090625
2 0.76953125 0.21875 0.084375 0.05859375
1 0.28984375 0.49296875 0.0109375 0.0203125
4 0.79375 0.43984375 0.10625 0.1421875
1 0.10625 0.45390625 0.01015625 0.01796875
1 0.35390625 0.4796875 0.0109375 0.01875
1 0.5984375 0.40703125 0.00859375 0.015625
1 0.74296875 0.5671875 0.0140625 0.0234375
1 0.37734375 0.5796875 0.0140625 0.02421875
1 0.296875 0.44140625 0.009375 0.01796875
3 0.42890625 0.825 0.040625 0.04609375
1 0.11953125 0.44375 0.01015625 0.0171875
1 0.92890625 0.3390625 0.0078125 0.0140625
1 0.059375 0.42109375 0.009375 0.015625
1 0.84609375 0.915625 0.01484375 0.02578125
1 0.66328125 0.88046875 0.0109375 0.0203125
1 0.665625 0.55546875 0.01484375 0.02265625
1 0.62734375 0.46640625 0.01171875 0.01796875
1 0.55546875 0.33125 0.0078125 0.01328125
1 0.61953125 0.553125 0.01328125 0.021875
1 0.38671875 0.4921875 0.0109375 0.0203125
1 0.60625 0.5171875 0.01171875 0.01953125
1 0.865625 0.4453125 0.01015625 0.01875
1 0.0046875 0.4640625 0.00859375 0.01796875
2 0.246875 0.22734375 0.0890625 0.04453125
1 0.3453125 0.3921875 0.00859375 0.015625
3 0.66484375 0.29140625 0.05078125 0.053125
1 0.128125 0.64453125 0.0140625 0.0171875
1 0.9484375 0.915625 0.01328125 0.02578125
1 0.1640625 0.88125 0.01015625 0.0171875
1 0.05 0.92578125 0.015625 0.0296875
1 0.9859375 0.4078125 0.01171875 0.01796875
1 0.6171875 0.4890625 0.01171875 0.01875
1 0.1 0.4296875 0.009375 0.015625
1 0.371875 0.496875 0.01171875 0.0203125
1 0.76875 0.534375 0.01328125 0.02265625
1 0.3859375 0.4 0.00859375 0.015625
1 0.64375 0.421875 0.00859375 0.0125
1 0.140625 0.88046875 0.0109375 0.01796875
1 0.1765625 0.90625 0.0140625 0.02578125
1 0.653125 0.4390625 0.0125 0.02109375
1 0.64375 0.51796875 0.01015625 0.0171875
3 0.4609375 0.41484375 0.09375 0.0953125
1 0.06640625 0.38359375 0.01015625 0.0140625
1 0.6984375 0.4484375 0.01015625 0.01796875
1 0.815625 0.86484375 0.0078125 0.0140625
1 0.39296875 0.46875 0.0109375 0.01953125
1 0.578125 0.8546875 0.0109375 0.02109375
1 0.56484375 0.31953125 0.0078125 0.01171875
1 0.88828125 0.33671875 0.00703125 0.0109375
1 0.8140625 0.865625 0.00859375 0.009375
1 0.2953125 0.4921875 0.00859375 0.0171875
1 0.46640625 0.84375 0.00703125 0.0109375
1 0.6515625 0.55546875 0.0125 0.021875
1 0.22890625 0.8453125 0.00625 0.0109375
1 0.08125 0.87578125 0.00859375 0.0171875
1 0.72734375 0.4578125 0.0125 0.01796875
1 0.68125 0.44921875 0.01015625 0.01953125
1 0.684375 0.3921875 0.00859375 0.01484375
1 0.82109375 0.84296875 0.00625 0.0109375
1 0.62109375 0.4359375 0.009375 0.0171875
1 0.11015625 0.32890625 0.00703125 0.0125
1 0.290625 0.890625 0.0140625 0.02421875
1 0.440625 0.54296875 0.01171875 0.02109375
1 0.11171875 0.4203125 0.009375 0.0140625
1 0.584375 0.45859375 0.0109375 0.015625
1 0.065625 0.96640625 0.0203125 0.04140625
1 0.90234375 0.359375 0.00859375 0.01484375
1 0.4046875 0.45234375 0.01015625 0.0140625
1 0.88125 0.84921875 0.00625 0.0109375
3 0.4328125 0.3625 0.06953125 0.0765625
1 0.3234375 0.8640625 0.0078125 0.0140625
1 0.590625 0.44453125 0.009375 0.01328125
1 0.22578125 0.88203125 0.0109375 0.021875
1 0.54609375 0.8890625 0.0125 0.0234375
1 0.60859375 0.84921875 0.01328125 0.0171875
1 0.89609375 0.35546875 0.00703125 0.01328125
1 0.61015625 0.43828125 0.00859375 0.01796875
1 0.8984375 0.9140625 0.0140625 0.025
1 0.71640625 0.4609375 0.01015625 0.015625
4 0.5578125 0.8078125 0.07421875 0.07890625
1 0.075 0.38203125 0.009375 0.0125
1 0.0828125 0.35625 0.0078125 0.0125
1 0.65390625 0.5171875 0.01171875 0.01796875
1 0.7515625 0.53125 0.0125 0.02109375
1 0.77734375 0.51171875 0.01171875 0.015625
1 0.4859375 0.30859375 0.00546875 0.0125
1 0.6734375 0.47109375 0.0109375 0.01796875
1 0.68125 0.54765625 0.01484375 0.0203125
1 0.90390625 0.30390625 0.0078125 0.0125
1 0.4796875 0.3578125 0.01328125 0.0171875
1 0.2859375 0.88828125 0.015625 0.02421875
1 0.5796875 0.884375 0.0125 0.02109375
1 0.3265625 0.38515625 0.01015625 0.0140625
1 0.8765625 0.31953125 0.01015625 0.0125
1 0.4640625 0.52109375 0.00859375 0.0140625
1 0.9390625 0.37578125 0.009375 0.01484375
1 0.640625 0.45859375 0.01015625 0.01640625
1 0.07421875 0.396875 0.0109375 0.01484375
1 0.74140625 0.84140625 0.0046875 0.00703125
1 0.11640625 0.86796875 0.0078125 0.01484375
1 0.1515625 0.9203125 0.01484375 0.02890625