2 0.7328125 0.19140625 0.1203125 0.06875
3 0.83828125 0.3078125 0.1140625 0.10625
1 0.70546875 0.47890625 0.040625 0.028125
1 0.67734375 0.578125 0.0421875 0.0296875
1 0.71875 0.51875 0.0390625 0.028125
4 0.4421875 0.84375 0.08125 0.0796875
1 0.37734375 0.5 0.0390625 0.028125
0 0.20078125 0.21015625 0.0390625 0.0265625
4 0.27578125 0.453125 0.115625 0.1046875
1 0.3890625 0.3296875 0.0359375 0.021875
0 0.80390625 0.12421875 0.0375 0.0234375
0 0.0953125 0.18203125 0.0421875 0.0296875
3 0.96875 0.40390625 0.0625 0.1046875
1 0.23125 0.90078125 0.0359375 0.0203125
3 0.253125 0.87109375 0.090625 0.06875
1 0.63125 0.5875 0.040625 0.03125
1 0.0953125 0.5734375 0.040625 0.028125
1 0.11171875 0.36015625 0.0359375 0.021875
1 0.20234375 0.98828125 0.0484375 0.0234375
1 0.6515625 0.39765625 0.0375 0.025
2 0.2171875 0.23671875 0.1171875 0.071875
1 0.61328125 0.35859375 0.0359375 0.0234375
1 0.52578125 0.3703125 0.0359375 0.0234375
0 0.81953125 0.1703125 0.0359375 0.021875
0 0.81640625 0.11796875 0.0390625 0.0234375
1 0.64296875 0.3609375 0.0375 0.021875
1 0.72109375 0.49140625 0.0390625 0.0234375
0 0.05703125 0.27734375 0.040625 0.028125
4 0.05859375 0.3640625 0.109375 0.1015625
1 0.1328125 0.4734375 0.0390625 0.025
1 0.89140625 0.32734375 0.0359375 0.0203125
1 0.42890625 0.90703125 0.0390625 0.021875
1 0.728125 0.51328125 0.0390625 0.0265625
1 0.6859375 0.878125 0.0390625 0.0234375
1 0.68359375 0.38984375 0.0375 0.021875
0 0.0734375 0.18828125 0.0421875 0.0328125
0 0.8171875 0.090625 0.0390625 0.025
1 0.490625 0.89921875 0.040625 0.0265625
1 0.06015625 0.45703125 0.0375 0.0234375
1 0.91796875 0.36484375 0.0375 0.0234375
0 0.17109375 0.1578125 0.0390625 0.028125
1 0.6265625 0.27265625 0.0359375 0.0203125
0 0.15234375 0.146875 0.0390625 0.028125
1 0.90546875 0.31484375 0.0375 0.0203125
1 0.12578125 0.9578125 0.0421875 0.03125
1 0.1546875 0.375 0.0375 0.021875
1 0.07578125 0.41875 0.0390625 0.025
0 0.76171875 0.7984375 0.040625 0.03125
1 0.17890625 0.3921875 0.0375 0.021875
1 0.36484375 0.2859375 0.0359375 0.0203125
1 0.66015625 0.38046875 0.0375 0.021875
0 0.8203125 0.2 0.0375 0.0234375
0 0.8375 0.20859375 0.0375 0.0234375
1 0.6875 0.52734375 0.0390625 0.028125
0 0.75703125 0.77578125 0.0375 0.0234375
1 0.31953125 0.378125 0.0375 0.021875
1 0.16875 0.41015625 0.0375 0.0234375
1 0.05390625 0.478125 0.040625 0.0265625
1 0.321875 0.346875 0.0359375 0.021875
1 0.7203125 0.47421875 0.0390625 0.0234375
0 0.07109375 0.2453125 0.040625 0.025
0 0.06484375 0.225 0.040625 0.0265625
1 0.35 0.3765625 0.0375 0.021875
1 0.94140625 0.36875 0.0390625 0.0234375
1 0.24765625 0.8984375 0.0359375 0.0203125
0 0.8046875 0.15078125 0.0375 0.025
0 0.82578125 0.13984375 0.0375 0.0234375
1 0.33828125 0.3828125 0.0375 0.021875
1 0.95703125 0.3359375 0.0375 0.0203125
1 0.146875 0.45625 0.0375 0.0203125
0 0.78671875 0.09453125 0.0421875 0.025
0 0.2265625 0.209375 0.0390625 0.0234375
1 0.93828125 0.31015625 0.0375 0.0203125
1 0.565625 0.8828125 0.034375 0.01875
0 0.0765625 0.21015625 0.0390625 0.0234375
1 0.93828125 0.34921875 0.0375 0.021875
1 0.6484375 0.3203125 0.0359375 0.021875
1 0.0609375 0.4109375 0.0375 0.021875
1 0.6296875 0.33828125 0.0375 0.021875
1 0.64375 0.63515625 0.040625 0.0234375
1 0.665625 0.609375 0.0375 0.0171875
1 0.14296875 0.31640625 0.0359375 0.01875
0 0.73125 0.6890625 0.0375 0.025
1 0.159375 0.40859375 0.0375 0.025
1 0.1390625 0.3578125 0.0359375 0.0203125
0 0.7375 0.7171875 0.0375 0.025
1 0.75390625 0.61640625 0.0390625 0.021875
0 0.74375 0.73515625 0.0375 0.025
1 0.21953125 0.93046875 0.040625 0.0296875
1 0.96796875 0.33515625 0.0390625 0.021875
1 0.19296875 0.43984375 0.0390625 0.021875
1 0.2734375 0.9015625 0.0390625 0.0234375
1 0.52421875 0.26875 0.0359375 0.0203125
1 0.15390625 0.33828125 0.0359375 0.0203125
1 0.29609375 0.88828125 0.0390625 0.021875
4 0.1203125 0.88203125 0.090625 0.1015625
1 0.321875 0.909375 0.0375 0.025
1 0.1734375 0.371875 0.0359375 0.021875
1 0.32109375 0.32734375 0.0390625 0.0265625
1 0.1140625 0.29921875 0.0359375 0.01875
1 0.0578125 0.43671875 0.0375 0.0203125
1 0.68203125 0.3609375 0.0375 0.0234375
1 0.15546875 0.303125 0.0359375 0.01875
1 0.81875 0.2546875 0.0359375 0.0203125
1 0.1453125 0.33359375 0.0359375 0.0203125
1 0.1484375 0.471875 0.0390625 0.025
1 0.6453125 0.3078125 0.034375 0.0171875
4 0.05234375 0.54375 0.1046875 0.115625
0 0.81796875 0.06953125 0.0375 0.025
1 0.37734375 0.8359375 0.0421875 0.03125
0 0.2109375 0.203125 0.0375 0.0234375
1 0.103125 0.92265625 0.0375 0.021875
1 0.4453125 0.2625 0.0359375 0.0203125
0 0.0984375 0.1515625 0.040625 0.0296875
1 0.3296875 0.3609375 0.0375 0.021875
1 0.0640625 0.640625 0.0359375 0.025
1 0.96640625 0.959375 0.046875 0.025
1 0.19140625 0.92734375 0.0390625 0.025
1 0.30859375 0.3875 0.0390625 0.0265625
1 0.33671875 0.3484375 0.0375 0.0203125
1 0.6515625 0.34296875 0.0390625 0.021875
1 0.565625 0.25234375 0.034375 0.01875
1 0.08359375 0.971875 0.040625 0.0265625
1 0.04765625 0.42421875 0.040625 0.0265625
1 0.9515625 0.36796875 0.0375 0.0234375
1 0.1265625 0.540625 0.0375 0.0234375
1 0.10546875 0.96171875 0.040625 0.028125
0 0.1140625 0.14140625 0.040625 0.0265625
1 0.66875 0.340625 0.0375 0.0234375
1 0.096875 0.3015625 0.0375 0.01875
1 0.659375 0.359375 0.0375 0.021875
1 0.55390625 0.25390625 0.034375 0.01875
1 0.0265625 0.4109375 0.0421875 0.03125
1 0.66796875 0.62265625 0.0390625 0.01875
1 0.9140625 0.93046875 0.04375 0.025
0 0.8578125 0.80546875 0.0515625 0.040625
1 0.15703125 0.29375 0.034375 0.0171875
1 0.88671875 0.28984375 0.0375 0.021875
1 0.2609375 0.89453125 0.0359375 0.0203125
1 0.84765625 0.24296875 0.0375 0.01875
1 0.09765625 0.94296875 0.0390625 0.0234375
1 0.66875 0.36953125 0.0375 0.0203125
1 0.98359375 0.33203125 0.0328125 0.0203125
1 0.20234375 0.87890625 0.034375 0.0171875
1 0.190625 0.421875 0.0359375 0.0171875
1 0.67109375 0.3859375 0.0359375 0.021875
1 0.1828125 0.9171875 0.0359375 0.021875
1 0.0625 0.99375 0.04375 0.0125
1 0.8765625 0.25390625 0.0359375 0.01875
1 0.96484375 0.3609375 0.0375 0.0203125
0 0.359375 0.72109375 0.034375 0.01875
1 0.9171875 0.909375 0.040625 0.0265625
1 0.8015625 0.2984375 0.0375 0.0203125
1 0.19140625 0.90234375 0.0375 0.0203125
0 0.78203125 0.03671875 0.0390625 0.025
1 0.53359375 0.25390625 0.0375 0.01875
1 0.30703125 0.275 0.034375 0.0171875
1 0.9296875 0.90390625 0.0421875 0.028125
1 0.8953125 0.88046875 0.0359375 0.01875
1 0.29375 0.6609375 0.0375 0.01875
1 0.87109375 0.24453125 0.0359375 0.0171875
1 0.48046875 0.8421875 0.03125 0.015625
1 0.896875 0.90625 0.0390625 0.0265625
1 0.98125 0.93828125 0.0375 0.0265625
1 0.17578125 0.8984375 0.034375 0.0171875
0 0.74453125 0.10625 0.0375 0.021875
1 0.16015625 0.9046875 0.0328125 0.0171875
0 0.771875 0.03515625 0.0359375 0.0265625
1 0.953125 0.90234375 0.04375 0.0296875
1 0.83984375 0.25703125 0.034375 0.01875
1 0.659375 0.24765625 0.034375 0.0171875