4 0.3703125 0.4078125 0.0890625 0.1078125
4 0.8453125 0.85859375 0.1359375 0.1265625
4 0.9703125 0.3984375 0.059375 0.09375
3 0.11875 0.35546875 0.0921875 0.090625
4 0.275 0.84296875 0.090625 0.0671875
1 0.85390625 0.40625 0.0328125 0.0171875
4 0.4453125 0.8296875 0.075 0.0546875
1 0.04609375 0.43984375 0.0328125 0.0171875
1 0.19375 0.44296875 0.03125 0.0171875
1 0.221875 0.57734375 0.034375 0.021875
1 0.6453125 0.37734375 0.03125 0.0171875
1 0.46953125 0.48359375 0.0328125 0.0203125
1 0.3296875 0.484375 0.0328125 0.01875
1 0.6484375 0.48984375 0.034375 0.0203125
1 0.08515625 0.5328125 0.0328125 0.0203125
1 0.0765625 0.4453125 0.03125 0.015625
1 0.609375 0.4234375 0.0328125 0.01875
0 0.23203125 0.19765625 0.03125 0.015625
1 0.0828125 0.5078125 0.0328125 0.0203125
0 0.76015625 0.16015625 0.0328125 0.01875
1 0.6109375 0.5296875 0.034375 0.021875
1 0.921875 0.409375 0.034375 0.01875
1 0.8953125 0.91171875 0.0390625 0.028125
1 0.6859375 0.51640625 0.034375 0.021875
1 0.25859375 0.53125 0.034375 0.021875
1 0.72421875 0.43671875 0.0328125 0.0171875
1 0.54375 0.434375 0.0328125 0.01875
1 0.453125 0.3828125 0.03125 0.015625
1 0.565625 0.44453125 0.0328125 0.01875
1 0.68046875 0.38828125 0.03125 0.015625
1 0.9328125 0.3890625 0.0328125 0.0171875
1 0.0640625 0.4625 0.0328125 0.01875
2 0.75859375 0.2109375 0.1125 0.0609375
3 0.165625 0.853125 0.0953125 0.065625
1 0.65234375 0.40234375 0.03125 0.0171875
1 0.23828125 0.9015625 0.034375 0.021875
0 0.83359375 0.00546875 0.0359375 0.0109375
1 0.25703125 0.9578125 0.0421875 0.0359375
1 0.71796875 0.86640625 0.0328125 0.01875
1 0.346875 0.86484375 0.0328125 0.01875
1 0.8765625 0.3640625 0.03125 0.015625
1 0.4671875 0.39765625 0.03125 0.0171875
1 0.24765625 0.503125 0.0328125 0.01875
1 0.8890625 0.41328125 0.0328125 0.0171875
0 0.98203125 0.2078125 0.0359375 0.021875
1 0.621875 0.38125 0.03125 0.015625
1 0.25078125 0.58359375 0.0359375 0.0234375
1 0.48671875 0.51875 0.0296875 0.0171875
1 0.35546875 0.9015625 0.0375 0.025
1 0.09296875 0.5609375 0.0328125 0.0203125
1 0.05546875 0.3953125 0.03125 0.0140625
1 0.43203125 0.41328125 0.0328125 0.0171875
0 0.815625 0.7609375 0.0375 0.028125
1 0.9859375 0.44609375 0.028125 0.0171875
1 0.6359375 0.51171875 0.034375 0.0203125
1 0.221875 0.9796875 0.04375 0.0390625
1 0.140625 0.94140625 0.0390625 0.0296875
1 0.5875 0.35234375 0.03125 0.015625
1 0.77890625 0.875 0.0328125 0.0203125
1 0.28359375 0.484375 0.0328125 0.01875
1 0.56484375 0.4234375 0.0328125 0.01875
1 0.384375 0.8578125 0.0328125 0.0171875
1 0.0140625 0.446875 0.028125 0.015625
1 0.22109375 0.89765625 0.034375 0.021875
1 0.6234375 0.56796875 0.0359375 0.021875
1 0.65390625 0.34140625 0.0328125 0.01875
1 0.6703125 0.51640625 0.0359375 0.0203125
1 0.28984375 0.46484375 0.0328125 0.0171875
1 0.60390625 0.35625 0.03125 0.015625
1 0.9046875 0.3734375 0.03125 0.0171875
1 0.51171875 0.41953125 0.03125 0.015625
1 0.4609375 0.9 0.034375 0.01875
1 0.88359375 0.334375 0.03125 0.015625
1 0.1375 0.9 0.0328125 0.0203125
1 0.6 0.4859375 0.0328125 0.0203125
1 0.7671875 0.90078125 0.0375 0.0265625
1 0.15 0.44765625 0.0328125 0.0171875
1 0.1140625 0.915625 0.0359375 0.0234375
1 0.91484375 0.3609375 0.03125 0.015625
0 0.74609375 0.215625 0.03125 0.015625
0 0.9765625 0.1359375 0.0375 0.0234375
1 0.65234375 0.5453125 0.034375 0.0203125
1 0.7375 0.87265625 0.0328125 0.01875
1 0.5453125 0.47578125 0.034375 0.01875
0 0.953125 0.10625 0.0359375 0.0203125
0 0.2765625 0.23125 0.0328125 0.0171875
1 0.18203125 0.33828125 0.03125 0.0140625
1 0.459375 0.4109375 0.03125 0.015625
1 0.6296875 0.36796875 0.0328125 0.0140625
0 0.8375 0.1109375 0.034375 0.0203125
1 0.3828125 0.890625 0.034375 0.021875
1 0.83984375 0.30546875 0.0296875 0.0140625
1 0.490625 0.31953125 0.0296875 0.0140625
1 0.4984375 0.42109375 0.03125 0.0171875
1 0.2328125 0.5140625 0.0328125 0.015625
1 0.646875 0.3015625 0.028125 0.0125
1 0.859375 0.3265625 0.03125 0.0140625
0 0.25 0.21796875 0.028125 0.0140625
1 0.3328125 0.415625 0.03125 0.0140625
1 0.31640625 0.3265625 0.03125 0.015625
1 0.5359375 0.4609375 0.03125 0.0109375
0 0.87109375 0.00546875 0.0359375 0.0109375
1 0.35234375 0.6453125 0.0375 0.0234375
1 0.653125 0.525 0.0359375 0.0171875
1 0.409375 0.9015625 0.040625 0.0234375
1 0.32109375 0.4078125 0.03125 0.0171875
1 0.54765625 0.321875 0.0296875 0.0140625
1 0.74609375 0.83515625 0.0296875 0.0125
1 0.525 0.40703125 0.0328125 0.0171875
1 0.275 0.4671875 0.03125 0.015625
1 0.42734375 0.4359375 0.0296875 0.0125
1 0.71171875 0.41953125 0.0328125 0.0171875
0 0.98046875 0.26328125 0.034375 0.0171875
0 0.96796875 0.20546875 0.034375 0.01875
1 0.6375 0.55390625 0.0359375 0.021875
1 0.5859375 0.30546875 0.03125 0.015625
1 0.640625 0.31328125 0.0296875 0.0140625
1 0.178125 0.315625 0.0296875 0.0125
1 0.321875 0.8703125 0.0328125 0.0171875
1 0.50703125 0.31875 0.0296875 0.0125
1 0.8484375 0.30859375 0.03125 0.0140625
1 0.62421875 0.59140625 0.0328125 0.015625
1 0.60390625 0.55546875 0.0328125 0.0171875
2 0.2375 0.23515625 0.115625 0.05
1 0.5359375 0.31953125 0.03125 0.015625
1 0.5515625 0.83984375 0.0296875 0.0140625
1 0.52265625 0.33984375 0.03125 0.0140625
1 0.9125 0.31015625 0.03125 0.0140625
1 0.29921875 0.453125 0.0328125 0.021875
1 0.27421875 0.875 0.0328125 0.0140625
1 0.09921875 0.90078125 0.0328125 0.0203125
1 0.084375 0.93828125 0.0359375 0.0265625
1 0.0359375 0.40703125 0.0328125 0.0140625
1 0.38515625 0.34921875 0.0296875 0.0125
1 0.19765625 0.65703125 0.0296875 0.0140625
0 0.1125 0.18828125 0.0328125 0.01875
1 0.16953125 0.8953125 0.028125 0.0140625
1 0.32734375 0.37109375 0.0296875 0.0140625
0 0.76171875 0.234375 0.0296875 0.0125
1 0.41171875 0.34765625 0.0296875 0.0140625
1 0.6171875 0.315625 0.0328125 0.0125
3 0.98046875 0.54609375 0.0390625 0.0734375
1 0.60703125 0.2984375 0.0296875 0.0125
1 0.58046875 0.7890625 0.0296875 0.0125
1 0.4125 0.3625 0.0296875 0.0125
1 0.79140625 0.9828125 0.0421875 0.0140625
1 0.11640625 0.89609375 0.0328125 0.0171875
1 0.32734375 0.39921875 0.0296875 0.0109375
1 0.2953125 0.32578125 0.0296875 0.0140625
0 0.1265625 0.10703125 0.034375 0.0203125
0 0.746875 0.2015625 0.03125 0.0109375
1 0.86484375 0.325 0.0296875 0.015625
1 0.17265625 0.3671875 0.0328125 0.015625
1 0.778125 0.83203125 0.028125 0.0109375
1 0.6890625 0.82578125 0.028125 0.0109375
1 0.37421875 0.34609375 0.0296875 0.0125
0 0.29140625 0.71875 0.03125 0.0171875
1 0.625 0.31328125 0.0296875 0.0125
1 0.5734375 0.98671875 0.040625 0.0203125
1 0.58359375 0.84296875 0.03125 0.0125
1 0.4265625 0.45 0.03125 0.0140625
1 0.33671875 0.3625 0.03125 0.0140625
1 0.3609375 0.34296875 0.0296875 0.0125
1 0.35390625 0.35234375 0.03125 0.0109375
1 0.30234375 0.65625 0.03125 0.009375
1 0.91640625 0.978125 0.034375 0.0140625
1 0.6515625 0.984375 0.04375 0.0203125
1 0.32578125 0.3546875 0.0296875 0.0109375
1 0.5640625 0.29609375 0.0296875 0.0140625
0 0.83046875 0.05 0.034375 0.0203125
1 0.55234375 0.29921875 0.0328125 0.0140625
1 0.578125 0.84765625 0.028125 0.009375
1 0.20625 0.59921875 0.0328125 0.0125
1 0.31328125 0.8640625 0.0296875 0.0171875
1 0.50390625 0.29921875 0.0328125 0.0125
1 0.38125 0.87734375 0.03125 0.0109375
1 0.334375 0.3515625 0.0296875 0.0109375
1 0.46484375 0.8546875 0.03125 0.009375
1 0.15 0.3359375 0.028125 0.0109375
0 0.2484375 0.19140625 0.0328125 0.015625
1 0.0234375 0.40703125 0.03125 0.015625
1 0.9921875 0.6265625 0.015625 0.021875
0 0.7296875 0.1625 0.03125 0.0203125
1 0.296875 0.86484375 0.03125 0.0171875
1 0.44296875 0.85390625 0.0296875 0.0109375
0 0.13671875 0.04453125 0.0328125 0.01875
1 0.6203125 0.29921875 0.0296875 0.0125
1 0.984375 0.94296875 0.03125 0.0234375
1 0.15859375 0.3265625 0.0296875 0.0109375
0 0.91875 0.009375 0.034375 0.01875
1 0.4625 0.296875 0.0296875 0.0125
1 0.3125 0.64765625 0.034375 0.021875
1 0.22890625 0.6515625 0.0359375 0.01875
1 0.48203125 0.29765625 0.03125 0.015625
1 0.4046875 0.37734375 0.03125 0.0109375
0 0.40546875 0.74921875 0.0328125 0.0203125
0 0.85625 0.003125 0.040625 0.00625
4 0.18125 0.378125 0.05625 0.0640625
1 0.5234375 0.30078125 0.03125 0.0125
1 0.184375 0.31796875 0.0296875 0.015625
1 0.415625 0.31875 0.028125 0.0109375
1 0.553125 0.8171875 0.028125 0.0109375
1 0.84609375 0.29375 0.0296875 0.0109375
1 0.115625 0.31015625 0.0296875 0.015625
0 0.9032634546875 0.041075809375 0.9204795859375 0.0380543359375 0.9276361546875 0.031005060937500002 0.9147940046875 0.0172882234375 0.8921201328125001 0.024555621875 0.8910233890624999 0.0342991859375 0.9032634546875 0.041075809375
0 0.9084536125 0.0239830515625 0.9074196453125 0.033726615625 0.9171304484375 0.0405305046875 0.9354168093749999 0.040257853125 0.9455939578124999 0.030377959375000003 0.9446857640624999 0.0192736171875 0.9314312140625001 0.013912304687499998 0.9084536125 0.0239830515625