4 0.6546875 0.38671875 0.11875 0.0921875
2 0.79296875 0.24453125 0.1234375 0.059375
1 0.1265625 0.5453125 0.0453125 0.0171875
1 0.3265625 0.45234375 0.0421875 0.0140625
1 0.621875 0.4453125 0.040625 0.0125
3 0.753125 0.853125 0.0984375 0.0578125
3 0.196875 0.85859375 0.184375 0.1546875
1 0.15546875 0.39453125 0.040625 0.0125
1 0.7734375 0.9296875 0.0453125 0.0203125
1 0.68984375 0.4359375 0.040625 0.0125
1 0.74296875 0.95625 0.05 0.0265625
1 0.55078125 0.42421875 0.040625 0.0109375
1 0.44296875 0.4015625 0.040625 0.0125
1 0.315625 0.3875 0.040625 0.0109375
1 0.08828125 0.38203125 0.040625 0.009375
2 0.27421875 0.20546875 0.125 0.0515625
1 0.61015625 0.87890625 0.040625 0.0125
1 0.9265625 0.415625 0.040625 0.009375
1 0.128125 0.36484375 0.0390625 0.0109375
1 0.53984375 0.9015625 0.0453125 0.015625
1 0.0125 0.525 0.025 0.015625
1 0.36328125 0.8671875 0.040625 0.0125
1 0.36875 0.37265625 0.040625 0.009375
1 0.06796875 0.3984375 0.040625 0.0125
3 0.03671875 0.41015625 0.0734375 0.0859375
1 0.090625 0.42109375 0.0421875 0.0125
1 0.13359375 0.3390625 0.040625 0.009375
1 0.0890625 0.84609375 0.040625 0.0125
1 0.56015625 0.46015625 0.040625 0.0125
1 0.54609375 0.390625 0.0390625 0.0109375
1 0.078125 0.39296875 0.040625 0.009375
1 0.45390625 0.4734375 0.0421875 0.0140625
1 0.3875 0.33203125 0.0390625 0.0078125
1 0.98046875 0.4484375 0.0390625 0.0125
1 0.7171875 0.4421875 0.040625 0.0125
1 0.46171875 0.42265625 0.040625 0.0109375
1 0.81875 0.95078125 0.046875 0.0203125
1 0.35859375 0.39453125 0.040625 0.009375
1 0.98984375 0.48984375 0.0203125 0.0109375
1 0.42734375 0.884375 0.0421875 0.01875
1 0.4796875 0.3921875 0.0390625 0.0078125
1 0.490625 0.365625 0.0390625 0.009375
1 0.40078125 0.8796875 0.0421875 0.015625
0 0.284375 0.1703125 0.040625 0.0125
1 0.178125 0.28984375 0.0390625 0.00625
1 0.50390625 0.8875 0.0421875 0.0171875
1 0.34453125 0.87734375 0.04375 0.015625
0 0.21015625 0.74765625 0.046875 0.025
1 0.98671875 0.4234375 0.0265625 0.009375
0 0.05234375 0.23046875 0.0453125 0.0140625
1 0.97734375 0.4203125 0.040625 0.009375
1 0.32109375 0.35625 0.040625 0.0109375
1 0.80625 0.9296875 0.0453125 0.015625
1 0.12421875 0.45625 0.0375 0.0109375
1 0.9859375 0.45390625 0.028125 0.0140625
1 0.49921875 0.38828125 0.0390625 0.009375
1 0.3859375 0.359375 0.040625 0.0078125
1 0.4859375 0.31328125 0.0375 0.0078125
1 0.134375 0.38984375 0.040625 0.0109375
0 0.31796875 0.171875 0.040625 0.0109375
1 0.34375 0.34609375 0.040625 0.009375
0 0.2125 0.07890625 0.0421875 0.0125
0 0.22421875 0.15 0.040625 0.0109375
1 0.8421875 0.93046875 0.04375 0.015625
0 0.0578125 0.1984375 0.04375 0.0109375
1 0.2890625 0.84765625 0.04375 0.0171875
1 0.16796875 0.36875 0.0390625 0.009375
1 0.5171875 0.37109375 0.0390625 0.009375
0 0.16015625 0.01953125 0.04375 0.015625
0 0.24296875 0.74765625 0.0484375 0.0296875
1 0.11484375 0.3421875 0.040625 0.0078125
1 0.4671875 0.35390625 0.0390625 0.0078125
1 0.3625 0.2875 0.0375 0.00625
1 0.17421875 0.378125 0.0390625 0.009375
1 0.88515625 0.3734375 0.0390625 0.0078125
1 0.85859375 0.35390625 0.0390625 0.0078125
1 0.20703125 0.28828125 0.0359375 0.00625
1 0.66640625 0.5171875 0.040625 0.0125
1 0.39453125 0.36953125 0.0375 0.00625
0 0.14375 0.00625 0.0484375 0.00625
1 0.70703125 0.4328125 0.040625 0.0109375
1 0.95859375 0.3921875 0.040625 0.009375
1 0.70703125 0.871875 0.0390625 0.0078125
0 0.29140625 0.21328125 0.0390625 0.009375
1 0.675 0.52578125 0.0421875 0.0140625
1 0.14609375 0.3125 0.0390625 0.0078125
1 0.959375 0.41796875 0.0390625 0.009375
1 0.36015625 0.359375 0.040625 0.009375
0 0.3265625 0.19296875 0.0390625 0.009375
1 0.26328125 0.6265625 0.0421875 0.0109375
0 0.07890625 0.14765625 0.0453125 0.01875
1 0.0671875 0.353125 0.0390625 0.0078125
1 0.66484375 0.33515625 0.0390625 0.00625
1 0.70546875 0.409375 0.0421875 0.0109375
1 0.10703125 0.36015625 0.0421875 0.0109375
0 0.259375 0.125 0.040625 0.0125
4 0.43359375 0.334375 0.0921875 0.08125
1 0.40078125 0.325 0.0390625 0.00625
1 0.16015625 0.30234375 0.0390625 0.00625
1 0.65859375 0.3125 0.0375 0.00625
1 0.9078125 0.38125 0.0390625 0.0078125
1 0.459375 0.37109375 0.040625 0.009375
1 0.33125 0.3 0.040625 0.0109375
1 0.27109375 0.82109375 0.040625 0.009375
1 0.928125 0.378125 0.040625 0.009375
1 0.878125 0.35078125 0.0390625 0.009375
1 0.47890625 0.3796875 0.0390625 0.0046875
1 0.7078125 0.39375 0.0390625 0.00625
1 0.13671875 0.30859375 0.0390625 0.0078125
1 0.128125 0.30703125 0.040625 0.009375
1 0.8046875 0.8984375 0.040625 0.009375
1 0.8484375 0.35078125 0.0390625 0.0078125
0 0.05546875 0.21640625 0.04375 0.009375
1 0.69609375 0.8640625 0.0375 0.00625
1 0.08515625 0.33984375 0.040625 0.0078125
0 0.0375 0.29609375 0.0453125 0.015625
1 0.871875 0.31484375 0.0375 0.00625
1 0.84765625 0.9046875 0.040625 0.009375
1 0.77890625 0.871875 0.04375 0.0140625
0 0.1953125 0.03359375 0.0421875 0.0125
1 0.37265625 0.35390625 0.0390625 0.0078125
0 0.7125 0.796875 0.0390625 0.0078125
1 0.41015625 0.3859375 0.040625 0.0046875
1 0.884375 0.96171875 0.0453125 0.0171875
1 0.5078125 0.2984375 0.0390625 0.0078125
1 0.9484375 0.384375 0.040625 0.009375
0 0.23203125 0.06640625 0.0390625 0.0109375
1 0.4296875 0.846875 0.040625 0.0046875
1 0.14296875 0.390625 0.0390625 0.009375
1 0.50546875 0.84296875 0.0390625 0.0078125
1 0.88828125 0.34140625 0.0390625 0.00625
1 0.86171875 0.33125 0.040625 0.0078125
1 0.60703125 0.30546875 0.040625 0.0078125
1 0.82421875 0.92421875 0.04375 0.009375
1 0.159375 0.27578125 0.0390625 0.00625
1 0.890625 0.3578125 0.040625 0.0078125
1 0.815625 0.9125 0.040625 0.009375
1 0.096875 0.0734375 0.040625 0.00625
1 0.903125 0.96875 0.046875 0.0171875
1 0.08671875 0.83046875 0.040625 0.0109375
1 0.8734375 0.93515625 0.0421875 0.0140625
1 0.6546875 0.41796875 0.0421875 0.0140625
1 0.9828125 0.39375 0.034375 0.00625
1 0.81640625 0.45859375 0.0375 0.0078125
1 0.7921875 0.86875 0.040625 0.0078125
1 0.275 0.77734375 0.0421875 0.0125
1 0.06484375 0.3421875 0.0390625 0.0078125
1 0.85546875 0.921875 0.0421875 0.0125
1 0.38828125 0.8375 0.0375 0.00625
1 0.1453125 0.28671875 0.040625 0.00625
1 0.10234375 0.8125 0.040625 0.0078125
1 0.0765625 0.8234375 0.040625 0.009375
1 0.21484375 0.965625 0.0546875 0.015625
1 0.1390625 0.840625 0.0421875 0.0109375
1 0.4046875 0.3625 0.0375 0.0078125
1 0.896875 0.321875 0.0375 0.0046875
1 0.8171875 0.8859375 0.040625 0.009375
1 0.85234375 0.3296875 0.0421875 0.009375
1 0.8578125 0.9046875 0.040625 0.00625
1 0.803125 0.87578125 0.0390625 0.0078125
1 0.8953125 0.375 0.0421875 0.009375
1 0.4375 0.82578125 0.0375 0.0046875
0 0.025 0.36328125 0.040625 0.0078125
1 0.0921875 0.3640625 0.0390625 0.00625
1 0.13203125 0.809375 0.0375 0.003125
1 0.06796875 0.82734375 0.0390625 0.009375
1 0.85234375 0.8875 0.040625 0.0078125
1 0.903125 0.94453125 0.0421875 0.0109375
1 0.915625 0.3765625 0.0421875 0.0109375