2 0.76328125 0.21640625 0.08828125 0.06171875
3 0.5203125 0.296875 0.0609375 0.07421875
2 0.24609375 0.209375 0.08984375 0.05390625
1 0.22109375 0.59296875 0.0140625 0.0234375
1 0.92109375 0.4640625 0.0109375 0.01640625
1 0.62109375 0.44375 0.01015625 0.01796875
1 0.15078125 0.4046875 0.01015625 0.0171875
1 0.75625 0.56484375 0.01328125 0.021875
1 0.43515625 0.55546875 0.01171875 0.02109375
1 0.709375 0.49375 0.0109375 0.01796875
1 0.45859375 0.4515625 0.009375 0.01484375
1 0.246875 0.515625 0.0109375 0.0203125
1 0.89140625 0.4625 0.0109375 0.01796875
4 0.45703125 0.396875 0.08203125 0.1015625
1 0.63046875 0.50625 0.01171875 0.02109375
1 0.27890625 0.60859375 0.0125 0.02109375
1 0.41796875 0.54375 0.0125 0.021875
1 0.46796875 0.48125 0.009375 0.01796875
3 0.55859375 0.403125 0.0828125 0.09921875
1 0.5359375 0.48359375 0.0109375 0.01875
1 0.33671875 0.51171875 0.01171875 0.01953125
1 0.32109375 0.534375 0.0125 0.0203125
1 0.29765625 0.56171875 0.01328125 0.02109375
1 0.6828125 0.59453125 0.01328125 0.02265625
1 0.3203125 0.9015625 0.0109375 0.01640625
1 0.59765625 0.46953125 0.01015625 0.01875
1 0.33203125 0.44609375 0.0109375 0.01640625
1 0.65 0.90078125 0.01015625 0.01484375
1 0.37421875 0.321875 0.00859375 0.01484375
1 0.571875 0.48984375 0.0109375 0.01953125
1 0.6734375 0.45703125 0.0109375 0.01953125
1 0.3078125 0.88203125 0.0078125 0.015625
1 0.6078125 0.35078125 0.00859375 0.01484375
1 0.81484375 0.45 0.01015625 0.0171875
1 0.28671875 0.5203125 0.0109375 0.0203125
1 0.1109375 0.51875 0.0125 0.02109375
1 0.684375 0.36875 0.00859375 0.0140625
1 0.11484375 0.396875 0.01015625 0.0171875
1 0.9515625 0.51171875 0.01171875 0.0203125
1 0.5828125 0.4609375 0.0109375 0.01796875
1 0.2203125 0.9390625 0.01640625 0.02734375
1 0.0671875 0.39765625 0.01015625 0.0171875
1 0.86875 0.4234375 0.009375 0.0171875
1 0.4859375 0.446875 0.0109375 0.0171875
1 0.26640625 0.9015625 0.01171875 0.01796875
1 0.04140625 0.45 0.01171875 0.01796875
1 0.321875 0.4234375 0.0109375 0.01640625
1 0.86796875 0.403125 0.00859375 0.0140625
3 0.921875 0.415625 0.09609375 0.103125
1 0.85078125 0.44375 0.01015625 0.01640625
1 0.2828125 0.5890625 0.0125 0.01796875
1 0.50703125 0.47109375 0.01015625 0.01953125
1 0.3265625 0.465625 0.0109375 0.01875
1 0.121875 0.29140625 0.0078125 0.01328125
1 0.625 0.3859375 0.009375 0.01640625
1 0.49375 0.465625 0.01015625 0.01640625
0 0.1890625 0.1328125 0.0109375 0.01875
1 0.2921875 0.88359375 0.009375 0.01640625
1 0.0125 0.46484375 0.0125 0.01875
1 0.6671875 0.37421875 0.009375 0.01640625
1 0.29453125 0.4515625 0.0109375 0.01796875
1 0.62734375 0.903125 0.009375 0.01328125
1 0.2828125 0.5671875 0.01328125 0.01796875
1 0.1765625 0.64140625 0.0125 0.01953125
1 0.684375 0.46015625 0.01171875 0.01796875
1 0.5625 0.4625 0.0109375 0.01953125
1 0.70390625 0.44375 0.01015625 0.015625
0 0.16484375 0.16796875 0.009375 0.01640625
3 0.7859375 0.8765625 0.09296875 0.09375
1 0.49765625 0.44921875 0.01015625 0.01484375
1 0.228125 0.8921875 0.009375 0.015625
1 0.3453125 0.88984375 0.0125 0.015625
1 0.690625 0.48984375 0.0109375 0.01640625
0 0.159375 0.14921875 0.00859375 0.015625
1 0.340625 0.31796875 0.00703125 0.01328125
1 0.3953125 0.28125 0.0078125 0.01328125
1 0.8359375 0.35 0.009375 0.01484375
1 0.60546875 0.30859375 0.00859375 0.015625
1 0.64921875 0.296875 0.00859375 0.01328125
1 0.5078125 0.35234375 0.00859375 0.0140625
1 0.13125 0.6453125 0.009375 0.01640625
1 0.62265625 0.315625 0.00859375 0.0140625
1 0.3359375 0.4265625 0.009375 0.01796875
1 0.1109375 0.30234375 0.0078125 0.0140625
1 0.3328125 0.40703125 0.009375 0.0140625
1 0.98828125 0.50078125 0.0125 0.01875
1 0.32421875 0.40625 0.009375 0.01328125
1 0.82421875 0.4203125 0.01015625 0.01640625
1 0.61640625 0.33984375 0.0078125 0.0140625
1 0.47109375 0.28359375 0.00859375 0.01328125
1 0.36953125 0.2921875 0.0078125 0.0125
1 0.634375 0.3515625 0.009375 0.0140625
1 0.30390625 0.4640625 0.01015625 0.01640625
1 0.190625 0.31328125 0.00859375 0.015625
1 0.21015625 0.61015625 0.0125 0.01640625
0 0.1265625 0.18828125 0.01015625 0.01640625
1 0.071875 0.31953125 0.00859375 0.01328125
1 0.025 0.3421875 0.009375 0.0140625
1 0.321875 0.51171875 0.01328125 0.01640625
0 0.17578125 0.084375 0.0109375 0.01953125
1 0.22578125 0.64453125 0.01328125 0.01796875
1 0.56640625 0.32421875 0.00859375 0.01484375
4 0.46953125 0.86015625 0.03359375 0.0453125
1 0.63046875 0.33046875 0.0078125 0.01328125
1 0.828125 0.2859375 0.00703125 0.01328125
1 0.615625 0.29140625 0.00703125 0.01328125
1 0.3875 0.3515625 0.01015625 0.0171875
1 0.04765625 0.41484375 0.0109375 0.015625
1 0.54921875 0.3453125 0.01015625 0.015625
1 0.00390625 0.45 0.0078125 0.01640625
1 0.6625 0.315625 0.0078125 0.015625
0 0.19296875 0.80390625 0.0078125 0.0125
1 0.5765625 0.328125 0.0078125 0.01484375
1 0.4390625 0.4609375 0.01015625 0.0171875
0 0.27890625 0.71015625 0.01015625 0.01953125
1 0.24140625 0.9578125 0.01796875 0.03125
1 0.80859375 0.4 0.01015625 0.015625
1 0.69609375 0.43359375 0.00859375 0.015625
1 0.31640625 0.4546875 0.01171875 0.01640625
1 0.853125 0.46796875 0.00859375 0.0125
1 0.9671875 0.4671875 0.0109375 0.01640625
1 0.37890625 0.26875 0.0078125 0.0125
1 0.375 0.28125 0.00859375 0.0125
1 0.81015625 0.38203125 0.00859375 0.0140625
1 0.2046875 0.6296875 0.00625 0.01015625
1 0.7 0.90234375 0.009375 0.01328125
1 0.5171875 0.37109375 0.00859375 0.0140625
1 0.6078125 0.4171875 0.009375 0.01640625
0 0.13125 0.80703125 0.009375 0.01640625
1 0.12421875 0.365625 0.0109375 0.015625
1 0.9765625 0.48671875 0.01171875 0.0171875
1 0.65 0.33828125 0.009375 0.0140625
0 0.140625 0.134375 0.01015625 0.015625
1 0.5046875 0.38203125 0.00703125 0.0125
0 0.184375 0.196875 0.0078125 0.01484375
1 0.8765625 0.99296875 0.01640625 0.0125
0 0.1484375 0.15859375 0.00859375 0.01171875
1 0.14453125 0.2703125 0.0078125 0.0109375
1 0.9078125 0.9328125 0.01484375 0.02421875
1 0.99453125 0.465625 0.009375 0.0171875
0 0.2046875 0.75390625 0.00859375 0.0171875
1 0.3 0.6125 0.0109375 0.01640625
1 0.23828125 0.93046875 0.0109375 0.01640625
1 0.58515625 0.26328125 0.0078125 0.01328125
0 0.190625 0.79140625 0.0078125 0.015625
1 0.87265625 0.27265625 0.009375 0.0125
1 0.8953125 0.28046875 0.0078125 0.01328125
1 0.8046875 0.3703125 0.00703125 0.0140625
1 0.4421875 0.2625 0.0078125 0.0125
1 0.49140625 0.2859375 0.00625 0.0125
1 0.4703125 0.2578125 0.0078125 0.01171875
1 0.28828125 0.9875 0.015625 0.01953125
1 0.6 0.4234375 0.0109375 0.01640625
1 0.31640625 0.61484375 0.0109375 0.01484375
1 0.0453125 0.328125 0.009375 0.0140625
1 0.82265625 0.93359375 0.01484375 0.03046875
1 0.48671875 0.2703125 0.00859375 0.01171875
1 0.621875 0.28046875 0.00859375 0.0125
1 0.92578125 0.90078125 0.01171875 0.01953125
1 0.51640625 0.38828125 0.009375 0.0171875
1 0.34765625 0.2578125 0.00859375 0.01171875
1 0.340625 0.303125 0.00703125 0.01015625
1 0.8234375 0.40546875 0.009375 0.01171875
1 0.634375 0.28125 0.009375 0.01484375
1 0.4484375 0.50234375 0.00859375 0.01328125
1 0.39765625 0.25703125 0.0078125 0.0125
0 0.17734375 0.81171875 0.0078125 0.0140625
1 0.5453125 0.26015625 0.0078125 0.01171875
1 0.978125 0.4546875 0.0125 0.01796875
1 0.62265625 0.98828125 0.01484375 0.01953125
0 0.11953125 0.81015625 0.00859375 0.01484375
1 0.38828125 0.2703125 0.01015625 0.01171875
1 0.22734375 0.8765625 0.00859375 0.01171875
1 0.2125 0.86875 0.00546875 0.01015625
0 0.1234375 0.8328125 0.009375 0.01328125
1 0.06328125 0.934375 0.0140625 0.028125
1 0.18984375 0.91015625 0.01015625 0.021875
1 0.65625 0.27734375 0.0078125 0.01328125
1 0.46796875 0.88828125 0.00703125 0.0125
0 0.18671875 0.81796875 0.01015625 0.015625
1 0.6484375 0.28125 0.01015625 0.01640625
0 0.18125 0.7703125 0.0078125 0.01484375
1 0.6703125 0.353125 0.0125 0.015625
1 0.6859375 0.8984375 0.01171875 0.01640625
1 0.88359375 0.2765625 0.01015625 0.0140625
1 0.68125 0.3515625 0.00859375 0.015625
1 0.65390625 0.26484375 0.0078125 0.0109375
0 0.21875 0.81328125 0.00859375 0.01484375
3 0.5609375 0.8375 0.03828125 0.04765625
1 0.05 0.9734375 0.01796875 0.03359375
0 0.0765625 0.225 0.0078125 0.01484375
1 0.60546875 0.85859375 0.00546875 0.01015625
0 0.11171875 0.23046875 0.00703125 0.01328125
1 0.203125 0.91640625 0.015625 0.021875
1 0.484375 0.8921875 0.0078125 0.0125
1 0.64609375 0.5203125 0.0078125 0.01171875
1 0.13359375 0.8734375 0.00859375 0.015625
1 0.3734375 0.25625 0.00859375 0.0125
1 0.93359375 0.865625 0.00859375 0.01328125
1 0.603125 0.26171875 0.00703125 0.0125
1 0.69765625 0.478125 0.0109375 0.01640625
1 0.996875 0.596875 0.00625 0.0140625
1 0.453125 0.8875 0.00625 0.01171875
1 0.9375 0.99453125 0.0125 0.009375
1 0.70546875 0.8890625 0.01015625 0.01875
0 0.12578125 0.22421875 0.009375 0.0140625
1 0.69609375 0.88125 0.00703125 0.0125
1 0.99375 0.39375 0.01015625 0.015625
1 0.59140625 0.87109375 0.0078125 0.0109375
1 0.9203125 0.86484375 0.00625 0.0109375
1 0.675 0.3328125 0.01015625 0.0125
1 0.259375 0.94453125 0.0140625 0.021875
1 0.61171875 0.275 0.01015625 0.01328125
1 0.034375 0.9953125 0.01171875 0.009375
1 0.05625 0.40390625 0.009375 0.01640625
1 0.79296875 0.9390625 0.01328125 0.025
1 0.4609375 0.8890625 0.00859375 0.01328125
1 0.6796875 0.9890625 0.01953125 0.021875
1 0.48359375 0.25625 0.0078125 0.0109375
1 0.4984375 0.25859375 0.00859375 0.0125
1 0.98359375 0.4703125 0.0125 0.015625
1 0.790625 0.996875 0.01171875 0.00625
0 0.12578125 0.23671875 0.00859375 0.0125
1 0.0703125 0.29296875 0.009375 0.01328125
0 0.14296875 0.84140625 0.00625 0.0109375
1 0.065625 0.3015625 0.00703125 0.0125
0 0.17109375 0.22638888906250001 0.17109375 0.2375 0.178125 0.2375 0.17734375 0.22638888906250001 0.17109375 0.22638888906250001
0 0.1328125 0.21805555625 0.13203125 0.22777777812500002 0.1375 0.22916666718749998 0.1390625 0.21944444375 0.1328125 0.21805555625
0 0.1484375 0.2375 0.1484375 0.25 0.15625 0.24722222187499998 0.15390625 0.2375 0.1484375 0.2375
0 0.11328125 0.225 0.10703125 0.21805555625 0.096875 0.2208333328125 0.09453125 0.22916666718749998 0.09765625 0.23472222187499997 0.1140625 0.23333333281250002 0.11328125 0.225