2 0.240625 0.21171875 0.1203125 0.06875
1 0.803125 0.58046875 0.0484375 0.03125
1 0.3015625 0.53671875 0.046875 0.0296875
1 0.55234375 0.896875 0.0515625 0.0328125
1 0.253125 0.48828125 0.0453125 0.028125
1 0.03046875 0.4015625 0.04375 0.025
1 0.93046875 0.51328125 0.0453125 0.028125
1 0.8546875 0.590625 0.046875 0.0296875
1 0.96875 0.49453125 0.0453125 0.0265625
1 0.61875 0.45 0.04375 0.0265625
0 0.8203125 0.19609375 0.04375 0.0265625
1 0.503125 0.44375 0.04375 0.0265625
1 0.5109375 0.41796875 0.0421875 0.025
1 0.98515625 0.484375 0.0296875 0.025
1 0.60625 0.90546875 0.0453125 0.0234375
1 0.27734375 0.4890625 0.0453125 0.028125
1 0.6328125 0.3859375 0.0421875 0.0234375
1 0.38203125 0.55078125 0.0421875 0.0265625
1 0.24609375 0.51015625 0.0453125 0.0296875
0 0.04296875 0.17265625 0.0515625 0.034375
1 0.83359375 0.41328125 0.0421875 0.0234375
0 0.14453125 0.1296875 0.0484375 0.0296875
0 0.821875 0.16640625 0.0421875 0.025
1 0.43828125 0.3828125 0.0421875 0.025
1 0.81015625 0.44609375 0.04375 0.0265625
1 0.85078125 0.40546875 0.0421875 0.0234375
1 0.02265625 0.36171875 0.0421875 0.021875
1 0.27265625 0.44609375 0.04375 0.0265625
1 0.12890625 0.8828125 0.0453125 0.028125
1 0.484375 0.346875 0.040625 0.0234375
4 0.6765625 0.8421875 0.0765625 0.0609375
2 0.76484375 0.234375 0.128125 0.0625
0 0.09375 0.10703125 0.05 0.0328125
1 0.58203125 0.87890625 0.04375 0.0265625
0 0.8671875 0.17265625 0.04375 0.0265625
0 0.02421875 0.246875 0.0484375 0.034375
1 0.6640625 0.4375 0.04375 0.025
1 0.059375 0.353125 0.0421875 0.0234375
1 0.425 0.328125 0.040625 0.021875
1 0.04765625 0.3765625 0.0453125 0.028125
0 0.8484375 0.21875 0.04375 0.025
1 0.3046875 0.45625 0.04375 0.025
4 0.334375 0.39765625 0.13125 0.1484375
1 0.6671875 0.3984375 0.0421875 0.0234375
1 0.79375 0.965625 0.053125 0.0421875
1 0.825 0.45859375 0.04375 0.025
1 0.15 0.87734375 0.04375 0.028125
1 0.0125 0.40546875 0.025 0.0234375
1 0.9 0.97734375 0.053125 0.0453125
0 0.6421875 0.8109375 0.046875 0.03125
1 0.090625 0.61171875 0.0453125 0.0296875
1 0.8921875 0.52265625 0.0453125 0.028125
1 0.284375 0.44609375 0.0421875 0.025
1 0.42734375 0.4359375 0.04375 0.0265625
1 0.94765625 0.46484375 0.04375 0.025
1 0.5140625 0.33125 0.040625 0.021875
1 0.85234375 0.42265625 0.04375 0.025
0 0.8546875 0.19140625 0.0421875 0.0265625
1 0.93828125 0.45 0.0453125 0.028125
1 0.728125 0.90625 0.0453125 0.0296875
1 0.978125 0.4609375 0.04375 0.025
1 0.90546875 0.42265625 0.0421875 0.025
1 0.334375 0.6296875 0.0453125 0.0265625
1 0.1390625 0.328125 0.040625 0.0234375
1 0.86328125 0.36953125 0.0421875 0.021875
1 0.7 0.91015625 0.0453125 0.0203125
1 0.1265625 0.31484375 0.0421875 0.0203125
0 0.84453125 0.1421875 0.0453125 0.03125
1 0.45 0.35078125 0.0421875 0.021875
1 0.2875 0.4640625 0.04375 0.0265625
1 0.46953125 0.31640625 0.040625 0.0203125
1 0.82578125 0.39609375 0.040625 0.021875
1 0.6890625 0.4171875 0.0421875 0.025
1 0.88828125 0.375 0.04375 0.025
0 0.06328125 0.13203125 0.05 0.034375
1 0.43984375 0.3296875 0.0421875 0.021875
1 0.2859375 0.51328125 0.0453125 0.028125
1 0.4015625 0.41796875 0.04375 0.025
1 0.9203125 0.434375 0.0453125 0.025
1 0.11171875 0.95234375 0.0484375 0.0375
1 0.82265625 0.3828125 0.0421875 0.021875
1 0.0671875 0.521875 0.0453125 0.0296875
1 0.8453125 0.3359375 0.0421875 0.021875
1 0.68046875 0.8796875 0.04375 0.025
1 0.14609375 0.84140625 0.040625 0.0203125
1 0.065625 0.3328125 0.0421875 0.021875
1 0.625 0.30546875 0.040625 0.0203125
1 0.840625 0.90234375 0.04375 0.025
1 0.025 0.34296875 0.0421875 0.021875
1 0.81796875 0.9328125 0.0484375 0.0328125
0 0.67265625 0.78828125 0.0421875 0.0265625
0 0.83046875 0.16015625 0.0421875 0.025
1 0.82421875 0.3484375 0.0421875 0.0234375
1 0.884375 0.5140625 0.04375 0.028125
1 0.171875 0.29453125 0.0421875 0.0203125
1 0.13671875 0.3109375 0.0421875 0.021875
1 0.946875 0.3953125 0.040625 0.021875
1 0.45078125 0.32109375 0.040625 0.021875
1 0.57578125 0.40859375 0.04375 0.021875
1 0.40859375 0.30625 0.040625 0.021875
1 0.63359375 0.8703125 0.0421875 0.0234375
1 0.84140625 0.93359375 0.0484375 0.03125
1 0.828125 0.3265625 0.04375 0.0234375
0 0.640625 0.7609375 0.04375 0.028125
1 0.37734375 0.34375 0.040625 0.021875
1 0.7125 0.878125 0.04375 0.0234375
1 0.9078125 0.36015625 0.0421875 0.0203125
1 0.6984375 0.8734375 0.0421875 0.0203125
1 0.0171875 0.35234375 0.034375 0.0234375
1 0.9546875 0.43671875 0.0421875 0.0203125
1 0.934375 0.3828125 0.0421875 0.021875
1 0.98671875 0.42421875 0.0265625 0.0203125
1 0.7796875 0.86875 0.0390625 0.0203125
0 0.634375 0.7765625 0.0421875 0.025
1 0.13515625 0.953125 0.053125 0.0390625
1 0.10234375 0.303125 0.040625 0.0203125
1 0.7578125 0.9015625 0.04375 0.0234375
1 0.7484375 0.925 0.0453125 0.0296875
1 0.08984375 0.91640625 0.0484375 0.034375
1 0.1609375 0.296875 0.0421875 0.021875
1 0.87421875 0.3390625 0.0421875 0.021875
0 0.8390625 0.21484375 0.0421875 0.025
1 0.81640625 0.903125 0.0453125 0.025
1 0.89375 0.353125 0.04375 0.0203125
0 0.69140625 0.7609375 0.0421875 0.0265625
1 0.1234375 0.30078125 0.0421875 0.021875
1 0.553125 0.63046875 0.046875 0.028125
1 0.3921875 0.3203125 0.0421875 0.021875
1 0.38125 0.3171875 0.0421875 0.0203125
1 0.91953125 0.640625 0.046875 0.03125
1 0.1375 0.91953125 0.0484375 0.025
1 0.79609375 0.4421875 0.0390625 0.0234375
1 0.03125 0.3828125 0.04375 0.0203125
1 0.13359375 0.8328125 0.040625 0.0203125
1 0.76171875 0.92421875 0.0484375 0.034375
1 0.5953125 0.8796875 0.04375 0.028125
1 0.08515625 0.30859375 0.04375 0.0234375
1 0.1578125 0.9375 0.053125 0.04375
1 0.4625 0.3015625 0.040625 0.0203125
1 0.10546875 0.8984375 0.046875 0.0265625
1 0.15 0.30234375 0.040625 0.021875
1 0.98828125 0.5078125 0.0234375 0.01875
1 0.44453125 0.3421875 0.0421875 0.0203125
1 0.1328125 0.86484375 0.040625 0.0203125
1 0.528125 0.3375 0.04375 0.021875
1 0.8640625 0.31875 0.040625 0.0203125
1 0.0984375 0.85703125 0.0421875 0.021875
1 0.80703125 0.92109375 0.04375 0.028125
1 0.0828125 0.8703125 0.04375 0.0265625
1 0.48828125 0.29609375 0.0421875 0.0203125
1 0.7140625 0.4125 0.040625 0.021875
1 0.028125 0.9140625 0.0484375 0.0328125
1 0.221875 0.83046875 0.040625 0.01875
1 0.83671875 0.88203125 0.0421875 0.0203125
1 0.925 0.3625 0.0421875 0.0203125
1 0.965625 0.45859375 0.0453125 0.0265625
1 0.81484375 0.85625 0.0421875 0.0203125
1 0.52421875 0.85 0.040625 0.01875
1 0.23203125 0.83125 0.0390625 0.01875
1 0.0765625 0.975 0.0546875 0.0265625
0 0.6234375 0.80078125 0.0453125 0.0265625
1 0.284375 0.43046875 0.0421875 0.0203125
3 0.68046875 0.3453125 0.0703125 0.0734375
1 0.8203125 0.88828125 0.0421875 0.021875
1 0.40078125 0.3015625 0.040625 0.021875
1 0.778125 0.909375 0.046875 0.0265625
1 0.11015625 0.83984375 0.040625 0.0203125
1 0.95 0.41640625 0.0390625 0.0203125
0 0.01484375 0.30234375 0.0296875 0.0328125
1 0.04375 0.915625 0.0484375 0.03125
1 0.1671875 0.2859375 0.040625 0.01875
0 0.853125 0.28828125 0.0421875 0.0234375
1 0.865625 0.93125 0.046875 0.0296875
1 0.840625 0.3109375 0.04375 0.0234375
1 0.76796875 0.8859375 0.040625 0.01875
1 0.33515625 0.3 0.040625 0.0203125
1 0.24765625 0.83125 0.0375 0.01875
1 0.05625 0.85625 0.0421875 0.025
1 0.79140625 0.853125 0.040625 0.01875
1 0.43125 0.32109375 0.040625 0.021875
1 0.76796875 0.90234375 0.04375 0.025
1 0.83203125 0.3046875 0.04375 0.0234375
1 0.74375 0.9015625 0.04375 0.021875
1 0.7046875 0.846875 0.040625 0.01875
1 0.76484375 0.85546875 0.0390625 0.015625
1 0.1796875 0.2875 0.040625 0.0203125
1 0.13671875 0.28671875 0.0421875 0.0203125
1 0.728125 0.8546875 0.040625 0.0203125
1 0.17421875 0.63671875 0.0421875 0.0203125
1 0.51796875 0.8421875 0.0390625 0.0171875
1 0.57265625 0.37265625 0.0421875 0.0203125
1 0.31015625 0.6421875 0.04375 0.0171875