2 0.22890625 0.21875 0.096875 0.059375
3 0.82109375 0.8296875 0.05625 0.04375
4 0.36328125 0.41328125 0.078125 0.090625
1 0.14140625 0.4546875 0.021875 0.0171875
1 0.66640625 0.55546875 0.021875 0.0203125
1 0.27734375 0.4546875 0.01875 0.0171875
1 0.4171875 0.49375 0.0203125 0.0171875
1 0.14296875 0.92109375 0.025 0.0234375
3 0.603125 0.46015625 0.1 0.103125
1 0.96953125 0.4515625 0.021875 0.015625
1 0.10390625 0.37421875 0.01875 0.0140625
1 0.35859375 0.88046875 0.0203125 0.0171875
1 0.046875 0.40703125 0.0203125 0.015625
1 0.33984375 0.3515625 0.01875 0.0140625
1 0.65546875 0.42265625 0.01875 0.0140625
2 0.75078125 0.22578125 0.1 0.0453125
1 0.67734375 0.41640625 0.01875 0.0140625
1 0.440625 0.39453125 0.01875 0.0140625
1 0.14296875 0.89453125 0.021875 0.0140625
1 0.640625 0.50859375 0.01875 0.0171875
1 0.02265625 0.41953125 0.021875 0.0140625
1 0.98984375 0.47890625 0.0203125 0.0171875
1 0.7046875 0.48125 0.021875 0.015625
1 0.72109375 0.4796875 0.0203125 0.0171875
1 0.7453125 0.534375 0.021875 0.0203125
1 0.2671875 0.5125 0.021875 0.0203125
1 0.02890625 0.38125 0.01875 0.0125
1 0.590625 0.353125 0.01875 0.0140625
1 0.2921875 0.871875 0.01875 0.0171875
1 0.6640625 0.47890625 0.0203125 0.0171875
1 0.05859375 0.903125 0.021875 0.021875
3 0.81640625 0.3125 0.0390625 0.0484375
1 0.63046875 0.5484375 0.021875 0.0171875
1 0.73515625 0.86875 0.01875 0.0140625
4 0.3546875 0.52890625 0.1125 0.1359375
1 0.8359375 0.40234375 0.01875 0.0140625
1 0.684375 0.53828125 0.021875 0.0203125
1 0.70234375 0.425 0.01875 0.0171875
1 0.72734375 0.51328125 0.0203125 0.01875
1 0.5484375 0.453125 0.0203125 0.0140625
1 0.81171875 0.89609375 0.021875 0.0203125
1 0.11640625 0.34921875 0.01875 0.0140625
1 0.428125 0.446875 0.01875 0.0109375
1 0.48125 0.54921875 0.0203125 0.0203125
1 0.28203125 0.559375 0.0203125 0.015625
1 0.684375 0.5 0.0203125 0.0171875
1 0.3984375 0.46015625 0.01875 0.0140625
1 0.0828125 0.90390625 0.021875 0.0234375
1 0.67734375 0.48125 0.021875 0.0171875
1 0.1046875 0.31953125 0.01875 0.0109375
1 0.296875 0.58203125 0.021875 0.0203125
1 0.65390625 0.36953125 0.0171875 0.0109375
1 0.278125 0.51484375 0.021875 0.01875
1 0.134375 0.3234375 0.01875 0.0109375
1 0.40625 0.34609375 0.0171875 0.0140625
1 0.4203125 0.4625 0.0203125 0.015625
1 0.878125 0.33828125 0.0171875 0.0109375
1 0.29609375 0.44609375 0.021875 0.015625
1 0.434375 0.46015625 0.021875 0.0171875
1 0.15234375 0.41015625 0.01875 0.0171875
1 0.78671875 0.91640625 0.0234375 0.0234375
1 0.30703125 0.4640625 0.021875 0.01875
1 0.28359375 0.43046875 0.01875 0.0140625
1 0.9265625 0.92734375 0.0234375 0.021875
1 0.140625 0.3453125 0.01875 0.0125
3 0.5078125 0.396875 0.0828125 0.1078125
1 0.6109375 0.546875 0.021875 0.01875
1 0.0078125 0.36953125 0.015625 0.0140625
1 0.69140625 0.41953125 0.01875 0.0140625
1 0.93125 0.41015625 0.01875 0.0140625
1 0.30859375 0.44375 0.021875 0.015625
1 0.41640625 0.3296875 0.01875 0.0109375
1 0.90625 0.36640625 0.0171875 0.0109375
1 0.45546875 0.41015625 0.01875 0.0140625
1 0.7125 0.5 0.021875 0.0140625
1 0.8375 0.87578125 0.0203125 0.0171875
1 0.38046875 0.35390625 0.01875 0.0140625
1 0.92109375 0.40078125 0.01875 0.0171875
1 0.6828125 0.45390625 0.01875 0.0140625
1 0.57578125 0.3078125 0.0171875 0.0109375
1 0.665625 0.39765625 0.021875 0.0171875
1 0.16015625 0.30546875 0.015625 0.0109375
1 0.321875 0.42265625 0.01875 0.0140625
1 0.71484375 0.459375 0.01875 0.0109375
1 0.3921875 0.2953125 0.0171875 0.0109375
1 0.10859375 0.875 0.01875 0.0140625
1 0.66796875 0.37109375 0.01875 0.0109375
1 0.553125 0.6421875 0.021875 0.0203125
1 0.57578125 0.3328125 0.01875 0.0109375
1 0.30234375 0.5625 0.021875 0.01875
1 0.30703125 0.3796875 0.015625 0.0109375
1 0.94453125 0.4 0.01875 0.0125
1 0.6203125 0.30625 0.015625 0.0109375
1 0.16328125 0.890625 0.021875 0.0171875
1 0.8921875 0.33046875 0.0171875 0.0140625
1 0.690625 0.3984375 0.01875 0.0140625
1 0.653125 0.346875 0.01875 0.0109375
1 0.43671875 0.3265625 0.01875 0.0109375
1 0.290625 0.51640625 0.0203125 0.015625
1 0.359375 0.3359375 0.01875 0.0125
1 0.68046875 0.4375 0.0203125 0.0140625
1 0.7625 0.84140625 0.015625 0.0109375
1 0.6546875 0.4625 0.01875 0.0140625
1 0.11875 0.3328125 0.01875 0.0140625
1 0.72421875 0.4953125 0.0203125 0.0140625
1 0.296875 0.54453125 0.01875 0.0140625
1 0.17578125 0.86875 0.01875 0.0125
1 0.8921875 0.9140625 0.0234375 0.021875
1 0.44453125 0.378125 0.01875 0.0109375
1 0.3578125 0.86484375 0.01875 0.0109375
1 0.11015625 0.30703125 0.015625 0.009375
1 0.92890625 0.36796875 0.01875 0.0109375
1 0.27109375 0.8515625 0.015625 0.0109375
1 0.46484375 0.30546875 0.0171875 0.0109375
1 0.08984375 0.31328125 0.0171875 0.0109375
1 0.12578125 0.346875 0.01875 0.0140625
1 0.92109375 0.38203125 0.01875 0.0109375
1 0.89375 0.86953125 0.01875 0.0140625
1 0.565625 0.33359375 0.0171875 0.0109375
1 0.8578125 0.3078125 0.015625 0.0109375
1 0.69765625 0.45546875 0.01875 0.0125
1 0.54765625 0.43828125 0.01875 0.0109375
1 0.64921875 0.33203125 0.0171875 0.0109375
1 0.915625 0.3453125 0.01875 0.0109375
1 0.1765625 0.8421875 0.01875 0.009375
1 0.678125 0.396875 0.01875 0.015625
1 0.28984375 0.85390625 0.01875 0.0078125
1 0.91015625 0.921875 0.021875 0.0203125
1 0.3296875 0.2984375 0.0171875 0.0125
1 0.62265625 0.51171875 0.01875 0.0140625
1 0.87734375 0.90234375 0.021875 0.0171875
1 0.0671875 0.8765625 0.01875 0.0125
1 0.0765625 0.94765625 0.01875 0.0140625
1 0.6015625 0.303125 0.01875 0.0109375
1 0.6 0.5359375 0.021875 0.0171875
1 0.45859375 0.38046875 0.0171875 0.0140625
1 0.65703125 0.33359375 0.015625 0.0109375
1 0.865625 0.64765625 0.021875 0.0140625
1 0.365625 0.29765625 0.01875 0.0109375
1 0.278125 0.84921875 0.0171875 0.0109375
1 0.603125 0.509375 0.01875 0.0109375
1 0.02265625 0.3578125 0.0203125 0.0125
1 0.8828125 0.86953125 0.01875 0.0140625
1 0.15625 0.85859375 0.0171875 0.0140625
1 0.928125 0.9015625 0.021875 0.0109375
1 0.6671875 0.44296875 0.01875 0.0109375
1 0.25390625 0.8375 0.0171875 0.009375
1 0.29453125 0.40390625 0.0171875 0.0125
1 0.34375 0.296875 0.01875 0.0109375
1 0.575 0.35390625 0.01875 0.0109375
1 0.6203125 0.5328125 0.021875 0.0140625
1 0.8703125 0.86953125 0.0203125 0.0140625
1 0.090625 0.8703125 0.01875 0.0125
1 0.17265625 0.88671875 0.01875 0.01875
1 0.0984375 0.85 0.0171875 0.0109375
1 0.56171875 0.309375 0.0171875 0.0109375
1 0.86953125 0.3078125 0.0171875 0.0109375
1 0.05390625 0.94375 0.0203125 0.0140625
1 0.47890625 0.846875 0.01875 0.0140625
1 0.55703125 0.42734375 0.0171875 0.0109375
1 0.6640625 0.3546875 0.01875 0.009375
1 0.04765625 0.9875 0.025 0.0203125
1 0.30546875 0.4015625 0.0171875 0.009375
1 0.4515625 0.39765625 0.01875 0.0109375
1 0.47890625 0.296875 0.0171875 0.0109375
1 0.171875 0.8546875 0.015625 0.009375
1 0.18828125 0.43125 0.015625 0.0109375
1 0.9453125 0.384375 0.01875 0.009375
1 0.2859375 0.5734375 0.01875 0.0140625
1 0.925 0.59140625 0.01875 0.009375