3 0.6265625 0.29375 0.0625 0.0609375
3 0.15703125 0.31015625 0.0671875 0.0671875
1 0.390625 0.390625 0.0296875 0.0140625
1 0.3828125 0.871875 0.0296875 0.0171875
1 0.13359375 0.56328125 0.0328125 0.0203125
1 0.93515625 0.4796875 0.0328125 0.0171875
1 0.09609375 0.4390625 0.03125 0.0171875
1 0.25859375 0.4953125 0.03125 0.01875
1 0.6171875 0.8890625 0.0328125 0.0203125
1 0.515625 0.403125 0.0296875 0.0140625
0 0.2171875 0.165625 0.0328125 0.0203125
2 0.75 0.22734375 0.1109375 0.046875
1 0.18203125 0.44765625 0.0296875 0.0171875
1 0.5515625 0.478125 0.03125 0.0171875
1 0.69296875 0.434375 0.03125 0.015625
1 0.70703125 0.87890625 0.0296875 0.0140625
4 0.7390625 0.825 0.0671875 0.04375
1 0.3859375 0.43046875 0.0296875 0.015625
1 0.28828125 0.55 0.0328125 0.0203125
1 0.71953125 0.4875 0.03125 0.0171875
1 0.8765625 0.440625 0.0296875 0.0140625
1 0.29921875 0.4671875 0.03125 0.0171875
1 0.80546875 0.36875 0.0296875 0.0125
1 0.1234375 0.3703125 0.0296875 0.0140625
1 0.6703125 0.459375 0.0296875 0.0171875
0 0.24375 0.22109375 0.0296875 0.0140625
1 0.521875 0.45546875 0.03125 0.015625
1 0.60390625 0.44375 0.0296875 0.0140625
1 0.2203125 0.58984375 0.0328125 0.015625
1 0.709375 0.44921875 0.0296875 0.0171875
1 0.1828125 0.41015625 0.0296875 0.0171875
1 0.3390625 0.596875 0.0328125 0.0140625
1 0.60859375 0.41640625 0.0296875 0.0140625
1 0.85859375 0.43515625 0.0296875 0.0140625
1 0.6140625 0.4328125 0.0296875 0.0140625
1 0.34140625 0.38515625 0.0296875 0.0171875
1 0.88828125 0.36953125 0.0296875 0.0140625
1 0.53515625 0.64296875 0.0328125 0.0140625
2 0.22890625 0.2171875 0.1109375 0.0640625
4 0.11484375 0.29453125 0.0671875 0.065625
1 0.47734375 0.43125 0.0296875 0.015625
1 0.6765625 0.3234375 0.0296875 0.0140625
0 0.19140625 0.1234375 0.0328125 0.015625
1 0.5484375 0.51171875 0.0328125 0.0203125
0 0.190625 0.08046875 0.0328125 0.0171875
1 0.90625 0.45078125 0.03125 0.0171875
1 0.7546875 0.53984375 0.0296875 0.0171875
0 0.20859375 0.125 0.03125 0.015625
1 0.4 0.3671875 0.0296875 0.0140625
1 0.546875 0.38359375 0.0296875 0.0140625
1 0.95 0.40703125 0.0296875 0.0140625
1 0.34765625 0.88984375 0.0328125 0.0203125
1 0.45859375 0.89296875 0.0328125 0.0203125
1 0.32421875 0.8671875 0.0296875 0.015625
1 0.23671875 0.5296875 0.0328125 0.0171875
1 0.81640625 0.32734375 0.028125 0.0109375
1 0.60625 0.3390625 0.0265625 0.0109375
1 0.390625 0.340625 0.0296875 0.0125
1 0.72109375 0.85234375 0.0265625 0.0109375
1 0.5515625 0.36640625 0.0296875 0.0140625
1 0.42578125 0.39609375 0.0296875 0.015625
1 0.59453125 0.40546875 0.0296875 0.0140625
1 0.2953125 0.428125 0.0296875 0.0140625
1 0.89375 0.4484375 0.0328125 0.015625
1 0.47109375 0.36640625 0.0296875 0.0140625
1 0.23828125 0.621875 0.0328125 0.0203125
1 0.48984375 0.39609375 0.0296875 0.0140625
1 0.33828125 0.36796875 0.0296875 0.0109375
1 0.640625 0.3546875 0.0296875 0.0125
1 0.87734375 0.490625 0.028125 0.0140625
1 0.25234375 0.5390625 0.0328125 0.0203125
1 0.56640625 0.5078125 0.0328125 0.0171875
1 0.8703125 0.34140625 0.0296875 0.0109375
1 0.640625 0.37890625 0.0296875 0.0125
1 0.35390625 0.3875 0.0296875 0.0140625
1 0.509375 0.3671875 0.0296875 0.0140625
1 0.52890625 0.40234375 0.0296875 0.0109375
1 0.65625 0.3703125 0.028125 0.0125
1 0.46953125 0.3296875 0.0265625 0.0109375
1 0.49453125 0.3828125 0.028125 0.0125
1 0.44375 0.36640625 0.0296875 0.0140625
1 0.67421875 0.43203125 0.03125 0.0140625
1 0.76484375 0.85390625 0.0296875 0.0109375
1 0.98359375 0.42890625 0.0296875 0.0140625
1 0.57109375 0.46953125 0.0296875 0.015625
1 0.58203125 0.43515625 0.0265625 0.009375
1 0.55625 0.45 0.0296875 0.0171875
0 0.14453125 0.06484375 0.0296875 0.0140625
1 0.59453125 0.36015625 0.0265625 0.0125
1 0.6078125 0.39609375 0.028125 0.0109375
0 0.1859375 0.0328125 0.0296875 0.0171875
1 0.671875 0.40859375 0.028125 0.0140625
1 0.56328125 0.40703125 0.0296875 0.0140625
1 0.434375 0.365625 0.0296875 0.0140625
1 0.06875 0.33828125 0.0296875 0.0125
1 0.53125 0.43046875 0.0296875 0.0109375
1 0.590625 0.48359375 0.0296875 0.0140625
1 0.428125 0.3375 0.0296875 0.0125
1 0.5515625 0.434375 0.03125 0.0140625
0 0.16484375 0.0234375 0.0328125 0.0171875
1 0.08828125 0.3375 0.0296875 0.0140625
0 0.134375 0.134375 0.0296875 0.0171875
1 0.51796875 0.4984375 0.03125 0.01875
1 0.72109375 0.88125 0.0328125 0.0125
1 0.68125 0.359375 0.0296875 0.0140625
0 0.1296875 0.21171875 0.0296875 0.0140625
1 0.51171875 0.3890625 0.0328125 0.0125
1 0.421875 0.31953125 0.0265625 0.0109375
1 0.30625 0.39921875 0.0296875 0.0140625
1 0.02734375 0.37109375 0.03125 0.0125
1 0.5390625 0.31875 0.0296875 0.0109375
1 0.4515625 0.31953125 0.0296875 0.0109375
1 0.2953125 0.40546875 0.0296875 0.0109375
1 0.51796875 0.31953125 0.028125 0.0109375
1 0.9734375 0.4203125 0.0296875 0.0140625
1 0.66328125 0.41171875 0.0296875 0.0109375
1 0.565625 0.334375 0.028125 0.0109375
1 0.1609375 0.61640625 0.0328125 0.0171875
1 0.09296875 0.53125 0.03125 0.0125
1 0.8546875 0.3296875 0.028125 0.0109375
1 0.90625 0.3765625 0.0296875 0.0140625
1 0.51796875 0.35625 0.0296875 0.0125
1 0.49375 0.33515625 0.0296875 0.0109375
1 0.39609375 0.3265625 0.0265625 0.0109375
1 0.00859375 0.3859375 0.0171875 0.0125
1 0.55625 0.33203125 0.0265625 0.0109375
1 0.52109375 0.3890625 0.028125 0.0125
1 0.06953125 0.325 0.0296875 0.0125
1 0.58125 0.44921875 0.028125 0.0109375
1 0.321875 0.3640625 0.028125 0.0109375
1 0.50234375 0.32578125 0.028125 0.0109375
1 0.809375 0.30390625 0.025 0.0078125
1 0.21640625 0.61640625 0.0328125 0.015625
1 0.02421875 0.38828125 0.0328125 0.0140625
1 0.53046875 0.4171875 0.0296875 0.009375
1 0.5390625 0.44375 0.0328125 0.0140625
1 0.26328125 0.63203125 0.0328125 0.0234375
1 0.69765625 0.8640625 0.0265625 0.0109375
1 0.92109375 0.384375 0.0296875 0.0125
1 0.46953125 0.8484375 0.028125 0.0109375
1 0.93515625 0.3859375 0.0296875 0.0125
1 0.428125 0.30390625 0.0296875 0.0109375
1 0.22734375 0.84375 0.028125 0.0109375
1 0.33984375 0.32578125 0.0265625 0.0140625
1 0.1046875 0.56796875 0.0296875 0.0125
0 0.71875 0.78203125 0.03125 0.0171875
1 0.946875 0.38515625 0.0296875 0.0140625
1 0.06015625 0.33203125 0.0296875 0.0125
1 0.48359375 0.33046875 0.028125 0.0109375
1 0.4453125 0.35078125 0.028125 0.0078125
1 0.5828125 0.50390625 0.0265625 0.0125
1 0.64453125 0.40078125 0.0265625 0.0109375
0 0.134375 0.0828125 0.0296875 0.0140625
1 0.84140625 0.86015625 0.0265625 0.0109375
1 0.55078125 0.61171875 0.0296875 0.0125
1 0.6546875 0.29765625 0.0265625 0.009375
0 0.14765625 0.72421875 0.028125 0.0140625
1 0.52265625 0.43984375 0.0296875 0.0078125
1 0.575 0.29609375 0.0296875 0.0109375
1 0.4609375 0.84296875 0.0265625 0.0109375
0 0.175 0.07109375 0.034375 0.0171875
1 0.00859375 0.37109375 0.0171875 0.0109375
1 0.7546875 0.51796875 0.0265625 0.0109375
1 0.85078125 0.309375 0.0265625 0.009375
1 0.95546875 0.5375 0.0265625 0.0109375
1 0.5953125 0.3 0.0265625 0.0109375
1 0.66484375 0.4265625 0.0296875 0.0109375
1 0.590625 0.4625 0.03125 0.0140625
1 0.2375 0.64375 0.03125 0.0078125
1 0.675 0.37734375 0.0296875 0.0125
1 0.384375 0.28984375 0.0265625 0.0078125
1 0.3328125 0.346875 0.0296875 0.0125
0 0.2046875 0.18359375 0.0296875 0.0140625
1 0.5609375 0.43515625 0.0296875 0.0140625
1 0.70859375 0.3265625 0.0296875 0.0140625
1 0.98828125 0.3921875 0.0234375 0.0125
1 0.8453125 0.31484375 0.0265625 0.0109375
1 0.66015625 0.34375 0.0265625 0.0109375
1 0.57109375 0.453125 0.0296875 0.0125
1 0.015625 0.37265625 0.03125 0.0171875
1 0.959375 0.38046875 0.0296875 0.0109375
1 0.53671875 0.30078125 0.028125 0.0109375
1 0.66953125 0.3703125 0.0296875 0.0109375
1 0.0140625 0.99453125 0.028125 0.0078125
1 0.771875 0.8375 0.0265625 0.009375
1 0.04921875 0.33203125 0.0296875 0.0109375
1 0.37578125 0.32890625 0.03125 0.0109375
1 0.4953125 0.30234375 0.0265625 0.0109375
1 0.8984375 0.35390625 0.03125 0.0125
1 0.54921875 0.59765625 0.0296875 0.0078125
1 0.196875 0.596875 0.03125 0.0109375
1 0.428125 0.8390625 0.0296875 0.0109375
1 0.471875 0.3484375 0.0296875 0.0109375
1 0.4546875 0.30546875 0.0296875 0.0109375
1 0.54375 0.30234375 0.0296875 0.0109375
1 0.51640625 0.3046875 0.028125 0.009375
1 0.6671875 0.353125 0.03125 0.0109375
1 0.44453125 0.834375 0.0265625 0.0078125
0 0.16328125 0.0984375 0.0328125 0.0171875
1 0.8859375 0.3421875 0.0296875 0.0109375
1 0.32421875 0.34296875 0.0296875 0.0125
1 0.084375 0.31875 0.0296875 0.015625
1 0.60546875 0.9078125 0.0265625 0.0078125
1 0.53671875 0.85390625 0.0265625 0.0078125
1 0.57109375 0.49140625 0.0265625 0.009375
1 0.94921875 0.41953125 0.03125 0.0109375
0 0.2203125 0.24296875 0.0296875 0.0109375
1 0.16484375 0.6421875 0.0328125 0.015625
1 0.546875 0.85078125 0.0265625 0.0109375
1 0.78046875 0.83828125 0.0265625 0.009375
1 0.66796875 0.29765625 0.0265625 0.0109375