4 0.1046875 0.3453125 0.1015625 0.109375
2 0.234375 0.21484375 0.1171875 0.0609375
3 0.88671875 0.8625 0.1125 0.0984375
1 0.6046875 0.4671875 0.034375 0.0171875
1 0.37578125 0.86953125 0.034375 0.0171875
1 0.8515625 0.43203125 0.0328125 0.015625
1 0.8328125 0.409375 0.0328125 0.0140625
4 0.178125 0.840625 0.1140625 0.078125
1 0.91875 0.415625 0.0328125 0.015625
1 0.321875 0.5 0.0359375 0.0203125
1 0.3390625 0.5 0.0359375 0.0203125
1 0.48125 0.39765625 0.034375 0.015625
1 0.615625 0.39765625 0.034375 0.015625
1 0.796875 0.446875 0.034375 0.015625
1 0.0734375 0.4578125 0.0359375 0.01875
1 0.31015625 0.85390625 0.034375 0.015625
3 0.234375 0.8265625 0.06875 0.0546875
1 0.7578125 0.5109375 0.034375 0.01875
1 0.64375 0.503125 0.0359375 0.0203125
1 0.17890625 0.44296875 0.034375 0.0171875
1 0.671875 0.859375 0.0328125 0.0140625
1 0.31640625 0.8921875 0.0375 0.0203125
1 0.14765625 0.58828125 0.0359375 0.0140625
2 0.75859375 0.23046875 0.1140625 0.046875
1 0.5546875 0.4375 0.034375 0.0171875
1 0.25390625 0.50390625 0.0359375 0.0203125
1 0.2453125 0.53046875 0.0359375 0.0203125
1 0.21015625 0.92890625 0.040625 0.03125
1 0.0296875 0.39609375 0.0359375 0.015625
1 0.32734375 0.459375 0.034375 0.0171875
1 0.725 0.5515625 0.0359375 0.021875
1 0.44765625 0.521875 0.034375 0.0203125
1 0.18125 0.3796875 0.0328125 0.015625
1 0.5046875 0.39765625 0.0328125 0.0140625
1 0.6921875 0.40546875 0.0328125 0.0140625
1 0.33359375 0.3953125 0.034375 0.015625
1 0.340625 0.48125 0.034375 0.0140625
1 0.74296875 0.64453125 0.0375 0.021875
1 0.58671875 0.88125 0.034375 0.01875
1 0.3296875 0.52421875 0.0359375 0.0203125
1 0.4234375 0.36640625 0.0328125 0.0125
1 0.59453125 0.35703125 0.0328125 0.0140625
1 0.41953125 0.3390625 0.03125 0.0125
1 0.32109375 0.43515625 0.034375 0.0171875
0 0.80234375 0.740625 0.0421875 0.0328125
1 0.75234375 0.89921875 0.0375 0.021875
0 0.821875 0.20703125 0.0390625 0.0234375
1 0.53671875 0.38984375 0.034375 0.0140625
1 0.30234375 0.34296875 0.0328125 0.0140625
1 0.44453125 0.49375 0.034375 0.01875
1 0.87265625 0.43046875 0.0328125 0.015625
1 0.2703125 0.85546875 0.0328125 0.015625
1 0.48359375 0.37109375 0.0328125 0.0125
1 0.65390625 0.40078125 0.034375 0.0125
1 0.434375 0.37109375 0.0328125 0.0140625
1 0.1359375 0.9140625 0.0390625 0.025
1 0.55390625 0.37421875 0.0328125 0.0125
1 0.18515625 0.421875 0.034375 0.0171875
1 0.609375 0.35859375 0.03125 0.0125
1 0.45546875 0.8859375 0.034375 0.021875
1 0.32890625 0.378125 0.0328125 0.0140625
1 0.9375 0.46015625 0.034375 0.0140625
1 0.43203125 0.3 0.03125 0.0109375
1 0.39609375 0.4078125 0.0328125 0.015625
1 0.51796875 0.390625 0.0328125 0.0140625
1 0.67421875 0.3859375 0.0328125 0.0140625
0 0.18125 0.21875 0.034375 0.0171875
1 0.521875 0.4046875 0.0328125 0.0125
1 0.88203125 0.434375 0.034375 0.0140625
1 0.8140625 0.88125 0.0328125 0.0171875
1 0.14765625 0.32890625 0.0328125 0.0125
1 0.64296875 0.88515625 0.034375 0.0171875
1 0.2140625 0.4671875 0.034375 0.01875
1 0.60625 0.4078125 0.03125 0.0125
1 0.7359375 0.88125 0.0375 0.0171875
1 0.15078125 0.8953125 0.0375 0.0203125
1 0.1515625 0.628125 0.0390625 0.0234375
1 0.37421875 0.3359375 0.03125 0.0125
1 0.01484375 0.40234375 0.0296875 0.0171875
1 0.21015625 0.621875 0.0375 0.021875
1 0.53671875 0.425 0.0328125 0.0140625
1 0.55234375 0.415625 0.034375 0.015625
1 0.9 0.38515625 0.034375 0.0125
1 0.52265625 0.425 0.034375 0.0140625
1 0.3328125 0.35 0.0328125 0.0140625
1 0.62265625 0.340625 0.03125 0.0125
1 0.3421875 0.86640625 0.034375 0.0171875
1 0.3421875 0.3421875 0.0328125 0.0125
1 0.63359375 0.38125 0.0328125 0.0125
1 0.3375 0.61640625 0.0375 0.01875
1 0.5046875 0.42734375 0.034375 0.015625
1 0.384375 0.4078125 0.0328125 0.0140625
1 0.6703125 0.4015625 0.0328125 0.0140625
1 0.6453125 0.40703125 0.0328125 0.0125
1 0.03359375 0.37109375 0.0328125 0.0140625
1 0.71171875 0.88046875 0.034375 0.015625
1 0.54921875 0.35703125 0.03125 0.0125
4 0.5421875 0.871875 0.096875 0.0953125
1 0.38125 0.3953125 0.0328125 0.0109375
1 0.653125 0.4203125 0.034375 0.0140625
1 0.17578125 0.29453125 0.03125 0.0109375
1 0.63203125 0.87265625 0.0328125 0.015625
1 0.4390625 0.84609375 0.03125 0.0109375
1 0.62421875 0.325 0.0328125 0.0125
1 0.11484375 0.8921875 0.0375 0.01875
1 0.634375 0.3953125 0.03125 0.0125
1 0.5109375 0.35 0.034375 0.015625
3 0.90546875 0.56953125 0.1578125 0.1390625
1 0.50390625 0.384375 0.0328125 0.009375
1 0.67421875 0.33828125 0.0296875 0.0109375
1 0.37421875 0.29921875 0.03125 0.0109375
1 0.8796875 0.35234375 0.0328125 0.0125
1 0.50078125 0.36953125 0.0328125 0.0125
1 0.55078125 0.33125 0.03125 0.0109375
1 0.89765625 0.3671875 0.0328125 0.0140625
1 0.4546875 0.84609375 0.034375 0.0140625
1 0.3890625 0.3203125 0.0328125 0.0109375
1 0.778125 0.85234375 0.03125 0.0109375
1 0.7203125 0.8734375 0.0328125 0.0125
1 0.8515625 0.4671875 0.03125 0.0140625
1 0.484375 0.3546875 0.03125 0.0109375
1 0.42421875 0.83828125 0.03125 0.0109375
1 0.859375 0.33828125 0.03125 0.0109375
1 0.353125 0.3359375 0.0328125 0.0125
0 0.6953125 0.759375 0.0359375 0.0171875
1 0.8140625 0.99609375 0.0421875 0.00625
1 0.16484375 0.32265625 0.0328125 0.0125
1 0.9390625 0.40390625 0.034375 0.0140625
3 0.965625 0.39296875 0.06875 0.1359375
1 0.621875 0.30234375 0.03125 0.0109375
1 0.18125 0.62265625 0.034375 0.015625
1 0.42578125 0.44921875 0.0328125 0.009375
1 0.5125 0.296875 0.0296875 0.0125
1 0.83359375 0.846875 0.03125 0.009375
1 0.7578125 0.853125 0.0328125 0.0109375
1 0.93359375 0.3765625 0.0328125 0.0125
1 0.25625 0.91875 0.034375 0.0234375
1 0.68828125 0.33515625 0.0328125 0.0140625
1 0.06953125 0.91953125 0.0375 0.021875
0 0.67578125 0.765625 0.0375 0.0203125
1 0.90859375 0.3609375 0.0328125 0.0125
1 0.81796875 0.31171875 0.0328125 0.009375
1 0.15390625 0.3171875 0.0328125 0.0125
1 0.653125 0.384375 0.034375 0.0125
1 0.32734375 0.34140625 0.0328125 0.0125
1 0.8125 0.31953125 0.0296875 0.0109375
1 0.8703125 0.3421875 0.0328125 0.0125
1 0.89296875 0.34453125 0.0328125 0.0125
1 0.14765625 0.29609375 0.0328125 0.0140625
1 0.88203125 0.3375 0.0328125 0.0140625
1 0.03828125 0.98046875 0.040625 0.021875
1 0.05 0.92421875 0.0390625 0.0203125
1 0.0515625 0.36953125 0.0328125 0.0140625
1 0.471875 0.84609375 0.0328125 0.0140625
1 0.334375 0.33046875 0.03125 0.0109375
1 0.01015625 0.36875 0.0203125 0.0125
1 0.0828125 0.89375 0.034375 0.0171875
1 0.86171875 0.3125 0.0328125 0.0109375
1 0.734375 0.99140625 0.0453125 0.015625
1 0.15625 0.29453125 0.034375 0.0125
1 0.825 0.84609375 0.0296875 0.0078125
1 0.05625 0.340625 0.034375 0.015625
1 0.10234375 0.88203125 0.0359375 0.0171875
1 0.38828125 0.3015625 0.03125 0.0109375
0 0.29609375 0.69765625 0.0328125 0.0125
1 0.11328125 0.865625 0.034375 0.0140625
1 0.01875 0.365625 0.0359375 0.015625
1 0.1328125 0.296875 0.03125 0.0125
1 0.39375 0.3078125 0.03125 0.0109375
1 0.903125 0.33671875 0.034375 0.0125
1 0.1328125 0.8875 0.0359375 0.0140625
1 0.05234375 0.9 0.0359375 0.0140625