4 0.346875 0.43359375 0.0828125 0.1046875
3 0.4875 0.3296875 0.06953125 0.08125
2 0.76875 0.21953125 0.08671875 0.06015625
4 0.40234375 0.3015625 0.0484375 0.07734375
3 0.68203125 0.3359375 0.046875 0.05703125
1 0.271875 0.4859375 0.01015625 0.01953125
1 0.71953125 0.49609375 0.01171875 0.01953125
1 0.94296875 0.446875 0.01171875 0.01875
1 0.653125 0.59296875 0.0125 0.0171875
1 0.24296875 0.51484375 0.01171875 0.02109375
1 0.3578125 0.578125 0.0125 0.01640625
1 0.1875 0.43203125 0.009375 0.0171875
1 0.03046875 0.4453125 0.0109375 0.0171875
4 0.165625 0.321875 0.06875 0.071875
1 0.67890625 0.490625 0.01171875 0.01953125
1 0.7953125 0.915625 0.0140625 0.02578125
1 0.55625 0.50390625 0.01171875 0.0203125
1 0.73046875 0.46171875 0.0109375 0.01796875
1 0.62265625 0.465625 0.0109375 0.01640625
1 0.71484375 0.5359375 0.0125 0.01953125
1 0.33515625 0.89921875 0.01328125 0.01875
1 0.0703125 0.47734375 0.01171875 0.01953125
1 0.7390625 0.89453125 0.0125 0.02265625
1 0.62109375 0.48828125 0.0109375 0.01796875
1 0.11484375 0.50859375 0.01171875 0.0203125
1 0.3 0.484375 0.0109375 0.01875
1 0.8328125 0.42734375 0.0109375 0.01796875
1 0.5375 0.4578125 0.01015625 0.015625
1 0.58125 0.41015625 0.01015625 0.01796875
1 0.83125 0.925 0.01640625 0.028125
1 0.55390625 0.45859375 0.01015625 0.01640625
1 0.07578125 0.40703125 0.01015625 0.015625
1 0.253125 0.54140625 0.0125 0.021875
1 0.6734375 0.43984375 0.0109375 0.01640625
1 0.57109375 0.4859375 0.0109375 0.01953125
0 0.17265625 0.2296875 0.00859375 0.0140625
1 0.82265625 0.3859375 0.009375 0.01640625
1 0.871875 0.36640625 0.009375 0.01484375
1 0.61171875 0.42109375 0.0109375 0.01484375
1 0.478125 0.48828125 0.0125 0.02109375
1 0.44296875 0.89296875 0.0140625 0.02265625
1 0.06328125 0.55390625 0.01328125 0.02265625
1 0.96875 0.421875 0.0109375 0.0171875
2 0.24453125 0.225 0.0953125 0.04765625
1 0.95390625 0.3953125 0.01015625 0.01484375
3 0.259375 0.83828125 0.05234375 0.05078125
1 0.15234375 0.9296875 0.015625 0.028125
1 0.51484375 0.4546875 0.0109375 0.01796875
1 0.6671875 0.87265625 0.009375 0.01875
1 0.90859375 0.33984375 0.00859375 0.01484375
1 0.67265625 0.5359375 0.0125 0.02265625
1 0.70078125 0.44453125 0.0109375 0.01640625
1 0.628125 0.51171875 0.01171875 0.01953125
1 0.09609375 0.646875 0.0140625 0.0171875
1 0.9890625 0.496875 0.0140625 0.02109375
1 0.4453125 0.353125 0.0078125 0.01328125
1 0.815625 0.4015625 0.00859375 0.015625
1 0.52109375 0.378125 0.009375 0.0140625
1 0.89453125 0.9171875 0.015625 0.0265625
1 0.21796875 0.89765625 0.01171875 0.0203125
1 0.5140625 0.428125 0.0109375 0.01640625
1 0.8515625 0.88125 0.009375 0.01640625
1 0.209375 0.8796875 0.009375 0.01484375
1 0.5296875 0.41015625 0.01015625 0.01640625
0 0.21171875 0.18203125 0.0109375 0.0203125
1 0.88671875 0.3828125 0.01015625 0.015625
1 0.13046875 0.9140625 0.01484375 0.0234375
1 0.765625 0.86640625 0.00859375 0.015625
1 0.11640625 0.95546875 0.01875 0.034375
4 0.21015625 0.83671875 0.03203125 0.04765625
1 0.6640625 0.478125 0.01171875 0.01796875
1 0.3765625 0.8734375 0.01015625 0.0171875
1 0.2109375 0.6453125 0.0109375 0.015625
1 0.7171875 0.43828125 0.0109375 0.01875
1 0.89140625 0.3390625 0.00859375 0.0140625
1 0.48125 0.903125 0.01015625 0.01328125
1 0.63359375 0.38046875 0.009375 0.0140625
1 0.60625 0.375 0.009375 0.015625
1 0.7265625 0.86484375 0.00859375 0.01484375
1 0.603125 0.353125 0.00859375 0.0140625
1 0.61328125 0.4390625 0.01015625 0.0171875
1 0.35703125 0.33125 0.009375 0.01328125
1 0.0484375 0.41875 0.0109375 0.0171875
1 0.93671875 0.92890625 0.0140625 0.02578125
1 0.571875 0.3328125 0.00859375 0.01328125
1 0.86796875 0.346875 0.00859375 0.01484375
1 0.88125 0.91484375 0.0125 0.02109375
0 0.16484375 0.20390625 0.009375 0.015625
1 0.64609375 0.3796875 0.0078125 0.01484375
1 0.84921875 0.37890625 0.01015625 0.015625
1 0.5796875 0.36484375 0.00859375 0.01484375
1 0.09765625 0.35859375 0.009375 0.01484375
1 0.196875 0.9078125 0.01328125 0.02265625
1 0.34609375 0.3296875 0.00859375 0.01328125
1 0.553125 0.321875 0.00703125 0.01328125
1 0.3125 0.8640625 0.00703125 0.0140625
1 0.346875 0.30390625 0.0078125 0.01171875
1 0.54296875 0.4890625 0.01171875 0.01875
1 0.69375 0.61640625 0.01171875 0.01640625
0 0.421875 0.21953125 0.00859375 0.01640625
1 0.59140625 0.3453125 0.0078125 0.01328125
1 0.7015625 0.53125 0.0125 0.01953125
1 0.64609375 0.4078125 0.009375 0.01484375
1 0.65078125 0.50546875 0.0125 0.01875
1 0.8265625 0.88984375 0.01328125 0.02109375
1 0.66015625 0.5234375 0.01328125 0.01953125
0 0.1453125 0.24453125 0.00859375 0.01484375
1 0.61015625 0.39921875 0.01015625 0.015625
1 0.5703125 0.46640625 0.009375 0.01171875
1 0.7140625 0.51484375 0.0125 0.01328125
1 0.68671875 0.86640625 0.00859375 0.01640625
1 0.76640625 0.8484375 0.00625 0.01171875
1 0.95625 0.41015625 0.009375 0.015625
1 0.27421875 0.85625 0.01015625 0.01484375
1 0.8859375 0.3015625 0.009375 0.0125
1 0.6265625 0.43515625 0.0109375 0.0171875
1 0.32890625 0.33828125 0.00625 0.01328125
1 0.12265625 0.8828125 0.01015625 0.0171875
1 0.85234375 0.3359375 0.0078125 0.01328125
1 0.66484375 0.37109375 0.00859375 0.01328125
1 0.06171875 0.39140625 0.0109375 0.01328125
1 0.65 0.4296875 0.0109375 0.01875
1 0.27109375 0.4625 0.01015625 0.015625
1 0.42421875 0.37265625 0.00703125 0.0109375
1 0.63125 0.39765625 0.01015625 0.015625
0 0.146875 0.20703125 0.00859375 0.0140625
1 0.546875 0.30703125 0.0078125 0.0125
1 0.615625 0.3765625 0.009375 0.0125
1 0.16796875 0.9921875 0.01953125 0.0140625
1 0.37890625 0.37890625 0.00703125 0.0109375
1 0.690625 0.90625 0.01015625 0.009375
1 0.69609375 0.4171875 0.009375 0.0125
1 0.528125 0.39296875 0.01015625 0.01484375
1 0.60546875 0.3375 0.00859375 0.0140625
1 0.29453125 0.84609375 0.00703125 0.01171875
1 0.32109375 0.84921875 0.00546875 0.01171875
1 0.3859375 0.40546875 0.0078125 0.015625
1 0.22578125 0.61328125 0.0125 0.02109375
1 0.003125 0.459375 0.00625 0.01484375
1 0.11328125 0.3421875 0.009375 0.0125
1 0.12109375 0.32890625 0.00859375 0.01328125
1 0.1953125 0.359375 0.00703125 0.0140625
0 0.23671875 0.71484375 0.00859375 0.015625
1 0.67890625 0.3796875 0.009375 0.01796875
1 0.4359375 0.39609375 0.0078125 0.009375
1 0.80703125 0.8453125 0.00703125 0.0125
1 0.6640625 0.43046875 0.01015625 0.01640625
1 0.53125 0.63046875 0.01484375 0.021875
1 0.43359375 0.33671875 0.0078125 0.0125
1 0.8515625 0.85390625 0.00703125 0.0125
1 0.64140625 0.496875 0.0109375 0.0171875
1 0.9875 0.37421875 0.0109375 0.015625
1 0.034375 0.42265625 0.01171875 0.0171875
1 0.03125 0.37890625 0.009375 0.0125
1 0.80859375 0.86640625 0.00859375 0.01640625
1 0.60390625 0.32109375 0.0078125 0.01328125
1 0.94453125 0.903125 0.015625 0.0234375
1 0.79765625 0.8703125 0.0109375 0.01484375
1 0.328125 0.83828125 0.00703125 0.009375
1 0.86640625 0.3328125 0.00859375 0.01328125
1 0.83515625 0.85546875 0.009375 0.0140625
1 0.625 0.4203125 0.01015625 0.01328125
1 0.62890625 0.36640625 0.009375 0.0140625
1 0.26171875 0.6421875 0.0140625 0.01796875
1 0.30859375 0.846875 0.00859375 0.01015625
1 0.07109375 0.39140625 0.0109375 0.0140625
1 0.6203125 0.353125 0.01015625 0.01484375
1 0.5640625 0.30625 0.0078125 0.0125
1 0.18046875 0.8859375 0.01171875 0.01953125
1 0.075 0.38203125 0.01015625 0.0125
1 0.61328125 0.321875 0.009375 0.0125
0 0.21640625 0.81015625 0.00625 0.0109375
1 0.709375 0.41953125 0.00859375 0.01171875
1 0.271875 0.446875 0.009375 0.01171875
1 0.64375 0.33046875 0.009375 0.0140625
1 0.590625 0.31953125 0.00859375 0.0125
1 0.78203125 0.97265625 0.02109375 0.03203125
1 0.584375 0.33203125 0.00703125 0.01171875
1 0.9734375 0.97734375 0.01484375 0.0265625
1 0.28984375 0.44296875 0.0078125 0.01171875
1 0.63828125 0.43359375 0.01171875 0.01796875
1 0.2640625 0.99453125 0.01640625 0.01015625
1 0.240625 0.63359375 0.0125 0.0171875
1 0.68125 0.4171875 0.00859375 0.01484375
1 0.63984375 0.98984375 0.021875 0.01953125
1 0.02109375 0.9390625 0.01328125 0.021875
1 0.95546875 0.34140625 0.0109375 0.01796875
1 0.6296875 0.3265625 0.009375 0.01640625
1 0.196875 0.72890625 0.01015625 0.01328125
1 0.29609375 0.46015625 0.01015625 0.01640625
1 0.1828125 0.64921875 0.0109375 0.0109375
0 0.56640625 0.74140625 0.00625 0.0109375
1 0.92265625 0.3265625 0.009375 0.0140625
1 0.70625 0.43203125 0.009375 0.0140625
1 0.6921875 0.38203125 0.01015625 0.01640625
1 0.559375 0.47734375 0.0109375 0.01484375
1 0.6734375 0.4109375 0.01015625 0.01171875
0 0.54765625 0.759375 0.00859375 0.01640625
1 0.91640625 0.940625 0.0171875 0.02265625
1 0.88671875 0.3296875 0.01015625 0.0109375
1 0.69296875 0.434375 0.009375 0.0140625
1 0.909375 0.85390625 0.009375 0.01328125
1 0.1578125 0.88125 0.0109375 0.015625
1 0.51640625 0.30390625 0.00703125 0.01015625
1 0.56796875 0.3171875 0.009375 0.01328125
1 0.88828125 0.8578125 0.009375 0.01328125
1 0.8046875 0.98671875 0.02265625 0.0265625
1 0.62890625 0.34453125 0.00859375 0.01171875
1 0.303125 0.403125 0.00546875 0.01171875
1 0.08046875 0.35234375 0.00859375 0.0140625
1 0.571875 0.82578125 0.00859375 0.0125
1 0.76171875 0.9484375 0.01796875 0.02109375
1 0.3 0.4421875 0.009375 0.0109375
0 0.44375 0.15859375 0.00859375 0.015625