2 0.77734375 0.2296875 0.09375 0.0671875
4 0.496875 0.42734375 0.096875 0.1046875
2 0.2625 0.19609375 0.09375 0.059375
4 0.3859375 0.2609375 0.0734375 0.0765625
3 0.38125 0.3625 0.0828125 0.10625
1 0.30625 0.43515625 0.0125 0.0203125
1 0.28046875 0.4421875 0.0125 0.01875
1 0.71640625 0.628125 0.015625 0.0203125
1 0.62421875 0.55546875 0.015625 0.021875
1 0.70625 0.44296875 0.0125 0.0171875
1 0.96015625 0.4875 0.0140625 0.01875
1 0.353125 0.446875 0.0140625 0.01875
1 0.60390625 0.3765625 0.0109375 0.015625
1 0.6640625 0.89140625 0.0125 0.0171875
1 0.00703125 0.4625 0.0125 0.0203125
1 0.78046875 0.5984375 0.015625 0.0234375
1 0.45234375 0.58359375 0.015625 0.025
3 0.5796875 0.2796875 0.059375 0.0828125
1 0.6640625 0.38046875 0.0125 0.015625
1 0.5703125 0.60078125 0.015625 0.0234375
1 0.76953125 0.97578125 0.021875 0.0328125
1 0.878125 0.4359375 0.0125 0.0171875
1 0.0390625 0.3921875 0.0140625 0.0171875
1 0.39140625 0.4140625 0.0125 0.0171875
1 0.878125 0.409375 0.0125 0.0171875
1 0.24921875 0.4234375 0.0125 0.0203125
3 0.275 0.56875 0.084375 0.084375
1 0.1625 0.340625 0.0125 0.0171875
1 0.0734375 0.375 0.0140625 0.0171875
1 0.75078125 0.884375 0.009375 0.0140625
1 0.17265625 0.28984375 0.0109375 0.0140625
1 0.13828125 0.428125 0.0140625 0.01875
1 0.3265625 0.88046875 0.0109375 0.015625
1 0.35234375 0.89609375 0.0125 0.015625
1 0.25390625 0.865625 0.0109375 0.0140625
1 0.946875 0.4640625 0.0140625 0.0171875
1 0.609375 0.61171875 0.0140625 0.0234375
1 0.2359375 0.87734375 0.0109375 0.015625
1 0.27578125 0.871875 0.009375 0.015625
1 0.66015625 0.415625 0.0109375 0.0171875
1 0.73515625 0.909375 0.0125 0.01875
1 0.1390625 0.31015625 0.009375 0.0140625
1 0.55546875 0.4203125 0.0125 0.0171875
1 0.43359375 0.32578125 0.009375 0.0140625
1 0.63984375 0.39375 0.0125 0.0171875
1 0.20234375 0.3140625 0.0078125 0.0140625
1 0.57109375 0.378125 0.0125 0.0171875
1 0.56015625 0.5609375 0.0140625 0.0234375
1 0.90625 0.428125 0.0125 0.0171875
1 0.66484375 0.4734375 0.0140625 0.01875
1 0.55703125 0.34453125 0.0109375 0.0140625
1 0.940625 0.44140625 0.0125 0.0140625
1 0.11484375 0.48046875 0.0140625 0.01875
1 0.12578125 0.321875 0.0109375 0.015625
1 0.07265625 0.33359375 0.0125 0.0171875
1 0.3453125 0.32265625 0.0109375 0.0140625
1 0.9828125 0.46484375 0.0140625 0.0171875
1 0.58359375 0.34765625 0.0109375 0.015625
1 0.49296875 0.28046875 0.009375 0.0140625
1 0.12890625 0.871875 0.0125 0.0171875
1 0.60859375 0.321875 0.0109375 0.0140625
1 0.759375 0.9421875 0.0171875 0.025
1 0.53984375 0.3421875 0.0109375 0.015625
1 0.67578125 0.4140625 0.0125 0.0140625
1 0.90625 0.39921875 0.0125 0.015625
1 0.34296875 0.3515625 0.0109375 0.015625
1 0.93671875 0.45625 0.0140625 0.015625
1 0.5390625 0.646875 0.0140625 0.0140625
1 0.54140625 0.28203125 0.0078125 0.0125
1 0.528125 0.29921875 0.009375 0.0140625
1 0.1203125 0.26875 0.009375 0.0140625
1 0.06015625 0.38203125 0.0140625 0.0171875
1 0.55625 0.3296875 0.0109375 0.0125
1 0.1140625 0.31640625 0.0109375 0.015625
1 0.17890625 0.40859375 0.0140625 0.01875
1 0.665625 0.3265625 0.009375 0.0140625
1 0.2515625 0.63671875 0.0125 0.0125
1 0.5046875 0.61953125 0.0125 0.015625
1 0.61796875 0.31171875 0.009375 0.0140625
1 0.1734375 0.315625 0.0109375 0.0140625
1 0.4328125 0.3890625 0.0125 0.0171875
1 0.040625 0.9515625 0.0234375 0.0375
1 0.76484375 0.90625 0.0125 0.0171875
1 0.44765625 0.253125 0.009375 0.0125
1 0.678125 0.3984375 0.0109375 0.0140625
1 0.66015625 0.2890625 0.0109375 0.0125
1 0.321875 0.3765625 0.0125 0.0171875
1 0.21015625 0.86875 0.0109375 0.0140625
1 0.5609375 0.36171875 0.0140625 0.0171875
1 0.82265625 0.665625 0.0109375 0.0109375
1 0.775 0.9328125 0.015625 0.0234375
1 0.66640625 0.2984375 0.009375 0.0125
1 0.62890625 0.28125 0.009375 0.0140625
1 0.34609375 0.3078125 0.0109375 0.0140625
1 0.17109375 0.89921875 0.0171875 0.0234375
1 0.134375 0.28671875 0.0125 0.0140625
1 0.3171875 0.87734375 0.0109375 0.0171875
1 0.9328125 0.41171875 0.0125 0.0171875
1 0.86328125 0.3 0.009375 0.0125
1 0.9125 0.3109375 0.0109375 0.015625
1 0.80859375 0.921875 0.0140625 0.01875
1 0.184375 0.89375 0.01875 0.021875
1 0.78203125 0.9109375 0.0109375 0.0125
1 0.35703125 0.29296875 0.0125 0.0171875
1 0.79921875 0.9703125 0.0171875 0.0265625
1 0.025 0.96640625 0.0203125 0.0171875
1 0.06640625 0.31953125 0.0109375 0.0140625
1 0.43046875 0.88046875 0.0125 0.0171875
1 0.04140625 0.91015625 0.0171875 0.0296875
4 0.3578125 0.55625 0.0859375 0.1703125
1 0.696875 0.428125 0.0125 0.0171875
0 0.5484375 0.99140625 0.0203125 0.0171875
1 0.66484375 0.2796875 0.009375 0.0125
1 0.9453125 0.4140625 0.0125 0.015625
1 0.53046875 0.32421875 0.0109375 0.0140625
4 0.56640625 0.83046875 0.040625 0.034375
1 0.609375 0.3609375 0.0109375 0.0125
1 0.5421875 0.328125 0.009375 0.0125
1 0.99375 0.45703125 0.0125 0.015625
1 0.67734375 0.37734375 0.0109375 0.0125
1 0.8328125 0.98671875 0.0234375 0.0265625
1 0.68515625 0.41796875 0.0125 0.015625
1 0.10703125 0.2703125 0.0109375 0.0171875
1 0.459375 0.890625 0.009375 0.0109375
1 0.83828125 0.2859375 0.0109375 0.0125
1 0.68359375 0.3875 0.0109375 0.0125
1 0.18671875 0.24453125 0.0109375 0.0125
1 0.67265625 0.334375 0.0109375 0.0140625
1 0.9515625 0.4265625 0.0140625 0.0140625
0 0.525 0.990625 0.0234375 0.01875
1 0.17109375 0.8703125 0.0125 0.0171875
1 0.9703125 0.45078125 0.015625 0.0203125
1 0.54921875 0.2609375 0.009375 0.0125
1 0.10078125 0.865625 0.0125 0.0171875
1 0.95234375 0.44375 0.015625 0.015625
1 0.6859375 0.8609375 0.0078125 0.009375
1 0.87578125 0.29609375 0.0125 0.0140625
1 0.19140625 0.85234375 0.009375 0.0109375
1 0.6984375 0.415625 0.0109375 0.0125
1 0.69921875 0.390625 0.0125 0.0140625
1 0.9484375 0.4 0.0125 0.0140625
1 0.8921875 0.30078125 0.009375 0.0140625
1 0.9640625 0.42734375 0.0125 0.015625
1 0.93984375 0.425 0.0125 0.0140625
1 0.809375 0.9515625 0.015625 0.01875
1 0.44921875 0.8890625 0.0109375 0.0125
1 0.03828125 0.3265625 0.009375 0.0125
1 0.80546875 0.66171875 0.0140625 0.0125
1 0.80625 0.6421875 0.0125 0.009375
1 0.678125 0.35078125 0.0109375 0.0125
1 0.46171875 0.88046875 0.009375 0.0125
1 0.9953125 0.4921875 0.009375 0.0125
1 0.57890625 0.87578125 0.009375 0.0109375
1 0.36640625 0.31484375 0.0109375 0.015625
1 0.85859375 0.95859375 0.01875 0.0234375
1 0.68515625 0.375 0.0109375 0.0125
1 0.69765625 0.40234375 0.0125 0.0140625
1 0.3546875 0.31640625 0.0125 0.0140625
1 0.5328125 0.87109375 0.009375 0.0109375
1 0.909375 0.90390625 0.009375 0.0125
1 0.053125 0.30546875 0.0109375 0.0140625
1 0.35625 0.47890625 0.0140625 0.0171875
4 0.7546875 0.0171875 0.065625 0.0125
1 0.875 0.88671875 0.0078125 0.0109375
1 0.96484375 0.40625 0.0125 0.0140625
1 0.21796875 0.86171875 0.0125 0.0125
1 0.64609375 0.2828125 0.0125 0.0140625
1 0.1390625 0.24296875 0.0109375 0.0125