4 0.6109375 0.4265625 0.0921875 0.1171875
4 0.8203125 0.853125 0.0875 0.1015625
4 0.2375 0.83828125 0.06484375 0.0671875
2 0.77109375 0.22265625 0.08828125 0.053125
1 0.68125 0.4921875 0.01171875 0.0203125
3 0.93828125 0.459375 0.08828125 0.11015625
1 0.79375 0.5703125 0.0140625 0.021875
1 0.5578125 0.5328125 0.0125 0.02109375
1 0.26953125 0.55234375 0.0125 0.02265625
1 0.43515625 0.58125 0.01328125 0.02109375
1 0.10390625 0.44375 0.01015625 0.01640625
1 0.46875 0.6171875 0.0140625 0.021875
1 0.6984375 0.459375 0.01015625 0.01875
1 0.2734375 0.49453125 0.01171875 0.0203125
0 0.81640625 0.78828125 0.0125 0.02421875
1 0.34375 0.8703125 0.009375 0.01640625
1 0.06015625 0.48359375 0.0125 0.01796875
1 0.1953125 0.43203125 0.01015625 0.01640625
1 0.14765625 0.90234375 0.01484375 0.02578125
4 0.1734375 0.36015625 0.0609375 0.0703125
1 0.78046875 0.5015625 0.0109375 0.02109375
0 0.79296875 0.7125 0.01328125 0.0234375
1 0.28984375 0.9 0.01484375 0.0171875
1 0.66171875 0.596875 0.01171875 0.015625
1 0.375 0.871875 0.01015625 0.01796875
1 0.7421875 0.88671875 0.0140625 0.0234375
0 0.80390625 0.16171875 0.01171875 0.01953125
0 0.21796875 0.2078125 0.0109375 0.01796875
1 0.4921875 0.4484375 0.0109375 0.01796875
3 0.45 0.5046875 0.078125 0.1125
1 0.26953125 0.52890625 0.0125 0.0203125
1 0.571875 0.459375 0.01015625 0.01875
1 0.659375 0.36953125 0.00859375 0.01484375
1 0.7 0.35703125 0.01015625 0.01640625
1 0.2578125 0.49765625 0.01171875 0.01875
0 0.92421875 0.1234375 0.01328125 0.0203125
0 0.809375 0.22890625 0.0109375 0.0171875
0 0.946875 0.234375 0.01171875 0.01953125
1 0.7796875 0.58984375 0.0140625 0.01640625
1 0.665625 0.42890625 0.009375 0.015625
1 0.546875 0.446875 0.01015625 0.01796875
3 0.19453125 0.56640625 0.121875 0.1515625
0 0.8234375 0.12109375 0.01171875 0.01875
1 0.7125 0.55 0.0125 0.02265625
1 0.896875 0.5703125 0.0109375 0.01953125
1 0.4046875 0.4703125 0.0109375 0.01875
1 0.828125 0.37890625 0.009375 0.015625
1 0.3984375 0.44921875 0.01015625 0.01953125
1 0.08046875 0.39453125 0.01015625 0.01484375
1 0.4875 0.5765625 0.01328125 0.0234375
1 0.20390625 0.87734375 0.01015625 0.01796875
1 0.50859375 0.40078125 0.009375 0.015625
0 0.95703125 0.2890625 0.01171875 0.01640625
1 0.53125 0.36796875 0.0078125 0.01484375
1 0.94296875 0.9046875 0.0125 0.0234375
1 0.6703125 0.346875 0.009375 0.01484375
1 0.3515625 0.40546875 0.01015625 0.01796875
1 0.3890625 0.3859375 0.01015625 0.01640625
1 0.4875 0.43359375 0.01015625 0.01484375
0 0.8578125 0.11015625 0.01171875 0.01953125
1 0.4015625 0.5890625 0.01171875 0.015625
1 0.76171875 0.621875 0.0125 0.02109375
1 0.55703125 0.4453125 0.0109375 0.01796875
1 0.6640625 0.3953125 0.00859375 0.01484375
1 0.890625 0.88046875 0.009375 0.0171875
1 0.48125 0.39609375 0.0078125 0.01328125
1 0.58046875 0.51640625 0.0109375 0.015625
1 0.49609375 0.39453125 0.009375 0.01328125
1 0.6421875 0.36484375 0.0078125 0.01171875
1 0.08359375 0.38125 0.009375 0.01328125
1 0.265625 0.88515625 0.01171875 0.01796875
1 0.528125 0.39453125 0.009375 0.0140625
1 0.1 0.4109375 0.009375 0.0171875
1 0.32265625 0.3703125 0.009375 0.0140625
1 0.31796875 0.340625 0.0078125 0.0140625
0 0.9390625 0.20546875 0.0125 0.01953125
1 0.053125 0.3859375 0.00859375 0.0140625
1 0.12890625 0.3546875 0.00859375 0.0125
1 0.83515625 0.30703125 0.00859375 0.0125
1 0.88046875 0.303125 0.0078125 0.0125
1 0.58984375 0.53203125 0.01171875 0.015625
1 0.70234375 0.42265625 0.01015625 0.01640625
1 0.38203125 0.359375 0.0109375 0.015625
1 0.28828125 0.3390625 0.01015625 0.015625
1 0.471875 0.54765625 0.0109375 0.015625
1 0.48359375 0.34921875 0.00859375 0.01484375
1 0.7046875 0.4046875 0.009375 0.0125
1 0.40703125 0.3640625 0.009375 0.01484375
1 0.37109375 0.37578125 0.009375 0.01484375
1 0.47109375 0.32265625 0.0078125 0.01328125
1 0.90234375 0.3046875 0.00859375 0.0125
1 0.37265625 0.3234375 0.00703125 0.0140625
1 0.98671875 0.99609375 0.0109375 0.0078125
1 0.3453125 0.39296875 0.00859375 0.01328125
1 0.334375 0.371875 0.0078125 0.0125
1 0.196875 0.44921875 0.01015625 0.0171875
1 0.578125 0.35859375 0.0109375 0.0171875
1 0.53671875 0.8484375 0.00859375 0.0140625
1 0.55859375 0.3328125 0.00859375 0.0140625
1 0.246875 0.528125 0.01015625 0.01640625
1 0.3203125 0.325 0.00859375 0.01484375
1 0.934375 0.94453125 0.00703125 0.01640625
4 0.95703125 0.3875 0.0859375 0.078125
1 0.11171875 0.37734375 0.009375 0.01328125
1 0.39921875 0.496875 0.0109375 0.01953125
1 0.03984375 0.415625 0.0109375 0.01640625
1 0.48046875 0.4109375 0.009375 0.01640625
2 0.25078125 0.2234375 0.0921875 0.04921875
1 0.275 0.9 0.0140625 0.0171875
1 0.02421875 0.41796875 0.0109375 0.01953125
1 0.253125 0.61484375 0.01328125 0.01875
1 0.48984375 0.41796875 0.009375 0.0140625
1 0.15703125 0.8640625 0.00859375 0.01484375
1 0.7390625 0.85546875 0.00859375 0.0140625
1 0.6640625 0.32578125 0.009375 0.01328125
1 0.69375 0.39921875 0.009375 0.015625
1 0.30234375 0.8640625 0.00703125 0.0140625
1 0.13046875 0.87890625 0.01171875 0.01875
1 0.3046875 0.31953125 0.00703125 0.01328125
1 0.76015625 0.83828125 0.0078125 0.01015625
1 0.73671875 0.63203125 0.01328125 0.0234375
1 0.8921875 0.3046875 0.0078125 0.0125
1 0.78359375 0.615625 0.01328125 0.01640625
1 0.378125 0.33359375 0.00703125 0.0125
1 0.26171875 0.5890625 0.0109375 0.01171875
1 0.0625 0.99140625 0.01875 0.015625
1 0.44765625 0.8515625 0.00859375 0.01171875
1 0.078125 0.884375 0.01015625 0.01875
1 0.2390625 0.64140625 0.01484375 0.0203125
1 0.228125 0.51171875 0.0125 0.02109375
1 0.3546875 0.30546875 0.00703125 0.01171875
1 0.503125 0.646875 0.00625 0.009375
1 0.409375 0.3203125 0.009375 0.01484375
1 0.88671875 0.62265625 0.01484375 0.025
1 0.38828125 0.34296875 0.01015625 0.0140625
1 0.6140625 0.334375 0.00859375 0.0140625
1 0.92890625 0.93359375 0.01015625 0.01171875
1 0.28359375 0.82265625 0.0078125 0.0125
1 0.82578125 0.3375 0.01015625 0.01640625
1 0.42421875 0.3015625 0.00859375 0.0125
1 0.92421875 0.946875 0.00859375 0.01796875
1 0.5515625 0.33828125 0.01015625 0.0140625
1 0.3359375 0.3828125 0.00859375 0.0125
1 0.43359375 0.371875 0.00859375 0.01328125
1 0.83359375 0.98828125 0.021875 0.021875
1 0.04453125 0.5375 0.00546875 0.01328125
1 0.72734375 0.8484375 0.00703125 0.01171875
1 0.496875 0.40703125 0.009375 0.0125
1 0.92421875 0.88671875 0.0109375 0.01640625
1 0.40234375 0.3421875 0.00625 0.0109375
1 0.53515625 0.29921875 0.00859375 0.0125
1 0.86796875 0.86875 0.015625 0.025
1 0.3921875 0.3078125 0.0078125 0.0125
1 0.5984375 0.2984375 0.00859375 0.01328125
1 0.909375 0.8734375 0.01015625 0.01484375
1 0.4671875 0.303125 0.0078125 0.01171875
0 0.2859375 0.21328125 0.01015625 0.01875
1 0.33984375 0.29921875 0.00703125 0.01171875
1 0.1296875 0.340625 0.00859375 0.0125
1 0.15 0.32578125 0.009375 0.01484375
1 0.69453125 0.38203125 0.0078125 0.01015625
1 0.7625 0.64375 0.0109375 0.01015625
1 0.5484375 0.840625 0.0078125 0.01328125
1 0.64453125 0.37890625 0.0109375 0.015625
1 0.9375 0.33046875 0.0109375 0.015625
1 0.17890625 0.84140625 0.00625 0.009375
1 0.4984375 0.29765625 0.009375 0.01171875
1 0.7984375 0.5953125 0.0125 0.0140625
1 0.06328125 0.38203125 0.01171875 0.01484375
1 0.61640625 0.30390625 0.0078125 0.01171875
1 0.11171875 0.3625 0.0078125 0.0109375
1 0.27734375 0.85078125 0.00859375 0.0125
1 0.1875 0.640625 0.0140625 0.021875
1 0.39453125 0.90703125 0.00703125 0.00859375
1 0.6671875 0.29765625 0.009375 0.01484375
1 0.54609375 0.8296875 0.0078125 0.0109375
0 0.80859375 0.19140625 0.00859375 0.01796875
1 0.3671875 0.30234375 0.00703125 0.0109375
4 0.53203125 0.81953125 0.0328125 0.05703125
1 0.5671875 0.2953125 0.00703125 0.0125
1 0.51640625 0.63046875 0.009375 0.01796875
1 0.14921875 0.309375 0.0078125 0.0109375
1 0.45625 0.303125 0.0078125 0.0109375
1 0.6234375 0.3296875 0.01171875 0.01328125
1 0.2609375 0.515625 0.01015625 0.015625
1 0.903125 0.846875 0.00625 0.01171875
1 0.1203125 0.8796875 0.009375 0.01796875
1 0.65703125 0.7921875 0.01015625 0.0171875
1 0.609375 0.32578125 0.00703125 0.01328125
1 0.4015625 0.30625 0.0078125 0.01171875
1 0.13203125 0.86171875 0.009375 0.01328125
1 0.64609375 0.3015625 0.009375 0.0140625
1 0.65859375 0.2984375 0.00859375 0.01328125
1 0.60625 0.30390625 0.0078125 0.01171875
1 0.571875 0.79765625 0.00859375 0.01484375
1 0.4375 0.83515625 0.00703125 0.0125
0 0.8734375 0.09296875 0.0125 0.0203125
1 0.06328125 0.4671875 0.01015625 0.01171875
3 0.66875 0.87421875 0.0984375 0.11796875