2 0.23671875 0.215625 0.1171875 0.0703125
1 0.840625 0.41953125 0.0390625 0.0234375
1 0.67578125 0.459375 0.040625 0.0265625
3 0.76484375 0.8515625 0.0828125 0.059375
1 0.878125 0.428125 0.0390625 0.0234375
1 0.25625 0.61328125 0.04375 0.03125
1 0.9859375 0.52890625 0.028125 0.0296875
1 0.6921875 0.496875 0.0421875 0.028125
1 0.4515625 0.3671875 0.0390625 0.0234375
1 0.93125 0.49140625 0.0421875 0.0265625
1 0.809375 0.40625 0.0390625 0.025
1 0.296875 0.465625 0.040625 0.0265625
1 0.60546875 0.371875 0.0390625 0.0234375
1 0.7046875 0.47109375 0.040625 0.0265625
1 0.09609375 0.52109375 0.0421875 0.028125
1 0.1421875 0.43984375 0.040625 0.0234375
1 0.88828125 0.39765625 0.0390625 0.025
1 0.8671875 0.3734375 0.0390625 0.0234375
1 0.9 0.50546875 0.0421875 0.0265625
1 0.4859375 0.6140625 0.0421875 0.028125
1 0.36796875 0.3578125 0.0390625 0.0234375
1 0.6484375 0.5390625 0.0421875 0.028125
1 0.88359375 0.55703125 0.0421875 0.0265625
3 0.8640625 0.915625 0.184375 0.16875
1 0.6515625 0.478125 0.040625 0.0265625
1 0.9171875 0.48203125 0.0421875 0.0265625
1 0.71640625 0.421875 0.0390625 0.0234375
1 0.4671875 0.43125 0.0390625 0.0234375
1 0.3890625 0.3796875 0.0390625 0.0234375
1 0.6640625 0.5078125 0.0421875 0.0234375
1 0.38828125 0.41875 0.0390625 0.025
1 0.60390625 0.42734375 0.0390625 0.0265625
0 0.73203125 0.21875 0.0390625 0.0234375
1 0.028125 0.421875 0.040625 0.0234375
1 0.5953125 0.48671875 0.040625 0.0265625
1 0.596875 0.38984375 0.0375 0.0234375
1 0.06484375 0.334375 0.0390625 0.0234375
1 0.88984375 0.51875 0.0421875 0.028125
1 0.615625 0.40546875 0.0390625 0.0234375
1 0.30546875 0.38984375 0.0390625 0.0234375
1 0.84453125 0.36875 0.0375 0.021875
1 0.73984375 0.953125 0.0453125 0.0359375
1 0.35 0.3859375 0.0390625 0.0234375
1 0.81640625 0.2921875 0.0359375 0.0203125
1 0.4015625 0.31640625 0.0390625 0.0234375
1 0.984375 0.46015625 0.03125 0.0234375
1 0.93359375 0.40859375 0.0390625 0.025
1 0.1546875 0.30625 0.0390625 0.021875
1 0.73984375 0.50859375 0.0421875 0.0265625
1 0.70625 0.4984375 0.0421875 0.0265625
1 0.6578125 0.38984375 0.0390625 0.0234375
1 0.9015625 0.46875 0.0421875 0.0265625
1 0.31640625 0.32890625 0.0375 0.021875
1 0.70390625 0.45546875 0.0390625 0.021875
1 0.01328125 0.42421875 0.0265625 0.0265625
1 0.66953125 0.5484375 0.0421875 0.028125
1 0.9046875 0.375 0.0390625 0.0234375
1 0.33203125 0.39453125 0.0390625 0.0234375
1 0.82890625 0.32265625 0.0375 0.0203125
1 0.0921875 0.9328125 0.0421875 0.03125
1 0.69609375 0.39375 0.0390625 0.0234375
1 0.6125 0.46328125 0.040625 0.0265625
1 0.4421875 0.33359375 0.0390625 0.0234375
0 0.77421875 0.18046875 0.040625 0.0265625
1 0.49296875 0.34609375 0.0390625 0.0234375
1 0.178125 0.3 0.0375 0.0203125
1 0.709375 0.434375 0.0390625 0.0234375
1 0.309375 0.528125 0.040625 0.028125
0 0.85234375 0.7453125 0.053125 0.0515625
1 0.4921875 0.32734375 0.0390625 0.0234375
1 0.35546875 0.340625 0.0390625 0.0234375
1 0.109375 0.35703125 0.0390625 0.0234375
1 0.303125 0.4359375 0.0390625 0.0234375
1 0.94921875 0.45390625 0.0421875 0.0265625
1 0.4078125 0.38671875 0.0390625 0.0234375
1 0.8453125 0.29921875 0.0359375 0.0203125
1 0.31640625 0.35859375 0.0390625 0.0234375
1 0.9453125 0.53359375 0.0390625 0.0265625
0 0.7875 0.1578125 0.040625 0.0265625
1 0.50234375 0.3203125 0.0390625 0.0203125
1 0.73359375 0.48125 0.0390625 0.0203125
1 0.97578125 0.4765625 0.0421875 0.0265625
0 0.7765625 0.16171875 0.0390625 0.025
1 0.653125 0.3734375 0.0390625 0.0234375
1 0.37734375 0.31953125 0.0390625 0.0203125
1 0.71875 0.4390625 0.0390625 0.0234375
1 0.68984375 0.52734375 0.0421875 0.0265625
1 0.659375 0.571875 0.0390625 0.0296875
1 0.4484375 0.34765625 0.0390625 0.0234375
1 0.70703125 0.8859375 0.0390625 0.0234375
1 0.40625 0.33671875 0.0390625 0.0234375
1 0.65546875 0.903125 0.040625 0.0203125
1 0.6328125 0.38125 0.0390625 0.0203125
1 0.5078125 0.37421875 0.0390625 0.0234375
1 0.54296875 0.378125 0.0390625 0.0234375
1 0.7390625 0.903125 0.040625 0.0265625
0 0.8046875 0.1734375 0.04375 0.0296875
1 0.71953125 0.48828125 0.040625 0.0265625
1 0.890625 0.340625 0.0390625 0.021875
1 0.9734375 0.45625 0.040625 0.0234375
1 0.30078125 0.4234375 0.0390625 0.0203125
1 0.6625 0.52890625 0.0421875 0.025
1 0.02578125 0.359375 0.0390625 0.0234375
1 0.5515625 0.353125 0.0390625 0.0234375
1 0.01796875 0.3921875 0.0359375 0.021875
1 0.97890625 0.43203125 0.0421875 0.0234375
1 0.84375 0.2671875 0.0359375 0.0203125
1 0.1109375 0.3328125 0.0390625 0.021875
1 0.07890625 0.315625 0.0390625 0.0203125
2 0.7546875 0.21015625 0.121875 0.0640625
1 0.18203125 0.2734375 0.0390625 0.0234375
1 0.69453125 0.2921875 0.0375 0.021875
1 0.18984375 0.39921875 0.0390625 0.0234375
1 0.9890625 0.44453125 0.021875 0.0234375
1 0.38984375 0.35 0.0390625 0.0234375
1 0.640625 0.29453125 0.0375 0.021875
1 0.378125 0.3890625 0.0421875 0.0234375
1 0.95390625 0.41328125 0.0421875 0.0265625
1 0.78046875 0.93046875 0.0453125 0.0296875
1 0.53828125 0.33671875 0.0390625 0.0234375
1 0.38203125 0.353125 0.0375 0.021875
1 0.1328125 0.9109375 0.040625 0.0265625
1 0.0515625 0.37265625 0.040625 0.0234375
1 0.6703125 0.29921875 0.0375 0.0203125
1 0.20234375 0.41875 0.040625 0.0234375
1 0.5328125 0.353125 0.0390625 0.021875
1 0.82734375 0.26171875 0.0375 0.0203125
0 0.8296875 0.21875 0.0421875 0.028125
1 0.9890625 0.48125 0.021875 0.025
1 0.84140625 0.48203125 0.040625 0.025
1 0.5375 0.28046875 0.0390625 0.0203125
1 0.890625 0.2875 0.0390625 0.0203125
1 0.88203125 0.33671875 0.0390625 0.0234375
1 0.53515625 0.38046875 0.0375 0.021875
1 0.50859375 0.3390625 0.0390625 0.0234375
0 0.21171875 0.98359375 0.0515625 0.0328125
1 0.9828125 0.49609375 0.034375 0.0265625
1 0.396875 0.275 0.0359375 0.021875
1 0.66875 0.38828125 0.0390625 0.0234375
1 0.12109375 0.28984375 0.0359375 0.0203125
1 0.6453125 0.35078125 0.0390625 0.0234375
4 0.03828125 0.55234375 0.0765625 0.1484375
1 0.859375 0.34921875 0.0390625 0.0203125
1 0.890625 0.309375 0.0390625 0.0234375
1 0.69609375 0.90390625 0.0390625 0.0203125
1 0.29609375 0.646875 0.0390625 0.01875
1 0.1109375 0.88125 0.0390625 0.0203125
0 0.7953125 0.03125 0.0390625 0.0265625
1 0.48203125 0.25859375 0.0359375 0.0203125
1 0.04765625 0.34921875 0.0390625 0.0234375
1 0.63203125 0.359375 0.0390625 0.0234375
0 0.61953125 0.71015625 0.0390625 0.0265625
1 0.88046875 0.3046875 0.0375 0.0203125
1 0.17890625 0.85859375 0.0390625 0.0234375
1 0.04921875 0.33515625 0.0390625 0.021875
1 0.73515625 0.49609375 0.0390625 0.021875
1 0.909375 0.35625 0.0390625 0.0234375
1 0.15 0.27578125 0.0375 0.0203125
1 0.64140625 0.2734375 0.0390625 0.021875
1 0.52109375 0.36640625 0.0390625 0.0203125
1 0.334375 0.35078125 0.0375 0.0234375
1 0.0984375 0.3359375 0.0390625 0.0203125
1 0.97421875 0.3421875 0.0390625 0.0203125
1 0.915625 0.33828125 0.0390625 0.0234375
1 0.73125 0.8921875 0.0390625 0.0203125
0 0.78828125 0.0125 0.0390625 0.025
1 0.9828125 0.35703125 0.034375 0.0234375
1 0.06484375 0.91015625 0.040625 0.025
1 0.33359375 0.334375 0.0390625 0.0203125
1 0.76796875 0.8921875 0.0390625 0.0234375
1 0.09375 0.87890625 0.0375 0.01875
0 0.9828125 0.1015625 0.034375 0.03125
1 0.940625 0.328125 0.0390625 0.0203125
1 0.63515625 0.89921875 0.040625 0.0234375
1 0.65859375 0.88828125 0.0390625 0.021875
1 0.11015625 0.91640625 0.0421875 0.0265625
1 0.8140625 0.646875 0.0421875 0.0234375
1 0.64375 0.38203125 0.0390625 0.021875
1 0.7515625 0.89296875 0.040625 0.0234375
1 0.084375 0.9 0.0390625 0.0234375
1 0.65390625 0.27421875 0.0375 0.021875
1 0.09140625 0.32578125 0.0390625 0.0203125
1 0.8453125 0.3546875 0.0390625 0.0171875
1 0.7953125 0.89296875 0.0390625 0.0203125
1 0.02109375 0.40859375 0.0359375 0.01875
1 0.62109375 0.2609375 0.0359375 0.01875
1 0.6484375 0.28515625 0.0359375 0.0203125
1 0.7625 0.9390625 0.0453125 0.034375
1 0.675 0.35 0.0390625 0.0234375
1 0.965625 0.44296875 0.040625 0.0234375
1 0.6546875 0.35625 0.0390625 0.0203125
1 0.5609375 0.25390625 0.0359375 0.0203125
1 0.628125 0.98671875 0.046875 0.0265625
0 0.86015625 0.209375 0.040625 0.028125
1 0.859375 0.26875 0.0390625 0.01875
1 0.77734375 0.90546875 0.040625 0.0234375
1 0.87265625 0.35859375 0.0359375 0.0203125
1 0.3484375 0.328125 0.0390625 0.0203125
1 0.071875 0.93125 0.0390625 0.0234375
1 0.7046875 0.29765625 0.040625 0.025
1 0.53671875 0.26484375 0.0390625 0.0203125
1 0.09609375 0.290625 0.0375 0.0203125
1 0.5984375 0.2609375 0.0359375 0.0203125
1 0.60625 0.26328125 0.0375 0.0203125
1 0.91640625 0.3203125 0.0390625 0.0203125
1 0.95234375 0.328125 0.0390625 0.021875
1 0.875 0.4109375 0.040625 0.0203125
0 0.7453125 0.81640625 0.0359375 0.0234375
1 0.103125 0.865625 0.0390625 0.0171875
1 0.1265625 0.275 0.0390625 0.0234375
1 0.94140625 0.3953125 0.040625 0.0203125
0 0.7734375 0.04296875 0.0390625 0.0234375
1 0.68203125 0.38515625 0.0390625 0.0234375
1 0.15859375 0.8703125 0.0359375 0.01875
1 0.7453125 0.93125 0.0375 0.0203125
0 0.64765625 0.76015625 0.0390625 0.0234375
1 0.34453125 0.31796875 0.0375 0.0203125
1 0.66015625 0.34609375 0.0375 0.0203125
1 0.64453125 0.25859375 0.0390625 0.0203125
1 0.68046875 0.9046875 0.040625 0.0203125
1 0.7765625 0.88828125 0.0390625 0.0234375
1 0.79765625 0.871875 0.0390625 0.0203125
0 0.7265625 0.70390625 0.0390625 0.0234375
1 0.29453125 0.38984375 0.040625 0.0234375
0 0.78515625 0.0328125 0.040625 0.0234375
1 0.87421875 0.2671875 0.0390625 0.0203125
1 0.06171875 0.99296875 0.0421875 0.0140625
1 0.71953125 0.85390625 0.0359375 0.0203125
1 0.84375 0.99375 0.0375 0.0125
1 0.67109375 0.371875 0.0421875 0.0234375
1 0.1046875 0.28359375 0.0390625 0.0234375
4 0.271875 0.00625 0.09375 0.0125