4 0.3140625 0.85703125 0.0953125 0.0921875
3 0.5296875 0.38125 0.078125 0.1
4 0.1296875 0.41875 0.08125 0.090625
4 0.4359375 0.53359375 0.1234375 0.140625
1 0.284375 0.45 0.025 0.021875
1 0.7734375 0.55 0.0296875 0.0265625
1 0.2171875 0.57265625 0.0296875 0.0265625
3 0.89921875 0.30546875 0.084375 0.1015625
1 0.62890625 0.45 0.0265625 0.0203125
1 0.5953125 0.41953125 0.0265625 0.0203125
1 0.62265625 0.503125 0.028125 0.025
1 0.4078125 0.4328125 0.0265625 0.0203125
1 0.7453125 0.53046875 0.028125 0.025
2 0.24375 0.23125 0.109375 0.0515625
1 0.69453125 0.4859375 0.0265625 0.0234375
1 0.69765625 0.42890625 0.025 0.021875
1 0.3515625 0.46328125 0.0265625 0.0234375
1 0.4625 0.43359375 0.0265625 0.021875
1 0.621875 0.55546875 0.028125 0.0234375
1 0.06015625 0.5359375 0.028125 0.025
1 0.08203125 0.43203125 0.025 0.0203125
1 0.9515625 0.525 0.0296875 0.0265625
2 0.76875 0.2171875 0.1046875 0.0609375
1 0.39375 0.45 0.0265625 0.021875
1 0.30234375 0.4515625 0.0265625 0.0203125
1 0.028125 0.44765625 0.0265625 0.0203125
1 0.81875 0.4203125 0.0265625 0.021875
1 0.5796875 0.9 0.0296875 0.01875
1 0.9 0.36171875 0.025 0.0171875
1 0.32421875 0.45390625 0.0265625 0.021875
1 0.57109375 0.44140625 0.0265625 0.0203125
1 0.39765625 0.43359375 0.0265625 0.0203125
1 0.72421875 0.84921875 0.0234375 0.0171875
1 0.49375 0.39453125 0.0265625 0.0203125
1 0.4359375 0.4328125 0.0265625 0.0203125
1 0.375 0.3765625 0.025 0.0203125
1 0.56015625 0.42734375 0.0265625 0.0203125
1 0.66953125 0.33984375 0.025 0.01875
1 0.0125 0.4328125 0.025 0.01875
1 0.25234375 0.890625 0.0265625 0.021875
1 0.18671875 0.4 0.025 0.01875
1 0.19765625 0.93671875 0.03125 0.025
0 0.81640625 0.165625 0.028125 0.021875
1 0.5625 0.47578125 0.0265625 0.021875
1 0.4421875 0.37109375 0.0234375 0.0171875
1 0.1375 0.57109375 0.0296875 0.0265625
1 0.10078125 0.4546875 0.0265625 0.021875
1 0.6328125 0.31484375 0.025 0.01875
1 0.6078125 0.403125 0.0265625 0.0171875
1 0.334375 0.3828125 0.025 0.0171875
0 0.9125 0.234375 0.025 0.0203125
1 0.63046875 0.4046875 0.025 0.0203125
1 0.9375 0.3828125 0.0265625 0.0203125
1 0.32109375 0.34375 0.025 0.0171875
1 0.03203125 0.4296875 0.028125 0.0203125
1 0.67421875 0.8546875 0.025 0.0171875
1 0.2015625 0.9671875 0.0375 0.0390625
1 0.92265625 0.359375 0.0265625 0.0171875
1 0.62109375 0.4125 0.0265625 0.0203125
1 0.05078125 0.50234375 0.028125 0.0234375
1 0.67578125 0.38359375 0.025 0.0203125
1 0.9921875 0.415625 0.015625 0.01875
1 0.96484375 0.3953125 0.0265625 0.01875
1 0.43515625 0.90625 0.0265625 0.015625
1 0.0484375 0.42890625 0.0265625 0.01875
1 0.65078125 0.4 0.0265625 0.0203125
1 0.35546875 0.90546875 0.028125 0.0171875
1 0.6140625 0.315625 0.0234375 0.015625
1 0.54921875 0.8890625 0.028125 0.0265625
1 0.56875 0.88359375 0.0265625 0.0234375
1 0.33515625 0.39765625 0.0265625 0.01875
0 0.91015625 0.17109375 0.0265625 0.0203125
1 0.56484375 0.39765625 0.025 0.01875
1 0.18203125 0.309375 0.025 0.015625
1 0.11953125 0.36640625 0.0234375 0.01875
0 0.18203125 0.81484375 0.0328125 0.03125
1 0.50625 0.309375 0.0234375 0.0171875
1 0.36484375 0.30546875 0.021875 0.015625
1 0.1671875 0.93359375 0.03125 0.028125
1 0.12890625 0.65234375 0.028125 0.0203125
1 0.57734375 0.390625 0.025 0.01875
1 0.6625 0.3046875 0.0234375 0.015625
1 0.9546875 0.38203125 0.0265625 0.01875
1 0.31953125 0.40234375 0.025 0.01875
1 0.68359375 0.40625 0.0265625 0.0203125
1 0.19140625 0.35078125 0.0234375 0.0171875
0 0.78203125 0.22578125 0.028125 0.0203125
1 0.93359375 0.3609375 0.0265625 0.01875
1 0.8484375 0.86171875 0.0234375 0.0171875
1 0.63828125 0.38359375 0.0265625 0.0203125
1 0.48125 0.3515625 0.0234375 0.0171875
1 0.30078125 0.4328125 0.028125 0.0203125
1 0.3203125 0.38828125 0.025 0.015625
1 0.23984375 0.8875 0.0265625 0.0203125
1 0.2125 0.9 0.028125 0.0234375
1 0.86484375 0.88828125 0.028125 0.0234375
1 0.35703125 0.88828125 0.028125 0.0234375
1 0.10234375 0.98359375 0.0359375 0.0328125
1 0.32734375 0.61484375 0.028125 0.021875
1 0.5609375 0.3796875 0.025 0.0171875
1 0.103125 0.3984375 0.025 0.0171875
0 0.1390625 0.83203125 0.03125 0.03125
1 0.66953125 0.39921875 0.028125 0.021875
1 0.0640625 0.42421875 0.028125 0.01875
1 0.17734375 0.99140625 0.0359375 0.0171875
1 0.61953125 0.334375 0.025 0.01875
1 0.4890625 0.36015625 0.0234375 0.0171875
1 0.59921875 0.3734375 0.0265625 0.01875
1 0.8640625 0.29609375 0.025 0.0171875
1 0.1578125 0.65546875 0.028125 0.015625
1 0.66015625 0.3328125 0.0234375 0.0171875
1 0.43046875 0.33046875 0.0234375 0.015625
1 0.165625 0.3484375 0.0234375 0.015625
1 0.50390625 0.3421875 0.021875 0.015625
1 0.80078125 0.0921875 0.0265625 0.0234375
1 0.8375 0.29375 0.025 0.0171875
1 0.725 0.6203125 0.025 0.021875
1 0.82421875 0.29375 0.0234375 0.015625
1 0.66015625 0.39609375 0.0265625 0.021875
1 0.22109375 0.88671875 0.0265625 0.0171875
1 0.1734375 0.3546875 0.025 0.0171875
1 0.79609375 0.83984375 0.021875 0.0140625
1 0.075 0.37890625 0.025 0.0171875
1 0.22734375 0.87421875 0.0265625 0.01875
1 0.684375 0.83046875 0.021875 0.0125
1 0.240625 0.8578125 0.0234375 0.015625
1 0.7171875 0.61953125 0.025 0.0234375
1 0.88984375 0.9109375 0.0296875 0.0265625
1 0.5828125 0.39921875 0.0265625 0.01875
1 0.02109375 0.40234375 0.025 0.0171875
1 0.84609375 0.29375 0.025 0.0171875
1 0.5765625 0.8453125 0.025 0.015625
1 0.265625 0.8546875 0.0234375 0.0171875
1 0.21796875 0.61171875 0.028125 0.0171875
1 0.9015625 0.90859375 0.028125 0.0265625
1 0.7515625 0.840625 0.0265625 0.021875
1 0.1609375 0.3328125 0.0265625 0.015625
1 0.10859375 0.9390625 0.03125 0.028125
1 0.165625 0.8984375 0.0296875 0.025
1 0.4921875 0.3765625 0.025 0.015625
1 0.33984375 0.303125 0.0234375 0.015625
1 0.253125 0.87578125 0.0265625 0.0140625
4 0.896875 0.83359375 0.0546875 0.0546875
1 0.95 0.3359375 0.0265625 0.021875
1 0.73359375 0.840625 0.0234375 0.0171875
1 0.29921875 0.653125 0.0234375 0.0125
1 0.6640625 0.86171875 0.0234375 0.015625
1 0.9859375 0.37734375 0.028125 0.0203125
0 0.75078125 0.184375 0.025 0.021875
1 0.55859375 0.34609375 0.025 0.0171875
1 0.1671875 0.309375 0.025 0.015625
1 0.00625 0.44375 0.0125 0.01875
1 0.07421875 0.4140625 0.025 0.0171875
1 0.96640625 0.37109375 0.025 0.015625
1 0.771875 0.83515625 0.0234375 0.0140625
1 0.2796875 0.85 0.025 0.0140625
1 0.11484375 0.3359375 0.025 0.0171875
1 0.97109375 0.384375 0.028125 0.0171875
1 0.0875 0.4171875 0.025 0.015625
1 0.06484375 0.40703125 0.025 0.015625
1 0.4859375 0.8515625 0.021875 0.0140625
1 0.85546875 0.87734375 0.0265625 0.01875
1 0.25390625 0.85546875 0.0265625 0.0171875
1 0.99140625 0.3640625 0.0171875 0.015625
1 0.49921875 0.36875 0.025 0.015625
1 0.07890625 0.99140625 0.0359375 0.0171875
1 0.58515625 0.8796875 0.021875 0.015625
1 0.47265625 0.853125 0.0234375 0.0125
1 0.140625 0.33203125 0.0234375 0.015625
1 0.05234375 0.378125 0.0265625 0.0203125
1 0.81015625 0.83515625 0.0234375 0.0125
1 0.46171875 0.83828125 0.021875 0.0140625