2 0.76015625 0.209375 0.1109375 0.0640625
4 0.6453125 0.284375 0.090625 0.071875
3 0.33203125 0.3 0.0859375 0.0765625
3 0.77734375 0.81875 0.0734375 0.046875
4 0.6734375 0.390625 0.1140625 0.1
1 0.66015625 0.5390625 0.0375 0.021875
1 0.63671875 0.8671875 0.034375 0.01875
1 0.2921875 0.440625 0.034375 0.0171875
1 0.60703125 0.44921875 0.0328125 0.0140625
1 0.84375 0.5578125 0.0390625 0.0234375
1 0.80703125 0.57421875 0.0375 0.021875
1 0.09453125 0.54609375 0.0375 0.021875
1 0.696875 0.86328125 0.034375 0.0171875
1 0.8796875 0.32109375 0.0328125 0.0140625
1 0.62734375 0.528125 0.0375 0.0234375
1 0.82109375 0.4359375 0.034375 0.01875
1 0.32890625 0.396875 0.0328125 0.015625
1 0.43828125 0.90078125 0.0375 0.021875
1 0.671875 0.45625 0.034375 0.01875
1 0.75703125 0.5859375 0.0359375 0.015625
1 0.80859375 0.84765625 0.03125 0.015625
4 0.44296875 0.81640625 0.053125 0.03125
0 0.21015625 0.20625 0.0359375 0.01875
1 0.70703125 0.89140625 0.0375 0.0203125
1 0.4828125 0.4390625 0.034375 0.01875
1 0.496875 0.8921875 0.0359375 0.0234375
1 0.33828125 0.37734375 0.0328125 0.015625
1 0.678125 0.8640625 0.034375 0.0171875
1 0.9859375 0.440625 0.028125 0.01875
1 0.0484375 0.5375 0.034375 0.0203125
1 0.76328125 0.52578125 0.034375 0.015625
1 0.1640625 0.39296875 0.0328125 0.0140625
1 0.83515625 0.878125 0.0359375 0.0203125
1 0.428125 0.47265625 0.0328125 0.01875
1 0.89140625 0.3375 0.034375 0.0171875
1 0.63203125 0.4328125 0.0328125 0.0171875
1 0.31328125 0.4578125 0.034375 0.0171875
1 0.78125 0.8984375 0.0390625 0.0265625
1 0.01484375 0.46796875 0.0296875 0.0171875
1 0.71796875 0.43515625 0.034375 0.0171875
1 0.63828125 0.44921875 0.034375 0.01875
2 0.2359375 0.234375 0.121875 0.053125
1 0.9671875 0.40546875 0.0359375 0.01875
1 0.8390625 0.31875 0.0328125 0.0140625
1 0.06171875 0.45625 0.0359375 0.0171875
1 0.453125 0.32890625 0.0328125 0.0140625
1 0.3890625 0.4140625 0.0328125 0.0171875
1 0.42890625 0.3328125 0.03125 0.0140625
1 0.459375 0.35546875 0.03125 0.0140625
1 0.91171875 0.371875 0.0328125 0.0171875
1 0.646875 0.86484375 0.034375 0.01875
1 0.83515625 0.86015625 0.034375 0.0140625
1 0.84765625 0.34765625 0.0328125 0.015625
1 0.7265625 0.4765625 0.0359375 0.01875
1 0.8484375 0.8765625 0.0359375 0.01875
1 0.9421875 0.45234375 0.034375 0.0203125
1 0.0484375 0.4546875 0.0359375 0.01875
1 0.77265625 0.54765625 0.0375 0.028125
1 0.62734375 0.34453125 0.0328125 0.015625
1 0.88359375 0.9171875 0.0421875 0.028125
1 0.553125 0.88359375 0.034375 0.021875
0 0.1453125 0.13046875 0.0359375 0.0171875
1 0.265625 0.546875 0.0359375 0.021875
1 0.46171875 0.3078125 0.03125 0.0125
1 0.98828125 0.4078125 0.0234375 0.015625
1 0.16796875 0.3609375 0.0328125 0.015625
1 0.12421875 0.378125 0.0328125 0.0140625
1 0.21171875 0.59453125 0.0359375 0.015625
1 0.93125 0.3609375 0.034375 0.015625
1 0.09921875 0.4390625 0.034375 0.0171875
1 0.059375 0.43515625 0.034375 0.015625
1 0.0609375 0.40546875 0.0328125 0.0140625
1 0.73671875 0.4640625 0.034375 0.01875
1 0.91015625 0.865625 0.034375 0.015625
1 0.9671875 0.37265625 0.034375 0.015625
1 0.80703125 0.60625 0.0375 0.0203125
1 0.84609375 0.8390625 0.03125 0.0125
1 0.76015625 0.553125 0.0375 0.0203125
1 0.68828125 0.89296875 0.0375 0.01875
1 0.55 0.64453125 0.034375 0.0125
1 0.8375 0.40859375 0.034375 0.01875
1 0.85859375 0.30234375 0.0328125 0.0140625
1 0.30234375 0.8375 0.0328125 0.0171875
1 0.75 0.83515625 0.03125 0.0125
1 0.50546875 0.64375 0.034375 0.0171875
1 0.1828125 0.31953125 0.0296875 0.0125
1 0.58828125 0.29296875 0.03125 0.0125
1 0.0078125 0.49375 0.015625 0.01875
1 0.38125 0.9109375 0.0328125 0.009375
1 0.984375 0.390625 0.03125 0.015625
1 0.56015625 0.29453125 0.03125 0.0125
1 0.83203125 0.2875 0.03125 0.0125
1 0.846875 0.3046875 0.03125 0.0140625
1 0.05 0.39765625 0.0328125 0.0140625
1 0.09609375 0.421875 0.0328125 0.0125
1 0.296875 0.3265625 0.03125 0.0140625
1 0.7 0.4484375 0.034375 0.0171875
1 0.64375 0.33984375 0.034375 0.015625
1 0.44609375 0.3703125 0.034375 0.0140625
1 0.8953125 0.88515625 0.0375 0.021875
1 0.1859375 0.6171875 0.0359375 0.0125
1 0.659375 0.325 0.0328125 0.015625
1 0.4796875 0.2953125 0.0328125 0.0125
1 0.40234375 0.30390625 0.0328125 0.0125
1 0.0828125 0.35546875 0.03125 0.0140625
1 0.4234375 0.309375 0.03125 0.0125
1 0.8234375 0.41015625 0.034375 0.01875
1 0.690625 0.43984375 0.034375 0.015625
1 0.6109375 0.29296875 0.03125 0.0125
1 0.80859375 0.4234375 0.0328125 0.0171875
1 0.08828125 0.43671875 0.034375 0.0171875
1 0.940625 0.34453125 0.034375 0.0171875
1 0.071875 0.43671875 0.0359375 0.0171875
1 0.86484375 0.90546875 0.0359375 0.0203125
1 0.86328125 0.8515625 0.03125 0.0140625
1 0.6359375 0.33046875 0.0328125 0.0140625
1 0.0078125 0.47109375 0.015625 0.0171875
1 0.14296875 0.32265625 0.03125 0.0125
1 0.93515625 0.3203125 0.0328125 0.0140625
1 0.95 0.353125 0.03125 0.0140625
1 0.92734375 0.334375 0.0328125 0.0125
1 0.390625 0.303125 0.0328125 0.0125
1 0.11640625 0.33515625 0.0328125 0.0125
1 0.440625 0.30390625 0.0328125 0.0140625
1 0.86640625 0.8765625 0.0359375 0.0140625
1 0.3171875 0.4453125 0.0328125 0.0140625
1 0.81171875 0.63671875 0.034375 0.009375
1 0.9 0.29296875 0.034375 0.0140625
1 0.2875 0.33359375 0.0328125 0.015625
1 0.08046875 0.41328125 0.0328125 0.0140625
1 0.53515625 0.296875 0.03125 0.0125
1 0.59609375 0.2921875 0.03125 0.0125
1 0.5296875 0.88828125 0.0328125 0.0203125
1 0.56484375 0.846875 0.0328125 0.0125
1 0.8796875 0.29609375 0.03125 0.0125
1 0.06484375 0.3921875 0.0328125 0.0109375
1 0.82265625 0.83046875 0.03125 0.0109375
1 0.91953125 0.31328125 0.034375 0.015625
1 0.5015625 0.30078125 0.034375 0.0125
1 0.83515625 0.83515625 0.0328125 0.0109375
1 0.70703125 0.4375 0.0328125 0.0140625
1 0.76015625 0.53671875 0.0359375 0.0125
1 0.4421875 0.85390625 0.0296875 0.009375
1 0.5453125 0.8390625 0.0296875 0.0125
1 0.04765625 0.38515625 0.0328125 0.0125
1 0.96328125 0.36015625 0.03125 0.0125
1 0.11015625 0.8734375 0.0296875 0.0109375
1 0.65390625 0.984375 0.046875 0.0234375
1 0.784375 0.63671875 0.0328125 0.0109375
1 0.88359375 0.871875 0.0328125 0.015625
1 0.1515625 0.31875 0.0328125 0.0125
1 0.16328125 0.3171875 0.0328125 0.0125
1 0.540625 0.81953125 0.03125 0.009375
4 0.2375 0.83671875 0.075 0.0421875
1 0.90390625 0.9171875 0.0375 0.0234375
1 0.09609375 0.3515625 0.034375 0.0125
1 0.171875 0.31796875 0.03125 0.0125
3 0.5703125 0.8140625 0.0625 0.059375
1 0.715625 0.4234375 0.0328125 0.0109375
1 0.88984375 0.834375 0.03125 0.0109375