3 0.31640625 0.35234375 0.0890625 0.0890625
2 0.2109375 0.2390625 0.1109375 0.06875
1 0.23203125 0.5734375 0.0328125 0.0265625
1 0.890625 0.478125 0.0328125 0.0234375
1 0.02265625 0.45078125 0.03125 0.0203125
1 0.50703125 0.55546875 0.0328125 0.025
1 0.34140625 0.47421875 0.03125 0.021875
1 0.17890625 0.46953125 0.0296875 0.021875
1 0.56796875 0.49921875 0.03125 0.0234375
1 0.584375 0.53828125 0.034375 0.0265625
2 0.7328125 0.209375 0.1140625 0.05625
1 0.6 0.5671875 0.034375 0.028125
1 0.934375 0.4046875 0.03125 0.021875
1 0.88359375 0.42421875 0.03125 0.0203125
1 0.67734375 0.40390625 0.03125 0.0203125
1 0.6703125 0.42421875 0.0296875 0.0234375
1 0.51953125 0.4859375 0.03125 0.0234375
1 0.9515625 0.38828125 0.0296875 0.0203125
1 0.88515625 0.4078125 0.0296875 0.01875
1 0.40859375 0.89375 0.0328125 0.025
1 0.9625 0.5375 0.0328125 0.0265625
1 0.5421875 0.41796875 0.0296875 0.0203125
1 0.646875 0.4 0.0296875 0.0203125
1 0.7125 0.3859375 0.03125 0.021875
1 0.6125 0.47421875 0.03125 0.021875
1 0.66796875 0.553125 0.0328125 0.025
1 0.04609375 0.4 0.0296875 0.01875
1 0.40546875 0.87734375 0.0296875 0.01875
1 0.846875 0.37578125 0.0296875 0.01875
1 0.54921875 0.43515625 0.0296875 0.0203125
1 0.71171875 0.43046875 0.0296875 0.01875
1 0.1703125 0.91953125 0.0328125 0.025
1 0.86640625 0.39921875 0.0296875 0.0203125
1 0.44375 0.36171875 0.0296875 0.01875
1 0.884375 0.35703125 0.028125 0.01875
1 0.284375 0.44296875 0.0296875 0.0203125
1 0.83828125 0.36171875 0.028125 0.01875
1 0.434375 0.346875 0.0296875 0.0203125
1 0.69296875 0.40390625 0.0296875 0.0203125
1 0.35859375 0.87109375 0.0296875 0.0203125
1 0.01484375 0.41640625 0.0296875 0.0203125
1 0.74375 0.46640625 0.0265625 0.01875
1 0.49375 0.40234375 0.0296875 0.01875
1 0.45078125 0.3828125 0.028125 0.01875
1 0.5671875 0.44453125 0.03125 0.0203125
0 0.6296875 0.18203125 0.03125 0.0234375
1 0.51796875 0.3390625 0.028125 0.01875
1 0.909375 0.353125 0.0296875 0.01875
1 0.91171875 0.37421875 0.0296875 0.0203125
1 0.496875 0.43671875 0.0296875 0.021875
1 0.19140625 0.91171875 0.03125 0.0234375
1 0.50859375 0.39375 0.0296875 0.01875
1 0.28203125 0.6359375 0.03125 0.0234375
1 0.61796875 0.63671875 0.028125 0.01875
1 0.53984375 0.5078125 0.03125 0.0234375
1 0.29609375 0.43515625 0.03125 0.01875
1 0.61171875 0.39453125 0.0296875 0.0203125
1 0.803125 0.40546875 0.0296875 0.0203125
1 0.02578125 0.43203125 0.0296875 0.01875
1 0.00625 0.4578125 0.0125 0.01875
0 0.6328125 0.22265625 0.03125 0.0234375
1 0.5546875 0.56328125 0.0328125 0.028125
1 0.7734375 0.62890625 0.0328125 0.021875
1 0.61171875 0.49296875 0.03125 0.0234375
1 0.41484375 0.30703125 0.028125 0.015625
1 0.5921875 0.41875 0.0296875 0.0203125
1 0.5296875 0.321875 0.028125 0.0171875
1 0.9109375 0.61953125 0.0328125 0.021875
1 0.821875 0.31796875 0.0265625 0.015625
1 0.49375 0.38515625 0.0296875 0.01875
1 0.87421875 0.3265625 0.028125 0.0171875
1 0.021875 0.39765625 0.0296875 0.0171875
1 0.109375 0.3546875 0.028125 0.0171875
1 0.14453125 0.32578125 0.028125 0.015625
1 0.4890625 0.42890625 0.0296875 0.0203125
1 0.61015625 0.6015625 0.028125 0.015625
4 0.65625 0.353125 0.0828125 0.0984375
1 0.7921875 0.3484375 0.03125 0.0203125
1 0.1578125 0.3421875 0.0265625 0.015625
1 0.22734375 0.96953125 0.0421875 0.040625
1 0.08515625 0.35078125 0.028125 0.0171875
1 0.4 0.31640625 0.028125 0.015625
1 0.24296875 0.85859375 0.0265625 0.0140625
1 0.10859375 0.8984375 0.028125 0.01875
1 0.9875 0.53125 0.025 0.01875
1 0.4265625 0.325 0.028125 0.015625
1 0.7671875 0.6015625 0.0328125 0.025
1 0.28515625 0.85625 0.025 0.0140625
0 0.8375 0.790625 0.05 0.046875
1 0.5671875 0.61171875 0.0328125 0.025
0 0.5671875 0.759375 0.0296875 0.0234375
1 0.93515625 0.38828125 0.03125 0.0203125
1 0.7109375 0.44921875 0.0296875 0.01875
1 0.60234375 0.271875 0.0296875 0.0203125
1 0.803125 0.37421875 0.028125 0.0203125
1 0.4921875 0.30078125 0.028125 0.015625
1 0.21875 0.8625 0.025 0.0140625
3 0.56953125 0.36328125 0.1 0.1
1 0.53125 0.3 0.028125 0.015625
1 0.05234375 0.3625 0.0296875 0.0171875
1 0.29609375 0.421875 0.03125 0.0171875
1 0.15703125 0.97109375 0.0375 0.0328125
1 0.071875 0.34453125 0.028125 0.015625
1 0.70390625 0.42890625 0.028125 0.015625
1 0.1328125 0.32578125 0.028125 0.015625
1 0.61875 0.290625 0.0265625 0.015625
1 0.85390625 0.309375 0.028125 0.015625
1 0.20546875 0.971875 0.040625 0.0390625
1 0.5609375 0.29296875 0.028125 0.015625
1 0.86328125 0.315625 0.0296875 0.0171875
1 0.12890625 0.903125 0.03125 0.01875
1 0.4609375 0.8390625 0.025 0.015625
1 0.28125 0.86171875 0.0265625 0.0140625
1 0.65078125 0.28046875 0.0296875 0.01875
1 0.13828125 0.89921875 0.0296875 0.0171875
1 0.09296875 0.334375 0.03125 0.01875
1 0.60078125 0.3796875 0.0296875 0.0203125
1 0.91875 0.365625 0.0296875 0.0171875
1 0.67890625 0.28984375 0.028125 0.015625
1 0.07421875 0.9609375 0.0359375 0.0296875
1 0.815625 0.28359375 0.0296875 0.0171875
1 0.875 0.60234375 0.0328125 0.0234375
1 0.921875 0.37890625 0.028125 0.015625
1 0.26015625 0.86640625 0.028125 0.015625
1 0.684375 0.8046875 0.0265625 0.0171875
1 0.50078125 0.3734375 0.028125 0.015625
1 0.14765625 0.87734375 0.0265625 0.015625
1 0.7890625 0.38359375 0.028125 0.015625
1 0.678125 0.30625 0.028125 0.0171875
1 0.0921875 0.9546875 0.0359375 0.0359375
1 0.11640625 0.32578125 0.0296875 0.015625
1 0.18515625 0.971875 0.0390625 0.03125
1 0.8015625 0.38828125 0.028125 0.0140625
1 0.578125 0.40546875 0.0296875 0.01875
1 0.93515625 0.35390625 0.0296875 0.0171875
1 0.696875 0.32578125 0.0296875 0.0203125
1 0.87265625 0.31328125 0.028125 0.01875
1 0.92265625 0.34921875 0.0296875 0.01875
1 0.1734375 0.9015625 0.0265625 0.0140625
1 0.11328125 0.34375 0.0296875 0.015625
1 0.16328125 0.32734375 0.028125 0.0140625
1 0.64609375 0.29609375 0.028125 0.0171875
1 0.91171875 0.34296875 0.0265625 0.0140625
1 0.1921875 0.865625 0.0265625 0.0140625