4 0.796875 0.85703125 0.096875 0.1109375
2 0.77109375 0.21875 0.0859375 0.06015625
4 0.96015625 0.4 0.0796875 0.09765625
4 0.7328125 0.51875 0.06640625 0.1171875
3 0.55546875 0.2875 0.05078125 0.0671875
1 0.28203125 0.53125 0.0125 0.02109375
1 0.1828125 0.4453125 0.01015625 0.015625
1 0.28359375 0.4984375 0.01171875 0.0203125
1 0.08203125 0.440625 0.01015625 0.01640625
0 0.84296875 0.03984375 0.0125 0.0203125
1 0.06015625 0.45703125 0.01171875 0.01796875
0 0.8578125 0.07734375 0.01171875 0.0203125
2 0.24921875 0.2265625 0.0921875 0.04609375
1 0.38359375 0.89453125 0.01484375 0.02421875
1 0.60859375 0.90078125 0.01328125 0.015625
1 0.54765625 0.490625 0.01171875 0.0203125
1 0.503125 0.4296875 0.01015625 0.015625
3 0.4953125 0.5640625 0.08515625 0.13515625
1 0.684375 0.42578125 0.009375 0.01875
1 0.634375 0.3703125 0.01015625 0.015625
1 0.403125 0.471875 0.01015625 0.0203125
1 0.02578125 0.57578125 0.01171875 0.02109375
1 0.35078125 0.478125 0.0109375 0.01875
1 0.21171875 0.459375 0.01015625 0.01796875
1 0.46484375 0.4078125 0.00859375 0.0171875
1 0.5796875 0.39140625 0.00859375 0.01484375
1 0.95078125 0.48203125 0.01171875 0.01875
1 0.31796875 0.87890625 0.009375 0.01796875
0 0.3796875 0.209375 0.01640625 0.025
1 0.63046875 0.88828125 0.0125 0.02265625
1 0.60703125 0.36640625 0.0078125 0.0140625
1 0.02265625 0.446875 0.01171875 0.01796875
0 0.94296875 0.2828125 0.01015625 0.01796875
0 0.94765625 0.2578125 0.01171875 0.01875
1 0.8203125 0.39765625 0.01015625 0.01640625
1 0.61484375 0.40703125 0.009375 0.01640625
1 0.3515625 0.875 0.01015625 0.0171875
1 0.39609375 0.42734375 0.01015625 0.01875
1 0.6546875 0.3859375 0.01015625 0.01796875
1 0.23203125 0.47265625 0.0125 0.021875
1 0.565625 0.425 0.01015625 0.0171875
1 0.8703125 0.353125 0.00859375 0.0140625
1 0.31953125 0.39453125 0.00859375 0.015625
1 0.484375 0.446875 0.01328125 0.02421875
1 0.6734375 0.90078125 0.0140625 0.01640625
1 0.821875 0.37109375 0.009375 0.015625
4 0.22421875 0.8265625 0.040625 0.0453125
0 0.92734375 0.15703125 0.0125 0.01953125
1 0.6484375 0.33359375 0.0078125 0.01328125
1 0.64765625 0.35078125 0.00859375 0.01484375
1 0.153125 0.38203125 0.00859375 0.01484375
0 0.87265625 0.05 0.0125 0.02265625
0 0.8125 0.0671875 0.0125 0.01953125
1 0.446875 0.58984375 0.0125 0.01484375
1 0.24453125 0.64609375 0.01328125 0.01796875
1 0.6046875 0.42265625 0.00859375 0.01640625
1 0.5921875 0.3671875 0.0078125 0.0140625
0 0.93671875 0.21640625 0.0125 0.02109375
1 0.1546875 0.44140625 0.00859375 0.01484375
1 0.8390625 0.4265625 0.01015625 0.0171875
1 0.61796875 0.3359375 0.0078125 0.01484375
0 0.7734375 0.75859375 0.0125 0.021875
1 0.88359375 0.403125 0.00859375 0.0171875
1 0.49921875 0.409375 0.01015625 0.01640625
1 0.39140625 0.36796875 0.0078125 0.01484375
1 0.1921875 0.92578125 0.01484375 0.02421875
1 0.34140625 0.33515625 0.0078125 0.0140625
1 0.70625 0.37109375 0.00859375 0.0140625
1 0.315625 0.52421875 0.0109375 0.02109375
0 0.39765625 0.2453125 0.015625 0.02421875
0 0.0296875 0.0515625 0.0140625 0.01953125
1 0.64765625 0.8671875 0.0109375 0.01796875
1 0.58984375 0.87734375 0.0109375 0.01875
0 0.94921875 0.2203125 0.0125 0.01953125
1 0.30703125 0.85625 0.00859375 0.0140625
0 0.90859375 0.12265625 0.01328125 0.0203125
0 0.95859375 0.31875 0.01171875 0.01796875
1 0.875 0.4046875 0.0109375 0.01640625
1 0.67109375 0.87265625 0.01015625 0.0171875
1 0.61484375 0.87578125 0.01171875 0.01953125
1 0.04296875 0.51015625 0.009375 0.01953125
1 0.5609375 0.3421875 0.009375 0.01328125
1 0.56875 0.90546875 0.01015625 0.0109375
1 0.64765625 0.37109375 0.009375 0.01484375
1 0.190625 0.340625 0.0078125 0.0140625
1 0.52890625 0.34296875 0.00859375 0.01328125
0 0.93828125 0.13984375 0.01328125 0.0203125
1 0.3265625 0.859375 0.01015625 0.01484375
1 0.8515625 0.315625 0.0078125 0.01328125
1 0.41640625 0.8546875 0.009375 0.01640625
1 0.74609375 0.6203125 0.0140625 0.02109375
1 0.8359375 0.3296875 0.009375 0.0125
1 0.5703125 0.325 0.00859375 0.0125
1 0.3375 0.38046875 0.009375 0.0171875
1 0.45234375 0.64609375 0.01171875 0.0140625
0 0.78828125 0.13125 0.0109375 0.01953125
1 0.040625 0.421875 0.01015625 0.01640625
1 0.6640625 0.34140625 0.00859375 0.01328125
1 0.37421875 0.3046875 0.0078125 0.0125
1 0.69921875 0.35625 0.00859375 0.01484375
1 0.94765625 0.51171875 0.00859375 0.01875
1 0.11171875 0.91875 0.0140625 0.02578125
1 0.0796875 0.378125 0.0125 0.015625
1 0.9 0.64296875 0.0140625 0.01875
0 0.75703125 0.70234375 0.0125 0.01796875
1 0.70078125 0.865625 0.01015625 0.015625
1 0.140625 0.95625 0.01953125 0.0328125
0 0.840625 0.06015625 0.0109375 0.015625
1 0.565625 0.39921875 0.01015625 0.015625
1 0.06171875 0.99296875 0.01796875 0.01328125
1 0.0671875 0.40078125 0.00859375 0.0140625
1 0.7 0.34296875 0.00859375 0.0125
1 0.5703125 0.84609375 0.00859375 0.01328125
1 0.56328125 0.88046875 0.0125 0.0203125
1 0.73828125 0.87578125 0.009375 0.0171875
1 0.021875 0.42734375 0.01171875 0.01640625
1 0.871875 0.3375 0.00859375 0.0140625
1 0.553125 0.39921875 0.009375 0.015625
1 0.45078125 0.86015625 0.009375 0.01875
1 0.10234375 0.9484375 0.0171875 0.034375
0 0.815625 0.0390625 0.0125 0.01953125
1 0.8765625 0.6453125 0.01171875 0.015625
1 0.6421875 0.30859375 0.00625 0.01328125
1 0.38515625 0.303125 0.00703125 0.01171875
0 0.85234375 0.01640625 0.0109375 0.0203125
1 0.28671875 0.646875 0.0109375 0.0140625
0 0.92578125 0.11484375 0.01328125 0.0203125
1 0.06484375 0.89609375 0.01171875 0.01796875
1 0.45078125 0.34765625 0.0140625 0.02265625
1 0.1421875 0.35390625 0.01015625 0.0140625
1 0.66171875 0.3234375 0.009375 0.01328125
1 0.07734375 0.39765625 0.009375 0.0171875
1 0.60859375 0.31015625 0.0078125 0.0125
1 0.60234375 0.31875 0.00859375 0.01328125
1 0.1640625 0.92734375 0.015625 0.0234375
1 0.80625 0.49453125 0.0078125 0.0125
1 0.92734375 0.88203125 0.01015625 0.015625
1 0.375 0.353125 0.01015625 0.0125
1 0.8859375 0.3265625 0.009375 0.01328125
1 0.921875 0.3296875 0.00859375 0.01328125
1 0.15234375 0.3078125 0.009375 0.0125
1 0.37734375 0.37578125 0.009375 0.01484375
1 0.51953125 0.29453125 0.00703125 0.01171875
0 0.86953125 0.01640625 0.0125 0.0203125
1 0.66484375 0.29765625 0.0078125 0.0109375
1 0.44375 0.84375 0.00625 0.0109375
1 0.37890625 0.3421875 0.00703125 0.0109375
1 0.10234375 0.99453125 0.01640625 0.01015625
1 0.18046875 0.30546875 0.00625 0.0125
1 0.90625 0.98984375 0.0203125 0.01953125
1 0.8796875 0.3 0.00703125 0.01171875
1 0.88203125 0.8515625 0.00703125 0.0125
0 0.91796875 0.05 0.01484375 0.021875
1 0.45 0.571875 0.01171875 0.01796875
1 0.12265625 0.3375 0.0078125 0.01328125
1 0.41796875 0.29609375 0.00703125 0.01171875
1 0.471875 0.5328125 0.0109375 0.0171875
1 0.18828125 0.30859375 0.0078125 0.0140625
1 0.4875 0.2953125 0.01015625 0.01171875
1 0.21328125 0.865625 0.0078125 0.0140625
1 0.7046875 0.309375 0.00859375 0.015625
0 0.89765625 0.0515625 0.01328125 0.01953125
1 0.2859375 0.6265625 0.01171875 0.01484375
1 0.06328125 0.91875 0.01328125 0.02578125
1 0.684375 0.85 0.00859375 0.01328125
1 0.909375 0.8546875 0.009375 0.0109375
1 0.2359375 0.8921875 0.0140625 0.01953125
1 0.5953125 0.31796875 0.0078125 0.01328125
1 0.89609375 0.30546875 0.00859375 0.01484375
1 0.58125 0.31796875 0.0109375 0.01328125
1 0.11171875 0.340625 0.009375 0.0140625
1 0.4375 0.2953125 0.01015625 0.01171875
1 0.74453125 0.85625 0.00703125 0.01171875
1 0.66015625 0.86484375 0.01015625 0.015625
1 0.12734375 0.32578125 0.00703125 0.01171875
1 0.12578125 0.3078125 0.009375 0.01171875
1 0.4 0.296875 0.009375 0.01171875
1 0.09765625 0.34765625 0.009375 0.015625
0 0.83671875 0.0984375 0.01171875 0.01875
1 0.91640625 0.97265625 0.0078125 0.01171875
1 0.65546875 0.30078125 0.0078125 0.0109375
1 0.5609375 0.828125 0.01015625 0.0125
1 0.11328125 0.8921875 0.01171875 0.015625
1 0.67734375 0.8296875 0.00546875 0.01015625
1 0.1203125 0.325 0.00859375 0.01171875
0 0.825 0.1 0.0109375 0.0171875
1 0.56953125 0.82734375 0.00859375 0.0125
1 0.05859375 0.378125 0.01015625 0.01328125
1 0.60390625 0.29453125 0.00703125 0.0125
1 0.09921875 0.3328125 0.00859375 0.01171875
0 0.90546875 0.0236111109375 0.896875 0.0236111109375 0.89375 0.0375 0.90625 0.0361111109375 0.9078125 0.027777778125000003 0.90546875 0.0236111109375
0 0.12734375 0.8833333328125 0.13828125 0.9041666671874999 0.15703125 0.9138888890624999 0.17734375 0.897222221875 0.1859375 0.85555555625 0.18359375 0.8361111109375001 0.17578125 0.815277778125 0.16171875 0.8013888890624999 0.146875 0.797222221875 0.1328125 0.8055555562500001 0.12265625 0.825 0.1203125 0.8444444437499999 0.12265625 0.8625 0.128125 0.8763888890624999 0.12734375 0.8833333328125
0 0.2515625 0.975 0.26328125 0.95 0.26328125 0.9277777781250001 0.25234375 0.9055555562500001 0.234375 0.9055555562500001 0.2265625 0.9236111109375 0.22578125 0.9541666671875 0.23046875 0.972222221875 0.23515625 0.977777778125 0.2515625 0.975