4 0.3078125 0.85390625 0.07890625 0.0875
3 0.53203125 0.38203125 0.0609375 0.09609375
4 0.13125 0.4125 0.0640625 0.08671875
4 0.43515625 0.5328125 0.1046875 0.1359375
1 0.28515625 0.44609375 0.009375 0.01796875
1 0.77265625 0.5546875 0.01328125 0.02265625
1 0.215625 0.56796875 0.01328125 0.02265625
3 0.90234375 0.3125 0.06640625 0.09765625
1 0.6296875 0.45234375 0.0109375 0.0171875
1 0.596875 0.42109375 0.01015625 0.01640625
1 0.62265625 0.50546875 0.01171875 0.02109375
1 0.409375 0.43125 0.01015625 0.0171875
1 0.74453125 0.534375 0.0125 0.021875
2 0.2484375 0.2265625 0.0921875 0.046875
1 0.69453125 0.4890625 0.0109375 0.01953125
1 0.69921875 0.43203125 0.009375 0.01796875
1 0.35234375 0.4609375 0.0109375 0.01953125
1 0.46328125 0.4328125 0.01015625 0.01796875
1 0.62109375 0.5578125 0.0125 0.0203125
1 0.059375 0.528125 0.0125 0.02109375
1 0.08359375 0.425 0.009375 0.01640625
1 0.95078125 0.5328125 0.01328125 0.02265625
2 0.7734375 0.221875 0.08828125 0.05703125
1 0.39453125 0.4484375 0.0109375 0.01875
1 0.303125 0.4484375 0.0109375 0.0171875
1 0.02890625 0.4390625 0.0109375 0.0171875
1 0.8203125 0.42578125 0.0109375 0.01796875
1 0.57265625 0.9015625 0.01328125 0.015625
1 0.90234375 0.36875 0.00859375 0.0140625
1 0.325 0.45078125 0.01015625 0.01875
1 0.571875 0.44296875 0.01015625 0.01640625
1 0.3984375 0.43203125 0.01015625 0.01640625
1 0.71796875 0.853125 0.0078125 0.01328125
1 0.4953125 0.39453125 0.01015625 0.01640625
1 0.4375 0.43203125 0.0109375 0.0171875
1 0.37734375 0.37421875 0.009375 0.01640625
1 0.56171875 0.428125 0.0109375 0.01640625
1 0.67265625 0.34296875 0.00859375 0.01484375
1 0.01328125 0.42421875 0.01015625 0.015625
1 0.2453125 0.8859375 0.0109375 0.01796875
1 0.18828125 0.39453125 0.00859375 0.015625
1 0.18984375 0.93125 0.01484375 0.021875
0 0.821875 0.17109375 0.01171875 0.01796875
1 0.56328125 0.4765625 0.0109375 0.01875
1 0.44453125 0.3703125 0.0078125 0.01328125
1 0.1359375 0.56484375 0.01328125 0.02265625
1 0.1015625 0.44765625 0.0109375 0.01875
1 0.6359375 0.3171875 0.00859375 0.01484375
1 0.609375 0.4046875 0.0109375 0.0140625
1 0.33671875 0.3796875 0.009375 0.01328125
0 0.9171875 0.24140625 0.009375 0.01640625
1 0.63203125 0.40703125 0.009375 0.01640625
1 0.93984375 0.390625 0.0109375 0.01640625
1 0.32421875 0.340625 0.00859375 0.01328125
1 0.03359375 0.421875 0.01171875 0.01640625
1 0.66796875 0.8578125 0.009375 0.0140625
1 0.19375 0.96171875 0.021875 0.0359375
1 0.925 0.36640625 0.01015625 0.0140625
1 0.62265625 0.41484375 0.01015625 0.01640625
1 0.05078125 0.49453125 0.01171875 0.01953125
1 0.678125 0.38671875 0.009375 0.01640625
1 0.996875 0.42421875 0.00625 0.015625
1 0.96640625 0.403125 0.0109375 0.015625
1 0.428125 0.9046875 0.0109375 0.01171875
1 0.05 0.42109375 0.0109375 0.015625
1 0.65234375 0.40234375 0.01015625 0.0171875
1 0.3484375 0.903125 0.01171875 0.01328125
1 0.6171875 0.31796875 0.00703125 0.0125
1 0.5421875 0.88984375 0.0125 0.0234375
1 0.56171875 0.884375 0.0109375 0.01953125
1 0.33671875 0.39453125 0.0109375 0.015625
0 0.915625 0.178125 0.01015625 0.01640625
1 0.56640625 0.3984375 0.00859375 0.015625
1 0.18515625 0.30390625 0.009375 0.01171875
1 0.121875 0.36015625 0.0078125 0.015625
0 0.1765625 0.809375 0.01640625 0.028125
1 0.509375 0.309375 0.0078125 0.0140625
1 0.36796875 0.303125 0.00625 0.01171875
1 0.159375 0.92734375 0.015625 0.025
1 0.1265625 0.64609375 0.0125 0.01640625
1 0.57890625 0.3921875 0.00859375 0.01484375
1 0.665625 0.3078125 0.00703125 0.01171875
1 0.95703125 0.38984375 0.01015625 0.01484375
1 0.32109375 0.39921875 0.009375 0.015625
1 0.68515625 0.409375 0.01015625 0.0171875
1 0.19375 0.3453125 0.00703125 0.01328125
0 0.78671875 0.23046875 0.01171875 0.0171875
1 0.9359375 0.36875 0.01015625 0.01484375
1 0.8421875 0.86796875 0.0078125 0.0140625
1 0.640625 0.3859375 0.01015625 0.01640625
1 0.48359375 0.3515625 0.0078125 0.01328125
1 0.30234375 0.4296875 0.01171875 0.0171875
1 0.32265625 0.38515625 0.00859375 0.01171875
1 0.2328125 0.8828125 0.01015625 0.01640625
1 0.20546875 0.89453125 0.01171875 0.01953125
1 0.8578125 0.89453125 0.0125 0.0203125
1 0.35 0.8859375 0.01171875 0.01953125
1 0.09375 0.978125 0.0203125 0.0328125
1 0.325 0.61171875 0.0125 0.01875
1 0.56328125 0.38046875 0.00859375 0.0140625
1 0.1046875 0.39140625 0.009375 0.01328125
0 0.13359375 0.82578125 0.015625 0.02734375
1 0.67109375 0.40234375 0.01171875 0.01875
1 0.065625 0.41640625 0.01171875 0.015625
1 0.16875 0.98984375 0.0203125 0.01953125
1 0.62265625 0.33671875 0.009375 0.01484375
1 0.49140625 0.36015625 0.00703125 0.01328125
1 0.6015625 0.375 0.01015625 0.015625
1 0.8671875 0.30234375 0.009375 0.0140625
1 0.15546875 0.64921875 0.01171875 0.01171875
1 0.66328125 0.3359375 0.0078125 0.0140625
1 0.43359375 0.32890625 0.00703125 0.0125
1 0.16796875 0.34296875 0.00703125 0.0125
1 0.50703125 0.3421875 0.00625 0.01171875
1 0.8078125 0.09765625 0.0109375 0.0203125
1 0.84140625 0.3 0.00859375 0.01328125
1 0.72265625 0.62421875 0.009375 0.01875
1 0.828125 0.29921875 0.00703125 0.0125
1 0.66171875 0.39921875 0.01015625 0.01875
1 0.2140625 0.88203125 0.01015625 0.0140625
1 0.17578125 0.34921875 0.009375 0.01328125
1 0.78984375 0.8453125 0.00625 0.0109375
1 0.07734375 0.371875 0.009375 0.0140625
1 0.22109375 0.86953125 0.0109375 0.01484375
1 0.67890625 0.83359375 0.00546875 0.009375
1 0.234375 0.853125 0.0078125 0.01171875
1 0.71484375 0.6234375 0.009375 0.01953125
1 0.8828125 0.91796875 0.01328125 0.02265625
1 0.584375 0.40078125 0.0109375 0.01484375
1 0.02265625 0.39375 0.009375 0.0140625
1 0.85 0.3 0.009375 0.01328125
1 0.5703125 0.846875 0.009375 0.01171875
1 0.259375 0.85078125 0.0078125 0.01328125
1 0.21640625 0.60703125 0.0125 0.0140625
1 0.89453125 0.915625 0.01171875 0.0234375
1 0.7453125 0.8453125 0.0109375 0.01796875
1 0.1640625 0.3265625 0.01015625 0.0125
1 0.10078125 0.93203125 0.01484375 0.02421875
1 0.15859375 0.8921875 0.01328125 0.02109375
1 0.49453125 0.3765625 0.00859375 0.01171875
1 0.34296875 0.3 0.00703125 0.0125
1 0.246875 0.87109375 0.01015625 0.0109375
4 0.890625 0.840625 0.03828125 0.0515625
1 0.953125 0.34375 0.0109375 0.01796875
1 0.72734375 0.84453125 0.00703125 0.01328125
1 0.296875 0.64921875 0.0078125 0.009375
1 0.6578125 0.86484375 0.00703125 0.01171875
1 0.9890625 0.38671875 0.0125 0.0171875
0 0.75625 0.1890625 0.009375 0.01875
1 0.5609375 0.346875 0.00859375 0.0140625
1 0.1703125 0.30390625 0.00859375 0.01171875
1 0.003125 0.43515625 0.00625 0.015625
1 0.07578125 0.40703125 0.00859375 0.01328125
1 0.96875 0.37890625 0.00859375 0.01171875
1 0.765625 0.83984375 0.0078125 0.0109375
1 0.2734375 0.84609375 0.00859375 0.01015625
1 0.11796875 0.32890625 0.009375 0.0140625
1 0.97265625 0.39296875 0.01171875 0.01328125
1 0.0890625 0.41015625 0.00859375 0.01171875
1 0.06640625 0.39921875 0.009375 0.0125
1 0.4796875 0.8515625 0.00625 0.01015625
1 0.8484375 0.88359375 0.0109375 0.015625
1 0.24765625 0.85078125 0.0109375 0.01328125
1 0.996875 0.37265625 0.00625 0.01171875
1 0.5015625 0.36875 0.00859375 0.01171875
1 0.07109375 0.98828125 0.0203125 0.021875
1 0.578125 0.88125 0.00625 0.01171875
1 0.46640625 0.85234375 0.0078125 0.009375
1 0.14375 0.32578125 0.0078125 0.0125
1 0.0546875 0.3703125 0.0109375 0.01640625
1 0.80390625 0.840625 0.0078125 0.009375
1 0.45546875 0.8375 0.00625 0.0109375