2 0.75390625 0.20859375 0.090625 0.0546875
2 0.23828125 0.2171875 0.0875 0.0625
4 0.14453125 0.2703125 0.065625 0.0765625
1 0.72890625 0.578125 0.0125 0.021875
1 0.35390625 0.89453125 0.0109375 0.015625
1 0.3796875 0.49296875 0.0109375 0.0171875
1 0.64140625 0.55390625 0.0125 0.021875
1 0.84921875 0.4046875 0.009375 0.0171875
1 0.60390625 0.459375 0.0125 0.01875
1 0.71953125 0.515625 0.0125 0.01875
0 0.03046875 0.14453125 0.0125 0.0203125
1 0.26015625 0.54375 0.0125 0.0203125
1 0.31796875 0.55390625 0.0125 0.021875
1 0.565625 0.43046875 0.009375 0.0171875
1 0.68046875 0.9015625 0.0109375 0.015625
3 0.2109375 0.8828125 0.075 0.1046875
1 0.62109375 0.47890625 0.0109375 0.01875
0 0.059375 0.16796875 0.0125 0.021875
1 0.1484375 0.3734375 0.009375 0.015625
1 0.66015625 0.521875 0.0125 0.0203125
1 0.628125 0.3859375 0.009375 0.01875
1 0.4390625 0.403125 0.009375 0.015625
0 0.128125 0.16875 0.0125 0.01875
1 0.040625 0.4703125 0.0125 0.01875
0 0.17734375 0.203125 0.0109375 0.01875
1 0.7296875 0.42734375 0.009375 0.0171875
1 0.42734375 0.4296875 0.009375 0.015625
4 0.42265625 0.8484375 0.0671875 0.096875
1 0.73359375 0.9015625 0.0125 0.01875
3 0.075 0.421875 0.096875 0.090625
1 0.575 0.3734375 0.009375 0.015625
1 0.553125 0.34453125 0.009375 0.015625
1 0.39609375 0.51640625 0.0125 0.0203125
1 0.28984375 0.43125 0.0109375 0.01875
1 0.45234375 0.47890625 0.0125 0.0171875
1 0.6921875 0.88203125 0.0078125 0.015625
1 0.1765625 0.36875 0.009375 0.015625
1 0.88515625 0.396875 0.009375 0.0171875
0 0.0421875 0.18828125 0.0125 0.021875
1 0.31875 0.51953125 0.0125 0.01875
1 0.7078125 0.88359375 0.009375 0.015625
0 0.16484375 0.159375 0.0125 0.021875
1 0.3734375 0.51328125 0.0125 0.01875
1 0.16640625 0.40546875 0.0125 0.01875
1 0.28515625 0.58125 0.0125 0.021875
1 0.5484375 0.44765625 0.009375 0.01875
1 0.965625 0.41640625 0.0109375 0.0171875
0 0.00703125 0.2265625 0.0125 0.01875
1 0.9328125 0.39765625 0.009375 0.0171875
1 0.35859375 0.47890625 0.0125 0.0171875
1 0.65390625 0.36484375 0.009375 0.015625
1 0.096875 0.33203125 0.0078125 0.0140625
1 0.49375 0.434375 0.009375 0.015625
1 0.14609375 0.34609375 0.009375 0.015625
1 0.771875 0.89296875 0.009375 0.015625
1 0.353125 0.35 0.009375 0.015625
1 0.878125 0.290625 0.0078125 0.0125
1 0.23203125 0.95390625 0.015625 0.028125
1 0.41640625 0.37109375 0.009375 0.015625
1 0.6546875 0.88984375 0.0125 0.015625
1 0.57421875 0.50703125 0.0109375 0.021875
1 0.44375 0.378125 0.009375 0.015625
0 0.1765625 0.71796875 0.0125 0.025
1 0.46328125 0.4046875 0.009375 0.015625
1 0.4 0.4171875 0.009375 0.015625
1 0.39296875 0.45390625 0.009375 0.015625
1 0.58984375 0.41796875 0.009375 0.015625
1 0.88984375 0.30234375 0.0078125 0.0125
1 0.328125 0.46640625 0.009375 0.015625
1 0.5890625 0.478125 0.0109375 0.01875
1 0.27890625 0.446875 0.009375 0.0171875
1 0.6078125 0.33203125 0.009375 0.0140625
1 0.55625 0.46875 0.0078125 0.01875
1 0.29375 0.3390625 0.009375 0.015625
1 0.4234375 0.48671875 0.0125 0.01875
1 0.371875 0.315625 0.0078125 0.0140625
4 0.12265625 0.89375 0.1 0.103125
1 0.30859375 0.46484375 0.0125 0.01875
1 0.515625 0.3390625 0.009375 0.015625
3 0.33984375 0.4140625 0.075 0.1015625
1 0.421875 0.3453125 0.009375 0.015625
1 0.54609375 0.64609375 0.0125 0.0125
1 0.07109375 0.32265625 0.00625 0.0125
1 0.0921875 0.94296875 0.0140625 0.021875
1 0.34921875 0.5140625 0.0125 0.015625
1 0.26484375 0.521875 0.0109375 0.01875
1 0.5390625 0.38203125 0.009375 0.0171875
1 0.6734375 0.440625 0.009375 0.015625
1 0.33515625 0.5671875 0.009375 0.01875
1 0.43984375 0.47578125 0.0125 0.0171875
1 0.18203125 0.940625 0.015625 0.025
1 0.6734375 0.4578125 0.0109375 0.01875
1 0.53359375 0.58046875 0.009375 0.0203125
1 0.51875 0.45859375 0.009375 0.0171875
1 0.46796875 0.42578125 0.0109375 0.015625
1 0.571875 0.35 0.009375 0.015625
1 0.41875 0.403125 0.009375 0.015625
1 0.30859375 0.50078125 0.0109375 0.01875
1 0.8890625 0.5171875 0.0125 0.015625
1 0.49375 0.37265625 0.0078125 0.015625
1 0.3859375 0.384375 0.009375 0.015625
1 0.134375 0.32578125 0.009375 0.0125
1 0.09609375 0.30703125 0.009375 0.0125
0 0.165625 0.7390625 0.0125 0.025
1 0.69375 0.3796875 0.009375 0.0125
1 0.59609375 0.34375 0.009375 0.015625
0 0.19296875 0.203125 0.009375 0.01875
1 0.3953125 0.48203125 0.009375 0.015625
1 0.7125 0.45625 0.0109375 0.01875
1 0.48515625 0.38671875 0.009375 0.015625
1 0.94453125 0.40546875 0.0109375 0.015625
0 0.1859375 0.17578125 0.0125 0.01875
1 0.6984375 0.3921875 0.009375 0.015625
1 0.51640625 0.39921875 0.009375 0.015625
1 0.4265625 0.46328125 0.0125 0.015625
1 0.2609375 0.50625 0.009375 0.015625
1 0.78359375 0.4921875 0.009375 0.015625
1 0.50703125 0.35625 0.009375 0.015625
0 0.11171875 0.1234375 0.0125 0.01875
1 0.4390625 0.45703125 0.0125 0.015625
1 0.81015625 0.30390625 0.00625 0.0125
1 0.40078125 0.36015625 0.009375 0.015625
1 0.49609375 0.296875 0.00625 0.0140625
1 0.62578125 0.27890625 0.009375 0.0125
1 0.075 0.33515625 0.009375 0.0140625
0 0.046875 0.15859375 0.0125 0.01875
1 0.4046875 0.4859375 0.0109375 0.01875
1 0.928125 0.31875 0.009375 0.0125
1 0.61640625 0.28515625 0.009375 0.0140625
1 0.32265625 0.31953125 0.00625 0.0125
1 0.28046875 0.890625 0.009375 0.015625
1 0.975 0.3421875 0.009375 0.0140625
1 0.41484375 0.26328125 0.0078125 0.0140625
1 0.003125 0.471875 0.00625 0.0171875
1 0.59296875 0.27734375 0.0078125 0.0125
1 0.49296875 0.34296875 0.009375 0.0125
1 0.51875 0.3828125 0.009375 0.0125
1 0.02265625 0.45078125 0.0140625 0.021875
1 0.53046875 0.39921875 0.009375 0.0171875
0 0.1578125 0.7921875 0.015625 0.0296875
1 0.79453125 0.909375 0.015625 0.0234375
1 0.87578125 0.365625 0.0109375 0.015625
1 0.85625 0.2703125 0.0078125 0.0125
1 0.3078125 0.30078125 0.0078125 0.0140625
1 0.49453125 0.52109375 0.009375 0.0125
1 0.65546875 0.3109375 0.009375 0.0125
1 0.26640625 0.4796875 0.0125 0.0171875
1 0.28203125 0.46484375 0.009375 0.0140625
1 0.25546875 0.9109375 0.0125 0.025
1 0.725 0.5 0.0109375 0.01875
1 0.46015625 0.35546875 0.009375 0.015625
1 0.328125 0.34765625 0.0109375 0.0171875
1 0.3796875 0.26640625 0.0078125 0.0125
1 0.66875 0.30546875 0.0078125 0.0125
1 0.375 0.44453125 0.0109375 0.01875
1 0.34375 0.2953125 0.0078125 0.0140625
0 0.15 0.10078125 0.0125 0.0203125
1 0.45546875 0.45234375 0.0109375 0.01875
1 0.51953125 0.2609375 0.009375 0.0140625
1 0.515625 0.89453125 0.0078125 0.0125
1 0.39609375 0.3953125 0.0109375 0.015625
1 0.95078125 0.97421875 0.01875 0.0359375
4 0.01484375 0.4046875 0.028125 0.125
0 0.01015625 0.24375 0.0125 0.015625
1 0.42890625 0.4015625 0.0109375 0.015625
1 0.675 0.31875 0.009375 0.0125
1 0.3140625 0.8765625 0.015625 0.028125
1 0.29609375 0.4828125 0.0125 0.021875
1 0.34375 0.28203125 0.00625 0.0125
1 0.48203125 0.34921875 0.009375 0.015625
1 0.8078125 0.915625 0.0140625 0.025
1 0.34140625 0.4890625 0.009375 0.015625
1 0.42265625 0.38984375 0.0078125 0.0125
0 0.3203125 0.71015625 0.009375 0.015625
1 0.4078125 0.3921875 0.009375 0.015625
1 0.2703125 0.4984375 0.009375 0.015625
0 0.20625 0.23515625 0.009375 0.0125
1 0.909375 0.303125 0.009375 0.0125
1 0.60390625 0.26328125 0.0078125 0.0125
1 0.93671875 0.934375 0.0140625 0.028125
1 0.3734375 0.29140625 0.0078125 0.0125
1 0.19609375 0.4640625 0.0125 0.01875
1 0.39296875 0.4421875 0.009375 0.0125
1 0.51484375 0.36953125 0.009375 0.0125
1 0.109375 0.9375 0.0125 0.021875
1 0.45859375 0.43515625 0.009375 0.0125
1 0.3546875 0.2671875 0.0078125 0.0125
1 0.5984375 0.33125 0.009375 0.0125
1 0.2703125 0.88984375 0.009375 0.015625
0 0.0046875 0.30703125 0.009375 0.0203125
0 0.11953125 0.10390625 0.009375 0.01875
1 0.675 0.334375 0.009375 0.0125
1 0.77421875 0.87578125 0.009375 0.0125
1 0.57578125 0.33828125 0.0078125 0.0125
1 0.2953125 0.85234375 0.00625 0.009375
1 0.6640625 0.32109375 0.009375 0.0125
1 0.9546875 0.328125 0.009375 0.0140625
1 0.45625 0.42265625 0.0109375 0.0171875
0 0.0109375 0.33046875 0.0109375 0.015625
0 0.02578125 0.2046875 0.015625 0.021875
1 0.003125 0.503125 0.00625 0.0125
1 0.3515625 0.5015625 0.0125 0.015625
1 0.31875 0.3671875 0.0125 0.01875
1 0.34453125 0.4671875 0.009375 0.015625
1 0.86640625 0.875 0.009375 0.0140625
1 0.56796875 0.25625 0.00625 0.0125
1 0.31953125 0.33671875 0.0109375 0.015625
1 0.45859375 0.26328125 0.00625 0.0125
1 0.30625 0.39140625 0.00625 0.0140625
1 0.37109375 0.265625 0.0078125 0.0125
1 0.871875 0.265625 0.009375 0.0140625
1 0.02578125 0.553125 0.0125 0.015625
1 0.1 0.28671875 0.009375 0.0125
1 0.40078125 0.378125 0.009375 0.0125
1 0.36796875 0.28515625 0.0078125 0.0125
1 0.29921875 0.40625 0.0109375 0.015625
1 0.4453125 0.4328125 0.0125 0.01875
1 0.57421875 0.25703125 0.009375 0.0109375
1 0.51640625 0.478125 0.00625 0.0125
1 0.88046875 0.27265625 0.009375 0.0125
1 0.1953125 0.3703125 0.00625 0.0125
1 0.06875 0.8671875 0.00625 0.0125
1 0.478125 0.25703125 0.009375 0.0125
1 0.42578125 0.4515625 0.0109375 0.0109375
1 0.39375 0.3734375 0.009375 0.015625
1 0.65703125 0.86484375 0.00625 0.009375
1 0.95390625 0.40625 0.009375 0.015625
0 0.30234375 0.27109375 0.009375 0.015625
1 0.51015625 0.38828125 0.009375 0.0125