2 0.7625 0.215625 0.0890625 0.0625
3 0.48203125 0.271875 0.0609375 0.07578125
2 0.24609375 0.20859375 0.090625 0.0546875
3 0.3125 0.43984375 0.0859375 0.10390625
4 0.39140625 0.29296875 0.05078125 0.08515625
4 0.59609375 0.5046875 0.10859375 0.128125
1 0.26953125 0.56640625 0.0125 0.02265625
1 0.7171875 0.61484375 0.0140625 0.0203125
1 0.70859375 0.534375 0.0125 0.02109375
3 0.54921875 0.29296875 0.07265625 0.09296875
4 0.55078125 0.421875 0.09375 0.084375
1 0.5703125 0.59609375 0.01328125 0.0234375
1 0.95859375 0.46328125 0.01171875 0.01796875
1 0.703125 0.43203125 0.01015625 0.0171875
1 0.14609375 0.34609375 0.009375 0.015625
1 0.7625 0.51640625 0.009375 0.015625
1 0.128125 0.3671875 0.00859375 0.015625
1 0.28359375 0.5125 0.01171875 0.02109375
1 0.684375 0.88203125 0.009375 0.015625
1 0.87265625 0.38984375 0.01015625 0.01640625
1 0.1046875 0.4265625 0.01015625 0.01796875
1 0.79375 0.9609375 0.01796875 0.03125
3 0.45703125 0.85 0.03203125 0.03671875
1 0.66484375 0.5484375 0.01171875 0.0203125
1 0.034375 0.41640625 0.0109375 0.0171875
1 0.7875 0.58515625 0.0125 0.021875
1 0.0671875 0.39765625 0.01015625 0.0171875
1 0.65703125 0.56640625 0.0125 0.02109375
1 0.94453125 0.440625 0.0109375 0.0171875
1 0.75390625 0.9015625 0.01171875 0.01953125
1 0.51328125 0.48203125 0.0109375 0.0171875
1 0.88828125 0.42890625 0.01015625 0.01640625
1 0.2953125 0.8828125 0.00859375 0.01484375
1 0.17578125 0.3984375 0.01015625 0.0171875
1 0.234375 0.8921875 0.01015625 0.0171875
1 0.9015625 0.378125 0.01015625 0.015625
1 0.16171875 0.30625 0.00859375 0.0140625
1 0.2734375 0.87734375 0.00859375 0.0140625
1 0.1171875 0.34140625 0.00859375 0.0140625
1 0.77265625 0.87109375 0.0078125 0.01328125
1 0.06484375 0.35625 0.009375 0.015625
1 0.19296875 0.32890625 0.00625 0.0140625
1 0.98046875 0.4390625 0.0109375 0.01640625
1 0.78203125 0.928125 0.0140625 0.02421875
1 0.26171875 0.88203125 0.009375 0.01328125
1 0.65234375 0.340625 0.00859375 0.01484375
1 0.64375 0.321875 0.0078125 0.0140625
1 0.9328125 0.4328125 0.01015625 0.015625
1 0.546875 0.64453125 0.01171875 0.0140625
1 0.14921875 0.890625 0.009375 0.0171875
1 0.64296875 0.5609375 0.0125 0.02265625
1 0.846875 0.2953125 0.00859375 0.0125
1 0.67109375 0.40390625 0.01015625 0.0140625
4 0.57734375 0.828125 0.03125 0.034375
1 0.35234375 0.29140625 0.0078125 0.01328125
1 0.65546875 0.290625 0.0078125 0.01171875
1 0.1046875 0.33671875 0.00859375 0.01484375
1 0.05546875 0.40546875 0.01015625 0.015625
1 0.92734375 0.3890625 0.01015625 0.015625
1 0.2328125 0.97890625 0.021875 0.03671875
1 0.7859375 0.8921875 0.0109375 0.01640625
1 0.87421875 0.2984375 0.00859375 0.01328125
1 0.2640625 0.6453125 0.0125 0.01953125
1 0.2203125 0.6484375 0.01171875 0.01328125
1 0.64921875 0.46875 0.009375 0.0171875
1 0.34609375 0.890625 0.00859375 0.01484375
1 0.6484375 0.28125 0.00859375 0.0125
1 0.29296875 0.90546875 0.0078125 0.01015625
1 0.13515625 0.33046875 0.01015625 0.01328125
1 0.6046875 0.29375 0.00703125 0.01171875
1 0.33671875 0.8984375 0.0109375 0.0171875
1 0.43515625 0.25625 0.00703125 0.0125
1 0.1234375 0.30625 0.01015625 0.01328125
1 0.60234375 0.30625 0.009375 0.0140625
1 0.06484375 0.978125 0.01796875 0.02734375
1 0.1921875 0.91640625 0.0140625 0.02265625
1 0.284375 0.41015625 0.0109375 0.01875
1 0.90234375 0.28984375 0.00859375 0.01484375
1 0.33671875 0.88359375 0.01015625 0.0109375
1 0.0953125 0.29296875 0.00859375 0.01328125
1 0.83515625 0.99140625 0.01875 0.01640625
1 0.66953125 0.36796875 0.009375 0.0140625
1 0.0578125 0.3421875 0.00859375 0.0140625
1 0.07734375 0.95390625 0.0171875 0.02890625
1 0.6046875 0.86953125 0.00703125 0.01171875
1 0.63984375 0.29765625 0.0078125 0.0140625
1 0.35 0.3140625 0.009375 0.01328125
0 0.57421875 0.98984375 0.0171875 0.01953125
1 0.8234375 0.95390625 0.01484375 0.0265625
1 0.60234375 0.2625 0.0078125 0.0125
4 0.55 0.8421875 0.02421875 0.04296875
1 0.98984375 0.43125 0.01171875 0.015625
1 0.8578125 0.975 0.01953125 0.03671875
1 0.05 0.990625 0.0171875 0.01640625
1 0.79765625 0.91796875 0.01328125 0.0234375
1 0.9453125 0.40234375 0.0109375 0.01328125
1 0.94375 0.41953125 0.01484375 0.01484375
1 0.675 0.30625 0.01015625 0.0140625
1 0.69296875 0.41796875 0.01015625 0.01796875
1 0.20546875 0.909375 0.01640625 0.021875
1 0.30703125 0.39375 0.0078125 0.0125
1 0.1953125 0.8828125 0.0078125 0.015625
1 0.6765625 0.3390625 0.0078125 0.01328125
1 0.68046875 0.409375 0.01015625 0.0171875
0 0.55078125 0.98984375 0.01953125 0.01953125
1 0.8265625 0.26953125 0.009375 0.0125
1 0.66953125 0.34140625 0.0078125 0.01171875
1 0.21796875 0.87109375 0.00703125 0.0109375
1 0.76171875 0.99453125 0.01640625 0.01015625
1 0.928125 0.415625 0.009375 0.01640625
1 0.93984375 0.390625 0.009375 0.01484375
1 0.9671875 0.4265625 0.01328125 0.0203125
1 0.82421875 0.90390625 0.009375 0.01640625
1 0.36171875 0.25546875 0.00703125 0.01171875
1 0.94296875 0.3765625 0.0109375 0.01328125
1 0.45546875 0.8875 0.0078125 0.01171875
1 0.959375 0.403125 0.0109375 0.01484375
1 0.896875 0.8703125 0.00703125 0.01015625
1 0.6921875 0.38046875 0.009375 0.0125
1 0.690625 0.3921875 0.0109375 0.0140625
1 0.23671875 0.8765625 0.0109375 0.01171875
1 0.06328125 0.93359375 0.0140625 0.02734375
1 0.99609375 0.4671875 0.0078125 0.0125
1 0.67421875 0.38125 0.0109375 0.01171875
1 0.1203125 0.8859375 0.009375 0.015625
1 0.678125 0.365625 0.00859375 0.01328125
1 0.859375 0.271875 0.01015625 0.0125
1 0.69375 0.40546875 0.009375 0.0125
1 0.0296875 0.35078125 0.00703125 0.0125
1 0.078125 0.29140625 0.00859375 0.0125
1 0.665625 0.3515625 0.00703125 0.0125
1 0.04375 0.328125 0.009375 0.01484375
1 0.8765625 0.278125 0.01171875 0.015625
1 0.8328125 0.934375 0.0125 0.01875
1 0.04609375 0.40546875 0.01015625 0.01484375
1 0.584375 0.2546875 0.00703125 0.0125
1 0.66953125 0.39375 0.01015625 0.01171875
1 0.9296875 0.88125 0.0078125 0.0125
0 0.721875 0.9890625 0.0203125 0.0203125
1 0.84609375 0.646875 0.01015625 0.009375
1 0.63515625 0.2765625 0.0109375 0.0125
1 0.125 0.26796875 0.0109375 0.01328125
1 0.84140625 0.88828125 0.0078125 0.01015625