3 0.709375 0.875 0.08125 0.06875
4 0.20546875 0.83671875 0.06875 0.065625
3 0.52265625 0.25234375 0.0671875 0.071875
1 0.34453125 0.47109375 0.0203125 0.0203125
0 0.2734375 0.21171875 0.021875 0.021875
1 0.6296875 0.47421875 0.0203125 0.01875
1 0.60625 0.5015625 0.0203125 0.0203125
3 0.92109375 0.48359375 0.1046875 0.11875
1 0.725 0.53515625 0.0203125 0.0203125
0 0.221875 0.20703125 0.0203125 0.01875
0 0.89609375 0.121875 0.021875 0.0234375
1 0.18515625 0.553125 0.0234375 0.025
1 0.67890625 0.46875 0.0203125 0.01875
1 0.89453125 0.42421875 0.01875 0.01875
1 0.25390625 0.5203125 0.021875 0.021875
1 0.79921875 0.60625 0.0234375 0.025
1 0.07421875 0.38984375 0.0203125 0.0171875
1 0.2984375 0.4484375 0.01875 0.01875
1 0.06953125 0.4140625 0.0203125 0.01875
1 0.42421875 0.484375 0.0203125 0.01875
1 0.35703125 0.3921875 0.01875 0.0171875
0 0.2140625 0.12109375 0.0203125 0.0234375
1 0.009375 0.4296875 0.01875 0.01875
1 0.4578125 0.51171875 0.0203125 0.0203125
1 0.54765625 0.46875 0.0203125 0.01875
1 0.6 0.46640625 0.01875 0.01875
1 0.12890625 0.34609375 0.01875 0.015625
1 0.7078125 0.91953125 0.0203125 0.0203125
1 0.440625 0.4234375 0.01875 0.0171875
1 0.2828125 0.5953125 0.0234375 0.025
1 0.309375 0.47734375 0.0203125 0.01875
4 0.490625 0.3578125 0.0796875 0.0765625
0 0.76484375 0.1890625 0.01875 0.015625
1 0.5359375 0.396875 0.01875 0.015625
1 0.69375 0.46796875 0.01875 0.01875
1 0.35625 0.34140625 0.0171875 0.015625
1 0.73125 0.515625 0.0203125 0.0203125
1 0.5375 0.56328125 0.021875 0.021875
1 0.55 0.3984375 0.01875 0.0171875
1 0.05859375 0.39296875 0.0203125 0.01875
1 0.140625 0.29375 0.0171875 0.0140625
1 0.54375 0.646875 0.021875 0.01875
1 0.80703125 0.6640625 0.0234375 0.0234375
1 0.1171875 0.30390625 0.0171875 0.0140625
1 0.71875 0.47421875 0.0203125 0.0171875
1 0.4796875 0.4765625 0.0203125 0.01875
1 0.6515625 0.46484375 0.0203125 0.01875
1 0.30625 0.409375 0.01875 0.01875
0 0.84140625 0.05 0.0203125 0.01875
1 0.5796875 0.38359375 0.01875 0.0171875
1 0.1234375 0.4 0.0203125 0.0171875
1 0.60703125 0.3765625 0.01875 0.015625
1 0.77421875 0.9359375 0.021875 0.0234375
1 0.07421875 0.91328125 0.021875 0.021875
1 0.55703125 0.5421875 0.021875 0.0203125
1 0.4015625 0.45703125 0.01875 0.01875
1 0.38359375 0.26171875 0.015625 0.0125
1 0.33125 0.3421875 0.0171875 0.0140625
0 0.1984375 0.16953125 0.0203125 0.01875
1 0.22890625 0.8828125 0.0203125 0.0203125
1 0.38359375 0.43984375 0.01875 0.01875
1 0.77734375 0.62890625 0.021875 0.0203125
1 0.24765625 0.47421875 0.0203125 0.0203125
1 0.73203125 0.5625 0.0203125 0.021875
0 0.7875 0.24765625 0.0203125 0.0171875
1 0.715625 0.34765625 0.01875 0.015625
1 0.0890625 0.32265625 0.01875 0.0140625
0 0.2328125 0.18359375 0.01875 0.0171875
1 0.08125 0.34140625 0.01875 0.015625
1 0.5703125 0.525 0.0203125 0.0203125
1 0.61796875 0.43125 0.01875 0.0171875
0 0.90390625 0.140625 0.025 0.025
1 0.4515625 0.33203125 0.0171875 0.015625
0 0.21171875 0.09765625 0.01875 0.015625
1 0.5203125 0.4734375 0.01875 0.01875
1 0.446875 0.45546875 0.01875 0.0171875
1 0.678125 0.3328125 0.0171875 0.0140625
0 0.91015625 0.1703125 0.021875 0.021875
1 0.01015625 0.39140625 0.015625 0.0171875
1 0.07890625 0.88828125 0.021875 0.021875
1 0.06953125 0.35234375 0.01875 0.015625
1 0.29140625 0.42109375 0.01875 0.01875
0 0.83984375 0.096875 0.0203125 0.0171875
1 0.56484375 0.61171875 0.0234375 0.025
0 0.83359375 0.1453125 0.01875 0.01875
1 0.90078125 0.375 0.0203125 0.01875
1 0.37109375 0.2953125 0.0171875 0.0140625
1 0.7 0.45078125 0.0203125 0.015625
1 0.18828125 0.95625 0.0296875 0.0359375
1 0.084375 0.58828125 0.01875 0.01875
1 0.14296875 0.9109375 0.0234375 0.0265625
1 0.6609375 0.4203125 0.0203125 0.01875
1 0.60546875 0.309375 0.0171875 0.0140625
1 0.43359375 0.31953125 0.0171875 0.015625
2 0.7734375 0.228125 0.1015625 0.0640625
1 0.64921875 0.40234375 0.0203125 0.0171875
1 0.440625 0.35546875 0.01875 0.015625
1 0.44765625 0.503125 0.0203125 0.0203125
1 0.82890625 0.90390625 0.0171875 0.0140625
1 0.4984375 0.45859375 0.01875 0.0171875
1 0.3265625 0.37421875 0.01875 0.015625
0 0.21171875 0.18046875 0.01875 0.015625
1 0.390625 0.3875 0.01875 0.0171875
1 0.4 0.29609375 0.0171875 0.0140625
0 0.83984375 0.1203125 0.021875 0.021875
1 0.646875 0.4453125 0.0203125 0.0203125
1 0.78359375 0.91015625 0.01875 0.0171875
1 0.53359375 0.4328125 0.0203125 0.015625
1 0.56328125 0.3640625 0.01875 0.015625
1 0.95546875 0.528125 0.0203125 0.0203125
1 0.39296875 0.42890625 0.01875 0.0171875
1 0.37890625 0.40703125 0.01875 0.0171875
1 0.63203125 0.41796875 0.01875 0.0171875
0 0.22109375 0.14296875 0.01875 0.0171875
1 0.42421875 0.3953125 0.0203125 0.015625
1 0.62421875 0.28359375 0.015625 0.0125
1 0.459375 0.48671875 0.0203125 0.01875
1 0.74296875 0.96796875 0.0265625 0.03125
1 0.153125 0.8828125 0.0203125 0.0203125
0 0.30390625 0.1703125 0.01875 0.0171875
1 0.51796875 0.44296875 0.01875 0.015625
1 0.60625 0.42578125 0.0203125 0.0171875
1 0.90703125 0.296875 0.0171875 0.0125
1 0.65703125 0.36328125 0.0171875 0.0140625
1 0.69609375 0.33203125 0.0171875 0.0140625
0 0.69609375 0.77890625 0.01875 0.0171875
1 0.66640625 0.40234375 0.0203125 0.0171875
0 0.86640625 0.078125 0.021875 0.0171875
1 0.54453125 0.3828125 0.0171875 0.015625
1 0.39921875 0.38671875 0.0171875 0.0140625
1 0.4046875 0.4125 0.01875 0.0171875
1 0.43671875 0.384375 0.0203125 0.015625
1 0.46875 0.44296875 0.01875 0.015625
1 0.64609375 0.2859375 0.015625 0.0125
1 0.72421875 0.46015625 0.0171875 0.0140625
1 0.56640625 0.32421875 0.0171875 0.0140625
1 0.5671875 0.3 0.0171875 0.0140625
0 0.2375 0.10546875 0.0203125 0.015625
1 0.49453125 0.303125 0.0171875 0.0140625
1 0.50859375 0.28984375 0.0171875 0.0140625
0 0.23359375 0.26328125 0.01875 0.0171875
1 0.42578125 0.3625 0.01875 0.0140625
1 0.165625 0.296875 0.01875 0.0140625
1 0.646875 0.4203125 0.01875 0.0171875
0 0.21953125 0.03984375 0.0203125 0.01875
1 0.47890625 0.2890625 0.01875 0.0171875
0 0.2390625 0.13125 0.01875 0.0171875
1 0.6765625 0.44765625 0.01875 0.01875
0 0.26328125 0.19296875 0.0171875 0.015625
1 0.46640625 0.415625 0.0203125 0.015625
1 0.4328125 0.29375 0.0171875 0.0140625
1 0.54140625 0.490625 0.0171875 0.0171875
4 0.41640625 0.9125 0.134375 0.165625
0 0.875 0.09296875 0.0171875 0.0171875
1 0.98125 0.3796875 0.0171875 0.015625
1 0.50078125 0.28515625 0.015625 0.0140625
1 0.6 0.6515625 0.0171875 0.0171875
0 0.76015625 0.20625 0.01875 0.0125
1 0.78359375 0.89375 0.015625 0.0109375
1 0.41640625 0.31875 0.0171875 0.0140625
1 0.0953125 0.9609375 0.028125 0.0234375
1 0.521875 0.29140625 0.0171875 0.0140625
1 0.66640625 0.44453125 0.0203125 0.0171875
1 0.55 0.35390625 0.01875 0.0140625
1 0.3859375 0.33828125 0.01875 0.015625
1 0.390625 0.3671875 0.01875 0.015625
1 0.440625 0.278125 0.0171875 0.0140625
1 0.61953125 0.3484375 0.0171875 0.0140625
1 0.140625 0.88359375 0.0203125 0.0203125
1 0.2765625 0.8640625 0.0171875 0.015625
1 0.37109375 0.33515625 0.01875 0.0140625
1 0.6375 0.39921875 0.0171875 0.015625
1 0.7046875 0.4671875 0.0203125 0.0171875
1 0.95859375 0.4375 0.0171875 0.0109375
1 0.45078125 0.47421875 0.0203125 0.0140625
1 0.87265625 0.2890625 0.015625 0.0125
1 0.2046875 0.3671875 0.0171875 0.0171875
1 0.665625 0.37109375 0.01875 0.015625
1 0.3078125 0.3046875 0.0171875 0.0140625
1 0.975 0.51171875 0.01875 0.0171875
1 0.45546875 0.38515625 0.01875 0.0171875
1 0.70703125 0.428125 0.0203125 0.01875
1 0.26015625 0.86796875 0.0203125 0.0140625
1 0.840625 0.3140625 0.0171875 0.0125
1 0.55703125 0.29765625 0.0171875 0.0140625
1 0.3796875 0.37734375 0.01875 0.015625
1 0.040625 0.85078125 0.01875 0.015625
0 0.24765625 0.690625 0.0171875 0.0140625
1 0.0609375 0.3109375 0.01875 0.0171875
1 0.3171875 0.38671875 0.01875 0.015625
1 0.40703125 0.396875 0.01875 0.0140625
1 0.4125 0.36640625 0.01875 0.0171875
1 0.5328125 0.34609375 0.0171875 0.0140625
1 0.22734375 0.60625 0.01875 0.0125
1 0.0671875 0.3390625 0.015625 0.0125
1 0.5765625 0.2671875 0.0171875 0.0125
0 0.22421875 0.05859375 0.01875 0.0171875
1 0.2984375 0.31640625 0.01875 0.015625
0 0.28984375 0.746875 0.01875 0.01875
0 0.36328125 0.7984375 0.025 0.028125
1 0.54921875 0.43984375 0.0203125 0.01875
1 0.62265625 0.26484375 0.015625 0.0125
0 0.684375 0.7296875 0.01875 0.0171875
1 0.1921875 0.25703125 0.01875 0.0140625
1 0.55625 0.2578125 0.0140625 0.0125
1 0.4828125 0.42578125 0.01875 0.0171875
1 0.96171875 0.375 0.0203125 0.015625
1 0.45703125 0.3578125 0.015625 0.0125
1 0.3828125 0.3640625 0.0171875 0.015625
1 0.078125 0.86015625 0.01875 0.015625
1 0.4640625 0.32109375 0.0171875 0.0140625
1 0.50546875 0.42734375 0.0203125 0.0171875
1 0.4890625 0.4578125 0.0203125 0.015625
1 0.25234375 0.846875 0.0171875 0.0140625
1 0.403125 0.371875 0.0171875 0.0140625
1 0.46953125 0.284375 0.0171875 0.015625
1 0.46328125 0.46328125 0.0203125 0.0203125
1 0.54453125 0.33125 0.01875 0.0140625
1 0.68984375 0.3796875 0.0171875 0.0125
0 0.759375 0.24140625 0.0203125 0.01875
1 0.4328125 0.25234375 0.0171875 0.0125
1 0.7015625 0.39296875 0.01875 0.015625
0 0.80546875 0.228125 0.01875 0.0125
1 0.909375 0.3484375 0.01875 0.0140625
1 0.5171875 0.56015625 0.0171875 0.0140625
1 0.475 0.26796875 0.0171875 0.0140625
1 0.45625 0.26953125 0.01875 0.0140625
1 0.43359375 0.37265625 0.01875 0.0140625
1 0.87265625 0.9234375 0.01875 0.0171875
0 0.22265625 0.09140625 0.015625 0.0140625
1 0.14765625 0.86484375 0.01875 0.015625
1 0.6875 0.4046875 0.0171875 0.015625
1 0.68671875 0.43984375 0.01875 0.0140625
1 0.36953125 0.365625 0.0203125 0.015625
1 0.02890625 0.8734375 0.021875 0.01875
1 0.79921875 0.9078125 0.01875 0.0171875
1 0.9046875 0.6375 0.01875 0.0140625
1 0.68203125 0.37265625 0.0171875 0.0125
1 0.52890625 0.28984375 0.0171875 0.0140625
4 0.03515625 0.53515625 0.0703125 0.1296875
1 0.534375 0.3171875 0.01875 0.0125
1 0.10859375 0.83984375 0.015625 0.0125
1 0.55546875 0.43125 0.01875 0.0171875
1 0.85625 0.9078125 0.0171875 0.0171875
1 0.61015625 0.35546875 0.01875 0.015625
1 0.04140625 0.89921875 0.021875 0.021875
1 0.7921875 0.88984375 0.0171875 0.0125
0 0.2078125 0.24140625 0.0171875 0.0140625
1 0.68125 0.38984375 0.01875 0.015625
1 0.090625 0.8375 0.015625 0.0125
1 0.60703125 0.2984375 0.015625 0.0109375
1 0.5265625 0.540625 0.01875 0.01875
1 0.69140625 0.42421875 0.0171875 0.0125
1 0.534375 0.3328125 0.01875 0.0125
1 0.125 0.85 0.01875 0.0140625
1 0.921875 0.3296875 0.0171875 0.0125
0 0.7515625 0.2078125 0.0171875 0.0140625
1 0.09453125 0.865625 0.015625 0.0125
1 0.52109375 0.45625 0.0171875 0.0109375
1 0.18046875 0.25234375 0.01875 0.0140625
1 0.515625 0.42265625 0.01875 0.0171875
1 0.48359375 0.26875 0.0171875 0.0140625
1 0.70078125 0.40703125 0.01875 0.015625
0 0.2078125 0.040625 0.0203125 0.0171875
1 0.88515625 0.92265625 0.0203125 0.0171875
1 0.67578125 0.41484375 0.01875 0.0125
1 0.44765625 0.2640625 0.0171875 0.0140625
1 0.4953125 0.425 0.01875 0.01875
1 0.84765625 0.88984375 0.0171875 0.0109375
0 0.57109375 0.72109375 0.01875 0.0140625
1 0.05234375 0.6171875 0.0203125 0.0140625
1 0.678125 0.43359375 0.01875 0.0125
1 0.465625 0.396875 0.01875 0.0125
1 0.29921875 0.60546875 0.0140625 0.0109375
1 0.903125 0.35859375 0.01875 0.0125
1 0.04140625 0.865625 0.0171875 0.0109375