0 0.12890625 0.80625 0.0421875 0.0109375
0 0.759375 0.15234375 0.0484375 0.0171875
2 0.22109375 0.22734375 0.121875 0.05625
0 0.1671875 0.803125 0.053125 0.021875
3 0.453125 0.81171875 0.0671875 0.0328125
0 0.81640625 0.16328125 0.05 0.01875
1 0.35859375 0.8859375 0.04375 0.0140625
1 0.6078125 0.4890625 0.0453125 0.0140625
3 0.1484375 0.33671875 0.09375 0.0671875
1 0.82890625 0.39140625 0.0421875 0.009375
1 0.5140625 0.36875 0.0421875 0.009375
1 0.6265625 0.38828125 0.0421875 0.009375
0 0.559375 0.78125 0.046875 0.01875
1 0.06796875 0.40625 0.04375 0.0109375
0 0.8859375 0.1390625 0.0484375 0.0171875
0 0.09296875 0.275 0.04375 0.009375
1 0.47734375 0.45546875 0.04375 0.0140625
1 0.95546875 0.4375 0.0453125 0.0109375
1 0.62421875 0.4859375 0.04375 0.0140625
1 0.30546875 0.6484375 0.046875 0.0125
1 0.68203125 0.52734375 0.0484375 0.0171875
1 0.409375 0.8828125 0.0453125 0.015625
1 0.596875 0.440625 0.04375 0.0125
1 0.94296875 0.4171875 0.04375 0.009375
1 0.05859375 0.45078125 0.0453125 0.0125
1 0.64296875 0.36875 0.04375 0.009375
1 0.371875 0.4546875 0.04375 0.0109375
1 0.3140625 0.3953125 0.0421875 0.0109375
1 0.52734375 0.39453125 0.0421875 0.0109375
1 0.71640625 0.4578125 0.0421875 0.0109375
1 0.20703125 0.9359375 0.0515625 0.021875
4 0.09453125 0.3484375 0.09375 0.0734375
1 0.075 0.45390625 0.0453125 0.0125
1 0.91484375 0.36484375 0.0421875 0.0078125
0 0.1625 0.83125 0.04375 0.009375
1 0.215625 0.59609375 0.046875 0.015625
1 0.91328125 0.63359375 0.0453125 0.00625
1 0.68984375 0.43203125 0.0421875 0.0125
1 0.9203125 0.88671875 0.0484375 0.0171875
1 0.25234375 0.89921875 0.046875 0.0171875
1 0.746875 0.8625 0.0421875 0.0078125
1 0.33359375 0.31015625 0.0390625 0.00625
1 0.7078125 0.82421875 0.040625 0.0046875
1 0.32421875 0.56875 0.0484375 0.01875
1 0.71875 0.4796875 0.0453125 0.0140625
1 0.3375 0.88359375 0.046875 0.015625
1 0.62421875 0.43515625 0.0421875 0.0125
1 0.38671875 0.409375 0.0421875 0.009375
1 0.75703125 0.51796875 0.04375 0.015625
1 0.6109375 0.48828125 0.04375 0.0109375
1 0.23515625 0.5265625 0.0421875 0.0140625
1 0.68515625 0.88046875 0.046875 0.0171875
1 0.95234375 0.403125 0.0421875 0.009375
1 0.3546875 0.38671875 0.040625 0.009375
1 0.8546875 0.39296875 0.0453125 0.0140625
1 0.9046875 0.40859375 0.040625 0.009375
1 0.94921875 0.49921875 0.0453125 0.0140625
1 0.39609375 0.30703125 0.0390625 0.00625
1 0.9765625 0.4703125 0.0421875 0.0046875
1 0.92421875 0.40625 0.04375 0.0109375
1 0.8625 0.6328125 0.0453125 0.0109375
4 0.41015625 0.521875 0.0890625 0.0734375
1 0.8046875 0.8703125 0.04375 0.0125
1 0.36640625 0.3046875 0.0390625 0.0046875
1 0.79921875 0.34375 0.040625 0.0078125
1 0.76953125 0.57109375 0.046875 0.0140625
1 0.75390625 0.90625 0.0484375 0.025
1 0.1328125 0.46015625 0.0453125 0.0125
1 0.0625 0.9453125 0.046875 0.015625
1 0.08359375 0.91484375 0.0453125 0.009375
1 0.63203125 0.5328125 0.0453125 0.015625
1 0.46171875 0.38203125 0.0421875 0.0078125
1 0.171875 0.40390625 0.04375 0.009375
1 0.446875 0.39453125 0.04375 0.009375
1 0.93203125 0.36796875 0.04375 0.0109375
1 0.8328125 0.96015625 0.0546875 0.0328125
1 0.89921875 0.8859375 0.0453125 0.0078125
1 0.65546875 0.36953125 0.0421875 0.0078125
1 0.0375 0.4734375 0.0453125 0.0140625
1 0.87890625 0.37265625 0.0421875 0.009375
1 0.33984375 0.85546875 0.0421875 0.009375
1 0.04296875 0.3875 0.040625 0.0078125
1 0.67578125 0.321875 0.040625 0.00625
1 0.81640625 0.84140625 0.040625 0.00625
1 0.03828125 0.36875 0.04375 0.0109375
1 0.83359375 0.83125 0.040625 0.00625
1 0.89765625 0.3671875 0.04375 0.009375
1 0.9359375 0.93515625 0.053125 0.03125
1 0.9453125 0.90625 0.0484375 0.01875
1 0.9703125 0.43046875 0.0453125 0.0125
1 0.8453125 0.3078125 0.040625 0.0078125
1 0.79375 0.840625 0.040625 0.0046875
1 0.68046875 0.85859375 0.0453125 0.0109375
1 0.7234375 0.85625 0.0421875 0.00625
1 0.7921875 0.38515625 0.040625 0.0078125
1 0.88515625 0.3703125 0.040625 0.009375
1 0.38828125 0.44140625 0.0421875 0.0078125
1 0.4125 0.41171875 0.04375 0.0125
1 0.48046875 0.840625 0.0421875 0.00625
1 0.64765625 0.42109375 0.04375 0.0109375
1 0.51328125 0.39765625 0.0421875 0.0109375
1 0.6953125 0.8578125 0.040625 0.0078125
1 0.665625 0.3734375 0.0421875 0.009375
1 0.89609375 0.38984375 0.04375 0.009375
2 0.73984375 0.21875 0.121875 0.0375
1 0.278125 0.9078125 0.046875 0.0171875
1 0.16875 0.97734375 0.0546875 0.021875
1 0.09921875 0.38828125 0.0421875 0.0109375
3 0.2015625 0.85 0.071875 0.0515625
1 0.61015625 0.375 0.0421875 0.0078125
1 0.90390625 0.909375 0.0484375 0.0203125
1 0.80078125 0.83203125 0.0390625 0.0046875
1 0.61015625 0.3953125 0.0421875 0.0078125
1 0.8359375 0.85390625 0.0421875 0.00625
1 0.11171875 0.94765625 0.05 0.01875
1 0.840625 0.865625 0.0421875 0.00625
1 0.8921875 0.41171875 0.04375 0.009375
1 0.95234375 0.5640625 0.046875 0.0125
1 0.8203125 0.34375 0.04375 0.0078125
1 0.60703125 0.38046875 0.0453125 0.009375
1 0.465625 0.41015625 0.0421875 0.0125
1 0.64140625 0.34453125 0.040625 0.0078125
1 0.0640625 0.34296875 0.0421875 0.009375
1 0.96484375 0.40859375 0.04375 0.009375
1 0.775 0.85625 0.0421875 0.0078125
1 0.35625 0.39140625 0.04375 0.0109375
0 0.16015625 0.24921875 0.04375 0.0078125
1 0.77265625 0.95703125 0.05625 0.03125
1 0.48359375 0.39921875 0.04375 0.009375
1 0.45234375 0.83984375 0.0390625 0.0046875
1 0.74453125 0.62109375 0.046875 0.01875
1 0.87265625 0.86796875 0.04375 0.0125
3 0.290625 0.49765625 0.15625 0.1390625
3 0.53671875 0.32890625 0.1 0.0765625
4 0.1515625 0.8484375 0.10625 0.0640625
4 0.56328125 0.546875 0.1671875 0.1328125