4 0.525 0.41015625 0.121875 0.128125
2 0.778125 0.2296875 0.121875 0.071875
3 0.3390625 0.371875 0.121875 0.121875
3 0.1578125 0.2671875 0.1015625 0.08125
2 0.2625 0.196875 0.1234375 0.065625
1 0.5640625 0.6078125 0.046875 0.0296875
1 0.38515625 0.4484375 0.04375 0.025
1 0.66328125 0.89921875 0.0421875 0.0234375
1 0.71953125 0.90078125 0.0421875 0.025
1 0.27109375 0.5171875 0.0453125 0.0265625
1 0.17578125 0.42578125 0.04375 0.025
1 0.28359375 0.45546875 0.04375 0.025
1 0.29375 0.51171875 0.0453125 0.028125
1 0.77421875 0.90703125 0.0421875 0.0234375
4 0.4671875 0.328125 0.1046875 0.0984375
1 0.3578125 0.43515625 0.0421875 0.0234375
1 0.34609375 0.4875 0.04375 0.0234375
1 0.540625 0.53671875 0.04375 0.028125
1 0.6265625 0.415625 0.040625 0.0234375
1 0.69140625 0.5796875 0.04375 0.0296875
1 0.56328125 0.4609375 0.0421875 0.0265625
1 0.58984375 0.56171875 0.0453125 0.0296875
3 0.39296875 0.28203125 0.09375 0.0734375
1 0.01640625 0.3421875 0.0328125 0.021875
1 0.55703125 0.58359375 0.0453125 0.028125
1 0.259375 0.87265625 0.040625 0.0234375
1 0.1390625 0.35546875 0.0421875 0.0234375
1 0.88359375 0.409375 0.0421875 0.0234375
1 0.93671875 0.40234375 0.0421875 0.021875
1 0.01953125 0.4109375 0.0390625 0.025
1 0.63984375 0.51796875 0.04375 0.028125
3 0.165625 0.83671875 0.0703125 0.0625
1 0.390625 0.4265625 0.0421875 0.0234375
1 0.34140625 0.4625 0.04375 0.025
1 0.234375 0.88046875 0.0421875 0.0234375
1 0.81875 0.440625 0.0421875 0.0234375
1 0.34453125 0.5359375 0.04375 0.0234375
1 0.4984375 0.5140625 0.04375 0.025
1 0.43984375 0.3921875 0.0421875 0.0234375
1 0.8734375 0.9609375 0.046875 0.0296875
1 0.109375 0.3125 0.040625 0.021875
1 0.153125 0.62734375 0.0453125 0.0265625
1 0.3234375 0.88203125 0.040625 0.021875
1 0.9765625 0.409375 0.0421875 0.0234375
1 0.6140625 0.41328125 0.0421875 0.0234375
1 0.153125 0.35859375 0.04375 0.0234375
1 0.27890625 0.415625 0.04375 0.025
1 0.03515625 0.3421875 0.040625 0.021875
1 0.3484375 0.50625 0.04375 0.0265625
1 0.1546875 0.41875 0.0421875 0.025
1 0.16953125 0.91171875 0.0484375 0.0328125
1 0.18359375 0.628125 0.0453125 0.0234375
1 0.3984375 0.46328125 0.0421875 0.0234375
1 0.3765625 0.51328125 0.0453125 0.0265625
1 0.09765625 0.35546875 0.0421875 0.0234375
1 0.02578125 0.4453125 0.04375 0.025
1 0.534375 0.5984375 0.0453125 0.0296875
1 0.6171875 0.35859375 0.0421875 0.0203125
1 0.36953125 0.47734375 0.040625 0.021875
1 0.40234375 0.5140625 0.040625 0.021875
1 0.4078125 0.5328125 0.0453125 0.025
1 0.83203125 0.98828125 0.0515625 0.0234375
1 0.86953125 0.93828125 0.046875 0.028125
1 0.08984375 0.8828125 0.04375 0.025
1 0.07265625 0.9703125 0.0484375 0.021875
1 0.60859375 0.39609375 0.040625 0.021875
1 0.67890625 0.38984375 0.040625 0.021875
1 0.3234375 0.53984375 0.04375 0.028125
1 0.48359375 0.64609375 0.0421875 0.0203125
1 0.75234375 0.96640625 0.05 0.0375
1 0.9546875 0.3921875 0.0421875 0.0203125
1 0.834375 0.96015625 0.046875 0.0328125
1 0.3671875 0.6046875 0.0453125 0.028125
1 0.3171875 0.4296875 0.04375 0.0234375
1 0.828125 0.32109375 0.0390625 0.0203125
1 0.303125 0.4328125 0.0421875 0.0234375
1 0.90546875 0.30234375 0.040625 0.01875
1 0.4203125 0.40546875 0.0421875 0.0234375
1 0.6421875 0.33203125 0.0390625 0.021875
1 0.8140625 0.8875 0.0390625 0.01875
1 0.615625 0.3765625 0.040625 0.021875
1 0.6328125 0.3640625 0.040625 0.0203125
1 0.3734375 0.5515625 0.0453125 0.028125
1 0.59296875 0.425 0.0421875 0.0203125
1 0.89296875 0.309375 0.0390625 0.01875
1 0.184375 0.9640625 0.0546875 0.04375
1 0.6640625 0.328125 0.0390625 0.0203125
1 0.190625 0.86484375 0.0421875 0.0203125
1 0.66796875 0.38125 0.0421875 0.0203125
1 0.3078125 0.8796875 0.040625 0.021875
1 0.57734375 0.35078125 0.040625 0.0203125
1 0.98671875 0.4421875 0.0265625 0.025
1 0.18203125 0.88046875 0.04375 0.025
1 0.5765625 0.43984375 0.04375 0.0234375
1 0.3578125 0.53125 0.0453125 0.028125
1 0.0671875 0.32421875 0.0421875 0.021875
1 0.8359375 0.40859375 0.040625 0.021875
1 0.375 0.8984375 0.0421875 0.01875
1 0.98984375 0.45546875 0.0203125 0.0203125
1 0.5421875 0.28359375 0.0390625 0.01875
1 0.20390625 0.3265625 0.0375 0.0203125
1 0.334375 0.5 0.0453125 0.0265625
1 0.4359375 0.28125 0.0390625 0.0203125
1 0.5921875 0.35625 0.04375 0.021875
1 0.665625 0.3546875 0.040625 0.021875
1 0.62265625 0.39921875 0.04375 0.021875
1 0.6828125 0.41640625 0.040625 0.021875
1 0.6328125 0.31328125 0.0421875 0.0203125
1 0.64765625 0.3640625 0.0421875 0.0203125
1 0.32734375 0.59453125 0.0390625 0.0203125
1 0.16015625 0.865625 0.040625 0.01875
1 0.7046875 0.4265625 0.0421875 0.021875
1 0.84921875 0.91171875 0.0375 0.0203125
1 0.37109375 0.49453125 0.04375 0.0234375
1 0.38984375 0.47890625 0.04375 0.0234375
1 0.84296875 0.41484375 0.0421875 0.0234375
1 0.134375 0.309375 0.0421875 0.021875
1 0.63125 0.3484375 0.0421875 0.0203125
1 0.21953125 0.965625 0.0546875 0.0421875
1 0.1703125 0.29296875 0.040625 0.0203125
1 0.47734375 0.53671875 0.040625 0.025
1 0.31484375 0.309375 0.040625 0.0203125
1 0.290625 0.41640625 0.04375 0.0234375
1 0.1984375 0.2453125 0.040625 0.01875
1 0.6 0.4109375 0.0390625 0.0203125
1 0.10546875 0.86796875 0.04375 0.0234375
1 0.67734375 0.36875 0.040625 0.021875
1 0.5765625 0.4234375 0.0421875 0.01875
1 0.87578125 0.31796875 0.040625 0.0234375
1 0.0640625 0.871875 0.0421875 0.0234375
1 0.40078125 0.6421875 0.0390625 0.01875
1 0.86796875 0.890625 0.040625 0.0203125
1 0.67265625 0.3296875 0.0421875 0.0203125
1 0.63984375 0.35078125 0.0421875 0.0203125
4 0.4140625 0.3421875 0.0875 0.1046875
1 0.60625 0.2640625 0.0390625 0.01875
1 0.4328125 0.88515625 0.0390625 0.01875
1 0.18984375 0.93125 0.04375 0.0265625
1 0.32578125 0.490625 0.04375 0.025
1 0.34453125 0.89765625 0.0421875 0.015625
1 0.08125 0.28046875 0.0390625 0.0203125
1 0.16171875 0.30625 0.040625 0.021875
1 0.68125 0.40390625 0.040625 0.01875
1 0.36953125 0.8640625 0.04375 0.028125
1 0.58046875 0.26171875 0.0390625 0.01875
1 0.5 0.25703125 0.0421875 0.01875
1 0.45078125 0.8890625 0.040625 0.01875
1 0.1015625 0.2734375 0.040625 0.01875
1 0.5015625 0.2921875 0.0390625 0.01875
1 0.52578125 0.26875 0.040625 0.01875
1 0.7 0.403125 0.040625 0.01875
1 0.05859375 0.32109375 0.0421875 0.0203125
1 0.5625 0.284375 0.0421875 0.01875
1 0.9328125 0.953125 0.0453125 0.0296875
1 0.34609375 0.29765625 0.0421875 0.0265625
1 0.696875 0.3890625 0.040625 0.0203125
1 0.475 0.25625 0.040625 0.01875
1 0.20546875 0.63046875 0.0421875 0.0203125
1 0.5828125 0.409375 0.040625 0.0203125
1 0.58828125 0.26328125 0.0390625 0.01875
1 0.1 0.975 0.0484375 0.015625
1 0.5875 0.384375 0.0421875 0.0203125
1 0.51171875 0.25703125 0.040625 0.01875
1 0.68515625 0.37890625 0.0390625 0.0171875
1 0.6953125 0.4203125 0.0421875 0.025
4 0.53984375 0.8328125 0.0734375 0.05625
1 0.11640625 0.84609375 0.0390625 0.01875
1 0.90703125 0.9421875 0.046875 0.0296875
1 0.8953125 0.93828125 0.04375 0.025
1 0.571875 0.4078125 0.040625 0.021875
1 0.565625 0.42578125 0.04375 0.0234375
1 0.06484375 0.296875 0.04375 0.021875
1 0.54140625 0.27109375 0.040625 0.01875
1 0.91484375 0.88828125 0.0375 0.0171875
3 0.44375 0.8546875 0.078125 0.0734375