2 0.246875 0.20625 0.1203125 0.075
4 0.54765625 0.26015625 0.103125 0.09375
4 0.4953125 0.33671875 0.10625 0.1
1 0.96875 0.55078125 0.0453125 0.0296875
1 0.89453125 0.46640625 0.04375 0.028125
2 0.7640625 0.21875 0.1234375 0.0703125
3 0.88203125 0.59296875 0.1609375 0.1546875
1 0.428125 0.5640625 0.0453125 0.0328125
1 0.33828125 0.525 0.04375 0.0328125
1 0.12890625 0.40859375 0.0421875 0.0296875
1 0.6171875 0.61796875 0.0453125 0.028125
1 0.1625 0.43203125 0.0421875 0.0296875
1 0.68359375 0.4640625 0.0421875 0.03125
1 0.6109375 0.3265625 0.040625 0.0265625
1 0.015625 0.46484375 0.03125 0.0296875
1 0.4328125 0.35625 0.040625 0.0265625
1 0.59609375 0.38515625 0.0421875 0.0265625
1 0.45 0.60859375 0.046875 0.0359375
1 0.396875 0.36953125 0.040625 0.028125
1 0.5796875 0.475 0.0421875 0.0328125
1 0.58125 0.396875 0.0421875 0.0265625
1 0.37578125 0.6078125 0.0453125 0.034375
1 0.32734375 0.4796875 0.0421875 0.03125
1 0.40546875 0.48046875 0.0421875 0.0296875
1 0.5921875 0.55234375 0.04375 0.0328125
4 0.87578125 0.41328125 0.1109375 0.1109375
1 0.6984375 0.3984375 0.040625 0.0265625
1 0.44375 0.45546875 0.04375 0.028125
1 0.9203125 0.43515625 0.0421875 0.0265625
1 0.60234375 0.528125 0.04375 0.0328125
1 0.575 0.35859375 0.040625 0.0265625
1 0.35078125 0.47578125 0.0421875 0.0296875
1 0.92421875 0.4640625 0.0421875 0.0296875
1 0.9828125 0.38828125 0.034375 0.0265625
1 0.93359375 0.40546875 0.0421875 0.028125
1 0.42578125 0.42578125 0.0421875 0.028125
1 0.53984375 0.396875 0.040625 0.0265625
1 0.9203125 0.40859375 0.0421875 0.0265625
1 0.66171875 0.54453125 0.04375 0.03125
1 0.21015625 0.4125 0.0375 0.025
1 0.41953125 0.45859375 0.0421875 0.0296875
1 0.3859375 0.46875 0.0421875 0.0296875
1 0.40078125 0.4421875 0.0421875 0.0296875
1 0.84921875 0.4625 0.0421875 0.0296875
1 0.634375 0.4921875 0.0421875 0.03125
1 0.61484375 0.4828125 0.04375 0.03125
1 0.39765625 0.40390625 0.040625 0.028125
1 0.371875 0.371875 0.0421875 0.0265625
1 0.4421875 0.4421875 0.0421875 0.025
1 0.98203125 0.56875 0.0359375 0.03125
1 0.3328125 0.59765625 0.0453125 0.034375
1 0.034375 0.90390625 0.04375 0.0328125
1 0.6625 0.359375 0.0390625 0.0265625
1 0.34140625 0.40234375 0.0421875 0.028125
1 0.54296875 0.41875 0.0421875 0.028125
1 0.3875 0.40390625 0.040625 0.028125
1 0.496875 0.43515625 0.040625 0.0265625
1 0.559375 0.59609375 0.0453125 0.034375
1 0.36796875 0.484375 0.04375 0.03125
1 0.1859375 0.290625 0.0390625 0.025
1 0.61328125 0.42421875 0.0421875 0.028125
1 0.56640625 0.43359375 0.0421875 0.025
1 0.978125 0.43515625 0.0421875 0.028125
1 0.43671875 0.37734375 0.0421875 0.025
1 0.57578125 0.4234375 0.0421875 0.028125
1 0.0515625 0.38125 0.0421875 0.0265625
1 0.37109375 0.33125 0.040625 0.0265625
1 0.54765625 0.38203125 0.040625 0.0265625
1 0.32734375 0.43046875 0.0421875 0.0296875
1 0.8921875 0.35 0.040625 0.028125
1 0.33515625 0.34453125 0.040625 0.0265625
1 0.8125 0.3609375 0.040625 0.0265625
1 0.815625 0.43046875 0.0421875 0.028125
1 0.028125 0.9671875 0.046875 0.03125
1 0.16796875 0.3125 0.040625 0.025
1 0.47578125 0.38203125 0.040625 0.0265625
1 0.4546875 0.3859375 0.0421875 0.028125
1 0.1671875 0.6015625 0.0453125 0.034375
1 0.4375 0.390625 0.040625 0.025
1 0.67421875 0.34453125 0.0390625 0.025
1 0.6328125 0.328125 0.040625 0.0265625
1 0.60703125 0.34296875 0.0421875 0.0265625
1 0.5546875 0.4 0.0421875 0.028125
1 0.5296875 0.4265625 0.0421875 0.028125
1 0.93515625 0.4421875 0.0421875 0.028125
1 0.275 0.5328125 0.040625 0.025
1 0.56640625 0.41875 0.0421875 0.028125
1 0.309375 0.2859375 0.040625 0.025
1 0.359375 0.2625 0.040625 0.0234375
1 0.94609375 0.43203125 0.0421875 0.0296875
1 0.346875 0.36484375 0.040625 0.0265625
1 0.08828125 0.34453125 0.040625 0.0265625
1 0.1359375 0.271875 0.0390625 0.025
1 0.3078125 0.565625 0.04375 0.0328125
1 0.06953125 0.328125 0.040625 0.0234375
1 0.95078125 0.3578125 0.0421875 0.028125
1 0.54140625 0.36796875 0.040625 0.0265625
1 0.5046875 0.3953125 0.0421875 0.0265625
1 0.56484375 0.378125 0.040625 0.0265625
1 0.90390625 0.33828125 0.040625 0.025
1 0.48046875 0.4046875 0.0421875 0.0265625
1 0.34296875 0.29921875 0.040625 0.025
1 0.59453125 0.46875 0.040625 0.028125
1 0.93984375 0.36171875 0.040625 0.0265625
1 0.30234375 0.29765625 0.040625 0.0265625
1 0.6015625 0.490625 0.0421875 0.03125
1 0.5640625 0.4484375 0.0421875 0.028125
1 0.0625 0.89609375 0.04375 0.03125
1 0.8796875 0.309375 0.0390625 0.025
1 0.49296875 0.28359375 0.040625 0.0265625
1 0.43671875 0.6453125 0.040625 0.021875
1 0.33671875 0.26015625 0.0390625 0.0234375
1 0.55625 0.33359375 0.0421875 0.025
1 0.3984375 0.3359375 0.0390625 0.025
1 0.3828125 0.33515625 0.040625 0.0265625
1 0.65 0.5390625 0.04375 0.0328125
1 0.60390625 0.434375 0.0421875 0.0265625
1 0.06171875 0.3421875 0.040625 0.025
1 0.35 0.3453125 0.040625 0.025
1 0.41875 0.35390625 0.040625 0.025
1 0.0484375 0.36875 0.040625 0.0234375
1 0.60390625 0.64609375 0.0421875 0.0265625
1 0.92421875 0.39453125 0.040625 0.025
1 0.16953125 0.26484375 0.040625 0.0234375
1 0.3046875 0.63828125 0.040625 0.0234375
1 0.97734375 0.62578125 0.040625 0.021875
1 0.603125 0.4515625 0.0421875 0.025
1 0.5015625 0.26484375 0.0390625 0.0234375
1 0.03203125 0.3484375 0.0421875 0.028125
1 0.4484375 0.2734375 0.040625 0.025
1 0.6671875 0.33046875 0.040625 0.025
1 0.62578125 0.32109375 0.0390625 0.025
1 0.0171875 0.359375 0.034375 0.028125
1 0.49921875 0.44921875 0.0421875 0.028125
1 0.10703125 0.27578125 0.040625 0.025
1 0.6375 0.30859375 0.040625 0.0265625
1 0.5140625 0.37734375 0.0390625 0.0234375
1 0.92421875 0.32421875 0.040625 0.0265625
1 0.64609375 0.2984375 0.0390625 0.025
1 0.32734375 0.37109375 0.040625 0.028125
1 0.0921875 0.8671875 0.0390625 0.0234375
1 0.14140625 0.26171875 0.0390625 0.0234375
1 0.41328125 0.3390625 0.0390625 0.025
4 0.1546875 0.91875 0.1140625 0.14375
1 0.89609375 0.29609375 0.040625 0.025
1 0.5140625 0.28203125 0.0421875 0.028125
1 0.54375 0.328125 0.040625 0.0234375
1 0.17578125 0.85703125 0.0390625 0.0234375
1 0.65546875 0.321875 0.040625 0.0234375
1 0.86640625 0.3078125 0.040625 0.025
1 0.878125 0.290625 0.040625 0.025
1 0.37109375 0.34921875 0.0421875 0.028125
1 0.6109375 0.26171875 0.040625 0.0234375
1 0.08984375 0.33125 0.040625 0.0265625
1 0.46953125 0.9046875 0.040625 0.0234375
1 0.06640625 0.9296875 0.0421875 0.025
1 0.39296875 0.325 0.0421875 0.025
1 0.5203125 0.375 0.040625 0.025
1 0.928125 0.30859375 0.0390625 0.0234375
1 0.934375 0.32890625 0.040625 0.025
1 0.39921875 0.2609375 0.0390625 0.0234375
4 0.40703125 0.83046875 0.0671875 0.053125
1 0.115625 0.26875 0.040625 0.025
1 0.53984375 0.3515625 0.040625 0.021875
1 0.55390625 0.35703125 0.040625 0.025
1 0.503125 0.38359375 0.0421875 0.0234375
1 0.04609375 0.9109375 0.046875 0.034375
1 0.35703125 0.353125 0.0421875 0.025
1 0.965625 0.6640625 0.0453125 0.028125
1 0.303125 0.61953125 0.040625 0.021875
1 0.10078125 0.88125 0.040625 0.0234375
1 0.0890625 0.88203125 0.0421875 0.028125
1 0.44453125 0.2625 0.0390625 0.0234375
1 0.81875 0.26953125 0.040625 0.0234375
1 0.96328125 0.346875 0.040625 0.025
1 0.0390625 0.875 0.0421875 0.028125
1 0.98359375 0.6625 0.0328125 0.03125
1 0.38046875 0.828125 0.0390625 0.021875
1 0.3140625 0.36953125 0.0421875 0.0265625
1 0.95 0.328125 0.040625 0.0265625
1 0.14375 0.859375 0.040625 0.025
1 0.096875 0.85078125 0.0359375 0.021875
1 0.85078125 0.28671875 0.0390625 0.025
1 0.11875 0.84609375 0.0375 0.021875
1 0.38203125 0.26015625 0.0390625 0.0234375
1 0.04296875 0.9296875 0.0421875 0.0234375
1 0.4265625 0.25625 0.0390625 0.0234375
1 0.4046875 0.34765625 0.04375 0.025
1 0.0171875 0.95234375 0.034375 0.0421875
1 0.88671875 0.2921875 0.040625 0.025
1 0.38125 0.85546875 0.0375 0.0234375
1 0.0671875 0.3140625 0.040625 0.0234375
1 0.06015625 0.96796875 0.040625 0.025
1 0.91171875 0.29453125 0.040625 0.0265625
1 0.59296875 0.2578125 0.040625 0.0234375
1 0.41015625 0.85625 0.040625 0.025
1 0.58359375 0.26875 0.0390625 0.0234375
1 0.9796875 0.35390625 0.0390625 0.0234375