4 0.6515625 0.36953125 0.08203125 0.1
2 0.76328125 0.21640625 0.0875 0.0625
3 0.4421875 0.2578125 0.0640625 0.07421875
3 0.0828125 0.29453125 0.07421875 0.07734375
3 0.34453125 0.38984375 0.06328125 0.115625
1 0.2953125 0.46640625 0.0109375 0.01796875
2 0.24609375 0.209375 0.0890625 0.05625
4 0.6421875 0.48515625 0.096875 0.1359375
3 0.11875 0.85703125 0.0546875 0.0625
1 0.271875 0.453125 0.01015625 0.01640625
1 0.559375 0.55703125 0.0125 0.021875
1 0.53515625 0.5390625 0.01171875 0.02109375
1 0.54921875 0.4828125 0.01171875 0.01875
1 0.2734375 0.52890625 0.0125 0.0203125
1 0.55390625 0.4421875 0.01015625 0.01796875
1 0.3921875 0.4671875 0.01015625 0.01796875
1 0.59765625 0.51328125 0.01171875 0.01796875
1 0.29765625 0.4359375 0.01015625 0.01796875
3 0.46328125 0.8578125 0.04140625 0.059375
1 0.86640625 0.4390625 0.0109375 0.01796875
1 0.009375 0.3734375 0.01015625 0.0171875
1 0.5375 0.49921875 0.01171875 0.0203125
1 0.0984375 0.8953125 0.01015625 0.01796875
1 0.74140625 0.8890625 0.0109375 0.01796875
1 0.56640625 0.5109375 0.0109375 0.0203125
1 0.73046875 0.4828125 0.01015625 0.01796875
1 0.51875 0.46015625 0.0109375 0.01875
1 0.584375 0.4046875 0.009375 0.015625
1 0.484375 0.4390625 0.0109375 0.01796875
1 0.3359375 0.8890625 0.009375 0.015625
1 0.071875 0.96328125 0.01796875 0.03515625
1 0.5171875 0.484375 0.01171875 0.01875
1 0.2984375 0.52421875 0.01171875 0.02109375
1 0.50078125 0.425 0.01015625 0.0171875
1 0.05078125 0.46796875 0.01171875 0.01953125
1 0.30234375 0.41875 0.00859375 0.015625
1 0.603125 0.571875 0.01171875 0.021875
1 0.9484375 0.90703125 0.01015625 0.01875
1 0.58125 0.3453125 0.009375 0.01328125
1 0.709375 0.8984375 0.0109375 0.01796875
1 0.4390625 0.60390625 0.01328125 0.02421875
1 0.4078125 0.325 0.009375 0.01484375
1 0.46796875 0.48828125 0.009375 0.02109375
0 0.20625 0.18515625 0.0109375 0.01953125
1 0.59453125 0.5375 0.0125 0.01953125
1 0.584375 0.46640625 0.01015625 0.01796875
1 0.28671875 0.43125 0.0109375 0.015625
1 0.83046875 0.39140625 0.009375 0.015625
1 0.609375 0.55078125 0.01328125 0.01953125
1 0.440625 0.4703125 0.0125 0.01796875
1 0.5046875 0.31953125 0.00703125 0.0125
1 0.5546875 0.328125 0.0078125 0.01484375
1 0.87890625 0.303125 0.0078125 0.0140625
1 0.95 0.365625 0.01015625 0.015625
1 0.565625 0.30546875 0.0078125 0.0140625
1 0.621875 0.3890625 0.0109375 0.01796875
1 0.55 0.4171875 0.0109375 0.015625
1 0.45234375 0.45859375 0.0109375 0.0171875
1 0.41015625 0.4640625 0.0109375 0.0171875
1 0.85859375 0.94296875 0.01484375 0.028125
1 0.19609375 0.9703125 0.01953125 0.034375
1 0.46875 0.3859375 0.009375 0.01484375
1 0.434375 0.40703125 0.01015625 0.0171875
1 0.840625 0.39765625 0.009375 0.0171875
1 0.8953125 0.28125 0.0078125 0.0125
4 0.51875 0.37421875 0.0734375 0.08125
1 0.446875 0.34609375 0.0109375 0.01796875
1 0.49296875 0.4703125 0.01015625 0.0171875
1 0.6234375 0.55078125 0.01171875 0.01953125
1 0.4984375 0.4546875 0.009375 0.0125
1 0.58359375 0.36015625 0.00859375 0.015625
1 0.48203125 0.34296875 0.0078125 0.0140625
1 0.4671875 0.34296875 0.00859375 0.015625
1 0.440625 0.453125 0.01015625 0.01328125
1 0.4625 0.32421875 0.009375 0.01484375
1 0.425 0.3203125 0.00859375 0.01328125
1 0.4359375 0.3203125 0.00859375 0.0140625
1 0.91015625 0.88984375 0.01015625 0.01484375
1 0.5609375 0.34609375 0.009375 0.01484375
1 0.7 0.4453125 0.009375 0.0171875
1 0.590625 0.3875 0.00859375 0.015625
1 0.50390625 0.47109375 0.01015625 0.01640625
1 0.39453125 0.4359375 0.01171875 0.01953125
1 0.465625 0.371875 0.00859375 0.0125
1 0.721875 0.46953125 0.0109375 0.01796875
1 0.42578125 0.4421875 0.0109375 0.015625
1 0.165625 0.2625 0.00703125 0.0125
1 0.6046875 0.3671875 0.00859375 0.01484375
1 0.57265625 0.4046875 0.009375 0.015625
1 0.45625 0.34140625 0.0078125 0.0140625
1 0.41796875 0.42578125 0.01171875 0.0171875
1 0.4265625 0.46796875 0.01171875 0.0203125
1 0.996875 0.42578125 0.00625 0.0171875
1 0.4953125 0.28125 0.00859375 0.01328125
1 0.46015625 0.428125 0.01015625 0.015625
1 0.12578125 0.27890625 0.00859375 0.01328125
1 0.40078125 0.40703125 0.009375 0.0140625
1 0.5578125 0.36015625 0.00859375 0.01171875
1 0.4390625 0.4296875 0.0109375 0.01875
1 0.5390625 0.309375 0.00625 0.01171875
1 0.89921875 0.91953125 0.0125 0.02578125
1 0.89453125 0.87265625 0.00703125 0.01171875
1 0.3390625 0.3078125 0.00859375 0.01328125
1 0.48203125 0.32578125 0.00859375 0.01484375
1 0.484375 0.29765625 0.0078125 0.0140625
1 0.40078125 0.45703125 0.009375 0.01796875
1 0.7171875 0.4328125 0.0078125 0.01171875
1 0.38515625 0.2953125 0.0078125 0.0125
1 0.934375 0.86640625 0.00703125 0.01171875
1 0.49765625 0.26875 0.00703125 0.01171875
1 0.44453125 0.40625 0.009375 0.015625
1 0.51875 0.34375 0.009375 0.01484375
1 0.46953125 0.4046875 0.01015625 0.0140625
1 0.75703125 0.87578125 0.00703125 0.0125
1 0.32734375 0.30625 0.00859375 0.01328125
1 0.27109375 0.43828125 0.009375 0.01171875
3 0.0125 0.3140625 0.02421875 0.0796875
1 0.4234375 0.40703125 0.009375 0.01328125
1 0.36875 0.3140625 0.00859375 0.0140625
1 0.6046875 0.4140625 0.009375 0.01484375
1 0.528125 0.2859375 0.009375 0.0140625
1 0.34765625 0.29453125 0.009375 0.0125
1 0.46875 0.2828125 0.00859375 0.01484375
1 0.38203125 0.33515625 0.00859375 0.01484375
1 0.35234375 0.28046875 0.00703125 0.0109375
1 0.5515625 0.26796875 0.009375 0.0125
1 0.47734375 0.41875 0.0109375 0.0171875
1 0.428125 0.34453125 0.00859375 0.01328125
1 0.2859375 0.32421875 0.0109375 0.01875
1 0.3203125 0.31953125 0.00625 0.0109375
1 0.25546875 0.9796875 0.02109375 0.03671875
1 0.39765625 0.28203125 0.00859375 0.0125
1 0.4578125 0.3671875 0.009375 0.01484375
1 0.56328125 0.2796875 0.00859375 0.0125
1 0.4640625 0.29296875 0.009375 0.0125
1 0.3546875 0.2921875 0.0078125 0.0125
1 0.47890625 0.375 0.0078125 0.01015625
1 0.29140625 0.4203125 0.00859375 0.0140625
1 0.409375 0.3953125 0.009375 0.0140625
1 0.5625 0.41796875 0.0109375 0.0125
1 0.4375 0.38828125 0.0109375 0.01640625
1 0.80703125 0.871875 0.00703125 0.0125
1 0.6046875 0.39921875 0.00859375 0.0125
1 0.45703125 0.40390625 0.01171875 0.01640625
1 0.43359375 0.35625 0.009375 0.0140625
1 0.48359375 0.2578125 0.0078125 0.01171875
1 0.521875 0.32421875 0.00859375 0.0109375
1 0.46875 0.42421875 0.01015625 0.01640625
1 0.71015625 0.44375 0.00859375 0.01484375
1 0.60703125 0.38203125 0.0078125 0.0140625
1 0.39765625 0.39296875 0.01015625 0.01640625
1 0.44140625 0.36640625 0.01015625 0.01484375
1 0.6046875 0.86953125 0.00625 0.01171875
1 0.56015625 0.40546875 0.01015625 0.015625
1 0.91640625 0.86953125 0.0078125 0.0109375
1 0.43125 0.375 0.009375 0.015625
1 0.9359375 0.9453125 0.009375 0.01328125
1 0.43671875 0.30859375 0.00859375 0.01171875
1 0.2953125 0.31484375 0.01015625 0.015625
1 0.70234375 0.403125 0.009375 0.015625
1 0.35390625 0.3140625 0.00859375 0.01328125
1 0.5953125 0.36796875 0.00859375 0.015625
1 0.70234375 0.29296875 0.009375 0.01484375
1 0.56875 0.37734375 0.0078125 0.01171875
1 0.3921875 0.33671875 0.0078125 0.01171875
1 0.4671875 0.89140625 0.01015625 0.0109375
1 0.79609375 0.8578125 0.0078125 0.009375
1 0.57734375 0.38984375 0.009375 0.0140625
1 0.12578125 0.2640625 0.00859375 0.01171875
1 0.71875 0.4546875 0.0109375 0.0125
1 0.7078125 0.4234375 0.00859375 0.01640625
1 0.7 0.42734375 0.01015625 0.015625
1 0.69765625 0.98984375 0.01953125 0.01953125
1 0.29453125 0.403125 0.00859375 0.01328125
1 0.68125 0.4078125 0.01015625 0.0140625
1 0.55546875 0.871875 0.00703125 0.0125
1 0.42265625 0.36484375 0.00859375 0.01328125
1 0.315625 0.3453125 0.01015625 0.015625
1 0.4484375 0.88828125 0.009375 0.0109375
1 0.69296875 0.40703125 0.00859375 0.015625