4 0.43515625 0.459375 0.1265625 0.1453125
2 0.75390625 0.20625 0.125 0.0671875
3 0.5453125 0.375 0.10625 0.0953125
4 0.3703125 0.39296875 0.0984375 0.103125
3 0.15078125 0.3203125 0.0828125 0.065625
4 0.10859375 0.3484375 0.0921875 0.06875
1 0.71875 0.88046875 0.05 0.025
1 0.38359375 0.53828125 0.05 0.0234375
1 0.60703125 0.434375 0.0484375 0.0203125
1 0.30390625 0.5140625 0.0484375 0.0234375
1 0.9640625 0.39765625 0.0484375 0.0203125
1 0.93984375 0.4234375 0.0484375 0.021875
1 0.87734375 0.3703125 0.046875 0.0203125
1 0.46171875 0.89609375 0.05 0.025
1 0.35859375 0.49609375 0.0484375 0.0234375
1 0.7421875 0.49140625 0.046875 0.01875
1 0.02734375 0.47109375 0.0484375 0.0203125
1 0.06875 0.50078125 0.0484375 0.0234375
1 0.9015625 0.484375 0.046875 0.0234375
1 0.228125 0.51015625 0.0484375 0.0234375
1 0.6296875 0.89765625 0.046875 0.015625
1 0.32890625 0.4625 0.0484375 0.021875
1 0.30234375 0.41328125 0.046875 0.01875
1 0.29453125 0.55625 0.0484375 0.025
1 0.65390625 0.5859375 0.05 0.0203125
1 0.475 0.4078125 0.046875 0.0203125
1 0.68046875 0.45703125 0.0484375 0.021875
1 0.78203125 0.91484375 0.0546875 0.034375
1 0.36328125 0.584375 0.05 0.021875
1 0.759375 0.88125 0.05 0.025
1 0.40546875 0.5890625 0.05 0.021875
1 0.9125 0.43046875 0.0484375 0.021875
1 0.70625 0.42734375 0.0484375 0.0203125
1 0.9484375 0.37265625 0.046875 0.0203125
1 0.98046875 0.50546875 0.0390625 0.0234375
1 0.071875 0.4296875 0.046875 0.01875
3 0.66171875 0.346875 0.096875 0.078125
1 0.71015625 0.5078125 0.05 0.0234375
1 0.115625 0.52890625 0.0484375 0.0234375
1 0.96640625 0.4734375 0.0484375 0.021875
1 0.81328125 0.9125 0.053125 0.0328125
1 0.35625 0.90703125 0.05 0.021875
1 0.64453125 0.42421875 0.046875 0.0203125
1 0.38828125 0.58984375 0.05 0.0203125
1 0.828125 0.409375 0.0484375 0.021875
1 0.7578125 0.521875 0.0484375 0.0234375
1 0.38203125 0.515625 0.046875 0.0203125
1 0.915625 0.89609375 0.053125 0.03125
2 0.2265625 0.2390625 0.1421875 0.05625
1 0.71484375 0.4859375 0.046875 0.0203125
1 0.69296875 0.36796875 0.046875 0.01875
1 0.8703125 0.8625 0.046875 0.0203125
1 0.04453125 0.4421875 0.046875 0.0203125
1 0.11171875 0.55625 0.0484375 0.0203125
1 0.7328125 0.5046875 0.046875 0.0171875
1 0.675 0.4265625 0.046875 0.021875
1 0.175 0.94765625 0.053125 0.03125
1 0.6875 0.86328125 0.046875 0.021875
1 0.28671875 0.453125 0.0453125 0.01875
1 0.03046875 0.44453125 0.046875 0.01875
1 0.734375 0.525 0.05 0.0234375
1 0.98359375 0.4828125 0.0328125 0.01875
1 0.3640625 0.31171875 0.04375 0.0171875
1 0.90078125 0.31953125 0.0453125 0.01875
1 0.23046875 0.89453125 0.046875 0.01875
1 0.3609375 0.87578125 0.04375 0.0171875
1 0.90234375 0.91875 0.0546875 0.028125
1 0.15234375 0.9328125 0.0515625 0.0265625
1 0.9328125 0.38828125 0.046875 0.021875
1 0.51171875 0.453125 0.0484375 0.021875
1 0.9015625 0.89453125 0.0515625 0.025
1 0.53828125 0.31953125 0.04375 0.0171875
1 0.82890625 0.359375 0.046875 0.01875
1 0.32734375 0.3671875 0.0453125 0.01875
1 0.2390625 0.9125 0.0484375 0.025
1 0.82578125 0.86875 0.0484375 0.0234375
1 0.70234375 0.321875 0.046875 0.0203125
1 0.140625 0.975 0.05625 0.0390625
1 0.696875 0.50234375 0.0484375 0.0234375
1 0.0921875 0.3796875 0.0453125 0.01875
1 0.67421875 0.8953125 0.0484375 0.015625
1 0.6015625 0.41796875 0.0453125 0.01875
1 0.81015625 0.38515625 0.0453125 0.01875
1 0.709375 0.85546875 0.046875 0.0203125
1 0.9203125 0.32265625 0.046875 0.01875
1 0.36875 0.5578125 0.0484375 0.0234375
4 0.18046875 0.8515625 0.08125 0.05625
1 0.5125 0.32265625 0.0453125 0.0171875
1 0.45859375 0.3734375 0.0453125 0.01875
4 0.478125 0.828125 0.0734375 0.0546875
1 0.959375 0.90546875 0.0515625 0.0296875
1 0.57109375 0.50859375 0.05 0.0234375
1 0.28046875 0.48203125 0.05 0.0234375
1 0.2921875 0.8671875 0.04375 0.015625
1 0.70546875 0.41015625 0.046875 0.01875
1 0.61484375 0.3953125 0.0484375 0.021875
1 0.0296875 0.425 0.046875 0.01875
1 0.70078125 0.30703125 0.0453125 0.0171875
1 0.54375 0.4875 0.0484375 0.021875
1 0.21875 0.92265625 0.05 0.0265625
1 0.14296875 0.9015625 0.046875 0.0203125
1 0.8 0.8578125 0.046875 0.01875
1 0.875 0.28125 0.0453125 0.015625
1 0.328125 0.3515625 0.0453125 0.0171875
1 0.31171875 0.86875 0.04375 0.0171875
1 0.675 0.48984375 0.0484375 0.0234375
1 0.63828125 0.396875 0.046875 0.01875
1 0.63046875 0.41953125 0.046875 0.021875
1 0.30078125 0.4734375 0.0484375 0.0203125
1 0.77578125 0.85 0.04375 0.0171875
1 0.52890625 0.46015625 0.0453125 0.015625
1 0.84609375 0.871875 0.0484375 0.0234375
1 0.3140625 0.46484375 0.0484375 0.0203125
1 0.1984375 0.4171875 0.046875 0.01875
1 0.58515625 0.4 0.0453125 0.0203125
1 0.58125 0.30390625 0.04375 0.015625
1 0.85703125 0.3265625 0.0453125 0.0171875
1 0.38359375 0.309375 0.046875 0.0171875
1 0.6046875 0.88828125 0.0484375 0.0234375
1 0.59609375 0.89609375 0.05 0.0203125
1 0.69921875 0.60625 0.05 0.0203125
1 0.3875 0.61875 0.046875 0.021875
1 0.9703125 0.49140625 0.0453125 0.0203125
1 0.74375 0.50703125 0.046875 0.01875
0 0.15625 0.24140625 0.04375 0.015625
1 0.59375 0.32109375 0.04375 0.015625
1 0.496875 0.38125 0.0453125 0.01875
1 0.33984375 0.8578125 0.0421875 0.0140625
1 0.05625 0.41484375 0.046875 0.0171875
1 0.18828125 0.375 0.04375 0.015625
3 0.56640625 0.76953125 0.0828125 0.053125
1 0.31171875 0.4484375 0.046875 0.0171875
1 0.62890625 0.37109375 0.0484375 0.0203125
1 0.02265625 0.40859375 0.0453125 0.0171875
1 0.83984375 0.3484375 0.046875 0.0171875
1 0.66796875 0.4140625 0.0484375 0.021875
1 0.84921875 0.83828125 0.0453125 0.01875
0 0.19375 0.20078125 0.0484375 0.028125
1 0.69765625 0.46015625 0.046875 0.01875
1 0.47578125 0.35703125 0.04375 0.015625
1 0.34609375 0.34140625 0.04375 0.015625
1 0.36796875 0.54140625 0.046875 0.01875
1 0.8671875 0.32265625 0.046875 0.0171875
1 0.0109375 0.484375 0.021875 0.01875
1 0.5546875 0.48828125 0.0484375 0.021875
1 0.965625 0.87890625 0.053125 0.0265625
1 0.51015625 0.36953125 0.046875 0.01875
1 0.65546875 0.40625 0.046875 0.0171875
1 0.5765625 0.346875 0.0453125 0.0171875
1 0.6015625 0.33984375 0.0453125 0.0171875
1 0.278125 0.46640625 0.046875 0.015625
1 0.70390625 0.4734375 0.046875 0.0171875
1 0.85703125 0.31328125 0.0453125 0.0171875
1 0.48046875 0.375 0.0453125 0.0171875
1 0.87890625 0.31015625 0.046875 0.0171875
1 0.6359375 0.3859375 0.0453125 0.015625
1 0.40859375 0.3078125 0.04375 0.015625
1 0.9140625 0.30703125 0.046875 0.01875
1 0.33515625 0.3390625 0.04375 0.0140625
1 0.78359375 0.834375 0.04375 0.015625
1 0.3375 0.35390625 0.0453125 0.0171875
1 0.06484375 0.4140625 0.046875 0.01875
1 0.48203125 0.30625 0.0421875 0.0171875
1 0.55390625 0.303125 0.04375 0.015625
1 0.84140625 0.31953125 0.0453125 0.0171875
1 0.5390625 0.846875 0.046875 0.01875
1 0.978125 0.3484375 0.04375 0.01875
1 0.31953125 0.85859375 0.04375 0.0140625
1 0.5390625 0.46640625 0.0453125 0.0171875
1 0.35078125 0.54453125 0.046875 0.01875
1 0.571875 0.47890625 0.0484375 0.021875
1 0.80859375 0.84375 0.04375 0.0171875
1 0.20078125 0.9015625 0.0484375 0.021875
1 0.86796875 0.8375 0.0453125 0.0171875
1 0.31328125 0.828125 0.04375 0.0140625
1 0.4890625 0.37890625 0.04375 0.01875
0 0.0359375 0.2671875 0.046875 0.01875
1 0.45390625 0.3015625 0.0421875 0.015625
1 0.88984375 0.2984375 0.0453125 0.0171875
1 0.2859375 0.6609375 0.0453125 0.0140625
0 0.10546875 0.278125 0.0453125 0.01875
1 0.09140625 0.3640625 0.0453125 0.0171875
1 0.69296875 0.4 0.046875 0.0203125
1 0.17109375 0.8953125 0.0484375 0.01875
1 0.5890625 0.340625 0.0453125 0.0171875
1 0.94765625 0.31796875 0.046875 0.01875
1 0.70234375 0.4859375 0.0453125 0.0171875
1 0.28828125 0.85234375 0.0421875 0.0125
1 0.06953125 0.40390625 0.046875 0.015625
1 0.77109375 0.9625 0.0609375 0.04375
1 0.61640625 0.35390625 0.046875 0.0171875
1 0.56953125 0.290625 0.04375 0.015625
1 0.4953125 0.36640625 0.0453125 0.015625
1 0.5953125 0.37421875 0.046875 0.0171875
1 0.83984375 0.96796875 0.0609375 0.034375
1 0.5984375 0.3890625 0.0453125 0.015625
1 0.59609375 0.4015625 0.0484375 0.0171875
1 0.4734375 0.29765625 0.0453125 0.015625
1 0.471875 0.37734375 0.0453125 0.0171875
1 0.53046875 0.29921875 0.0453125 0.0171875
1 0.9359375 0.915625 0.053125 0.0296875
1 0.5640625 0.303125 0.046875 0.015625
1 0.8984375 0.83359375 0.04375 0.015625
1 0.55078125 0.46796875 0.0453125 0.0171875
1 0.04453125 0.96328125 0.05 0.025
0 0.15703125 0.27109375 0.0453125 0.0171875
1 0.51015625 0.3390625 0.0453125 0.015625
1 0.834375 0.83046875 0.04375 0.0140625
1 0.821875 0.83125 0.0453125 0.0140625
1 0.41640625 0.30703125 0.046875 0.015625
1 0.1328125 0.7625 0.04375 0.015625
1 0.56171875 0.4703125 0.046875 0.0171875
1 0.9515625 0.8609375 0.0453125 0.01875
1 0.9546875 0.96640625 0.053125 0.021875
1 0.678125 0.3859375 0.046875 0.015625
1 0.06640625 0.390625 0.0453125 0.0171875
1 0.075 0.37421875 0.046875 0.01875
1 0.90703125 0.8359375 0.0453125 0.0171875
1 0.9015625 0.29375 0.0453125 0.0171875
1 0.6671875 0.38828125 0.046875 0.015625
1 0.246875 0.859375 0.04375 0.0140625
1 0.50625 0.89453125 0.0453125 0.021875
1 0.70078125 0.39453125 0.0453125 0.015625
1 0.91171875 0.96953125 0.0515625 0.021875
1 0.60390625 0.36953125 0.0453125 0.015625
0 0.3390625 0.728125 0.04375 0.0171875
1 0.67890625 0.403125 0.0453125 0.01875