2 0.76484375 0.21484375 0.1109375 0.0625
3 0.2375 0.8390625 0.078125 0.0546875
1 0.659375 0.58515625 0.034375 0.0234375
1 0.51796875 0.40703125 0.0296875 0.0171875
1 0.98359375 0.54609375 0.0328125 0.0234375
1 0.7109375 0.503125 0.0328125 0.0203125
1 0.66796875 0.48984375 0.0328125 0.0203125
1 0.8515625 0.91484375 0.0359375 0.028125
3 0.59609375 0.48984375 0.1375 0.11875
1 0.665625 0.52890625 0.0328125 0.021875
1 0.6015625 0.4015625 0.03125 0.0171875
1 0.4359375 0.89296875 0.0328125 0.021875
1 0.08125 0.38828125 0.0296875 0.0140625
3 0.8296875 0.82734375 0.0671875 0.0515625
1 0.24140625 0.89453125 0.0328125 0.0203125
4 0.4703125 0.546875 0.0765625 0.1
1 0.50625 0.375 0.0296875 0.015625
1 0.490625 0.40546875 0.03125 0.0171875
1 0.021875 0.45546875 0.03125 0.01875
1 0.028125 0.440625 0.03125 0.0171875
1 0.07734375 0.4515625 0.0296875 0.0171875
1 0.090625 0.43828125 0.0296875 0.015625
1 0.50625 0.578125 0.0328125 0.025
1 0.64609375 0.53515625 0.0328125 0.021875
1 0.24453125 0.53671875 0.0296875 0.01875
1 0.8375 0.8734375 0.03125 0.0171875
1 0.36875 0.38125 0.0296875 0.015625
1 0.31796875 0.4015625 0.0296875 0.0171875
1 0.48046875 0.61796875 0.0359375 0.0234375
1 0.21953125 0.646875 0.034375 0.01875
1 0.29140625 0.8734375 0.0296875 0.015625
1 0.1953125 0.428125 0.03125 0.01875
1 0.11796875 0.375 0.0296875 0.0140625
1 0.53125 0.37734375 0.0296875 0.015625
1 0.1734375 0.90078125 0.0328125 0.021875
1 0.25078125 0.8640625 0.0296875 0.0140625
1 0.69140625 0.37109375 0.0296875 0.015625
2 0.24140625 0.228125 0.1171875 0.0515625
1 0.17734375 0.3890625 0.028125 0.015625
1 0.44296875 0.33515625 0.028125 0.015625
1 0.33359375 0.3453125 0.028125 0.0140625
1 0.98671875 0.5 0.0265625 0.021875
1 0.228125 0.8890625 0.0328125 0.01875
1 0.6375 0.33984375 0.0296875 0.015625
1 0.67109375 0.85625 0.03125 0.0171875
1 0.84375 0.3265625 0.0296875 0.0125
1 0.46015625 0.61953125 0.034375 0.0203125
0 0.21015625 0.23671875 0.0296875 0.015625
4 0.30390625 0.4984375 0.1265625 0.1171875
1 0.93671875 0.3875 0.03125 0.0171875
1 0.87578125 0.33359375 0.028125 0.0140625
1 0.75390625 0.91875 0.0359375 0.028125
1 0.6640625 0.37421875 0.0296875 0.015625
1 0.13671875 0.97578125 0.040625 0.040625
1 0.61796875 0.42421875 0.0296875 0.015625
1 0.66171875 0.50625 0.03125 0.0171875
1 0.66328125 0.3375 0.028125 0.015625
1 0.57421875 0.3890625 0.03125 0.0171875
1 0.24453125 0.61953125 0.034375 0.0203125
1 0.06796875 0.35703125 0.0296875 0.0140625
1 0.63203125 0.6140625 0.03125 0.015625
1 0.1890625 0.85859375 0.028125 0.0125
1 0.6046875 0.3015625 0.028125 0.0125
1 0.89921875 0.33359375 0.028125 0.0140625
1 0.921875 0.36484375 0.0296875 0.0140625
1 0.16015625 0.3625 0.03125 0.0140625
1 0.18125 0.421875 0.03125 0.0171875
1 0.34765625 0.33359375 0.028125 0.0140625
1 0.95546875 0.38359375 0.03125 0.015625
1 0.253125 0.50859375 0.03125 0.0203125
1 0.48671875 0.375 0.0296875 0.0140625
1 0.48984375 0.38828125 0.03125 0.015625
1 0.97109375 0.38828125 0.0328125 0.0203125
1 0.67578125 0.3703125 0.0296875 0.015625
1 0.70546875 0.8484375 0.028125 0.0125
1 0.15703125 0.32734375 0.028125 0.0140625
1 0.91640625 0.34921875 0.0296875 0.0140625
1 0.30390625 0.87265625 0.0296875 0.015625
1 0.55703125 0.30234375 0.0296875 0.0125
1 0.13828125 0.87109375 0.0296875 0.0140625
1 0.86328125 0.33203125 0.028125 0.0140625
1 0.11953125 0.35546875 0.0296875 0.0125
1 0.3390625 0.8703125 0.0328125 0.0171875
1 0.175 0.4125 0.0296875 0.015625
1 0.8828125 0.88515625 0.0328125 0.01875
1 0.3234375 0.86875 0.028125 0.015625
1 0.15546875 0.3125 0.0296875 0.0125
1 0.3 0.43515625 0.028125 0.0109375
1 0.54765625 0.840625 0.0265625 0.0140625
1 0.55625 0.9046875 0.0296875 0.0109375
1 0.11015625 0.340625 0.0296875 0.0125
1 0.83515625 0.346875 0.0296875 0.0140625
1 0.45625 0.30078125 0.028125 0.0125
1 0.79453125 0.85 0.028125 0.0140625
1 0.9140625 0.934375 0.0359375 0.0265625
1 0.709375 0.4296875 0.0328125 0.021875
1 0.984375 0.38984375 0.03125 0.0203125
1 0.72421875 0.85078125 0.028125 0.0140625
1 0.18515625 0.309375 0.028125 0.0125
1 0.48828125 0.59765625 0.0296875 0.0125
1 0.8796875 0.31171875 0.0296875 0.0140625
1 0.640625 0.3078125 0.028125 0.0125
0 0.23515625 0.19296875 0.03125 0.01875
3 0.55625 0.771875 0.059375 0.040625
1 0.93203125 0.359375 0.0296875 0.0171875
1 0.65078125 0.3203125 0.0296875 0.0171875
1 0.33984375 0.33671875 0.028125 0.0125
1 0.525 0.31796875 0.0296875 0.0125
1 0.9265625 0.91171875 0.034375 0.0203125
1 0.61171875 0.6390625 0.028125 0.021875
1 0.73828125 0.840625 0.028125 0.0125
1 0.4484375 0.8546875 0.0265625 0.009375
1 0.83828125 0.846875 0.0296875 0.0125
1 0.0890625 0.3578125 0.028125 0.0140625
1 0.340625 0.6484375 0.0328125 0.0140625
1 0.6125 0.5421875 0.03125 0.0171875
1 0.12578125 0.34765625 0.028125 0.0125
1 0.44375 0.29765625 0.028125 0.0125
1 0.5765625 0.846875 0.028125 0.0125
1 0.2015625 0.84921875 0.028125 0.0109375
1 0.6609375 0.31953125 0.0296875 0.015625
1 0.84609375 0.84765625 0.028125 0.0125
1 0.85703125 0.8484375 0.028125 0.0125
1 0.11015625 0.859375 0.028125 0.0140625
3 0.83203125 0.3 0.0546875 0.0546875
1 0.96953125 0.36171875 0.03125 0.0140625
1 0.94609375 0.3703125 0.03125 0.015625
1 0.56875 0.3 0.0296875 0.0125
1 0.43671875 0.840625 0.0265625 0.0109375
1 0.659375 0.9046875 0.0296875 0.009375
1 0.50546875 0.29765625 0.0296875 0.0140625
1 0.915625 0.334375 0.0296875 0.0125
1 0.4265625 0.853125 0.028125 0.0109375
1 0.97265625 0.34453125 0.0296875 0.0140625
1 0.090625 0.34375 0.028125 0.0109375
1 0.184375 0.8484375 0.0265625 0.009375
1 0.125 0.51953125 0.0296875 0.0125
1 0.17109375 0.84609375 0.0296875 0.009375
1 0.52421875 0.296875 0.0296875 0.0125
1 0.121875 0.33515625 0.03125 0.0125
1 0.28984375 0.40078125 0.028125 0.0125
1 0.4640625 0.85625 0.0265625 0.009375
1 0.11875 0.32265625 0.0296875 0.015625
1 0.32578125 0.6484375 0.03125 0.0140625
1 0.0953125 0.353125 0.028125 0.0109375
1 0.746875 0.84296875 0.028125 0.0125
1 0.91640625 0.32421875 0.0296875 0.0125
0 0.26171875 0.721875 0.0296875 0.0171875
1 0.9265625 0.32421875 0.0296875 0.0140625
1 0.4953125 0.29453125 0.03125 0.0140625
1 0.56328125 0.83671875 0.028125 0.0125
1 0.67109375 0.33671875 0.0328125 0.0140625
1 0.55234375 0.82578125 0.0265625 0.0109375
1 0.4375 0.853125 0.0265625 0.009375
1 0.29375 0.64609375 0.0359375 0.01875
1 0.84765625 0.29296875 0.028125 0.0125
1 0.86015625 0.86328125 0.028125 0.0109375
1 0.6609375 0.29375 0.028125 0.0125
1 0.89453125 0.88359375 0.034375 0.0234375
1 0.87421875 0.871875 0.0265625 0.0109375
1 0.978125 0.95078125 0.0328125 0.025
1 0.78828125 0.84609375 0.028125 0.0125