2 0.21640625 0.23359375 0.1015625 0.0640625
4 0.82265625 0.33828125 0.0828125 0.0796875
4 0.79375 0.8234375 0.071875 0.06875
3 0.16015625 0.37109375 0.0671875 0.090625
3 0.2828125 0.85078125 0.08125 0.06875
1 0.84375 0.55078125 0.028125 0.021875
1 0.11484375 0.45 0.025 0.015625
1 0.621875 0.440625 0.0234375 0.015625
3 0.36328125 0.3546875 0.0859375 0.0859375
4 0.87734375 0.29140625 0.0828125 0.06875
1 0.31171875 0.88984375 0.025 0.01875
1 0.04296875 0.440625 0.025 0.015625
1 0.409375 0.8953125 0.0265625 0.021875
4 0.49375 0.38203125 0.096875 0.0921875
1 0.36640625 0.44921875 0.0234375 0.0171875
1 0.8265625 0.375 0.021875 0.0140625
1 0.4171875 0.49609375 0.025 0.0171875
1 0.5953125 0.45078125 0.025 0.0171875
1 0.34765625 0.5625 0.0265625 0.021875
1 0.93046875 0.4890625 0.0265625 0.0203125
1 0.61015625 0.4109375 0.0234375 0.015625
1 0.43671875 0.4421875 0.0234375 0.015625
1 0.31171875 0.584375 0.0265625 0.021875
1 0.284375 0.56171875 0.0265625 0.0203125
1 0.23125 0.896875 0.025 0.01875
1 0.6609375 0.44453125 0.0234375 0.015625
1 0.15546875 0.4453125 0.0234375 0.015625
1 0.8265625 0.89296875 0.028125 0.0234375
1 0.92421875 0.3984375 0.0234375 0.0140625
1 0.9875 0.44453125 0.025 0.0171875
1 0.28671875 0.51484375 0.025 0.01875
1 0.3484375 0.475 0.025 0.0171875
0 0.796875 0.13984375 0.025 0.0171875
1 0.446875 0.4375 0.025 0.0171875
1 0.41875 0.51640625 0.025 0.0203125
1 0.6421875 0.5375 0.0265625 0.021875
2 0.73984375 0.21171875 0.109375 0.0515625
1 0.95078125 0.4171875 0.025 0.0171875
0 0.9671875 0.21015625 0.028125 0.021875
1 0.5296875 0.4546875 0.025 0.0171875
1 0.4125 0.3859375 0.021875 0.0140625
1 0.32578125 0.4875 0.025 0.0171875
1 0.5484375 0.4421875 0.0234375 0.0140625
1 0.87265625 0.41796875 0.0234375 0.0171875
1 0.43203125 0.3359375 0.0203125 0.0125
1 0.05234375 0.40625 0.021875 0.0140625
1 0.7875 0.8734375 0.025 0.01875
1 0.66953125 0.39375 0.021875 0.0140625
1 0.628125 0.45703125 0.025 0.0171875
1 0.6359375 0.3734375 0.0234375 0.0140625
1 0.5796875 0.496875 0.0234375 0.01875
1 0.60234375 0.38359375 0.021875 0.0140625
1 0.38671875 0.39296875 0.0234375 0.015625
1 0.4125 0.43125 0.0234375 0.0171875
0 0.74765625 0.1765625 0.025 0.0171875
4 0.9109375 0.80859375 0.053125 0.0453125
1 0.64453125 0.47890625 0.025 0.01875
1 0.31015625 0.5328125 0.025 0.0203125
1 0.8953125 0.5203125 0.025 0.0171875
1 0.26484375 0.53046875 0.0265625 0.0203125
1 0.8296875 0.93125 0.034375 0.0328125
1 0.41328125 0.45390625 0.025 0.0171875
1 0.9828125 0.4265625 0.025 0.015625
1 0.321875 0.86171875 0.0203125 0.0125
0 0.95234375 0.1609375 0.028125 0.021875
1 0.33359375 0.46015625 0.025 0.0171875
1 0.6828125 0.34453125 0.021875 0.0140625
1 0.06796875 0.43359375 0.025 0.0171875
1 0.559375 0.46015625 0.025 0.0171875
1 0.365625 0.39765625 0.0203125 0.0125
1 0.5390625 0.4046875 0.0234375 0.0140625
1 0.64921875 0.44765625 0.0234375 0.015625
1 0.63359375 0.34609375 0.021875 0.0125
1 0.05703125 0.3765625 0.021875 0.0125
1 0.4828125 0.4390625 0.025 0.0171875
1 0.6109375 0.365625 0.021875 0.0125
1 0.71796875 0.4875 0.0234375 0.0140625
1 0.6578125 0.37109375 0.021875 0.0125
1 0.55078125 0.41875 0.021875 0.0125
1 0.20234375 0.903125 0.025 0.01875
1 0.66875 0.3578125 0.021875 0.0125
1 0.47109375 0.31953125 0.0203125 0.0125
1 0.91171875 0.4296875 0.025 0.015625
1 0.0671875 0.4078125 0.0234375 0.0140625
1 0.940625 0.40703125 0.0234375 0.0140625
1 0.8890625 0.84765625 0.0234375 0.015625
1 0.34453125 0.396875 0.0234375 0.0125
1 0.32578125 0.43515625 0.0234375 0.015625
1 0.8546875 0.87890625 0.025 0.0171875
1 0.6328125 0.33125 0.021875 0.0125
1 0.16328125 0.91484375 0.0265625 0.01875
1 0.04140625 0.39453125 0.021875 0.0125
1 0.89296875 0.371875 0.0234375 0.0140625
1 0.4203125 0.36015625 0.021875 0.0125
1 0.53359375 0.4328125 0.025 0.01875
1 0.1484375 0.3171875 0.0203125 0.0109375
1 0.41171875 0.35703125 0.0203125 0.0125
1 0.85078125 0.93359375 0.034375 0.0328125
1 0.93359375 0.3625 0.021875 0.0140625
1 0.57109375 0.55234375 0.021875 0.0171875
1 0.2984375 0.42421875 0.0234375 0.015625
1 0.91015625 0.3828125 0.0234375 0.0140625
1 0.42421875 0.38046875 0.021875 0.0140625
1 0.9484375 0.94140625 0.034375 0.0390625
1 0.12890625 0.88984375 0.0234375 0.015625
1 0.37265625 0.471875 0.0203125 0.0140625
1 0.48515625 0.4203125 0.0234375 0.015625
1 0.17734375 0.93125 0.028125 0.01875
1 0.29296875 0.378125 0.021875 0.0125
0 0.83046875 0.0953125 0.0265625 0.01875
1 0.409375 0.47265625 0.025 0.015625
1 0.3734375 0.42734375 0.0234375 0.015625
1 0.6125 0.3359375 0.0203125 0.0109375
1 0.925 0.9703125 0.03125 0.0140625
1 0.7609375 0.878125 0.0265625 0.0171875
1 0.86953125 0.32578125 0.0203125 0.0109375
1 0.5421875 0.46640625 0.0265625 0.01875
1 0.86328125 0.34609375 0.0203125 0.0125
1 0.33046875 0.3953125 0.021875 0.0125
1 0.5328125 0.3546875 0.021875 0.0140625
1 0.61328125 0.45234375 0.025 0.0171875
1 0.49921875 0.32109375 0.0203125 0.0125
1 0.34453125 0.88203125 0.025 0.0171875
1 0.8375 0.87421875 0.028125 0.01875
1 0.31640625 0.39609375 0.021875 0.0140625
1 0.51328125 0.33046875 0.021875 0.0125
1 0.0625 0.34765625 0.0234375 0.015625
1 0.5109375 0.3046875 0.0203125 0.0109375
1 0.85859375 0.8546875 0.0234375 0.0140625
1 0.91875 0.42109375 0.0203125 0.0125
1 0.83828125 0.83828125 0.0203125 0.0125
1 0.47578125 0.646875 0.021875 0.0109375
1 0.184375 0.89140625 0.0234375 0.015625
1 0.325 0.415625 0.021875 0.0109375
1 0.9078125 0.84609375 0.021875 0.0140625
1 0.21015625 0.85625 0.01875 0.009375
1 0.4484375 0.30234375 0.0203125 0.0109375
1 0.91015625 0.35859375 0.025 0.0140625
1 0.45234375 0.8484375 0.0203125 0.0109375
1 0.81484375 0.56953125 0.025 0.015625
1 0.40234375 0.4484375 0.0234375 0.0171875
1 0.4890625 0.32421875 0.021875 0.0109375
1 0.6640625 0.340625 0.0234375 0.0140625
1 0.3875 0.30546875 0.0203125 0.0109375
1 0.6140625 0.32109375 0.0234375 0.0109375
1 0.08359375 0.9140625 0.025 0.01875
1 0.653125 0.2515625 0.021875 0.0140625
1 0.85703125 0.90546875 0.0265625 0.0203125
0 0.88125 0.1234375 0.0265625 0.01875
1 0.615625 0.38203125 0.0234375 0.0140625
1 0.03828125 0.36640625 0.021875 0.0109375
1 0.31640625 0.42734375 0.021875 0.0125
1 0.559375 0.29375 0.0203125 0.0109375
0 0.9234375 0.1296875 0.0265625 0.01875
1 0.65859375 0.43046875 0.0234375 0.0109375
1 0.32734375 0.3359375 0.021875 0.0109375
1 0.484375 0.8453125 0.021875 0.0140625
1 0.64140625 0.45 0.0234375 0.0171875
1 0.47109375 0.84140625 0.0234375 0.0125
1 0.62265625 0.31796875 0.01875 0.0109375
1 0.084375 0.32890625 0.0234375 0.0140625
1 0.8765625 0.4890625 0.0234375 0.0140625
1 0.596875 0.28359375 0.0203125 0.0125
1 0.14140625 0.93046875 0.028125 0.0203125
1 0.78515625 0.85546875 0.0234375 0.0125
1 0.10234375 0.32890625 0.0203125 0.0109375
1 0.3828125 0.43125 0.0234375 0.0140625
1 0.1796875 0.98515625 0.0375 0.028125
1 0.54296875 0.35703125 0.0234375 0.0125
1 0.88359375 0.62421875 0.0234375 0.0171875
1 0.965625 0.36015625 0.0234375 0.0125
1 0.29375 0.98515625 0.03125 0.028125
1 0.9734375 0.62421875 0.025 0.0140625
1 0.8234375 0.28828125 0.0203125 0.0109375
1 0.446875 0.8359375 0.0203125 0.009375
1 0.46015625 0.340625 0.01875 0.0078125
1 0.62109375 0.36484375 0.021875 0.0125
1 0.85625 0.834375 0.021875 0.009375
1 0.5546875 0.61015625 0.0234375 0.0140625
1 0.60546875 0.2921875 0.021875 0.009375
1 0.18671875 0.95625 0.025 0.0234375
1 0.14375 0.96484375 0.025 0.0125
0 0.64765625 0.98125 0.0390625 0.021875
1 0.40546875 0.303125 0.0234375 0.0109375
4 0.48828125 0.81171875 0.046875 0.040625
0 0.28828125 0.775 0.0234375 0.0140625
1 0.02109375 0.3796875 0.0203125 0.0109375
1 0.596875 0.33671875 0.01875 0.0109375
0 0.85546875 0.08828125 0.025 0.01875
1 0.559375 0.39375 0.01875 0.0078125
1 0.98828125 0.5640625 0.0234375 0.009375
1 0.01171875 0.390625 0.0234375 0.0140625
1 0.584375 0.89609375 0.0296875 0.0171875
1 0.1390625 0.909375 0.0234375 0.0109375
1 0.8484375 0.83046875 0.0203125 0.0109375
1 0.56171875 0.9015625 0.0203125 0.009375
1 0.1296875 0.91875 0.0234375 0.0171875
1 0.953125 0.35546875 0.0234375 0.0140625