2 0.78828125 0.2390625 0.1140625 0.059375
3 0.19453125 0.3734375 0.0828125 0.084375
4 0.65234375 0.8546875 0.096875 0.0765625
4 0.840625 0.4265625 0.0765625 0.0703125
3 0.29296875 0.83125 0.1015625 0.075
4 0.88671875 0.6296875 0.1296875 0.0953125
2 0.26875 0.20859375 0.11875 0.0484375
3 0.23515625 0.80859375 0.0625 0.0359375
4 0.7046875 0.8375 0.0671875 0.0421875
4 0.696875 0.30078125 0.06875 0.05625
1 0.5734375 0.5125 0.034375 0.0140625
3 0.340625 0.2734375 0.0625 0.046875
3 0.1375 0.55625 0.1109375 0.1296875
1 0.45390625 0.50625 0.034375 0.0140625
1 0.4359375 0.496875 0.0328125 0.0109375
1 0.5625 0.51484375 0.034375 0.0140625
3 0.52890625 0.8078125 0.0578125 0.0234375