2 0.7671875 0.215625 0.09375 0.0578125
4 0.0515625 0.50546875 0.078125 0.103125
3 0.71640625 0.4828125 0.109375 0.13125
1 0.29453125 0.43828125 0.01875 0.0171875
1 0.56953125 0.46328125 0.01875 0.01875
1 0.14921875 0.5875 0.0203125 0.0171875
1 0.26640625 0.43203125 0.0203125 0.01875
1 0.734375 0.58828125 0.0203125 0.0171875
1 0.4984375 0.43515625 0.01875 0.01875
1 0.24140625 0.88828125 0.01875 0.01875
1 0.18671875 0.45234375 0.01875 0.0171875
2 0.24453125 0.23125 0.1 0.05
1 0.6421875 0.390625 0.0171875 0.015625
1 0.94140625 0.41796875 0.01875 0.01875
1 0.59375 0.4640625 0.01875 0.0171875
1 0.3734375 0.58515625 0.0203125 0.0171875
1 0.47890625 0.42109375 0.0171875 0.0171875
0 0.31171875 0.22578125 0.01875 0.0171875
1 0.32265625 0.42265625 0.0171875 0.0171875
1 0.84375 0.39140625 0.0171875 0.0171875
1 0.75625 0.5796875 0.021875 0.021875
1 0.99375 0.4234375 0.0125 0.015625
1 0.3 0.42265625 0.0171875 0.0171875
1 0.3703125 0.56953125 0.01875 0.0171875
1 0.33671875 0.4859375 0.01875 0.01875
1 0.71796875 0.57109375 0.021875 0.0234375
1 0.45546875 0.58359375 0.021875 0.0203125
1 0.1765625 0.92734375 0.025 0.028125
1 0.11875 0.490625 0.01875 0.01875
1 0.6625 0.52890625 0.0203125 0.021875
1 0.421875 0.55859375 0.0203125 0.0234375
1 0.19375 0.3765625 0.0171875 0.015625
1 0.66015625 0.6265625 0.021875 0.0234375
1 0.33984375 0.4671875 0.01875 0.0171875
1 0.1671875 0.44375 0.01875 0.0171875
1 0.46484375 0.55234375 0.0203125 0.021875
1 0.23125 0.965625 0.028125 0.0390625
1 0.20234375 0.4078125 0.015625 0.015625
1 0.79140625 0.88359375 0.0203125 0.021875
1 0.42109375 0.3421875 0.0171875 0.0140625
1 0.12109375 0.37734375 0.01875 0.0171875
1 0.84609375 0.8921875 0.0203125 0.0234375
1 0.5921875 0.55234375 0.0203125 0.0203125
1 0.68046875 0.36171875 0.0171875 0.015625
1 0.12421875 0.44609375 0.01875 0.0171875
1 0.090625 0.4125 0.0171875 0.015625
1 0.64765625 0.3703125 0.0171875 0.015625
1 0.9828125 0.36484375 0.01875 0.0171875
1 0.25390625 0.55703125 0.0203125 0.0234375
1 0.48046875 0.38671875 0.0171875 0.015625
1 0.15546875 0.4671875 0.01875 0.0171875
1 0.46484375 0.34921875 0.0171875 0.015625
1 0.45546875 0.56484375 0.0203125 0.0171875
1 0.65546875 0.33984375 0.0171875 0.0140625
1 0.33203125 0.41171875 0.0171875 0.0171875
1 0.578125 0.56875 0.0203125 0.01875
1 0.0578125 0.40390625 0.01875 0.0171875
1 0.6265625 0.36328125 0.0171875 0.0140625
1 0.46015625 0.44140625 0.0171875 0.01875
1 0.4421875 0.446875 0.0171875 0.01875
1 0.87421875 0.33671875 0.0171875 0.0140625
1 0.63515625 0.5109375 0.0203125 0.021875
1 0.553125 0.890625 0.0203125 0.025
0 0.28046875 0.18046875 0.0203125 0.01875
1 0.090625 0.44140625 0.0171875 0.0171875
1 0.58828125 0.3921875 0.01875 0.015625
1 0.540625 0.45 0.01875 0.01875
1 0.59296875 0.353125 0.0171875 0.015625
1 0.40625 0.3578125 0.0171875 0.015625
1 0.065625 0.42734375 0.01875 0.015625
1 0.08984375 0.94140625 0.025 0.0296875
1 0.6921875 0.5515625 0.0203125 0.0203125
1 0.2875 0.88671875 0.0171875 0.01875
3 0.5296875 0.3921875 0.0953125 0.1
1 0.2671875 0.6140625 0.021875 0.01875
1 0.146875 0.3421875 0.0171875 0.0140625
1 0.559375 0.55546875 0.021875 0.021875
1 0.83828125 0.92265625 0.0234375 0.028125
1 0.7359375 0.84765625 0.015625 0.0125
1 0.70390625 0.559375 0.021875 0.021875
1 0.49296875 0.3359375 0.0171875 0.0140625
1 0.8265625 0.93984375 0.0265625 0.0328125
1 0.73203125 0.865625 0.01875 0.015625
1 0.05390625 0.99140625 0.028125 0.0171875
1 0.16640625 0.8875 0.0171875 0.0171875
1 0.35625 0.35546875 0.0171875 0.015625
1 0.50625 0.3234375 0.015625 0.0125
1 0.4421875 0.3390625 0.015625 0.015625
1 0.70859375 0.8484375 0.0171875 0.0140625
1 0.83359375 0.4359375 0.015625 0.0125
1 0.3484375 0.42890625 0.01875 0.015625
1 0.03203125 0.3875 0.01875 0.0140625
1 0.9015625 0.5140625 0.0171875 0.015625
1 0.078125 0.41328125 0.0171875 0.015625
1 0.66953125 0.4265625 0.01875 0.0140625
1 0.42421875 0.85546875 0.0203125 0.0203125
1 0.35 0.41171875 0.0171875 0.0140625
1 0.653125 0.32734375 0.0171875 0.0140625
1 0.7484375 0.8359375 0.015625 0.0125
1 0.940625 0.34453125 0.0171875 0.015625
3 0.8859375 0.45390625 0.078125 0.1125
0 0.28125 0.79453125 0.025 0.0296875
1 0.853125 0.85 0.0171875 0.0140625
1 0.41875 0.6109375 0.021875 0.0203125
1 0.8765625 0.31015625 0.015625 0.0140625
1 0.39375 0.3078125 0.0171875 0.0125
1 0.06875 0.3921875 0.01875 0.0171875
1 0.10078125 0.440625 0.0203125 0.0171875
1 0.37265625 0.353125 0.01875 0.015625
1 0.14609375 0.32421875 0.0171875 0.015625
1 0.83515625 0.29296875 0.015625 0.0125
1 0.04609375 0.4265625 0.0203125 0.01875
1 0.6078125 0.3171875 0.0171875 0.0125
1 0.9234375 0.92578125 0.025 0.028125
1 0.58828125 0.303125 0.015625 0.0125
1 0.24765625 0.86015625 0.015625 0.0125
1 0.1234375 0.33515625 0.0171875 0.0140625
1 0.615625 0.32578125 0.015625 0.0140625
1 0.9453125 0.90546875 0.021875 0.0234375
1 0.07890625 0.90390625 0.0203125 0.021875
1 0.6046875 0.35859375 0.015625 0.0125
1 0.21953125 0.84921875 0.0140625 0.0109375
1 0.4546875 0.30390625 0.015625 0.0125
1 0.9296875 0.32109375 0.015625 0.0140625
1 0.6375 0.33828125 0.0171875 0.0140625
0 0.334375 0.80859375 0.021875 0.025
1 0.38125 0.3421875 0.0171875 0.0140625
1 0.55390625 0.4875 0.01875 0.0171875
1 0.625 0.33359375 0.015625 0.0140625
1 0.61640625 0.3515625 0.015625 0.0140625
1 0.27421875 0.86015625 0.015625 0.0125
1 0.60703125 0.34296875 0.0171875 0.0109375
1 0.8484375 0.98828125 0.025 0.0109375
4 0.43828125 0.81953125 0.034375 0.0359375
1 0.875 0.29296875 0.015625 0.0125
1 0.32734375 0.3625 0.015625 0.0140625
1 0.35625 0.321875 0.0171875 0.0125
1 0.15625 0.31484375 0.0171875 0.0125
1 0.47578125 0.3015625 0.015625 0.0125
1 0.94921875 0.3421875 0.0171875 0.015625
1 0.05546875 0.42734375 0.0171875 0.015625
1 0.0171875 0.4078125 0.0171875 0.0140625
1 0.89453125 0.86796875 0.01875 0.015625
1 0.184375 0.88125 0.0171875 0.01875
1 0.34453125 0.3296875 0.0171875 0.0125
1 0.66171875 0.3234375 0.015625 0.0125
1 0.18359375 0.99140625 0.028125 0.0171875
1 0.5765625 0.51171875 0.01875 0.0140625
1 0.76953125 0.98984375 0.0265625 0.009375
3 0.46640625 0.81953125 0.05 0.053125
1 0.896875 0.84140625 0.0140625 0.0125
1 0.08984375 0.9125 0.0203125 0.015625
1 0.571875 0.55078125 0.0203125 0.01875
1 0.38984375 0.33828125 0.0171875 0.015625
1 0.99296875 0.36953125 0.0140625 0.0140625
1 0.58984375 0.53046875 0.0203125 0.0171875
1 0.67265625 0.44453125 0.0171875 0.0140625
1 0.11484375 0.33515625 0.0171875 0.0140625
1 0.44296875 0.84140625 0.0140625 0.009375
1 0.79140625 0.8359375 0.0171875 0.0109375
1 0.33828125 0.359375 0.01875 0.0171875
1 0.92734375 0.86875 0.01875 0.015625
1 0.96875 0.3671875 0.0171875 0.0171875
1 0.1765625 0.8859375 0.01875 0.01875
1 0.403125 0.34296875 0.01875 0.0140625
1 0.125 0.9625 0.025 0.0359375
1 0.5609375 0.51015625 0.01875 0.01875
1 0.6890625 0.41953125 0.0171875 0.0140625
1 0.371875 0.3390625 0.0171875 0.0109375
1 0.09921875 0.89765625 0.0203125 0.01875
1 0.37421875 0.31953125 0.0171875 0.0125
1 0.5625 0.53515625 0.0171875 0.015625
3 0.6015625 0.865625 0.0875 0.103125
1 0.88671875 0.2953125 0.01875 0.0140625
1 0.5109375 0.33828125 0.015625 0.0125
1 0.02109375 0.43046875 0.01875 0.015625
0 0.36484375 0.009375 0.0203125 0.0140625
1 0.90625 0.865625 0.01875 0.0171875
1 0.7703125 0.84296875 0.015625 0.0140625
1 0.62109375 0.296875 0.0171875 0.0125
1 0.35625 0.34140625 0.0171875 0.015625
1 0.24921875 0.63046875 0.021875 0.021875
1 0.14140625 0.8890625 0.0203125 0.0203125
1 0.93984375 0.98046875 0.025 0.021875
1 0.34140625 0.34296875 0.0171875 0.0109375
1 0.41328125 0.32734375 0.0171875 0.0125
1 0.56171875 0.3859375 0.015625 0.0109375
1 0.59765625 0.29453125 0.0171875 0.0140625
1 0.4515625 0.84453125 0.015625 0.0140625
1 0.53125 0.45078125 0.0171875 0.0171875
1 0.46875 0.8515625 0.0171875 0.0125