2 0.7578125 0.21171875 0.103125 0.0640625
4 0.88046875 0.26015625 0.078125 0.0796875
3 0.23203125 0.91328125 0.1359375 0.1453125
1 0.38046875 0.44453125 0.0234375 0.01875
1 0.66796875 0.4953125 0.025 0.0203125
1 0.14453125 0.35234375 0.021875 0.015625
1 0.66953125 0.43671875 0.0234375 0.0171875
1 0.33515625 0.409375 0.0234375 0.01875
1 0.1515625 0.58359375 0.025 0.0234375
1 0.12578125 0.3734375 0.021875 0.015625
1 0.009375 0.50703125 0.01875 0.0203125
4 0.975 0.50078125 0.05 0.0828125
1 0.66875 0.55703125 0.025 0.021875
1 0.03125 0.45078125 0.025 0.0171875
0 0.21015625 0.18359375 0.0234375 0.0203125
1 0.84609375 0.56953125 0.0265625 0.0234375
1 0.07890625 0.434375 0.0234375 0.01875
1 0.653125 0.5203125 0.025 0.0203125
1 0.62421875 0.5140625 0.025 0.0203125
0 0.25625 0.18125 0.021875 0.0171875
1 0.315625 0.41328125 0.021875 0.01875
1 0.17578125 0.40625 0.0234375 0.01875
1 0.86953125 0.3828125 0.0234375 0.015625
1 0.4765625 0.41796875 0.0234375 0.0171875
1 0.71640625 0.57734375 0.025 0.0234375
0 0.221875 0.153125 0.0234375 0.01875
1 0.690625 0.87890625 0.021875 0.015625
1 0.328125 0.359375 0.0203125 0.015625
1 0.39375 0.33203125 0.0203125 0.0140625
1 0.40234375 0.4015625 0.021875 0.0171875
1 0.91796875 0.56796875 0.025 0.021875
1 0.9734375 0.41171875 0.025 0.0171875
1 0.065625 0.40546875 0.0234375 0.0171875
1 0.890625 0.30859375 0.021875 0.0140625
1 0.2921875 0.33125 0.021875 0.015625
1 0.11484375 0.3484375 0.0203125 0.0140625
1 0.88671875 0.421875 0.0234375 0.0171875
1 0.828125 0.29765625 0.0203125 0.0140625
1 0.4765625 0.37109375 0.021875 0.015625
1 0.06328125 0.3640625 0.021875 0.0171875
1 0.875 0.32578125 0.0203125 0.0140625
1 0.92109375 0.3 0.021875 0.0140625
2 0.24140625 0.2140625 0.1046875 0.059375
1 0.13125 0.309375 0.021875 0.0125
1 0.0328125 0.4234375 0.0234375 0.0171875
1 0.4625 0.30625 0.0203125 0.0140625
1 0.66953125 0.40234375 0.0234375 0.015625
1 0.15859375 0.3125 0.021875 0.0140625
1 0.83828125 0.35703125 0.021875 0.0171875
0 0.23359375 0.16796875 0.025 0.0171875
1 0.13203125 0.33359375 0.021875 0.0140625
1 0.62890625 0.2953125 0.021875 0.015625
1 0.18984375 0.334375 0.01875 0.0140625
1 0.3453125 0.38125 0.021875 0.015625
1 0.95703125 0.396875 0.025 0.0171875
3 0.0171875 0.43671875 0.034375 0.1140625
1 0.88671875 0.34609375 0.021875 0.0140625
1 0.30234375 0.8859375 0.0203125 0.015625
0 0.2875 0.775 0.0203125 0.0140625
1 0.92109375 0.36640625 0.021875 0.0171875
1 0.05703125 0.98125 0.03125 0.0359375
1 0.075 0.33515625 0.021875 0.0140625
1 0.35390625 0.3671875 0.021875 0.015625
1 0.1015625 0.34375 0.021875 0.015625
1 0.15625 0.896875 0.021875 0.0171875
1 0.34921875 0.2921875 0.0203125 0.0140625
1 0.8859375 0.37890625 0.0234375 0.015625
1 0.87734375 0.35390625 0.021875 0.015625
1 0.92890625 0.37265625 0.021875 0.015625
1 0.45859375 0.353125 0.0234375 0.015625
1 0.39140625 0.26875 0.0203125 0.0125
1 0.34765625 0.9015625 0.0234375 0.0171875
1 0.1203125 0.31328125 0.0234375 0.0140625
1 0.94140625 0.36953125 0.025 0.0171875
1 0.36328125 0.278125 0.01875 0.0125
1 0.05390625 0.41328125 0.0234375 0.015625
1 0.4890625 0.8890625 0.0203125 0.0140625
1 0.6421875 0.29609375 0.021875 0.015625
1 0.49921875 0.2890625 0.01875 0.0140625
1 0.69296875 0.42109375 0.0234375 0.015625
1 0.428125 0.2578125 0.0203125 0.0125
1 0.9546875 0.36171875 0.0234375 0.0140625
1 0.81875 0.359375 0.021875 0.015625
1 0.90078125 0.37109375 0.025 0.015625
1 0.32421875 0.32421875 0.0203125 0.0140625
4 0.75234375 0.9140625 0.14375 0.1640625
1 0.3453125 0.88828125 0.0203125 0.0140625
0 0.0203125 0.06015625 0.028125 0.0203125
1 0.28671875 0.98984375 0.0296875 0.0203125
1 0.80546875 0.26015625 0.01875 0.0125
1 0.6796875 0.40625 0.0234375 0.0171875
1 0.3671875 0.2625 0.021875 0.0125
1 0.84921875 0.98828125 0.028125 0.0109375
1 0.66640625 0.365625 0.021875 0.0140625
1 0.07109375 0.9421875 0.0265625 0.028125
1 0.05625 0.35 0.021875 0.0140625
0 0.24921875 0.1984375 0.01875 0.0109375
1 0.540625 0.2578125 0.0203125 0.0125
1 0.9125 0.371875 0.0234375 0.015625
1 0.82734375 0.98203125 0.0296875 0.0234375
1 0.8703125 0.96796875 0.0328125 0.040625
1 0.81875 0.88828125 0.025 0.01875
1 0.346875 0.31640625 0.021875 0.0140625
1 0.90546875 0.35703125 0.021875 0.0140625
1 0.6828125 0.38828125 0.0234375 0.0171875
0 0.28359375 0.73984375 0.021875 0.0171875
1 0.70234375 0.41171875 0.021875 0.015625
1 0.8390625 0.85859375 0.01875 0.0109375
1 0.875 0.853125 0.01875 0.0109375
1 0.66875 0.2625 0.021875 0.0109375
1 0.4625 0.8859375 0.01875 0.0125
0 0.27265625 0.784375 0.0203125 0.0125
1 0.99296875 0.41640625 0.0140625 0.0140625
1 0.5296875 0.2578125 0.0203125 0.0125
1 0.82890625 0.85390625 0.0203125 0.0109375
1 0.95390625 0.3734375 0.0234375 0.0140625
1 0.92890625 0.3015625 0.021875 0.0125
1 0.1359375 0.88828125 0.021875 0.0140625
0 0.009375 0.1046875 0.01875 0.021875
1 0.13671875 0.28125 0.021875 0.0125
1 0.6625 0.34765625 0.0203125 0.0140625
1 0.13828125 0.87421875 0.0203125 0.0109375
1 0.81328125 0.8640625 0.01875 0.0109375
4 0.91640625 0.828125 0.071875 0.0828125
1 0.040625 0.33671875 0.021875 0.015625
1 0.9875 0.36796875 0.0234375 0.015625
0 0.421875 0.7140625 0.0203125 0.01875
1 0.69296875 0.38671875 0.021875 0.0171875
1 0.02734375 0.359375 0.0203125 0.0125
1 0.91171875 0.2890625 0.021875 0.0140625
1 0.88125 0.9078125 0.0234375 0.0203125
1 0.396875 0.259375 0.021875 0.0109375
1 0.4734375 0.86796875 0.01875 0.009375
1 0.08984375 0.29921875 0.0234375 0.015625
1 0.66484375 0.9921875 0.028125 0.009375
1 0.34765625 0.86171875 0.01875 0.0109375
1 0.49140625 0.8734375 0.01875 0.009375
0 0.3921875 0.70625 0.0234375 0.0171875
4 0.54296875 0.00625 0.1015625 0.0125
0 0.265625 0.8296875 0.0203125 0.0125
1 0.13671875 0.65625 0.021875 0.009375
1 0.9359375 0.87421875 0.0203125 0.0140625
0 0.23194944999999997 0.011655334375 0.2213807765625 0.0089734234375 0.207019065625 0.027162575 0.20603335937499997 0.0424516609375 0.2182378953125 0.04928596875 0.225627728125 0.0464404421875 0.22483825624999998 0.022832928125 0.23218164687499998 0.018598721874999998 0.23194944999999997 0.011655334375