3 0.82890625 0.37890625 0.084375 0.0953125
2 0.22421875 0.22421875 0.090625 0.0625
3 0.68359375 0.8421875 0.0796875 0.0796875
4 0.75 0.8265625 0.0515625 0.05
4 0.1171875 0.4546875 0.1078125 0.1203125
3 0.0265625 0.5703125 0.053125 0.09375
1 0.715625 0.44375 0.015625 0.0203125
4 0.1375 0.29609375 0.0734375 0.071875
1 0.88046875 0.5734375 0.0171875 0.0203125
1 0.18515625 0.58984375 0.01875 0.0234375
1 0.74375 0.57734375 0.0171875 0.0203125
1 0.76015625 0.5453125 0.01875 0.0234375
1 0.6953125 0.4859375 0.0171875 0.021875
1 0.96953125 0.43984375 0.0171875 0.0203125
1 0.3671875 0.44140625 0.015625 0.01875
1 0.42734375 0.4046875 0.015625 0.01875
1 0.34765625 0.38203125 0.0140625 0.0171875
1 0.534375 0.528125 0.0171875 0.025
1 0.2671875 0.553125 0.0171875 0.025
1 0.48515625 0.4046875 0.015625 0.01875
0 0.8 0.14765625 0.015625 0.021875
1 0.81328125 0.5609375 0.0171875 0.025
1 0.6484375 0.4625 0.015625 0.021875
4 0.378125 0.85625 0.1046875 0.1125
1 0.10625 0.35 0.0125 0.015625
1 0.24375 0.5453125 0.0171875 0.0234375
1 0.73046875 0.49609375 0.0171875 0.0234375
1 0.65234375 0.428125 0.015625 0.0171875
1 0.36640625 0.42578125 0.015625 0.015625
1 0.7859375 0.89453125 0.0171875 0.025
1 0.61171875 0.42265625 0.0171875 0.0203125
1 0.2765625 0.86015625 0.0125 0.0171875
1 0.88515625 0.89375 0.0171875 0.025
1 0.34609375 0.6203125 0.01875 0.0203125
1 0.6140625 0.88203125 0.015625 0.0203125
1 0.15390625 0.57734375 0.015625 0.0203125
1 0.99375 0.5578125 0.0125 0.01875
1 0.7125 0.56484375 0.01875 0.025
1 0.32734375 0.5578125 0.0171875 0.025
1 0.8546875 0.91953125 0.0203125 0.0296875
1 0.415625 0.38515625 0.0140625 0.01875
1 0.51953125 0.39375 0.0140625 0.0171875
0 0.81171875 0.14921875 0.0171875 0.021875
1 0.03828125 0.40078125 0.015625 0.0171875
0 0.7703125 0.18515625 0.01875 0.021875
1 0.72734375 0.553125 0.01875 0.021875
1 0.33203125 0.41875 0.0140625 0.0171875
1 0.84453125 0.4546875 0.015625 0.0203125
1 0.4265625 0.334375 0.0140625 0.015625
1 0.3296875 0.39765625 0.0140625 0.0171875
1 0.48671875 0.3203125 0.0140625 0.015625
1 0.55078125 0.3828125 0.0140625 0.0171875
1 0.4796875 0.45625 0.015625 0.01875
1 0.13125 0.35390625 0.015625 0.0203125
1 0.64765625 0.4046875 0.0140625 0.0171875
1 0.5484375 0.4375 0.015625 0.0203125
1 0.64375 0.44296875 0.015625 0.0203125
1 0.66640625 0.44609375 0.0171875 0.025
1 0.02265625 0.4140625 0.015625 0.01875
1 0.90703125 0.91484375 0.01875 0.0296875
1 0.91796875 0.37578125 0.015625 0.0171875
1 0.76953125 0.62421875 0.01875 0.0265625
1 0.37734375 0.440625 0.015625 0.0203125
1 0.30078125 0.40546875 0.0140625 0.015625
1 0.50234375 0.421875 0.015625 0.0171875
1 0.2921875 0.36171875 0.0140625 0.01875
1 0.38828125 0.3953125 0.015625 0.015625
1 0.60859375 0.38203125 0.0140625 0.0171875
1 0.6375 0.87578125 0.015625 0.01875
0 0.78125 0.2 0.0171875 0.01875
0 0.79140625 0.18671875 0.015625 0.01875
1 0.378125 0.35 0.0140625 0.015625
0 0.7828125 0.171875 0.0171875 0.021875
1 0.83359375 0.875 0.015625 0.0203125
1 0.68125 0.41171875 0.0140625 0.0171875
1 0.14765625 0.90859375 0.01875 0.025
1 0.6234375 0.39140625 0.0140625 0.01875
1 0.34296875 0.3265625 0.0125 0.015625
1 0.19140625 0.63046875 0.01875 0.025
1 0.3703125 0.38515625 0.015625 0.015625
1 0.65625 0.38046875 0.015625 0.015625
1 0.57265625 0.88359375 0.0171875 0.0234375
1 0.521875 0.43828125 0.015625 0.0203125
1 0.58125 0.43046875 0.0109375 0.015625
1 0.11953125 0.9046875 0.0171875 0.021875
1 0.4421875 0.34296875 0.0140625 0.015625
1 0.0078125 0.40859375 0.015625 0.0171875
1 0.60546875 0.403125 0.0125 0.015625
1 0.4125 0.34296875 0.015625 0.015625
1 0.15390625 0.88984375 0.0140625 0.01875
1 0.65546875 0.365625 0.0140625 0.015625
1 0.69609375 0.415625 0.015625 0.021875
0 0.73671875 0.215625 0.0140625 0.015625
1 0.48671875 0.35390625 0.015625 0.015625
1 0.5421875 0.8890625 0.015625 0.0234375
0 0.3859375 0.784375 0.0171875 0.025
1 0.73984375 0.85234375 0.0125 0.0140625
1 0.3828125 0.42421875 0.0140625 0.0171875
1 0.628125 0.3703125 0.015625 0.0171875
1 0.9328125 0.37578125 0.0171875 0.0171875
1 0.53046875 0.359375 0.0140625 0.0171875
1 0.83515625 0.4359375 0.015625 0.0203125
1 0.48671875 0.43046875 0.0171875 0.0203125
1 0.653125 0.44609375 0.015625 0.0203125
1 0.80546875 0.42734375 0.0140625 0.0171875
1 0.5359375 0.31484375 0.0125 0.0140625
0 0.71875 0.22421875 0.0171875 0.01875
1 0.65703125 0.3953125 0.0140625 0.015625
1 0.59140625 0.86640625 0.0140625 0.01875
1 0.8859375 0.36328125 0.0140625 0.015625
0 0.765625 0.2328125 0.0140625 0.015625
1 0.459375 0.37890625 0.015625 0.0171875
1 0.53125 0.3265625 0.0125 0.0140625
0 0.80703125 0.1203125 0.015625 0.021875
1 0.59140625 0.33125 0.0125 0.015625
1 0.8453125 0.953125 0.025 0.0390625
0 0.1609375 0.0140625 0.015625 0.01875
1 0.4640625 0.3265625 0.0125 0.0171875
1 0.39765625 0.371875 0.015625 0.0140625
1 0.640625 0.3921875 0.0171875 0.0171875
1 0.38984375 0.4171875 0.0140625 0.0171875
1 0.38125 0.38203125 0.0140625 0.0171875
1 0.56328125 0.340625 0.0125 0.0140625
0 0.77109375 0.2078125 0.015625 0.0203125
1 0.5828125 0.86953125 0.015625 0.0203125
1 0.47109375 0.4296875 0.015625 0.01875
1 0.5453125 0.3421875 0.0140625 0.015625
1 0.55390625 0.30546875 0.0125 0.0125
1 0.12265625 0.56328125 0.015625 0.015625
1 0.4390625 0.31640625 0.0140625 0.015625
1 0.7578125 0.39609375 0.015625 0.0203125
1 0.6890625 0.39296875 0.015625 0.0171875
1 0.3890625 0.3796875 0.0140625 0.0171875
1 0.6140625 0.33515625 0.0125 0.0140625
1 0.79453125 0.41796875 0.0125 0.0203125
1 0.51484375 0.30234375 0.0125 0.0140625
1 0.89140625 0.3359375 0.0125 0.0140625
1 0.82578125 0.43203125 0.0140625 0.0203125
1 0.365625 0.37421875 0.0125 0.0140625
1 0.44765625 0.328125 0.015625 0.015625
1 0.8765625 0.63828125 0.01875 0.0203125
1 0.89140625 0.52890625 0.0109375 0.015625
1 0.221875 0.84375 0.0125 0.0125
0 0.76015625 0.2046875 0.0140625 0.01875
0 0.140625 0.1875 0.0140625 0.01875
1 0.31328125 0.39375 0.015625 0.015625
1 0.075 0.33046875 0.0140625 0.015625
1 0.68046875 0.38046875 0.0140625 0.015625
1 0.1234375 0.8875 0.015625 0.015625
1 0.41875 0.315625 0.0140625 0.0171875
1 0.0921875 0.94609375 0.01875 0.0234375
1 0.846875 0.32421875 0.0140625 0.0140625
1 0.57421875 0.33828125 0.0125 0.015625
1 0.6265625 0.86796875 0.015625 0.01875
1 0.5265625 0.89609375 0.0171875 0.0234375
1 0.5421875 0.371875 0.0125 0.0140625
1 0.1375 0.8859375 0.0125 0.015625
1 0.63046875 0.34375 0.0140625 0.0171875
1 0.83515625 0.29921875 0.0140625 0.0125
1 0.3640625 0.29921875 0.0140625 0.0140625
1 0.9453125 0.39609375 0.0125 0.0140625
1 0.8234375 0.3125 0.0140625 0.0140625
1 0.6890625 0.3671875 0.0140625 0.0171875
1 0.80859375 0.3140625 0.0125 0.0140625
1 0.8484375 0.86484375 0.0140625 0.015625
1 0.01015625 0.3828125 0.015625 0.015625
1 0.76328125 0.6046875 0.01875 0.01875
1 0.37421875 0.3375 0.0140625 0.0140625
1 0.00390625 0.38046875 0.0078125 0.0171875
1 0.9671875 0.640625 0.015625 0.0203125
1 0.61484375 0.82890625 0.015625 0.0171875
1 0.396875 0.2984375 0.0140625 0.015625
0 0.68203125 0.7578125 0.015625 0.0203125
1 0.88203125 0.3515625 0.0125 0.0140625
1 0.33359375 0.64765625 0.015625 0.0125
1 0.8453125 0.9859375 0.0234375 0.015625
1 0.64921875 0.33984375 0.0140625 0.0140625
1 0.6609375 0.296875 0.0140625 0.0140625
1 0.70703125 0.64296875 0.0140625 0.015625
1 0.65 0.29765625 0.0140625 0.015625
1 0.496875 0.40546875 0.0140625 0.0171875
1 0.09609375 0.3125 0.0140625 0.01875
1 0.5421875 0.35546875 0.0125 0.0125
1 0.64375 0.36796875 0.0125 0.015625
1 0.85546875 0.3390625 0.0140625 0.0171875
1 0.575 0.3546875 0.0140625 0.015625
1 0.68203125 0.3203125 0.0140625 0.0171875
1 0.621875 0.325 0.015625 0.0140625
1 0.58828125 0.36953125 0.0140625 0.0140625
1 0.6234375 0.35 0.015625 0.015625
1 0.0765625 0.92421875 0.01875 0.025
1 0.48515625 0.29609375 0.015625 0.015625
1 0.23984375 0.85078125 0.0109375 0.0125
1 0.43515625 0.83828125 0.0125 0.015625
1 0.6390625 0.38046875 0.0140625 0.0109375
0 0.38984375 0.72265625 0.015625 0.015625
1 0.3 0.39296875 0.015625 0.015625
1 0.8140625 0.44296875 0.015625 0.0171875
1 0.05859375 0.33828125 0.015625 0.015625
1 0.346875 0.29921875 0.0140625 0.0125
1 0.65390625 0.2828125 0.0125 0.0140625
1 0.45234375 0.840625 0.0140625 0.0171875
1 0.15 0.0625 0.0140625 0.015625
1 0.82265625 0.27734375 0.0140625 0.0171875
1 0.01015625 0.3671875 0.015625 0.0125
1 0.828125 0.6359375 0.0203125 0.025
1 0.5484375 0.2953125 0.0125 0.0140625
1 0.8 0.840625 0.0109375 0.0125
1 0.40625 0.30078125 0.0125 0.0140625
1 0.69375 0.33125 0.0140625 0.0171875
1 0.57578125 0.321875 0.0109375 0.0125
1 0.61171875 0.86953125 0.015625 0.0140625
1 0.8078125 0.3 0.0125 0.0125
1 0.83203125 0.41171875 0.015625 0.025
1 0.69296875 0.303125 0.0140625 0.0171875
1 0.4703125 0.846875 0.0125 0.015625
0 0.753125 0.24296875 0.015625 0.0140625
1 0.81640625 0.29921875 0.0125 0.0125
1 0.60859375 0.328125 0.015625 0.015625