4 0.68203125 0.44453125 0.103125 0.1265625
3 0.13828125 0.3578125 0.09375 0.096875
2 0.7453125 0.1984375 0.1046875 0.06875
1 0.29375 0.50703125 0.025 0.01875
1 0.8390625 0.38359375 0.021875 0.015625
1 0.3359375 0.60234375 0.0265625 0.021875
1 0.28671875 0.5484375 0.0234375 0.0203125
1 0.915625 0.45859375 0.0234375 0.0171875
1 0.88671875 0.378125 0.021875 0.0140625
0 0.19921875 0.1984375 0.0234375 0.0171875
1 0.621875 0.4828125 0.0234375 0.01875
1 0.87265625 0.4125 0.0234375 0.0171875
1 0.5515625 0.425 0.0234375 0.015625
1 0.65078125 0.33359375 0.021875 0.0140625
1 0.5859375 0.31640625 0.0203125 0.0140625
0 0.90625 0.1875 0.025 0.01875
1 0.38203125 0.60546875 0.025 0.0234375
0 0.21015625 0.22734375 0.0203125 0.0140625
1 0.08984375 0.3828125 0.0203125 0.0140625
1 0.86328125 0.95234375 0.0328125 0.034375
1 0.86640625 0.30625 0.021875 0.0140625
1 0.27578125 0.5453125 0.0234375 0.01875
1 0.75 0.884375 0.0234375 0.0140625
1 0.45390625 0.37265625 0.021875 0.015625
1 0.33515625 0.41953125 0.021875 0.0171875
1 0.7859375 0.40390625 0.021875 0.015625
0 0.88203125 0.18828125 0.0203125 0.015625
1 0.63359375 0.3609375 0.0203125 0.0140625
4 0.90625 0.29921875 0.0796875 0.1
1 0.77265625 0.5203125 0.025 0.0203125
1 0.9296875 0.3953125 0.0234375 0.015625
1 0.828125 0.3296875 0.0203125 0.0125
0 0.28046875 0.83125 0.0234375 0.021875
1 0.36953125 0.3765625 0.021875 0.0140625
1 0.34296875 0.2921875 0.0203125 0.0125
1 0.0453125 0.43203125 0.0234375 0.015625
1 0.27890625 0.52265625 0.0234375 0.015625
1 0.303125 0.41640625 0.021875 0.015625
1 0.028125 0.4328125 0.0234375 0.0140625
1 0.646875 0.296875 0.0203125 0.0125
1 0.37109375 0.39453125 0.021875 0.015625
1 0.80234375 0.34921875 0.021875 0.0140625
1 0.31796875 0.553125 0.0234375 0.0203125
1 0.9078125 0.36015625 0.0234375 0.0171875
1 0.96171875 0.3328125 0.021875 0.0125
1 0.0671875 0.425 0.0234375 0.015625
0 0.7265625 0.19375 0.0234375 0.015625
1 0.721875 0.87109375 0.021875 0.015625
1 0.66171875 0.353125 0.021875 0.0140625
1 0.8203125 0.29296875 0.0203125 0.0125
1 0.82265625 0.36484375 0.021875 0.0140625
1 0.278125 0.50625 0.0234375 0.015625
0 0.91484375 0.234375 0.0234375 0.015625
1 0.67109375 0.865625 0.021875 0.0140625
1 0.25 0.6671875 0.0234375 0.0140625
0 0.28984375 0.775 0.025 0.0265625
1 0.58828125 0.34375 0.021875 0.0140625
1 0.6046875 0.26953125 0.0203125 0.0125
0 0.296875 0.73203125 0.0234375 0.01875
1 0.84453125 0.41953125 0.021875 0.015625
3 0.79453125 0.83359375 0.0703125 0.0609375
1 0.3390625 0.3828125 0.021875 0.0125
1 0.6140625 0.375 0.021875 0.0109375
1 0.5296875 0.3484375 0.021875 0.0140625
1 0.81796875 0.24765625 0.0203125 0.0125
1 0.82265625 0.86015625 0.0203125 0.0125
1 0.87890625 0.3296875 0.0234375 0.0171875
1 0.0828125 0.36484375 0.021875 0.0140625
1 0.92890625 0.37578125 0.021875 0.0140625
1 0.70078125 0.88515625 0.025 0.01875
1 0.8375 0.30859375 0.0203125 0.0140625
1 0.025 0.4015625 0.021875 0.0140625
4 0.915625 0.82890625 0.0890625 0.0890625
1 0.0390625 0.3734375 0.021875 0.0125
0 0.13125 0.2421875 0.021875 0.015625
1 0.86328125 0.278125 0.01875 0.0109375
1 0.32734375 0.34296875 0.0203125 0.0125
1 0.6609375 0.33125 0.021875 0.0140625
1 0.35078125 0.63046875 0.021875 0.009375
1 0.37578125 0.6546875 0.025 0.015625
1 0.934375 0.90078125 0.0265625 0.0234375
1 0.00546875 0.4125 0.0109375 0.015625
1 0.0453125 0.41171875 0.021875 0.0125
1 0.61640625 0.3890625 0.0234375 0.015625
0 0.18515625 0.1515625 0.0265625 0.021875
1 0.81796875 0.35 0.0203125 0.0125
1 0.61484375 0.35078125 0.021875 0.0140625
1 0.0078125 0.4390625 0.015625 0.015625
0 0.22109375 0.1890625 0.01875 0.0109375
1 0.37734375 0.26484375 0.01875 0.0109375
1 0.10703125 0.3171875 0.0203125 0.0125
1 0.84140625 0.88671875 0.0234375 0.01875
1 0.59453125 0.33125 0.021875 0.0140625
1 0.0140625 0.40078125 0.0234375 0.0140625
1 0.9703125 0.959375 0.03125 0.015625
1 0.75625 0.85625 0.0234375 0.0140625
0 0.19921875 0.146875 0.0234375 0.0171875
1 0.31484375 0.31953125 0.0203125 0.0125
1 0.34921875 0.3578125 0.021875 0.0125
1 0.759375 0.87578125 0.021875 0.0140625
0 0.89140625 0.228125 0.021875 0.0125
1 0.79609375 0.38046875 0.0203125 0.0109375
1 0.68203125 0.36484375 0.021875 0.0140625
1 0.15703125 0.971875 0.0296875 0.0265625
1 0.02421875 0.41953125 0.0234375 0.0125
0 0.88359375 0.7625 0.021875 0.01875
0 0.2390625 0.22890625 0.0234375 0.0140625
0 0.13828125 0.26953125 0.0203125 0.0125
1 0.34375 0.3671875 0.021875 0.0109375
0 0.89140625 0.15234375 0.0234375 0.015625
0 0.86484375 0.71171875 0.025 0.021875
1 0.80546875 0.3265625 0.0203125 0.0140625
1 0.53046875 0.26015625 0.0203125 0.0125
1 0.834375 0.8421875 0.01875 0.0109375
1 0.31484375 0.41171875 0.0203125 0.015625
0 0.890625 0.1359375 0.0234375 0.015625
1 0.11953125 0.29375 0.021875 0.0109375
1 0.70390625 0.87265625 0.0203125 0.0125
1 0.32890625 0.33046875 0.0203125 0.0109375
1 0.3 0.3875 0.021875 0.015625
0 0.8765625 0.1359375 0.021875 0.0171875
1 0.6578125 0.31484375 0.021875 0.015625
1 0.8015625 0.871875 0.0234375 0.015625
2 0.22421875 0.2296875 0.1078125 0.0609375
1 0.1875 0.96484375 0.0296875 0.028125
1 0.86484375 0.88046875 0.0234375 0.0171875
1 0.32734375 0.365625 0.0234375 0.0140625
1 0.95390625 0.903125 0.025 0.021875
0 0.14921875 0.22890625 0.021875 0.0171875
1 0.125 0.99609375 0.0328125 0.00625
1 0.40078125 0.26484375 0.01875 0.0109375
1 0.0140625 0.428125 0.0234375 0.0140625
1 0.80546875 0.8578125 0.0203125 0.0109375
1 0.4125 0.2640625 0.01875 0.0109375
1 0.31484375 0.39453125 0.021875 0.0125
1 0.31171875 0.36640625 0.021875 0.015625
0 0.6484375 0.6984375 0.021875 0.015625
1 0.446875 0.27421875 0.021875 0.0109375
1 0.09296875 0.30859375 0.01875 0.009375
1 0.84921875 0.253125 0.0203125 0.009375
1 0.15078125 0.3078125 0.0203125 0.0109375
1 0.7734375 0.86796875 0.021875 0.015625
1 0.978125 0.909375 0.025 0.01875
1 0.8375 0.246875 0.0203125 0.0109375
1 0.09609375 0.2984375 0.0203125 0.009375
1 0.1734375 0.34296875 0.0203125 0.0125
1 0.35078125 0.6453125 0.0234375 0.0125
0 0.159375 0.12109375 0.025 0.01875
0 0.1375 0.12890625 0.025 0.0171875
1 0.871875 0.24765625 0.021875 0.0109375
1 0.51796875 0.25546875 0.0203125 0.0125
3 0.2640625 0.87421875 0.0796875 0.065625
1 0.1328125 0.29375 0.0203125 0.0109375
1 0.20546875 0.8875 0.01875 0.009375
1 0.13984375 0.96015625 0.025 0.01875
1 0.08828125 0.3453125 0.021875 0.0140625
1 0.87109375 0.86953125 0.0203125 0.0140625
1 0.99375 0.940625 0.0125 0.03125
1 0.15078125 0.91796875 0.021875 0.0140625
1 0.32421875 0.39296875 0.0203125 0.0109375
1 0.31953125 0.3828125 0.0234375 0.0140625
1 0.8640625 0.853125 0.021875 0.0140625
1 0.746875 0.62890625 0.0203125 0.0078125
1 0.72421875 0.6296875 0.021875 0.0109375
1 0.43125 0.2609375 0.021875 0.0109375
1 0.69765625 0.3515625 0.021875 0.0140625
1 0.69375 0.6359375 0.01875 0.0078125
1 0.7875 0.865625 0.0203125 0.015625
0 0.2796875 0.79765625 0.0203125 0.0125
1 0.10703125 0.29140625 0.0203125 0.0125
1 0.69375 0.33046875 0.021875 0.0125
1 0.62109375 0.8234375 0.01875 0.009375
1 0.61640625 0.83984375 0.0171875 0.0078125
1 0.946875 0.88515625 0.021875 0.0109375
0 0.13671875 0.234375 0.0203125 0.015625
1 0.60546875 0.8265625 0.01875 0.009375
0 0.6484375 0.77578125 0.025 0.0234375