4 0.253125 0.4375 0.1265625 0.1375
2 0.784375 0.234375 0.1171875 0.071875
1 0.8265625 0.59140625 0.040625 0.03125
1 0.12421875 0.41171875 0.0359375 0.0234375
1 0.60234375 0.4015625 0.0359375 0.0234375
1 0.45078125 0.434375 0.0375 0.025
1 0.86640625 0.58515625 0.040625 0.03125
1 0.15546875 0.390625 0.0359375 0.0234375
1 0.04921875 0.465625 0.0375 0.0265625
4 0.4328125 0.81640625 0.0875 0.0703125
1 0.23203125 0.55 0.0390625 0.03125
3 0.34296875 0.47578125 0.1296875 0.1296875
1 0.83515625 0.46484375 0.0375 0.0234375
3 0.16328125 0.86484375 0.14375 0.1453125
1 0.55546875 0.8984375 0.0390625 0.028125
0 0.25703125 0.1796875 0.034375 0.021875
1 0.1375 0.38828125 0.0359375 0.021875
0 0.2359375 0.21328125 0.0359375 0.0234375
1 0.8140625 0.9109375 0.0375 0.028125
1 0.91484375 0.534375 0.0390625 0.028125
0 0.2453125 0.19140625 0.0359375 0.021875
1 0.15390625 0.36484375 0.034375 0.021875
1 0.98515625 0.4515625 0.0296875 0.025
1 0.24375 0.86640625 0.0375 0.025
1 0.60625 0.88125 0.0375 0.025
0 0.2484375 0.23046875 0.0328125 0.01875
1 0.6265625 0.490625 0.0375 0.0265625
1 0.65078125 0.44609375 0.0375 0.025
1 0.3125 0.39453125 0.0359375 0.0234375
1 0.7203125 0.5484375 0.0390625 0.0296875
1 0.35 0.4 0.0359375 0.0234375
1 0.696875 0.40390625 0.034375 0.021875
1 0.2703125 0.5171875 0.0375 0.025
1 0.94375 0.35 0.0359375 0.0203125
1 0.7359375 0.525 0.0390625 0.025
3 0.0234375 0.42265625 0.046875 0.0953125
1 0.3796875 0.36796875 0.034375 0.021875
0 0.17890625 0.72109375 0.0421875 0.0390625
1 0.39375 0.421875 0.0359375 0.0234375
1 0.71171875 0.86328125 0.0328125 0.01875
1 0.9140625 0.33984375 0.0328125 0.01875
1 0.12109375 0.353125 0.034375 0.021875
1 0.4359375 0.446875 0.0375 0.0234375
1 0.984375 0.50859375 0.03125 0.0234375
1 0.45859375 0.41171875 0.0359375 0.0234375
0 0.2765625 0.2109375 0.0328125 0.0203125
1 0.03671875 0.41796875 0.0359375 0.021875
0 0.24765625 0.1359375 0.0359375 0.0265625
0 0.19765625 0.75859375 0.0421875 0.0328125
1 0.53046875 0.3203125 0.0328125 0.0203125
1 0.384375 0.3828125 0.034375 0.0234375
1 0.965625 0.53203125 0.0359375 0.0234375
1 0.5703125 0.33671875 0.034375 0.021875
1 0.4109375 0.47734375 0.0375 0.0265625
1 0.36015625 0.32578125 0.0328125 0.0203125
0 0.278125 0.19453125 0.0359375 0.021875
1 0.35859375 0.36171875 0.0328125 0.0203125
0 0.2484375 0.7265625 0.034375 0.021875
1 0.7234375 0.51953125 0.0375 0.025
1 0.4390625 0.621875 0.040625 0.03125
1 0.54453125 0.84453125 0.0328125 0.01875
1 0.1703125 0.30546875 0.034375 0.0203125
3 0.2390625 0.8125 0.06875 0.053125
1 0.6046875 0.91015625 0.0390625 0.01875
1 0.48984375 0.41015625 0.0359375 0.025
1 0.44140625 0.41328125 0.034375 0.01875
1 0.68984375 0.91484375 0.0375 0.01875
1 0.40546875 0.44921875 0.0359375 0.0203125
1 0.32734375 0.3796875 0.034375 0.021875
1 0.334375 0.37265625 0.0328125 0.0203125
1 0.09765625 0.41640625 0.0375 0.025
1 0.1265625 0.325 0.0328125 0.0203125
0 0.24296875 0.17265625 0.0359375 0.025
1 0.8328125 0.940625 0.040625 0.034375
0 0.2671875 0.71875 0.0328125 0.0203125
1 0.509375 0.35 0.034375 0.021875
1 0.26640625 0.89140625 0.0375 0.0203125
1 0.9015625 0.321875 0.0328125 0.01875
1 0.11015625 0.4109375 0.0375 0.021875
1 0.41015625 0.415625 0.0328125 0.01875
1 0.0125 0.53984375 0.025 0.0265625
1 0.18828125 0.28984375 0.0328125 0.021875
1 0.91640625 0.89765625 0.0359375 0.0234375
1 0.36875 0.3515625 0.034375 0.0203125
0 0.04140625 0.16484375 0.0390625 0.025
1 0.1078125 0.38359375 0.0359375 0.01875
1 0.084375 0.36875 0.0328125 0.01875
1 0.9328125 0.9578125 0.040625 0.034375
0 0.02421875 0.240625 0.040625 0.0328125
0 0.01640625 0.27578125 0.0328125 0.0265625
1 0.5 0.89609375 0.0421875 0.03125
1 0.46953125 0.32421875 0.034375 0.0203125
0 0.25 0.11328125 0.034375 0.0234375
0 0.2953125 0.22265625 0.0328125 0.0171875
0 0.24296875 0.7625 0.034375 0.0234375
1 0.3515625 0.375 0.034375 0.01875
1 0.21953125 0.978125 0.0453125 0.021875
1 0.14765625 0.31796875 0.0328125 0.0203125
1 0.5203125 0.29921875 0.034375 0.0203125
0 0.0296875 0.153125 0.0390625 0.0265625
1 0.340625 0.390625 0.0359375 0.0234375
1 0.41171875 0.4046875 0.0328125 0.0171875
1 0.7359375 0.8609375 0.03125 0.01875
1 0.5234375 0.8484375 0.0328125 0.01875
0 0.28671875 0.19453125 0.0328125 0.0203125
1 0.72109375 0.85546875 0.0328125 0.01875
0 0.253125 0.7453125 0.0328125 0.0203125
1 0.284375 0.5015625 0.0390625 0.0265625
1 0.3890625 0.453125 0.0359375 0.0234375
0 0.19375 0.72890625 0.0375 0.0328125
1 0.1984375 0.28828125 0.034375 0.01875
1 0.06796875 0.41328125 0.0359375 0.0234375
1 0.0578125 0.41171875 0.0375 0.0234375
1 0.45625 0.38828125 0.034375 0.0203125
1 0.4359375 0.4328125 0.0375 0.0203125
1 0.5328125 0.29765625 0.034375 0.01875
1 0.09921875 0.38125 0.034375 0.01875
1 0.4 0.47109375 0.0359375 0.025
1 0.3546875 0.3859375 0.0359375 0.0203125
1 0.2203125 0.87109375 0.0390625 0.025
0 0.25625 0.69609375 0.0328125 0.0203125
0 0.2609375 0.209375 0.034375 0.0203125
1 0.32734375 0.40625 0.034375 0.01875
1 0.4453125 0.3984375 0.034375 0.01875
1 0.06328125 0.35625 0.0328125 0.0203125
0 0.271875 0.69140625 0.0328125 0.0203125
1 0.4140625 0.2953125 0.0328125 0.01875
1 0.2390625 0.85546875 0.0328125 0.0171875
1 0.86953125 0.95 0.0390625 0.03125
1 0.909375 0.321875 0.0359375 0.0203125
0 0.0515625 0.11875 0.04375 0.0359375
1 0.465625 0.296875 0.0328125 0.01875
1 0.4203125 0.453125 0.034375 0.0171875
1 0.40390625 0.84453125 0.03125 0.0171875
1 0.0796875 0.41015625 0.0390625 0.021875
1 0.40390625 0.2921875 0.0328125 0.0203125
1 0.909375 0.87578125 0.0328125 0.0171875
0 0.2546875 0.759375 0.0328125 0.01875
1 0.4328125 0.29609375 0.034375 0.0203125
1 0.14296875 0.3046875 0.0328125 0.0203125
1 0.2703125 0.50078125 0.0375 0.0234375
1 0.03203125 0.41015625 0.0328125 0.01875
1 0.38828125 0.2921875 0.034375 0.0203125
1 0.1328125 0.30859375 0.0359375 0.0203125
1 0.88203125 0.95859375 0.0421875 0.03125
1 0.89609375 0.95 0.0390625 0.0328125
1 0.115625 0.3984375 0.0359375 0.021875
1 0.2078125 0.86796875 0.0359375 0.025
1 0.040625 0.35625 0.0375 0.021875
1 0.45234375 0.29453125 0.0328125 0.021875