3 0.4515625 0.25390625 0.065625 0.0734375
2 0.2453125 0.20859375 0.090625 0.05546875
1 0.45234375 0.44296875 0.01015625 0.01796875
1 0.259375 0.54375 0.01328125 0.02109375
2 0.76171875 0.21640625 0.0859375 0.06171875
1 0.20625 0.5671875 0.01328125 0.02265625
1 0.66015625 0.3671875 0.009375 0.015625
1 0.92265625 0.44765625 0.01171875 0.01875
1 0.14921875 0.40390625 0.01015625 0.01640625
1 0.7296875 0.51484375 0.0109375 0.0203125
4 0.64453125 0.4703125 0.0875 0.1015625
1 0.18359375 0.39296875 0.009375 0.01640625
3 0.0375 0.4421875 0.07421875 0.10625
1 0.39765625 0.38984375 0.009375 0.01640625
1 0.29765625 0.434375 0.01015625 0.01875
1 0.17265625 0.37265625 0.01015625 0.01640625
1 0.94765625 0.49140625 0.0125 0.01953125
1 0.3828125 0.4671875 0.01015625 0.01640625
1 0.11171875 0.42421875 0.01015625 0.01796875
1 0.371875 0.44375 0.01015625 0.01796875
1 0.8234375 0.56875 0.0125 0.02109375
4 0.07421875 0.58671875 0.13046875 0.13125
1 0.83515625 0.36640625 0.009375 0.01484375
1 0.5484375 0.4390625 0.0109375 0.01875
1 0.375 0.5109375 0.01171875 0.02109375
1 0.91796875 0.36953125 0.009375 0.01484375
0 0.05703125 0.2046875 0.01171875 0.01953125
1 0.43046875 0.446875 0.009375 0.01796875
3 0.25390625 0.8984375 0.1375 0.1359375
1 0.18359375 0.36953125 0.009375 0.01484375
1 0.68046875 0.37265625 0.009375 0.015625
1 0.6828125 0.41640625 0.0109375 0.0171875
1 0.82421875 0.40859375 0.009375 0.0171875
1 0.68203125 0.39375 0.0109375 0.01640625
1 0.1234375 0.38984375 0.01015625 0.01640625
1 0.8734375 0.35859375 0.009375 0.015625
1 0.38125 0.34609375 0.0078125 0.015625
1 0.6546875 0.34609375 0.00859375 0.015625
1 0.98984375 0.53828125 0.0140625 0.01953125
0 0.109375 0.12265625 0.01328125 0.0203125
3 0.12109375 0.8703125 0.06796875 0.08515625
1 0.821875 0.3703125 0.009375 0.015625
1 0.309375 0.53828125 0.0125 0.021875
1 0.184375 0.31875 0.0078125 0.01328125
1 0.33046875 0.37265625 0.00859375 0.0171875
1 0.42421875 0.33515625 0.00859375 0.015625
0 0.0609375 0.24140625 0.01171875 0.01796875
1 0.16484375 0.39375 0.00859375 0.015625
1 0.89609375 0.353125 0.009375 0.01484375
1 0.5109375 0.46640625 0.0109375 0.01796875
1 0.84296875 0.41640625 0.01015625 0.01484375
0 0.96796875 0.2515625 0.0140625 0.02109375
1 0.54921875 0.903125 0.01015625 0.0125
1 0.35390625 0.4390625 0.01015625 0.01796875
1 0.45234375 0.40703125 0.01015625 0.0171875
0 0.06015625 0.18046875 0.01171875 0.01875
1 0.35390625 0.89296875 0.009375 0.01640625
1 0.8890625 0.32265625 0.00859375 0.0140625
1 0.53984375 0.390625 0.01015625 0.01640625
1 0.45234375 0.3578125 0.00859375 0.015625
1 0.6109375 0.33984375 0.009375 0.01328125
0 0.83984375 0.2234375 0.0140625 0.01953125
0 0.0671875 0.15234375 0.0125 0.0203125
0 0.74609375 0.30859375 0.01328125 0.021875
1 0.53359375 0.37109375 0.009375 0.0140625
1 0.98203125 0.45078125 0.01328125 0.0171875
1 0.11640625 0.3421875 0.009375 0.01484375
1 0.9921875 0.4671875 0.0109375 0.01640625
1 0.6296875 0.315625 0.0078125 0.0140625
1 0.06015625 0.97421875 0.01953125 0.0375
1 0.42109375 0.36875 0.00859375 0.0125
1 0.1421875 0.921875 0.01328125 0.02421875
1 0.60390625 0.3046875 0.00703125 0.0140625
1 0.9359375 0.4453125 0.0109375 0.0171875
1 0.9421875 0.43046875 0.01015625 0.0140625
1 0.33515625 0.29921875 0.00859375 0.0140625
1 0.10546875 0.38671875 0.01015625 0.015625
1 0.309375 0.3921875 0.01015625 0.015625
1 0.56171875 0.41796875 0.0109375 0.015625
1 0.69921875 0.89921875 0.015625 0.01875
1 0.4921875 0.35546875 0.009375 0.015625
0 0.79765625 0.2109375 0.01328125 0.021875
0 0.12734375 0.0125 0.0140625 0.021875
1 0.98203125 0.41640625 0.0109375 0.0171875
0 0.2765625 0.75078125 0.01484375 0.03125
1 0.16875 0.27734375 0.00703125 0.0125
1 0.50625 0.3890625 0.009375 0.01640625
1 0.4109375 0.46171875 0.0109375 0.01875
1 0.40703125 0.3046875 0.00859375 0.0140625
1 0.05234375 0.5125 0.01640625 0.02265625
1 0.1734375 0.321875 0.009375 0.01484375
1 0.51015625 0.44921875 0.01015625 0.015625
1 0.13515625 0.34609375 0.009375 0.01640625
1 0.1296875 0.96796875 0.01953125 0.0328125
1 0.4515625 0.34140625 0.00859375 0.0140625
1 0.33671875 0.896875 0.01015625 0.0171875
1 0.584375 0.35625 0.01015625 0.01484375
1 0.99609375 0.5171875 0.00703125 0.01640625
0 0.12734375 0.07265625 0.0125 0.0203125
1 0.53203125 0.33984375 0.00859375 0.0140625
0 0.12578125 0.140625 0.0125 0.0203125
1 0.11328125 0.37109375 0.01015625 0.0140625
0 0.915625 0.2390625 0.0140625 0.01875
0 0.84296875 0.190625 0.0140625 0.02421875
1 0.74140625 0.878125 0.0078125 0.0140625
1 0.84765625 0.3984375 0.009375 0.01484375
0 0.08125 0.1421875 0.0140625 0.02109375
1 0.5390625 0.55703125 0.01171875 0.02265625
1 0.35703125 0.30859375 0.00859375 0.01328125
3 0.0640625 0.3375 0.0625 0.0859375
1 0.35078125 0.37109375 0.009375 0.01796875
1 0.8296875 0.9078125 0.01015625 0.01953125
1 0.71328125 0.56171875 0.01171875 0.021875
1 0.503125 0.30625 0.00703125 0.01328125
1 0.12578125 0.3296875 0.00859375 0.01484375
1 0.75546875 0.9171875 0.01171875 0.02109375
1 0.15 0.896875 0.01015625 0.01875
1 0.8265625 0.88515625 0.00859375 0.015625
0 0.78359375 0.81484375 0.02109375 0.03671875
1 0.5296875 0.3546875 0.0078125 0.01328125
1 0.115625 0.29375 0.009375 0.01484375
1 0.7953125 0.9109375 0.0109375 0.01875
1 0.15 0.3484375 0.009375 0.0140625
1 0.36484375 0.36875 0.0109375 0.015625
1 0.77890625 0.8828125 0.0078125 0.01484375
1 0.93984375 0.9265625 0.0125 0.02109375
1 0.10234375 0.36953125 0.009375 0.015625
1 0.4015625 0.29140625 0.00703125 0.0125
1 0.07578125 0.39453125 0.009375 0.015625
1 0.36640625 0.31953125 0.0078125 0.01328125
1 0.5375 0.3046875 0.009375 0.01640625
1 0.48828125 0.33828125 0.0109375 0.01640625
1 0.528125 0.41015625 0.009375 0.01640625
1 0.15078125 0.32890625 0.0109375 0.01484375
1 0.3421875 0.284375 0.0078125 0.01328125
1 0.8828125 0.34921875 0.009375 0.01484375
0 0.90859375 0.83359375 0.01953125 0.0359375
1 0.55625 0.309375 0.0078125 0.0140625
1 0.92890625 0.3921875 0.00859375 0.01484375
1 0.78515625 0.9296875 0.0140625 0.021875
1 0.6015625 0.90234375 0.01171875 0.01328125
1 0.34453125 0.87265625 0.0078125 0.01484375
1 0.73125 0.86953125 0.00703125 0.01171875
0 0.871875 0.8453125 0.0234375 0.04140625
1 0.890625 0.28125 0.00703125 0.0125
1 0.43828125 0.39765625 0.0109375 0.01875
0 0.8875 0.23515625 0.0125 0.02421875
0 0.80703125 0.828125 0.01484375 0.02265625
1 0.55546875 0.27734375 0.00703125 0.01171875
1 0.559375 0.37421875 0.0109375 0.0171875
1 0.8875 0.5484375 0.01328125 0.0203125
1 0.5296875 0.325 0.0078125 0.0140625
1 0.56875 0.34296875 0.01015625 0.01484375
1 0.17578125 0.9140625 0.01171875 0.0203125
1 0.71171875 0.875 0.009375 0.01484375
1 0.38046875 0.28203125 0.00859375 0.0125
1 0.37109375 0.296875 0.009375 0.0171875
1 0.15390625 0.29140625 0.00703125 0.0125
1 0.8265625 0.8375 0.015625 0.0265625
1 0.53046875 0.890625 0.0109375 0.02109375
1 0.934375 0.403125 0.009375 0.0140625
1 0.1453125 0.2984375 0.0078125 0.01328125
1 0.08046875 0.37890625 0.009375 0.01328125
1 0.41015625 0.34765625 0.01015625 0.01484375
1 0.08984375 0.38125 0.01015625 0.01640625
1 0.134375 0.2609375 0.0078125 0.01171875
1 0.51640625 0.29765625 0.00859375 0.0140625
1 0.503125 0.2921875 0.00625 0.0125
1 0.875 0.93046875 0.01484375 0.0265625
1 0.5171875 0.39921875 0.009375 0.015625
1 0.7609375 0.88046875 0.0078125 0.0125
1 0.84609375 0.90390625 0.01328125 0.0203125
1 0.11953125 0.278125 0.0078125 0.01171875
1 0.76328125 0.89375 0.01171875 0.01640625
1 0.98984375 0.371875 0.00859375 0.0125
1 0.61015625 0.328125 0.0078125 0.0109375
1 0.46484375 0.89140625 0.00703125 0.01015625
1 0.57265625 0.30546875 0.01015625 0.0125
1 0.41953125 0.28828125 0.00859375 0.015625
1 0.07890625 0.89609375 0.01328125 0.02109375
1 0.590625 0.34296875 0.00859375 0.0125
1 0.90703125 0.559375 0.01171875 0.015625
1 0.571875 0.28671875 0.00859375 0.01171875
1 0.85703125 0.903125 0.0109375 0.01875
1 0.58125 0.31875 0.0078125 0.01171875
1 0.7046875 0.371875 0.00703125 0.0125
1 0.5609375 0.403125 0.01015625 0.0125
1 0.84609375 0.865625 0.00703125 0.01015625
1 0.5828125 0.33984375 0.009375 0.0140625
1 0.371875 0.28203125 0.009375 0.01328125
1 0.55 0.36640625 0.0109375 0.01328125
1 0.934375 0.38203125 0.00859375 0.015625
1 0.56171875 0.90234375 0.0125 0.0125
1 0.71875 0.88671875 0.009375 0.0171875
1 0.12578125 0.26953125 0.00859375 0.0109375
1 0.4171875 0.35390625 0.0078125 0.01484375
1 0.09453125 0.95625 0.01484375 0.0203125
1 0.5609375 0.3546875 0.0109375 0.0125
0 0.2703125 0.77890625 0.01015625 0.0125
1 0.94921875 0.40390625 0.0125 0.015625
1 0.39375 0.28046875 0.009375 0.01484375
1 0.1 0.99140625 0.01796875 0.015625
1 0.965625 0.39609375 0.01015625 0.015625
1 0.18828125 0.884375 0.0078125 0.01640625
1 0.07578125 0.93515625 0.01640625 0.02578125
1 0.875 0.27421875 0.01015625 0.0125
1 0.1125 0.97109375 0.0171875 0.028125
1 0.40234375 0.25859375 0.00703125 0.01328125
1 0.87578125 0.54453125 0.01171875 0.021875
1 0.77578125 0.91015625 0.0109375 0.01640625
1 0.996875 0.4375 0.00625 0.01484375
0 0.0984375 0.053125 0.01484375 0.021875
1 0.85078125 0.88359375 0.0078125 0.0140625
1 0.35703125 0.29375 0.01015625 0.01328125
1 0.89765625 0.584375 0.01171875 0.01953125
1 0.55859375 0.29765625 0.00703125 0.0109375
1 0.99453125 0.396875 0.00859375 0.0140625
1 0.33984375 0.2703125 0.00703125 0.0125
1 0.98359375 0.39453125 0.00859375 0.01484375
1 0.96796875 0.9515625 0.01171875 0.02109375
1 0.4140625 0.26015625 0.009375 0.01484375
1 0.73515625 0.990625 0.01640625 0.01875
4 0.9234375 0.315625 0.04375 0.08359375
1 0.11328125 0.38828125 0.01015625 0.01640625
1 0.70234375 0.99296875 0.0171875 0.01328125
1 0.90546875 0.57734375 0.0109375 0.01796875
1 0.45 0.2828125 0.0109375 0.01640625
1 0.35546875 0.2828125 0.0109375 0.01328125
1 0.97421875 0.3828125 0.00859375 0.0125
1 0.40546875 0.27890625 0.009375 0.0125
1 0.35703125 0.26875 0.01015625 0.0140625
1 0.93984375 0.41875 0.009375 0.0125
1 0.23984375 0.9953125 0.009375 0.009375
1 0.97265625 0.98359375 0.0171875 0.03203125