4 0.87734375 0.4328125 0.06875 0.096875
3 0.1546875 0.315625 0.0671875 0.0828125
1 0.7828125 0.57265625 0.015625 0.0234375
3 0.16875 0.83046875 0.0671875 0.0625
1 0.30234375 0.4296875 0.0125 0.01875
1 0.62734375 0.40390625 0.0109375 0.015625
1 0.38515625 0.44921875 0.0125 0.0171875
3 0.571875 0.45390625 0.0828125 0.1421875
1 0.93828125 0.490625 0.0125 0.01875
1 0.39296875 0.3921875 0.0109375 0.015625
2 0.75546875 0.23125 0.09375 0.0484375
1 0.6578125 0.90546875 0.0140625 0.0171875
1 0.940625 0.53203125 0.0140625 0.021875
4 0.653125 0.85546875 0.08125 0.0984375
4 0.27578125 0.5703125 0.1203125 0.1453125
1 0.18125 0.4203125 0.0125 0.01875
1 0.4046875 0.4265625 0.0109375 0.0171875
1 0.43203125 0.38203125 0.0109375 0.015625
1 0.32265625 0.4328125 0.0125 0.0171875
1 0.3171875 0.39921875 0.0109375 0.015625
1 0.6171875 0.44921875 0.0125 0.01875
1 0.75703125 0.9453125 0.0203125 0.0296875
1 0.6921875 0.425 0.0125 0.0171875
2 0.23359375 0.21640625 0.0890625 0.059375
1 0.63359375 0.44375 0.0125 0.0171875
1 0.45859375 0.43984375 0.0125 0.0171875
1 0.70078125 0.43984375 0.0125 0.0171875
1 0.34765625 0.36953125 0.0109375 0.015625
1 0.65703125 0.3921875 0.0109375 0.015625
0 0.13828125 0.23828125 0.0140625 0.0203125
1 0.6671875 0.440625 0.0125 0.01875
1 0.53203125 0.384375 0.0109375 0.015625
1 0.33671875 0.3859375 0.0109375 0.015625
1 0.81328125 0.4 0.0109375 0.015625
1 0.67890625 0.3921875 0.0109375 0.015625
1 0.97421875 0.49140625 0.0125 0.015625
0 0.66484375 0.73828125 0.01875 0.0296875
1 0.1 0.36171875 0.0109375 0.0140625
1 0.8625 0.57109375 0.0140625 0.0234375
0 0.82734375 0.82109375 0.0171875 0.025
1 0.034375 0.39453125 0.0140625 0.0171875
0 0.66484375 0.79140625 0.0171875 0.025
1 0.70859375 0.884375 0.0125 0.015625
0 0.1859375 0.03828125 0.0125 0.0171875
1 0.36640625 0.40625 0.0125 0.0171875
1 0.565625 0.90625 0.0125 0.0125
1 0.9734375 0.4625 0.0109375 0.015625
1 0.07265625 0.5328125 0.015625 0.021875
1 0.32421875 0.41640625 0.0125 0.0140625
1 0.43203125 0.43046875 0.0125 0.0171875
1 0.0640625 0.37578125 0.0125 0.015625
1 0.3671875 0.31484375 0.0109375 0.015625
1 0.40625 0.38828125 0.0109375 0.015625
1 0.4046875 0.87890625 0.0140625 0.0203125
0 0.14921875 0.11796875 0.0125 0.01875
1 0.23359375 0.45625 0.0125 0.021875
1 0.88828125 0.36640625 0.0109375 0.0140625
1 0.0046875 0.41484375 0.0078125 0.015625
1 0.47109375 0.40078125 0.0125 0.0171875
1 0.065625 0.3625 0.0109375 0.0140625
1 0.93125 0.38046875 0.0125 0.0171875
1 0.31796875 0.32734375 0.0125 0.015625
1 0.81953125 0.9328125 0.0171875 0.0265625
1 0.3375 0.30390625 0.0078125 0.0125
1 0.43359375 0.88671875 0.015625 0.0234375
1 0.48828125 0.45546875 0.0125 0.0171875
0 0.1375 0.209375 0.0109375 0.0171875
1 0.28671875 0.8484375 0.009375 0.0140625
1 0.5234375 0.37109375 0.009375 0.0140625
1 0.38203125 0.353125 0.0125 0.0171875
1 0.45078125 0.896875 0.0171875 0.0203125
1 0.9234375 0.44609375 0.0125 0.0171875
0 0.15 0.71796875 0.0109375 0.0171875
1 0.34609375 0.40703125 0.0125 0.0171875
0 0.13984375 0.7484375 0.0109375 0.0140625
1 0.41875 0.425 0.0125 0.015625
1 0.92578125 0.4171875 0.0109375 0.015625
1 0.65078125 0.3625 0.009375 0.015625
1 0.47890625 0.4421875 0.0125 0.0171875
1 0.33515625 0.8671875 0.0125 0.0171875
1 0.3859375 0.315625 0.009375 0.0125
1 0.946875 0.45859375 0.0109375 0.015625
1 0.4453125 0.40546875 0.0125 0.015625
1 0.3921875 0.37421875 0.0109375 0.015625
1 0.35234375 0.41484375 0.0109375 0.0171875
0 0.14921875 0.0828125 0.0125 0.01875
1 0.41796875 0.40859375 0.0125 0.0125
1 0.440625 0.42734375 0.0125 0.0171875
1 0.1515625 0.8609375 0.0109375 0.0140625
1 0.49375 0.309375 0.009375 0.0140625
1 0.90625 0.37578125 0.0109375 0.0140625
1 0.7578125 0.9125 0.0171875 0.0203125
1 0.87109375 0.6515625 0.0140625 0.0171875
1 0.63515625 0.30546875 0.0078125 0.0125
1 0.09453125 0.34765625 0.009375 0.0125
1 0.8125 0.36328125 0.009375 0.0140625
1 0.9 0.93515625 0.0171875 0.028125
1 0.93984375 0.41484375 0.0125 0.015625
1 0.45 0.3796875 0.0109375 0.0140625
1 0.65234375 0.43046875 0.0125 0.0171875
1 0.26484375 0.83984375 0.0109375 0.0125
1 0.81796875 0.309375 0.0109375 0.0125
1 0.47421875 0.36640625 0.0109375 0.015625
1 0.85078125 0.93984375 0.0203125 0.0265625
1 0.49921875 0.57734375 0.0125 0.0234375
1 0.4859375 0.35703125 0.0109375 0.015625
1 0.38046875 0.334375 0.0109375 0.0140625
1 0.08125 0.32890625 0.0109375 0.015625
1 0.09375 0.3234375 0.0109375 0.0140625
1 0.81328125 0.34921875 0.009375 0.0125
1 0.0953125 0.309375 0.009375 0.0140625
1 0.4890625 0.4296875 0.0125 0.0171875
1 0.45859375 0.40859375 0.0125 0.015625
1 0.96640625 0.42109375 0.0109375 0.0171875
1 0.778125 0.91015625 0.0171875 0.01875
1 0.9453125 0.4453125 0.0140625 0.0171875
0 0.17265625 0.01953125 0.0140625 0.0203125
1 0.82109375 0.365625 0.009375 0.0140625
1 0.8421875 0.65546875 0.0140625 0.0125
1 0.83125 0.290625 0.0140625 0.01875
1 0.896875 0.38828125 0.0109375 0.0140625
1 0.32578125 0.85703125 0.0125 0.01875
1 0.8484375 0.34609375 0.009375 0.0125
1 0.46015625 0.3921875 0.0109375 0.0140625
1 0.04453125 0.38203125 0.0125 0.0140625
1 0.821875 0.9921875 0.0234375 0.015625
1 0.42421875 0.84609375 0.0109375 0.0109375
0 0.23671875 0.21640625 0.0109375 0.0125
1 0.315625 0.83046875 0.0078125 0.009375
1 0.02265625 0.38984375 0.0140625 0.015625
1 0.1453125 0.8765625 0.0125 0.015625
1 0.325 0.50546875 0.0125 0.015625
1 0.44453125 0.39140625 0.0109375 0.0125
0 0.78359375 0.27421875 0.0109375 0.015625
0 0.134375 0.2578125 0.0125 0.0125
1 0.81328125 0.90546875 0.015625 0.0203125
1 0.721875 0.9046875 0.0125 0.0171875
1 0.7796875 0.94375 0.025 0.0359375
1 0.8390625 0.33359375 0.0125 0.0125
1 0.95234375 0.42734375 0.0125 0.015625
1 0.3015625 0.35 0.0125 0.0171875
0 0.1625 0.75078125 0.0109375 0.0140625
1 0.434375 0.4078125 0.0140625 0.015625
1 0.52890625 0.84921875 0.009375 0.0125
1 0.66015625 0.303125 0.0078125 0.0125
1 0.88828125 0.3859375 0.0109375 0.0140625
1 0.2875 0.31484375 0.0109375 0.015625
1 0.23828125 0.83515625 0.0078125 0.0109375
1 0.22578125 0.5453125 0.0109375 0.015625
0 0.15703125 0.040625 0.0125 0.0140625
1 0.5703125 0.33125 0.0078125 0.0125
1 0.78203125 0.61171875 0.0140625 0.015625
1 0.7578125 0.88046875 0.0125 0.0171875
1 0.12265625 0.3171875 0.0109375 0.0171875
1 0.73125 0.86015625 0.0109375 0.0140625
1 0.22734375 0.840625 0.009375 0.0125
1 0.70078125 0.8578125 0.009375 0.0109375
1 0.73984375 0.89375 0.0171875 0.021875
4 0.10390625 0.82265625 0.0359375 0.059375
1 0.95 0.37578125 0.0109375 0.015625
1 0.06171875 0.33046875 0.0109375 0.0171875
1 0.8859375 0.3359375 0.0109375 0.015625
1 0.95625 0.35078125 0.0140625 0.0171875
0 0.2515625 0.23046875 0.0109375 0.0171875
1 0.45234375 0.36484375 0.0125 0.0140625
1 0.90546875 0.35078125 0.0125 0.0140625
1 0.8328125 0.30859375 0.0109375 0.0125
1 0.79765625 0.89609375 0.01875 0.021875
1 0.35859375 0.40703125 0.0109375 0.01875
0 0.26015625 0.21484375 0.0125 0.015625
0 0.16015625 0.02578125 0.0140625 0.0171875
1 0.90625 0.29609375 0.0140625 0.01875
1 0.35546875 0.59453125 0.0078125 0.0109375
1 0.678125 0.88515625 0.021875 0.0375
1 0.03359375 0.37265625 0.0125 0.0125
1 0.05078125 0.3328125 0.0140625 0.01875
1 0.85859375 0.33203125 0.009375 0.0125
1 0.009375 0.38046875 0.0140625 0.0171875
1 0.925 0.99296875 0.0234375 0.0140625
1 0.71953125 0.859375 0.0125 0.0171875
1 0.20390625 0.83828125 0.0078125 0.0109375
1 0.00546875 0.3640625 0.0078125 0.0125
1 0.13203125 0.88125 0.0125 0.015625
1 0.765625 0.89453125 0.0125 0.015625
1 0.98515625 0.925 0.015625 0.021875
4 0.0203125 0.28984375 0.0359375 0.090625
1 0.7484375 0.878125 0.0125 0.0171875
1 0.9703125 0.44609375 0.0125 0.0140625
1 0.85 0.3328125 0.0109375 0.0125