2 0.2359375 0.215625 0.103125 0.0609375
4 0.08515625 0.446875 0.121875 0.1015625
3 0.225 0.85390625 0.0703125 0.053125
3 0.5609375 0.278125 0.075 0.0796875
1 0.6671875 0.53203125 0.028125 0.0203125
1 0.61875 0.4203125 0.025 0.015625
1 0.60390625 0.503125 0.028125 0.0203125
1 0.23046875 0.59296875 0.028125 0.0171875
1 0.15546875 0.4703125 0.0265625 0.0171875
1 0.59140625 0.45859375 0.0265625 0.0171875
1 0.703125 0.53515625 0.028125 0.0203125
1 0.89375 0.4359375 0.0265625 0.0171875
1 0.77265625 0.5703125 0.028125 0.0203125
1 0.73359375 0.5046875 0.0265625 0.0171875
1 0.63046875 0.60703125 0.028125 0.021875
1 0.690625 0.46328125 0.0265625 0.0171875
1 0.9890625 0.43515625 0.021875 0.0171875
4 0.4765625 0.42109375 0.0875 0.1296875
1 0.59609375 0.30703125 0.021875 0.0125
3 0.08359375 0.8671875 0.078125 0.0859375
1 0.25546875 0.60859375 0.0296875 0.021875
2 0.753125 0.20859375 0.1046875 0.05625
1 0.965625 0.43046875 0.025 0.0140625
1 0.64375 0.4390625 0.0265625 0.0171875
1 0.87734375 0.48359375 0.025 0.0171875
1 0.409375 0.45703125 0.0265625 0.0171875
1 0.5484375 0.334375 0.025 0.0140625
1 0.92421875 0.43671875 0.0265625 0.0171875
1 0.66484375 0.42109375 0.025 0.0140625
1 0.834375 0.40078125 0.025 0.015625
1 0.18359375 0.4328125 0.025 0.015625
1 0.84375 0.45 0.0265625 0.0171875
1 0.38515625 0.4203125 0.025 0.0140625
1 0.58984375 0.59453125 0.028125 0.021875
1 0.65546875 0.43671875 0.0265625 0.015625
1 0.66796875 0.9 0.0265625 0.015625
1 0.82265625 0.35859375 0.025 0.0140625
1 0.103125 0.30078125 0.025 0.0109375
1 0.88125 0.32109375 0.025 0.0125
1 0.3 0.34921875 0.025 0.0140625
1 0.440625 0.35078125 0.025 0.0140625
1 0.134375 0.9 0.0265625 0.0203125
1 0.5546875 0.39921875 0.025 0.015625
1 0.41953125 0.38828125 0.025 0.0140625
1 0.71640625 0.8890625 0.025 0.0140625
1 0.6734375 0.4515625 0.028125 0.0171875
1 0.51953125 0.4546875 0.025 0.015625
1 0.9484375 0.3890625 0.0265625 0.0140625
1 0.57265625 0.4953125 0.0265625 0.01875
1 0.53359375 0.46953125 0.025 0.0140625
1 0.59921875 0.34609375 0.025 0.0140625
1 0.8546875 0.446875 0.025 0.015625
1 0.74140625 0.52109375 0.028125 0.0171875
1 0.98046875 0.41875 0.028125 0.0125
1 0.521875 0.43203125 0.0265625 0.0140625
1 0.340625 0.35 0.025 0.0125
0 0.7828125 0.18359375 0.025 0.0140625
1 0.128125 0.30078125 0.025 0.0109375
1 0.34453125 0.39375 0.025 0.0140625
1 0.67890625 0.34453125 0.0234375 0.0140625
1 0.35546875 0.39453125 0.025 0.0140625
1 0.3703125 0.3296875 0.0234375 0.0109375
1 0.3703125 0.37265625 0.0265625 0.0140625
1 0.48515625 0.28671875 0.0234375 0.0140625
1 0.484375 0.3390625 0.025 0.0140625
1 0.39140625 0.384375 0.025 0.0140625
1 0.58984375 0.378125 0.0265625 0.0140625
1 0.31640625 0.33046875 0.025 0.0125
1 0.60234375 0.26953125 0.0234375 0.0109375
1 0.30078125 0.33359375 0.025 0.0125
1 0.87421875 0.46171875 0.028125 0.0140625
1 0.61953125 0.32578125 0.0234375 0.0140625
1 0.3265625 0.384375 0.025 0.0140625
1 0.0828125 0.321875 0.025 0.0125
1 0.928125 0.36484375 0.025 0.0140625
1 0.68046875 0.40703125 0.025 0.0140625
1 0.53125 0.49140625 0.025 0.0140625
1 0.9390625 0.37421875 0.0265625 0.0140625
1 0.51875 0.4171875 0.025 0.0125
1 0.5390625 0.43125 0.0265625 0.015625
1 0.165625 0.2890625 0.0234375 0.0109375
1 0.675 0.4203125 0.0265625 0.0109375
1 0.85 0.3140625 0.025 0.0109375
1 0.865625 0.28125 0.025 0.0109375
4 0.42421875 0.853125 0.090625 0.103125
1 0.659375 0.28359375 0.021875 0.0109375
1 0.34453125 0.3265625 0.025 0.0125
0 0.7828125 0.196875 0.025 0.0125
1 0.6171875 0.28671875 0.0234375 0.0109375
1 0.8421875 0.334375 0.025 0.0109375
1 0.20234375 0.4203125 0.0265625 0.0140625
1 0.303125 0.3203125 0.025 0.0109375
1 0.4375 0.415625 0.025 0.015625
1 0.834375 0.3234375 0.0234375 0.0125
1 0.9265625 0.39921875 0.0265625 0.015625
1 0.38671875 0.4 0.025 0.0140625
1 0.15859375 0.28984375 0.021875 0.0109375
1 0.7421875 0.87421875 0.0234375 0.0125
1 0.64921875 0.29921875 0.025 0.0109375
1 0.42265625 0.37109375 0.025 0.0140625
1 0.61640625 0.26875 0.0234375 0.0109375
0 0.7046875 0.796875 0.025 0.0140625
0 0.95703125 0.2375 0.025 0.0140625
1 0.78515625 0.925 0.0296875 0.0203125
1 0.8046875 0.94296875 0.03125 0.0265625
1 0.8296875 0.971875 0.034375 0.025
1 0.97578125 0.3796875 0.0265625 0.0140625
1 0.11328125 0.90625 0.0296875 0.0203125
1 0.85546875 0.26171875 0.021875 0.0109375
1 0.809375 0.296875 0.0234375 0.0109375
1 0.11953125 0.29375 0.0234375 0.0109375
1 0.453125 0.3515625 0.025 0.0109375
1 0.91171875 0.3140625 0.025 0.0125
1 0.875 0.89765625 0.028125 0.0171875
1 0.3546875 0.36015625 0.025 0.0140625
1 0.50546875 0.36953125 0.021875 0.0109375
1 0.39140625 0.265625 0.0234375 0.0109375
1 0.8796875 0.290625 0.025 0.0109375
1 0.80390625 0.91953125 0.028125 0.0125
1 0.36171875 0.3140625 0.025 0.0140625
0 0.67265625 0.19765625 0.025 0.0140625
1 0.37734375 0.2703125 0.025 0.0109375
0 0.66796875 0.7734375 0.025 0.0109375
0 0.66015625 0.74453125 0.025 0.0109375
1 0.93203125 0.9796875 0.0359375 0.0265625
1 0.87265625 0.29140625 0.021875 0.0109375
1 0.33125 0.31953125 0.0234375 0.0125
1 0.853125 0.28984375 0.0234375 0.009375
1 0.84765625 0.9234375 0.03125 0.0234375
1 0.78046875 0.9046875 0.025 0.0140625
1 0.0625 0.390625 0.028125 0.0140625
1 0.13125 0.86796875 0.021875 0.0109375
1 0.81953125 0.27109375 0.0265625 0.0125
0 0.64140625 0.70703125 0.025 0.0109375
1 0.9296875 0.32421875 0.025 0.015625
1 0.40859375 0.371875 0.025 0.0140625
1 0.796875 0.88125 0.025 0.0109375
1 0.96796875 0.37265625 0.025 0.0140625
1 0.42734375 0.33671875 0.025 0.0140625
1 0.15234375 0.2703125 0.025 0.0109375
1 0.43828125 0.26015625 0.0234375 0.0109375
0 0.715625 0.77890625 0.021875 0.0109375
1 0.1 0.28671875 0.025 0.0140625
1 0.37265625 0.35625 0.0234375 0.0078125
1 0.3546875 0.3375 0.025 0.0109375
1 0.03125 0.39453125 0.0234375 0.0109375
1 0.34375 0.29296875 0.0234375 0.0109375
1 0.91640625 0.29609375 0.025 0.0125
1 0.18984375 0.265625 0.0234375 0.0109375
1 0.45234375 0.25859375 0.0234375 0.0109375
1 0.02109375 0.40546875 0.021875 0.0109375
1 0.9484375 0.33671875 0.025 0.0140625
1 0.11484375 0.9703125 0.025 0.0203125
0 0.71484375 0.18125 0.025 0.0109375
1 0.89453125 0.2796875 0.0234375 0.0109375
1 0.04140625 0.4015625 0.025 0.0140625
1 0.39765625 0.36875 0.028125 0.0140625
0 0.85703125 0.8078125 0.028125 0.01875
1 0.07265625 0.30703125 0.025 0.0140625
0 0.68125 0.74765625 0.025 0.0125
1 0.0078125 0.39921875 0.015625 0.0140625
0 0.71953125 0.76875 0.025 0.0125
1 0.67265625 0.25703125 0.0234375 0.0109375
0 0.971875 0.25234375 0.025 0.0140625
1 0.99140625 0.37109375 0.0171875 0.0171875
1 0.84765625 0.28203125 0.025 0.0109375
1 0.521875 0.49296875 0.025 0.015625
1 0.81953125 0.9296875 0.03125 0.021875
1 0.4046875 0.26015625 0.025 0.0109375
1 0.43125 0.26484375 0.0234375 0.0109375
1 0.65703125 0.86484375 0.021875 0.0078125
1 0.6609375 0.88828125 0.025 0.0109375
1 0.06953125 0.90703125 0.0265625 0.0171875
1 0.1828125 0.26875 0.021875 0.0109375
1 0.5078125 0.384375 0.021875 0.0140625
0 0.809375 0.828125 0.025 0.01875
1 0.53359375 0.88828125 0.0234375 0.0109375
1 0.71953125 0.87421875 0.025 0.0078125
1 0.359375 0.2734375 0.025 0.0109375
1 0.34765625 0.271875 0.025 0.0109375
1 0.3390625 0.31328125 0.0234375 0.0109375
0 0.93984375 0.2625 0.025 0.0109375
1 0.90234375 0.28359375 0.025 0.0140625
1 0.4703125 0.26171875 0.025 0.0140625
1 0.534375 0.86875 0.021875 0.0078125
1 0.759375 0.86796875 0.0234375 0.0078125
1 0.83828125 0.98984375 0.0359375 0.01875
1 0.95703125 0.33671875 0.0234375 0.0125
1 0.11953125 0.275 0.021875 0.0125
1 0.1171875 0.89296875 0.025 0.0109375
1 0.95234375 0.971875 0.0296875 0.0171875
1 0.99296875 0.42109375 0.0140625 0.0109375
1 0.4796875 0.2578125 0.0234375 0.0109375
1 0.4921875 0.36640625 0.025 0.0109375
0 0.90078125 0.8234375 0.025 0.0125
1 0.8984375 0.896875 0.0265625 0.0140625
1 0.48046875 0.35859375 0.025 0.0140625
1 0.196875 0.403125 0.025 0.009375
1 0.9765625 0.43046875 0.0265625 0.0140625
1 0.0546875 0.9078125 0.028125 0.0203125
1 0.15234375 0.86484375 0.025 0.0109375
1 0.821875 0.86796875 0.021875 0.009375
1 0.175 0.26953125 0.028125 0.0109375
1 0.98984375 0.4078125 0.0203125 0.009375
1 0.52109375 0.2578125 0.0234375 0.0109375
1 0.02578125 0.9859375 0.0328125 0.0265625
1 0.8515625 0.871875 0.025 0.0125
1 0.5171875 0.89140625 0.021875 0.0125
1 0.11171875 0.275 0.025 0.0125
1 0.61875 0.2578125 0.0234375 0.009375
1 0.86640625 0.871875 0.025 0.0125
1 0.05546875 0.9890625 0.0328125 0.0203125
1 0.9828125 0.35234375 0.025 0.0140625
1 0.88515625 0.26484375 0.021875 0.0109375
0 0.528125 0.98984375 0.03125 0.0171875
1 0.38984375 0.36171875 0.025 0.0125
1 0.58046875 0.2546875 0.025 0.0171875