4 0.653125 0.43046875 0.103125 0.1203125
2 0.77890625 0.22890625 0.103125 0.06875
3 0.1578125 0.31171875 0.09375 0.1046875
2 0.26171875 0.19609375 0.1015625 0.0609375
4 0.953125 0.5328125 0.09375 0.109375
1 0.2953125 0.48203125 0.021875 0.0203125
1 0.37890625 0.58828125 0.025 0.0234375
3 0.2140625 0.84375 0.0828125 0.090625
1 0.859375 0.46328125 0.021875 0.01875
3 0.221875 0.4234375 0.0859375 0.115625
1 0.68515625 0.47265625 0.021875 0.01875
1 0.7234375 0.45546875 0.0203125 0.01875
3 0.75234375 0.86796875 0.0671875 0.059375
4 0.834375 0.85859375 0.053125 0.0578125
1 0.55390625 0.39765625 0.0203125 0.0171875
1 0.62265625 0.49765625 0.021875 0.0203125
1 0.0859375 0.3828125 0.021875 0.0171875
1 0.3796875 0.36328125 0.01875 0.0171875
1 0.8390625 0.41015625 0.0203125 0.015625
4 0.55390625 0.84375 0.0703125 0.06875
1 0.6078125 0.328125 0.01875 0.015625
1 0.30234375 0.5375 0.0234375 0.021875
1 0.321875 0.89453125 0.0203125 0.0140625
1 0.0859375 0.35546875 0.0203125 0.015625
1 0.3546875 0.36328125 0.0203125 0.015625
1 0.66640625 0.3296875 0.0171875 0.015625
1 0.34609375 0.40078125 0.0203125 0.01875
1 0.27578125 0.52265625 0.021875 0.0203125
1 0.83046875 0.36796875 0.01875 0.015625
1 0.80390625 0.9875 0.0296875 0.025
1 0.88515625 0.35390625 0.01875 0.015625
1 0.63046875 0.32265625 0.01875 0.0140625
0 0.9390625 0.2421875 0.025 0.0234375
1 0.9390625 0.4484375 0.021875 0.0171875
1 0.215625 0.89453125 0.0234375 0.0203125
1 0.921875 0.4109375 0.021875 0.01875
1 0.31484375 0.39296875 0.0203125 0.015625
1 0.88203125 0.95078125 0.025 0.025
1 0.940625 0.36328125 0.01875 0.0140625
1 0.03046875 0.34375 0.021875 0.01875
3 0.4359375 0.85859375 0.084375 0.09375
1 0.49921875 0.4 0.0203125 0.01875
1 0.36953125 0.27421875 0.0171875 0.0140625
1 0.671875 0.56171875 0.0234375 0.021875
1 0.3453125 0.58203125 0.0234375 0.0234375
1 0.02578125 0.40390625 0.021875 0.01875
1 0.059375 0.35703125 0.0203125 0.015625
1 0.33828125 0.38359375 0.0203125 0.015625
1 0.325 0.51328125 0.021875 0.021875
1 0.99140625 0.40625 0.0171875 0.015625
1 0.16875 0.3984375 0.0203125 0.01875
1 0.66875 0.27734375 0.0171875 0.0125
1 0.81875 0.3859375 0.0203125 0.015625
1 0.84375 0.33359375 0.01875 0.0140625
1 0.0578125 0.31875 0.01875 0.0140625
1 0.05625 0.37890625 0.0234375 0.01875
1 0.85546875 0.3203125 0.0171875 0.0125
1 0.084375 0.3265625 0.01875 0.015625
0 0.94375 0.2171875 0.0234375 0.021875
1 0.7640625 0.89453125 0.01875 0.0140625
1 0.04609375 0.40078125 0.021875 0.01875
1 0.709375 0.88515625 0.0203125 0.015625
1 0.075 0.37734375 0.0203125 0.015625
1 0.8671875 0.290625 0.0171875 0.0140625
1 0.19375 0.2640625 0.0171875 0.0125
1 0.85859375 0.3515625 0.01875 0.015625
1 0.26953125 0.5046875 0.0234375 0.01875
1 0.4484375 0.2640625 0.0171875 0.0140625
1 0.3671875 0.340625 0.0203125 0.015625
1 0.94140625 0.42890625 0.0203125 0.015625
1 0.35546875 0.8953125 0.0203125 0.015625
1 0.3484375 0.3234375 0.01875 0.015625
1 0.60390625 0.303125 0.0171875 0.0140625
1 0.7921875 0.925 0.021875 0.021875
1 0.509375 0.259375 0.01875 0.0140625
1 0.615625 0.29765625 0.01875 0.015625
1 0.184375 0.921875 0.021875 0.0234375
1 0.31640625 0.365625 0.0203125 0.01875
1 0.8015625 0.43515625 0.021875 0.015625
1 0.84609375 0.8984375 0.0171875 0.0125
1 0.65390625 0.83359375 0.025 0.0296875
0 0.6109375 0.7703125 0.025 0.028125
1 0.6328125 0.27109375 0.0171875 0.0125
1 0.17109375 0.95 0.028125 0.025
1 0.00859375 0.42109375 0.0171875 0.0203125
1 0.725 0.9015625 0.0203125 0.01875
1 0.91015625 0.93203125 0.021875 0.0171875
1 0.92421875 0.35390625 0.01875 0.015625
1 0.33515625 0.61171875 0.0203125 0.0125
1 0.92734375 0.33828125 0.0171875 0.0140625
1 0.14609375 0.92734375 0.0265625 0.0203125
1 0.54296875 0.87578125 0.0203125 0.0125
1 0.028125 0.375 0.021875 0.015625
1 0.925 0.9640625 0.0234375 0.0203125
1 0.846875 0.30703125 0.01875 0.0125
1 0.0109375 0.3515625 0.0171875 0.015625
1 0.91796875 0.31640625 0.0171875 0.0140625
1 0.9515625 0.4234375 0.0234375 0.0234375
1 0.5765625 0.87421875 0.01875 0.0125
1 0.334375 0.625 0.021875 0.0125
1 0.9671875 0.378125 0.0203125 0.0140625
1 0.0734375 0.353125 0.0203125 0.015625
1 0.19453125 0.8890625 0.01875 0.015625
1 0.35078125 0.3109375 0.0171875 0.0109375
1 0.0390625 0.378125 0.0234375 0.0171875
1 0.81796875 0.89453125 0.0203125 0.015625
1 0.9015625 0.9546875 0.0234375 0.021875
1 0.95859375 0.35859375 0.01875 0.0140625
1 0.4296875 0.2546875 0.0171875 0.0140625
1 0.815625 0.921875 0.021875 0.0203125
1 0.1859375 0.90234375 0.01875 0.0125
1 0.89609375 0.30546875 0.01875 0.0125
0 0.94921875 0.30546875 0.025 0.0234375
1 0.93515625 0.340625 0.0203125 0.0140625
1 0.0828125 0.95703125 0.0296875 0.025
1 0.88203125 0.90078125 0.015625 0.0140625
1 0.67890625 0.36796875 0.01875 0.0140625
1 0.7453125 0.890625 0.0171875 0.0140625
4 0.82578125 0.26953125 0.0734375 0.075
1 0.3390625 0.3625 0.01875 0.015625
1 0.8078125 0.41640625 0.01875 0.0109375
1 0.11875 0.26015625 0.0171875 0.0125
1 0.12265625 0.9125 0.025 0.021875
1 0.328125 0.34375 0.0203125 0.0171875
0 0.953125 0.49296875 0.0234375 0.025
1 0.3453125 0.34453125 0.021875 0.015625
1 0.32578125 0.3890625 0.01875 0.0171875
1 0.21015625 0.97890625 0.0265625 0.0125
1 0.01640625 0.3796875 0.0203125 0.015625
1 0.109375 0.29609375 0.0203125 0.015625
1 0.3296875 0.371875 0.0203125 0.0140625
1 0.9125 0.91484375 0.0203125 0.015625
1 0.44140625 0.2546875 0.0171875 0.0125
1 0.0703125 0.91015625 0.021875 0.0203125
1 0.68828125 0.271875 0.01875 0.0125
1 0.45703125 0.25703125 0.0171875 0.0125
1 0.32109375 0.88046875 0.0203125 0.015625
1 0.1953125 0.30390625 0.01875 0.0140625
1 0.7921875 0.88203125 0.01875 0.0125
1 0.85 0.2984375 0.0171875 0.0109375
1 0.89609375 0.903125 0.01875 0.0140625
1 0.1515625 0.87734375 0.0171875 0.0140625
1 0.52578125 0.2578125 0.01875 0.0125
1 0.89140625 0.29375 0.0171875 0.0125
1 0.8234375 0.91171875 0.0203125 0.0171875
0 0.62265625 0.71484375 0.025 0.0234375
1 0.08203125 0.97421875 0.025 0.009375
1 0.009375 0.40078125 0.01875 0.0140625
1 0.715625 0.3765625 0.0203125 0.0171875
1 0.01484375 0.33984375 0.021875 0.015625
1 0.1671875 0.24296875 0.0171875 0.0125
1 0.14609375 0.95703125 0.0296875 0.0328125
1 0.14296875 0.2515625 0.01875 0.0125
1 0.58359375 0.87421875 0.0171875 0.0109375
1 0.9453125 0.9921875 0.028125 0.015625
1 0.6421875 0.26640625 0.0171875 0.0125
1 0.17265625 0.853125 0.0171875 0.0125
1 0.04296875 0.959375 0.03125 0.034375
1 0.16875 0.975 0.0265625 0.0171875
1 0.2015625 0.25546875 0.015625 0.009375
1 0.9296875 0.94609375 0.021875 0.01875
1 0.67578125 0.65859375 0.0171875 0.009375
1 0.3359375 0.25 0.0171875 0.0125
1 0.9 0.29453125 0.01875 0.0125
1 0.921875 0.9265625 0.021875 0.0171875
1 0.128125 0.96953125 0.03125 0.025
1 0.2546875 0.85703125 0.0171875 0.0125