2 0.24765625 0.20546875 0.109375 0.0703125
3 0.95546875 0.35234375 0.0890625 0.1046875
4 0.35625 0.284375 0.0890625 0.084375
1 0.71171875 0.42734375 0.03125 0.021875
4 0.84140625 0.303125 0.078125 0.08125
3 0.19453125 0.8421875 0.0734375 0.0609375
4 0.515625 0.2953125 0.0734375 0.0890625
4 0.77734375 0.86640625 0.071875 0.059375
1 0.88359375 0.39375 0.03125 0.01875
1 0.4578125 0.45390625 0.0328125 0.0234375
1 0.27421875 0.5671875 0.0375 0.028125
1 0.52109375 0.45703125 0.0328125 0.021875
1 0.4046875 0.56328125 0.034375 0.025
1 0.43515625 0.37734375 0.03125 0.01875
1 0.353125 0.5921875 0.0328125 0.028125
1 0.46484375 0.3359375 0.0296875 0.0171875
1 0.53984375 0.4171875 0.03125 0.01875
2 0.7609375 0.21875 0.1140625 0.059375
1 0.9859375 0.47265625 0.028125 0.0234375
1 0.98203125 0.43671875 0.034375 0.021875
1 0.43984375 0.49921875 0.034375 0.025
1 0.4953125 0.4046875 0.0328125 0.0203125
1 0.4859375 0.41875 0.0328125 0.0203125
1 0.5828125 0.49296875 0.0328125 0.021875
1 0.83515625 0.45078125 0.0328125 0.021875
1 0.44765625 0.40625 0.03125 0.0203125
1 0.85703125 0.42734375 0.03125 0.021875
1 0.1671875 0.259375 0.0296875 0.0171875
1 0.5609375 0.390625 0.03125 0.01875
1 0.89375 0.3953125 0.03125 0.01875
1 0.7625 0.575 0.034375 0.025
1 0.34765625 0.36640625 0.03125 0.01875
1 0.39375 0.37734375 0.03125 0.0171875
1 0.65546875 0.28515625 0.0296875 0.0171875
1 0.59453125 0.4734375 0.0328125 0.021875
1 0.60625 0.4 0.03125 0.01875
1 0.4859375 0.6421875 0.0296875 0.01875
1 0.7203125 0.8859375 0.0296875 0.0171875
1 0.75078125 0.9484375 0.0390625 0.03125
1 0.515625 0.425 0.03125 0.0203125
1 0.6 0.909375 0.03125 0.0171875
1 0.48046875 0.440625 0.03125 0.021875
1 0.46875 0.3578125 0.03125 0.0203125
1 0.90703125 0.53359375 0.034375 0.025
1 0.9046875 0.540625 0.03125 0.025
1 0.58359375 0.45234375 0.0328125 0.021875
1 0.88203125 0.934375 0.0375 0.0296875
1 0.95390625 0.40625 0.0328125 0.01875
1 0.91875 0.51015625 0.034375 0.025
1 0.6 0.3875 0.03125 0.01875
1 0.628125 0.3765625 0.0328125 0.01875
1 0.1125 0.3234375 0.03125 0.0171875
1 0.54453125 0.38359375 0.03125 0.01875
1 0.60234375 0.26953125 0.0296875 0.0171875
1 0.5796875 0.38671875 0.03125 0.0203125
1 0.51484375 0.365625 0.03125 0.0171875
1 0.0546875 0.903125 0.0359375 0.0296875
1 0.34296875 0.46640625 0.0328125 0.0234375
1 0.5734375 0.584375 0.0359375 0.0265625
1 0.68984375 0.325 0.03125 0.0171875
1 0.10078125 0.32265625 0.0296875 0.0171875
1 0.9671875 0.66640625 0.03125 0.015625
1 0.67890625 0.3796875 0.0328125 0.01875
1 0.53125 0.3828125 0.0328125 0.0203125
1 0.940625 0.4 0.0328125 0.01875
1 0.6796875 0.39296875 0.03125 0.0171875
1 0.35859375 0.33359375 0.0296875 0.0171875
1 0.46484375 0.43671875 0.03125 0.021875
1 0.38125 0.36953125 0.0328125 0.0203125
1 0.9109375 0.38984375 0.0328125 0.0171875
1 0.9078125 0.3625 0.0296875 0.0171875
1 0.7515625 0.90546875 0.0328125 0.0234375
1 0.1 0.30546875 0.03125 0.0203125
1 0.8484375 0.578125 0.0296875 0.0203125
1 0.87734375 0.46875 0.034375 0.0234375
1 0.33046875 0.3359375 0.0328125 0.0171875
1 0.878125 0.3078125 0.03125 0.01875
1 0.93046875 0.3890625 0.034375 0.021875
1 0.534375 0.44921875 0.0328125 0.021875
1 0.17890625 0.29296875 0.028125 0.015625
1 0.57421875 0.3578125 0.0328125 0.021875
1 0.9 0.284375 0.03125 0.0171875
1 0.15234375 0.85859375 0.0296875 0.015625
1 0.6765625 0.3546875 0.03125 0.0171875
1 0.62578125 0.46484375 0.034375 0.021875
1 0.078125 0.31953125 0.03125 0.0171875
1 0.665625 0.31171875 0.0296875 0.0171875
1 0.390625 0.546875 0.034375 0.025
1 0.92109375 0.375 0.0296875 0.015625
1 0.88984375 0.38203125 0.03125 0.015625
1 0.53359375 0.34296875 0.0328125 0.01875
1 0.3875 0.328125 0.0328125 0.0234375
1 0.9015625 0.30703125 0.0328125 0.0234375
1 0.915625 0.30234375 0.03125 0.015625
3 0.60234375 0.321875 0.084375 0.084375
1 0.34140625 0.34765625 0.03125 0.01875
1 0.87890625 0.28515625 0.0296875 0.0125
1 0.6515625 0.465625 0.03125 0.021875
1 0.41015625 0.44453125 0.0328125 0.021875
1 0.08984375 0.86640625 0.03125 0.0171875
1 0.13359375 0.2859375 0.0296875 0.015625
1 0.678125 0.325 0.0328125 0.01875
1 0.66484375 0.38046875 0.03125 0.0203125
1 0.90234375 0.6640625 0.034375 0.015625
1 0.7109375 0.32109375 0.0296875 0.0171875
1 0.03125 0.90859375 0.0328125 0.025
1 0.8890625 0.309375 0.034375 0.01875
1 0.7265625 0.90859375 0.0328125 0.0203125
1 0.54765625 0.34140625 0.03125 0.0171875
1 0.40625 0.84296875 0.0296875 0.0125
1 0.56953125 0.3890625 0.03125 0.01875
1 0.80703125 0.88828125 0.0296875 0.0140625
1 0.88046875 0.3390625 0.0328125 0.015625
1 0.08671875 0.31953125 0.03125 0.01875
1 0.07265625 0.30390625 0.03125 0.015625
1 0.54765625 0.3609375 0.0328125 0.01875
1 0.81015625 0.93125 0.034375 0.025
1 0.77109375 0.971875 0.04375 0.0390625
1 0.59296875 0.43359375 0.0328125 0.0203125
1 0.04921875 0.86015625 0.0328125 0.0171875
1 0.67578125 0.33671875 0.03125 0.0125
1 0.88671875 0.9109375 0.03125 0.0203125
1 0.109375 0.28828125 0.03125 0.0171875
1 0.7984375 0.9625 0.040625 0.0359375
1 0.77265625 0.90625 0.0328125 0.021875
1 0.603125 0.45 0.0328125 0.0203125
1 0.67890625 0.88671875 0.03125 0.01875
1 0.615625 0.44375 0.0328125 0.0203125
1 0.53203125 0.36015625 0.0328125 0.01875
1 0.49140625 0.43828125 0.0328125 0.0203125
1 0.66015625 0.909375 0.034375 0.0171875
1 0.6734375 0.8875 0.028125 0.0171875
1 0.559375 0.3390625 0.0296875 0.0171875
3 0.87421875 0.87421875 0.10625 0.1015625