2 0.2671875 0.19140625 0.1 0.0609375
1 0.5328125 0.51640625 0.0203125 0.021875
1 0.3453125 0.50625 0.0203125 0.0203125
1 0.0859375 0.43671875 0.01875 0.01875
1 0.21640625 0.5734375 0.021875 0.025
3 0.6609375 0.26953125 0.0765625 0.0734375
1 0.72578125 0.4484375 0.0171875 0.01875
1 0.11875 0.46484375 0.01875 0.01875
1 0.340625 0.4859375 0.01875 0.01875
1 0.31953125 0.52421875 0.01875 0.0203125
1 0.20078125 0.434375 0.0203125 0.021875
1 0.06484375 0.48984375 0.0203125 0.021875
1 0.18359375 0.5734375 0.021875 0.025
1 0.95390625 0.54140625 0.0203125 0.021875
1 0.17734375 0.34453125 0.015625 0.015625
1 0.29296875 0.8875 0.01875 0.0171875
1 0.5796875 0.50625 0.01875 0.021875
1 0.5140625 0.44609375 0.01875 0.0171875
1 0.8390625 0.94140625 0.0203125 0.0234375
1 0.59921875 0.9109375 0.0171875 0.0140625
1 0.76953125 0.6359375 0.0203125 0.01875
0 0.79921875 0.19765625 0.01875 0.01875
1 0.3046875 0.4984375 0.01875 0.0203125
1 0.38984375 0.3609375 0.015625 0.015625
1 0.06875 0.46328125 0.01875 0.01875
1 0.35859375 0.4125 0.015625 0.01875
0 0.91640625 0.15859375 0.0203125 0.0203125
1 0.62578125 0.91015625 0.01875 0.015625
1 0.1078125 0.3390625 0.01875 0.01875
1 0.27109375 0.59296875 0.0203125 0.021875
1 0.29296875 0.546875 0.0203125 0.0234375
1 0.18671875 0.403125 0.01875 0.0203125
3 0.759375 0.896875 0.1140625 0.1109375
1 0.32890625 0.45234375 0.01875 0.01875
1 0.37421875 0.521875 0.01875 0.021875
3 0.93125 0.434375 0.1125 0.14375
1 0.26796875 0.575 0.0203125 0.0203125
1 0.31171875 0.421875 0.0171875 0.0171875
0 0.38125 0.78828125 0.0203125 0.0234375
1 0.87265625 0.44921875 0.015625 0.0171875
1 0.30234375 0.43671875 0.01875 0.01875
1 0.075 0.36796875 0.01875 0.0171875
0 0.37265625 0.759375 0.021875 0.0265625
1 0.03984375 0.4125 0.01875 0.01875
1 0.1234375 0.86875 0.015625 0.01875
4 0.775 0.478125 0.0890625 0.125
1 0.85390625 0.46796875 0.0171875 0.0171875
1 0.659375 0.3640625 0.015625 0.0140625
1 0.85625 0.4921875 0.0171875 0.0140625
1 0.1578125 0.3796875 0.0171875 0.015625
1 0.7 0.40625 0.0171875 0.0171875
4 0.54765625 0.846875 0.0859375 0.109375
1 0.928125 0.49609375 0.01875 0.0171875
1 0.2390625 0.884375 0.01875 0.01875
1 0.61875 0.3171875 0.015625 0.0140625
1 0.8453125 0.3734375 0.0171875 0.015625
1 0.0640625 0.3375 0.0171875 0.015625
1 0.3109375 0.40546875 0.0171875 0.015625
1 0.1109375 0.3015625 0.0171875 0.015625
1 0.02734375 0.33203125 0.01875 0.01875
1 0.85546875 0.4265625 0.0171875 0.0171875
1 0.27734375 0.55390625 0.0203125 0.0234375
1 0.4171875 0.2859375 0.0140625 0.0140625
1 0.2015625 0.87265625 0.0171875 0.015625
1 0.14921875 0.39453125 0.0171875 0.015625
0 0.31640625 0.16171875 0.01875 0.0203125
0 0.8734375 0.0640625 0.01875 0.0203125
1 0.6796875 0.415625 0.01875 0.015625
1 0.66328125 0.3921875 0.015625 0.0140625
0 0.76484375 0.24453125 0.01875 0.021875
1 0.3546875 0.575 0.01875 0.0234375
1 0.1890625 0.3734375 0.0171875 0.0203125
1 0.359375 0.50703125 0.01875 0.0203125
1 0.075 0.35078125 0.0171875 0.015625
1 0.584375 0.56484375 0.01875 0.021875
1 0.62890625 0.29765625 0.0140625 0.0140625
1 0.21015625 0.9125 0.0234375 0.0265625
0 0.91953125 0.2625 0.01875 0.0203125
1 0.703125 0.47421875 0.0171875 0.0171875
1 0.34609375 0.38671875 0.0171875 0.0171875
1 0.36015625 0.2921875 0.015625 0.0140625
0 0.85390625 0.1359375 0.0203125 0.0171875
0 0.921875 0.203125 0.01875 0.0203125
1 0.98671875 0.53515625 0.0203125 0.0203125
2 0.78359375 0.2328125 0.09375 0.071875
1 0.31796875 0.878125 0.01875 0.0171875
1 0.44453125 0.29140625 0.015625 0.0140625
1 0.6484375 0.30234375 0.015625 0.0125
1 0.64609375 0.34296875 0.0171875 0.0140625
1 0.190625 0.23984375 0.015625 0.0125
1 0.11953125 0.3703125 0.0203125 0.0203125
1 0.67578125 0.3640625 0.015625 0.015625
1 0.68046875 0.4390625 0.0171875 0.015625
1 0.59765625 0.31875 0.015625 0.015625
1 0.81328125 0.3921875 0.0140625 0.015625
1 0.134375 0.340625 0.01875 0.015625
1 0.5109375 0.321875 0.015625 0.0140625
1 0.05390625 0.384375 0.0171875 0.015625
1 0.15234375 0.340625 0.01875 0.015625
1 0.89375 0.928125 0.01875 0.0203125
1 0.51796875 0.2921875 0.0140625 0.0125
1 0.578125 0.8765625 0.015625 0.0140625
1 0.16953125 0.28984375 0.015625 0.015625
1 0.20390625 0.29140625 0.015625 0.015625
1 0.0375 0.309375 0.0171875 0.0140625
1 0.61796875 0.3359375 0.015625 0.015625
1 0.17890625 0.31328125 0.015625 0.0140625
1 0.62578125 0.3375 0.015625 0.015625
1 0.125 0.28203125 0.015625 0.0140625
1 0.56484375 0.265625 0.015625 0.0140625
1 0.1609375 0.29765625 0.015625 0.0125
1 0.31796875 0.45390625 0.0171875 0.01875
1 0.4328125 0.2765625 0.0140625 0.0140625
1 0.99296875 0.49921875 0.0140625 0.0171875
1 0.42890625 0.31015625 0.0171875 0.015625
1 0.334375 0.4109375 0.01875 0.01875
0 0.7515625 0.2140625 0.0171875 0.0171875
1 0.3453125 0.284375 0.015625 0.0125
1 0.303125 0.5875 0.01875 0.01875
1 0.31171875 0.4375 0.01875 0.015625
0 0.7703125 0.765625 0.0203125 0.021875
1 0.58515625 0.26328125 0.015625 0.0125
1 0.1578125 0.31328125 0.0171875 0.0140625
0 0.83515625 0.1234375 0.01875 0.021875
1 0.4859375 0.28046875 0.0171875 0.0140625
1 0.97578125 0.5203125 0.01875 0.0171875
1 0.6890625 0.43125 0.0171875 0.01875
0 0.88359375 0.1109375 0.01875 0.01875
1 0.8765625 0.96015625 0.021875 0.025
0 0.90078125 0.1515625 0.0203125 0.0203125
1 0.36171875 0.2546875 0.015625 0.0140625
1 0.2625 0.878125 0.0171875 0.0171875
1 0.96875 0.5 0.01875 0.0171875
1 0.83828125 0.30703125 0.0171875 0.0125
0 0.82578125 0.17890625 0.01875 0.01875
1 0.66953125 0.3078125 0.015625 0.0125
1 0.1453125 0.25546875 0.015625 0.0125
1 0.2484375 0.865625 0.0171875 0.0140625
1 0.45234375 0.26640625 0.0140625 0.0125
1 0.6734375 0.32734375 0.015625 0.0140625
1 0.54765625 0.2671875 0.0140625 0.0125
0 0.9140625 0.1421875 0.01875 0.015625
1 0.178125 0.6125 0.021875 0.021875
0 0.91953125 0.325 0.0171875 0.0171875
0 0.8953125 0.1296875 0.0171875 0.015625
1 0.98203125 0.46015625 0.01875 0.0171875
1 0.08359375 0.33125 0.0171875 0.0171875
4 0.69765625 0.60390625 0.128125 0.115625
1 0.29140625 0.59921875 0.01875 0.015625
1 0.6671875 0.34296875 0.0171875 0.0140625
1 0.79921875 0.41796875 0.0171875 0.015625
1 0.3515625 0.29765625 0.015625 0.0140625
0 0.86953125 0.08203125 0.01875 0.0140625
1 0.30703125 0.60234375 0.0203125 0.015625
1 0.71640625 0.30859375 0.0171875 0.015625
1 0.18203125 0.26875 0.015625 0.0140625
1 0.10390625 0.85234375 0.015625 0.0140625
1 0.91796875 0.48671875 0.01875 0.01875
1 0.3890625 0.253125 0.015625 0.0125
1 0.1734375 0.26796875 0.015625 0.0125
1 0.03515625 0.90234375 0.0234375 0.0296875
1 0.37890625 0.61328125 0.0171875 0.0125
1 0.40234375 0.271875 0.0171875 0.0125
1 0.28359375 0.86171875 0.0171875 0.0203125
1 0.71796875 0.40546875 0.0171875 0.015625
1 0.1734375 0.89609375 0.021875 0.0203125
1 0.16796875 0.87109375 0.0171875 0.0140625
1 0.69375 0.3890625 0.0171875 0.015625
1 0.78984375 0.95625 0.0234375 0.0296875
1 0.57578125 0.26328125 0.0171875 0.0125
0 0.85703125 0.04375 0.01875 0.0203125
1 0.7234375 0.96484375 0.0234375 0.0296875
1 0.6 0.28125 0.0171875 0.0125
1 0.41796875 0.25078125 0.0171875 0.0125
1 0.7578125 0.9578125 0.0234375 0.0265625
1 0.61875 0.2671875 0.015625 0.0125
1 0.88671875 0.29921875 0.015625 0.0125
1 0.09765625 0.28984375 0.015625 0.0125
1 0.01796875 0.93984375 0.028125 0.0359375
1 0.0609375 0.296875 0.015625 0.0140625
1 0.17265625 0.25703125 0.015625 0.0109375
1 0.6625 0.9109375 0.0171875 0.0171875
1 0.1484375 0.8484375 0.0171875 0.0140625
1 0.665625 0.32109375 0.015625 0.0140625
1 0.671875 0.38671875 0.0171875 0.015625
1 0.82421875 0.428125 0.015625 0.0125
1 0.2015625 0.85703125 0.0140625 0.009375
1 0.23515625 0.85 0.015625 0.015625
0 0.3359375 0.71484375 0.0203125 0.0171875
1 0.83203125 0.44296875 0.015625 0.0125
0 0.3015625 0.2640625 0.0171875 0.015625
1 0.98125 0.48984375 0.01875 0.01875
1 0.1609375 0.8875 0.01875 0.0234375
1 0.65859375 0.3484375 0.015625 0.0140625
1 0.075 0.95234375 0.03125 0.0390625
1 0.128125 0.26015625 0.0171875 0.0125
1 0.17109375 0.8546875 0.0171875 0.0140625
1 0.17890625 0.225 0.0140625 0.0125
1 0.29375 0.85859375 0.0140625 0.015625
1 0.6734375 0.9046875 0.021875 0.01875
1 0.63515625 0.33046875 0.0171875 0.01875
1 0.06484375 0.37421875 0.0171875 0.015625
1 0.83984375 0.8921875 0.0140625 0.0109375
1 0.5078125 0.259375 0.015625 0.0125
1 0.68515625 0.36484375 0.0171875 0.015625
1 0.596875 0.54921875 0.0171875 0.01875
1 0.46171875 0.25625 0.015625 0.0125
1 0.3984375 0.25078125 0.015625 0.0140625
1 0.4390625 0.253125 0.015625 0.0125
1 0.415625 0.9875 0.025 0.015625
1 0.07578125 0.29453125 0.01875 0.0140625
1 0.5296875 0.26015625 0.0171875 0.0125
1 0.690625 0.40625 0.0203125 0.0203125
1 0.2953125 0.98046875 0.0234375 0.0140625
1 0.15 0.2453125 0.015625 0.0109375
1 0.446875 0.25390625 0.015625 0.0140625
1 0.1 0.2671875 0.0171875 0.0125
1 0.66171875 0.30859375 0.0140625 0.0140625
1 0.7609375 0.66328125 0.0140625 0.009375
1 0.39453125 0.6140625 0.015625 0.0109375
1 0.259375 0.8640625 0.0171875 0.0140625
1 0.640625 0.99765625 0.025 0.0046875
1 0.18125 0.259375 0.015625 0.009375
1 0.00546875 0.96015625 0.0109375 0.0109375
1 0.11796875 0.85 0.0140625 0.0125
1 0.1296875 0.27421875 0.0140625 0.0109375
1 0.659375 0.89296875 0.015625 0.0140625
0 0.60859375 0.99296875 0.0265625 0.0140625
1 0.1578125 0.8734375 0.0171875 0.0140625
1 0.2328125 0.825 0.015625 0.015625
0 0.33828125 0.73515625 0.03125 0.034375
1 0.68046875 0.40078125 0.0171875 0.0125
1 0.33515625 0.984375 0.021875 0.0109375
1 0.40546875 0.2609375 0.015625 0.0109375
1 0.08359375 0.27734375 0.0171875 0.0171875
0 0.8640625 0.12265625 0.01875 0.0171875
1 0.05625 0.3671875 0.015625 0.0109375
1 0.9890625 0.6328125 0.0140625 0.0140625
1 0.9921875 0.42734375 0.015625 0.0171875
0 0.9 0.0984375 0.01875 0.01875
1 0.17578125 0.24140625 0.015625 0.0140625
1 0.90390625 0.89609375 0.0171875 0.0140625
1 0.06171875 0.85859375 0.015625 0.0140625
1 0.20234375 0.84765625 0.015625 0.0109375
1 0.15 0.6265625 0.015625 0.0109375
1 0.01953125 0.59609375 0.0203125 0.0140625
1 0.1625 0.8515625 0.0171875 0.015625
1 0.65234375 0.3359375 0.0171875 0.0125
4 0.759375 0.02265625 0.0890625 0.0171875