4 0.38828125 0.29453125 0.096875 0.084375
4 0.6609375 0.8546875 0.121875 0.1046875
3 0.21875 0.8484375 0.121875 0.0984375
3 0.44296875 0.41328125 0.1296875 0.121875
2 0.2328125 0.21484375 0.1234375 0.071875
3 0.0796875 0.38828125 0.1125 0.1078125
3 0.59140625 0.4296875 0.1359375 0.11875
1 0.67734375 0.47109375 0.0453125 0.028125
1 0.7328125 0.46015625 0.04375 0.028125
1 0.9046875 0.40234375 0.04375 0.025
1 0.15859375 0.43359375 0.0453125 0.0265625
4 0.85703125 0.44375 0.1171875 0.10625
2 0.75546875 0.23125 0.128125 0.0578125
1 0.7046875 0.48984375 0.0453125 0.028125
1 0.590625 0.51875 0.046875 0.03125
1 0.7078125 0.46953125 0.0453125 0.025
3 0.53203125 0.828125 0.0765625 0.0640625
1 0.80546875 0.428125 0.04375 0.0265625
1 0.97734375 0.45546875 0.0453125 0.0265625
1 0.35703125 0.40234375 0.04375 0.025
1 0.84453125 0.57109375 0.0484375 0.03125
1 0.184375 0.4375 0.0453125 0.0265625
1 0.38359375 0.41953125 0.04375 0.025
1 0.9234375 0.440625 0.04375 0.0265625
1 0.50703125 0.428125 0.0453125 0.0265625
1 0.8953125 0.4578125 0.0421875 0.0265625
1 0.68046875 0.42421875 0.04375 0.025
1 0.93828125 0.48515625 0.0453125 0.028125
1 0.7140625 0.49140625 0.0453125 0.025
1 0.709375 0.90234375 0.0484375 0.028125
1 0.16171875 0.3828125 0.04375 0.025
1 0.6515625 0.50234375 0.0453125 0.03125
1 0.2578125 0.484375 0.0453125 0.028125
1 0.82109375 0.93203125 0.0515625 0.0359375
1 0.18671875 0.62109375 0.0484375 0.03125
1 0.659375 0.39296875 0.04375 0.025
0 0.19296875 0.2234375 0.046875 0.028125
1 0.3078125 0.34921875 0.04375 0.025
1 0.77421875 0.925 0.0515625 0.0359375
1 0.1578125 0.41484375 0.0453125 0.025
1 0.7859375 0.90078125 0.046875 0.0296875
1 0.5671875 0.890625 0.0453125 0.03125
1 0.9234375 0.5828125 0.0484375 0.0296875
1 0.27109375 0.54609375 0.0453125 0.028125
1 0.9453125 0.46328125 0.04375 0.0265625
1 0.3765625 0.46328125 0.0453125 0.0234375
1 0.8796875 0.4859375 0.04375 0.0234375
1 0.765625 0.90078125 0.046875 0.03125
1 0.18359375 0.4109375 0.0453125 0.0265625
1 0.66171875 0.33828125 0.0421875 0.0234375
1 0.97265625 0.584375 0.046875 0.0328125
1 0.109375 0.88125 0.0453125 0.03125
1 0.6796875 0.396875 0.04375 0.0234375
1 0.16015625 0.33828125 0.0421875 0.0234375
1 0.6625 0.41171875 0.04375 0.0265625
1 0.71015625 0.88828125 0.0453125 0.0234375
1 0.7015625 0.43984375 0.0453125 0.028125
1 0.85546875 0.58203125 0.0484375 0.0296875
1 0.61875 0.3078125 0.04375 0.0234375
1 0.18125 0.390625 0.04375 0.025
1 0.39453125 0.42109375 0.04375 0.025
1 0.3359375 0.375 0.04375 0.025
1 0.565625 0.56328125 0.04375 0.0296875
1 0.890625 0.3625 0.04375 0.0234375
1 0.86171875 0.3578125 0.04375 0.0234375
1 0.1234375 0.3953125 0.04375 0.025
1 0.77734375 0.97265625 0.05625 0.0484375
1 0.94375 0.40546875 0.04375 0.025
1 0.3359375 0.346875 0.04375 0.0234375
1 0.82421875 0.9 0.0453125 0.028125
1 0.1671875 0.32421875 0.04375 0.0234375
1 0.4359375 0.29921875 0.0421875 0.021875
1 0.3578125 0.38203125 0.04375 0.025
1 0.14375 0.61875 0.0484375 0.03125
1 0.3390625 0.4109375 0.04375 0.0265625
1 0.95390625 0.4578125 0.0453125 0.0265625
1 0.26171875 0.465625 0.0453125 0.0234375
1 0.98828125 0.465625 0.0234375 0.028125
1 0.8796875 0.92890625 0.0453125 0.0296875
1 0.15078125 0.309375 0.0421875 0.021875
1 0.3546875 0.36953125 0.04375 0.0203125
1 0.66328125 0.37265625 0.0453125 0.0265625
1 0.39296875 0.36015625 0.0421875 0.025
1 0.9609375 0.42890625 0.046875 0.025
1 0.33671875 0.29453125 0.0421875 0.0203125
1 0.6359375 0.30390625 0.040625 0.0203125
1 0.8296875 0.8765625 0.04375 0.025
1 0.98671875 0.490625 0.0265625 0.025
1 0.29296875 0.8609375 0.0453125 0.025
1 0.165625 0.84453125 0.0421875 0.021875
1 0.93359375 0.4078125 0.04375 0.025
1 0.16796875 0.421875 0.0453125 0.025
1 0.1125 0.32734375 0.0421875 0.0234375
1 0.62734375 0.35546875 0.0453125 0.021875
1 0.546875 0.85390625 0.0421875 0.01875
1 0.575 0.29921875 0.040625 0.0234375
1 0.6109375 0.36640625 0.0421875 0.021875
1 0.56328125 0.85234375 0.040625 0.0203125
1 0.35625 0.4796875 0.04375 0.025
1 0.28984375 0.34375 0.0453125 0.0265625
1 0.6484375 0.89140625 0.0453125 0.0265625
1 0.15234375 0.98359375 0.05625 0.0296875
1 0.60078125 0.2984375 0.0421875 0.021875
1 0.08359375 0.9828125 0.0546875 0.028125
1 0.62421875 0.34453125 0.0421875 0.0203125
1 0.98671875 0.6515625 0.0265625 0.03125
1 0.68125 0.4078125 0.04375 0.0203125
1 0.98125 0.43046875 0.0375 0.0234375
1 0.8375 0.85859375 0.040625 0.021875
4 0.56640625 0.81640625 0.059375 0.0375
1 0.34453125 0.37421875 0.04375 0.025
1 0.11796875 0.29921875 0.0453125 0.025
1 0.85078125 0.3140625 0.04375 0.021875
1 0.925 0.4046875 0.0453125 0.025
1 0.42421875 0.7859375 0.0421875 0.021875
1 0.82265625 0.3109375 0.040625 0.021875
1 0.34140625 0.33046875 0.04375 0.0234375
1 0.875 0.32890625 0.0421875 0.021875
1 0.446875 0.8078125 0.0421875 0.021875
1 0.8515625 0.90546875 0.0484375 0.0296875
1 0.0953125 0.86484375 0.0453125 0.025
1 0.05625 0.3390625 0.04375 0.0234375
1 0.81484375 0.3140625 0.0421875 0.0234375
1 0.51328125 0.29921875 0.04375 0.021875
1 0.684375 0.36875 0.0421875 0.0234375
1 0.3140625 0.8625 0.0453125 0.0265625
1 0.915625 0.99453125 0.05 0.0109375
1 0.70859375 0.3984375 0.0421875 0.0234375
1 0.53359375 0.853125 0.04375 0.021875
1 0.32734375 0.86640625 0.046875 0.0296875
1 0.8515625 0.8859375 0.0453125 0.0234375
1 0.83671875 0.9234375 0.0515625 0.0328125
1 0.8875 0.9578125 0.0484375 0.0328125
1 0.928125 0.90390625 0.0453125 0.028125
1 0.4296875 0.8140625 0.0421875 0.021875
1 0.93046875 0.38359375 0.0421875 0.0234375
1 0.89296875 0.34453125 0.0453125 0.0234375
1 0.9765625 0.4140625 0.0453125 0.0234375
1 0.1328125 0.63828125 0.046875 0.025
1 0.57734375 0.853125 0.04375 0.01875
1 0.07578125 0.96484375 0.0421875 0.021875
1 0.4546875 0.81484375 0.040625 0.021875
1 0.1171875 0.8484375 0.04375 0.0203125
1 0.08046875 0.31171875 0.046875 0.025
1 0.89765625 0.97890625 0.0546875 0.0421875
1 0.55625 0.84296875 0.040625 0.0203125
1 0.5578125 0.34375 0.0421875 0.021875
1 0.15625 0.29375 0.0453125 0.021875
1 0.35859375 0.528125 0.04375 0.0265625
1 0.63046875 0.3828125 0.0421875 0.021875
1 0.83671875 0.84609375 0.040625 0.01875
1 0.86171875 0.86875 0.0453125 0.028125
1 0.8828125 0.3375 0.04375 0.0234375
1 0.95078125 0.38671875 0.0453125 0.025
1 0.12734375 0.384375 0.0453125 0.021875