4 0.96015625 0.375 0.0796875 0.10625
2 0.7453125 0.1953125 0.121875 0.0765625
4 0.45078125 0.31953125 0.0921875 0.0953125
4 0.29921875 0.85859375 0.109375 0.0828125
3 0.15859375 0.3328125 0.08125 0.071875
1 0.71484375 0.85234375 0.0421875 0.0234375
1 0.21953125 0.6 0.046875 0.03125
1 0.8484375 0.42265625 0.0453125 0.0265625
1 0.453125 0.459375 0.04375 0.0265625
1 0.61328125 0.421875 0.0421875 0.025
1 0.5421875 0.4328125 0.04375 0.0265625
1 0.6484375 0.48125 0.0453125 0.028125
1 0.69921875 0.525 0.0453125 0.0265625
1 0.32890625 0.49296875 0.04375 0.0265625
1 0.67734375 0.503125 0.0453125 0.028125
1 0.68203125 0.56015625 0.046875 0.0296875
1 0.59453125 0.52421875 0.046875 0.03125
1 0.63828125 0.3703125 0.040625 0.021875
1 0.1078125 0.51640625 0.04375 0.0265625
4 0.85078125 0.84140625 0.153125 0.1359375
1 0.41796875 0.4921875 0.04375 0.028125
1 0.56015625 0.415625 0.0421875 0.0234375
1 0.915625 0.8890625 0.05 0.0359375
1 0.72109375 0.425 0.0421875 0.025
1 0.453125 0.50078125 0.04375 0.028125
0 0.8078125 0.00546875 0.046875 0.0109375
1 0.646875 0.33046875 0.040625 0.0203125
1 0.67421875 0.37890625 0.0421875 0.0234375
1 0.25859375 0.53125 0.04375 0.028125
1 0.91640625 0.3875 0.04375 0.025
1 0.646875 0.39453125 0.0421875 0.0234375
1 0.4859375 0.42421875 0.0421875 0.025
1 0.2984375 0.44453125 0.04375 0.025
1 0.4796875 0.359375 0.0421875 0.0234375
1 0.57890625 0.346875 0.040625 0.021875
1 0.41875 0.88671875 0.0421875 0.0234375
1 0.9265625 0.36640625 0.04375 0.0234375
1 0.28515625 0.46015625 0.0421875 0.021875
1 0.18359375 0.95234375 0.05 0.0359375
1 0.42421875 0.44375 0.0421875 0.025
1 0.0484375 0.50390625 0.04375 0.025
1 0.86953125 0.3453125 0.0421875 0.021875
0 0.7484375 0.13828125 0.0421875 0.025
1 0.66171875 0.57890625 0.04375 0.0234375
1 0.36328125 0.38515625 0.040625 0.0203125
1 0.05078125 0.41875 0.0421875 0.021875
1 0.821875 0.38671875 0.0421875 0.025
1 0.5078125 0.42734375 0.04375 0.0234375
1 0.615625 0.37578125 0.0421875 0.021875
1 0.27890625 0.921875 0.046875 0.0328125
1 0.52421875 0.40546875 0.0421875 0.0234375
1 0.290625 0.4765625 0.0421875 0.025
0 0.77734375 0.0265625 0.0453125 0.028125
1 0.86640625 0.3890625 0.04375 0.025
1 0.56640625 0.37421875 0.040625 0.0203125
1 0.6265625 0.584375 0.04375 0.0203125
1 0.48203125 0.9015625 0.046875 0.0265625
1 0.37734375 0.9125 0.046875 0.025
1 0.18359375 0.60625 0.046875 0.028125
1 0.98125 0.421875 0.0375 0.025
1 0.62421875 0.5671875 0.04375 0.021875
4 0.1734375 0.40859375 0.084375 0.0796875
1 0.259375 0.9140625 0.0453125 0.0296875
2 0.22421875 0.25 0.128125 0.065625
1 0.7015625 0.503125 0.0453125 0.025
1 0.38046875 0.3796875 0.040625 0.021875
1 0.31484375 0.421875 0.0421875 0.025
1 0.24296875 0.91171875 0.046875 0.0296875
1 0.62734375 0.53125 0.0453125 0.0296875
1 0.67109375 0.3609375 0.0421875 0.0234375
1 0.24765625 0.98515625 0.0546875 0.0296875
1 0.346875 0.3984375 0.040625 0.0234375
1 0.74765625 0.85625 0.04375 0.0265625
1 0.6796875 0.53671875 0.046875 0.0265625
1 0.040625 0.46328125 0.0390625 0.021875
1 0.78828125 0.8875 0.0484375 0.0328125
1 0.39375 0.43359375 0.0421875 0.0234375
1 0.8578125 0.3015625 0.040625 0.0203125
0 0.78203125 0.09609375 0.0453125 0.028125
1 0.896875 0.35234375 0.0421875 0.021875
1 0.15390625 0.9625 0.05 0.0359375
1 0.6546875 0.5375 0.046875 0.0296875
1 0.28359375 0.44453125 0.04375 0.025
0 0.75390625 0.1234375 0.04375 0.0234375
1 0.25234375 0.5 0.04375 0.0265625
1 0.36953125 0.34296875 0.040625 0.0203125
0 0.8859375 0.01015625 0.046875 0.0203125
1 0.62265625 0.36171875 0.0421875 0.021875
1 0.075 0.4765625 0.0421875 0.021875
3 0.19765625 0.8578125 0.0796875 0.0546875
1 0.33203125 0.4359375 0.0421875 0.0234375
1 0.3796875 0.40703125 0.04375 0.021875
1 0.54140625 0.48203125 0.0421875 0.0265625
1 0.9078125 0.33984375 0.0421875 0.021875
1 0.11796875 0.365625 0.040625 0.01875
1 0.825 0.2875 0.040625 0.01875
1 0.875 0.3140625 0.0421875 0.021875
1 0.4015625 0.88671875 0.0421875 0.025
1 0.11171875 0.53984375 0.0453125 0.028125
1 0.3671875 0.403125 0.04375 0.0234375
1 0.27734375 0.47421875 0.040625 0.01875
1 0.8375 0.290625 0.040625 0.0203125
1 0.1765625 0.4390625 0.04375 0.0234375
1 0.340625 0.37109375 0.0421875 0.021875
1 0.4828125 0.32734375 0.040625 0.01875
1 0.284375 0.49453125 0.0421875 0.0234375
1 0.66484375 0.340625 0.040625 0.0203125
1 0.5390625 0.31953125 0.040625 0.0203125
0 0.2328125 0.2015625 0.04375 0.0234375
1 0.35390625 0.35625 0.0390625 0.0203125
1 0.70625 0.409375 0.0421875 0.025
1 0.70234375 0.33046875 0.0421875 0.021875
0 0.2421875 0.25625 0.04375 0.0234375
1 0.378125 0.41875 0.0421875 0.01875
0 0.80078125 0.0734375 0.0453125 0.028125
1 0.5046875 0.40234375 0.0421875 0.01875
1 0.3953125 0.3640625 0.040625 0.0203125
0 0.80859375 0.04296875 0.04375 0.0265625
1 0.63671875 0.29453125 0.0390625 0.01875
1 0.16796875 0.92109375 0.04375 0.028125
3 0.97578125 0.4984375 0.0484375 0.115625
1 0.55234375 0.484375 0.04375 0.025
1 0.43046875 0.90625 0.05 0.0296875
1 0.190625 0.9109375 0.0375 0.0203125
1 0.4125 0.90625 0.0484375 0.028125
1 0.63125 0.30546875 0.040625 0.0203125
1 0.35625 0.5515625 0.040625 0.01875
1 0.49765625 0.31796875 0.040625 0.01875
1 0.3375 0.35546875 0.040625 0.0203125
1 0.0203125 0.4328125 0.040625 0.0203125
1 0.76328125 0.821875 0.040625 0.01875
1 0.52578125 0.321875 0.040625 0.0203125
1 0.38125 0.896875 0.0421875 0.021875
1 0.51796875 0.31640625 0.040625 0.01875
1 0.578125 0.29765625 0.0390625 0.01875
0 0.23671875 0.21875 0.0421875 0.021875
1 0.5140625 0.3390625 0.0421875 0.0203125
1 0.6765625 0.97578125 0.0546875 0.028125
1 0.134375 0.36015625 0.040625 0.0203125
0 0.20859375 0.19453125 0.0421875 0.0234375
0 0.73984375 0.1265625 0.04375 0.028125
1 0.1328125 0.9 0.04375 0.025
1 0.3984375 0.38203125 0.040625 0.01875
1 0.32265625 0.40234375 0.0421875 0.0234375
1 0.596875 0.29375 0.040625 0.01875
1 0.16640625 0.6703125 0.046875 0.03125
0 0.77109375 0.0921875 0.0421875 0.0234375
1 0.3109375 0.665625 0.040625 0.015625
1 0.8171875 0.9671875 0.053125 0.021875
1 0.60703125 0.309375 0.0421875 0.0203125
1 0.56328125 0.30078125 0.040625 0.0203125
1 0.596875 0.9828125 0.0515625 0.0265625
1 0.70546875 0.815625 0.0390625 0.0171875
1 0.65 0.978125 0.0515625 0.0265625
1 0.61171875 0.60859375 0.04375 0.0234375
1 0.09609375 0.97265625 0.0515625 0.0375
1 0.86171875 0.3171875 0.0421875 0.0203125
1 0.0796875 0.3828125 0.040625 0.0203125
1 0.6140625 0.30703125 0.040625 0.01875
1 0.31953125 0.36640625 0.0421875 0.021875
1 0.49140625 0.29921875 0.040625 0.01875
1 0.61796875 0.77890625 0.04375 0.0265625
1 0.346875 0.87890625 0.04375 0.025
1 0.328125 0.3625 0.040625 0.021875
1 0.33515625 0.88125 0.0421875 0.025
1 0.096875 0.36875 0.040625 0.01875
1 0.54140625 0.29609375 0.0421875 0.0203125
1 0.91796875 0.28359375 0.0421875 0.021875
1 0.940625 0.95546875 0.0453125 0.021875
1 0.60859375 0.29375 0.040625 0.01875
1 0.3296875 0.3453125 0.0390625 0.01875
1 0.32109375 0.6578125 0.0453125 0.0296875
1 0.109375 0.95859375 0.0453125 0.0296875
1 0.46640625 0.8515625 0.0390625 0.0203125
1 0.83515625 0.27734375 0.0390625 0.015625
1 0.77421875 0.334375 0.04375 0.0265625
1 0.290625 0.32578125 0.040625 0.0203125
1 0.553125 0.29296875 0.040625 0.01875
0 0.74375 0.22265625 0.046875 0.01875
1 0.35703125 0.99453125 0.0578125 0.0109375
1 0.40859375 0.3234375 0.0390625 0.01875
1 0.18671875 0.67109375 0.0453125 0.025
1 0.15859375 0.92265625 0.0453125 0.0265625
1 0.0609375 0.3875 0.040625 0.01875
1 0.30390625 0.36953125 0.04375 0.025
1 0.4734375 0.85703125 0.0390625 0.0171875
1 0.91171875 0.79609375 0.0421875 0.021875
0 0.29921875 0.75390625 0.0390625 0.021875
1 0.2671875 0.62421875 0.040625 0.01875
1 0.79296875 0.8578125 0.040625 0.0171875
1 0.1484375 0.91796875 0.04375 0.0265625
1 0.39296875 0.3109375 0.04375 0.0203125