4 0.36875 0.3625 0.1125 0.0984375
0 0.7515625 0.225 0.04375 0.0203125
0 0.43515625 0.7546875 0.046875 0.025
4 0.446875 0.42265625 0.115625 0.115625
4 0.18125 0.91015625 0.153125 0.1296875
2 0.2109375 0.23984375 0.1234375 0.0671875
1 0.30546875 0.49609375 0.04375 0.021875
1 0.29765625 0.396875 0.04375 0.0171875
1 0.4015625 0.45859375 0.046875 0.021875
1 0.646875 0.3421875 0.0421875 0.01875
1 0.3609375 0.571875 0.0484375 0.028125
1 0.6390625 0.44140625 0.0453125 0.021875
1 0.60859375 0.4546875 0.0453125 0.0203125
1 0.32109375 0.36796875 0.04375 0.0171875
1 0.59609375 0.365625 0.04375 0.01875
1 0.56015625 0.84375 0.0421875 0.0140625
1 0.84296875 0.5359375 0.0484375 0.025
3 0.4796875 0.3328125 0.0890625 0.0765625
1 0.37421875 0.5421875 0.0484375 0.025
1 0.65625 0.35859375 0.0421875 0.015625
1 0.35859375 0.8171875 0.0453125 0.021875
1 0.29609375 0.409375 0.0421875 0.0125
2 0.7328125 0.2109375 0.1265625 0.053125
1 0.8453125 0.56015625 0.046875 0.015625
1 0.49375 0.4296875 0.0453125 0.0203125
1 0.6703125 0.38984375 0.0421875 0.0171875
1 0.59921875 0.4796875 0.046875 0.021875
3 0.5484375 0.39140625 0.1390625 0.15
1 0.31015625 0.41796875 0.04375 0.015625
1 0.5078125 0.4234375 0.04375 0.01875
1 0.64921875 0.41953125 0.046875 0.0234375
1 0.6234375 0.3671875 0.04375 0.015625
1 0.66328125 0.3984375 0.04375 0.01875
0 0.021875 0.08984375 0.04375 0.0171875
1 0.41875 0.371875 0.04375 0.0171875
1 0.33984375 0.40703125 0.0453125 0.01875
1 0.3515625 0.4921875 0.04375 0.015625
1 0.30546875 0.45546875 0.0453125 0.01875
1 0.37578125 0.4921875 0.0453125 0.015625
1 0.3578125 0.50625 0.0453125 0.0171875
1 0.3015625 0.4375 0.046875 0.0203125