4 0.446875 0.3640625 0.0984375 0.0953125
2 0.24296875 0.20546875 0.1 0.0640625
1 0.88046875 0.44921875 0.0234375 0.015625
4 0.5890625 0.31328125 0.0703125 0.08125
1 0.246875 0.48203125 0.025 0.0203125
0 0.78046875 0.20859375 0.0234375 0.0171875
1 0.5453125 0.3921875 0.0234375 0.0171875
1 0.60546875 0.8765625 0.0234375 0.0171875
0 0.28515625 0.20703125 0.025 0.0203125
1 0.6984375 0.4140625 0.0234375 0.0171875
1 0.5234375 0.3734375 0.021875 0.015625
1 0.33828125 0.86015625 0.0234375 0.01875
1 0.19453125 0.91796875 0.03125 0.0328125
1 0.66328125 0.38046875 0.021875 0.015625
1 0.32109375 0.409375 0.0234375 0.015625
1 0.071875 0.37578125 0.025 0.01875
1 0.3109375 0.3609375 0.025 0.01875
1 0.93359375 0.45234375 0.0234375 0.015625
1 0.16875 0.88828125 0.028125 0.0234375
1 0.90703125 0.54375 0.0265625 0.021875
1 0.659375 0.86484375 0.021875 0.015625
1 0.6859375 0.496875 0.025 0.0203125
1 0.61328125 0.38046875 0.0234375 0.0171875
1 0.9875 0.59296875 0.025 0.0203125
1 0.640625 0.87421875 0.0234375 0.0171875
3 0.9765625 0.47890625 0.046875 0.0859375
1 0.25703125 0.88671875 0.0265625 0.01875
1 0.29296875 0.43359375 0.0234375 0.0171875
1 0.053125 0.40078125 0.025 0.01875
1 0.89921875 0.42265625 0.021875 0.015625
1 0.13828125 0.3359375 0.021875 0.015625
1 0.32734375 0.38046875 0.021875 0.0171875
1 0.9609375 0.46953125 0.0234375 0.0171875
1 0.2328125 0.9203125 0.03125 0.0328125
3 0.7703125 0.89375 0.1515625 0.153125
0 0.71796875 0.7375 0.0203125 0.015625
0 0.79375 0.23984375 0.0234375 0.0203125
1 0.896875 0.45546875 0.0234375 0.0171875
1 0.83671875 0.36796875 0.021875 0.0140625
1 0.79921875 0.440625 0.0203125 0.015625
0 0.75625 0.20390625 0.021875 0.015625
1 0.103125 0.3296875 0.021875 0.015625
0 0.8 0.16328125 0.0234375 0.01875
1 0.91171875 0.46328125 0.0234375 0.0171875
1 0.34296875 0.33515625 0.0234375 0.015625
1 0.97734375 0.4453125 0.021875 0.015625
1 0.41171875 0.29765625 0.0203125 0.0140625
1 0.34296875 0.36484375 0.0234375 0.015625
1 0.56875 0.9015625 0.0265625 0.0203125
1 0.665625 0.31015625 0.0203125 0.0125
1 0.04140625 0.4390625 0.025 0.01875
1 0.12109375 0.9015625 0.028125 0.0265625
1 0.71796875 0.65859375 0.025 0.0171875
1 0.03828125 0.35390625 0.021875 0.015625
1 0.8 0.46484375 0.0234375 0.01875
0 0.71953125 0.76953125 0.0203125 0.0140625
0 0.78984375 0.159375 0.025 0.01875
1 0.925 0.43828125 0.025 0.0171875
1 0.81640625 0.34609375 0.01875 0.0125
1 0.55625 0.33828125 0.0203125 0.0140625
1 0.02578125 0.3953125 0.0265625 0.021875
1 0.63828125 0.3140625 0.0203125 0.0125
1 0.39609375 0.33515625 0.025 0.01875
1 0.86640625 0.35390625 0.021875 0.0140625
0 0.42109375 0.178125 0.025 0.0203125
1 0.92578125 0.98984375 0.0359375 0.0203125
1 0.54609375 0.8453125 0.01875 0.0109375
1 0.71953125 0.35 0.025 0.0171875
0 0.3515625 0.16484375 0.0265625 0.021875
1 0.625 0.32421875 0.0203125 0.0125
1 0.87890625 0.36796875 0.021875 0.0140625
1 0.1015625 0.87890625 0.0265625 0.021875
0 0.78359375 0.25234375 0.0234375 0.015625
1 0.27890625 0.33671875 0.028125 0.021875
1 0.8953125 0.36015625 0.021875 0.015625
1 0.93984375 0.4015625 0.021875 0.015625
1 0.071875 0.3234375 0.021875 0.015625
1 0.98046875 0.41484375 0.0234375 0.015625
1 0.3765625 0.3453125 0.021875 0.015625
1 0.16328125 0.83984375 0.0203125 0.0140625
1 0.24140625 0.8390625 0.0203125 0.0125
1 0.91484375 0.403125 0.021875 0.0140625
1 0.3015625 0.4171875 0.0234375 0.01875
1 0.6109375 0.39921875 0.021875 0.0140625
1 0.1921875 0.4140625 0.0203125 0.0140625
1 0.01484375 0.384375 0.025 0.015625
1 0.1265625 0.32734375 0.021875 0.0140625
1 0.0921875 0.31953125 0.0203125 0.0140625
1 0.0125 0.35234375 0.021875 0.015625
1 0.359375 0.32421875 0.021875 0.0140625
1 0.18203125 0.28125 0.0203125 0.0125
1 0.0078125 0.42109375 0.015625 0.0171875
1 0.81875 0.33046875 0.01875 0.0125
1 0.34921875 0.32265625 0.025 0.015625
1 0.14453125 0.29921875 0.021875 0.0140625
3 0.42421875 0.8125 0.0546875 0.0546875
1 0.91640625 0.95078125 0.028125 0.0296875
1 0.05625 0.37734375 0.0265625 0.01875
1 0.05625 0.35390625 0.021875 0.015625
1 0.85546875 0.9 0.025 0.01875
0 0.709375 0.75703125 0.0203125 0.0140625
1 0.171875 0.3046875 0.021875 0.0140625
1 0.17578125 0.86953125 0.0234375 0.015625
1 0.15859375 0.8625 0.0234375 0.015625
1 0.10078125 0.853125 0.0234375 0.015625
1 0.3640625 0.34140625 0.0234375 0.0171875
1 0.165625 0.28359375 0.0234375 0.0140625
1 0.0546875 0.90390625 0.0265625 0.0234375
1 0.18828125 0.834375 0.0203125 0.0125
1 0.13359375 0.88359375 0.0265625 0.0234375
1 0.11796875 0.32578125 0.021875 0.0140625
0 0.5828125 0.25 0.0234375 0.0171875
1 0.1359375 0.8390625 0.0203125 0.0140625
1 0.87890625 0.43671875 0.0234375 0.0125
2 0.7671875 0.23828125 0.103125 0.05625
1 0.0359375 0.90859375 0.028125 0.021875
0 0.72890625 0.24453125 0.021875 0.0109375
1 0.06953125 0.8796875 0.025 0.01875
1 0.9140625 0.38828125 0.021875 0.0140625
1 0.08984375 0.86796875 0.025 0.01875
1 0.5625 0.325 0.0203125 0.0125
1 0.71796875 0.9953125 0.0359375 0.009375
1 0.5640625 0.84609375 0.01875 0.0109375
1 0.41484375 0.90078125 0.0203125 0.0109375
1 0.34765625 0.30703125 0.021875 0.0140625
1 0.3859375 0.29296875 0.021875 0.0125
1 0.7125 0.38125 0.021875 0.0140625
1 0.8671875 0.325 0.0203125 0.0125
1 0.45625 0.29453125 0.0203125 0.0125
1 0.05390625 0.325 0.021875 0.0125
1 0.95625 0.40625 0.021875 0.0125
0 0.72578125 0.8015625 0.021875 0.0171875
1 0.11953125 0.87421875 0.0265625 0.015625
1 0.14375 0.28046875 0.021875 0.0125
1 0.86953125 0.88359375 0.021875 0.015625
1 0.95234375 0.39375 0.0203125 0.0140625
1 0.928125 0.9515625 0.028125 0.025
1 0.34140625 0.29140625 0.0203125 0.0125
0 0.715625 0.80546875 0.01875 0.0125
1 0.67890625 0.99453125 0.0328125 0.0109375
0 0.80703125 0.2890625 0.025 0.0171875
0 0.415625 0.7546875 0.0234375 0.015625
1 0.08984375 0.85078125 0.021875 0.0125
1 0.0390625 0.88359375 0.025 0.015625
1 0.02265625 0.9640625 0.03125 0.025
1 0.1328125 0.30390625 0.0234375 0.0140625
1 0.9 0.88828125 0.0203125 0.0140625
1 0.91015625 0.421875 0.025 0.015625
1 0.93515625 0.378125 0.021875 0.0140625
1 0.15703125 0.28203125 0.021875 0.0140625
1 0.859375 0.875 0.0234375 0.0140625
1 0.1265625 0.3140625 0.021875 0.0109375
1 0.14765625 0.8734375 0.021875 0.0140625
0 0.7046875 0.71875 0.0203125 0.0125
1 0.13359375 0.865625 0.0234375 0.0125
1 0.034375 0.32734375 0.021875 0.0125
1 0.05625 0.4890625 0.028125 0.0265625