3 0.15 0.4015625 0.07890625 0.08984375
3 0.334375 0.8546875 0.071875 0.0828125
2 0.77265625 0.22109375 0.0859375 0.059375
4 0.26328125 0.83515625 0.0453125 0.04921875
1 0.1203125 0.57890625 0.0125 0.01875
4 0.7625 0.84921875 0.0859375 0.0921875
1 0.2578125 0.58125 0.01328125 0.01953125
1 0.02109375 0.44765625 0.0109375 0.01796875
1 0.2734375 0.55703125 0.0125 0.021875
1 0.3453125 0.4796875 0.01015625 0.01796875
1 0.3234375 0.45703125 0.01015625 0.01640625
2 0.24765625 0.22734375 0.090625 0.0484375
1 0.54609375 0.43046875 0.01015625 0.01640625
1 0.33359375 0.45546875 0.01015625 0.01796875
1 0.3234375 0.47734375 0.0109375 0.0171875
1 0.19453125 0.57890625 0.01171875 0.0171875
4 0.92265625 0.45859375 0.109375 0.11484375
1 0.08203125 0.42109375 0.009375 0.01484375
1 0.39765625 0.4671875 0.0109375 0.0171875
1 0.228125 0.565625 0.0125 0.02109375
1 0.45703125 0.88125 0.00859375 0.0171875
1 0.72890625 0.56015625 0.0125 0.02265625
1 0.5984375 0.49765625 0.01171875 0.0203125
1 0.62578125 0.58984375 0.0125 0.01875
1 0.06796875 0.64453125 0.01484375 0.0203125
1 0.41953125 0.5046875 0.0109375 0.01875
1 0.109375 0.915625 0.01484375 0.02578125
1 0.059375 0.421875 0.0109375 0.015625
1 0.5828125 0.509375 0.0125 0.0203125
1 0.20625 0.92578125 0.015625 0.0265625
1 0.26953125 0.5 0.01171875 0.02109375
1 0.73359375 0.49921875 0.0109375 0.0203125
1 0.43359375 0.5 0.0125 0.01953125
1 0.05625 0.4390625 0.0109375 0.0171875
1 0.1078125 0.97421875 0.0203125 0.0390625
1 0.2859375 0.4546875 0.009375 0.015625
1 0.4578125 0.5234375 0.01015625 0.021875
1 0.96015625 0.39296875 0.0109375 0.015625
1 0.590625 0.453125 0.01015625 0.0171875
1 0.76015625 0.5109375 0.01171875 0.02109375
1 0.615625 0.43671875 0.01015625 0.0171875
1 0.5359375 0.34296875 0.0078125 0.01328125
1 0.30703125 0.41640625 0.009375 0.015625
1 0.34765625 0.34609375 0.01015625 0.0171875
1 0.1875 0.56484375 0.0125 0.0203125
1 0.23828125 0.5515625 0.0125 0.02109375
1 0.6296875 0.5625 0.01171875 0.0203125
1 0.38125 0.62890625 0.01328125 0.01953125
1 0.18828125 0.3578125 0.00859375 0.0140625
1 0.2359375 0.89375 0.01171875 0.01953125
1 0.19296875 0.3828125 0.009375 0.0171875
1 0.5765625 0.39453125 0.009375 0.01640625
4 0.88828125 0.37890625 0.06484375 0.0875
1 0.75625 0.553125 0.01328125 0.02109375
1 0.165625 0.91953125 0.01328125 0.02421875
1 0.45625 0.4515625 0.0109375 0.01640625
1 0.38515625 0.33984375 0.0078125 0.0125
1 0.31015625 0.4734375 0.01171875 0.01875
1 0.1484375 0.34296875 0.0078125 0.0125
1 0.70546875 0.53671875 0.0125 0.02109375
1 0.3484375 0.38125 0.01015625 0.0140625
1 0.321875 0.43828125 0.01015625 0.0171875
1 0.97578125 0.4046875 0.0109375 0.015625
1 0.553125 0.3421875 0.0078125 0.0140625
4 0.64765625 0.86015625 0.1078125 0.11171875
1 0.7390625 0.5234375 0.0125 0.0203125
1 0.61171875 0.3921875 0.01015625 0.01484375
1 0.1625 0.9578125 0.01953125 0.034375
1 0.4 0.50078125 0.0109375 0.01875
1 0.48125 0.33671875 0.0078125 0.0140625
1 0.4296875 0.478125 0.01171875 0.0171875
1 0.4640625 0.34921875 0.0078125 0.01171875
1 0.65390625 0.325 0.00703125 0.0140625
1 0.5703125 0.33125 0.0078125 0.01328125
1 0.31875 0.3890625 0.00859375 0.015625
1 0.2765625 0.46484375 0.009375 0.015625
1 0.515625 0.434375 0.00859375 0.015625
1 0.14375 0.99609375 0.0109375 0.00625
1 0.2328125 0.628125 0.0125 0.02265625
1 0.99140625 0.4 0.01171875 0.01484375
1 0.6046875 0.440625 0.0109375 0.0171875
1 0.3578125 0.378125 0.009375 0.01484375
1 0.509375 0.31875 0.009375 0.0140625
1 0.34453125 0.36875 0.009375 0.0125
1 0.375 0.3703125 0.01015625 0.0140625
1 0.4453125 0.48671875 0.01171875 0.0171875
1 0.63984375 0.3796875 0.01015625 0.015625
1 0.853125 0.88671875 0.00859375 0.02109375
1 0.21015625 0.89765625 0.01171875 0.01953125
1 0.4234375 0.3390625 0.009375 0.01328125
1 0.53203125 0.32421875 0.0078125 0.0140625
1 0.51171875 0.4515625 0.0109375 0.01640625
1 0.415625 0.48203125 0.0109375 0.0171875
1 0.6015625 0.6359375 0.01328125 0.02421875
1 0.903125 0.309375 0.0078125 0.01328125
1 0.69765625 0.40234375 0.009375 0.01484375
1 0.6 0.38203125 0.009375 0.0140625
1 0.35859375 0.346875 0.00859375 0.0140625
1 0.02265625 0.39609375 0.009375 0.015625
1 0.615625 0.37890625 0.00859375 0.01484375
1 0.58515625 0.34296875 0.0078125 0.01484375
1 0.76484375 0.54375 0.009375 0.015625
1 0.68359375 0.6296875 0.01328125 0.01875
1 0.434375 0.4078125 0.0140625 0.01953125
1 0.44375 0.325 0.00703125 0.0125
1 0.57890625 0.3609375 0.0078125 0.01484375
1 0.46875 0.30859375 0.0078125 0.01328125
1 0.65625 0.61640625 0.01328125 0.01640625
1 0.38828125 0.35859375 0.0109375 0.01796875
1 0.503125 0.371875 0.0078125 0.01328125
1 0.46875 0.45078125 0.01015625 0.015625
1 0.11171875 0.36796875 0.01015625 0.0140625
1 0.4109375 0.3640625 0.01171875 0.0203125
1 0.59296875 0.42578125 0.009375 0.01796875
1 0.71328125 0.521875 0.01171875 0.0203125
1 0.44765625 0.415625 0.01171875 0.0171875
1 0.1515625 0.92734375 0.01640625 0.02734375
1 0.51484375 0.36484375 0.00859375 0.0125
1 0.5609375 0.334375 0.0078125 0.01484375
1 0.078125 0.38125 0.01015625 0.01640625
1 0.59140625 0.87890625 0.01015625 0.01796875
1 0.44609375 0.46953125 0.0109375 0.0140625
1 0.40078125 0.4390625 0.009375 0.01796875
1 0.11875 0.34609375 0.00859375 0.01328125
1 0.43671875 0.30390625 0.00859375 0.0125
1 0.1734375 0.640625 0.0140625 0.0234375
1 0.12578125 0.64375 0.01328125 0.01875
1 0.43203125 0.4578125 0.009375 0.0140625
1 0.62265625 0.3359375 0.009375 0.0140625
1 0.60625 0.3734375 0.00859375 0.0140625
1 0.1578125 0.31015625 0.00703125 0.01015625
1 0.52109375 0.40390625 0.01015625 0.015625
1 0.6765625 0.64453125 0.0125 0.0125
1 0.6328125 0.37265625 0.00859375 0.0140625
1 0.63203125 0.296875 0.009375 0.0125
1 0.5515625 0.89296875 0.01328125 0.01640625
1 0.8875 0.89765625 0.0125 0.01953125
1 0.5578125 0.3140625 0.00859375 0.0125
1 0.34140625 0.30546875 0.00703125 0.01171875
1 0.40390625 0.3203125 0.00703125 0.0125
1 0.23828125 0.60859375 0.0125 0.01640625
1 0.31640625 0.40625 0.00703125 0.0140625
1 0.6859375 0.38828125 0.009375 0.0171875
1 0.1015625 0.646875 0.0109375 0.015625
1 0.48984375 0.31640625 0.00859375 0.0140625
1 0.92890625 0.390625 0.0109375 0.015625
1 0.48515625 0.353125 0.0109375 0.01484375
1 0.2625 0.85546875 0.0109375 0.0125
1 0.51015625 0.35390625 0.00859375 0.01328125
1 0.87734375 0.89921875 0.0109375 0.01953125
1 0.184375 0.3078125 0.0078125 0.01328125
1 0.57734375 0.3828125 0.009375 0.0109375
1 0.396875 0.30703125 0.00703125 0.0109375
1 0.9875 0.37265625 0.0109375 0.0140625
1 0.16484375 0.3546875 0.0078125 0.009375
1 0.003125 0.64453125 0.00625 0.0203125
1 0.17578125 0.31640625 0.009375 0.01171875
1 0.21171875 0.88203125 0.009375 0.0125
1 0.44609375 0.35859375 0.01171875 0.01875
1 0.43359375 0.3390625 0.0078125 0.0125
1 0.57734375 0.309375 0.0078125 0.01484375
1 0.55 0.3265625 0.01015625 0.01328125
1 0.3265625 0.36484375 0.009375 0.01328125
1 0.925 0.325 0.009375 0.0171875
1 0.409375 0.62265625 0.01171875 0.02109375
1 0.5265625 0.46015625 0.0125 0.0140625
1 0.15 0.33125 0.00859375 0.01328125
1 0.64921875 0.296875 0.00859375 0.0109375
1 0.4859375 0.36796875 0.01171875 0.01640625
1 0.8828125 0.88046875 0.01015625 0.01171875
1 0.91875 0.94140625 0.015625 0.021875
1 0.1359375 0.33359375 0.009375 0.01328125
1 0.5078125 0.41796875 0.01171875 0.01796875
1 0.59140625 0.29921875 0.0078125 0.01171875
1 0.59921875 0.29765625 0.00859375 0.0125
1 0.234375 0.86015625 0.0078125 0.0109375
1 0.353125 0.36875 0.00859375 0.01328125
1 0.18984375 0.646875 0.0078125 0.01171875
1 0.42421875 0.35390625 0.009375 0.0140625
1 0.59140625 0.440625 0.01015625 0.01171875
1 0.9390625 0.3296875 0.009375 0.0140625
1 0.90546875 0.51875 0.0078125 0.0140625
1 0.0578125 0.38515625 0.0109375 0.01640625
1 0.40703125 0.465625 0.009375 0.01484375
1 0.1265625 0.34140625 0.00859375 0.01328125
1 0.36796875 0.303125 0.00703125 0.0109375
1 0.06875 0.3890625 0.009375 0.01484375
1 0.86953125 0.87734375 0.0078125 0.0109375
1 0.003125 0.56796875 0.00625 0.01328125
1 0.20625 0.8453125 0.0078125 0.0109375
1 0.45078125 0.34140625 0.009375 0.01171875
1 0.2625 0.98359375 0.01953125 0.0328125
1 0.5171875 0.3515625 0.01015625 0.015625
1 0.4859375 0.2953125 0.0078125 0.0109375
1 0.45546875 0.3046875 0.00859375 0.0109375
1 0.78203125 0.646875 0.0125 0.0125
1 0.52109375 0.2953125 0.0078125 0.0109375
1 0.49609375 0.35390625 0.009375 0.0140625