2 0.2296875 0.2203125 0.1046875 0.059375
4 0.24921875 0.53515625 0.1203125 0.134375
1 0.31640625 0.4515625 0.03125 0.01875
1 0.90546875 0.4546875 0.0296875 0.0171875
1 0.4625 0.43515625 0.0296875 0.01875
1 0.65390625 0.575 0.0328125 0.025
1 0.2734375 0.4453125 0.03125 0.0171875
1 0.36875 0.47890625 0.03125 0.01875
1 0.89296875 0.4828125 0.0328125 0.01875
1 0.89140625 0.5046875 0.0328125 0.01875
1 0.93203125 0.45703125 0.0296875 0.01875
1 0.6578125 0.89375 0.0328125 0.021875
1 0.6140625 0.384375 0.0296875 0.015625
1 0.4046875 0.5234375 0.0328125 0.021875
1 0.65546875 0.42109375 0.0296875 0.015625
1 0.09296875 0.4796875 0.0296875 0.015625
1 0.90625 0.54453125 0.034375 0.021875
1 0.66796875 0.546875 0.0328125 0.021875
3 0.03515625 0.534375 0.0703125 0.13125
1 0.42890625 0.35625 0.0296875 0.0140625
1 0.64296875 0.896875 0.0328125 0.0203125
1 0.54453125 0.50546875 0.0328125 0.021875
1 0.34375 0.534375 0.0328125 0.0171875
1 0.01796875 0.446875 0.0328125 0.01875
0 0.7890625 0.18046875 0.0296875 0.015625
1 0.37421875 0.45546875 0.03125 0.01875
1 0.39609375 0.88984375 0.0328125 0.025
1 0.03125 0.40078125 0.03125 0.0171875
1 0.2734375 0.8890625 0.0328125 0.0203125
1 0.27421875 0.40390625 0.0328125 0.01875
1 0.34453125 0.46171875 0.03125 0.01875
4 0.728125 0.83125 0.1015625 0.0734375
1 0.66953125 0.44609375 0.0296875 0.01875
1 0.753125 0.8953125 0.0328125 0.021875
1 0.05625 0.4 0.03125 0.015625
1 0.90546875 0.49609375 0.03125 0.0171875
0 0.79375 0.20859375 0.0296875 0.0140625
1 0.725 0.89140625 0.0328125 0.0203125
1 0.65234375 0.51015625 0.03125 0.01875
1 0.32421875 0.54375 0.0328125 0.01875
1 0.353125 0.49765625 0.0328125 0.021875
1 0.5015625 0.3828125 0.0296875 0.015625
1 0.865625 0.88125 0.0296875 0.01875
1 0.68359375 0.540625 0.0328125 0.0203125
1 0.91796875 0.41953125 0.0296875 0.015625
1 0.6421875 0.51875 0.0328125 0.021875
1 0.55078125 0.41640625 0.0296875 0.0171875
1 0.11171875 0.4015625 0.03125 0.015625
1 0.32109375 0.4171875 0.0296875 0.015625
1 0.315625 0.39453125 0.0296875 0.015625
1 0.43828125 0.4296875 0.03125 0.015625
1 0.41796875 0.40390625 0.0296875 0.015625
1 0.115625 0.35703125 0.0296875 0.015625
1 0.43359375 0.4046875 0.0296875 0.015625
2 0.75390625 0.225 0.1140625 0.046875
1 0.246875 0.9140625 0.034375 0.0265625
1 0.8203125 0.3890625 0.028125 0.0125
1 0.1328125 0.91796875 0.034375 0.025
1 0.10703125 0.37734375 0.0296875 0.015625
1 0.375 0.5203125 0.0328125 0.021875
1 0.79453125 0.96953125 0.040625 0.0390625
1 0.39765625 0.45625 0.0296875 0.015625
1 0.91484375 0.51796875 0.0328125 0.0203125
1 0.553125 0.8984375 0.0328125 0.01875
1 0.4265625 0.5421875 0.0328125 0.021875
1 0.15625 0.30625 0.0296875 0.0125
1 0.63359375 0.8765625 0.0296875 0.01875
1 0.64921875 0.38046875 0.0296875 0.015625
1 0.6734375 0.4234375 0.0296875 0.015625
1 0.0125 0.4640625 0.025 0.01875
1 0.3671875 0.89453125 0.03125 0.0171875
1 0.6515625 0.62578125 0.034375 0.021875
4 0.09375 0.84453125 0.0859375 0.071875
1 0.0734375 0.38125 0.0296875 0.015625
1 0.11875 0.37734375 0.0296875 0.015625
1 0.29765625 0.59765625 0.03125 0.0140625
1 0.39609375 0.39609375 0.0296875 0.015625
1 0.5171875 0.39921875 0.0296875 0.0171875
1 0.33515625 0.34375 0.0296875 0.015625
1 0.68125 0.39765625 0.0296875 0.015625
1 0.20625 0.903125 0.034375 0.025
1 0.26875 0.62421875 0.034375 0.021875
1 0.1703125 0.88046875 0.0296875 0.0171875
1 0.96015625 0.421875 0.0296875 0.0171875
1 0.34921875 0.55078125 0.0328125 0.021875
1 0.503125 0.36484375 0.0296875 0.015625
1 0.665625 0.37109375 0.0296875 0.0140625
1 0.38359375 0.38125 0.0296875 0.015625
1 0.4640625 0.30390625 0.0296875 0.0140625
0 0.76484375 0.753125 0.0296875 0.015625
1 0.8203125 0.62578125 0.034375 0.025
1 0.89921875 0.40703125 0.03125 0.015625
1 0.68125 0.5890625 0.03125 0.0125
1 0.39921875 0.478125 0.03125 0.01875
1 0.34609375 0.40546875 0.03125 0.0171875
1 0.11484375 0.903125 0.0328125 0.021875
3 0.784375 0.8328125 0.0703125 0.0609375
1 0.0140625 0.40625 0.028125 0.021875
1 0.4453125 0.32265625 0.028125 0.0140625
1 0.36484375 0.8765625 0.0359375 0.025
1 0.29765625 0.37890625 0.0296875 0.015625
1 0.12578125 0.30078125 0.0296875 0.0125
1 0.84765625 0.640625 0.034375 0.025
1 0.72265625 0.609375 0.0328125 0.01875
1 0.40703125 0.4375 0.0296875 0.0171875
1 0.68515625 0.86484375 0.0296875 0.01875
1 0.265625 0.64609375 0.0296875 0.0125
1 0.265625 0.84375 0.0296875 0.0125
1 0.67109375 0.6265625 0.034375 0.021875
1 0.60546875 0.8984375 0.0390625 0.021875
1 0.8578125 0.32890625 0.028125 0.0125
1 0.878125 0.86875 0.0296875 0.015625
1 0.21484375 0.85234375 0.0296875 0.0125
1 0.1671875 0.30078125 0.028125 0.0125
1 0.4140625 0.31015625 0.028125 0.0125
1 0.21796875 0.90078125 0.0328125 0.021875
1 0.6671875 0.39296875 0.0296875 0.0140625
1 0.3875 0.39921875 0.03125 0.015625
1 0.88671875 0.3984375 0.03125 0.015625
1 0.3359375 0.39921875 0.0296875 0.015625
1 0.125 0.3375 0.0296875 0.0140625
1 0.89453125 0.38515625 0.028125 0.0125
1 0.6734375 0.5234375 0.0296875 0.0171875
1 0.18515625 0.86953125 0.0296875 0.015625
1 0.08125 0.37578125 0.0296875 0.015625
4 0.021875 0.359375 0.04375 0.08125
1 0.8359375 0.87265625 0.0296875 0.0171875
0 0.78515625 0.15078125 0.0296875 0.015625
1 0.14765625 0.884375 0.0296875 0.01875
1 0.1484375 0.85390625 0.0265625 0.0125
1 0.39765625 0.42734375 0.0296875 0.015625
1 0.35234375 0.315625 0.028125 0.0125
1 0.1609375 0.98984375 0.0421875 0.01875
1 0.9296875 0.9234375 0.0328125 0.025
1 0.6578125 0.3828125 0.0296875 0.015625
0 0.7671875 0.7140625 0.0296875 0.015625
1 0.965625 0.390625 0.0296875 0.0140625
1 0.28671875 0.346875 0.03125 0.0171875
1 0.20234375 0.86796875 0.0296875 0.015625
1 0.103125 0.30703125 0.0296875 0.0140625
1 0.471875 0.340625 0.0296875 0.0140625
1 0.540625 0.84296875 0.028125 0.0125
1 0.075 0.440625 0.0296875 0.015625
1 0.82109375 0.59296875 0.0296875 0.0109375
1 0.37734375 0.3953125 0.0296875 0.0140625
1 0.44140625 0.30078125 0.0296875 0.0140625
1 0.946875 0.39296875 0.0265625 0.0125
1 0.29921875 0.4234375 0.0296875 0.0171875
1 0.7828125 0.85625 0.0296875 0.0125
1 0.37109375 0.38125 0.0296875 0.015625
1 0.4828125 0.31875 0.028125 0.0125
1 0.01015625 0.446875 0.0203125 0.015625
1 0.65859375 0.4046875 0.0296875 0.0125
1 0.29765625 0.30859375 0.0296875 0.015625
1 0.81875 0.8734375 0.0296875 0.01875
1 0.15859375 0.87265625 0.0296875 0.015625
1 0.934375 0.3984375 0.0296875 0.015625
1 0.40078125 0.31796875 0.0296875 0.0125
1 0.32734375 0.615625 0.0296875 0.0125
1 0.35859375 0.37734375 0.0296875 0.015625
1 0.56015625 0.85 0.0296875 0.0125
1 0.34375 0.37890625 0.0265625 0.0125
1 0.740625 0.8640625 0.0296875 0.015625
1 0.78828125 0.6484375 0.0296875 0.0125
1 0.4203125 0.425 0.0328125 0.01875
1 0.5375 0.3046875 0.0296875 0.0125
1 0.09765625 0.31484375 0.0265625 0.0125
1 0.94140625 0.3796875 0.0296875 0.0140625
1 0.90859375 0.39765625 0.0296875 0.015625
1 0.359375 0.32578125 0.0296875 0.0125
1 0.7734375 0.63984375 0.0328125 0.021875
1 0.1703125 0.8640625 0.0296875 0.0125
1 0.42890625 0.7828125 0.028125 0.0140625
1 0.4359375 0.56484375 0.0296875 0.0125
1 0.009375 0.64453125 0.01875 0.0234375
1 0.88515625 0.5328125 0.0296875 0.0125
1 0.5828125 0.3671875 0.0265625 0.0125
1 0.3265625 0.35546875 0.0296875 0.0125
1 0.5296875 0.29609375 0.028125 0.0125
1 0.80859375 0.878125 0.03125 0.021875
1 0.06484375 0.9046875 0.0328125 0.0203125
1 0.703125 0.64921875 0.028125 0.009375
1 0.90625 0.86953125 0.028125 0.015625
1 0.371875 0.36953125 0.028125 0.0109375
1 0.896875 0.34140625 0.0296875 0.0125
1 0.58359375 0.8484375 0.028125 0.0125
1 0.39296875 0.28359375 0.0265625 0.0125
1 0.08828125 0.91015625 0.0328125 0.025
1 0.40625 0.42265625 0.0296875 0.0140625
1 0.371875 0.8109375 0.0328125 0.021875
1 0.32734375 0.6 0.0296875 0.009375
1 0.57265625 0.35 0.0296875 0.0125
0 0.771875 0.1234375 0.0296875 0.0125
1 0.546875 0.2984375 0.0296875 0.0125
1 0.834375 0.3140625 0.0265625 0.0125
1 0.90859375 0.34609375 0.0296875 0.0125
0 0.39140625 0.9890625 0.040625 0.021875
1 0.55234375 0.83671875 0.0296875 0.0125
1 0.84765625 0.32265625 0.0296875 0.0140625
1 0.4359375 0.79453125 0.028125 0.0125
1 0.76328125 0.590625 0.0265625 0.0125
1 0.3484375 0.36875 0.03125 0.0140625
1 0.92421875 0.39921875 0.0296875 0.015625
1 0.05390625 0.903125 0.03125 0.021875
1 0.428125 0.8171875 0.028125 0.009375
0 0.22421875 0.234375 0.0390625 0.021875
1 0.88984375 0.33359375 0.028125 0.0125
1 0.11875 0.88359375 0.0296875 0.0140625
1 0.31796875 0.35546875 0.0296875 0.0125
1 0.55703125 0.3875 0.0265625 0.0125