4 0.07421875 0.34453125 0.11875 0.0953125
2 0.22421875 0.22578125 0.11875 0.0515625
3 0.89609375 0.86953125 0.1296875 0.121875
1 0.0171875 0.43203125 0.034375 0.0109375
1 0.11640625 0.43671875 0.0390625 0.009375
4 0.80234375 0.82109375 0.075 0.0390625
1 0.7046875 0.4859375 0.0390625 0.0078125
1 0.8296875 0.55546875 0.0421875 0.015625
4 0.57890625 0.34609375 0.109375 0.0734375
1 0.2984375 0.88359375 0.040625 0.0125
1 0.38046875 0.45 0.0390625 0.0109375
3 0.75859375 0.81875 0.08125 0.046875
0 0.75703125 0.1859375 0.0390625 0.009375
1 0.55546875 0.44140625 0.0390625 0.0109375
1 0.428125 0.4515625 0.0390625 0.0125
1 0.47734375 0.44453125 0.0390625 0.0109375
1 0.77734375 0.86484375 0.0359375 0.0078125
1 0.44140625 0.53515625 0.040625 0.0140625
0 0.77734375 0.17421875 0.0390625 0.009375
1 0.35546875 0.45 0.0390625 0.0109375
1 0.73828125 0.52734375 0.040625 0.0109375
1 0.15703125 0.4328125 0.0390625 0.0109375
1 0.4546875 0.41875 0.0375 0.0078125
1 0.53046875 0.52265625 0.040625 0.015625
1 0.60625 0.41640625 0.0375 0.0078125
1 0.63984375 0.490625 0.0390625 0.0125
4 0.16796875 0.84921875 0.0765625 0.0625
1 0.4578125 0.45 0.0390625 0.0109375
1 0.65 0.37890625 0.0375 0.0078125
1 0.9421875 0.42265625 0.0390625 0.0078125
1 0.4140625 0.42265625 0.0390625 0.009375
1 0.2765625 0.515625 0.040625 0.0140625
1 0.85390625 0.3921875 0.0375 0.009375
1 0.9546875 0.43828125 0.040625 0.0140625
1 0.503125 0.39453125 0.0375 0.0078125
1 0.4140625 0.32265625 0.0359375 0.00625
1 0.38125 0.88828125 0.040625 0.0140625
0 0.76484375 0.16640625 0.0375 0.009375
1 0.62734375 0.40078125 0.0375 0.0078125
1 0.41953125 0.36953125 0.0375 0.0078125
1 0.8125 0.8890625 0.040625 0.0140625
1 0.33671875 0.43046875 0.0375 0.0109375
1 0.709375 0.4640625 0.040625 0.0109375
1 0.59765625 0.4328125 0.0390625 0.009375
1 0.3390625 0.38671875 0.0375 0.0078125
1 0.87109375 0.3453125 0.0375 0.00625
1 0.90078125 0.3640625 0.0375 0.00625
0 0.79921875 0.1421875 0.040625 0.0109375
1 0.115625 0.9046875 0.040625 0.0140625
1 0.45 0.3984375 0.0375 0.0078125
1 0.50078125 0.32734375 0.0375 0.00625
1 0.93203125 0.4125 0.0375 0.009375
1 0.125 0.32734375 0.0375 0.00625
1 0.2765625 0.85625 0.0359375 0.0046875
1 0.98203125 0.4421875 0.0359375 0.009375
1 0.7328125 0.4953125 0.0390625 0.009375
1 0.3296875 0.34453125 0.0359375 0.0046875
1 0.62265625 0.459375 0.0390625 0.0109375
1 0.3484375 0.3359375 0.0390625 0.0078125
1 0.2953125 0.8609375 0.0390625 0.0078125
1 0.62578125 0.38515625 0.0375 0.0078125
1 0.55625 0.89609375 0.0390625 0.0125
1 0.47421875 0.62265625 0.0421875 0.0171875
1 0.89453125 0.53359375 0.0390625 0.0109375
0 0.88125 0.70390625 0.046875 0.0234375
1 0.4609375 0.32578125 0.0359375 0.0078125
1 0.4953125 0.4265625 0.0390625 0.0078125
1 0.93671875 0.39140625 0.0390625 0.0078125
1 0.62734375 0.34921875 0.0359375 0.00625
1 0.47578125 0.3375 0.0375 0.0078125
1 0.71015625 0.440625 0.0390625 0.0140625
1 0.68203125 0.42265625 0.0390625 0.0125
1 0.15625 0.32421875 0.0359375 0.00625
1 0.8390625 0.3015625 0.0359375 0.0046875
1 0.67578125 0.3671875 0.0359375 0.0046875
1 0.3359375 0.36015625 0.0359375 0.0046875
1 0.43828125 0.38671875 0.0375 0.009375
1 0.8328125 0.94375 0.0484375 0.0265625
1 0.63828125 0.32421875 0.0375 0.00625
1 0.57734375 0.46953125 0.0359375 0.0078125
3 0.10390625 0.8453125 0.071875 0.0484375
1 0.71796875 0.48984375 0.0375 0.00625
1 0.1453125 0.321875 0.0359375 0.00625
1 0.446875 0.8453125 0.0359375 0.00625
1 0.63984375 0.396875 0.0375 0.009375
1 0.53515625 0.3453125 0.0375 0.0078125
1 0.98828125 0.43671875 0.0234375 0.0078125
1 0.58125 0.40234375 0.0375 0.0046875
1 0.72890625 0.5140625 0.0375 0.0125
1 0.43671875 0.3734375 0.0375 0.0046875
1 0.9796875 0.43046875 0.0390625 0.00625
1 0.77734375 0.93671875 0.0453125 0.0234375
1 0.265625 0.84765625 0.0359375 0.0046875
2 0.75 0.21953125 0.125 0.046875
1 0.33203125 0.8765625 0.0390625 0.0109375
1 0.9078125 0.98515625 0.0484375 0.0078125
1 0.48046875 0.42734375 0.0375 0.0078125
1 0.83984375 0.89140625 0.040625 0.0125
1 0.59765625 0.39296875 0.0375 0.003125
1 0.009375 0.39375 0.01875 0.009375
1 0.475 0.40859375 0.040625 0.0078125
1 0.34296875 0.3109375 0.0375 0.009375
1 0.30234375 0.40546875 0.0359375 0.0078125
1 0.721875 0.47578125 0.040625 0.0109375
1 0.4953125 0.40703125 0.0375 0.0078125
0 0.82890625 0.1109375 0.040625 0.009375
0 0.0546875 0.1203125 0.0390625 0.009375
1 0.93671875 0.640625 0.040625 0.00625
1 0.6796875 0.34765625 0.0390625 0.009375
1 0.84375 0.31484375 0.0375 0.0046875
1 0.53671875 0.296875 0.0359375 0.0046875
1 0.3296875 0.334375 0.0359375 0.0046875
1 0.959375 0.57578125 0.0359375 0.0046875
0 0.94453125 0.1078125 0.0421875 0.0125
1 0.7640625 0.91953125 0.04375 0.015625
1 0.434375 0.8328125 0.0359375 0.003125
1 0.0890625 0.88515625 0.0375 0.009375
1 0.6171875 0.35390625 0.0375 0.0078125
1 0.66953125 0.3375 0.0375 0.0046875
0 0.86328125 0.09609375 0.0421875 0.0140625
1 0.21328125 0.84453125 0.0359375 0.003125
1 0.89296875 0.3234375 0.0359375 0.0046875
0 0.73203125 0.178125 0.0375 0.00625
1 0.475 0.84375 0.0359375 0.0046875
1 0.94765625 0.88515625 0.0359375 0.009375
1 0.01796875 0.65234375 0.0359375 0.0109375
1 0.56875 0.3046875 0.0359375 0.0015625
0 0.98359375 0.1390625 0.0328125 0.0125
1 0.853125 0.303125 0.0359375 0.0046875
1 0.3453125 0.3765625 0.0375 0.00625
0 0.734375 0.23046875 0.04375 0.0125
1 0.43125 0.3625 0.0359375 0.0046875
1 0.24609375 0.84765625 0.0359375 0.0046875
1 0.82421875 0.88671875 0.040625 0.0109375
1 0.1609375 0.98203125 0.05 0.028125
0 0.7421875 0.73359375 0.0390625 0.0109375
1 0.87890625 0.315625 0.0375 0.0046875
1 0.1625 0.92109375 0.04375 0.0125
1 0.90703125 0.33359375 0.0375 0.0078125
1 0.465625 0.42734375 0.0375 0.0078125
1 0.128125 0.9515625 0.040625 0.00625
1 0.46171875 0.83203125 0.034375 0.003125
0 0.03359375 0.11953125 0.040625 0.0078125
1 0.55390625 0.8421875 0.034375 0.003125
1 0.0171875 0.3671875 0.034375 0.009375
1 0.44453125 0.8234375 0.0375 0.003125
0 0.12734375 0.03515625 0.0390625 0.009375
1 0.55078125 0.85234375 0.0359375 0.003125
1 0.9640625 0.41484375 0.0421875 0.0140625
0 0.09296875 0.0640625 0.0390625 0.00625
1 0.17109375 0.9453125 0.040625 0.0171875
1 0.121875 0.47265625 0.0359375 0.003125
1 0.1703125 0.89296875 0.0390625 0.0078125
1 0.834375 0.91484375 0.040625 0.0078125
0 0.76328125 0.0484375 0.034375 0.0015625
1 0.0265625 0.3625 0.034375 0.0046875
1 0.57265625 0.840625 0.0375 0.00625
1 0.57890625 0.85078125 0.0375 0.0015625
1 0.57109375 0.46796875 0.0359375 0.0046875
0 0.078877490625 0.053658756249999995 0.10724052656250001 0.058534343749999995 0.1195248265625 0.05435625468750001 0.1087532171875 0.0477688078125 0.08585466875 0.0470144375 0.078877490625 0.053658756249999995
0 0.086698553125 0.0126385640625 0.043683585937500005 0.01154965625 0.06469300156249999 0.01750121875 0.078162421875 0.0168653828125 0.086698553125 0.0126385640625
0 0.12250391406250001 0.0431361796875 0.121817828125 0.0372780609375 0.09383785312500001 0.0344208984375 0.08329764375000001 0.038843245312500004 0.12250391406250001 0.0431361796875
0 0.1162776078125 0.0127019328125 0.1210198390625 0.010690671875 0.0812021125 0.0110193890625 0.0976574828125 0.012721625 0.1162776078125 0.0127019328125
0 0.09726104375 0.031961873437499996 0.11429875781250001 0.036056445312500005 0.136443075 0.0359913546875 0.1353264328125 0.025218542187499998 0.099256025 0.0244956359375 0.09726104375 0.031961873437499996
0 0.13598252500000002 0.011000195312499999 0.1355296140625 0.0104316125 0.097581625 0.0104461265625 0.09812512343749999 0.0111284265625 0.13598252500000002 0.011000195312499999
0 0.15629193125000002 0.0131522265625 0.1559542265625 0.010077109375 0.11242311406250001 0.01019788125 0.1348640828125 0.01628773125 0.15629193125000002 0.0131522265625