2 0.76796875 0.22109375 0.109375 0.0625
2 0.2515625 0.20390625 0.109375 0.05625
1 0.75859375 0.62421875 0.03125 0.0171875
1 0.39765625 0.4546875 0.0296875 0.0203125
3 0.4578125 0.35546875 0.0875 0.0875
1 0.4484375 0.41953125 0.028125 0.0171875
4 0.5984375 0.30234375 0.0734375 0.0875
1 0.97421875 0.4421875 0.0296875 0.015625
1 0.9390625 0.5546875 0.03125 0.021875
1 0.01953125 0.4703125 0.03125 0.01875
1 0.87109375 0.384375 0.028125 0.0140625
1 0.7828125 0.5984375 0.0328125 0.021875
1 0.60703125 0.5125 0.03125 0.021875
1 0.39765625 0.41484375 0.028125 0.0171875
1 0.5671875 0.4703125 0.0296875 0.0203125
1 0.17421875 0.4375 0.03125 0.01875
1 0.815625 0.603125 0.0328125 0.0234375
1 0.51484375 0.45390625 0.0296875 0.0203125
1 0.0453125 0.39296875 0.03125 0.0203125
1 0.88671875 0.384375 0.028125 0.015625
1 0.2953125 0.565625 0.03125 0.0234375
1 0.640625 0.53125 0.03125 0.0203125
1 0.94609375 0.4125 0.0296875 0.015625
1 0.74296875 0.60078125 0.03125 0.0234375
1 0.90703125 0.4234375 0.0296875 0.0171875
1 0.76875 0.584375 0.0328125 0.021875
1 0.93046875 0.4046875 0.0296875 0.0171875
1 0.72578125 0.62578125 0.0296875 0.015625
1 0.36796875 0.43125 0.0296875 0.01875
1 0.17578125 0.9234375 0.034375 0.025
3 0.64296875 0.4390625 0.0921875 0.0984375
1 0.33671875 0.8875 0.028125 0.015625
1 0.67578125 0.55390625 0.0328125 0.0203125
1 0.39609375 0.3890625 0.0296875 0.015625
1 0.3953125 0.3390625 0.0265625 0.0140625
4 0.7125 0.49296875 0.125 0.1234375
1 0.678125 0.88828125 0.0296875 0.0203125
1 0.525 0.33984375 0.028125 0.015625
1 0.08671875 0.42265625 0.0296875 0.0171875
1 0.09921875 0.4109375 0.0296875 0.0171875
1 0.13125 0.4203125 0.0296875 0.0171875
1 0.34453125 0.37109375 0.028125 0.0171875
1 0.7640625 0.43203125 0.0296875 0.01875
1 0.6421875 0.4890625 0.0296875 0.01875
1 0.85 0.38828125 0.028125 0.015625
1 0.14765625 0.3328125 0.028125 0.0140625
1 0.2640625 0.52890625 0.03125 0.0203125
1 0.0125 0.4265625 0.025 0.01875
1 0.6609375 0.5546875 0.03125 0.021875
1 0.02109375 0.43359375 0.03125 0.0171875
1 0.2140625 0.63671875 0.0328125 0.021875
1 0.27265625 0.490625 0.03125 0.015625
1 0.43046875 0.390625 0.028125 0.015625
1 0.05390625 0.4609375 0.03125 0.01875
1 0.06015625 0.44921875 0.0296875 0.015625
1 0.6484375 0.571875 0.03125 0.0234375
1 0.85 0.984375 0.0375 0.03125
1 0.32109375 0.9015625 0.028125 0.0125
1 0.48515625 0.3875 0.0296875 0.0171875
1 0.32734375 0.33984375 0.028125 0.0140625
1 0.7390625 0.44296875 0.028125 0.015625
1 0.3890625 0.903125 0.0296875 0.0140625
1 0.86640625 0.45625 0.0296875 0.01875
1 0.50234375 0.3890625 0.0296875 0.0171875
1 0.64765625 0.29375 0.0265625 0.0140625
1 0.65390625 0.3375 0.0296875 0.01875
1 0.10703125 0.2953125 0.0265625 0.0140625
1 0.91640625 0.63046875 0.03125 0.015625
1 0.11171875 0.92421875 0.034375 0.025
1 0.55625 0.32578125 0.0265625 0.015625
1 0.47265625 0.2875 0.0265625 0.0140625
1 0.72421875 0.890625 0.0296875 0.01875
1 0.99140625 0.48125 0.0171875 0.01875
1 0.89921875 0.3046875 0.0265625 0.0140625
1 0.2078125 0.88046875 0.028125 0.015625
1 0.8125 0.38671875 0.028125 0.015625
1 0.69296875 0.88515625 0.028125 0.0171875
1 0.50859375 0.2765625 0.0265625 0.0125
1 0.4203125 0.38125 0.028125 0.0109375
1 0.92109375 0.35546875 0.0265625 0.015625
1 0.5609375 0.28984375 0.0265625 0.0125
1 0.27421875 0.50703125 0.03125 0.0171875
1 0.28671875 0.50703125 0.03125 0.021875
0 0.30234375 0.171875 0.028125 0.01875
1 0.7859375 0.90625 0.0296875 0.01875
1 0.8015625 0.9953125 0.0375 0.009375
1 0.27890625 0.440625 0.0296875 0.015625
1 0.1515625 0.43046875 0.0296875 0.0171875
1 0.02734375 0.45625 0.0296875 0.0171875
1 0.0203125 0.36015625 0.0296875 0.015625
1 0.55 0.27890625 0.0265625 0.0140625
1 0.821875 0.378125 0.0265625 0.0125
1 0.29296875 0.43125 0.0296875 0.0140625
1 0.84296875 0.29140625 0.0265625 0.0140625
1 0.39453125 0.37421875 0.028125 0.0140625
1 0.89140625 0.346875 0.028125 0.015625
1 0.81484375 0.89375 0.0296875 0.01875
1 0.27578125 0.88125 0.0359375 0.0296875
1 0.6625 0.2640625 0.0265625 0.0125
1 0.83984375 0.39375 0.0296875 0.0171875
1 0.26953125 0.46796875 0.028125 0.0171875
4 0.728125 0.8515625 0.0875 0.0640625
1 0.8515625 0.9515625 0.034375 0.0234375
1 0.2625 0.503125 0.0296875 0.015625
1 0.4515625 0.2609375 0.0265625 0.0109375
1 0.56953125 0.60625 0.028125 0.021875
1 0.2875 0.48515625 0.03125 0.0203125
1 0.4 0.6421875 0.0296875 0.0171875
1 0.80703125 0.9453125 0.0328125 0.0265625
1 0.3 0.459375 0.03125 0.015625
1 0.1375 0.98515625 0.0359375 0.0171875
1 0.16640625 0.89921875 0.028125 0.0171875
1 0.3390625 0.3390625 0.028125 0.0140625
1 0.0296875 0.33984375 0.028125 0.015625
1 0.41796875 0.396875 0.028125 0.0171875
1 0.340625 0.31484375 0.028125 0.015625
1 0.50390625 0.44921875 0.0296875 0.01875
1 0.37734375 0.25625 0.0265625 0.0125
1 0.6875 0.325 0.028125 0.0140625
1 0.178125 0.2625 0.0296875 0.0140625
1 0.50390625 0.35625 0.028125 0.015625
1 0.99140625 0.4375 0.0171875 0.015625
1 0.7890625 0.9578125 0.0359375 0.0265625
1 0.4234375 0.2671875 0.0265625 0.0125
1 0.4 0.25546875 0.028125 0.015625
1 0.0125 0.40078125 0.025 0.0171875
1 0.69765625 0.33671875 0.028125 0.015625
1 0.828125 0.396875 0.0296875 0.0171875
1 0.4359375 0.275 0.0265625 0.0125
1 0.06875 0.33984375 0.028125 0.015625
1 0.3515625 0.26171875 0.028125 0.0125
1 0.76875 0.95703125 0.0359375 0.0296875
1 0.80625 0.38046875 0.0265625 0.0140625
1 0.0546875 0.34296875 0.0296875 0.0171875
1 0.71171875 0.30546875 0.0296875 0.0171875
1 0.353125 0.30703125 0.028125 0.0140625
1 0.703125 0.325 0.0296875 0.015625
1 0.35859375 0.903125 0.028125 0.0109375
1 0.803125 0.89375 0.0296875 0.0171875
1 0.175 0.9 0.0296875 0.015625
1 0.30078125 0.33828125 0.0296875 0.0140625
1 0.1640625 0.25390625 0.028125 0.0125
1 0.46875 0.25625 0.0265625 0.0125
1 0.459375 0.27421875 0.0265625 0.0125
1 0.6640625 0.36953125 0.0296875 0.0125
1 0.9875 0.41796875 0.025 0.0171875
1 0.34296875 0.3265625 0.0265625 0.0125
1 0.30390625 0.446875 0.0296875 0.015625
1 0.76796875 0.89296875 0.0296875 0.015625
1 0.27578125 0.45390625 0.0296875 0.0125
1 0.70390625 0.42421875 0.0296875 0.0171875
1 0.184375 0.86171875 0.025 0.009375
1 0.7546875 0.428125 0.028125 0.01875
1 0.2546875 0.51484375 0.028125 0.015625
1 0.746875 0.8921875 0.03125 0.01875
1 0.23984375 0.975 0.040625 0.0359375
1 0.99140625 0.40234375 0.0171875 0.0140625
1 0.73203125 0.65 0.028125 0.009375
1 0.778125 0.65 0.03125 0.0109375
1 0.83984375 0.91640625 0.0328125 0.025
1 0.9875 0.3875 0.025 0.01875
1 0.678125 0.31171875 0.028125 0.0140625
1 0.96875 0.40546875 0.028125 0.015625
1 0.28984375 0.45546875 0.0296875 0.0171875
1 0.3546875 0.29140625 0.028125 0.0125
1 0.51328125 0.2625 0.028125 0.0125
1 0.93828125 0.33984375 0.0296875 0.0140625
1 0.5328125 0.26796875 0.028125 0.0125
1 0.87421875 0.371875 0.028125 0.0125
1 0.5640625 0.26875 0.028125 0.0140625
1 0.70859375 0.628125 0.0296875 0.0125
1 0.13359375 0.265625 0.028125 0.0140625
1 0.2796875 0.47265625 0.0296875 0.015625
1 0.896875 0.2859375 0.0265625 0.0140625
1 0.2609375 0.9015625 0.025 0.0109375
1 0.80859375 0.35703125 0.025 0.0109375
1 0.21328125 0.86171875 0.025 0.009375
1 0.703125 0.884375 0.028125 0.015625
0 0.23984375 0.78046875 0.028125 0.015625
1 0.0984375 0.28203125 0.028125 0.015625
1 0.1265625 0.88125 0.03125 0.0171875
1 0.08203125 0.28828125 0.0265625 0.0125
1 0.87890625 0.284375 0.0296875 0.0140625
1 0.16640625 0.21171875 0.028125 0.0109375
1 0.92890625 0.33671875 0.0296875 0.0140625
1 0.446875 0.88125 0.0265625 0.0125
1 0.36171875 0.25625 0.0296875 0.0140625
1 0.07109375 0.30859375 0.0296875 0.0140625
1 0.0390625 0.91875 0.0375 0.03125
1 0.03203125 0.9859375 0.0359375 0.0125
1 0.93828125 0.328125 0.028125 0.0125
1 0.76171875 0.8828125 0.028125 0.0125
1 0.60078125 0.87265625 0.025 0.009375
1 0.8796875 0.946875 0.03125 0.021875
1 0.678125 0.3484375 0.028125 0.0125
1 0.5484375 0.55546875 0.0296875 0.0140625
1 0.3359375 0.328125 0.028125 0.0125
1 0.63203125 0.37890625 0.0265625 0.0109375
1 0.009375 0.3578125 0.01875 0.01875
1 0.678125 0.38671875 0.028125 0.015625
1 0.43125 0.2578125 0.028125 0.0109375
1 0.421875 0.25703125 0.0265625 0.0125
1 0.94765625 0.36875 0.028125 0.0140625
1 0.38671875 0.0078125 0.0265625 0.009375
1 0.52578125 0.259375 0.028125 0.0140625
1 0.6890625 0.36015625 0.028125 0.0125
1 0.971875 0.37734375 0.03125 0.0171875
1 0.94921875 0.9375 0.03125 0.021875
1 0.6921875 0.3875 0.0296875 0.015625
1 0.6796875 0.3703125 0.0296875 0.0140625
1 0.7171875 0.3375 0.0296875 0.015625
1 0.01953125 0.34140625 0.028125 0.0125
1 0.0703125 0.3296875 0.0296875 0.0125
1 0.12421875 0.26484375 0.028125 0.0140625