4 0.165625 0.40078125 0.0765625 0.0859375
4 0.559375 0.334375 0.0703125 0.0828125
3 0.76171875 0.82890625 0.05859375 0.053125
4 0.2875 0.853125 0.07421875 0.07265625
1 0.14765625 0.5796875 0.01328125 0.01796875
1 0.496875 0.403125 0.01015625 0.0171875
1 0.71015625 0.5296875 0.0125 0.021875
1 0.8453125 0.43515625 0.0109375 0.01796875
1 0.28671875 0.47890625 0.01015625 0.0171875
2 0.771875 0.21953125 0.09140625 0.0609375
3 0.38046875 0.46484375 0.08671875 0.11796875
1 0.23203125 0.91484375 0.01484375 0.02734375
1 0.18515625 0.57265625 0.01328125 0.02421875
1 0.6765625 0.51796875 0.01171875 0.0203125
3 0.19296875 0.85546875 0.09140625 0.09296875
1 0.4046875 0.53203125 0.0125 0.02265625
2 0.2484375 0.2265625 0.09375 0.046875
1 0.20546875 0.42890625 0.00859375 0.0171875
1 0.940625 0.3953125 0.01015625 0.01640625
1 0.07734375 0.484375 0.0109375 0.01875
1 0.85859375 0.37890625 0.009375 0.01484375
1 0.7265625 0.50703125 0.01171875 0.0203125
1 0.709375 0.39609375 0.009375 0.015625
1 0.33515625 0.46796875 0.01015625 0.01484375
1 0.68515625 0.39453125 0.01015625 0.015625
1 0.3015625 0.45546875 0.01015625 0.0171875
1 0.7265625 0.44453125 0.0109375 0.0171875
1 0.696875 0.52265625 0.0125 0.02265625
1 0.115625 0.9296875 0.01640625 0.0296875
0 0.09140625 0.2234375 0.01171875 0.01796875
1 0.61953125 0.42578125 0.01015625 0.0171875
1 0.58359375 0.5859375 0.0125 0.02109375
1 0.65390625 0.42734375 0.01015625 0.0171875
1 0.56875 0.5671875 0.0140625 0.02265625
1 0.00546875 0.56875 0.0109375 0.02265625
1 0.11015625 0.50546875 0.01171875 0.01875
1 0.8796875 0.92109375 0.01484375 0.02890625
1 0.88125 0.37734375 0.009375 0.015625
1 0.6921875 0.85703125 0.00859375 0.015625
1 0.31953125 0.8984375 0.0140625 0.01953125
0 0.784375 0.16796875 0.0109375 0.01875
0 0.10703125 0.1875 0.01171875 0.01953125
1 0.26328125 0.55703125 0.0125 0.02265625
1 0.9859375 0.3734375 0.01171875 0.01640625
1 0.90859375 0.38671875 0.01015625 0.01640625
1 0.34140625 0.42421875 0.009375 0.0171875
1 0.58125 0.37265625 0.01015625 0.015625
1 0.6609375 0.87578125 0.0109375 0.0171875
1 0.20546875 0.96953125 0.0203125 0.03828125
1 0.6203125 0.59453125 0.01328125 0.015625
1 0.453125 0.89921875 0.0140625 0.01875
0 0.11796875 0.153125 0.0109375 0.01875
1 0.45234375 0.43984375 0.0109375 0.01640625
1 0.10859375 0.48359375 0.0125 0.021875
1 0.89765625 0.88828125 0.01171875 0.021875
0 0.07578125 0.27265625 0.0109375 0.01796875
1 0.3265625 0.44296875 0.0109375 0.015625
1 0.14296875 0.90546875 0.01484375 0.025
1 0.66640625 0.3421875 0.0078125 0.0140625
1 0.440625 0.47265625 0.0109375 0.0203125
1 0.4546875 0.34765625 0.0078125 0.01484375
1 0.47109375 0.43359375 0.01015625 0.01484375
1 0.0734375 0.5078125 0.0109375 0.01796875
1 0.62890625 0.36953125 0.00859375 0.01328125
1 0.4359375 0.34453125 0.0078125 0.01328125
1 0.33984375 0.403125 0.01015625 0.01484375
1 0.92109375 0.38671875 0.009375 0.01640625
1 0.30625 0.4375 0.01015625 0.015625
1 0.34609375 0.303125 0.00703125 0.0125
0 0.2078125 0.73984375 0.01171875 0.021875
1 0.49765625 0.36875 0.009375 0.01484375
1 0.5609375 0.55078125 0.0109375 0.01953125
1 0.91953125 0.3734375 0.00859375 0.0109375
1 0.18515625 0.3265625 0.00859375 0.01328125
1 0.88984375 0.34765625 0.00859375 0.0140625
1 0.56875 0.5390625 0.01171875 0.02109375
1 0.6453125 0.38359375 0.009375 0.01484375
1 0.08515625 0.5515625 0.01328125 0.021875
1 0.47734375 0.4890625 0.01015625 0.01875
3 0.071875 0.40078125 0.08046875 0.10234375
1 0.340625 0.86875 0.00859375 0.01484375
1 0.34609375 0.90390625 0.0125 0.01171875
1 0.46328125 0.328125 0.0078125 0.0140625
1 0.340625 0.890625 0.0109375 0.01640625
1 0.08515625 0.5171875 0.01171875 0.0203125
1 0.59765625 0.384375 0.009375 0.01484375
1 0.61015625 0.32109375 0.00703125 0.0125
1 0.153125 0.3234375 0.009375 0.015625
1 0.5125 0.434375 0.01015625 0.0171875
1 0.48359375 0.5203125 0.00703125 0.0140625
1 0.815625 0.8734375 0.01015625 0.01640625
0 0.721875 0.2203125 0.0109375 0.021875
1 0.88046875 0.35546875 0.00859375 0.0140625
1 0.665625 0.640625 0.0125 0.015625
1 0.1671875 0.91484375 0.01484375 0.025
1 0.0046875 0.465625 0.00859375 0.01640625
1 0.1296875 0.3328125 0.0078125 0.0125
1 0.47109375 0.46015625 0.0078125 0.01640625
1 0.1203125 0.49921875 0.01015625 0.02109375
1 0.834375 0.8796875 0.0109375 0.01640625
1 0.8359375 0.303125 0.009375 0.01328125
1 0.63515625 0.62265625 0.01328125 0.021875
1 0.79765625 0.86796875 0.0109375 0.01484375
1 0.48046875 0.378125 0.01015625 0.015625
1 0.2984375 0.42421875 0.0109375 0.01640625
1 0.46640625 0.375 0.00859375 0.015625
1 0.66015625 0.3046875 0.0078125 0.01328125
1 0.6484375 0.303125 0.00859375 0.01171875
1 0.4046875 0.32890625 0.00625 0.0125
1 0.60546875 0.38671875 0.009375 0.01640625
1 0.46015625 0.45625 0.01015625 0.01640625
1 0.715625 0.43125 0.0109375 0.01796875
1 0.1796875 0.9046875 0.0125 0.02265625
1 0.51484375 0.3375 0.00703125 0.0125
1 0.06328125 0.9390625 0.01640625 0.0296875
1 0.640625 0.4203125 0.01171875 0.015625
1 0.63046875 0.353125 0.00859375 0.01171875
1 0.63046875 0.3953125 0.00859375 0.01328125
1 0.64296875 0.33359375 0.0078125 0.01328125
1 0.62265625 0.353125 0.009375 0.0125
1 0.6640625 0.85859375 0.00859375 0.0125
1 0.77421875 0.865625 0.0109375 0.015625
1 0.47109375 0.39453125 0.00859375 0.0125
1 0.325 0.4828125 0.0109375 0.015625
1 0.32890625 0.40703125 0.0109375 0.015625
0 0.79375 0.79140625 0.00859375 0.015625
1 0.59609375 0.35703125 0.00859375 0.0140625
1 0.60703125 0.37109375 0.01015625 0.0140625
1 0.3796875 0.30078125 0.00625 0.01171875
0 0.7859375 0.228125 0.01171875 0.01875
1 0.86875 0.33359375 0.00859375 0.0140625
1 0.8796875 0.30390625 0.0078125 0.01171875
1 0.84453125 0.87109375 0.009375 0.0140625
1 0.6765625 0.36015625 0.0078125 0.0140625
1 0.6015625 0.6296875 0.0140625 0.02109375
1 0.48125 0.41796875 0.009375 0.0140625
1 0.31875 0.38515625 0.0078125 0.0125
1 0.6609375 0.37578125 0.00859375 0.0109375
1 0.99609375 0.37578125 0.00703125 0.01640625
1 0.6296875 0.33984375 0.00859375 0.01328125
1 0.471875 0.353125 0.01015625 0.01640625
1 0.440625 0.440625 0.0109375 0.0171875
1 0.65625 0.3859375 0.009375 0.0125
1 0.11328125 0.88671875 0.01171875 0.01953125
1 0.33359375 0.3640625 0.0078125 0.0140625
1 0.62578125 0.3828125 0.0109375 0.01328125
1 0.6625 0.39375 0.01171875 0.01484375
1 0.8296875 0.85703125 0.0078125 0.0125
1 0.503125 0.3484375 0.00703125 0.0140625
1 0.65234375 0.3453125 0.009375 0.0140625
1 0.84609375 0.31875 0.01015625 0.01328125
1 0.659375 0.28828125 0.0078125 0.01171875
1 0.61015625 0.34609375 0.0078125 0.01171875
0 0.13515625 0.128125 0.0109375 0.01796875
1 0.85859375 0.33046875 0.00859375 0.0125
1 0.36796875 0.9015625 0.0140625 0.01484375
1 0.78984375 0.84140625 0.00625 0.01015625
1 0.48359375 0.30859375 0.0078125 0.01328125
1 0.97421875 0.3484375 0.0078125 0.0140625
1 0.17265625 0.64375 0.01328125 0.01796875
1 0.09921875 0.865625 0.0125 0.01796875
1 0.4953125 0.3859375 0.0125 0.015625
1 0.1421875 0.88515625 0.00859375 0.01484375
1 0.8515625 0.85625 0.0078125 0.01484375
1 0.86171875 0.3140625 0.0078125 0.01328125
1 0.396875 0.8984375 0.01484375 0.02109375
1 0.59375 0.37265625 0.009375 0.0125
1 0.17578125 0.43359375 0.009375 0.015625
1 0.628125 0.40859375 0.00859375 0.0125
1 0.62421875 0.58046875 0.0125 0.01484375
1 0.625 0.32421875 0.009375 0.01328125
1 0.1890625 0.3078125 0.0078125 0.015625
1 0.42265625 0.84921875 0.00703125 0.0109375
1 0.16953125 0.3046875 0.0078125 0.01171875
1 0.3375 0.45078125 0.0109375 0.01328125
1 0.17890625 0.30546875 0.00625 0.0125
1 0.49296875 0.3484375 0.01015625 0.0171875
1 0.3171875 0.40859375 0.0109375 0.01640625
1 0.91953125 0.8734375 0.009375 0.01640625
1 0.1109375 0.33515625 0.0078125 0.0125
1 0.34140625 0.38671875 0.009375 0.0140625
1 0.11953125 0.87109375 0.00859375 0.01171875
4 0.43125 0.81640625 0.0328125 0.02890625
1 0.15234375 0.64140625 0.01328125 0.02265625
1 0.1140625 0.5328125 0.00859375 0.01171875
1 0.28046875 0.46171875 0.0078125 0.0125
1 0.33203125 0.34765625 0.0078125 0.01171875
1 0.89296875 0.31015625 0.0078125 0.0125
1 0.425 0.30859375 0.009375 0.015625
1 0.23671875 0.58984375 0.0078125 0.0109375
1 0.65 0.39609375 0.009375 0.01171875
1 0.084375 0.86953125 0.009375 0.01484375
1 0.30625 0.4046875 0.00859375 0.015625
1 0.62265625 0.29921875 0.00859375 0.01171875
1 0.82734375 0.84375 0.0078125 0.0109375
1 0.64296875 0.40234375 0.009375 0.0125
1 0.5015625 0.33203125 0.00859375 0.0125
1 0.4046875 0.3015625 0.009375 0.01328125
0 0.18125 0.80703125 0.0109375 0.0171875
1 0.9359375 0.87578125 0.009375 0.015625
1 0.91875 0.31796875 0.0109375 0.015625
1 0.89921875 0.99296875 0.0125 0.01328125
1 0.60390625 0.35390625 0.0078125 0.01328125
1 0.09140625 0.34609375 0.0078125 0.0125
1 0.82734375 0.8734375 0.00859375 0.01484375
1 0.48359375 0.3515625 0.0109375 0.0171875
1 0.56015625 0.8421875 0.00859375 0.01328125
1 0.05390625 0.98515625 0.01796875 0.0296875
1 0.54453125 0.83984375 0.00703125 0.01328125
1 0.84453125 0.84375 0.00703125 0.01015625
1 0.3859375 0.29609375 0.00859375 0.01328125
1 0.134375 0.32109375 0.0109375 0.0140625
1 0.4875 0.40390625 0.01171875 0.015625
1 0.32578125 0.38046875 0.01171875 0.01328125