4 0.3 0.85625 0.09375 0.1015625
4 0.0953125 0.44765625 0.1 0.1109375
2 0.7703125 0.21953125 0.096875 0.059375
4 0.625 0.290625 0.06875 0.0640625
3 0.2125 0.85859375 0.1015625 0.0890625
1 0.709375 0.50703125 0.01875 0.01875
1 0.95859375 0.43203125 0.01875 0.015625
1 0.46953125 0.44296875 0.015625 0.0171875
2 0.24765625 0.225 0.1015625 0.0546875
1 0.984375 0.553125 0.021875 0.0203125
1 0.85625 0.43984375 0.01875 0.0171875
1 0.82109375 0.928125 0.021875 0.0265625
3 0.07265625 0.41015625 0.09375 0.0703125
1 0.925 0.40703125 0.0171875 0.015625
1 0.18203125 0.90234375 0.021875 0.0234375
1 0.6828125 0.40625 0.015625 0.0140625
1 0.83515625 0.89296875 0.01875 0.01875
1 0.18515625 0.4453125 0.015625 0.0140625
1 0.50390625 0.5796875 0.01875 0.0203125
1 0.01484375 0.459375 0.01875 0.0171875
1 0.37265625 0.35625 0.015625 0.0140625
1 0.34296875 0.46171875 0.0171875 0.0171875
1 0.3484375 0.4390625 0.015625 0.0171875
1 0.14609375 0.9359375 0.021875 0.0296875
1 0.83984375 0.40703125 0.015625 0.015625
1 0.7890625 0.89375 0.01875 0.0171875
1 0.5765625 0.45234375 0.015625 0.015625
1 0.31875 0.3953125 0.0140625 0.0140625
1 0.53359375 0.57578125 0.0203125 0.0203125
1 0.98359375 0.42421875 0.01875 0.015625
1 0.66484375 0.8578125 0.015625 0.0125
1 0.38671875 0.39140625 0.015625 0.0125
1 0.146875 0.64453125 0.0203125 0.0171875
1 0.66328125 0.878125 0.0171875 0.015625
0 0.23203125 0.73828125 0.01875 0.025
1 0.8453125 0.940625 0.021875 0.0265625
1 0.8125 0.95703125 0.025 0.034375
1 0.37109375 0.41015625 0.015625 0.015625
1 0.53359375 0.37890625 0.015625 0.0140625
1 0.703125 0.4328125 0.0171875 0.0140625
1 0.13515625 0.8859375 0.0171875 0.01875
1 0.5125 0.43359375 0.015625 0.015625
1 0.640625 0.5953125 0.01875 0.0140625
1 0.08203125 0.62578125 0.0203125 0.021875
1 0.578125 0.353125 0.0140625 0.0125
1 0.11953125 0.9515625 0.0265625 0.0359375
1 0.25390625 0.925 0.021875 0.0265625
1 0.02265625 0.44609375 0.015625 0.0140625
1 0.40390625 0.43046875 0.015625 0.0171875
1 0.3734375 0.3921875 0.015625 0.0140625
1 0.5109375 0.4046875 0.015625 0.0140625
1 0.384375 0.31875 0.0140625 0.0109375
1 0.5484375 0.38828125 0.015625 0.0171875
3 0.75 0.8265625 0.05 0.0453125
1 0.67890625 0.3671875 0.0140625 0.0125
1 0.403125 0.39296875 0.015625 0.0109375
1 0.18515625 0.415625 0.015625 0.0140625
1 0.45546875 0.42734375 0.015625 0.0140625
1 0.703125 0.87109375 0.015625 0.0140625
1 0.58515625 0.4671875 0.0171875 0.0171875
1 0.359375 0.3875 0.015625 0.0140625
1 0.4890625 0.40546875 0.015625 0.015625
1 0.12109375 0.3265625 0.015625 0.0109375
1 0.4640625 0.42109375 0.0140625 0.0140625
1 0.59609375 0.3234375 0.0140625 0.0109375
1 0.55234375 0.32890625 0.015625 0.0125
1 0.6015625 0.36796875 0.015625 0.0140625
1 0.6625 0.38828125 0.0140625 0.0140625
1 0.71953125 0.43671875 0.01875 0.015625
1 0.72265625 0.85234375 0.015625 0.0109375
1 0.490625 0.34921875 0.015625 0.0140625
1 0.30546875 0.3328125 0.015625 0.0125
1 0.56328125 0.36015625 0.015625 0.0140625
1 0.1921875 0.58984375 0.0171875 0.0109375
1 0.121875 0.30703125 0.0140625 0.0109375
1 0.3390625 0.35390625 0.015625 0.0125
1 0.7796875 0.840625 0.0125 0.009375
1 0.165625 0.8953125 0.01875 0.0203125
1 0.46328125 0.30703125 0.0140625 0.0109375
1 0.6921875 0.39375 0.0140625 0.0125
1 0.52265625 0.59375 0.01875 0.0125
1 0.17734375 0.40546875 0.0140625 0.0109375
1 0.5703125 0.8484375 0.015625 0.0109375
1 0.65078125 0.38046875 0.0171875 0.0125
1 0.45703125 0.32578125 0.0140625 0.0125
1 0.52890625 0.89609375 0.01875 0.0203125
1 0.39296875 0.6453125 0.0140625 0.0109375
1 0.94140625 0.34375 0.015625 0.0109375
1 0.6046875 0.328125 0.0140625 0.0109375
1 0.1796875 0.38125 0.0140625 0.0109375
1 0.84765625 0.3078125 0.015625 0.0109375
1 0.57578125 0.3390625 0.0140625 0.0109375
1 0.78984375 0.8765625 0.015625 0.0109375
1 0.90703125 0.94140625 0.021875 0.0234375
1 0.5515625 0.90546875 0.015625 0.0078125
1 0.6546875 0.359375 0.0171875 0.015625
1 0.33671875 0.3421875 0.0140625 0.0109375
1 0.14375 0.41484375 0.0125 0.0140625
1 0.15859375 0.87578125 0.015625 0.0140625
1 0.17890625 0.39296875 0.015625 0.0109375
1 0.44453125 0.3890625 0.0125 0.0109375
1 0.31484375 0.31875 0.015625 0.0125
1 0.41640625 0.35390625 0.015625 0.0109375
1 0.41875 0.40234375 0.0125 0.0078125
1 0.02265625 0.43046875 0.015625 0.0109375
1 0.5546875 0.83046875 0.0125 0.009375
1 0.66875 0.34765625 0.015625 0.0140625
0 0.246875 0.22421875 0.015625 0.0171875
1 0.95625 0.34921875 0.015625 0.0125
1 0.69140625 0.3703125 0.0140625 0.0125
1 0.678125 0.34921875 0.0140625 0.0109375
1 0.89609375 0.31953125 0.015625 0.0109375
1 0.759375 0.84921875 0.0125 0.0109375
1 0.63203125 0.34375 0.015625 0.0125
1 0.42109375 0.3046875 0.0125 0.0109375
1 0.7 0.85 0.015625 0.0109375
1 0.9203125 0.91953125 0.0203125 0.01875
1 0.32421875 0.3484375 0.015625 0.0109375
1 0.9671875 0.38359375 0.015625 0.0140625
1 0.134375 0.86484375 0.015625 0.0125
1 0.0046875 0.58125 0.009375 0.009375
1 0.8578125 0.30703125 0.015625 0.0109375
1 0.034375 0.37734375 0.015625 0.0109375
1 0.99140625 0.403125 0.0171875 0.015625
1 0.428125 0.315625 0.015625 0.0109375
1 0.5375 0.5609375 0.015625 0.0109375
1 0.2984375 0.31640625 0.0171875 0.0140625
1 0.49921875 0.29453125 0.015625 0.0109375
1 0.6125 0.32734375 0.0171875 0.0109375
1 0.54140625 0.82109375 0.0125 0.0078125
1 0.88984375 0.8921875 0.021875 0.0203125
1 0.715625 0.42421875 0.0140625 0.009375
1 0.86875 0.88828125 0.015625 0.01875
1 0.91953125 0.31875 0.01875 0.0140625
1 0.234375 0.65 0.0171875 0.009375
1 0.88671875 0.3203125 0.015625 0.0125
1 0.2046875 0.39140625 0.0125 0.009375
1 0.56796875 0.8265625 0.0125 0.0078125
1 0.04375 0.98359375 0.025 0.03125
1 0.83515625 0.84453125 0.015625 0.0109375
1 0.4484375 0.2984375 0.015625 0.0109375
1 0.73359375 0.85234375 0.0171875 0.0109375