4 0.74375 0.840625 0.0828125 0.0703125
0 0.05234375 0.2171875 0.0296875 0.028125
0 0.09765625 0.19609375 0.028125 0.0296875
0 0.44375 0.77734375 0.025 0.028125
2 0.7734375 0.2234375 0.1015625 0.065625
1 0.6953125 0.45859375 0.0234375 0.021875
1 0.16875 0.396875 0.021875 0.0203125
1 0.73046875 0.43359375 0.025 0.0234375
1 0.96796875 0.53828125 0.028125 0.0265625
3 0.53671875 0.478125 0.1125 0.1359375
1 0.36640625 0.57734375 0.028125 0.028125
1 0.34453125 0.41953125 0.021875 0.0203125
1 0.615625 0.48203125 0.0234375 0.021875
1 0.58515625 0.90703125 0.025 0.0171875
3 0.55234375 0.82421875 0.0546875 0.0609375
1 0.30546875 0.43984375 0.0234375 0.021875
1 0.55859375 0.32265625 0.0203125 0.0171875
1 0.04140625 0.521875 0.0234375 0.021875
0 0.44375 0.18359375 0.028125 0.0296875
1 0.6984375 0.48203125 0.025 0.021875
1 0.26875 0.51015625 0.025 0.0234375
1 0.9390625 0.37578125 0.0234375 0.01875
1 0.55859375 0.38046875 0.021875 0.01875
1 0.12890625 0.4203125 0.0234375 0.01875
0 0.0640625 0.815625 0.03125 0.0359375
1 0.60859375 0.41875 0.021875 0.0203125
1 0.15859375 0.89453125 0.0265625 0.0265625
1 0.72109375 0.4578125 0.0234375 0.021875
1 0.6796875 0.5375 0.025 0.025
1 0.496875 0.38359375 0.021875 0.01875
1 0.57109375 0.3046875 0.0203125 0.015625
1 0.06171875 0.484375 0.025 0.0234375
1 0.878125 0.41015625 0.0234375 0.0203125
1 0.84609375 0.328125 0.01875 0.015625
1 0.77421875 0.578125 0.028125 0.028125
0 0.30390625 0.7109375 0.025 0.025
1 0.09375 0.4640625 0.021875 0.0234375
1 0.4671875 0.38984375 0.0203125 0.0171875
1 0.03359375 0.41953125 0.0234375 0.0203125
1 0.309375 0.8984375 0.028125 0.021875
1 0.8828125 0.87734375 0.021875 0.01875
1 0.61953125 0.4609375 0.0234375 0.021875
1 0.04765625 0.4109375 0.021875 0.0203125
1 0.71015625 0.4953125 0.0234375 0.01875
1 0.665625 0.86328125 0.021875 0.0203125
1 0.9171875 0.37890625 0.0234375 0.01875
1 0.8609375 0.325 0.0203125 0.015625
1 0.61640625 0.50390625 0.025 0.0234375
1 0.0734375 0.4125 0.025 0.021875
1 0.73203125 0.4828125 0.0234375 0.021875
1 0.678125 0.33671875 0.0234375 0.01875
1 0.0859375 0.91015625 0.028125 0.03125
1 0.871875 0.87734375 0.025 0.01875
1 0.42109375 0.64375 0.021875 0.01875
1 0.3171875 0.8609375 0.021875 0.01875
1 0.80390625 0.88046875 0.025 0.025
1 0.9453125 0.93671875 0.0265625 0.025
1 0.73828125 0.87890625 0.0234375 0.0234375
1 0.6671875 0.43125 0.0234375 0.021875
1 0.11171875 0.37578125 0.0203125 0.0171875
1 0.075 0.86796875 0.021875 0.021875
1 0.04296875 0.91796875 0.028125 0.0328125
1 0.31015625 0.396875 0.021875 0.0203125
1 0.05859375 0.63359375 0.028125 0.028125
1 0.7375 0.64921875 0.025 0.0171875
1 0.10546875 0.41796875 0.0234375 0.0203125
1 0.41484375 0.890625 0.028125 0.025
1 0.05859375 0.371875 0.021875 0.01875
1 0.8890625 0.35703125 0.0234375 0.0171875
2 0.25546875 0.2234375 0.1015625 0.0453125
1 0.2390625 0.84765625 0.0203125 0.015625
1 0.39375 0.4921875 0.021875 0.01875
1 0.0828125 0.3921875 0.021875 0.01875
1 0.5640625 0.4 0.0234375 0.0171875
1 0.6046875 0.46484375 0.025 0.0203125
1 0.01640625 0.471875 0.028125 0.025
1 0.11171875 0.9109375 0.034375 0.0375
1 0.1546875 0.9265625 0.0296875 0.034375
1 0.35546875 0.32734375 0.0203125 0.0171875
1 0.53046875 0.8859375 0.0234375 0.0234375
1 0.165625 0.875 0.021875 0.0203125
1 0.89453125 0.8765625 0.0234375 0.0203125
1 0.91640625 0.4015625 0.0234375 0.0171875
1 0.11484375 0.86015625 0.0203125 0.0171875
1 0.35 0.3859375 0.021875 0.0203125
4 0.44140625 0.5453125 0.13125 0.0984375
1 0.8828125 0.30859375 0.021875 0.0171875
1 0.89609375 0.940625 0.0296875 0.028125
0 0.04375 0.83046875 0.03125 0.0359375
1 0.5125 0.2953125 0.0203125 0.015625
1 0.8390625 0.65 0.025 0.01875
1 0.46640625 0.88984375 0.025 0.025
1 0.12421875 0.85234375 0.021875 0.01875
1 0.8984375 0.3390625 0.0203125 0.0171875
1 0.46875 0.35546875 0.01875 0.015625
1 0.58515625 0.3984375 0.021875 0.0203125
1 0.78203125 0.86328125 0.021875 0.01875
1 0.82890625 0.88046875 0.021875 0.0203125
1 0.37578125 0.903125 0.0265625 0.015625
1 0.37734375 0.33515625 0.0203125 0.015625
1 0.8828125 0.93125 0.0265625 0.028125
1 0.95 0.37890625 0.021875 0.01875
1 0.12578125 0.4 0.0234375 0.0171875
0 0.00859375 0.30078125 0.0171875 0.0234375
1 0.6453125 0.31875 0.0203125 0.0125
1 0.53828125 0.85078125 0.0203125 0.0140625
1 0.4625 0.3703125 0.021875 0.0171875
1 0.49921875 0.6421875 0.0234375 0.021875
1 0.853125 0.646875 0.025 0.021875
1 0.11796875 0.3125 0.0203125 0.0140625
1 0.5953125 0.87734375 0.0234375 0.0234375
1 0.1015625 0.321875 0.021875 0.01875
1 0.10078125 0.85703125 0.021875 0.0171875
1 0.27890625 0.46875 0.021875 0.015625
1 0.81484375 0.64921875 0.0234375 0.021875
0 0.08763855937500001 0.8003613046875 0.085795496875 0.8185723812499999 0.09356161562500001 0.8292936828125 0.11378955937499999 0.8264797078124999 0.1156742953125 0.8067497984375 0.109292821875 0.794524578125 0.09321882031249999 0.7928267921875001 0.08763855937500001 0.8003613046875
3 0.67265625 0.4140625 0.090625 0.11875