2 0.7671875 0.2203125 0.10625 0.0640625
4 0.1140625 0.32109375 0.084375 0.0953125
4 0.4 0.26328125 0.0796875 0.0828125
4 0.68046875 0.87109375 0.1046875 0.0890625
4 0.19296875 0.85859375 0.084375 0.0796875
3 0.7390625 0.8609375 0.0734375 0.071875
1 0.4421875 0.49140625 0.0296875 0.0203125
1 0.14609375 0.4359375 0.028125 0.01875
4 0.85546875 0.4359375 0.1046875 0.1109375
1 0.1734375 0.434375 0.0296875 0.01875
1 0.9171875 0.52578125 0.0296875 0.021875
1 0.05859375 0.375 0.028125 0.015625
1 0.30390625 0.49296875 0.028125 0.0203125
0 0.13984375 0.70625 0.0359375 0.034375
1 0.52109375 0.40859375 0.028125 0.01875
1 0.946875 0.4484375 0.028125 0.0171875
1 0.87421875 0.37421875 0.0265625 0.015625
1 0.9296875 0.42421875 0.028125 0.0171875
1 0.43125 0.35078125 0.0265625 0.015625
1 0.9890625 0.459375 0.021875 0.01875
1 0.85390625 0.59921875 0.0296875 0.021875
1 0.509375 0.34609375 0.0265625 0.015625
1 0.28671875 0.515625 0.0296875 0.021875
3 0.15390625 0.26484375 0.0765625 0.0875
1 0.9234375 0.446875 0.028125 0.0171875
0 0.225 0.1234375 0.0296875 0.01875
1 0.97421875 0.43046875 0.028125 0.0171875
0 0.17890625 0.0328125 0.028125 0.01875
3 0.103125 0.88984375 0.128125 0.134375
1 0.66328125 0.2765625 0.0265625 0.0140625
1 0.66015625 0.29375 0.025 0.0140625
2 0.25234375 0.20390625 0.109375 0.0609375
1 0.88359375 0.346875 0.025 0.0140625
0 0.2390625 0.20703125 0.0265625 0.015625
1 0.03046875 0.40703125 0.028125 0.0171875
1 0.2984375 0.51640625 0.0296875 0.0203125
0 0.16484375 0.11328125 0.0296875 0.01875
1 0.19375 0.40078125 0.028125 0.01875
1 0.334375 0.3375 0.025 0.0140625
1 0.696875 0.4 0.0265625 0.0171875
1 0.0390625 0.62109375 0.03125 0.0171875
1 0.38359375 0.90234375 0.028125 0.0125
1 0.01171875 0.38359375 0.0234375 0.0171875
1 0.6734375 0.36015625 0.0265625 0.0171875
0 0.23125 0.22265625 0.028125 0.015625
1 0.79921875 0.92421875 0.03125 0.021875
1 0.6109375 0.26953125 0.025 0.0140625
1 0.5578125 0.3734375 0.0265625 0.0171875
1 0.959375 0.4234375 0.0296875 0.0203125
1 0.8390625 0.93515625 0.03125 0.0234375
0 0.221875 0.14609375 0.0296875 0.0203125
1 0.8125 0.9109375 0.0296875 0.0203125
1 0.56875 0.3859375 0.0265625 0.0171875
1 0.2640625 0.48515625 0.028125 0.0203125
1 0.30234375 0.38828125 0.028125 0.015625
1 0.646875 0.32109375 0.025 0.0125
1 0.30078125 0.4125 0.028125 0.0171875
1 0.3609375 0.89453125 0.0265625 0.015625
1 0.2875 0.88046875 0.0265625 0.015625
1 0.63515625 0.2953125 0.0265625 0.015625
1 0.1921875 0.2984375 0.0234375 0.0140625
1 0.04375 0.96953125 0.0375 0.034375
1 0.15078125 0.628125 0.03125 0.021875
1 0.340625 0.8875 0.028125 0.015625
0 0.20234375 0.115625 0.028125 0.01875
1 0.88828125 0.31171875 0.0265625 0.0140625
1 0.5765625 0.359375 0.028125 0.0171875
1 0.75 0.9109375 0.0296875 0.0203125
1 0.27890625 0.8703125 0.0265625 0.0125
1 0.31875 0.35078125 0.025 0.0140625
1 0.90546875 0.328125 0.0265625 0.0140625
0 0.18984375 0.0109375 0.03125 0.0203125
0 0.8515625 0.81640625 0.0328125 0.0234375
1 0.91796875 0.390625 0.0265625 0.015625
0 0.17578125 0.80390625 0.0265625 0.0171875
1 0.34609375 0.31171875 0.025 0.0140625
1 0.0171875 0.39765625 0.028125 0.015625
0 0.8109375 0.8171875 0.028125 0.021875
1 0.48515625 0.25703125 0.025 0.0125
1 0.165625 0.29453125 0.0265625 0.0140625
1 0.3578125 0.290625 0.025 0.0140625
1 0.16875 0.928125 0.03125 0.0234375
0 0.2796875 0.190625 0.0265625 0.015625
0 0.16484375 0.03359375 0.03125 0.01875
1 0.63203125 0.26484375 0.025 0.0109375
1 0.77890625 0.8953125 0.028125 0.01875
1 0.37265625 0.2796875 0.025 0.0125
1 0.35078125 0.28359375 0.025 0.0109375
1 0.8421875 0.2890625 0.0265625 0.0140625
1 0.32109375 0.38359375 0.028125 0.0171875
1 0.51953125 0.2671875 0.025 0.0140625
0 0.15078125 0.12890625 0.0265625 0.015625
1 0.56796875 0.2703125 0.025 0.0125
0 0.8921875 0.81015625 0.028125 0.0171875
1 0.43984375 0.33125 0.0265625 0.015625
0 0.18828125 0.7453125 0.028125 0.0203125
0 0.39296875 0.70390625 0.0265625 0.0171875
1 0.496875 0.26015625 0.025 0.0125
1 0.559375 0.2703125 0.025 0.0125
1 0.68125 0.3609375 0.0265625 0.01875
1 0.0234375 0.38203125 0.0296875 0.0171875
1 0.1765625 0.29140625 0.0265625 0.015625
1 0.55078125 0.2578125 0.0265625 0.0109375
1 0.80703125 0.8828125 0.028125 0.015625
1 0.03203125 0.37421875 0.028125 0.015625
1 0.5875 0.26171875 0.025 0.0125
1 0.928125 0.36484375 0.028125 0.0203125
1 0.51328125 0.26484375 0.025 0.0140625
1 0.8640625 0.88203125 0.0296875 0.021875
1 0.9390625 0.38125 0.028125 0.015625
1 0.98828125 0.425 0.0234375 0.01875
1 0.64765625 0.3046875 0.025 0.0125
1 0.990625 0.4046875 0.01875 0.0125
1 0.828125 0.28203125 0.028125 0.0125
1 0.7515625 0.996875 0.0296875 0.00625
1 0.34375 0.2703125 0.025 0.0125
1 0.6375 0.2796875 0.025 0.0109375
0 0.83671875 0.7765625 0.0296875 0.0203125
1 0.25078125 0.8671875 0.025 0.0109375
1 0.44140625 0.875 0.025 0.0125
1 0.0078125 0.43203125 0.015625 0.0140625
1 0.92265625 0.34453125 0.0265625 0.0140625
1 0.90546875 0.30625 0.0265625 0.0125
1 0.45078125 0.25625 0.025 0.0125
1 0.89921875 0.28515625 0.0265625 0.0140625
1 0.92734375 0.65546875 0.03125 0.0125
1 0.88984375 0.284375 0.028125 0.015625
1 0.9265625 0.2765625 0.0265625 0.0140625
1 0.04765625 0.93125 0.03125 0.0234375
0 0.15546875 0.0828125 0.0296875 0.01875
1 0.76796875 0.8921875 0.028125 0.0171875
1 0.034375 0.3890625 0.028125 0.015625
1 0.2359375 0.86640625 0.025 0.0125
1 0.8953125 0.30390625 0.0265625 0.0140625
1 0.31015625 0.3734375 0.025 0.0125
1 0.0484375 0.32109375 0.0265625 0.0140625
1 0.88984375 0.9484375 0.03125 0.0203125
1 0.4296875 0.33203125 0.0296875 0.015625
1 0.5984375 0.8546875 0.0234375 0.009375
1 0.825 0.4109375 0.0265625 0.0140625
1 0.87578125 0.2796875 0.028125 0.0140625
1 0.96328125 0.38984375 0.0296875 0.015625
1 0.8796875 0.9453125 0.0296875 0.021875
1 0.46484375 0.86875 0.0265625 0.0109375
1 0.2640625 0.8625 0.0265625 0.0109375
1 0.82734375 0.878125 0.0296875 0.01875
1 0.71328125 0.3984375 0.0265625 0.0140625
1 0.0078125 0.41796875 0.015625 0.0140625
1 0.9921875 0.440625 0.015625 0.015625
1 0.8484375 0.91171875 0.0265625 0.0171875
1 0.859375 0.9859375 0.0359375 0.028125
1 0.81015625 0.99296875 0.0375 0.0140625
1 0.9203125 0.321875 0.0265625 0.0140625
1 0.94453125 0.32421875 0.028125 0.015625
1 0.93671875 0.3640625 0.025 0.0171875
1 0.44140625 0.85390625 0.025 0.009375
1 0.046875 0.37890625 0.0265625 0.015625
1 0.76953125 0.990625 0.034375 0.01875
1 0.440625 0.88671875 0.025 0.0109375
1 0.5734375 0.26484375 0.025 0.0125
1 0.57734375 0.8546875 0.0265625 0.0109375
1 0.1140625 0.271875 0.0265625 0.0125
0 0.1671875 0.04921875 0.028125 0.0140625
1 0.35390625 0.2625 0.0265625 0.0109375
1 0.1703125 0.90390625 0.028125 0.015625
0 0.14375 0.08203125 0.0296875 0.01875
1 0.8921875 0.27265625 0.0265625 0.0109375
1 0.3484375 0.29296875 0.0265625 0.0109375