2 0.778125 0.2296875 0.090625 0.065625
3 0.13984375 0.2640625 0.0625 0.078125
4 0.58984375 0.2640625 0.0625 0.0796875
2 0.26171875 0.19609375 0.0953125 0.0640625
1 0.5640625 0.6078125 0.015625 0.0234375
4 0.90078125 0.509375 0.109375 0.1234375
1 0.0765625 0.36015625 0.0109375 0.015625
1 0.2828125 0.45625 0.0125 0.0203125
1 0.4515625 0.61171875 0.0140625 0.0171875
1 0.6953125 0.5015625 0.0125 0.0203125
1 0.54453125 0.5375 0.0140625 0.021875
1 0.084375 0.40546875 0.0125 0.01875
1 0.58984375 0.56171875 0.0140625 0.0234375
1 0.17578125 0.42578125 0.0125 0.01875
1 0.24140625 0.8890625 0.0125 0.021875
1 0.6421875 0.5078125 0.0125 0.0203125
1 0.7453125 0.5578125 0.0125 0.0203125
1 0.69140625 0.5796875 0.0140625 0.0234375
1 0.59765625 0.5375 0.0140625 0.0203125
1 0.66328125 0.89921875 0.0109375 0.0171875
1 0.5328125 0.55546875 0.0140625 0.0203125
1 0.3234375 0.88203125 0.009375 0.015625
1 0.93671875 0.40234375 0.0109375 0.015625
1 0.71953125 0.90078125 0.0109375 0.01875
1 0.0484375 0.37265625 0.0125 0.0171875
1 0.01796875 0.4109375 0.0125 0.01875
1 0.1203125 0.375 0.0109375 0.0171875
1 0.9859375 0.509375 0.0125 0.0203125
1 0.55625 0.584375 0.0140625 0.021875
3 0.10859375 0.565625 0.125 0.1359375
1 0.453125 0.59375 0.0140625 0.01875
1 0.621875 0.51875 0.0125 0.0203125
1 0.753125 0.909375 0.0109375 0.0171875
1 0.81875 0.440625 0.0109375 0.0171875
1 0.9765625 0.409375 0.0109375 0.0171875
1 0.7734375 0.9078125 0.0109375 0.0171875
1 0.30078125 0.4734375 0.0125 0.01875
3 0.78984375 0.8625 0.05625 0.0640625
1 0.1203125 0.33125 0.0109375 0.015625
1 0.63046875 0.30390625 0.0078125 0.0140625
1 0.478125 0.64453125 0.0125 0.015625
0 0.27578125 0.16328125 0.0109375 0.0203125
1 0.16953125 0.91171875 0.0171875 0.0265625
1 0.31171875 0.44921875 0.0125 0.0203125
1 0.8734375 0.9609375 0.015625 0.0234375
1 0.396875 0.2828125 0.009375 0.0140625
1 0.15546875 0.44453125 0.0125 0.01875
1 0.66640625 0.44375 0.0109375 0.01875
1 0.9546875 0.3921875 0.0109375 0.0140625
1 0.0546875 0.425 0.0125 0.01875
1 0.6515625 0.3578125 0.009375 0.015625
1 0.078125 0.3171875 0.009375 0.0140625
1 0.52265625 0.36875 0.009375 0.015625
1 0.534375 0.5984375 0.0140625 0.0234375
1 0.13515625 0.31015625 0.0109375 0.015625
1 0.07265625 0.9703125 0.0171875 0.015625
1 0.609375 0.36328125 0.0109375 0.0171875
1 0.02578125 0.4453125 0.0125 0.01875
1 0.2265625 0.8578125 0.0078125 0.0140625
1 0.1546875 0.41875 0.0109375 0.01875
1 0.3609375 0.35859375 0.009375 0.0140625
1 0.834375 0.96015625 0.015625 0.0265625
1 0.696875 0.390625 0.0109375 0.015625
1 0.065625 0.328125 0.0109375 0.015625
1 0.76328125 0.5203125 0.0125 0.0203125
0 0.1484375 0.0953125 0.0109375 0.01875
1 0.55078125 0.26015625 0.0078125 0.0125
1 0.028125 0.34453125 0.0109375 0.0140625
1 0.85234375 0.30859375 0.00625 0.0125
1 0.7640625 0.8859375 0.0078125 0.0125
1 0.3 0.4546875 0.0125 0.0171875
1 0.88046875 0.4234375 0.0125 0.0171875
1 0.075 0.89609375 0.0140625 0.0234375
1 0.184375 0.9640625 0.0234375 0.0375
1 0.99375 0.44140625 0.0125 0.0171875
1 0.83515625 0.40859375 0.009375 0.015625
1 0.89296875 0.31015625 0.0078125 0.0140625
1 0.8703125 0.93828125 0.015625 0.021875
1 0.68203125 0.3921875 0.0109375 0.015625
0 0.1328125 0.1390625 0.0109375 0.0203125
0 0.246875 0.12578125 0.0125 0.0203125
1 0.38359375 0.2859375 0.009375 0.0140625
1 0.90546875 0.30234375 0.009375 0.0125
1 0.37421875 0.8984375 0.009375 0.0140625
1 0.33046875 0.384375 0.0109375 0.0171875
1 0.7421875 0.8828125 0.009375 0.0125
1 0.7640625 0.95546875 0.015625 0.028125
1 0.84140625 0.33203125 0.009375 0.0140625
1 0.8828125 0.4078125 0.009375 0.015625
1 0.68125 0.3609375 0.0109375 0.015625
0 0.128125 0.17734375 0.0109375 0.01875
1 0.84921875 0.9125 0.00625 0.0140625
1 0.634375 0.33828125 0.009375 0.0140625
1 0.83359375 0.9890625 0.0203125 0.021875
1 0.315625 0.37109375 0.0125 0.01875
1 0.63671875 0.35703125 0.0109375 0.015625
1 0.99765625 0.45546875 0.0046875 0.0140625
1 0.5109375 0.359375 0.009375 0.015625
1 0.21953125 0.96640625 0.0234375 0.0359375
1 0.4609375 0.5625 0.00625 0.015625
1 0.625 0.34375 0.009375 0.0140625
0 0.21171875 0.0796875 0.0125 0.01875
1 0.1984375 0.2453125 0.009375 0.0125
1 0.83828125 0.29375 0.0078125 0.0140625
1 0.821875 0.890625 0.0078125 0.0125
4 0.43671875 0.84296875 0.0234375 0.0328125
1 0.5140625 0.64609375 0.009375 0.0109375
1 0.84296875 0.41484375 0.0109375 0.0171875
1 0.3453125 0.36796875 0.009375 0.015625
1 0.1609375 0.8828125 0.0125 0.0171875
3 0.140625 0.8375 0.0625 0.06875
1 0.4765625 0.5359375 0.0109375 0.021875
1 0.53125 0.5359375 0.0109375 0.0171875
1 0.28828125 0.4984375 0.0109375 0.01875
1 0.6453125 0.27578125 0.009375 0.0109375
1 0.64609375 0.325 0.009375 0.015625
1 0.65859375 0.34453125 0.009375 0.0125
1 0.6765625 0.3125 0.009375 0.0125
1 0.240625 0.91953125 0.0109375 0.0203125
1 0.34453125 0.89765625 0.0109375 0.0109375
1 0.83984375 0.31328125 0.0078125 0.0125
1 0.50859375 0.6234375 0.0109375 0.0140625
1 0.01171875 0.35625 0.0078125 0.0140625
1 0.6703125 0.35859375 0.0125 0.015625
1 0.86875 0.890625 0.009375 0.0140625
1 0.35703125 0.31328125 0.009375 0.0125
1 0.44140625 0.640625 0.015625 0.0171875
1 0.63359375 0.275 0.0078125 0.0125
1 0.66015625 0.31328125 0.0109375 0.0140625
1 0.01484375 0.34140625 0.0125 0.0171875
1 0.75078125 0.9671875 0.015625 0.0296875
1 0.40078125 0.26796875 0.009375 0.0140625
1 0.1765625 0.26328125 0.009375 0.0125
1 0.66875 0.275 0.0109375 0.0140625
4 0.24921875 0.5703125 0.13125 0.1390625
1 0.87578125 0.31796875 0.009375 0.0171875
1 0.15859375 0.8640625 0.009375 0.0125
1 0.78359375 0.88984375 0.0078125 0.0140625
1 0.4625 0.87109375 0.00625 0.009375
1 0.190625 0.93125 0.0125 0.0203125
1 0.16875 0.871875 0.0109375 0.015625
1 0.1078125 0.8671875 0.0125 0.0171875
1 0.0859375 0.28359375 0.009375 0.0125
1 0.09296875 0.8828125 0.0140625 0.01875
1 0.503125 0.64453125 0.0109375 0.0125
1 0.68125 0.34296875 0.009375 0.0125
1 0.36171875 0.3234375 0.0078125 0.0109375
1 0.1515625 0.8875 0.0078125 0.0140625
0 0.1734375 0.075 0.0125 0.01875
1 0.35390625 0.2671875 0.0078125 0.0125
1 0.71875 0.8796875 0.0078125 0.009375
1 0.684375 0.328125 0.0109375 0.0140625
1 0.24140625 0.49921875 0.0078125 0.0109375
1 0.26796875 0.49375 0.0078125 0.0140625
1 0.36953125 0.2875 0.0109375 0.01875
1 0.9328125 0.95234375 0.0140625 0.0234375
1 0.3546875 0.33046875 0.009375 0.0140625
1 0.1 0.975 0.0171875 0.009375
1 0.3640625 0.3359375 0.009375 0.015625
1 0.8390625 0.8875 0.009375 0.0109375
1 0.1 0.51015625 0.0125 0.0171875
1 0.90703125 0.9421875 0.015625 0.0234375
1 0.1015625 0.2734375 0.0109375 0.0125
1 0.33359375 0.3203125 0.009375 0.0125
1 0.55625 0.871875 0.0078125 0.0125
1 0.059375 0.87265625 0.0125 0.01875
1 0.3359375 0.36640625 0.0109375 0.0171875
1 0.359375 0.2953125 0.0109375 0.0140625
1 0.22265625 0.515625 0.0125 0.01875
1 0.74296875 0.86640625 0.009375 0.0109375
1 0.91484375 0.88828125 0.00625 0.0109375
0 0.24375 0.21875 0.0109375 0.0125
1 0.35546875 0.25625 0.0078125 0.0125
1 0.2234375 0.59375 0.0125 0.0203125
1 0.06484375 0.29765625 0.0109375 0.0140625
1 0.8953125 0.93828125 0.0125 0.01875
1 0.034375 0.3234375 0.009375 0.0140625
1 0.425 0.6453125 0.009375 0.009375
1 0.665625 0.33203125 0.009375 0.0140625
1 0.65625 0.59140625 0.0078125 0.0109375
1 0.55546875 0.65234375 0.009375 0.009375