4 0.84765625 0.446875 0.09296875 0.10234375
3 0.20859375 0.88125 0.0765625 0.09609375
2 0.24609375 0.209375 0.090625 0.0546875
2 0.76328125 0.2171875 0.08828125 0.06015625
1 0.68203125 0.515625 0.01171875 0.0171875
1 0.30859375 0.5203125 0.0125 0.01953125
1 0.7828125 0.57734375 0.0140625 0.021875
4 0.89609375 0.2875 0.06640625 0.090625
1 0.56953125 0.4640625 0.01015625 0.01796875
1 0.36953125 0.4515625 0.01015625 0.01796875
1 0.28984375 0.546875 0.0125 0.02109375
1 0.6765625 0.49765625 0.0109375 0.01875
4 0.65859375 0.8703125 0.06640625 0.08359375
1 0.6328125 0.50859375 0.0109375 0.0203125
1 0.89453125 0.35703125 0.009375 0.01640625
1 0.515625 0.48125 0.0109375 0.01796875
1 0.38984375 0.6015625 0.01328125 0.02265625
3 0.0484375 0.36953125 0.096875 0.11015625
1 0.5515625 0.50703125 0.0125 0.02109375
1 0.69375 0.41953125 0.00859375 0.0171875
1 0.6109375 0.3890625 0.009375 0.0171875
1 0.29375 0.46171875 0.0109375 0.01953125
1 0.29453125 0.5203125 0.01328125 0.0203125
1 0.76171875 0.57734375 0.01328125 0.02265625
1 0.30625 0.54609375 0.0125 0.01953125
1 0.32734375 0.49921875 0.01171875 0.0203125
1 0.68125 0.53984375 0.01171875 0.01953125
1 0.878125 0.33125 0.0078125 0.0140625
1 0.74296875 0.546875 0.01328125 0.02109375
1 0.91796875 0.44375 0.0109375 0.01796875
1 0.26171875 0.59921875 0.01328125 0.02265625
1 0.53828125 0.5046875 0.01171875 0.0203125
1 0.3953125 0.43515625 0.01171875 0.01796875
1 0.6 0.440625 0.01015625 0.0171875
1 0.6 0.5109375 0.0109375 0.021875
1 0.66640625 0.51640625 0.01015625 0.01484375
1 0.6734375 0.4390625 0.01015625 0.01796875
1 0.54140625 0.39140625 0.009375 0.015625
3 0.1015625 0.5390625 0.08203125 0.134375
1 0.70390625 0.5203125 0.01171875 0.01953125
1 0.62578125 0.4875 0.0109375 0.0203125
1 0.40703125 0.42890625 0.0109375 0.0171875
1 0.23046875 0.95703125 0.01796875 0.0328125
1 0.60390625 0.9 0.01015625 0.01484375
1 0.3796875 0.3890625 0.009375 0.0171875
1 0.6296875 0.4171875 0.009375 0.015625
1 0.16640625 0.93671875 0.0171875 0.02734375
1 0.196875 0.421875 0.01015625 0.01796875
1 0.0578125 0.47890625 0.0109375 0.01484375
1 0.3234375 0.5578125 0.01171875 0.02109375
1 0.58125 0.38203125 0.00859375 0.01484375
1 0.44765625 0.50078125 0.009375 0.01796875
4 0.8015625 0.9171875 0.14453125 0.14296875
1 0.55234375 0.90390625 0.00859375 0.0109375
1 0.66015625 0.55078125 0.0125 0.02109375
1 0.29375 0.4296875 0.01015625 0.015625
1 0.434375 0.45 0.01171875 0.01640625
1 0.340625 0.88984375 0.0109375 0.01640625
1 0.63046875 0.34609375 0.00859375 0.015625
1 0.87734375 0.55546875 0.0109375 0.01796875
1 0.4078125 0.33515625 0.00859375 0.01328125
1 0.43125 0.42265625 0.0109375 0.01484375
1 0.83359375 0.35078125 0.009375 0.01484375
1 0.84296875 0.37734375 0.009375 0.01484375
1 0.89765625 0.58359375 0.0125 0.02109375
1 0.521875 0.3953125 0.009375 0.01484375
1 0.5046875 0.496875 0.01015625 0.01875
1 0.4796875 0.4859375 0.01015625 0.0171875
1 0.41015625 0.44921875 0.01015625 0.01875
1 0.30390625 0.428125 0.01015625 0.01640625
1 0.32421875 0.3453125 0.0078125 0.015625
1 0.725 0.4703125 0.0109375 0.01875
1 0.4265625 0.47734375 0.0109375 0.01796875
1 0.40859375 0.2671875 0.0078125 0.0125
1 0.38984375 0.37109375 0.01015625 0.01484375
1 0.7140625 0.5546875 0.0125 0.01953125
1 0.1515625 0.61015625 0.01171875 0.01796875
1 0.14921875 0.9375 0.01640625 0.028125
1 0.1859375 0.42265625 0.01171875 0.01796875
1 0.3796875 0.90078125 0.0109375 0.015625
1 0.4 0.3859375 0.01015625 0.01640625
1 0.43125 0.3765625 0.009375 0.01640625
1 0.72578125 0.54296875 0.01328125 0.01875
1 0.82265625 0.26953125 0.0078125 0.0125
1 0.6984375 0.89765625 0.0109375 0.01875
1 0.53828125 0.446875 0.0109375 0.01875
4 0.98359375 0.46640625 0.0328125 0.1078125
1 0.37265625 0.28984375 0.00859375 0.0140625
1 0.490625 0.515625 0.0109375 0.01875
1 0.8234375 0.34453125 0.009375 0.01484375
1 0.4671875 0.34453125 0.0078125 0.01328125
1 0.51640625 0.45234375 0.01015625 0.01796875
1 0.91875 0.5828125 0.009375 0.01875
1 0.56640625 0.3046875 0.0078125 0.01328125
1 0.38671875 0.353125 0.01015625 0.0140625
1 0.63359375 0.328125 0.009375 0.015625
1 0.8125 0.3453125 0.01015625 0.015625
1 0.66015625 0.28046875 0.0078125 0.0125
1 0.35078125 0.3171875 0.0078125 0.01328125
1 0.603125 0.30078125 0.00703125 0.0125
1 0.5609375 0.3453125 0.009375 0.0140625
1 0.70546875 0.46171875 0.01015625 0.01796875
1 0.8125 0.32265625 0.00859375 0.01328125
1 0.303125 0.40859375 0.009375 0.0140625
1 0.08359375 0.9265625 0.01484375 0.02578125
1 0.45703125 0.47265625 0.009375 0.0125
1 0.4078125 0.34921875 0.009375 0.01328125
1 0.62265625 0.2921875 0.009375 0.01328125
1 0.67890625 0.38046875 0.00859375 0.01484375
1 0.54296875 0.359375 0.009375 0.015625
1 0.44609375 0.45078125 0.01015625 0.01640625
1 0.57890625 0.33125 0.0078125 0.01328125
1 0.6234375 0.44921875 0.01171875 0.01875
1 0.45078125 0.35078125 0.009375 0.01484375
1 0.56796875 0.27890625 0.0078125 0.01328125
1 0.64765625 0.32578125 0.009375 0.0140625
1 0.4484375 0.39609375 0.009375 0.01484375
1 0.9171875 0.3359375 0.00859375 0.0140625
1 0.4453125 0.37734375 0.00859375 0.01484375
1 0.53515625 0.3390625 0.009375 0.01484375
1 0.125 0.9015625 0.01171875 0.01796875
1 0.6609375 0.265625 0.0078125 0.0125
1 0.33984375 0.309375 0.0078125 0.0140625
1 0.5453125 0.34375 0.009375 0.01484375
1 0.52265625 0.3234375 0.01015625 0.01484375
1 0.43671875 0.40625 0.01015625 0.0125
1 0.50625 0.4640625 0.009375 0.015625
1 0.5578125 0.31796875 0.00859375 0.01328125
1 0.29375 0.41015625 0.01015625 0.0140625
1 0.62265625 0.30703125 0.009375 0.01328125
1 0.5953125 0.35078125 0.0078125 0.0140625
1 0.13515625 0.2609375 0.00703125 0.01328125
1 0.54296875 0.31796875 0.00859375 0.0125
1 0.584375 0.34296875 0.01015625 0.0125
1 0.240625 0.65 0.01015625 0.0125
1 0.10546875 0.2734375 0.0078125 0.0125
1 0.43359375 0.27578125 0.00703125 0.01328125
1 0.2578125 0.6359375 0.01328125 0.01796875
1 0.63125 0.2859375 0.0078125 0.0125
1 0.43984375 0.30390625 0.00859375 0.01328125
1 0.49296875 0.31484375 0.00859375 0.0125
1 0.446875 0.48359375 0.00859375 0.0125
1 0.40703125 0.3734375 0.0125 0.015625
1 0.53671875 0.38203125 0.00859375 0.01328125
1 0.43515625 0.2609375 0.00703125 0.01171875
1 0.65546875 0.34765625 0.00859375 0.015625
1 0.49140625 0.4921875 0.0078125 0.01640625
1 0.46328125 0.32109375 0.0078125 0.0140625
1 0.7 0.4375 0.009375 0.01328125
1 0.61640625 0.3484375 0.00859375 0.0140625
1 0.42265625 0.3765625 0.009375 0.015625
1 0.7 0.45 0.009375 0.01484375
1 0.925 0.89375 0.01015625 0.01640625
1 0.50390625 0.3171875 0.00859375 0.01171875
1 0.35234375 0.3015625 0.00703125 0.009375
1 0.590625 0.37109375 0.00859375 0.0140625
1 0.47109375 0.2578125 0.0078125 0.01171875
1 0.17578125 0.2609375 0.009375 0.0125
1 0.146875 0.26015625 0.00859375 0.0125
1 0.115625 0.26796875 0.00703125 0.01171875
1 0.390625 0.25703125 0.00703125 0.01171875
1 0.884375 0.928125 0.0109375 0.02265625
1 0.11015625 0.29453125 0.01015625 0.0140625
1 0.45078125 0.33203125 0.009375 0.01328125
1 0.453125 0.2640625 0.00703125 0.0125
1 0.34609375 0.2875 0.00703125 0.0125
1 0.6640625 0.534375 0.0109375 0.01484375
1 0.44453125 0.28671875 0.00859375 0.0125
1 0.63203125 0.30625 0.009375 0.0140625
1 0.56328125 0.25859375 0.0078125 0.0125
1 0.5015625 0.44296875 0.009375 0.0140625
1 0.3234375 0.33203125 0.00703125 0.01015625
1 0.37421875 0.2625 0.0078125 0.0109375
1 0.4859375 0.3203125 0.009375 0.01328125
1 0.4953125 0.3296875 0.009375 0.01484375
1 0.478125 0.28828125 0.009375 0.0125
1 0.5328125 0.90703125 0.00703125 0.009375
1 0.36875 0.2734375 0.009375 0.01171875
1 0.934375 0.86796875 0.01015625 0.0140625
1 0.6140625 0.27421875 0.00859375 0.01328125
1 0.50390625 0.328125 0.00859375 0.01328125
1 0.51328125 0.40859375 0.00859375 0.01484375
1 0.39765625 0.3546875 0.01171875 0.01328125
1 0.465625 0.45546875 0.009375 0.0140625
4 0.9 0.84765625 0.04375 0.08359375
1 0.6046875 0.8703125 0.00703125 0.0109375
1 0.59140625 0.325 0.00703125 0.01171875
1 0.4796875 0.4578125 0.00859375 0.01484375
1 0.51484375 0.38125 0.00859375 0.0140625
1 0.50390625 0.43046875 0.01015625 0.01328125
1 0.09921875 0.91796875 0.0125 0.02265625
1 0.2609375 0.86875 0.00703125 0.01171875
1 0.09453125 0.2921875 0.00859375 0.0125
1 0.653125 0.31015625 0.0078125 0.0125
1 0.56484375 0.334375 0.00625 0.0125
1 0.603125 0.32578125 0.0078125 0.01171875
1 0.67890625 0.3515625 0.0078125 0.01171875
1 0.4859375 0.34453125 0.01171875 0.0140625
1 0.528125 0.36875 0.01015625 0.0125
1 0.35390625 0.28828125 0.0078125 0.01328125
1 0.4359375 0.4375 0.01015625 0.0125
1 0.9015625 0.88203125 0.00703125 0.01328125
1 0.465625 0.49609375 0.00859375 0.0109375
1 0.4578125 0.4921875 0.01015625 0.01484375
1 0.4953125 0.42578125 0.009375 0.01640625
1 0.37890625 0.2796875 0.00703125 0.01171875
1 0.46328125 0.29296875 0.0078125 0.0140625
1 0.34140625 0.26796875 0.00703125 0.01171875
1 0.35859375 0.2703125 0.0078125 0.0125
1 0.60234375 0.34296875 0.00859375 0.01328125
1 0.4625 0.30859375 0.0078125 0.01328125
1 0.34765625 0.25859375 0.009375 0.0125
1 0.3625 0.29296875 0.00859375 0.0171875
1 0.68046875 0.36875 0.00859375 0.0125
1 0.72578125 0.8796875 0.009375 0.0125
1 0.15546875 0.490625 0.00703125 0.0140625
1 0.6453125 0.26875 0.00703125 0.01171875
1 0.459375 0.36171875 0.01015625 0.0171875
1 0.60546875 0.29140625 0.0078125 0.01171875
1 0.709375 0.9890625 0.01796875 0.0203125
1 0.596875 0.33671875 0.009375 0.01171875
1 0.49296875 0.4421875 0.009375 0.01484375
1 0.35625 0.25859375 0.009375 0.0125
1 0.0125 0.41875 0.01015625 0.015625
1 0.534375 0.32421875 0.009375 0.0140625
1 0.0765625 0.29375 0.00859375 0.01328125
1 0.44765625 0.40859375 0.00859375 0.01328125
1 0.71171875 0.38125 0.01015625 0.0140625
1 0.521875 0.346875 0.009375 0.0140625
1 0.48046875 0.4375 0.01015625 0.01484375
1 0.44765625 0.87890625 0.00859375 0.0125
1 0.1890625 0.28203125 0.00625 0.01015625
1 0.55703125 0.33515625 0.009375 0.01171875
1 0.3328125 0.26640625 0.00859375 0.01171875
1 0.64375 0.309375 0.00859375 0.01171875
1 0.9171875 0.8796875 0.0078125 0.0125
1 0.95703125 0.92890625 0.0125 0.02265625