4 0.41015625 0.27578125 0.0984375 0.090625
2 0.74296875 0.19765625 0.121875 0.071875
3 0.14140625 0.340625 0.109375 0.090625
2 0.2265625 0.228125 0.121875 0.065625
4 0.71171875 0.434375 0.121875 0.128125
1 0.5765625 0.59921875 0.0453125 0.028125
1 0.71015625 0.87578125 0.040625 0.021875
1 0.16953125 0.465625 0.0421875 0.0234375
1 0.5796875 0.4671875 0.0421875 0.0265625
3 0.234375 0.8796875 0.1078125 0.084375
4 0.3328125 0.47421875 0.1390625 0.1328125
1 0.465625 0.61640625 0.04375 0.0234375
1 0.5953125 0.50390625 0.0421875 0.025
1 0.7 0.55546875 0.0421875 0.028125
1 0.76640625 0.87109375 0.040625 0.0234375
1 0.0703125 0.41015625 0.040625 0.021875
1 0.77421875 0.42109375 0.0390625 0.021875
1 0.596875 0.55078125 0.04375 0.028125
1 0.54453125 0.53125 0.0421875 0.0265625
1 0.82109375 0.8703125 0.040625 0.021875
1 0.56640625 0.57578125 0.04375 0.0265625
1 0.715625 0.5171875 0.0421875 0.025
1 0.4015625 0.56640625 0.04375 0.028125
1 0.015625 0.46953125 0.03125 0.0234375
1 0.921875 0.35 0.040625 0.0203125
1 0.80859375 0.4015625 0.040625 0.0234375
1 0.60625 0.36171875 0.0390625 0.021875
1 0.46484375 0.5984375 0.04375 0.0234375
1 0.1765625 0.90546875 0.0390625 0.0203125
1 0.86953125 0.36328125 0.040625 0.021875
1 0.24296875 0.6265625 0.04375 0.0265625
1 0.37109375 0.90078125 0.0390625 0.0203125
1 0.92578125 0.91171875 0.0453125 0.028125
1 0.96171875 0.3515625 0.040625 0.021875
1 0.08671875 0.4 0.040625 0.0203125
1 0.15234375 0.484375 0.0421875 0.0234375
1 0.65546875 0.48984375 0.0421875 0.025
1 0.221875 0.94921875 0.046875 0.03125
1 0.73984375 0.5453125 0.0421875 0.028125
1 0.01953125 0.39921875 0.0390625 0.0203125
1 0.5046875 0.51640625 0.040625 0.021875
1 0.17109375 0.66796875 0.04375 0.025
1 0.23828125 0.58203125 0.0421875 0.028125
1 0.5 0.3671875 0.040625 0.0203125
1 0.45625 0.28671875 0.0390625 0.01875
1 0.61796875 0.30703125 0.0390625 0.01875
1 0.64296875 0.50078125 0.0421875 0.025
1 0.50859375 0.36640625 0.0390625 0.0203125
1 0.65625 0.34453125 0.040625 0.0203125
1 0.309375 0.90703125 0.040625 0.021875
1 0.93828125 0.3375 0.0421875 0.01875
1 0.54609375 0.59296875 0.04375 0.0296875
1 0.115625 0.40390625 0.040625 0.0203125
1 0.89140625 0.95234375 0.0515625 0.040625
1 0.090625 0.38203125 0.0390625 0.01875
1 0.6671875 0.36796875 0.0390625 0.021875
1 0.1578125 0.4125 0.040625 0.021875
1 0.34609375 0.3765625 0.040625 0.01875
1 0.1359375 0.40234375 0.040625 0.0203125
1 0.215625 0.91875 0.04375 0.0265625
1 0.8875 0.91640625 0.046875 0.0328125
1 0.68203125 0.3671875 0.040625 0.021875
1 0.8078125 0.93203125 0.0484375 0.0359375
1 0.803125 0.28203125 0.0390625 0.01875
1 0.46796875 0.6484375 0.0421875 0.0171875
1 0.146875 0.4609375 0.040625 0.0234375
1 0.04375 0.390625 0.040625 0.0203125
1 0.9203125 0.88984375 0.0453125 0.028125
1 0.19453125 0.665625 0.0421875 0.0234375
1 0.8578125 0.84609375 0.0390625 0.0171875
1 0.0234375 0.503125 0.0421875 0.0234375
1 0.4390625 0.6484375 0.04375 0.0234375
0 0.27578125 0.7609375 0.0421875 0.025
1 0.18671875 0.375 0.0390625 0.01875
0 0.13984375 0.18984375 0.0421875 0.0234375
1 0.8671875 0.26328125 0.0390625 0.01875
1 0.03984375 0.3765625 0.040625 0.01875
1 0.3328125 0.9078125 0.04375 0.0265625
1 0.471875 0.3125 0.0390625 0.01875
1 0.22578125 0.6171875 0.0453125 0.0265625
0 0.1390625 0.2546875 0.0390625 0.01875
1 0.878125 0.25390625 0.0390625 0.0171875
1 0.62734375 0.33046875 0.0390625 0.021875
1 0.43515625 0.3046875 0.040625 0.01875
1 0.28125 0.88984375 0.0375 0.0171875
1 0.2421875 0.98828125 0.053125 0.0234375
1 0.98125 0.38125 0.0375 0.021875
1 0.1390625 0.9296875 0.0421875 0.0234375
1 0.821875 0.36875 0.0390625 0.0203125
1 0.13671875 0.38515625 0.0390625 0.0171875
1 0.30546875 0.31875 0.0375 0.01875
1 0.16171875 0.39453125 0.0390625 0.01875
1 0.61640625 0.2765625 0.040625 0.021875
1 0.42421875 0.9109375 0.040625 0.0171875
1 0.59921875 0.27421875 0.040625 0.0203125
1 0.5796875 0.8671875 0.0390625 0.01875
1 0.76796875 0.478125 0.04375 0.028125
1 0.75234375 0.49375 0.0421875 0.025
1 0.63984375 0.8640625 0.0390625 0.01875
1 0.63671875 0.30859375 0.040625 0.01875
1 0.896875 0.86640625 0.0375 0.01875
1 0.6546875 0.328125 0.040625 0.0203125
1 0.06875 0.3640625 0.0390625 0.0203125
1 0.1796875 0.39375 0.040625 0.0203125
1 0.98515625 0.3953125 0.0296875 0.01875
1 0.278125 0.9875 0.053125 0.025
1 0.28515625 0.90625 0.040625 0.0203125
1 0.09765625 0.36640625 0.040625 0.0203125
1 0.83046875 0.3734375 0.040625 0.021875
1 0.5015625 0.646875 0.040625 0.0171875
1 0.365625 0.29296875 0.0390625 0.0171875
1 0.2109375 0.621875 0.04375 0.025
1 0.46875 0.5671875 0.0375 0.01875
0 0.14375 0.22109375 0.040625 0.021875
1 0.3296875 0.38828125 0.040625 0.0203125
1 0.2484375 0.91328125 0.0421875 0.0234375
0 0.29140625 0.72578125 0.0421875 0.0234375
1 0.05859375 0.36875 0.040625 0.01875
1 0.33515625 0.27890625 0.0390625 0.0171875
1 0.31953125 0.4015625 0.0421875 0.0203125
1 0.85078125 0.2734375 0.0390625 0.021875
1 0.29609375 0.9109375 0.040625 0.021875
1 0.51171875 0.8734375 0.0375 0.0140625
1 0.65234375 0.31171875 0.0390625 0.021875
1 0.22421875 0.6625 0.0421875 0.021875
1 0.2296875 0.59375 0.04375 0.0234375
1 0.50234375 0.2859375 0.0390625 0.01875
1 0.24453125 0.96484375 0.0421875 0.025
1 0.16953125 0.284375 0.040625 0.0171875
1 0.3609375 0.86875 0.0390625 0.0171875
1 0.91328125 0.84296875 0.040625 0.01875
1 0.48671875 0.2875 0.0390625 0.0171875
1 0.30234375 0.39296875 0.0421875 0.0234375
1 0.665625 0.3421875 0.0421875 0.021875
1 0.61796875 0.8625 0.0390625 0.0171875
3 0.25625 0.5390625 0.084375 0.125
1 0.67890625 0.3265625 0.040625 0.01875
1 0.62421875 0.259375 0.0390625 0.015625
1 0.11328125 0.92265625 0.040625 0.021875
1 0.35625 0.3015625 0.0390625 0.0171875
1 0.5171875 0.278125 0.0390625 0.0171875
1 0.540625 0.26640625 0.0390625 0.01875
1 0.1234375 0.39140625 0.040625 0.01875
1 0.38203125 0.6203125 0.040625 0.025
1 0.26875 0.9125 0.0421875 0.025
1 0.39453125 0.91328125 0.040625 0.0140625
1 0.0484375 0.3765625 0.040625 0.01875
1 0.31171875 0.4171875 0.040625 0.021875
1 0.5875 0.25625 0.0375 0.01875
1 0.20234375 0.909375 0.0421875 0.021875
1 0.340625 0.34609375 0.0390625 0.01875
1 0.32109375 0.309375 0.0390625 0.01875
1 0.33671875 0.31328125 0.040625 0.01875
4 0.59296875 0.8359375 0.0921875 0.071875
1 0.3265625 0.33203125 0.0390625 0.01875
1 0.66640625 0.3078125 0.0390625 0.01875
1 0.1515625 0.3796875 0.0375 0.0171875
1 0.31640625 0.33203125 0.0390625 0.0203125
1 0.49296875 0.26640625 0.040625 0.01875
1 0.5765625 0.25234375 0.0375 0.015625
1 0.55859375 0.25390625 0.0375 0.0171875
1 0.20625 0.6359375 0.0421875 0.01875
1 0.23203125 0.6328125 0.040625 0.0171875
1 0.34609375 0.3578125 0.040625 0.0171875
1 0.1421875 0.95859375 0.0390625 0.015625
1 0.64453125 0.30703125 0.0390625 0.01875
1 0.98125 0.896875 0.0375 0.028125
1 0.5046875 0.2671875 0.040625 0.01875
1 0.47265625 0.2953125 0.0390625 0.015625
1 0.0578125 0.3328125 0.0390625 0.01875
4 0.0203125 0.5234375 0.040625 0.1
1 0.32578125 0.29296875 0.0359375 0.015625
1 0.60859375 0.26328125 0.0390625 0.0171875
1 0.171875 0.3171875 0.040625 0.0171875
1 0.3171875 0.346875 0.0390625 0.0171875
1 0.3203125 0.38671875 0.040625 0.021875
1 0.94609375 0.88671875 0.0421875 0.0234375
1 0.31953125 0.90625 0.046875 0.025
1 0.07734375 0.3234375 0.040625 0.0171875
1 0.20546875 0.6515625 0.0421875 0.0171875
1 0.95859375 0.83515625 0.0375 0.0171875
1 0.9578125 0.8890625 0.0453125 0.0296875
1 0.2875 0.45625 0.040625 0.01875
1 0.440625 0.28671875 0.0390625 0.0171875
1 0.09453125 0.353125 0.0390625 0.0171875
1 0.72890625 0.834375 0.0359375 0.015625
1 0.04296875 0.3515625 0.040625 0.0203125
1 0.9390625 0.31328125 0.0390625 0.015625
1 0.33359375 0.34765625 0.0390625 0.0203125
1 0.48125 0.5390625 0.040625 0.0234375
1 0.2953125 0.425 0.040625 0.021875