4 0.84921875 0.3375 0.06484375 0.0828125
3 0.18046875 0.3375 0.0484375 0.0734375
3 0.1203125 0.46640625 0.08046875 0.1046875
3 0.19921875 0.8546875 0.0796875 0.0875
4 0.9640625 0.46796875 0.071875 0.1140625
1 0.44921875 0.4546875 0.01015625 0.01796875
3 0.07421875 0.3921875 0.08125 0.1078125
1 0.31796875 0.4640625 0.0109375 0.01796875
3 0.365625 0.85546875 0.084375 0.11796875
1 0.6734375 0.53125 0.0125 0.0234375
1 0.45703125 0.42421875 0.01015625 0.0171875
2 0.77109375 0.2203125 0.0859375 0.05859375
0 0.14375 0.21796875 0.01328125 0.021875
1 0.61953125 0.34453125 0.0078125 0.01484375
0 0.7609375 0.22890625 0.0109375 0.01796875
1 0.58984375 0.53203125 0.0125 0.021875
1 0.63203125 0.37265625 0.009375 0.015625
1 0.396875 0.421875 0.009375 0.015625
1 0.2453125 0.8875 0.01171875 0.0203125
1 0.3515625 0.446875 0.01171875 0.01796875
1 0.646875 0.39609375 0.0109375 0.01640625
1 0.48515625 0.37109375 0.00859375 0.0140625
0 0.68125 0.75859375 0.01484375 0.0265625
1 0.49296875 0.390625 0.009375 0.01640625
1 0.05234375 0.5640625 0.0125 0.02265625
0 0.23125 0.209375 0.0109375 0.01875
0 0.17890625 0.234375 0.009375 0.0171875
0 0.20703125 0.19140625 0.01015625 0.015625
1 0.3578125 0.4296875 0.009375 0.01640625
1 0.71484375 0.47734375 0.01171875 0.0171875
0 0.19609375 0.134375 0.01015625 0.01875
0 0.84921875 0.1984375 0.0109375 0.0203125
0 0.184375 0.196875 0.009375 0.01796875
4 0.80390625 0.834375 0.0703125 0.05859375
1 0.31640625 0.88828125 0.01171875 0.021875
1 0.3734375 0.4078125 0.01015625 0.01796875
1 0.5609375 0.51328125 0.01328125 0.02109375
1 0.278125 0.48984375 0.01171875 0.01796875
0 0.13203125 0.33984375 0.0109375 0.01796875
1 0.43515625 0.4171875 0.009375 0.01328125
0 0.8671875 0.1296875 0.0109375 0.01875
1 0.6671875 0.3515625 0.0078125 0.0140625
1 0.46171875 0.3875 0.009375 0.01796875
1 0.4484375 0.35234375 0.00859375 0.0140625
1 0.70390625 0.4796875 0.0109375 0.01875
0 0.22890625 0.74609375 0.00859375 0.01640625
0 0.12890625 0.303125 0.0109375 0.01796875
1 0.65 0.34375 0.01015625 0.0140625
0 0.2609375 0.21015625 0.009375 0.01640625
0 0.83828125 0.14140625 0.01015625 0.0171875
1 0.49765625 0.3734375 0.00859375 0.015625
1 0.51953125 0.37578125 0.009375 0.0140625
1 0.5859375 0.315625 0.0078125 0.0140625
0 0.7375 0.1890625 0.009375 0.01640625
1 0.621875 0.309375 0.00703125 0.01328125
1 0.51484375 0.31875 0.0078125 0.01328125
0 0.84921875 0.1390625 0.0109375 0.01796875
1 0.2984375 0.4890625 0.01171875 0.0171875
1 0.35703125 0.33984375 0.009375 0.01640625
1 0.6609375 0.38046875 0.009375 0.01328125
0 0.24140625 0.71640625 0.009375 0.01796875
0 0.18515625 0.16953125 0.01015625 0.01640625
0 0.803125 0.2109375 0.01171875 0.01953125
0 0.15390625 0.1296875 0.01171875 0.01953125
1 0.38046875 0.32734375 0.00703125 0.0140625
0 0.14375 0.128125 0.01015625 0.0171875
0 0.765625 0.72109375 0.009375 0.01640625
0 0.16171875 0.11015625 0.0125 0.021875
1 0.66484375 0.43125 0.0109375 0.01796875
0 0.21875 0.1453125 0.01015625 0.01640625
0 0.8390625 0.11953125 0.0109375 0.01796875
1 0.92734375 0.3359375 0.009375 0.01484375
0 0.2359375 0.2265625 0.0109375 0.01484375
1 0.50234375 0.34765625 0.0078125 0.01484375
1 0.26484375 0.496875 0.0109375 0.0203125
1 0.67109375 0.33671875 0.009375 0.01796875
1 0.725 0.4578125 0.0109375 0.0171875
0 0.23203125 0.27734375 0.01015625 0.015625
1 0.45078125 0.40390625 0.01015625 0.01484375
1 0.346875 0.296875 0.00703125 0.0125
1 0.49140625 0.33359375 0.00859375 0.0125
0 0.6390625 0.7640625 0.01328125 0.02734375
1 0.4484375 0.43828125 0.01015625 0.01484375
1 0.5734375 0.5328125 0.01171875 0.02109375
0 0.653125 0.76484375 0.015625 0.02734375
1 0.13515625 0.61484375 0.0140625 0.021875
1 0.88984375 0.85 0.00703125 0.0125
0 0.9796875 0.1828125 0.009375 0.015625
1 0.43671875 0.396875 0.01015625 0.01171875
1 0.28203125 0.6484375 0.01171875 0.01171875
1 0.65859375 0.39375 0.009375 0.0140625
1 0.38671875 0.3546875 0.009375 0.0140625
1 0.32890625 0.43984375 0.01171875 0.0171875
0 0.859375 0.22421875 0.01015625 0.01875
0 0.6671875 0.76328125 0.0140625 0.02421875
1 0.28671875 0.46953125 0.0125 0.01796875
1 0.45625 0.90546875 0.009375 0.0109375
1 0.384375 0.3140625 0.00859375 0.01328125
0 0.9546875 0.3921875 0.0125 0.01796875
1 0.5921875 0.29765625 0.00625 0.01171875
1 0.35546875 0.31015625 0.0078125 0.0125
1 0.38203125 0.37890625 0.0078125 0.01484375
1 0.15546875 0.309375 0.00703125 0.0125
1 0.4203125 0.29921875 0.00703125 0.0125
0 0.07265625 0.28125 0.01015625 0.01640625
1 0.6765625 0.43984375 0.01171875 0.01640625
1 0.7546875 0.85 0.00625 0.0125
1 0.49609375 0.32265625 0.00859375 0.0125
1 0.6609375 0.3375 0.009375 0.0171875
1 0.428125 0.43984375 0.009375 0.01484375
1 0.37265625 0.3546875 0.009375 0.0140625
1 0.12578125 0.38828125 0.00859375 0.0140625
1 0.39375 0.39140625 0.00703125 0.0125
0 0.21015625 0.13984375 0.0109375 0.01796875
0 0.8375 0.24375 0.01015625 0.01640625
1 0.3171875 0.44296875 0.01328125 0.01796875
1 0.11640625 0.840625 0.00625 0.009375
1 0.65 0.37109375 0.01015625 0.0125
1 0.3484375 0.41796875 0.0109375 0.0171875
1 0.003125 0.990625 0.00625 0.015625
1 0.48984375 0.3484375 0.009375 0.01484375
1 0.40859375 0.33515625 0.0078125 0.01171875
1 0.41015625 0.3453125 0.009375 0.01328125
0 0.22890625 0.15078125 0.00859375 0.01328125
1 0.1 0.86796875 0.009375 0.01328125
1 0.4515625 0.30703125 0.0078125 0.0140625
0 0.2203125 0.7015625 0.0109375 0.01484375
1 0.4046875 0.35625 0.00703125 0.0125
1 0.4421875 0.2984375 0.0078125 0.01171875
1 0.41796875 0.40703125 0.00625 0.0125
1 0.29453125 0.43359375 0.01015625 0.0171875
0 0.17578125 0.26796875 0.01015625 0.0140625
1 0.65078125 0.315625 0.01015625 0.01328125
1 0.346875 0.3875 0.009375 0.01484375
1 0.42421875 0.3734375 0.00703125 0.00859375
1 0.675 0.38203125 0.01015625 0.01171875
1 0.38828125 0.37109375 0.0109375 0.0140625
0 0.13203125 0.415625 0.01015625 0.0203125
0 0.86484375 0.11171875 0.01171875 0.021875
1 0.6875 0.440625 0.0125 0.01875
0 0.228125 0.13046875 0.0109375 0.01796875
0 0.2421875 0.24453125 0.009375 0.0109375
1 0.6640625 0.40546875 0.01171875 0.0140625
0 0.30859375 0.21328125 0.009375 0.015625
1 0.66171875 0.41953125 0.009375 0.0109375
1 0.33125 0.36875 0.00859375 0.01484375
1 0.71015625 0.34296875 0.00625 0.0125
0 0.9484375 0.41875 0.0140625 0.02265625
1 0.67109375 0.3921875 0.009375 0.01328125