4 0.94609375 0.4609375 0.1078125 0.140625
1 0.84921875 0.40703125 0.0296875 0.0234375
1 0.290625 0.4484375 0.0296875 0.021875
1 0.35390625 0.4390625 0.028125 0.021875
3 0.23359375 0.86640625 0.1125 0.0984375
3 0.809375 0.81171875 0.071875 0.0609375
1 0.66796875 0.4546875 0.0296875 0.0234375
1 0.40546875 0.46015625 0.0296875 0.0234375
0 0.81484375 0.13125 0.0328125 0.025
1 0.6296875 0.47265625 0.0296875 0.0234375
0 0.83125 0.10390625 0.03125 0.021875
2 0.74921875 0.20234375 0.1046875 0.0671875
1 0.67265625 0.55546875 0.03125 0.028125
1 0.6578125 0.45859375 0.0296875 0.0234375
1 0.6296875 0.5453125 0.03125 0.025
0 0.86640625 0.140625 0.034375 0.0296875
3 0.10703125 0.41015625 0.0953125 0.1015625
2 0.23046875 0.24296875 0.1140625 0.0640625
1 0.5625 0.440625 0.028125 0.0234375
1 0.82265625 0.4171875 0.028125 0.021875
0 0.86875 0.18828125 0.0328125 0.0296875
1 0.49453125 0.4296875 0.028125 0.021875
1 0.4875 0.4078125 0.028125 0.0203125
1 0.73828125 0.54609375 0.0328125 0.0296875
1 0.87265625 0.30703125 0.0265625 0.0203125
1 0.55234375 0.40234375 0.028125 0.021875
1 0.659375 0.5640625 0.0328125 0.0296875
1 0.39609375 0.47890625 0.0296875 0.025
4 0.6140625 0.85703125 0.11875 0.1140625
1 0.3375 0.4046875 0.0265625 0.0203125
1 0.76484375 0.503125 0.0296875 0.0265625
1 0.4578125 0.39921875 0.0265625 0.021875
1 0.88671875 0.32421875 0.028125 0.021875
1 0.54140625 0.6375 0.0328125 0.0265625
0 0.8875 0.18125 0.0328125 0.028125
1 0.3109375 0.40546875 0.0265625 0.0203125
1 0.33359375 0.8703125 0.0265625 0.021875
1 0.31171875 0.46484375 0.028125 0.021875
1 0.74296875 0.4375 0.028125 0.0234375
1 0.64140625 0.4046875 0.028125 0.021875
1 0.7953125 0.88828125 0.034375 0.0328125
0 0.778125 0.10859375 0.0296875 0.0234375
0 0.85 0.121875 0.03125 0.0265625
1 0.6203125 0.428125 0.028125 0.0234375
1 0.49921875 0.37734375 0.028125 0.0203125
1 0.7046875 0.4171875 0.0265625 0.021875
1 0.75625 0.54296875 0.03125 0.028125
1 0.90703125 0.35703125 0.028125 0.021875
1 0.66484375 0.4078125 0.0296875 0.0203125
1 0.8484375 0.8671875 0.03125 0.0265625
1 0.71953125 0.88359375 0.0328125 0.025
1 0.7671875 0.8265625 0.028125 0.01875
1 0.44765625 0.3328125 0.0265625 0.01875
1 0.28984375 0.36171875 0.028125 0.021875
1 0.4875 0.378125 0.028125 0.0203125
0 0.790625 0.134375 0.0328125 0.028125
1 0.35390625 0.41875 0.028125 0.0203125
1 0.8203125 0.8375 0.0265625 0.0203125
1 0.9640625 0.38828125 0.0328125 0.0234375
0 0.1078125 0.16953125 0.03125 0.025
1 0.38359375 0.35234375 0.025 0.01875
0 0.778125 0.14375 0.03125 0.0265625
1 0.47421875 0.3296875 0.0265625 0.01875
1 0.96328125 0.35625 0.0296875 0.0203125
1 0.50078125 0.54765625 0.0296875 0.025
0 0.821875 0.0828125 0.0328125 0.028125
0 0.71171875 0.2078125 0.0265625 0.0203125
1 0.8421875 0.3359375 0.0265625 0.0203125
1 0.86171875 0.8640625 0.0296875 0.0234375
0 0.8 0.11171875 0.03125 0.025
1 0.1828125 0.35625 0.025 0.0171875
1 0.53125 0.31796875 0.025 0.01875
1 0.859375 0.3046875 0.028125 0.0171875
1 0.63203125 0.37421875 0.028125 0.0203125
1 0.65234375 0.39296875 0.028125 0.01875
1 0.578125 0.4390625 0.028125 0.021875
1 0.8296875 0.3203125 0.0265625 0.01875
1 0.89765625 0.90390625 0.0375 0.034375
0 0.8015625 0.078125 0.03125 0.0265625
1 0.440625 0.37421875 0.028125 0.0203125
1 0.04765625 0.42734375 0.025 0.01875
1 0.71953125 0.85234375 0.028125 0.021875
0 0.85078125 0.14921875 0.0328125 0.0265625
1 0.51015625 0.64375 0.0296875 0.021875
0 0.28671875 0.98828125 0.0453125 0.0234375
1 0.065625 0.425 0.028125 0.0203125
1 0.83203125 0.30703125 0.0265625 0.0171875
1 0.55703125 0.3328125 0.0265625 0.01875
1 0.1453125 0.98828125 0.040625 0.0234375
1 0.68203125 0.4234375 0.0296875 0.021875
1 0.98828125 0.3890625 0.0234375 0.021875
1 0.82109375 0.4 0.028125 0.0203125
1 0.84765625 0.8484375 0.0296875 0.01875
1 0.5875 0.43125 0.0265625 0.0234375
1 0.35078125 0.3296875 0.0265625 0.0171875
1 0.1265625 0.89296875 0.028125 0.0203125
1 0.64921875 0.34375 0.0296875 0.0203125
1 0.65234375 0.3703125 0.028125 0.0171875
1 0.92265625 0.85078125 0.028125 0.0203125
1 0.8171875 0.29296875 0.0265625 0.01875
1 0.1453125 0.89609375 0.0296875 0.021875
1 0.92578125 0.34375 0.0265625 0.0171875
1 0.6359375 0.33828125 0.028125 0.0203125
0 0.93203125 0.35625 0.0296875 0.0234375
1 0.9828125 0.3734375 0.0296875 0.0203125
1 0.415625 0.37734375 0.025 0.015625
1 0.809375 0.4078125 0.028125 0.021875
1 0.04765625 0.4125 0.028125 0.0171875
1 0.5453125 0.36875 0.0265625 0.0171875
1 0.6171875 0.33984375 0.028125 0.021875
1 0.1765625 0.33046875 0.025 0.0171875
1 0.6265625 0.3 0.0234375 0.015625
1 0.61875 0.32578125 0.0265625 0.0171875
1 0.5125 0.46171875 0.025 0.0171875
1 0.54921875 0.378125 0.0265625 0.0171875
1 0.684375 0.3828125 0.0265625 0.0203125
1 0.05703125 0.384375 0.0265625 0.0171875
1 0.41171875 0.31015625 0.028125 0.0171875
1 0.92109375 0.31953125 0.028125 0.01875
0 0.75859375 0.73984375 0.0265625 0.0203125
0 0.79609375 0.05546875 0.0296875 0.025
1 0.77734375 0.6265625 0.0296875 0.0171875
1 0.39375 0.3625 0.0234375 0.0171875
1 0.56640625 0.88046875 0.0296875 0.025
1 0.5609375 0.8421875 0.025 0.0171875
1 0.3421875 0.390625 0.028125 0.01875
0 0.75859375 0.771875 0.025 0.0171875
1 0.28046875 0.86015625 0.025 0.0171875
1 0.81875 0.38125 0.028125 0.01875
1 0.90703125 0.8703125 0.03125 0.0265625
1 0.0859375 0.65625 0.03125 0.0265625
0 0.778125 0.08828125 0.0265625 0.0234375
1 0.8390625 0.83203125 0.028125 0.0171875
1 0.43125 0.30625 0.0265625 0.01875
1 0.70234375 0.8859375 0.03125 0.0234375
1 0.93515625 0.32890625 0.028125 0.021875
1 0.87890625 0.8921875 0.03125 0.0265625
1 0.875 0.8390625 0.0265625 0.01875
1 0.54921875 0.3890625 0.028125 0.01875
1 0.6640625 0.37890625 0.028125 0.01875
1 0.31640625 0.4515625 0.028125 0.01875
1 0.640625 0.28515625 0.0265625 0.01875
1 0.82421875 0.278125 0.0265625 0.01875
0 0.7359375 0.18828125 0.025 0.015625
1 0.63671875 0.31015625 0.028125 0.01875
1 0.8796875 0.86328125 0.0296875 0.01875
1 0.675 0.40703125 0.028125 0.021875
1 0.2875 0.87109375 0.0265625 0.0171875
0 0.92421875 0.28046875 0.0296875 0.0234375
1 0.871875 0.2734375 0.028125 0.0171875
1 0.1953125 0.4015625 0.0265625 0.0171875
0 0.75859375 0.7 0.0265625 0.01875
0 0.91484375 0.2640625 0.0296875 0.0203125
0 0.77890625 0.1265625 0.0296875 0.0171875
1 0.85859375 0.8265625 0.0265625 0.0171875
1 0.3109375 0.39453125 0.025 0.015625
0 0.9578125 0.18359375 0.0265625 0.01875
0 0.746875 0.71640625 0.0265625 0.0171875
1 0.7046875 0.86171875 0.028125 0.021875
1 0.45546875 0.85546875 0.0234375 0.0140625
1 0.65390625 0.30703125 0.021875 0.0140625
1 0.5265625 0.29765625 0.0265625 0.0171875
0 0.771875 0.740625 0.025 0.01875
1 0.6625 0.39140625 0.0296875 0.01875
1 0.6921875 0.40859375 0.0296875 0.01875
1 0.54375 0.88671875 0.028125 0.0234375
1 0.6734375 0.35859375 0.0296875 0.021875
1 0.84296875 0.28984375 0.0265625 0.01875
1 0.94453125 0.33671875 0.0265625 0.01875
1 0.91171875 0.30078125 0.028125 0.0171875
1 0.1359375 0.334375 0.025 0.015625
1 0.43671875 0.79609375 0.0265625 0.01875
1 0.6859375 0.85859375 0.028125 0.0234375
1 0.04375 0.4 0.028125 0.0171875
1 0.6703125 0.37578125 0.0265625 0.01875
1 0.165625 0.3296875 0.0265625 0.0171875
1 0.8359375 0.27734375 0.0265625 0.01875
1 0.54296875 0.84296875 0.0265625 0.0171875
1 0.465625 0.325 0.028125 0.0203125
1 0.6484375 0.37890625 0.028125 0.0171875
1 0.853125 0.290625 0.0265625 0.021875
1 0.1046875 0.884375 0.025 0.015625
1 0.9578125 0.34375 0.025 0.0171875
1 0.89609375 0.85859375 0.028125 0.0203125
1 0.3703125 0.99609375 0.0375 0.0078125
1 0.68203125 0.634375 0.0265625 0.015625
1 0.07109375 0.36953125 0.0265625 0.0171875
1 0.846875 0.82265625 0.028125 0.01875
1 0.46953125 0.30234375 0.028125 0.01875