4 0.64609375 0.34296875 0.0921875 0.0921875
4 0.57578125 0.53828125 0.10625 0.1109375
3 0.90859375 0.44296875 0.1234375 0.1078125
3 0.765625 0.85234375 0.09375 0.0578125
1 0.0921875 0.44140625 0.0375 0.009375
1 0.2890625 0.45 0.0375 0.0109375
3 0.81640625 0.3046875 0.065625 0.0640625
1 0.74296875 0.5921875 0.040625 0.015625
3 0.16171875 0.36875 0.096875 0.084375
1 0.28984375 0.46875 0.0375 0.0109375
1 0.6125 0.43203125 0.0375 0.0109375
1 0.69921875 0.6 0.040625 0.015625
1 0.69453125 0.5265625 0.0390625 0.0125
1 0.8078125 0.40078125 0.0359375 0.009375
1 0.93125 0.37578125 0.0359375 0.0078125
1 0.32109375 0.50078125 0.0375 0.0125
1 0.575 0.34453125 0.0359375 0.009375
1 0.76015625 0.48828125 0.0375 0.0125
1 0.796875 0.91484375 0.040625 0.015625
1 0.153125 0.4140625 0.0375 0.009375
4 0.25 0.92578125 0.14375 0.140625
1 0.72734375 0.5171875 0.0390625 0.0125
1 0.5125 0.4 0.0375 0.009375
2 0.74609375 0.20390625 0.1203125 0.0515625
1 0.73828125 0.54609375 0.0390625 0.0140625
1 0.77578125 0.92265625 0.0421875 0.01875
1 0.42109375 0.4265625 0.0359375 0.0109375
1 0.4140625 0.34609375 0.0359375 0.0078125
1 0.7546875 0.4625 0.0375 0.0109375
1 0.28359375 0.5015625 0.0375 0.0109375
1 0.4890625 0.4390625 0.0390625 0.009375
1 0.6671875 0.5359375 0.0390625 0.0140625
1 0.44921875 0.42109375 0.0375 0.009375
1 0.6984375 0.4453125 0.0375 0.0109375
1 0.553125 0.34375 0.0359375 0.0078125
1 0.89921875 0.34921875 0.0359375 0.0078125
1 0.6109375 0.45078125 0.0375 0.0109375
0 0.80703125 0.18671875 0.0359375 0.009375
1 0.26484375 0.56796875 0.0390625 0.0140625
1 0.48984375 0.3828125 0.0375 0.0078125
1 0.85 0.9265625 0.0421875 0.01875
1 0.675 0.45546875 0.0375 0.0125
1 0.5546875 0.4515625 0.0375 0.0078125
0 0.72734375 0.215625 0.0359375 0.0078125
1 0.08046875 0.546875 0.0390625 0.0125
1 0.9828125 0.50234375 0.034375 0.0140625
1 0.10234375 0.38515625 0.0359375 0.0078125
1 0.29921875 0.40625 0.0359375 0.009375
1 0.17265625 0.4546875 0.0375 0.009375
1 0.346875 0.5109375 0.0375 0.0140625
1 0.121875 0.49609375 0.0375 0.0109375
1 0.3234375 0.44921875 0.0375 0.0109375
1 0.065625 0.39375 0.0359375 0.009375
1 0.1234375 0.41484375 0.0375 0.009375
1 0.35 0.36796875 0.0359375 0.0078125
1 0.4625 0.4 0.0375 0.009375
2 0.23203125 0.2171875 0.121875 0.0609375
1 0.46875 0.4390625 0.0375 0.009375
1 0.6125 0.34140625 0.0359375 0.0078125
1 0.8234375 0.89375 0.0375 0.0109375
1 0.49453125 0.4078125 0.0359375 0.009375
1 0.2953125 0.5046875 0.0390625 0.0109375
1 0.3421875 0.34609375 0.0359375 0.00625
0 0.25 0.22265625 0.0359375 0.0078125
1 0.16171875 0.3125 0.034375 0.00625
1 0.68515625 0.559375 0.0390625 0.015625
1 0.3953125 0.89609375 0.0375 0.0078125
1 0.8484375 0.29140625 0.0359375 0.00625
1 0.321875 0.34921875 0.0359375 0.0046875
0 0.80078125 0.15859375 0.0375 0.0109375
1 0.565625 0.38515625 0.0359375 0.009375
1 0.525 0.89296875 0.034375 0.0046875
1 0.6734375 0.5046875 0.0375 0.0125
0 0.8140625 0.2125 0.0359375 0.0078125
1 0.83515625 0.25546875 0.0359375 0.00625
0 0.234375 0.17578125 0.0359375 0.0078125
1 0.0203125 0.52109375 0.0390625 0.0109375
0 0.80390625 0.125 0.0359375 0.009375
1 0.59453125 0.48203125 0.040625 0.0140625
0 0.80390625 0.065625 0.0390625 0.0109375
1 0.3578125 0.403125 0.0359375 0.009375
1 0.43125 0.38046875 0.0359375 0.0078125
0 0.621875 0.8109375 0.0421875 0.0234375
0 0.28359375 0.2140625 0.0359375 0.009375
1 0.50703125 0.515625 0.0375 0.009375
1 0.4421875 0.39140625 0.0359375 0.00625
0 0.81484375 0.1171875 0.0359375 0.0125
1 0.6234375 0.5078125 0.0390625 0.0125
1 0.72578125 0.48671875 0.0375 0.009375
1 0.10078125 0.56015625 0.040625 0.0125
1 0.5359375 0.39609375 0.0359375 0.0078125
1 0.578125 0.39296875 0.0359375 0.0078125
1 0.69140625 0.48359375 0.0375 0.009375
1 0.184375 0.4546875 0.0375 0.009375
0 0.73125 0.715625 0.0375 0.0109375
1 0.8875 0.4984375 0.0390625 0.0125
1 0.35625 0.89453125 0.0375 0.0078125
1 0.6890625 0.371875 0.0359375 0.009375
1 0.38984375 0.36640625 0.0359375 0.0078125
1 0.8890625 0.35703125 0.0390625 0.0109375
1 0.1265625 0.309375 0.034375 0.00625
1 0.33125 0.4203125 0.0359375 0.009375
1 0.61015625 0.26640625 0.034375 0.0046875
1 0.1015625 0.53828125 0.0390625 0.0109375
1 0.5328125 0.33671875 0.0359375 0.0078125
1 0.346875 0.89765625 0.0390625 0.0109375
1 0.5375 0.41796875 0.0375 0.0125
1 0.18046875 0.27578125 0.034375 0.00625
1 0.890625 0.31953125 0.0359375 0.00625
1 0.6875 0.63984375 0.040625 0.0125
1 0.35859375 0.90625 0.0375 0.0046875
0 0.228125 0.21796875 0.0375 0.0078125
1 0.13203125 0.29765625 0.034375 0.00625
1 0.5765625 0.40703125 0.0359375 0.00625
1 0.028125 0.359375 0.0359375 0.0078125
1 0.4046875 0.9046875 0.0359375 0.0046875
1 0.934375 0.34453125 0.0375 0.00625
1 0.69453125 0.4640625 0.0375 0.009375
1 0.603125 0.43515625 0.0375 0.009375
1 0.3765625 0.34921875 0.0359375 0.0078125
1 0.5015625 0.3875 0.0359375 0.0078125
1 0.421875 0.30625 0.0359375 0.00625
4 0.03515625 0.45859375 0.0703125 0.1203125
1 0.04921875 0.3671875 0.0359375 0.0078125
1 0.1265625 0.52265625 0.034375 0.00625
1 0.5296875 0.371875 0.0375 0.0125
1 0.11328125 0.3671875 0.0359375 0.0078125
0 0.72421875 0.6984375 0.0359375 0.009375
1 0.503125 0.3734375 0.0359375 0.003125
1 0.5640625 0.4671875 0.0375 0.00625
1 0.1140625 0.30625 0.034375 0.00625
1 0.54765625 0.415625 0.0375 0.009375
1 0.725 0.5015625 0.0390625 0.0078125
1 0.5859375 0.27109375 0.0359375 0.00625
1 0.315625 0.375 0.0375 0.009375
1 0.09140625 0.371875 0.0359375 0.00625
1 0.4828125 0.26171875 0.034375 0.0078125
1 0.3125 0.39140625 0.0375 0.0109375
1 0.59375 0.4421875 0.0359375 0.00625
1 0.06953125 0.3734375 0.0359375 0.009375
1 0.59453125 0.64609375 0.0390625 0.00625
1 0.3265625 0.271875 0.034375 0.0046875
1 0.1421875 0.903125 0.0375 0.009375
1 0.853125 0.25 0.0390625 0.0109375
1 0.41015625 0.36484375 0.0375 0.0078125
1 0.3234375 0.42109375 0.0375 0.009375
1 0.984375 0.38515625 0.03125 0.0078125
1 0.09765625 0.346875 0.0375 0.0078125
1 0.90625 0.89375 0.0375 0.0125
1 0.3875 0.33359375 0.0359375 0.00625
1 0.35625 0.32734375 0.0359375 0.0078125
1 0.86171875 0.26875 0.0359375 0.0046875
1 0.3453125 0.31015625 0.0375 0.00625
1 0.5546875 0.27421875 0.034375 0.00625
1 0.1109375 0.28203125 0.034375 0.0046875
1 0.4421875 0.37734375 0.0359375 0.0046875
1 0.28203125 0.33359375 0.0359375 0.0078125
1 0.33046875 0.38046875 0.0359375 0.00625
1 0.5609375 0.42890625 0.0375 0.0078125
1 0.40703125 0.38046875 0.0359375 0.00625
1 0.84921875 0.9015625 0.034375 0.00625
1 0.596875 0.421875 0.034375 0.0046875
1 0.9828125 0.3453125 0.034375 0.009375
1 0.15234375 0.2828125 0.034375 0.0046875
1 0.3703125 0.33828125 0.034375 0.00625
1 0.57890625 0.42265625 0.0375 0.0078125
1 0.734375 0.48359375 0.0359375 0.0109375
1 0.55859375 0.87109375 0.034375 0.003125
1 0.0953125 0.8953125 0.0359375 0.009375
1 0.44453125 0.2625 0.0359375 0.0046875
1 0.95546875 0.44765625 0.034375 0.0046875
1 0.528125 0.87890625 0.0359375 0.00625
0 0.37734375 0.71484375 0.034375 0.009375
1 0.1828125 0.98828125 0.0453125 0.015625
1 0.1359375 0.87109375 0.0328125 0.003125
1 0.5734375 0.48203125 0.0390625 0.0125
1 0.615625 0.32734375 0.034375 0.00625
1 0.98359375 0.41171875 0.0328125 0.0078125
1 0.9265625 0.31328125 0.0375 0.0078125
0 0.80078125 0.01171875 0.0375 0.0109375
0 0.60703125 0.709375 0.0375 0.0125
1 0.7015625 0.98671875 0.046875 0.0109375
1 0.64140625 0.26640625 0.034375 0.0046875
1 0.11953125 0.8984375 0.0375 0.009375
1 0.9375 0.33046875 0.0359375 0.00625
1 0.6328125 0.8765625 0.0390625 0.0140625
1 0.83515625 0.86953125 0.0328125 0.0046875
1 0.07578125 0.87265625 0.0328125 0.003125
1 0.15 0.88671875 0.034375 0.0046875
1 0.85859375 0.90546875 0.0375 0.0125
0 0.2375 0.22421875 0.0390625 0.009375
1 0.525 0.25625 0.034375 0.00625
1 0.415625 0.87265625 0.0359375 0.0046875
1 0.97109375 0.334375 0.0359375 0.00625
1 0.29296875 0.28984375 0.0359375 0.009375
1 0.53515625 0.25625 0.0375 0.0078125
1 0.86640625 0.88515625 0.0375 0.009375
1 0.29375 0.30625 0.0359375 0.00625
1 0.40546875 0.871875 0.0375 0.003125
1 0.55703125 0.25703125 0.0359375 0.00625
1 0.8125 0.859375 0.034375 0.0046875
1 0.5875 0.4328125 0.0359375 0.0046875
1 0.43671875 0.8734375 0.0359375 0.0046875
1 0.1734375 0.8984375 0.0359375 0.0078125
1 0.6328125 0.90078125 0.034375 0.0046875
1 0.67890625 0.35234375 0.0328125 0.0046875
1 0.18828125 0.88984375 0.0359375 0.0078125
1 0.9828125 0.3953125 0.034375 0.00625
1 0.94375 0.34296875 0.0359375 0.0078125
1 0.88203125 0.89765625 0.0390625 0.0109375
0 0.3765625 0.73515625 0.0328125 0.00625
1 0.46171875 0.38828125 0.0359375 0.0046875
1 0.34375 0.33515625 0.034375 0.003125
1 0.6421875 0.28984375 0.0328125 0.003125
1 0.15546875 0.87890625 0.034375 0.003125
1 0.55703125 0.43828125 0.0375 0.00625
1 0.91796875 0.2875 0.0359375 0.00625
1 0.10234375 0.878125 0.034375 0.003125