4 0.1546875 0.90546875 0.1046875 0.1203125
3 0.78671875 0.4203125 0.10625 0.125
3 0.81015625 0.2921875 0.0453125 0.0703125
3 0.77890625 0.84140625 0.0734375 0.0765625
1 0.321875 0.5046875 0.0140625 0.01875
1 0.94921875 0.39765625 0.0140625 0.0171875
1 0.28671875 0.45703125 0.0140625 0.0171875
1 0.696875 0.584375 0.015625 0.0234375
1 0.696875 0.54296875 0.015625 0.021875
1 0.81171875 0.90390625 0.0171875 0.0234375
2 0.7390625 0.19296875 0.1 0.0625
2 0.221875 0.22890625 0.0984375 0.0703125
1 0.2875 0.475 0.0140625 0.01875
1 0.34375 0.48828125 0.0140625 0.0203125
1 0.121875 0.4296875 0.0125 0.0171875
1 0.89453125 0.334375 0.0125 0.015625
3 0.16875 0.39375 0.078125 0.1015625
4 0.0265625 0.440625 0.053125 0.1
1 0.10078125 0.4296875 0.0125 0.0140625
1 0.69921875 0.4890625 0.0140625 0.0203125
1 0.66640625 0.51953125 0.015625 0.021875
1 0.9265625 0.3609375 0.0125 0.015625
1 0.58828125 0.434375 0.0140625 0.01875
0 0.18828125 0.1671875 0.0140625 0.021875
1 0.60703125 0.4578125 0.0140625 0.01875
1 0.75703125 0.4921875 0.0140625 0.01875
1 0.57890625 0.50859375 0.0140625 0.021875
1 0.0890625 0.478125 0.0140625 0.0171875
1 0.1 0.44765625 0.0125 0.0171875
1 0.28359375 0.509375 0.0125 0.01875
0 0.0328125 0.23828125 0.0140625 0.0171875
0 0.02890625 0.203125 0.015625 0.0203125
1 0.878125 0.4703125 0.0140625 0.0203125
1 0.19296875 0.484375 0.0140625 0.01875
0 0.7171875 0.2078125 0.0109375 0.015625
1 0.61484375 0.4171875 0.0125 0.015625
4 0.6234375 0.3671875 0.078125 0.096875
3 0.565625 0.85859375 0.078125 0.0953125
1 0.8640625 0.9140625 0.01875 0.0265625
1 0.40859375 0.34921875 0.0109375 0.015625
1 0.43828125 0.90625 0.0109375 0.0140625
1 0.26875 0.5765625 0.015625 0.0234375
1 0.4046875 0.428125 0.0125 0.01875
1 0.1875 0.47109375 0.0109375 0.0140625
0 0.753125 0.7640625 0.0109375 0.015625
1 0.321875 0.4546875 0.0125 0.01875
1 0.48515625 0.371875 0.0125 0.015625
1 0.2625 0.91015625 0.0140625 0.01875
1 0.3453125 0.3875 0.0109375 0.0140625
1 0.06171875 0.40859375 0.0125 0.0171875
1 0.5640625 0.2734375 0.009375 0.0140625
1 0.909375 0.3296875 0.0125 0.015625
1 0.5125 0.3921875 0.0109375 0.015625
0 0.00546875 0.23203125 0.0109375 0.0203125
1 0.75234375 0.515625 0.0140625 0.0203125
1 0.44765625 0.3984375 0.0125 0.015625
1 0.6859375 0.3828125 0.0140625 0.0171875
0 0.190625 0.190625 0.0140625 0.0203125
1 0.409375 0.9 0.0125 0.015625
1 0.7140625 0.521875 0.0140625 0.0203125
1 0.4015625 0.40078125 0.0125 0.015625
1 0.83671875 0.88203125 0.0140625 0.01875
1 0.61953125 0.43984375 0.0125 0.01875
1 0.38984375 0.89921875 0.0125 0.0171875
0 0.7875 0.13828125 0.0140625 0.0203125
1 0.678125 0.4078125 0.0125 0.0171875
1 0.0984375 0.3984375 0.0125 0.015625
1 0.43984375 0.3546875 0.0109375 0.015625
1 0.84140625 0.2796875 0.0109375 0.0140625
0 0.78515625 0.09453125 0.0125 0.01875
1 0.46796875 0.42421875 0.0125 0.0171875
1 0.471875 0.3703125 0.0125 0.015625
1 0.296875 0.41328125 0.0125 0.015625
1 0.49765625 0.6453125 0.0125 0.0140625
1 0.67890625 0.88046875 0.009375 0.015625
1 0.359375 0.38515625 0.0109375 0.015625
1 0.68203125 0.63359375 0.0140625 0.0203125
0 0.2546875 0.21640625 0.0171875 0.01875
1 0.528125 0.33984375 0.0109375 0.0140625
1 0.103125 0.55234375 0.0140625 0.01875
1 0.4109375 0.3875 0.0125 0.015625
0 0.00625 0.31328125 0.0125 0.0171875
0 0.184375 0.76640625 0.015625 0.0234375
0 0.04296875 0.19609375 0.015625 0.021875
1 0.32109375 0.428125 0.0125 0.0171875
1 0.103125 0.57421875 0.015625 0.0203125
1 0.2390625 0.9140625 0.0140625 0.01875
1 0.44296875 0.425 0.0109375 0.0171875
1 0.98515625 0.34609375 0.0125 0.015625
1 0.3859375 0.3703125 0.0109375 0.015625
1 0.42265625 0.40390625 0.0125 0.0171875
1 0.2953125 0.5109375 0.0140625 0.01875
1 0.39921875 0.38671875 0.0125 0.0140625
1 0.5765625 0.41171875 0.0125 0.0171875
1 0.17265625 0.28828125 0.009375 0.0140625
1 0.43359375 0.428125 0.0125 0.0171875
3 0.2890625 0.87734375 0.0640625 0.08125
1 0.884375 0.30625 0.0109375 0.0140625
0 0.21953125 0.17578125 0.015625 0.0234375
1 0.13203125 0.3328125 0.0109375 0.0140625
1 0.0734375 0.56015625 0.0125 0.0203125
1 0.446875 0.38125 0.0125 0.015625
0 0.0109375 0.25859375 0.0125 0.0171875
1 0.9828125 0.36796875 0.0125 0.0140625
1 0.11328125 0.3296875 0.009375 0.0140625
1 0.38203125 0.40234375 0.0140625 0.01875
1 0.41484375 0.30859375 0.0109375 0.0140625
0 0.04296875 0.175 0.015625 0.01875
1 0.39921875 0.3703125 0.0109375 0.015625
1 0.4578125 0.375 0.0125 0.015625
1 0.6703125 0.34765625 0.0109375 0.0140625
1 0.52421875 0.40546875 0.0109375 0.0140625
1 0.553125 0.403125 0.0125 0.0171875
1 0.54453125 0.4171875 0.0140625 0.0171875
1 0.73515625 0.853125 0.009375 0.0109375
1 0.6484375 0.3421875 0.0125 0.0140625
1 0.34140625 0.40703125 0.0125 0.0171875
1 0.61953125 0.8984375 0.0109375 0.0140625
0 0.00859375 0.36171875 0.0140625 0.01875
1 0.5015625 0.3828125 0.0109375 0.015625
1 0.115625 0.39140625 0.0109375 0.0140625
1 0.31640625 0.35546875 0.0109375 0.0125
1 0.56171875 0.42265625 0.0125 0.0171875
1 0.06015625 0.38203125 0.0109375 0.015625
1 0.6515625 0.31171875 0.009375 0.0140625
0 0.73828125 0.7265625 0.0125 0.01875
1 0.534375 0.41796875 0.0140625 0.015625
1 0.48046875 0.2703125 0.009375 0.0125
1 0.08203125 0.56171875 0.0140625 0.01875
0 0.7859375 0.059375 0.015625 0.0234375
1 0.07421875 0.67109375 0.0125 0.0125
1 0.92421875 0.32890625 0.0140625 0.01875
1 0.07890625 0.39296875 0.0125 0.015625
1 0.59140625 0.2609375 0.009375 0.0125
1 0.37109375 0.353125 0.0109375 0.015625
1 0.3125 0.38203125 0.0140625 0.0171875
1 0.309375 0.4 0.0140625 0.0171875
1 0.59140625 0.3 0.0125 0.0140625
1 0.69609375 0.4 0.0125 0.0171875
1 0.31640625 0.27734375 0.009375 0.0125
1 0.0921875 0.3609375 0.0125 0.015625
1 0.04453125 0.3828125 0.0125 0.015625
0 0.24296875 0.24765625 0.0125 0.0171875
1 0.346875 0.34453125 0.0109375 0.0140625
1 0.125 0.3109375 0.009375 0.0140625
1 0.9828125 0.39453125 0.0125 0.015625
1 0.84296875 0.2421875 0.009375 0.0125
1 0.853125 0.25625 0.009375 0.0140625
0 0.109375 0.065625 0.015625 0.021875
1 0.659375 0.41875 0.0140625 0.0171875
1 0.4109375 0.8859375 0.009375 0.0125
1 0.10390625 0.29609375 0.009375 0.0125
1 0.91953125 0.29921875 0.0125 0.0140625
1 0.49765625 0.61875 0.009375 0.0140625
1 0.46953125 0.6234375 0.0125 0.0140625
1 0.32578125 0.38515625 0.0109375 0.015625
1 0.87265625 0.87109375 0.0140625 0.0171875
0 0.8 0.09296875 0.0125 0.0171875
1 0.43359375 0.4046875 0.0140625 0.015625
1 0.6484375 0.41640625 0.0125 0.0171875
1 0.60546875 0.29375 0.0109375 0.0140625
1 0.24296875 0.8859375 0.009375 0.0140625
1 0.36484375 0.34296875 0.009375 0.0140625
1 0.3296875 0.88671875 0.015625 0.0203125
1 0.440625 0.2609375 0.009375 0.0125
1 0.45703125 0.35390625 0.0140625 0.015625
1 0.6609375 0.88984375 0.015625 0.0203125
1 0.54140625 0.38984375 0.0109375 0.0140625
1 0.33984375 0.35390625 0.0109375 0.0140625
1 0.21015625 0.884375 0.0125 0.0171875
1 0.63359375 0.28671875 0.0109375 0.0140625
1 0.546875 0.27265625 0.009375 0.0140625
1 0.34609375 0.37265625 0.0109375 0.0140625
1 0.3796875 0.34609375 0.0125 0.015625
1 0.35625 0.5984375 0.0140625 0.021875
0 0.05390625 0.184375 0.0125 0.01875
1 0.91953125 0.87890625 0.0140625 0.021875
1 0.33828125 0.315625 0.0125 0.015625
1 0.22265625 0.9 0.0125 0.015625
0 0.7953125 0.03203125 0.0140625 0.0203125
1 0.54140625 0.5453125 0.0140625 0.0203125
0 0.3703125 0.71484375 0.0109375 0.0140625
1 0.2296875 0.88046875 0.0078125 0.0109375
1 0.2515625 0.8671875 0.009375 0.0109375
1 0.1046875 0.3796875 0.0125 0.0171875
1 0.41953125 0.87421875 0.0125 0.0125
1 0.609375 0.26171875 0.009375 0.0109375
1 0.98125 0.3796875 0.0140625 0.0125
1 0.86328125 0.88984375 0.009375 0.015625
1 0.66875 0.39921875 0.0125 0.0140625
1 0.6390625 0.3 0.0109375 0.015625
1 0.63359375 0.26171875 0.0109375 0.0125
1 0.9796875 0.328125 0.0140625 0.015625
1 0.87265625 0.89140625 0.0140625 0.0203125
1 0.5234375 0.26328125 0.0078125 0.0109375
1 0.08984375 0.88671875 0.0078125 0.0109375
1 0.5625 0.40625 0.0109375 0.0140625
0 0.16328125 0.85078125 0.0140625 0.0203125
1 0.965625 0.31875 0.0109375 0.0140625
1 0.4484375 0.875 0.0125 0.0125
0 0.3078125 0.25625 0.0125 0.0171875
1 0.78984375 0.22109375 0.0109375 0.015625
1 0.39765625 0.9984375 0.015625 0.003125
1 0.35625 0.36796875 0.0109375 0.015625
1 0.59765625 0.890625 0.0109375 0.0171875
1 0.6734375 0.38515625 0.0109375 0.0171875
1 0.5484375 0.25546875 0.0109375 0.015625
1 0.71875 0.98046875 0.025 0.0171875
1 0.1390625 0.29765625 0.0109375 0.0125
1 0.50703125 0.37578125 0.0109375 0.015625
1 0.6953125 0.346875 0.0109375 0.0125
1 0.8484375 0.85703125 0.0078125 0.0109375
1 0.2 0.99296875 0.0234375 0.0140625
1 0.88828125 0.86796875 0.0171875 0.0171875
1 0.62109375 0.2828125 0.009375 0.0125
1 0.43515625 0.87578125 0.0109375 0.0109375
1 0.090625 0.915625 0.0109375 0.015625
1 0.91015625 0.271875 0.0109375 0.0140625
1 0.534375 0.40078125 0.0140625 0.015625
1 0.63203125 0.303125 0.0109375 0.0140625
1 0.9203125 0.31484375 0.0109375 0.0109375
1 0.634375 0.334375 0.0140625 0.0171875
0 0.76796875 0.7796875 0.0109375 0.015625
0 0.2109375 0.13828125 0.0078125 0.0140625
1 0.8234375 0.84765625 0.009375 0.0125
1 0.51640625 0.25546875 0.0109375 0.0140625
1 0.8375 0.86875 0.009375 0.0109375
1 0.921875 0.91015625 0.0125 0.0140625
1 0.6234375 0.29609375 0.0109375 0.0140625
1 0.8953125 0.8859375 0.0140625 0.021875
1 0.53984375 0.25390625 0.0140625 0.015625