4 0.903125 0.3203125 0.1015625 0.0765625
4 0.1140625 0.3328125 0.10625 0.0734375
1 0.12109375 0.57890625 0.046875 0.0140625
3 0.05078125 0.36796875 0.1015625 0.0953125
4 0.4875 0.425 0.10625 0.0953125
1 0.40703125 0.48203125 0.0453125 0.0140625
1 0.8171875 0.584375 0.0484375 0.0171875
3 0.15 0.84375 0.0984375 0.0796875
1 0.3484375 0.44140625 0.04375 0.0125
1 0.39140625 0.50390625 0.046875 0.0140625
1 0.19296875 0.45625 0.04375 0.0125
1 0.3046875 0.4890625 0.046875 0.0171875
1 0.46640625 0.5296875 0.046875 0.0171875
1 0.2421875 0.890625 0.046875 0.0140625
1 0.30625 0.4171875 0.04375 0.0109375
1 0.4421875 0.48203125 0.0453125 0.0140625
1 0.26953125 0.5 0.046875 0.0171875
0 0.90078125 0.19140625 0.04375 0.0125
1 0.15859375 0.92734375 0.05 0.0171875
1 0.63125 0.43984375 0.0453125 0.0109375
1 0.46640625 0.56796875 0.046875 0.0171875
1 0.259375 0.58125 0.04375 0.0140625
1 0.73359375 0.54921875 0.046875 0.0171875
1 0.41015625 0.40625 0.04375 0.0109375
1 0.36875 0.88046875 0.04375 0.0140625
1 0.75703125 0.540625 0.046875 0.0171875
1 0.07734375 0.415625 0.04375 0.0109375
1 0.55234375 0.39140625 0.04375 0.0125
1 0.1484375 0.35390625 0.0421875 0.0078125
0 0.903125 0.24140625 0.04375 0.0109375
1 0.57734375 0.44453125 0.04375 0.0109375
0 0.89609375 0.16640625 0.0453125 0.0125
1 0.1046875 0.5390625 0.046875 0.0171875
2 0.24765625 0.22578125 0.128125 0.0421875
2 0.771875 0.21875 0.125 0.05625
1 0.384375 0.4203125 0.04375 0.0109375
1 0.44765625 0.38046875 0.04375 0.0109375
1 0.37421875 0.38359375 0.04375 0.0109375
1 0.63046875 0.41640625 0.04375 0.0109375
1 0.72421875 0.46796875 0.0453125 0.0140625
1 0.28828125 0.56875 0.046875 0.01875
1 0.5296875 0.39375 0.04375 0.0109375
1 0.509375 0.3203125 0.04375 0.0109375
1 0.1875 0.56640625 0.046875 0.0171875
1 0.39765625 0.87578125 0.04375 0.0140625
1 0.96015625 0.39296875 0.0453125 0.0109375
4 0.89765625 0.83671875 0.08125 0.0578125
1 0.69375 0.32421875 0.04375 0.0109375
1 0.421875 0.8734375 0.04375 0.0140625
1 0.21875 0.8828125 0.04375 0.0109375
1 0.65 0.40390625 0.04375 0.0109375
1 0.134375 0.90546875 0.046875 0.0171875
1 0.64375 0.34140625 0.040625 0.009375
1 0.2734375 0.55703125 0.046875 0.0171875
1 0.57734375 0.41796875 0.04375 0.0109375
1 0.3796875 0.8796875 0.04375 0.0140625
1 0.15703125 0.42578125 0.04375 0.0125
1 0.97578125 0.40546875 0.0453125 0.0109375
1 0.0671875 0.64453125 0.05 0.0171875
1 0.1171875 0.91640625 0.05 0.0203125
1 0.16015625 0.9609375 0.0546875 0.0296875
1 0.69765625 0.40234375 0.04375 0.0109375
1 0.434375 0.884375 0.046875 0.0171875
1 0.41875 0.4515625 0.0421875 0.0109375
1 0.39296875 0.41875 0.04375 0.0109375
0 0.78125 0.1765625 0.0453125 0.015625
1 0.35078125 0.3890625 0.04375 0.0109375
1 0.20546875 0.42734375 0.040625 0.0109375
1 0.10546875 0.38828125 0.04375 0.0125
1 0.61171875 0.42734375 0.04375 0.0125
1 0.36953125 0.3359375 0.0421875 0.009375
1 0.678125 0.4046875 0.04375 0.009375
1 0.58125 0.35 0.04375 0.0109375
1 0.4546875 0.33828125 0.0421875 0.009375
1 0.640625 0.37890625 0.04375 0.0109375
0 0.7875 0.23515625 0.046875 0.0140625
1 0.17734375 0.4484375 0.04375 0.0078125
1 0.59140625 0.5640625 0.0484375 0.0171875
1 0.4875 0.346875 0.04375 0.0109375
1 0.6125 0.5484375 0.046875 0.0171875
1 0.20234375 0.9171875 0.0484375 0.0203125
1 0.615625 0.38125 0.04375 0.0109375
1 0.38046875 0.35703125 0.0421875 0.0109375
1 0.853125 0.88359375 0.0421875 0.0109375
1 0.628125 0.39609375 0.04375 0.0109375
1 0.084375 0.39140625 0.04375 0.0109375
1 0.06171875 0.4375 0.0453125 0.0140625
1 0.52265625 0.36796875 0.04375 0.0109375
0 0.84609375 0.05078125 0.046875 0.0140625
1 0.8109375 0.625 0.0484375 0.0171875
1 0.17734375 0.40703125 0.04375 0.0109375
1 0.184375 0.31796875 0.040625 0.0078125
1 0.84921875 0.57109375 0.046875 0.0140625
1 0.665625 0.33671875 0.040625 0.0109375
1 0.853125 0.59375 0.04375 0.0078125
1 0.6109375 0.365625 0.0453125 0.0125
1 0.8875 0.89765625 0.046875 0.0140625
0 0.81640625 0.20859375 0.0453125 0.0125
1 0.4375 0.403125 0.0453125 0.0109375
1 0.59296875 0.40859375 0.04375 0.0125
0 0.88828125 0.1359375 0.0453125 0.0171875
1 0.98359375 0.40078125 0.0328125 0.0109375
1 0.33125 0.87734375 0.04375 0.0109375
1 0.59140625 0.61875 0.046875 0.0171875
1 0.15390625 0.44609375 0.04375 0.0125
1 0.66328125 0.3796875 0.04375 0.0109375
1 0.46484375 0.88984375 0.0453125 0.015625
1 0.48203125 0.30234375 0.040625 0.0078125
1 0.33125 0.35078125 0.0421875 0.0078125
0 0.85390625 0.72890625 0.04375 0.0109375
1 0.578125 0.646875 0.0421875 0.0046875
1 0.1875 0.39765625 0.04375 0.0109375
1 0.36953125 0.37109375 0.0421875 0.0078125
1 0.859375 0.91640625 0.05 0.0265625
0 0.8375 0.028125 0.0453125 0.0140625
0 0.85078125 0.01015625 0.046875 0.0140625
1 0.60546875 0.4046875 0.046875 0.0125
1 0.6203125 0.365625 0.0453125 0.0109375
1 0.79453125 0.84453125 0.0421875 0.0078125
1 0.97734375 0.38359375 0.0453125 0.0109375
1 0.4453125 0.43828125 0.04375 0.0109375
1 0.8296875 0.846875 0.040625 0.00625
1 0.65625 0.3265625 0.040625 0.0078125
1 0.259375 0.98203125 0.05625 0.0296875
0 0.8140625 0.09453125 0.0453125 0.0140625
1 0.16328125 0.44921875 0.046875 0.0109375
1 0.3359375 0.34375 0.0421875 0.009375
1 0.45859375 0.32578125 0.0421875 0.0078125
1 0.3515625 0.37734375 0.0421875 0.00625
1 0.74453125 0.83828125 0.040625 0.0046875
1 0.55703125 0.315625 0.0421875 0.0078125
1 0.86953125 0.87890625 0.040625 0.0078125
1 0.57421875 0.553125 0.0453125 0.015625
1 0.39375 0.48828125 0.04375 0.0078125
1 0.54921875 0.328125 0.04375 0.0078125
1 0.89921875 0.8765625 0.0453125 0.0125
1 0.646875 0.3203125 0.0421875 0.0078125
0 0.21640625 0.13125 0.046875 0.0140625
1 0.16328125 0.990625 0.053125 0.0125
1 0.22265625 0.846875 0.040625 0.0046875
0 0.8578125 0.04921875 0.04375 0.0140625
1 0.578125 0.3140625 0.0421875 0.0109375
1 0.48046875 0.896875 0.046875 0.015625
1 0.12578125 0.64453125 0.046875 0.0140625
1 0.3796875 0.865625 0.0421875 0.0046875
1 0.32421875 0.86796875 0.04375 0.0109375
1 0.91484375 0.93984375 0.05 0.015625
1 0.46484375 0.61171875 0.0453125 0.0078125
1 0.7734375 0.83984375 0.04375 0.0046875
1 0.61640625 0.41640625 0.0453125 0.009375
1 0.63203125 0.296875 0.04375 0.0078125
0 0.86875 0.09296875 0.04375 0.0140625
1 0.034375 0.6484375 0.0453125 0.0125
1 0.68515625 0.3859375 0.04375 0.0078125
1 0.59921875 0.29765625 0.04375 0.0078125
1 0.4671875 0.84375 0.0421875 0.0078125
1 0.4609375 0.375 0.0453125 0.0109375
1 0.0984375 0.64921875 0.046875 0.0078125
1 0.78359375 0.83984375 0.040625 0.00625
1 0.4078125 0.6328125 0.046875 0.021875
1 0.8765625 0.64140625 0.046875 0.0171875
1 0.94609375 0.9171875 0.046875 0.01875
1 0.1578125 0.30625 0.0421875 0.0078125
1 0.8828125 0.88046875 0.046875 0.0109375
1 0.8609375 0.5828125 0.046875 0.0140625
1 0.9390625 0.33984375 0.04375 0.0078125
1 0.01171875 0.56484375 0.0234375 0.0078125
1 0.5109375 0.29609375 0.0453125 0.009375
1 0.17421875 0.30546875 0.04375 0.00625
1 0.26640625 0.84375 0.040625 0.00625
1 0.59140625 0.29921875 0.0421875 0.0078125
1 0.4546875 0.8390625 0.040625 0.0046875
1 0.696875 0.38828125 0.04375 0.0078125
1 0.39921875 0.9890625 0.053125 0.0171875
1 0.98203125 0.36953125 0.0359375 0.0140625
1 0.559375 0.809375 0.040625 0.00625
1 0.20625 0.8703125 0.0453125 0.009375
1 0.196875 0.871875 0.04375 0.0078125
1 0.640625 0.59921875 0.04375 0.0046875
0 0.82734375 0.03671875 0.04375 0.015625
1 0.57421875 0.84375 0.0453125 0.009375
0 0.8328125 0.0984375 0.05 0.0140625
1 0.5765625 0.2953125 0.040625 0.00625
1 0.2546875 0.84375 0.040625 0.0046875
3 0.55390625 0.77265625 0.08125 0.0484375
1 0.4578125 0.39296875 0.046875 0.0109375
1 0.92578125 0.87578125 0.046875 0.0109375
1 0.57109375 0.82109375 0.0421875 0.0078125
4 0.01484375 0.94453125 0.0296875 0.0921875
1 0.64921875 0.296875 0.04375 0.00625
1 0.9875 0.37890625 0.025 0.0078125
1 0.55625 0.83984375 0.04375 0.009375
1 0.2078125 0.84453125 0.0421875 0.00625