2 0.77109375 0.21875 0.0859375 0.0609375
3 0.7390625 0.85625 0.078125 0.09375
3 0.15390625 0.3578125 0.0671875 0.08359375
3 0.2046875 0.83984375 0.0609375 0.06484375
4 0.096875 0.47578125 0.08515625 0.1015625
1 0.37578125 0.48125 0.0109375 0.01953125
1 0.55859375 0.4234375 0.0109375 0.0171875
1 0.5703125 0.421875 0.01015625 0.01640625
1 0.74140625 0.540625 0.01328125 0.021875
1 0.53671875 0.4234375 0.01015625 0.01796875
1 0.79375 0.4359375 0.0109375 0.01796875
1 0.47890625 0.5328125 0.0125 0.0234375
1 0.63359375 0.47109375 0.0109375 0.01953125
1 0.853125 0.4421875 0.01015625 0.01796875
1 0.559375 0.56328125 0.01328125 0.0234375
1 0.1046875 0.396875 0.0109375 0.01796875
1 0.6765625 0.51796875 0.01171875 0.021875
1 0.4078125 0.48203125 0.0109375 0.0171875
1 0.60625 0.49921875 0.01171875 0.02109375
1 0.890625 0.89921875 0.0125 0.02109375
2 0.24609375 0.225 0.0921875 0.04765625
1 0.44375 0.4890625 0.0109375 0.01875
1 0.68046875 0.8796875 0.0109375 0.01875
4 0.9171875 0.48203125 0.12109375 0.1109375
1 0.9859375 0.3734375 0.01171875 0.01640625
1 0.3015625 0.46171875 0.0109375 0.01875
1 0.115625 0.9296875 0.01640625 0.0296875
1 0.55859375 0.38203125 0.009375 0.015625
1 0.2078125 0.44296875 0.01015625 0.01953125
1 0.68359375 0.4515625 0.0109375 0.0171875
1 0.28203125 0.48046875 0.01015625 0.01484375
1 0.14296875 0.90546875 0.015625 0.025
1 0.19296875 0.4015625 0.00859375 0.015625
4 0.58671875 0.86015625 0.115625 0.11015625
1 0.584375 0.390625 0.009375 0.015625
1 0.059375 0.3796875 0.009375 0.0140625
1 0.4859375 0.5046875 0.0078125 0.01640625
1 0.33515625 0.4671875 0.01171875 0.0140625
1 0.95078125 0.40390625 0.01015625 0.015625
1 0.33515625 0.35234375 0.01015625 0.015625
1 0.7375 0.4359375 0.01015625 0.0171875
1 0.02265625 0.42109375 0.01015625 0.01640625
1 0.725 0.64296875 0.0109375 0.01640625
4 0.4015625 0.403125 0.08046875 0.0703125
1 0.584375 0.590625 0.01328125 0.01796875
1 0.35078125 0.49296875 0.01171875 0.0203125
1 0.61875 0.43828125 0.0109375 0.01796875
1 0.6203125 0.42109375 0.01015625 0.01484375
1 0.20546875 0.96953125 0.02109375 0.0390625
1 0.628125 0.33046875 0.0078125 0.01328125
1 0.521875 0.3984375 0.009375 0.0171875
1 0.6625 0.5734375 0.0125 0.02265625
1 0.87109375 0.56484375 0.00859375 0.0171875
1 0.48828125 0.4546875 0.01171875 0.01875
1 0.44921875 0.465625 0.0109375 0.01875
1 0.16171875 0.39296875 0.009375 0.015625
1 0.7015625 0.46484375 0.0109375 0.01796875
1 0.63046875 0.59375 0.0125 0.01484375
1 0.55 0.5890625 0.0125 0.0203125
1 0.33828125 0.4515625 0.0109375 0.01640625
1 0.7296875 0.45078125 0.01015625 0.01640625
1 0.71171875 0.3640625 0.01015625 0.0171875
1 0.4640625 0.37421875 0.009375 0.015625
0 0.3859375 0.78203125 0.01953125 0.03671875
1 0.28125 0.46171875 0.00859375 0.0125
1 0.60703125 0.6203125 0.01328125 0.01796875
1 0.92109375 0.8890625 0.0109375 0.01953125
1 0.434375 0.45 0.01171875 0.01640625
1 0.47734375 0.47109375 0.0109375 0.01875
1 0.56875 0.5390625 0.01171875 0.021875
1 0.4484375 0.38359375 0.01015625 0.01640625
1 0.57265625 0.375 0.009375 0.01640625
1 0.38359375 0.334375 0.00859375 0.01328125
1 0.6671875 0.4203125 0.00703125 0.015625
1 0.6578125 0.87734375 0.0109375 0.0171875
1 0.4203125 0.46484375 0.009375 0.01484375
1 0.1625 0.45859375 0.01015625 0.0171875
1 0.02890625 0.390625 0.00859375 0.01484375
1 0.70390625 0.446875 0.0109375 0.0171875
1 0.41015625 0.4421875 0.0109375 0.01640625
1 0.40859375 0.3421875 0.0078125 0.01171875
0 0.2125 0.2078125 0.01015625 0.015625
1 0.3546875 0.41875 0.00859375 0.015625
1 0.56484375 0.6234375 0.01171875 0.01875
1 0.30703125 0.43828125 0.0109375 0.015625
1 0.7203125 0.45546875 0.01015625 0.01796875
1 0.0703125 0.89296875 0.0109375 0.01796875
1 0.66796875 0.359375 0.009375 0.015625
1 0.11640625 0.88125 0.01015625 0.01875
1 0.95078125 0.3484375 0.009375 0.01484375
1 0.79765625 0.86796875 0.01015625 0.01484375
1 0.33984375 0.39140625 0.00859375 0.01484375
1 0.59609375 0.57734375 0.01171875 0.01875
1 0.42109375 0.48984375 0.01015625 0.01640625
1 0.815625 0.8734375 0.01015625 0.01640625
1 0.49765625 0.3078125 0.00859375 0.015625
1 0.54296875 0.32578125 0.0078125 0.0140625
1 0.284375 0.85390625 0.0078125 0.01640625
1 0.70234375 0.6328125 0.01328125 0.021875
1 0.834375 0.884375 0.0109375 0.01796875
1 0.325 0.353125 0.01015625 0.01484375
1 0.58359375 0.3 0.0078125 0.0125
1 0.3265625 0.4859375 0.0109375 0.01953125
1 0.51796875 0.32109375 0.0078125 0.0125
1 0.50703125 0.371875 0.01171875 0.01796875
0 0.08203125 0.12734375 0.01484375 0.0234375
1 0.684375 0.39453125 0.00859375 0.01484375
1 0.4609375 0.434375 0.01015625 0.0140625
1 0.3390625 0.48515625 0.01171875 0.02109375
1 0.70390625 0.42734375 0.01015625 0.0171875
1 0.625 0.578125 0.01171875 0.01640625
1 0.2984375 0.42421875 0.01171875 0.01640625
1 0.09921875 0.88515625 0.0125 0.02109375
1 0.32265625 0.378125 0.01171875 0.01796875
1 0.83671875 0.44453125 0.0109375 0.01640625
1 0.20625 0.4265625 0.0078125 0.0125
1 0.31796875 0.39609375 0.00703125 0.0109375
1 0.6546875 0.3859375 0.0078125 0.0140625
1 0.32109375 0.428125 0.009375 0.01484375
1 0.35078125 0.3765625 0.00859375 0.01484375
1 0.90390625 0.8640625 0.0078125 0.01328125
1 0.32265625 0.40859375 0.009375 0.01640625
1 0.88046875 0.31640625 0.0078125 0.0109375
1 0.675 0.42109375 0.0109375 0.01484375
1 0.1 0.865625 0.0125 0.0171875
1 0.9390625 0.3484375 0.00859375 0.01484375
1 0.61015625 0.41640625 0.00859375 0.01640625
1 0.39140625 0.3421875 0.00625 0.009375
1 0.3265625 0.44375 0.0109375 0.015625
1 0.365625 0.36640625 0.009375 0.01328125
1 0.609375 0.2953125 0.00703125 0.0125
1 0.44609375 0.3296875 0.009375 0.01484375
1 0.92109375 0.321875 0.0109375 0.01484375
1 0.9421875 0.39296875 0.00859375 0.0140625
1 0.33125 0.4296875 0.0109375 0.01484375
1 0.603125 0.4078125 0.009375 0.015625
1 0.4578125 0.31015625 0.00859375 0.0140625
1 0.99609375 0.37578125 0.00703125 0.01640625
1 0.478125 0.33125 0.009375 0.01328125
1 0.85234375 0.85625 0.0078125 0.01484375
1 0.69375 0.43984375 0.009375 0.01484375
1 0.346875 0.42578125 0.01015625 0.015625
1 0.85859375 0.33046875 0.00859375 0.01171875
1 0.846875 0.31875 0.009375 0.01328125
1 0.3125 0.41484375 0.00859375 0.01484375
1 0.96796875 0.61328125 0.01484375 0.01953125
1 0.8796875 0.353125 0.00625 0.0109375
1 0.6765625 0.3671875 0.00859375 0.01484375
1 0.48671875 0.30390625 0.00859375 0.01328125
1 0.6609375 0.37578125 0.00859375 0.01171875
1 0.83046875 0.85625 0.00703125 0.01171875
1 0.18828125 0.3078125 0.009375 0.01640625
1 0.53671875 0.309375 0.00859375 0.01328125
1 0.5453125 0.3078125 0.0078125 0.0140625
1 0.871875 0.3046875 0.00859375 0.01171875
1 0.86875 0.3328125 0.0078125 0.0125
1 0.15078125 0.4578125 0.0109375 0.01796875
1 0.6640625 0.86015625 0.00859375 0.0140625
1 0.4375 0.309375 0.009375 0.0125
1 0.559375 0.296875 0.00859375 0.0125
1 0.40078125 0.3046875 0.00859375 0.01171875
1 0.1140625 0.340625 0.00859375 0.01328125
1 0.46171875 0.32890625 0.0109375 0.015625
1 0.375 0.3140625 0.009375 0.01328125
1 0.33203125 0.3921875 0.00859375 0.0140625
1 0.28984375 0.8375 0.00703125 0.0109375
1 0.8390625 0.3046875 0.0078125 0.0125
1 0.3140625 0.31328125 0.009375 0.0171875
3 0.01875 0.52421875 0.03671875 0.1328125
1 0.68359375 0.3796875 0.009375 0.01328125
1 0.33828125 0.4203125 0.01015625 0.015625
1 0.4703125 0.4515625 0.01484375 0.01953125
3 0.903125 0.39375 0.07890625 0.08203125
1 0.88203125 0.303125 0.0078125 0.0109375
0 0.0046875 0.353125 0.009375 0.021875
1 0.7890625 0.8421875 0.00703125 0.01015625
1 0.69609375 0.39609375 0.01015625 0.0171875
1 0.09140625 0.346875 0.00859375 0.0125
1 0.1359375 0.6484375 0.01171875 0.0125
1 0.90390625 0.31796875 0.00859375 0.01328125
1 0.071875 0.9203125 0.01015625 0.01953125
1 0.89921875 0.99296875 0.0125 0.01328125
1 0.365625 0.29609375 0.00859375 0.01171875
1 0.640625 0.87265625 0.00859375 0.0140625
1 0.88984375 0.3453125 0.00625 0.009375
1 0.44765625 0.3140625 0.009375 0.01328125
1 0.62109375 0.61484375 0.00859375 0.01328125
1 0.8421875 0.84765625 0.00703125 0.01328125
1 0.86171875 0.3109375 0.00859375 0.01171875
1 0.17734375 0.30703125 0.0078125 0.0140625
0 0.35078125 0.7890625 0.01171875 0.01875
1 0.52109375 0.29765625 0.00859375 0.0125
1 0.82734375 0.87109375 0.00859375 0.01171875
1 0.91875 0.871875 0.01015625 0.01484375
1 0.07265625 0.35 0.00859375 0.0125