0 0.24765625 0.1625 0.0515625 0.0171875
1 0.88671875 0.35546875 0.046875 0.0125
0 0.2625 0.15234375 0.05 0.0171875
0 0.18359375 0.1921875 0.05 0.0171875
1 0.459375 0.475 0.05 0.015625
1 0.04453125 0.31875 0.0484375 0.0125
1 0.25 0.59140625 0.0515625 0.0234375
4 0.15078125 0.40390625 0.1375 0.1171875
1 0.1453125 0.35390625 0.05 0.0203125
4 0.15546875 0.23359375 0.1234375 0.0765625
1 0.73828125 0.9890625 0.0640625 0.01875
1 0.41640625 0.359375 0.0484375 0.0109375
1 0.1734375 0.8625 0.0484375 0.0125
1 0.48515625 0.41796875 0.05 0.0140625
1 0.92265625 0.54140625 0.0515625 0.0171875
1 0.41484375 0.3375 0.0484375 0.0109375
1 0.70859375 0.48046875 0.05 0.015625
1 0.40390625 0.275 0.0453125 0.0125
1 0.271875 0.50234375 0.05 0.0203125
1 0.45546875 0.353125 0.046875 0.0125
1 0.49765625 0.32734375 0.046875 0.0109375
1 0.11328125 0.29140625 0.046875 0.0109375
2 0.78203125 0.2296875 0.1296875 0.0609375
1 0.3234375 0.57734375 0.053125 0.021875
1 0.36953125 0.3390625 0.046875 0.0109375
1 0.98828125 0.4890625 0.0234375 0.0125
1 0.41015625 0.396875 0.0484375 0.0140625
1 0.4375 0.275 0.046875 0.009375
1 0.159375 0.28515625 0.0484375 0.0140625
4 0.71328125 0.87109375 0.10625 0.0484375
1 0.43359375 0.48203125 0.05 0.0171875
1 0.95 0.45390625 0.0484375 0.015625
1 0.43671875 0.45625 0.05 0.0171875
1 0.10703125 0.3515625 0.046875 0.0140625
1 0.121875 0.31484375 0.046875 0.0125
1 0.98125 0.4578125 0.0375 0.015625
1 0.66953125 0.496875 0.05 0.0171875
1 0.66171875 0.3 0.0453125 0.0109375
1 0.52578125 0.60390625 0.0515625 0.021875
1 0.2265625 0.86953125 0.0484375 0.0140625
1 0.2859375 0.51171875 0.0515625 0.0171875
1 0.4578125 0.29921875 0.046875 0.009375
1 0.67578125 0.31171875 0.0453125 0.0109375
0 0.175 0.11484375 0.0484375 0.0125
1 0.35703125 0.3609375 0.046875 0.0140625
0 0.1875 0.171875 0.0515625 0.01875
1 0.78828125 0.97734375 0.0578125 0.03125
1 0.19296875 0.290625 0.0484375 0.009375
1 0.30625 0.53046875 0.0515625 0.0203125
1 0.925 0.58828125 0.0515625 0.0203125
0 0.21171875 0.121875 0.0515625 0.0171875
0 0.31171875 0.70390625 0.046875 0.0109375
1 0.91875 0.39140625 0.0484375 0.0109375
1 0.98125 0.53125 0.0375 0.015625
1 0.3796875 0.36484375 0.053125 0.015625
1 0.50859375 0.47109375 0.05 0.01875
0 0.20078125 0.1640625 0.05 0.0203125
1 0.33515625 0.31875 0.0484375 0.0125
1 0.9609375 0.46875 0.0484375 0.0140625
1 0.5859375 0.38203125 0.0484375 0.0140625
1 0.3484375 0.58125 0.05 0.0140625
1 0.609375 0.4328125 0.0484375 0.015625
1 0.89140625 0.96953125 0.0546875 0.0265625
1 0.34921875 0.32890625 0.046875 0.009375
1 0.68359375 0.32578125 0.0453125 0.0125
0 0.17890625 0.07109375 0.0484375 0.0140625
3 0.52421875 0.25859375 0.1078125 0.0703125
0 0.2415768265625 0.026021376562499997 0.252833478125 0.016925562499999998 0.21736520625 0.0105467125 0.20448957812500002 0.02309594375 0.2415768265625 0.026021376562499997
0 0.257780128125 0.042279429687499995 0.228006271875 0.042007353125 0.21464206875 0.0507987671875 0.247592175 0.054442446874999995 0.257780128125 0.042279429687499995
0 0.2194334875 0.112467065625 0.255535825 0.1165466390625 0.267950415625 0.11210876562500001 0.2648271765625 0.103931471875 0.228191753125 0.101003884375 0.2194334875 0.112467065625
0 0.2067738421875 0.140376303125 0.220160546875 0.1443085984375 0.25060821875 0.14248195 0.25769467343749997 0.13163892187499998 0.21956889531249998 0.122324459375 0.2067738421875 0.140376303125
0 0.163604040625 0.016383117187499997 0.19208905781250002 0.02366000625 0.21139246093750003 0.0205495953125 0.2117058421875 0.012587926562499999 0.17749279843750002 0.00977321875 0.163604040625 0.016383117187499997
0 0.1574817828125 0.0326809109375 0.1869925203125 0.04269000625 0.205941690625 0.0382654921875 0.20624081093750002 0.029957059375 0.178003625 0.0247204984375 0.1574817828125 0.0326809109375
0 0.1664408671875 0.055698810937499996 0.1823857921875 0.0626732734375 0.211660615625 0.05970808125 0.2132282140625 0.0496035703125 0.173410721875 0.050170675 0.1664408671875 0.055698810937499996
0 0.33236435468750003 0.7574932765625 0.3198495109375 0.7498758609375 0.3009069015625 0.7507353140624999 0.282169821875 0.7589721125 0.2844954078125 0.7688485859374999 0.313832796875 0.7731074234374999 0.32805665156249997 0.7684692703125 0.33236435468750003 0.7574932765625
0 0.290557134375 0.6885193640625 0.3269365 0.690227378125 0.339385234375 0.6781469125 0.30919339375 0.6776561046875 0.2942095046875 0.6807623859375 0.290557134375 0.6885193640625