3 0.06875 0.46484375 0.1109375 0.1171875
2 0.75859375 0.2109375 0.0921875 0.065625
4 0.51953125 0.359375 0.0671875 0.0734375
2 0.2421875 0.2140625 0.0921875 0.065625
1 0.771875 0.5890625 0.0140625 0.021875
4 0.7796875 0.84375 0.06875 0.0703125
1 0.94375 0.4484375 0.0125 0.01875
1 0.371875 0.46796875 0.0109375 0.01875
1 0.39140625 0.49296875 0.0125 0.01875
3 0.49296875 0.2546875 0.059375 0.071875
1 0.32265625 0.459375 0.0109375 0.01875
1 0.66171875 0.46328125 0.0109375 0.0171875
1 0.2734375 0.5234375 0.0125 0.0203125
1 0.93125 0.41171875 0.0109375 0.0171875
1 0.703125 0.459375 0.0109375 0.0171875
1 0.7109375 0.6046875 0.0140625 0.0234375
1 0.94609375 0.41640625 0.0109375 0.01875
1 0.40234375 0.45625 0.0109375 0.01875
1 0.69375 0.5453125 0.0125 0.021875
1 0.71015625 0.428125 0.0109375 0.0171875
1 0.4328125 0.56875 0.0125 0.0234375
1 0.43359375 0.38125 0.009375 0.015625
1 0.90390625 0.36015625 0.009375 0.015625
1 0.6 0.48203125 0.0109375 0.0203125
1 0.190625 0.3609375 0.009375 0.015625
1 0.2296875 0.9453125 0.015625 0.0296875
1 0.43203125 0.5203125 0.0125 0.01875
1 0.26796875 0.503125 0.0109375 0.0203125
0 0.13984375 0.11171875 0.0140625 0.0203125
1 0.11015625 0.40390625 0.0109375 0.0171875
1 0.54140625 0.51328125 0.0125 0.0203125
1 0.72578125 0.51875 0.0125 0.021875
1 0.1453125 0.35390625 0.009375 0.015625
0 0.125 0.07734375 0.0125 0.021875
1 0.45078125 0.396875 0.0109375 0.0171875
1 0.46953125 0.3953125 0.009375 0.0171875
1 0.8921875 0.3234375 0.009375 0.0140625
1 0.30703125 0.4578125 0.0109375 0.01875
0 0.38984375 0.815625 0.015625 0.0296875
1 0.253125 0.8984375 0.0109375 0.0171875
1 0.26484375 0.94609375 0.0171875 0.028125
1 0.69765625 0.4203125 0.0109375 0.0171875
0 0.1578125 0.0546875 0.0125 0.021875
0 0.10859375 0.1609375 0.0125 0.0203125
1 0.61953125 0.4390625 0.0109375 0.0171875
1 0.00859375 0.46328125 0.0109375 0.01875
1 0.9375 0.37578125 0.0109375 0.015625
1 0.35 0.45703125 0.0109375 0.01875
1 0.184375 0.64765625 0.0140625 0.021875
1 0.14140625 0.378125 0.009375 0.0171875
1 0.55234375 0.50625 0.0125 0.0203125
1 0.203125 0.92109375 0.0125 0.021875
1 0.66328125 0.41796875 0.009375 0.0171875
1 0.74140625 0.89453125 0.0109375 0.0203125
1 0.265625 0.553125 0.0125 0.021875
1 0.58125 0.41953125 0.0109375 0.0171875
1 0.14375 0.3109375 0.009375 0.0140625
0 0.375 0.81953125 0.015625 0.0296875
1 0.540625 0.43203125 0.0109375 0.0171875
0 0.11015625 0.22265625 0.0140625 0.0203125
1 0.9 0.909375 0.0125 0.021875
1 0.596875 0.40390625 0.0109375 0.0171875
1 0.62890625 0.26796875 0.0078125 0.0125
1 0.44296875 0.46484375 0.0078125 0.015625
1 0.48046875 0.4703125 0.009375 0.0203125
0 0.1375 0.04765625 0.0125 0.021875
0 0.0953125 0.19140625 0.0125 0.0203125
1 0.63125 0.4484375 0.0109375 0.0171875
1 0.99453125 0.4171875 0.0078125 0.0171875
1 0.45 0.54296875 0.0125 0.021875
1 0.371875 0.41171875 0.009375 0.0171875
1 0.7875 0.971875 0.01875 0.0359375
1 0.2921875 0.89140625 0.0109375 0.0171875
1 0.89296875 0.29296875 0.009375 0.0140625
1 0.84375 0.33046875 0.009375 0.015625
1 0.20390625 0.6 0.0140625 0.021875
1 0.5765625 0.353125 0.0078125 0.0140625
1 0.69921875 0.87890625 0.009375 0.01875
1 0.55625 0.46015625 0.0109375 0.01875
0 0.10078125 0.36484375 0.009375 0.015625
1 0.875 0.34375 0.009375 0.015625
1 0.21640625 0.61484375 0.0140625 0.01875
1 0.26953125 0.90703125 0.0125 0.01875
1 0.43046875 0.50390625 0.0109375 0.015625
1 0.30234375 0.43984375 0.0109375 0.015625
1 0.8265625 0.9015625 0.0109375 0.0203125
3 0.26796875 0.85859375 0.0703125 0.0640625
1 0.72109375 0.8796875 0.0109375 0.015625
1 0.46015625 0.48671875 0.009375 0.0171875
1 0.60546875 0.38828125 0.009375 0.015625
1 0.1234375 0.359375 0.009375 0.015625
0 0.78359375 0.1296875 0.0109375 0.0203125
1 0.48515625 0.44296875 0.0109375 0.015625
0 0.34921875 0.80390625 0.015625 0.03125
0 0.10546875 0.121875 0.0140625 0.021875
1 0.46953125 0.43046875 0.0125 0.015625
1 0.38515625 0.42578125 0.0109375 0.01875
1 0.225 0.8921875 0.0109375 0.015625
1 0.89140625 0.871875 0.0078125 0.0140625
1 0.52109375 0.478125 0.0109375 0.01875
1 0.5375 0.4890625 0.0125 0.01875
1 0.61484375 0.3734375 0.009375 0.015625
1 0.63828125 0.4 0.0109375 0.015625
1 0.59375 0.42578125 0.009375 0.015625
1 0.44296875 0.321875 0.009375 0.0140625
1 0.19609375 0.878125 0.0078125 0.0125
1 0.01484375 0.384375 0.0109375 0.0171875
1 0.45078125 0.375 0.009375 0.015625
1 0.65078125 0.37578125 0.009375 0.0140625
1 0.53125 0.29140625 0.009375 0.0171875
1 0.21171875 0.8953125 0.0109375 0.0171875
1 0.33515625 0.43828125 0.0109375 0.01875
1 0.628125 0.3828125 0.009375 0.0171875
1 0.6796875 0.38359375 0.009375 0.015625
1 0.3546875 0.28515625 0.0078125 0.0140625
1 0.78125 0.92109375 0.0125 0.0234375
1 0.8390625 0.9046875 0.0125 0.021875
1 0.59453125 0.36875 0.009375 0.0140625
0 0.08125 0.346875 0.0109375 0.0171875
1 0.5203125 0.428125 0.0109375 0.015625
1 0.5453125 0.41640625 0.009375 0.015625
1 0.665625 0.36171875 0.009375 0.015625
1 0.684375 0.64296875 0.009375 0.0125
0 0.7375 0.1828125 0.009375 0.0171875
1 0.403125 0.3015625 0.009375 0.015625
1 0.83671875 0.8734375 0.0078125 0.0125
1 0.296875 0.45546875 0.0109375 0.0171875
1 0.5921875 0.27265625 0.0078125 0.0140625
1 0.50703125 0.45625 0.0109375 0.0171875
1 0.35546875 0.4390625 0.0109375 0.0171875
1 0.15078125 0.8859375 0.0078125 0.0140625
1 0.61171875 0.403125 0.0109375 0.0171875
0 0.8078125 0.15078125 0.0125 0.0203125
1 0.80078125 0.3828125 0.009375 0.0171875
4 0.87265625 0.45078125 0.1046875 0.1203125
1 0.44453125 0.29609375 0.009375 0.0140625
1 0.55703125 0.2796875 0.009375 0.0140625
1 0.29609375 0.40703125 0.0109375 0.015625
0 0.08984375 0.36328125 0.0109375 0.0171875
1 0.5578125 0.33984375 0.0109375 0.0140625
1 0.8734375 0.8828125 0.0078125 0.015625
1 0.39765625 0.28359375 0.0078125 0.0140625
1 0.36953125 0.39296875 0.0109375 0.0171875
1 0.11484375 0.34453125 0.009375 0.015625
1 0.61015625 0.31953125 0.009375 0.0140625
1 0.3578125 0.41171875 0.0109375 0.015625
1 0.38984375 0.25859375 0.0078125 0.0125
1 0.55546875 0.3640625 0.0078125 0.0125
1 0.88046875 0.98203125 0.0203125 0.0234375
1 0.50078125 0.2890625 0.0078125 0.0140625
1 0.60234375 0.3296875 0.009375 0.0140625
1 0.590625 0.328125 0.009375 0.0140625
1 0.12578125 0.9015625 0.0125 0.01875
1 0.49609375 0.45078125 0.0109375 0.0171875
1 0.56484375 0.3875 0.0109375 0.015625
1 0.6625 0.57890625 0.009375 0.0140625
1 0.45546875 0.4359375 0.0109375 0.01875
1 0.346875 0.38828125 0.0109375 0.015625
1 0.5109375 0.28515625 0.0078125 0.0140625
1 0.4890625 0.290625 0.0078125 0.0140625
1 0.946875 0.334375 0.0109375 0.0171875
1 0.453125 0.2953125 0.0078125 0.0140625
1 0.57265625 0.284375 0.0078125 0.0140625
1 0.91484375 0.8796875 0.009375 0.015625
1 0.10625 0.33984375 0.009375 0.0140625
1 0.66171875 0.44765625 0.0109375 0.0125
1 0.30546875 0.34921875 0.0078125 0.0140625
1 0.33671875 0.28046875 0.00625 0.0125
1 0.9296875 0.86328125 0.0078125 0.0125
1 0.84453125 0.3140625 0.0109375 0.0140625
1 0.1859375 0.89609375 0.0109375 0.0171875
0 0.0859375 0.2328125 0.0125 0.01875
1 0.50859375 0.43125 0.0109375 0.0171875
1 0.93984375 0.87421875 0.0109375 0.015625
1 0.51640625 0.45703125 0.0125 0.015625
1 0.62109375 0.39375 0.009375 0.01875
1 0.83203125 0.26875 0.009375 0.0140625
1 0.3921875 0.646875 0.009375 0.015625
1 0.46015625 0.38359375 0.009375 0.015625
1 0.5453125 0.32421875 0.0078125 0.015625
1 0.85078125 0.87734375 0.0078125 0.0140625
1 0.1703125 0.29609375 0.0109375 0.0125
1 0.4359375 0.26328125 0.0078125 0.0125
1 0.47578125 0.34609375 0.009375 0.0140625
1 0.68984375 0.396875 0.009375 0.015625
1 0.45703125 0.25546875 0.00625 0.0125
1 0.76640625 0.61953125 0.0109375 0.0125
1 0.32578125 0.43984375 0.0109375 0.0171875
1 0.65 0.3625 0.009375 0.0125
1 0.4890625 0.42109375 0.0109375 0.015625
0 0.75 0.76953125 0.0078125 0.0171875
1 0.33984375 0.3640625 0.009375 0.015625
1 0.46484375 0.32890625 0.009375 0.015625
1 0.3375 0.26328125 0.00625 0.0125
1 0.30078125 0.425 0.0109375 0.0125
1 0.44765625 0.428125 0.0109375 0.0171875
0 0.09453125 0.3046875 0.0109375 0.01875
0 0.23046875 0.23359375 0.009375 0.0140625
1 0.3359375 0.39765625 0.0125 0.0171875
1 0.475 0.315625 0.009375 0.0125
1 0.6015625 0.3734375 0.009375 0.015625
1 0.54765625 0.475 0.0109375 0.0171875
1 0.9328125 0.34765625 0.0078125 0.0109375
1 0.53984375 0.2875 0.0078125 0.015625
1 0.28984375 0.440625 0.009375 0.015625
1 0.9125 0.9359375 0.0125 0.0203125
1 0.89140625 0.859375 0.00625 0.0125
1 0.53671875 0.46328125 0.0125 0.0203125
1 0.95078125 0.89765625 0.0109375 0.0171875
1 0.47421875 0.33125 0.009375 0.0125
1 0.51953125 0.44296875 0.0109375 0.0140625
1 0.534375 0.41953125 0.0109375 0.015625
1 0.48203125 0.2890625 0.0078125 0.0140625
0 0.084375 0.29453125 0.0109375 0.0203125
1 0.3234375 0.42421875 0.0109375 0.0125
1 0.5375 0.26953125 0.0078125 0.0140625
0 0.75859375 0.7890625 0.009375 0.0125
4 0.80546875 0.325 0.0296875 0.0734375
1 0.053125 0.34609375 0.009375 0.0140625
1 0.85625 0.86875 0.0078125 0.0125
1 0.31640625 0.3703125 0.0078125 0.0125
1 0.5640625 0.26796875 0.009375 0.0140625
1 0.32265625 0.38046875 0.0109375 0.0140625
1 0.17890625 0.88984375 0.0078125 0.0109375
1 0.5125 0.32578125 0.0078125 0.0140625
1 0.32578125 0.36328125 0.0078125 0.0125
1 0.52890625 0.26875 0.009375 0.0140625
1 0.07421875 0.9859375 0.0203125 0.028125
0 0.76640625 0.81640625 0.009375 0.0140625
1 0.08828125 0.63671875 0.0125 0.015625
1 0.12734375 0.871875 0.0078125 0.0125
1 0.54140625 0.39921875 0.0078125 0.0125
1 0.8859375 0.88515625 0.0078125 0.0140625
1 0.93828125 0.92265625 0.0125 0.0203125
1 0.3328125 0.37890625 0.009375 0.0140625
1 0.09921875 0.32734375 0.0109375 0.0140625
1 0.57265625 0.871875 0.0078125 0.0109375
1 0.940625 0.640625 0.0125 0.0125
0 0.7421875 0.23125 0.0109375 0.0171875
1 0.51640625 0.29375 0.009375 0.015625
1 0.73984375 0.84140625 0.0078125 0.0109375
1 0.60859375 0.8703125 0.009375 0.0109375
0 0.2453125 0.21015625 0.015625 0.0171875
1 0.1234375 0.98671875 0.021875 0.0265625
1 0.30703125 0.40703125 0.0125 0.015625
1 0.44921875 0.30546875 0.009375 0.0125