3 0.35078125 0.37265625 0.1 0.0953125
3 0.17578125 0.2953125 0.075 0.0671875
4 0.42109375 0.29921875 0.0796875 0.084375
2 0.784375 0.234375 0.1015625 0.065625
1 0.971875 0.446875 0.0234375 0.0171875
3 0.19296875 0.82265625 0.04375 0.0421875
1 0.72734375 0.56953125 0.0265625 0.0234375
1 0.628125 0.5609375 0.0265625 0.0203125
1 0.8734375 0.93828125 0.028125 0.0265625
1 0.959375 0.4203125 0.0234375 0.0171875
1 0.38125 0.575 0.0265625 0.0203125
4 0.5671875 0.478125 0.0890625 0.1328125
1 0.2578125 0.471875 0.0234375 0.01875
1 0.48203125 0.5703125 0.0265625 0.0234375
1 0.94140625 0.37890625 0.0234375 0.015625
1 0.65859375 0.5625 0.0265625 0.021875
1 0.68515625 0.46875 0.025 0.01875
1 0.459375 0.38203125 0.021875 0.0171875
1 0.70859375 0.51328125 0.025 0.01875
2 0.26015625 0.2125 0.1078125 0.0515625
1 0.50078125 0.4265625 0.0234375 0.01875
1 0.8359375 0.41875 0.0234375 0.0171875
1 0.14453125 0.8765625 0.0265625 0.0203125
1 0.31875 0.46796875 0.025 0.01875
1 0.08125 0.38515625 0.0234375 0.0171875
1 0.3078125 0.41171875 0.0234375 0.0171875
1 0.73203125 0.5484375 0.0265625 0.0203125
1 0.29609375 0.43125 0.0234375 0.0171875
1 0.1203125 0.5578125 0.0265625 0.021875
1 0.2359375 0.89453125 0.028125 0.025
1 0.6859375 0.87890625 0.021875 0.015625
0 0.1859375 0.2171875 0.0234375 0.015625
1 0.68515625 0.5234375 0.025 0.01875
1 0.4140625 0.4046875 0.021875 0.0171875
1 0.36328125 0.53984375 0.025 0.0234375
1 0.83125 0.89921875 0.0234375 0.0171875
1 0.9234375 0.92578125 0.0296875 0.028125
1 0.4046875 0.42734375 0.0234375 0.01875
1 0.13125 0.9109375 0.0296875 0.028125
1 0.88125 0.3359375 0.021875 0.0140625
1 0.103125 0.8609375 0.0234375 0.0171875
1 0.5640625 0.371875 0.021875 0.0140625
1 0.46875 0.328125 0.021875 0.0140625
1 0.18515625 0.34375 0.0203125 0.0140625
1 0.0828125 0.36953125 0.021875 0.0140625
1 0.190625 0.86484375 0.0234375 0.015625
1 0.71953125 0.49765625 0.025 0.0203125
1 0.93125 0.36328125 0.0234375 0.0171875
1 0.32578125 0.43671875 0.021875 0.0140625
0 0.16953125 0.22734375 0.021875 0.015625
1 0.32421875 0.4234375 0.021875 0.0140625
1 0.6640625 0.3546875 0.021875 0.015625
1 0.18671875 0.32890625 0.0203125 0.0125
1 0.54609375 0.38046875 0.0234375 0.0171875
1 0.6625 0.5109375 0.025 0.01875
1 0.85234375 0.334375 0.0203125 0.0140625
1 0.80390625 0.90625 0.025 0.021875
1 0.66328125 0.37734375 0.021875 0.0125
1 0.67109375 0.55625 0.025 0.0234375
1 0.9875 0.39296875 0.021875 0.0140625
1 0.3 0.45546875 0.0234375 0.015625
1 0.5984375 0.3703125 0.0203125 0.0140625
1 0.646875 0.52890625 0.025 0.0203125
1 0.07109375 0.3671875 0.0234375 0.015625
1 0.615625 0.55 0.025 0.01875
1 0.73984375 0.51953125 0.021875 0.0140625
1 0.665625 0.49375 0.0234375 0.015625
1 0.903125 0.903125 0.0234375 0.015625
1 0.86171875 0.35078125 0.0203125 0.0140625
4 0.86953125 0.61640625 0.096875 0.09375
1 0.7078125 0.490625 0.0234375 0.0171875
1 0.3046875 0.46796875 0.0234375 0.01875
1 0.2046875 0.87421875 0.025 0.01875
0 0.171875 0.1796875 0.021875 0.015625
1 0.1328125 0.30234375 0.0203125 0.0125
1 0.32109375 0.44765625 0.0234375 0.0140625
1 0.4796875 0.31640625 0.021875 0.0140625
1 0.46640625 0.50625 0.0265625 0.025
1 0.8203125 0.41796875 0.0203125 0.015625
1 0.30703125 0.43359375 0.025 0.0171875
1 0.6796875 0.3765625 0.021875 0.0125
1 0.97890625 0.38125 0.0203125 0.0140625
1 0.6703125 0.340625 0.021875 0.0140625
1 0.5734375 0.3625 0.021875 0.0140625
1 0.7375 0.484375 0.025 0.01875
0 0.16640625 0.19609375 0.021875 0.015625
1 0.6671875 0.87578125 0.0234375 0.0171875
1 0.65390625 0.49453125 0.0234375 0.0140625
1 0.2375 0.840625 0.0203125 0.0125
1 0.809375 0.8625 0.01875 0.0109375
1 0.7203125 0.4609375 0.0234375 0.015625
1 0.67578125 0.51171875 0.025 0.0171875
1 0.00859375 0.41328125 0.0171875 0.0203125
1 0.62109375 0.3578125 0.021875 0.015625
1 0.61875 0.3078125 0.021875 0.0125
1 0.72265625 0.44609375 0.021875 0.0140625
1 0.1453125 0.8546875 0.0234375 0.0171875
1 0.95078125 0.35703125 0.0203125 0.0140625
1 0.65078125 0.51015625 0.025 0.01875
1 0.825 0.8703125 0.0203125 0.0125
1 0.8671875 0.8875 0.0234375 0.0140625
1 0.415625 0.47734375 0.0234375 0.021875
1 0.503125 0.29609375 0.0203125 0.0125
1 0.67265625 0.40390625 0.021875 0.0125
1 0.42109375 0.48984375 0.0203125 0.0140625
1 0.2390625 0.81875 0.0203125 0.0140625
1 0.49453125 0.30234375 0.0203125 0.0125
1 0.63359375 0.378125 0.0203125 0.0140625
1 0.3859375 0.32734375 0.021875 0.0140625
1 0.6671875 0.30546875 0.0203125 0.0125
1 0.68046875 0.346875 0.021875 0.0140625
1 0.6640625 0.3875 0.021875 0.0140625
1 0.91171875 0.34375 0.021875 0.015625
1 0.58515625 0.31953125 0.0203125 0.0140625
1 0.65703125 0.42734375 0.0265625 0.0171875
1 0.103125 0.3125 0.0203125 0.0125
1 0.61640625 0.38046875 0.0234375 0.015625
1 0.025 0.43671875 0.021875 0.0109375
1 0.9171875 0.32734375 0.021875 0.0125
1 0.4625 0.296875 0.0203125 0.0125
1 0.709375 0.47109375 0.025 0.0171875
1 0.4796875 0.29375 0.021875 0.0125
1 0.5453125 0.30625 0.021875 0.0125
1 0.60546875 0.38359375 0.021875 0.0140625
1 0.68203125 0.49453125 0.0265625 0.015625
1 0.0640625 0.3578125 0.021875 0.0125
1 0.6984375 0.4921875 0.0234375 0.01875
1 0.68203125 0.40703125 0.0203125 0.0125
1 0.090625 0.3265625 0.0234375 0.0171875
1 0.67578125 0.3953125 0.021875 0.0125
0 0.2171875 0.7546875 0.0203125 0.0140625
1 0.7234375 0.853125 0.01875 0.0109375
1 0.63671875 0.52109375 0.021875 0.015625
1 0.865625 0.86875 0.0203125 0.0125
1 0.68359375 0.30546875 0.0234375 0.0125
1 0.90859375 0.3234375 0.0234375 0.0140625
1 0.390625 0.359375 0.0203125 0.015625
1 0.68359375 0.86015625 0.021875 0.0125
1 0.14765625 0.82734375 0.0203125 0.0109375
1 0.52265625 0.3 0.021875 0.0125
1 0.57109375 0.31875 0.021875 0.0140625
4 0.54765625 0.8125 0.04375 0.034375
1 0.36328125 0.31796875 0.0203125 0.0109375
1 0.68515625 0.39453125 0.021875 0.0125
1 0.45390625 0.31171875 0.01875 0.0125
1 0.0875 0.3125 0.0203125 0.0125
1 0.5828125 0.353125 0.021875 0.0140625
1 0.2125 0.70546875 0.021875 0.0140625
1 0.19453125 0.72265625 0.0203125 0.0125
1 0.64375 0.49375 0.0234375 0.015625
1 0.89296875 0.9609375 0.028125 0.0234375
1 0.6578125 0.45234375 0.0234375 0.0171875
1 0.125 0.85078125 0.021875 0.015625
1 0.6546875 0.3859375 0.025 0.015625
1 0.1125 0.30546875 0.0203125 0.0140625
1 0.92421875 0.34609375 0.021875 0.0125
0 0.240625 0.7453125 0.0203125 0.015625
1 0.70078125 0.3953125 0.0203125 0.0125
1 0.83203125 0.86640625 0.0203125 0.0109375
1 0.6609375 0.40078125 0.0234375 0.0140625
1 0.6625 0.8390625 0.01875 0.0109375