4 0.6578125 0.2953125 0.0734375 0.0765625
2 0.7625 0.21484375 0.08671875 0.0640625
1 0.89140625 0.3671875 0.00859375 0.01640625
2 0.24609375 0.2109375 0.08984375 0.05390625
1 0.703125 0.4203125 0.009375 0.0171875
1 0.36796875 0.4421875 0.009375 0.01875
4 0.59375 0.45234375 0.08828125 0.1375
1 0.9359375 0.32734375 0.00859375 0.0125
3 0.246875 0.85078125 0.05 0.04375
3 0.4875 0.3984375 0.08828125 0.11328125
1 0.675 0.43125 0.009375 0.01875
1 0.26796875 0.503125 0.0109375 0.01953125
1 0.59296875 0.29375 0.00703125 0.01484375
1 0.6671875 0.45234375 0.00859375 0.01875
1 0.09375 0.38359375 0.009375 0.01640625
1 0.39609375 0.4625 0.0109375 0.01875
1 0.065625 0.328125 0.0078125 0.0140625
1 0.390625 0.27734375 0.00625 0.01328125
1 0.05 0.43203125 0.0109375 0.0171875
1 0.33515625 0.5625 0.0125 0.0234375
1 0.0546875 0.41796875 0.01015625 0.015625
1 0.334375 0.51171875 0.01171875 0.02109375
1 0.84140625 0.284375 0.00703125 0.01171875
1 0.95703125 0.4171875 0.0109375 0.01796875
1 0.33046875 0.4 0.0109375 0.015625
1 0.28671875 0.5296875 0.0125 0.021875
1 0.93125 0.3453125 0.01015625 0.015625
1 0.2734375 0.5296875 0.0125 0.021875
1 0.57265625 0.33125 0.009375 0.0125
1 0.88828125 0.2921875 0.00546875 0.0078125
1 0.571875 0.6453125 0.009375 0.01328125
1 0.0265625 0.3453125 0.01015625 0.0140625
1 0.54765625 0.2671875 0.00625 0.0125
1 0.4328125 0.37734375 0.009375 0.0140625
1 0.70390625 0.52109375 0.01171875 0.01953125
1 0.6953125 0.40390625 0.00859375 0.0140625
1 0.3546875 0.35546875 0.009375 0.01484375
1 0.4375 0.5546875 0.01171875 0.02265625
1 0.63359375 0.34140625 0.0078125 0.01328125
1 0.309375 0.4609375 0.0109375 0.01875
1 0.34140625 0.325 0.0078125 0.0125
1 0.35 0.48828125 0.0109375 0.01953125
1 0.07109375 0.4015625 0.01015625 0.0171875
1 0.72421875 0.5578125 0.01171875 0.02265625
1 0.61640625 0.39140625 0.0078125 0.01328125
1 0.0125 0.43515625 0.01171875 0.01796875
1 0.5828125 0.3328125 0.0078125 0.0140625
1 0.096875 0.89296875 0.009375 0.015625
1 0.684375 0.39453125 0.00859375 0.0140625
1 0.59296875 0.35078125 0.0078125 0.01328125
1 0.0109375 0.3703125 0.01015625 0.01484375
1 0.21875 0.9203125 0.0109375 0.01953125
1 0.74765625 0.546875 0.01171875 0.02109375
1 0.9 0.3171875 0.01015625 0.01484375
1 0.10390625 0.303125 0.009375 0.0140625
1 0.115625 0.3015625 0.0109375 0.015625
1 0.6765625 0.5125 0.0109375 0.02109375
1 0.43984375 0.3953125 0.00859375 0.01484375
1 0.259375 0.57265625 0.0125 0.02109375
1 0.6921875 0.38046875 0.009375 0.01484375
1 0.18671875 0.92734375 0.0140625 0.02578125
1 0.3171875 0.35546875 0.00625 0.01015625
1 0.87265625 0.86484375 0.00546875 0.0109375
1 0.0953125 0.37890625 0.0109375 0.015625
3 0.5453125 0.36953125 0.05234375 0.0796875
1 0.1078125 0.27734375 0.00859375 0.0125
1 0.9265625 0.91953125 0.0109375 0.0203125
1 0.67421875 0.3765625 0.0109375 0.01328125
1 0.12890625 0.27109375 0.00703125 0.01171875
1 0.3171875 0.41015625 0.0109375 0.01328125
1 0.39921875 0.540625 0.0109375 0.0171875
1 0.60625 0.3375 0.0078125 0.01484375
1 0.5109375 0.51015625 0.01171875 0.01953125
1 0.903125 0.296875 0.0078125 0.0125
1 0.74140625 0.5203125 0.01015625 0.021875
1 0.86796875 0.271875 0.00703125 0.0125
1 0.490625 0.31875 0.00859375 0.0140625
1 0.76796875 0.85625 0.00625 0.009375
1 0.7359375 0.5140625 0.0125 0.02109375
1 0.2328125 0.92421875 0.0140625 0.02578125
1 0.34296875 0.3015625 0.00703125 0.01171875
1 0.85625 0.29453125 0.00859375 0.0125
1 0.3859375 0.51015625 0.009375 0.01875
1 0.1015625 0.328125 0.01015625 0.0140625
1 0.92109375 0.33515625 0.00859375 0.01484375
1 0.38828125 0.43671875 0.0109375 0.01640625
1 0.83515625 0.309375 0.00859375 0.0140625
1 0.29765625 0.4 0.01015625 0.01484375
1 0.29375 0.46015625 0.01015625 0.01875
1 0.6640625 0.3484375 0.009375 0.01328125
1 0.45703125 0.31953125 0.01171875 0.015625
1 0.6578125 0.375 0.00859375 0.0140625
1 0.17109375 0.26171875 0.00703125 0.01171875
1 0.4296875 0.50859375 0.0109375 0.01796875
1 0.1 0.9171875 0.01171875 0.02265625
1 0.38515625 0.4375 0.009375 0.0171875
1 0.07265625 0.94921875 0.01640625 0.03359375
1 0.85 0.871875 0.00859375 0.01015625
1 0.5171875 0.26640625 0.00703125 0.0125
1 0.890625 0.87109375 0.00625 0.01328125
1 0.3046875 0.4015625 0.00859375 0.015625
1 0.58359375 0.36796875 0.00859375 0.01328125
1 0.6015625 0.36953125 0.009375 0.0125
1 0.4578125 0.49765625 0.009375 0.015625
1 0.35 0.29375 0.009375 0.0140625
1 0.2484375 0.53359375 0.01171875 0.02109375
1 0.3578125 0.33984375 0.00703125 0.01171875
1 0.82578125 0.2828125 0.01015625 0.0125
1 0.090625 0.3015625 0.01015625 0.0125
1 0.27421875 0.62890625 0.01328125 0.021875
1 0.32734375 0.3796875 0.0109375 0.015625
1 0.303125 0.5859375 0.01171875 0.0171875
1 0.9421875 0.98984375 0.01640625 0.01875
1 0.0765625 0.303125 0.00859375 0.01328125
1 0.421875 0.496875 0.009375 0.01640625
1 0.153125 0.2609375 0.009375 0.01171875
1 0.48203125 0.28984375 0.0078125 0.01484375
1 0.44609375 0.496875 0.00859375 0.01796875
1 0.86953125 0.30390625 0.00859375 0.0125
1 0.33046875 0.64921875 0.00703125 0.009375
1 0.13359375 0.26171875 0.00703125 0.01171875
1 0.9 0.8703125 0.009375 0.0125
1 0.84765625 0.88671875 0.009375 0.01328125
1 0.86953125 0.29140625 0.00625 0.009375
1 0.9484375 0.9296875 0.01171875 0.01953125
1 0.93671875 0.91328125 0.00703125 0.0125
1 0.2984375 0.6078125 0.0125 0.021875
1 0.21796875 0.89296875 0.00859375 0.01171875
1 0.93984375 0.90703125 0.009375 0.01328125
1 0.2859375 0.6140625 0.01171875 0.01953125
1 0.553125 0.2640625 0.00703125 0.01171875
1 0.365625 0.44453125 0.009375 0.01640625
1 0.10546875 0.2921875 0.00859375 0.009375
1 0.91171875 0.88125 0.00390625 0.0140625
1 0.4578125 0.28046875 0.00625 0.0125
1 0.79609375 0.85625 0.00703125 0.009375