3 0.11015625 0.34375 0.11875 0.0953125
2 0.78515625 0.23359375 0.115625 0.0734375
4 0.97265625 0.43984375 0.0546875 0.1015625
4 0.24609375 0.82109375 0.09375 0.0765625
4 0.80234375 0.8859375 0.115625 0.1375
1 0.05234375 0.40078125 0.0359375 0.025
1 0.28515625 0.45 0.0375 0.028125
1 0.9859375 0.49140625 0.028125 0.0265625
1 0.29375 0.5671875 0.0390625 0.0296875
0 0.2609375 0.16640625 0.0359375 0.025
1 0.10859375 0.48515625 0.0375 0.028125
1 0.109375 0.46171875 0.0375 0.0265625
0 0.98203125 0.18984375 0.0359375 0.0296875
1 0.65546875 0.390625 0.0359375 0.0234375
1 0.33203125 0.46953125 0.0375 0.0265625
1 0.0828125 0.40859375 0.0359375 0.025
1 0.5515625 0.4328125 0.0359375 0.025
1 0.3765625 0.4453125 0.0375 0.025
1 0.6515625 0.53984375 0.0390625 0.025
1 0.09140625 0.5234375 0.0390625 0.03125
1 0.66875 0.35390625 0.034375 0.0234375
1 0.5046875 0.38515625 0.034375 0.025
1 0.54921875 0.45703125 0.0359375 0.0265625
1 0.58828125 0.39453125 0.034375 0.0234375
1 0.27265625 0.47421875 0.0375 0.028125
1 0.609375 0.453125 0.0359375 0.0265625
1 0.86796875 0.94609375 0.0421875 0.0359375
1 0.72890625 0.45625 0.0359375 0.025
1 0.52890625 0.3703125 0.034375 0.021875
1 0.084375 0.4703125 0.0390625 0.0265625
1 0.68984375 0.4046875 0.0359375 0.0234375
1 0.30078125 0.5125 0.0375 0.028125
1 0.4984375 0.46015625 0.0359375 0.0234375
1 0.06875 0.425 0.0375 0.0265625
1 0.4328125 0.43359375 0.034375 0.0265625
1 0.7078125 0.89375 0.0375 0.0265625
1 0.90078125 0.44765625 0.0375 0.0265625
1 0.59140625 0.53515625 0.0390625 0.0296875
1 0.58515625 0.4375 0.0359375 0.0234375
1 0.8875 0.39765625 0.0359375 0.0234375
1 0.66015625 0.41640625 0.0359375 0.025
1 0.18828125 0.87109375 0.0390625 0.0296875
1 0.59609375 0.42421875 0.034375 0.0234375
1 0.20390625 0.8765625 0.0375 0.0296875
1 0.32109375 0.8875 0.040625 0.0328125
1 0.8796875 0.3625 0.034375 0.021875
1 0.9421875 0.4265625 0.0375 0.025
3 0.153125 0.8234375 0.09375 0.084375
1 0.92890625 0.44375 0.0359375 0.021875
1 0.68359375 0.53203125 0.0375 0.0296875
1 0.3328125 0.5546875 0.0375 0.03125
1 0.2328125 0.54375 0.0390625 0.028125
1 0.08515625 0.49609375 0.0375 0.028125
1 0.1078125 0.8625 0.0375 0.028125
1 0.1671875 0.90078125 0.040625 0.034375
1 0.34765625 0.86796875 0.0359375 0.0265625
1 0.4234375 0.48984375 0.034375 0.025
1 0.91484375 0.35234375 0.034375 0.0203125
0 0.2578125 0.18359375 0.0359375 0.0265625
1 0.72265625 0.8984375 0.0375 0.028125
1 0.18125 0.95390625 0.046875 0.046875
1 0.390625 0.3875 0.034375 0.0234375
1 0.63515625 0.50859375 0.0375 0.0265625
1 0.58359375 0.51328125 0.0375 0.0265625
1 0.63046875 0.39296875 0.0359375 0.0234375
1 0.42578125 0.8953125 0.0390625 0.028125
1 0.31484375 0.53203125 0.0390625 0.028125
1 0.7453125 0.8984375 0.0375 0.028125
1 0.45 0.50546875 0.0375 0.0296875
1 0.134375 0.90546875 0.040625 0.0328125
0 0.99140625 0.271875 0.0171875 0.028125
1 0.33125 0.42890625 0.0359375 0.0265625
1 0.17734375 0.3515625 0.034375 0.0234375
1 0.9140625 0.409375 0.0359375 0.0234375
1 0.92890625 0.4578125 0.0375 0.0265625
1 0.640625 0.3796875 0.0359375 0.0234375
1 0.50859375 0.42421875 0.0359375 0.025
2 0.2609375 0.21171875 0.1203125 0.0625
1 0.03046875 0.40078125 0.0359375 0.025
1 0.73125 0.92734375 0.040625 0.034375
1 0.384375 0.4328125 0.0359375 0.025
1 0.3640625 0.4234375 0.0375 0.025
0 0.96640625 0.1671875 0.0390625 0.0296875
1 0.5984375 0.36015625 0.034375 0.0234375
1 0.92578125 0.39765625 0.0359375 0.0234375
1 0.3734375 0.8921875 0.0453125 0.03125
1 0.540625 0.4453125 0.0359375 0.025
1 0.89921875 0.3703125 0.034375 0.0234375
1 0.6484375 0.55859375 0.0390625 0.0296875
1 0.64921875 0.503125 0.0359375 0.028125
1 0.49140625 0.31953125 0.0328125 0.0203125
0 0.1671875 0.075 0.0375 0.0265625
1 0.7171875 0.43828125 0.0359375 0.025
1 0.07265625 0.85859375 0.0375 0.0265625
1 0.1359375 0.8734375 0.0421875 0.034375
0 0.13359375 0.2078125 0.0375 0.025
1 0.85 0.34296875 0.0328125 0.021875
0 0.98984375 0.2984375 0.0203125 0.028125
1 0.3015625 0.59765625 0.0359375 0.021875
1 0.36796875 0.3390625 0.034375 0.021875
1 0.3546875 0.365625 0.034375 0.0234375
1 0.4015625 0.34140625 0.034375 0.0234375
1 0.3796875 0.41171875 0.0359375 0.025
0 0.790625 0.73046875 0.0390625 0.03125
1 0.35 0.39296875 0.034375 0.0234375
1 0.865625 0.3390625 0.0359375 0.025
1 0.6140625 0.33046875 0.0328125 0.021875
1 0.328125 0.39140625 0.034375 0.0234375
0 0.98828125 0.33359375 0.0234375 0.0265625
1 0.71640625 0.85546875 0.034375 0.021875
1 0.534375 0.41796875 0.0375 0.025
1 0.3875 0.33515625 0.0328125 0.0203125
1 0.04765625 0.9 0.0390625 0.0328125
1 0.56328125 0.3265625 0.0328125 0.021875
1 0.52265625 0.31875 0.034375 0.0203125
1 0.3265625 0.51328125 0.0359375 0.025
1 0.25859375 0.59453125 0.0375 0.025
1 0.384375 0.375 0.034375 0.021875
1 0.4046875 0.38046875 0.034375 0.021875
1 0.3765625 0.38046875 0.034375 0.0203125
1 0.2375 0.61328125 0.040625 0.0265625
1 0.29609375 0.85546875 0.0359375 0.0265625
1 0.1515625 0.3109375 0.0328125 0.0203125
1 0.63515625 0.328125 0.0328125 0.021875
0 0.27421875 0.76953125 0.0359375 0.025
1 0.5265625 0.41015625 0.0359375 0.025
1 0.165625 0.3171875 0.0359375 0.025
1 0.33359375 0.603125 0.0375 0.025
1 0.1953125 0.28828125 0.0328125 0.0203125
1 0.4234375 0.3171875 0.0328125 0.021875
1 0.53671875 0.3421875 0.034375 0.021875
1 0.65625 0.328125 0.0328125 0.0203125
1 0.55546875 0.32265625 0.0328125 0.0203125
1 0.44609375 0.2984375 0.034375 0.0203125
1 0.3390625 0.35625 0.0328125 0.021875
1 0.6046875 0.31171875 0.03125 0.0203125
1 0.3578125 0.40234375 0.0359375 0.025
1 0.33046875 0.53515625 0.0390625 0.025
1 0.6640625 0.3234375 0.0328125 0.0203125
1 0.04765625 0.86015625 0.0375 0.028125
1 0.39140625 0.3453125 0.034375 0.021875
1 0.3609375 0.29609375 0.034375 0.0203125
1 0.31796875 0.3109375 0.034375 0.021875
1 0.415625 0.346875 0.0328125 0.0203125
0 0.2640625 0.73359375 0.0359375 0.025
1 0.33515625 0.83984375 0.0375 0.0296875
0 0.7953125 0.75859375 0.0328125 0.01875
1 0.2890625 0.63828125 0.034375 0.0171875
1 0.53203125 0.43984375 0.0359375 0.0234375
1 0.346875 0.34296875 0.034375 0.0265625
1 0.34140625 0.51015625 0.0328125 0.0234375
1 0.58125 0.30234375 0.0328125 0.0203125
1 0.625 0.30859375 0.0328125 0.0203125
1 0.09609375 0.846875 0.0375 0.025
1 0.6484375 0.32734375 0.0328125 0.0234375
1 0.98515625 0.66953125 0.0296875 0.0328125
1 0.74375 0.8578125 0.034375 0.0203125
1 0.41640625 0.36953125 0.034375 0.01875
0 0.80625 0.76015625 0.0328125 0.0203125
1 0.49453125 0.29453125 0.0328125 0.0203125
0 0.18359375 0.03671875 0.040625 0.0265625
1 0.3640625 0.390625 0.034375 0.01875
0 0.26953125 0.70703125 0.034375 0.0234375
1 0.30078125 0.63125 0.0375 0.0296875
1 0.28359375 0.59921875 0.0375 0.025
1 0.334375 0.78828125 0.0359375 0.0234375
1 0.5546875 0.84765625 0.034375 0.0203125
1 0.2796875 0.82890625 0.0328125 0.0203125
0 0.575 0.98984375 0.04375 0.0203125
1 0.4296875 0.8421875 0.034375 0.0203125
1 0.21953125 0.621875 0.040625 0.0328125
1 0.54140625 0.30390625 0.0359375 0.021875
1 0.175 0.29296875 0.034375 0.0203125
1 0.85859375 0.31875 0.0359375 0.0203125
1 0.56796875 0.3109375 0.0328125 0.01875
1 0.9 0.89609375 0.0359375 0.025
0 0.2578125 0.14453125 0.034375 0.0203125
1 0.43671875 0.8515625 0.03125 0.0171875
1 0.915625 0.8984375 0.0359375 0.0234375
1 0.1125 0.51328125 0.034375 0.01875
1 0.528125 0.30234375 0.0328125 0.021875
1 0.3765625 0.39375 0.034375 0.0234375
4 0.19453125 0.34453125 0.0609375 0.08125
0 0.25546875 0.23046875 0.0375 0.021875
0 0.54765625 0.9890625 0.0421875 0.021875
1 0.309375 0.7984375 0.0359375 0.0234375
1 0.2015625 0.290625 0.03125 0.021875
1 0.659375 0.84140625 0.03125 0.01875
1 0.3375 0.39140625 0.0359375 0.0234375
1 0.546875 0.85390625 0.03125 0.0171875
1 0.9078125 0.32421875 0.0359375 0.021875
1 0.5421875 0.48359375 0.0328125 0.0203125
1 0.903125 0.8703125 0.0359375 0.021875
1 0.46171875 0.29453125 0.034375 0.0203125
1 0.553125 0.821875 0.03125 0.0171875
1 0.9265625 0.3359375 0.0328125 0.021875
1 0.07421875 0.88203125 0.0328125 0.01875