2 0.76171875 0.2140625 0.0859375 0.0640625
4 0.65078125 0.29140625 0.06484375 0.08046875
2 0.2453125 0.21015625 0.08828125 0.05546875
0 0.76640625 0.171875 0.0078125 0.01328125
1 0.70234375 0.42890625 0.01015625 0.0171875
4 0.025 0.46015625 0.046875 0.1171875
4 0.79609375 0.84609375 0.0359375 0.04140625
3 0.93359375 0.384375 0.08984375 0.0921875
1 0.4453125 0.41953125 0.01015625 0.01796875
1 0.290625 0.41875 0.009375 0.0140625
1 0.29453125 0.43203125 0.0078125 0.01640625
1 0.61640625 0.3296875 0.00859375 0.015625
1 0.1078125 0.35546875 0.00859375 0.01484375
1 0.60625 0.8703125 0.0078125 0.01171875
1 0.4828125 0.3015625 0.0078125 0.01484375
1 0.053125 0.4234375 0.01171875 0.0171875
1 0.28828125 0.43515625 0.0109375 0.01640625
1 0.42265625 0.334375 0.0078125 0.01640625
1 0.35546875 0.30390625 0.00859375 0.0140625
1 0.628125 0.33359375 0.00859375 0.01328125
1 0.48671875 0.37734375 0.00859375 0.01640625
3 0.83828125 0.875 0.071875 0.08984375
1 0.22890625 0.49453125 0.0109375 0.0203125
1 0.60390625 0.26796875 0.00625 0.0140625
1 0.02890625 0.36953125 0.009375 0.0140625
1 0.39375 0.37734375 0.009375 0.01796875
1 0.840625 0.27109375 0.0078125 0.01328125
1 0.05625 0.39140625 0.01015625 0.0140625
1 0.09140625 0.31875 0.009375 0.01171875
1 0.4421875 0.346875 0.0078125 0.015625
1 0.071875 0.3375 0.0078125 0.0140625
1 0.4125 0.29375 0.00546875 0.01484375
1 0.93125 0.91953125 0.0140625 0.02421875
1 0.09296875 0.646875 0.01328125 0.01640625
1 0.4046875 0.4359375 0.0109375 0.01875
1 0.1171875 0.93125 0.01484375 0.021875
1 0.090625 0.3328125 0.01015625 0.01328125
1 0.2953125 0.41796875 0.0078125 0.00703125
1 0.5015625 0.334375 0.0078125 0.01484375
1 0.10390625 0.3015625 0.00859375 0.0140625
1 0.4234375 0.278125 0.00625 0.0125
1 0.06484375 0.54921875 0.0125 0.02265625
1 0.509375 0.64296875 0.0078125 0.01484375
1 0.0640625 0.5109375 0.01171875 0.0203125
1 0.9234375 0.88828125 0.0078125 0.0140625
1 0.40703125 0.26640625 0.00625 0.01171875
0 0.76953125 0.140625 0.0078125 0.015625
1 0.1921875 0.4234375 0.0078125 0.0171875
1 0.13515625 0.3265625 0.0109375 0.0140625
1 0.95390625 0.925 0.01171875 0.02265625
1 0.45078125 0.275 0.009375 0.0125
1 0.896875 0.94140625 0.015625 0.02265625
1 0.29921875 0.39765625 0.01015625 0.01640625
1 0.03984375 0.3984375 0.0109375 0.01484375
1 0.1796875 0.940625 0.015625 0.02578125
1 0.075 0.37578125 0.01015625 0.01484375
1 0.12734375 0.53515625 0.0109375 0.01953125
1 0.690625 0.4015625 0.0109375 0.01640625
1 0.228125 0.46796875 0.0109375 0.0203125
1 0.4859375 0.265625 0.00625 0.01015625
1 0.1328125 0.29609375 0.00703125 0.01484375
4 0.2703125 0.92578125 0.12578125 0.14609375
1 0.18671875 0.421875 0.0109375 0.01640625
1 0.14296875 0.290625 0.0078125 0.01328125
1 0.8734375 0.2765625 0.00703125 0.01484375