4 0.646875 0.2875 0.084375 0.090625
0 0.26796875 0.20078125 0.028125 0.01875
1 0.27890625 0.534375 0.0296875 0.021875
2 0.75234375 0.209375 0.1125 0.06875
1 0.69375 0.53359375 0.0296875 0.0234375
1 0.66796875 0.45234375 0.028125 0.0171875
1 0.35 0.3703125 0.0265625 0.0140625
1 0.1375 0.94140625 0.0328125 0.0296875
1 0.1671875 0.44453125 0.028125 0.0203125
1 0.09921875 0.54140625 0.03125 0.021875
1 0.825 0.29921875 0.025 0.0125
1 0.6921875 0.459375 0.028125 0.0203125
1 0.33046875 0.36171875 0.025 0.015625
1 0.57265625 0.86875 0.025 0.0125
1 0.690625 0.42109375 0.0265625 0.01875
1 0.81328125 0.3 0.0265625 0.0125
1 0.3140625 0.33984375 0.025 0.0125
1 0.734375 0.596875 0.03125 0.0234375
1 0.7859375 0.94140625 0.034375 0.03125
1 0.6296875 0.4734375 0.0296875 0.0203125
1 0.890625 0.33046875 0.0265625 0.0140625
1 0.065625 0.3953125 0.028125 0.0171875
1 0.159375 0.37421875 0.028125 0.0140625
1 0.075 0.4515625 0.0265625 0.015625
1 0.73671875 0.52734375 0.0296875 0.0203125
1 0.12265625 0.4609375 0.028125 0.0171875
1 0.1734375 0.30859375 0.0265625 0.0125
1 0.36953125 0.50078125 0.0296875 0.021875
1 0.321875 0.48203125 0.0265625 0.01875
1 0.04453125 0.4671875 0.0296875 0.01875
1 0.30859375 0.5015625 0.0296875 0.021875
1 0.28046875 0.46328125 0.028125 0.0203125
1 0.54375 0.26015625 0.025 0.0140625
1 0.5328125 0.38515625 0.0265625 0.0171875
1 0.0515625 0.428125 0.028125 0.0140625
1 0.3953125 0.39765625 0.0265625 0.015625
1 0.38984375 0.26171875 0.025 0.0140625
1 0.3359375 0.459375 0.0296875 0.0171875
1 0.1078125 0.98125 0.0390625 0.0375
1 0.7046875 0.4203125 0.0265625 0.0171875
1 0.3828125 0.3796875 0.0265625 0.015625
4 0.11640625 0.3203125 0.0859375 0.0796875
3 0.3328125 0.25546875 0.08125 0.0765625
3 0.04453125 0.34375 0.0890625 0.096875
0 0.261566496875 0.18892882187499999 0.26636021875 0.18612419687499998 0.265899659375 0.1777921328125 0.263272521875 0.1750284125 0.260722140625 0.1736533703125 0.25082765937499996 0.173707909375 0.243560315625 0.17652616875 0.24124021093749998 0.1793171578125 0.24402087031250003 0.1848582328125 0.2516720109375 0.18898336093749998 0.261566496875 0.18892882187499999
0 0.2411768015625 0.1710396328125 0.2456206109375 0.172401040625 0.254372440625 0.172346503125 0.26292058125 0.16812593125 0.2624453203125 0.158405190625 0.2601894640625 0.157030146875 0.2535577015625 0.1556823734375 0.2448058703125 0.1557369125 0.238309896875 0.15716649375 0.2361898328125 0.15856880625 0.2366650984375 0.168289546875 0.2411768015625 0.1710396328125
0 0.2455711484375 0.187771934375 0.254570534375 0.1821626859375 0.25203248437500003 0.1780102890625 0.254210278125 0.1752192984375 0.2518883796875 0.17523293281250002 0.24231258125 0.16973276406249999 0.233169090625 0.17256465781250002 0.228669396875 0.1753692796875 0.229101703125 0.1837013453125 0.23860545000000002 0.1878128375 0.2455711484375 0.187771934375
3 0.12109375 0.871875 0.0984375 0.09375
4 0.2859375 0.921875 0.1921875 0.15625
4 0.20234375 0.86484375 0.0859375 0.0796875
3 0.5984375 0.82421875 0.046875 0.0390625