4 0.53203125 0.37578125 0.109375 0.1140625
2 0.22265625 0.2296875 0.1140625 0.06875
2 0.73828125 0.196875 0.115625 0.0609375
4 0.584375 0.26640625 0.078125 0.084375
3 0.5421875 0.25625 0.0734375 0.08125
1 0.2890625 0.62578125 0.0359375 0.021875
3 0.4921875 0.2625 0.0828125 0.078125
1 0.26015625 0.60625 0.0359375 0.0234375
1 0.26328125 0.54921875 0.034375 0.021875
4 0.20625 0.44765625 0.121875 0.128125
1 0.43515625 0.6 0.0359375 0.025
1 0.86484375 0.3484375 0.03125 0.0171875
1 0.03984375 0.4875 0.034375 0.0203125
1 0.21328125 0.615625 0.0359375 0.0234375
1 0.71640625 0.50078125 0.034375 0.0234375
1 0.8453125 0.328125 0.0328125 0.0171875
3 0.82734375 0.43359375 0.121875 0.1171875
1 0.23046875 0.97578125 0.0421875 0.034375
1 0.3359375 0.89140625 0.0328125 0.01875
1 0.659375 0.4015625 0.0328125 0.0171875
1 0.86015625 0.4 0.034375 0.0203125
1 0.121875 0.409375 0.0328125 0.01875
1 0.28671875 0.5296875 0.034375 0.0234375
1 0.28203125 0.44140625 0.0328125 0.0203125
1 0.9265625 0.375 0.034375 0.01875
1 0.678125 0.40078125 0.0328125 0.0203125
1 0.34140625 0.5671875 0.034375 0.0234375
1 0.72421875 0.871875 0.0296875 0.0171875
1 0.9609375 0.3921875 0.034375 0.01875
1 0.06796875 0.3453125 0.03125 0.0171875
1 0.2671875 0.9140625 0.034375 0.021875
1 0.9046875 0.40625 0.0328125 0.0203125
1 0.053125 0.4640625 0.034375 0.01875
1 0.10859375 0.44921875 0.0328125 0.01875
1 0.21640625 0.59453125 0.034375 0.01875
1 0.82734375 0.2890625 0.03125 0.015625
1 0.87421875 0.321875 0.03125 0.015625
1 0.09375 0.39921875 0.0328125 0.0171875
1 0.0171875 0.4640625 0.034375 0.01875
1 0.92734375 0.33359375 0.0328125 0.01875
1 0.24609375 0.88515625 0.0296875 0.015625
1 0.87109375 0.871875 0.0328125 0.01875
1 0.36796875 0.328125 0.03125 0.0171875
1 0.81875 0.5890625 0.0359375 0.0234375
1 0.7921875 0.9640625 0.0453125 0.0390625
1 0.7859375 0.878125 0.0328125 0.01875
1 0.74609375 0.86484375 0.03125 0.015625
1 0.79765625 0.3140625 0.028125 0.015625
4 0.46875 0.8359375 0.053125 0.040625
1 0.66015625 0.3875 0.03125 0.0140625
1 0.240625 0.94296875 0.0375 0.0265625
1 0.325 0.41484375 0.0328125 0.0171875
4 0.41484375 0.84921875 0.0921875 0.1328125
1 0.0640625 0.45546875 0.034375 0.01875
1 0.4609375 0.646875 0.034375 0.015625
1 0.0671875 0.41171875 0.0328125 0.0171875
1 0.31875 0.58046875 0.0359375 0.025
1 0.6359375 0.28359375 0.0296875 0.015625
1 0.7578125 0.86875 0.03125 0.015625
1 0.3734375 0.88984375 0.0328125 0.0203125
1 0.9390625 0.38203125 0.0328125 0.01875
1 0.3328125 0.29921875 0.0296875 0.0140625
1 0.74375 0.6328125 0.0359375 0.021875
1 0.8859375 0.31640625 0.0328125 0.0171875
1 0.67421875 0.88203125 0.03125 0.0171875
1 0.82109375 0.62890625 0.0359375 0.01875
1 0.23515625 0.90625 0.034375 0.01875
1 0.12734375 0.33359375 0.03125 0.0171875
1 0.3953125 0.27890625 0.0296875 0.015625
1 0.85546875 0.3125 0.0328125 0.015625
3 0.58671875 0.90234375 0.14375 0.134375
1 0.36328125 0.2890625 0.0296875 0.015625
1 0.865625 0.2875 0.0328125 0.015625
1 0.89296875 0.271875 0.03125 0.015625
1 0.6828125 0.87421875 0.0328125 0.0125
1 0.3015625 0.43359375 0.034375 0.021875
1 0.3234375 0.3765625 0.03125 0.0171875
1 0.82890625 0.89921875 0.0375 0.025
1 0.959375 0.95390625 0.04375 0.034375
1 0.0875 0.31015625 0.03125 0.0171875
1 0.3484375 0.3 0.0328125 0.015625
1 0.93359375 0.31953125 0.03125 0.015625
1 0.1671875 0.9859375 0.04375 0.028125
1 0.4359375 0.2703125 0.03125 0.0140625
1 0.42421875 0.26640625 0.0296875 0.015625
1 0.68359375 0.88828125 0.034375 0.01875
1 0.05 0.42578125 0.0328125 0.015625
1 0.20078125 0.9703125 0.0375 0.028125
1 0.05234375 0.44296875 0.0390625 0.01875
1 0.01171875 0.45703125 0.0234375 0.0171875
1 0.225 0.9328125 0.0359375 0.025
1 0.81640625 0.896875 0.0375 0.0234375
1 0.82421875 0.86640625 0.03125 0.0171875
1 0.9578125 0.90625 0.0359375 0.021875
1 0.45390625 0.26015625 0.0296875 0.0140625
1 0.63984375 0.30625 0.03125 0.015625
1 0.559375 0.3328125 0.03125 0.015625
1 0.975 0.9671875 0.040625 0.01875
1 0.06875 0.4328125 0.0328125 0.0203125
1 0.621875 0.253125 0.03125 0.015625
1 0.0296875 0.45078125 0.0359375 0.021875
1 0.0359375 0.42734375 0.034375 0.0171875
1 0.44296875 0.2609375 0.0296875 0.0140625
0 0.4515625 0.990625 0.040625 0.01875
1 0.16171875 0.28671875 0.03125 0.0140625
1 0.0515625 0.4 0.0328125 0.015625
1 0.12890625 0.2890625 0.03125 0.015625
1 0.0546875 0.41328125 0.03125 0.0171875
1 0.3546875 0.2796875 0.03125 0.0140625
1 0.32734375 0.359375 0.0296875 0.015625
1 0.19765625 0.9203125 0.0328125 0.01875
1 0.10625 0.3015625 0.0328125 0.01875
1 0.89921875 0.865625 0.0328125 0.01875
1 0.340625 0.28984375 0.03125 0.0140625
0 0.47421875 0.98984375 0.0421875 0.0203125
1 0.35390625 0.26640625 0.03125 0.0140625
1 0.00859375 0.49140625 0.0171875 0.0140625
1 0.96171875 0.32734375 0.0296875 0.0140625
1 0.0359375 0.40625 0.034375 0.015625
1 0.3140625 0.41875 0.0328125 0.0171875
1 0.3234375 0.346875 0.0296875 0.0140625
1 0.40625 0.265625 0.0328125 0.0171875
1 0.80078125 0.85625 0.028125 0.0125
1 0.7828125 0.8625 0.0328125 0.0140625
1 0.94609375 0.30546875 0.0328125 0.0171875
1 0.9109375 0.2703125 0.03125 0.0140625
1 0.3953125 0.2640625 0.028125 0.0140625
1 0.9484375 0.3828125 0.0328125 0.0171875
1 0.11484375 0.29609375 0.03125 0.015625
1 0.1625 0.66484375 0.0328125 0.0109375
1 0.14140625 0.95859375 0.0390625 0.025
1 0.8625 0.24921875 0.0328125 0.0140625
1 0.3015625 0.41015625 0.03125 0.0140625
1 0.19140625 0.9515625 0.0359375 0.021875
1 0.67734375 0.85 0.028125 0.0109375
1 0.3109375 0.36640625 0.034375 0.01875
1 0.91875 0.86875 0.034375 0.0171875
1 0.1796875 0.90546875 0.0296875 0.0125
1 0.83203125 0.86875 0.0328125 0.01875