2 0.77109375 0.22109375 0.0859375 0.059375
3 0.95625 0.47109375 0.0875 0.11640625
4 0.77109375 0.82890625 0.0515625 0.04375
1 0.10390625 0.453125 0.0109375 0.0171875
1 0.4671875 0.56328125 0.0125 0.02421875
1 0.0453125 0.48046875 0.01171875 0.01796875
1 0.9171875 0.4203125 0.01015625 0.0171875
1 0.71015625 0.5328125 0.0109375 0.01953125
3 0.19296875 0.88203125 0.12734375 0.1484375
1 0.7921875 0.57421875 0.0125 0.0234375
2 0.24921875 0.22578125 0.0890625 0.04765625
1 0.59765625 0.4109375 0.01015625 0.01796875
1 0.3734375 0.471875 0.01171875 0.01953125
1 0.99140625 0.38125 0.0109375 0.015625
1 0.1328125 0.56171875 0.0125 0.02265625
1 0.71484375 0.57421875 0.0125 0.02265625
1 0.69921875 0.39140625 0.009375 0.01484375
1 0.6328125 0.38984375 0.01015625 0.015625
0 0.7703125 0.1578125 0.0125 0.0203125
1 0.25625 0.52734375 0.0109375 0.01953125
1 0.31640625 0.48046875 0.0109375 0.01875
1 0.45859375 0.4046875 0.01015625 0.015625
1 0.40390625 0.4484375 0.01015625 0.01953125
1 0.65859375 0.41953125 0.00859375 0.015625
3 0.26328125 0.82578125 0.04765625 0.0453125
1 0.68359375 0.37109375 0.00859375 0.0140625
1 0.575 0.44296875 0.01015625 0.01640625
1 0.765625 0.88359375 0.0109375 0.01953125
1 0.9015625 0.36875 0.009375 0.01484375
1 0.478125 0.4203125 0.009375 0.01640625
1 0.28515625 0.46875 0.0109375 0.01796875
1 0.66640625 0.35546875 0.0078125 0.0140625
1 0.33671875 0.46171875 0.01015625 0.0203125
1 0.31640625 0.40390625 0.00859375 0.015625
1 0.2859375 0.88984375 0.01171875 0.021875
1 0.41015625 0.50859375 0.01171875 0.021875
1 0.2984375 0.45546875 0.0109375 0.0171875
1 0.3875 0.50234375 0.01171875 0.01875
1 0.6671875 0.31875 0.00703125 0.01328125
1 0.26953125 0.5046875 0.0078125 0.0171875
1 0.36953125 0.35234375 0.0078125 0.0140625
1 0.72265625 0.51171875 0.01015625 0.01953125
1 0.709375 0.44375 0.01015625 0.01640625
1 0.5296875 0.89140625 0.01328125 0.02421875
1 0.47109375 0.34453125 0.00859375 0.0140625
1 0.6453125 0.4078125 0.009375 0.01640625
1 0.73515625 0.4859375 0.01015625 0.01796875
1 0.640625 0.34609375 0.00859375 0.015625
1 0.35390625 0.37109375 0.0078125 0.01484375
1 0.92421875 0.34765625 0.00859375 0.015625
1 0.7 0.53125 0.0109375 0.015625
1 0.7328125 0.52890625 0.0125 0.0203125
1 0.85078125 0.9546875 0.01875 0.03515625
1 0.06484375 0.5 0.01171875 0.01953125
1 0.8546875 0.328125 0.0078125 0.0125
1 0.74296875 0.49921875 0.01171875 0.0203125
1 0.07734375 0.4359375 0.01015625 0.01640625
0 0.76796875 0.17890625 0.00859375 0.01484375
1 0.16015625 0.31875 0.00703125 0.0125
1 0.275 0.46796875 0.0109375 0.01796875
1 0.05390625 0.4625 0.01015625 0.0171875
1 0.53046875 0.39375 0.00703125 0.01640625
1 0.57578125 0.4078125 0.01171875 0.01953125
1 0.67421875 0.40546875 0.01171875 0.01484375
1 0.51875 0.41015625 0.009375 0.0171875
1 0.47265625 0.4390625 0.0109375 0.0171875
1 0.6859375 0.54609375 0.01171875 0.02265625
1 0.9453125 0.34609375 0.01015625 0.015625
1 0.90390625 0.3359375 0.00859375 0.0140625
1 0.4921875 0.36015625 0.00859375 0.015625
1 0.38125 0.30234375 0.00625 0.01171875
1 0.5375 0.33125 0.00859375 0.01328125
0 0.7578125 0.17578125 0.009375 0.0171875
1 0.7515625 0.52734375 0.0125 0.01953125
0 0.76171875 0.74375 0.00625 0.01328125
1 0.31953125 0.37734375 0.00703125 0.0140625
1 0.34765625 0.3046875 0.00859375 0.01171875
1 0.3875 0.48359375 0.0109375 0.01484375
1 0.69140625 0.4203125 0.0109375 0.01640625
1 0.05234375 0.51015625 0.01328125 0.01875
1 0.0234375 0.48046875 0.01171875 0.01640625
1 0.6453125 0.3046875 0.00703125 0.01171875
1 0.92265625 0.94296875 0.0109375 0.02265625
1 0.84140625 0.86796875 0.0078125 0.0140625
1 0.7125 0.35234375 0.0109375 0.01484375
1 0.05078125 0.92890625 0.01484375 0.028125
1 0.55234375 0.3328125 0.00859375 0.0140625
1 0.88828125 0.3265625 0.009375 0.01328125
0 0.7546875 0.70546875 0.0078125 0.01640625
1 0.865625 0.3046875 0.00859375 0.01171875
1 0.840625 0.303125 0.00625 0.01171875
1 0.08984375 0.42421875 0.0109375 0.01640625
1 0.915625 0.87734375 0.009375 0.01640625
1 0.44921875 0.36875 0.01015625 0.01328125
1 0.73828125 0.61953125 0.0125 0.0203125
1 0.49140625 0.325 0.00703125 0.0140625
1 0.575 0.34140625 0.009375 0.01328125
0 0.76953125 0.78203125 0.009375 0.015625
1 0.14296875 0.3234375 0.0078125 0.01328125
1 0.409375 0.29921875 0.00859375 0.0140625
1 0.05390625 0.434375 0.00859375 0.0171875
1 0.51328125 0.4296875 0.0078125 0.01328125
1 0.2625 0.95078125 0.0125 0.03203125
1 0.025 0.43671875 0.009375 0.01640625
1 0.03125 0.4609375 0.009375 0.0171875
1 0.34609375 0.9015625 0.01171875 0.0140625
3 0.653125 0.87421875 0.12265625 0.134375
1 0.684375 0.40546875 0.009375 0.0140625
1 0.0609375 0.4390625 0.009375 0.01484375
1 0.45078125 0.34921875 0.009375 0.0125
0 0.74375 0.1953125 0.00859375 0.01328125
1 0.9734375 0.34921875 0.0078125 0.0140625
1 0.0671875 0.4046875 0.01015625 0.01484375
1 0.93515625 0.328125 0.0109375 0.015625
1 0.90234375 0.315625 0.0078125 0.01171875
1 0.44140625 0.853125 0.00625 0.01015625
1 0.04609375 0.4203125 0.009375 0.0140625
1 0.85078125 0.85234375 0.0078125 0.0109375
1 0.43515625 0.3015625 0.0109375 0.01328125
1 0.8890625 0.86328125 0.009375 0.01640625
0 0.77734375 0.12421875 0.00859375 0.01328125
1 0.56015625 0.84921875 0.0078125 0.0109375
1 0.07734375 0.403125 0.01015625 0.015625
1 0.09609375 0.34765625 0.009375 0.01640625
1 0.93671875 0.87734375 0.009375 0.01328125
1 0.70078125 0.43203125 0.0109375 0.01328125
1 0.1 0.3296875 0.009375 0.0140625
4 0.971875 0.89375 0.05625 0.18125
1 0.45859375 0.85078125 0.00703125 0.0109375
1 0.84921875 0.3046875 0.01015625 0.0125
1 0.91328125 0.8625 0.0078125 0.01171875
1 0.6734375 0.39296875 0.01015625 0.01171875
1 0.6265625 0.29765625 0.00859375 0.01484375
1 0.39765625 0.296875 0.00859375 0.01328125
1 0.4234375 0.371875 0.00703125 0.0109375
1 0.71328125 0.4296875 0.01015625 0.0140625
1 0.2703125 0.903125 0.0109375 0.01640625
1 0.5484375 0.8375 0.0078125 0.0125
1 0.0984375 0.9171875 0.0140625 0.02421875
1 0.52890625 0.85234375 0.0078125 0.009375
1 0.08203125 0.378125 0.009375 0.0140625
1 0.07734375 0.934375 0.01640625 0.02890625
1 0.11953125 0.328125 0.0109375 0.01484375
1 0.7890625 0.646875 0.0078125 0.009375
1 0.92421875 0.32109375 0.009375 0.01171875
0 0.784375 0.18828125 0.00859375 0.0140625
1 0.575 0.3296875 0.00859375 0.009375
1 0.8125 0.84453125 0.009375 0.0109375
1 0.15390625 0.30703125 0.00859375 0.01328125
1 0.03125 0.41953125 0.009375 0.0140625
1 0.83125 0.8453125 0.00859375 0.0125
1 0.5390625 0.39375 0.01171875 0.01484375
1 0.97734375 0.996875 0.0109375 0.00625
1 0.5703125 0.84921875 0.009375 0.0109375
0 0.8046875 0.1875 0.00859375 0.0171875
1 0.715625 0.846875 0.00703125 0.0125
1 0.06796875 0.4234375 0.0125 0.01328125
1 0.55625 0.8234375 0.00703125 0.009375