3 0.29140625 0.82734375 0.0984375 0.0859375
3 0.18125 0.35703125 0.1046875 0.0984375
4 0.76484375 0.4828125 0.1359375 0.1421875
4 0.78515625 0.85625 0.084375 0.0609375
4 0.2296875 0.809375 0.08125 0.0609375
1 0.63984375 0.42890625 0.0328125 0.01875
1 0.38828125 0.45703125 0.034375 0.021875
1 0.6109375 0.5984375 0.0375 0.025
1 0.3921875 0.40859375 0.0328125 0.01875
1 0.8078125 0.61171875 0.0375 0.0234375
3 0.9640625 0.603125 0.071875 0.096875
1 0.11484375 0.54609375 0.0359375 0.0203125
1 0.31484375 0.4296875 0.0328125 0.0203125
1 0.2515625 0.56015625 0.0359375 0.021875
1 0.24296875 0.52734375 0.0359375 0.0234375
1 0.4640625 0.52578125 0.0359375 0.025
1 0.30625 0.471875 0.0359375 0.021875
1 0.6140625 0.4578125 0.034375 0.021875
1 0.75234375 0.5625 0.0359375 0.0234375
1 0.728125 0.5703125 0.0375 0.025
1 0.6359375 0.453125 0.0328125 0.01875
1 0.184375 0.53984375 0.034375 0.0234375
1 0.2375 0.86640625 0.0375 0.0265625
1 0.3453125 0.4328125 0.034375 0.0203125
1 0.2703125 0.4796875 0.0359375 0.0234375
1 0.46953125 0.43203125 0.0328125 0.0203125
1 0.33125 0.38203125 0.0328125 0.01875
1 0.63515625 0.64296875 0.0375 0.025
1 0.084375 0.88125 0.0375 0.028125
1 0.93984375 0.59296875 0.0375 0.0265625
1 0.83828125 0.6 0.03125 0.01875
1 0.55 0.465625 0.034375 0.0203125
1 0.71015625 0.35703125 0.03125 0.0171875
1 0.53046875 0.36015625 0.0328125 0.0171875
1 0.103125 0.5046875 0.0359375 0.0234375
1 0.96796875 0.43359375 0.034375 0.01875
1 0.18515625 0.87265625 0.0359375 0.025
1 0.57265625 0.346875 0.03125 0.015625
1 0.09296875 0.34609375 0.0328125 0.015625
1 0.46640625 0.38671875 0.0328125 0.0171875
1 0.11640625 0.89375 0.0390625 0.028125
1 0.2828125 0.55 0.0375 0.025
0 0.25546875 0.20625 0.0328125 0.015625
0 0.21328125 0.13359375 0.034375 0.021875
1 0.05625 0.60625 0.0390625 0.0234375
1 0.61796875 0.3875 0.0328125 0.0171875
1 0.125 0.334375 0.0328125 0.01875
1 0.55078125 0.434375 0.0328125 0.01875
1 0.26953125 0.53671875 0.0375 0.0234375
1 0.59921875 0.4359375 0.0328125 0.0203125
1 0.20390625 0.40625 0.0328125 0.0203125
1 0.6796875 0.8734375 0.03125 0.0171875
0 0.2859375 0.17421875 0.0328125 0.0171875
1 0.62578125 0.42890625 0.0328125 0.01875
1 0.98203125 0.44765625 0.034375 0.01875
1 0.5359375 0.425 0.0328125 0.0171875
0 0.22578125 0.1546875 0.0328125 0.0203125
1 0.02265625 0.4171875 0.034375 0.0203125
0 0.24296875 0.13828125 0.034375 0.021875
0 0.190625 0.23359375 0.034375 0.0203125
1 0.56171875 0.3984375 0.03125 0.015625
1 0.70546875 0.41953125 0.0328125 0.0171875
1 0.52578125 0.321875 0.0328125 0.0171875
1 0.03203125 0.40703125 0.034375 0.0203125
0 0.25625 0.140625 0.034375 0.01875
1 0.05078125 0.3671875 0.03125 0.01875
1 0.3890625 0.3765625 0.0328125 0.01875
0 0.21953125 0.10625 0.0359375 0.021875
0 0.284375 0.21171875 0.0328125 0.0171875
1 0.82265625 0.9328125 0.0375 0.025
1 0.04609375 0.47890625 0.03125 0.0203125
1 0.58046875 0.40234375 0.0328125 0.0171875
1 0.60234375 0.409375 0.034375 0.01875
0 0.2578125 0.19140625 0.0328125 0.0203125
1 0.6671875 0.4015625 0.0328125 0.0171875
1 0.22265625 0.60546875 0.0375 0.0265625
1 0.4671875 0.4078125 0.03125 0.01875
1 0.66796875 0.3390625 0.0296875 0.015625
1 0.553125 0.42109375 0.03125 0.0140625
0 0.30859375 0.15234375 0.0328125 0.0171875
0 0.75078125 0.25078125 0.03125 0.015625
1 0.94765625 0.38671875 0.0328125 0.0171875
1 0.79921875 0.6515625 0.0375 0.025
1 0.32421875 0.4046875 0.03125 0.01875
1 0.9296875 0.55 0.034375 0.021875
1 0.1703125 0.41328125 0.0328125 0.0203125
0 0.3109375 0.19140625 0.0328125 0.0171875
0 0.31015625 0.765625 0.034375 0.0234375
1 0.3109375 0.39921875 0.03125 0.01875
1 0.6359375 0.39296875 0.034375 0.0203125
1 0.46875 0.340625 0.03125 0.015625
1 0.37734375 0.38046875 0.0328125 0.01875
1 0.4203125 0.325 0.03125 0.015625
1 0.9359375 0.3609375 0.0328125 0.015625
1 0.40078125 0.325 0.03125 0.015625
0 0.21484375 0.1640625 0.034375 0.01875
1 0.509375 0.4015625 0.0328125 0.01875
1 0.6125 0.434375 0.034375 0.01875
1 0.34921875 0.38515625 0.0328125 0.0171875
1 0.6859375 0.42265625 0.0328125 0.0171875
1 0.009375 0.5203125 0.01875 0.015625
1 0.43125 0.88515625 0.034375 0.0234375
1 0.4015625 0.87734375 0.0359375 0.025
1 0.8609375 0.60234375 0.03125 0.015625
1 0.81796875 0.91328125 0.03125 0.0171875
1 0.8515625 0.9296875 0.0359375 0.0234375
1 0.98984375 0.4421875 0.0203125 0.01875
1 0.45625 0.428125 0.034375 0.01875
1 0.06953125 0.35 0.0328125 0.0171875
1 0.36328125 0.86328125 0.0328125 0.0203125
2 0.79375 0.246875 0.1078125 0.065625
1 0.46875 0.3671875 0.03125 0.015625
1 0.3890625 0.32265625 0.03125 0.015625
1 0.3453125 0.35625 0.0328125 0.0171875
1 0.90546875 0.3375 0.0328125 0.01875
0 0.20390625 0.15234375 0.034375 0.01875
1 0.34609375 0.87109375 0.034375 0.021875
1 0.14140625 0.83984375 0.03125 0.015625
1 0.55546875 0.3328125 0.03125 0.015625
0 0.8015625 0.25234375 0.03125 0.015625
1 0.3578125 0.35390625 0.034375 0.0171875
0 0.35859375 0.21171875 0.034375 0.021875
1 0.57421875 0.315625 0.03125 0.015625
1 0.378125 0.86640625 0.0328125 0.0203125
1 0.3359375 0.8640625 0.0328125 0.01875
0 0.29765625 0.18515625 0.03125 0.015625
1 0.34765625 0.31796875 0.03125 0.0140625
0 0.2 0.19140625 0.034375 0.0203125
1 0.59765625 0.34921875 0.0328125 0.015625
1 0.1234375 0.928125 0.0453125 0.040625
1 0.38046875 0.3609375 0.0328125 0.0171875
0 0.25703125 0.121875 0.034375 0.021875
1 0.44765625 0.3953125 0.0328125 0.0140625
0 0.84453125 0.14765625 0.0328125 0.0171875
1 0.49921875 0.3015625 0.0296875 0.0140625
1 0.44609375 0.89375 0.0359375 0.0234375
0 0.26171875 0.759375 0.03125 0.01875
1 0.590625 0.33984375 0.0296875 0.015625
0 0.81015625 0.24453125 0.0359375 0.021875
1 0.9140625 0.35703125 0.0328125 0.015625
1 0.23203125 0.83359375 0.03125 0.0140625
1 0.3625 0.896875 0.03125 0.0109375
1 0.3671875 0.3578125 0.03125 0.0171875
0 0.234375 0.11796875 0.0375 0.021875
1 0.115625 0.86796875 0.0359375 0.01875
1 0.83515625 0.909375 0.03125 0.0140625
1 0.63671875 0.346875 0.0328125 0.0171875
1 0.84921875 0.9125 0.0328125 0.015625
0 0.31796875 0.725 0.034375 0.025
0 0.32578125 0.16015625 0.0328125 0.0171875
1 0.2296875 0.5859375 0.0359375 0.0203125
1 0.64921875 0.309375 0.0328125 0.0140625
1 0.46015625 0.31328125 0.0296875 0.0140625
1 0.47734375 0.36796875 0.03125 0.015625
1 0.4578125 0.33671875 0.0296875 0.0140625
1 0.56328125 0.38671875 0.03125 0.0125
1 0.1796875 0.4078125 0.03125 0.01875
1 0.73828125 0.865625 0.03125 0.0140625
0 0.196875 0.26484375 0.0328125 0.0171875
1 0.44765625 0.33515625 0.0296875 0.0125
1 0.44921875 0.2890625 0.0296875 0.0140625
1 0.68203125 0.41171875 0.0328125 0.0171875
1 0.13125 0.85 0.034375 0.01875
1 0.08984375 0.6109375 0.034375 0.0203125
1 0.3546875 0.33203125 0.03125 0.0171875
1 0.11484375 0.61171875 0.0375 0.021875
1 0.61640625 0.41171875 0.0328125 0.0203125
1 0.87578125 0.97421875 0.0390625 0.025
1 0.159375 0.30234375 0.03125 0.0140625
1 0.17890625 0.2765625 0.03125 0.0140625
1 0.98984375 0.41640625 0.0203125 0.0171875
1 0.565625 0.33359375 0.034375 0.0171875
1 0.0234375 0.6078125 0.034375 0.0203125
1 0.45078125 0.4171875 0.03125 0.015625
1 0.37734375 0.290625 0.0328125 0.0140625
1 0.43515625 0.36171875 0.03125 0.015625
1 0.35703125 0.28828125 0.03125 0.015625
1 0.384375 0.34296875 0.03125 0.0125
1 0.72734375 0.85859375 0.0296875 0.0125
1 0.59375 0.3171875 0.03125 0.0171875
1 0.3671875 0.34140625 0.03125 0.0125
1 0.14921875 0.31328125 0.0328125 0.015625
1 0.8671875 0.89765625 0.03125 0.015625
1 0.11328125 0.3109375 0.03125 0.015625
1 0.94765625 0.36640625 0.034375 0.0171875
1 0.13125 0.296875 0.03125 0.015625
1 0.6953125 0.40234375 0.0328125 0.0171875
1 0.4359375 0.846875 0.028125 0.0109375
1 0.19296875 0.41484375 0.0328125 0.015625
1 0.29921875 0.378125 0.03125 0.015625
1 0.11875 0.96015625 0.040625 0.0203125
1 0.178125 0.61328125 0.0359375 0.0265625
1 0.44375 0.3140625 0.03125 0.0125
1 0.61640625 0.3078125 0.03125 0.0140625
1 0.35703125 0.365625 0.0328125 0.0140625
1 0.45078125 0.84609375 0.0296875 0.0125
0 0.27578125 0.72109375 0.0296875 0.015625
1 0.52890625 0.29765625 0.0328125 0.015625
1 0.60859375 0.3078125 0.03125 0.0140625
1 0.54296875 0.5109375 0.0296875 0.0140625
1 0.8953125 0.92265625 0.0328125 0.01875
1 0.89140625 0.95234375 0.0375 0.0265625
1 0.43671875 0.334375 0.03125 0.0140625
0 0.22578125 0.134375 0.0375 0.021875
0 0.2921875 0.2140625 0.0328125 0.0171875
1 0.98984375 0.4 0.0203125 0.0125
1 0.66640625 0.3109375 0.03125 0.0125
1 0.85 0.621875 0.0328125 0.01875
1 0.48984375 0.36328125 0.0328125 0.015625
1 0.19296875 0.29296875 0.0328125 0.0171875
1 0.2203125 0.96015625 0.04375 0.0375
1 0.890625 0.909375 0.0328125 0.01875
1 0.1859375 0.81796875 0.03125 0.0109375
1 0.9734375 0.6578125 0.0390625 0.025
1 0.1453125 0.80078125 0.03125 0.015625
1 0.625 0.296875 0.03125 0.0125
1 0.91640625 0.34140625 0.0328125 0.0171875
1 0.59375 0.303125 0.0296875 0.0125
1 0.12109375 0.84140625 0.0328125 0.01875
1 0.35625 0.978125 0.04375 0.025
1 0.7109375 0.40703125 0.0359375 0.015625