4 0.90859375 0.3078125 0.07109375 0.0765625
1 0.68125 0.553125 0.01328125 0.0234375
1 0.03125 0.48203125 0.0125 0.01640625
3 0.2328125 0.83203125 0.0515625 0.0453125
1 0.28125 0.48203125 0.01171875 0.01875
1 0.29609375 0.453125 0.01015625 0.0171875
2 0.2484375 0.228125 0.09375 0.0484375
1 0.39140625 0.46796875 0.0109375 0.01953125
4 0.29140625 0.83515625 0.065625 0.059375
2 0.771875 0.225 0.08671875 0.05390625
3 0.46171875 0.85625 0.06015625 0.08984375
1 0.45625 0.4828125 0.01171875 0.01875
1 0.96875 0.421875 0.0109375 0.0171875
1 0.26015625 0.51640625 0.01171875 0.01875
1 0.9546875 0.39609375 0.01015625 0.01640625
0 0.91953125 0.1421875 0.0109375 0.01875
1 0.3578125 0.42421875 0.00859375 0.01484375
1 0.446875 0.53125 0.01171875 0.02109375
1 0.8953125 0.91796875 0.015625 0.02421875
1 0.6609375 0.43671875 0.01015625 0.01796875
1 0.296875 0.53984375 0.01171875 0.021875
1 0.0765625 0.40703125 0.01015625 0.01640625
1 0.45390625 0.5578125 0.01328125 0.02265625
1 0.72265625 0.54765625 0.0125 0.02109375
1 0.284375 0.44609375 0.0109375 0.0171875
1 0.6984375 0.3203125 0.009375 0.01640625
1 0.51015625 0.40234375 0.009375 0.01640625
1 0.43671875 0.55078125 0.0125 0.0203125
1 0.83125 0.40234375 0.01015625 0.01640625
0 0.8328125 0.2078125 0.01171875 0.01875
0 0.9234375 0.18359375 0.01015625 0.0171875
1 0.634375 0.4 0.01015625 0.015625
1 0.32109375 0.453125 0.01015625 0.0171875
1 0.46171875 0.4359375 0.01015625 0.01796875
1 0.21015625 0.88046875 0.009375 0.01640625
1 0.85078125 0.88125 0.01015625 0.0171875
1 0.45390625 0.35234375 0.0078125 0.01484375
1 0.1015625 0.4375 0.01015625 0.0171875
1 0.534375 0.3890625 0.009375 0.01640625
1 0.70546875 0.86875 0.00859375 0.01484375
1 0.9453125 0.903125 0.01640625 0.02734375
1 0.4421875 0.50546875 0.01015625 0.01796875
0 0.9203125 0.24140625 0.009375 0.015625
1 0.315625 0.4046875 0.009375 0.01640625
1 0.44296875 0.48359375 0.01015625 0.01796875
1 0.55859375 0.30625 0.00703125 0.01328125
1 0.43515625 0.52734375 0.0125 0.0203125
1 0.95234375 0.34765625 0.009375 0.01484375
1 0.15625 0.946875 0.01796875 0.03046875
1 0.46484375 0.51015625 0.0125 0.02421875
4 0.89921875 0.83359375 0.053125 0.0625
1 0.01875 0.428125 0.0109375 0.01640625
1 0.878125 0.91875 0.01484375 0.02578125
0 0.8390625 0.17265625 0.01171875 0.01875
0 0.790625 0.14375 0.01328125 0.01875
1 0.7640625 0.5625 0.0140625 0.02109375
1 0.1 0.35390625 0.00859375 0.01328125
1 0.3390625 0.40390625 0.009375 0.01640625
1 0.97265625 0.35546875 0.00859375 0.01484375
1 0.07734375 0.39296875 0.01015625 0.0140625
1 0.834375 0.853125 0.0078125 0.01171875
1 0.671875 0.40546875 0.0109375 0.015625
1 0.325 0.87421875 0.0109375 0.01875
1 0.98046875 0.36796875 0.009375 0.0140625
1 0.1171875 0.9046875 0.0140625 0.02265625
1 0.38671875 0.33203125 0.009375 0.01328125
1 0.26953125 0.5078125 0.01015625 0.01875
1 0.4890625 0.38125 0.009375 0.015625
1 0.30078125 0.90390625 0.01171875 0.01171875
1 0.46015625 0.3296875 0.00859375 0.01328125
1 0.825 0.88984375 0.01171875 0.02109375
1 0.121875 0.88203125 0.01015625 0.01640625
0 0.8453125 0.03984375 0.01171875 0.0171875
1 0.771875 0.54609375 0.009375 0.01640625
1 0.45859375 0.30390625 0.00703125 0.01171875
1 0.8484375 0.9515625 0.0171875 0.034375
1 0.58359375 0.31953125 0.00859375 0.0125
1 0.76171875 0.85234375 0.00859375 0.0125
1 0.32265625 0.4375 0.01015625 0.01484375
1 0.62890625 0.303125 0.00703125 0.0125
1 0.16875 0.88828125 0.0109375 0.01953125
1 0.33828125 0.4609375 0.01015625 0.0171875
1 0.0640625 0.38984375 0.0109375 0.01484375
1 0.83984375 0.31796875 0.009375 0.01328125
1 0.66484375 0.3 0.00703125 0.01171875
1 0.26328125 0.9296875 0.01171875 0.0296875
1 0.65 0.3390625 0.01015625 0.0140625
1 0.30078125 0.43515625 0.009375 0.01796875
1 0.996875 0.5515625 0.00625 0.01796875
1 0.71171875 0.4625 0.01015625 0.01796875
1 0.87109375 0.3171875 0.00703125 0.01171875
1 0.34140625 0.3078125 0.00703125 0.01171875
1 0.815625 0.40234375 0.0078125 0.01484375
1 0.3609375 0.3203125 0.00703125 0.01171875
1 0.60703125 0.296875 0.0078125 0.01328125
3 0.1671875 0.4640625 0.09375 0.09296875
1 0.8640625 0.33203125 0.0078125 0.01328125
1 0.659375 0.3296875 0.009375 0.01328125
1 0.26796875 0.4875 0.009375 0.01484375
1 0.3359375 0.34140625 0.009375 0.01484375
1 0.309375 0.43671875 0.01015625 0.015625
1 0.45546875 0.6109375 0.01015625 0.0125
0 0.8703125 0.07421875 0.0125 0.01875
1 0.87109375 0.9921875 0.01640625 0.01484375
1 0.85 0.33515625 0.00859375 0.0140625
1 0.69296875 0.43515625 0.0109375 0.01640625
1 0.4203125 0.49453125 0.00859375 0.0140625
1 0.64921875 0.32578125 0.00859375 0.0125
1 0.640625 0.38125 0.0078125 0.01171875
1 0.6875 0.86640625 0.00859375 0.015625
1 0.8046875 0.6140625 0.01171875 0.01484375
1 0.34765625 0.4 0.009375 0.0171875
1 0.41484375 0.48125 0.009375 0.02109375
1 0.9234375 0.88125 0.0109375 0.01484375
1 0.65234375 0.371875 0.009375 0.01640625
1 0.815625 0.63125 0.00859375 0.01640625
1 0.740625 0.5453125 0.01484375 0.0203125
1 0.3828125 0.29921875 0.00703125 0.01171875
1 0.684375 0.40625 0.009375 0.0125
1 0.08359375 0.34765625 0.009375 0.0140625
1 0.84140625 0.30390625 0.0078125 0.0109375
1 0.6546875 0.4 0.009375 0.0140625
0 0.88046875 0.73515625 0.009375 0.01796875
1 0.77578125 0.99375 0.01796875 0.0125
1 0.76171875 0.546875 0.01171875 0.015625
1 0.6671875 0.33203125 0.009375 0.0140625
1 0.48984375 0.296875 0.00859375 0.0125
1 0.41640625 0.9890625 0.021875 0.0203125
1 0.809375 0.846875 0.00625 0.0109375
1 0.66875 0.9875 0.01875 0.021875
1 0.75234375 0.4890625 0.01015625 0.0125
1 0.68359375 0.425 0.0078125 0.01328125
1 0.71796875 0.51328125 0.0078125 0.01484375
0 0.77421875 0.2109375 0.009375 0.015625
1 0.34453125 0.34140625 0.01015625 0.01484375
1 0.075 0.35390625 0.0109375 0.01328125
1 0.66328125 0.35390625 0.0109375 0.01484375
1 0.67421875 0.35390625 0.0109375 0.01484375
1 0.73984375 0.8390625 0.00625 0.0109375
1 0.79296875 0.8421875 0.00703125 0.0109375
1 0.434375 0.496875 0.0109375 0.01640625
1 0.15078125 0.92421875 0.0109375 0.01875
1 0.05625 0.38046875 0.00859375 0.0125
1 0.91640625 0.940625 0.01484375 0.0234375
1 0.14921875 0.30859375 0.00859375 0.01484375
1 0.76796875 0.51640625 0.0078125 0.0109375
1 0.93046875 0.98984375 0.0171875 0.01796875
1 0.778125 0.84140625 0.009375 0.01171875
1 0.10625 0.89765625 0.0109375 0.021875
1 0.06953125 0.98125 0.0203125 0.0375
1 0.1640625 0.871875 0.009375 0.01328125
0 0.83203125 0.0453125 0.0109375 0.01484375
1 0.109375 0.32890625 0.0078125 0.01328125
0 0.8359375 0.02265625 0.0125 0.0203125
1 0.85 0.8515625 0.009375 0.0125
1 0.45546875 0.59765625 0.009375 0.01015625
1 0.72734375 0.52265625 0.0109375 0.0171875
1 0.67890625 0.39453125 0.00859375 0.0140625
1 0.05625 0.3609375 0.01015625 0.0171875
1 0.2625 0.49921875 0.009375 0.0109375
1 0.65234375 0.2953125 0.009375 0.01171875
1 0.196875 0.84375 0.009375 0.01171875
1 0.70234375 0.85 0.009375 0.0109375
0 0.8484375 0.01875 0.01171875 0.01640625
1 0.95703125 0.98984375 0.0171875 0.01796875
1 0.7203125 0.43671875 0.009375 0.015625
1 0.7265625 0.45625 0.00859375 0.01171875
1 0.87109375 0.30234375 0.00703125 0.00859375
1 0.77109375 0.5296875 0.009375 0.0125
1 0.12421875 0.32109375 0.0109375 0.0125
1 0.72421875 0.4890625 0.0109375 0.015625
1 0.67890625 0.37265625 0.00859375 0.0109375
1 0.659375 0.3859375 0.009375 0.015625