4 0.55625 0.35625 0.0734375 0.0984375
3 0.440625 0.3015625 0.053125 0.06875
4 0.7859375 0.84375 0.1046875 0.1015625
3 0.83671875 0.34453125 0.0578125 0.078125
1 0.334375 0.48515625 0.0140625 0.01875
4 0.2171875 0.83203125 0.0421875 0.04375
1 0.35703125 0.48515625 0.0140625 0.01875
1 0.3578125 0.453125 0.0140625 0.0171875
1 0.5140625 0.45625 0.0125 0.015625
1 0.49453125 0.45625 0.0140625 0.015625
1 0.9390625 0.42421875 0.015625 0.0171875
2 0.24453125 0.23046875 0.09375 0.0484375
1 0.0421875 0.4671875 0.0140625 0.01875
1 0.4453125 0.534375 0.015625 0.0234375
4 0.921875 0.378125 0.1015625 0.0984375
1 0.15859375 0.3953125 0.0125 0.015625
1 0.92109375 0.46328125 0.015625 0.01875
2 0.76484375 0.21484375 0.090625 0.0609375
1 0.8765625 0.4359375 0.0140625 0.0171875
1 0.45546875 0.43671875 0.0140625 0.01875
1 0.82734375 0.43828125 0.0140625 0.0171875
1 0.32109375 0.43984375 0.0140625 0.01875
1 0.6671875 0.890625 0.015625 0.021875
4 0.73046875 0.5734375 0.1046875 0.1203125
1 0.540625 0.471875 0.0140625 0.0203125
1 0.0765625 0.51484375 0.015625 0.0203125
1 0.85078125 0.8859375 0.015625 0.021875
0 0.8625 0.15859375 0.0140625 0.0203125
1 0.91484375 0.890625 0.0171875 0.021875
0 0.83984375 0.11640625 0.0140625 0.0203125
1 0.3515625 0.87890625 0.0140625 0.01875
1 0.42890625 0.45234375 0.0140625 0.01875
1 0.275 0.4828125 0.0140625 0.0171875
1 0.628125 0.87421875 0.0140625 0.01875
1 0.3890625 0.409375 0.0125 0.0171875
1 0.78125 0.559375 0.0171875 0.0234375
1 0.9359375 0.54453125 0.0171875 0.0234375
1 0.65546875 0.36953125 0.0125 0.015625
1 0.90390625 0.9171875 0.01875 0.028125
0 0.77109375 0.18359375 0.0140625 0.01875
1 0.9703125 0.41953125 0.0140625 0.0171875
1 0.11953125 0.4328125 0.0140625 0.0171875
1 0.4953125 0.3375 0.0125 0.0171875
1 0.384375 0.9015625 0.0171875 0.01875
1 0.65078125 0.8671875 0.0140625 0.01875
1 0.42578125 0.5578125 0.0125 0.01875
1 0.1046875 0.9046875 0.0171875 0.0234375
0 0.771875 0.72109375 0.015625 0.021875
1 0.38828125 0.45390625 0.0140625 0.01875
1 0.61953125 0.390625 0.0125 0.015625
1 0.053125 0.9546875 0.0203125 0.0359375
1 0.3890625 0.384375 0.0125 0.015625
1 0.70625 0.484375 0.0140625 0.0203125
1 0.48828125 0.3953125 0.0125 0.0171875
1 0.0578125 0.415625 0.0140625 0.0171875
1 0.090625 0.4609375 0.015625 0.0234375
1 0.81328125 0.425 0.0140625 0.0171875
1 0.15390625 0.45390625 0.0140625 0.01875
4 0.5640625 0.8078125 0.046875 0.06875
1 0.74453125 0.4859375 0.0125 0.01875
1 0.14140625 0.89609375 0.015625 0.021875
1 0.346875 0.40234375 0.0140625 0.015625
1 0.82265625 0.39609375 0.0125 0.015625
1 0.13984375 0.4265625 0.0125 0.015625
1 0.7140625 0.44296875 0.0140625 0.0171875
1 0.70390625 0.4125 0.0125 0.0171875
1 0.315625 0.86875 0.0125 0.015625
1 0.51171875 0.38125 0.0125 0.0140625
1 0.6453125 0.35625 0.0125 0.015625
1 0.16640625 0.44140625 0.0125 0.0125
1 0.45625 0.8890625 0.0140625 0.0234375
1 0.6828125 0.87890625 0.0140625 0.0203125
1 0.1078125 0.43203125 0.0140625 0.01875
1 0.159375 0.38046875 0.0125 0.0140625
1 0.82578125 0.9390625 0.021875 0.034375
1 0.878125 0.8734375 0.0140625 0.01875
1 0.828125 0.38046875 0.0125 0.0140625
1 0.64765625 0.3859375 0.0140625 0.015625
1 0.14296875 0.4015625 0.0125 0.015625
1 0.334375 0.88046875 0.015625 0.0203125
1 0.19921875 0.88203125 0.0140625 0.0171875
0 0.809375 0.10390625 0.0140625 0.01875
1 0.70546875 0.45390625 0.0125 0.0171875
0 0.78203125 0.1375 0.0140625 0.0203125
0 0.8484375 0.1546875 0.0140625 0.01875
1 0.4671875 0.365625 0.0125 0.015625
1 0.3890625 0.3328125 0.0125 0.0140625
1 0.9859375 0.41328125 0.015625 0.0171875
1 0.32578125 0.40390625 0.0125 0.015625
1 0.72421875 0.47421875 0.015625 0.01875
1 0.54921875 0.421875 0.0140625 0.0171875
1 0.7046875 0.8625 0.0125 0.015625
1 0.4578125 0.36640625 0.0140625 0.015625
1 0.3421875 0.334375 0.0125 0.0140625
1 0.1453125 0.3140625 0.0109375 0.0125
0 0.89375 0.2390625 0.0140625 0.0203125
1 0.2921875 0.49375 0.0125 0.01875
1 0.61015625 0.3984375 0.0140625 0.015625
1 0.82109375 0.88671875 0.015625 0.021875
1 0.52109375 0.4328125 0.0140625 0.0171875
1 0.12734375 0.87890625 0.015625 0.0171875
1 0.17890625 0.88046875 0.0125 0.0171875
1 0.23359375 0.90390625 0.015625 0.0234375
1 0.3140625 0.40625 0.0125 0.015625
1 0.28203125 0.89609375 0.015625 0.021875
1 0.16640625 0.878125 0.015625 0.01875
1 0.4046875 0.409375 0.0109375 0.0140625
1 0.928125 0.31953125 0.0125 0.0140625
1 0.97578125 0.39453125 0.0140625 0.0171875
1 0.534375 0.896875 0.01875 0.0203125
1 0.06640625 0.915625 0.0171875 0.025
1 0.41015625 0.4578125 0.015625 0.01875
0 0.88203125 0.19609375 0.015625 0.0203125
1 0.40859375 0.31640625 0.0125 0.0140625
1 0.7359375 0.48828125 0.0140625 0.01875
1 0.67421875 0.63828125 0.015625 0.0203125
1 0.6984375 0.39765625 0.0125 0.015625
1 0.10625 0.40859375 0.0140625 0.015625
1 0.24296875 0.88359375 0.0140625 0.0171875
1 0.1875 0.309375 0.009375 0.0109375
1 0.26171875 0.88125 0.0140625 0.0171875
1 0.65 0.30234375 0.0109375 0.0125
1 0.11484375 0.415625 0.0125 0.0140625
1 0.30078125 0.49453125 0.0125 0.015625
1 0.62421875 0.36484375 0.0109375 0.015625
1 0.671875 0.396875 0.0140625 0.015625
1 0.29609375 0.84921875 0.009375 0.0125
1 0.21796875 0.86171875 0.0125 0.0140625
1 0.128125 0.38125 0.0109375 0.0140625
1 0.16484375 0.45546875 0.0140625 0.0171875
1 0.24140625 0.86875 0.0109375 0.0125
1 0.6375 0.31875 0.0125 0.0140625
1 0.4546875 0.3453125 0.0125 0.0140625
1 0.3265625 0.46953125 0.0125 0.015625
1 0.35546875 0.334375 0.0125 0.0140625
0 0.7 0.20625 0.0125 0.0171875
1 0.67421875 0.384375 0.0109375 0.0109375
1 0.19609375 0.4125 0.0140625 0.015625
1 0.44296875 0.8453125 0.009375 0.0125
1 0.46015625 0.33828125 0.0109375 0.0125
1 0.0828125 0.41015625 0.0125 0.015625
4 0.46328125 0.81953125 0.0453125 0.040625
1 0.87109375 0.30859375 0.0125 0.0140625
1 0.13671875 0.8625 0.0125 0.0140625
1 0.390625 0.3078125 0.0109375 0.0125
1 0.1703125 0.3125 0.0140625 0.0140625
1 0.27109375 0.8765625 0.0125 0.0125
1 0.0703125 0.40390625 0.0125 0.015625
1 0.428125 0.40390625 0.0109375 0.0125
1 0.41015625 0.43828125 0.0140625 0.0171875
1 0.2296875 0.88046875 0.015625 0.0171875
1 0.5640625 0.8484375 0.0109375 0.0125
1 0.815625 0.3828125 0.0109375 0.0140625
1 0.43671875 0.40078125 0.0140625 0.015625
1 0.0234375 0.4078125 0.0140625 0.015625
1 0.31640625 0.3921875 0.0125 0.0125
1 0.24453125 0.99609375 0.0203125 0.0078125
1 0.35390625 0.3609375 0.0125 0.015625
0 0.71015625 0.21953125 0.0109375 0.015625
1 0.11328125 0.38046875 0.0109375 0.0109375
1 0.54765625 0.8484375 0.0109375 0.0125
1 0.1140625 0.39296875 0.0109375 0.015625
1 0.84921875 0.84453125 0.0109375 0.0125
1 0.88671875 0.31015625 0.0109375 0.0125
1 0.340625 0.37265625 0.0109375 0.0125
0 0.79609375 0.125 0.015625 0.015625
1 0.13203125 0.36640625 0.0109375 0.0125
1 0.10546875 0.3453125 0.0109375 0.0125
1 0.09296875 0.3953125 0.0140625 0.01875
1 0.4875 0.30546875 0.0109375 0.0125
1 0.28828125 0.4078125 0.0109375 0.015625
1 0.26953125 0.8953125 0.0140625 0.021875
1 0.140625 0.87734375 0.0125 0.0140625
1 0.0328125 0.3875 0.0125 0.015625
0 0.790625 0.7921875 0.0140625 0.01875
1 0.3328125 0.3578125 0.0140625 0.0171875
1 0.5421875 0.8171875 0.0109375 0.0109375
1 0.64140625 0.3015625 0.0109375 0.0125
1 0.32890625 0.3828125 0.0140625 0.0171875
1 0.0921875 0.42109375 0.0125 0.015625
1 0.346875 0.30703125 0.0125 0.0109375
1 0.36484375 0.35 0.0109375 0.0140625
1 0.78203125 0.8875 0.015625 0.0171875
1 0.12109375 0.39375 0.0125 0.015625
1 0.5265625 0.3 0.0109375 0.0125
1 0.846875 0.29921875 0.0125 0.0125
1 0.5359375 0.8515625 0.0109375 0.0109375
1 0.49765625 0.29765625 0.0125 0.0125
1 0.609375 0.29609375 0.0125 0.0140625
1 0.1859375 0.86328125 0.0109375 0.0125
1 0.459375 0.8546875 0.009375 0.009375
1 0.175 0.8609375 0.0125 0.0125
1 0.1 0.38125 0.0125 0.0125
1 0.46796875 0.32265625 0.0125 0.0140625
1 0.59609375 0.3171875 0.0125 0.0125
4 0.9734375 0.8875 0.053125 0.184375
1 0.43515625 0.8515625 0.0109375 0.009375
1 0.4234375 0.83984375 0.009375 0.009375
0 0.9109375 0.2875 0.0140625 0.0171875
1 0.17109375 0.99765625 0.0203125 0.0046875
1 0.17265625 0.84375 0.009375 0.0109375
1 0.0546875 0.38671875 0.0109375 0.0140625
1 0.8984375 0.31015625 0.0125 0.0140625
1 0.56953125 0.840625 0.0140625 0.0109375
1 0.1140625 0.871875 0.0125 0.0140625
1 0.140625 0.85078125 0.009375 0.0109375
1 0.48046875 0.296875 0.0109375 0.0109375
1 0.22265625 0.85546875 0.009375 0.0109375
1 0.13203125 0.35546875 0.0125 0.0125
1 0.0546875 0.4 0.0125 0.0109375
1 0.71484375 0.8609375 0.0140625 0.0171875
1 0.6375 0.87109375 0.0125 0.01875
0 0.83046875 0.09453125 0.0140625 0.0171875
1 0.53828125 0.315625 0.0109375 0.0125
1 0.12578125 0.653125 0.0140625 0.0140625
1 0.09609375 0.353125 0.0125 0.0109375
1 0.8625 0.30546875 0.009375 0.0109375
1 0.53359375 0.83046875 0.0125 0.0125
1 0.0703125 0.896875 0.0140625 0.0171875