2 0.25703125 0.196875 0.109375 0.06875
4 0.43984375 0.378125 0.1078125 0.1
3 0.90234375 0.29765625 0.0828125 0.0671875
1 0.103125 0.515625 0.03125 0.01875
1 0.6109375 0.5875 0.03125 0.0203125
4 0.40234375 0.30546875 0.0828125 0.0859375
1 0.684375 0.40859375 0.028125 0.0140625
1 0.13515625 0.38203125 0.028125 0.0140625
1 0.8734375 0.41015625 0.028125 0.0140625
3 0.78046875 0.928125 0.1546875 0.134375
1 0.2015625 0.58984375 0.03125 0.0203125
1 0.18515625 0.553125 0.0328125 0.021875
1 0.5203125 0.40625 0.028125 0.0140625
1 0.28671875 0.45 0.028125 0.0140625
0 0.79765625 0.20859375 0.0296875 0.0171875
1 0.25390625 0.48828125 0.028125 0.0171875
1 0.9296875 0.4859375 0.0296875 0.0140625
1 0.6421875 0.57265625 0.03125 0.0203125
1 0.64375 0.9125 0.0296875 0.0140625
1 0.5515625 0.6109375 0.0328125 0.021875
3 0.190625 0.83203125 0.0828125 0.0625
1 0.1515625 0.41484375 0.0296875 0.0140625
0 0.7921875 0.17734375 0.0296875 0.015625
1 0.059375 0.39296875 0.0296875 0.015625
1 0.67578125 0.44609375 0.028125 0.015625
1 0.0796875 0.41953125 0.0296875 0.0140625
1 0.6265625 0.4796875 0.0296875 0.0171875
3 0.9765625 0.45703125 0.046875 0.0984375
1 0.35 0.41171875 0.028125 0.0140625
1 0.0671875 0.46328125 0.0296875 0.0140625
1 0.4359375 0.4515625 0.028125 0.015625
1 0.6109375 0.396875 0.028125 0.0125
1 0.54921875 0.38515625 0.028125 0.0140625
1 0.28046875 0.50078125 0.03125 0.0171875
1 0.5640625 0.3375 0.0265625 0.0125
1 0.29765625 0.48125 0.0296875 0.0171875
1 0.3328125 0.515625 0.0296875 0.0171875
1 0.0765625 0.3984375 0.028125 0.0140625
1 0.34296875 0.4390625 0.0296875 0.015625
1 0.12265625 0.4546875 0.028125 0.0140625
1 0.046875 0.45390625 0.0296875 0.015625
1 0.26875 0.603125 0.03125 0.0171875
1 0.24140625 0.553125 0.03125 0.0203125
1 0.1046875 0.4140625 0.028125 0.0140625
1 0.33125 0.35859375 0.0265625 0.0125
1 0.8640625 0.36484375 0.0265625 0.0109375
1 0.2796875 0.478125 0.0296875 0.0125
1 0.89375 0.428125 0.0296875 0.0140625
1 0.93203125 0.4375 0.0296875 0.0140625
1 0.8421875 0.3703125 0.0265625 0.0125
1 0.8484375 0.43046875 0.028125 0.0125
1 0.15703125 0.47109375 0.028125 0.0125
1 0.31796875 0.45078125 0.0296875 0.015625
1 0.83203125 0.2796875 0.0296875 0.015625
1 0.56875 0.41953125 0.028125 0.0140625
1 0.16953125 0.321875 0.0265625 0.0125
1 0.56640625 0.384375 0.0265625 0.0125
1 0.7140625 0.46640625 0.0296875 0.0140625
1 0.1140625 0.92578125 0.034375 0.0265625
1 0.70078125 0.36640625 0.028125 0.0125
1 0.25859375 0.53515625 0.0296875 0.015625
1 0.30078125 0.6078125 0.0296875 0.0140625
0 0.82109375 0.1546875 0.0296875 0.0140625
0 0.8171875 0.17421875 0.0296875 0.015625
1 0.18984375 0.40859375 0.0296875 0.0140625
1 0.90625 0.35703125 0.0265625 0.0109375
1 0.3765625 0.4234375 0.0265625 0.0140625
1 0.1671875 0.88671875 0.0296875 0.0171875
1 0.1015625 0.4921875 0.03125 0.015625
1 0.9390625 0.375 0.028125 0.0125
1 0.078125 0.43828125 0.0296875 0.0140625
1 0.9578125 0.44765625 0.028125 0.0125
1 0.89453125 0.3703125 0.0265625 0.0125
1 0.1390625 0.88359375 0.0296875 0.015625
1 0.5 0.38046875 0.028125 0.0125
1 0.01484375 0.42578125 0.0296875 0.0171875
1 0.36328125 0.88984375 0.0296875 0.0125
1 0.37578125 0.34921875 0.028125 0.0125
1 0.21484375 0.87578125 0.028125 0.0125
1 0.65 0.36484375 0.028125 0.0125
1 0.1015625 0.9 0.0328125 0.0203125
1 0.19609375 0.32265625 0.0265625 0.0125
1 0.0765625 0.36328125 0.0265625 0.0125
1 0.66875 0.91171875 0.028125 0.0140625
1 0.16484375 0.4171875 0.0296875 0.0140625
1 0.61875 0.37421875 0.0265625 0.0109375
1 0.8671875 0.31015625 0.0265625 0.0109375
1 0.88828125 0.9921875 0.0375 0.0125
1 0.55859375 0.41171875 0.028125 0.0140625
1 0.54375 0.41328125 0.028125 0.0140625
1 0.2671875 0.478125 0.03125 0.0125
1 0.8453125 0.671875 0.0296875 0.0125
1 0.08125 0.8921875 0.03125 0.0203125
1 0.85703125 0.98203125 0.0359375 0.028125
1 0.87734375 0.34609375 0.0265625 0.009375
1 0.17109375 0.25703125 0.0265625 0.009375
1 0.39375 0.39296875 0.028125 0.0125
1 0.34140625 0.37265625 0.0265625 0.0140625
1 0.49296875 0.403125 0.0265625 0.0125
1 0.2734375 0.465625 0.0265625 0.0109375
1 0.1140625 0.3140625 0.028125 0.0140625
1 0.27421875 0.88359375 0.0296875 0.015625
1 0.86484375 0.3234375 0.0265625 0.0109375
1 0.653125 0.3875 0.028125 0.015625
1 0.33984375 0.3140625 0.0265625 0.0125
1 0.6703125 0.33359375 0.0265625 0.0125
1 0.91015625 0.56875 0.03125 0.0203125
1 0.50625 0.2796875 0.0265625 0.009375
1 0.35703125 0.36328125 0.028125 0.0125
0 0.528125 0.76953125 0.028125 0.015625
1 0.2140625 0.8984375 0.03125 0.01875
1 0.36171875 0.3328125 0.0265625 0.0109375
1 0.3890625 0.36328125 0.0265625 0.0125
1 0.08515625 0.48125 0.0296875 0.0171875
1 0.19765625 0.38515625 0.028125 0.0125
1 0.6671875 0.3796875 0.0265625 0.0109375
1 0.38671875 0.428125 0.028125 0.0140625
0 0.7515625 0.22421875 0.0265625 0.0140625
1 0.9421875 0.42734375 0.028125 0.0125
1 0.2609375 0.51796875 0.0296875 0.0125
1 0.23125 0.88984375 0.0296875 0.015625
1 0.57265625 0.27890625 0.025 0.0109375
0 0.80234375 0.15703125 0.0296875 0.0171875
1 0.35390625 0.2953125 0.0265625 0.0109375
1 0.14296875 0.27109375 0.0265625 0.0109375
1 0.85546875 0.41875 0.028125 0.0109375
1 0.44921875 0.31875 0.0265625 0.0109375
1 0.634375 0.36796875 0.028125 0.0140625
1 0.58203125 0.37109375 0.028125 0.0125
1 0.14296875 0.92421875 0.034375 0.025
1 0.50234375 0.40234375 0.0265625 0.0125
1 0.3546875 0.2671875 0.0265625 0.0109375
1 0.06640625 0.36484375 0.0265625 0.0125
1 0.91328125 0.43828125 0.0296875 0.0140625
1 0.6609375 0.28046875 0.025 0.009375
0 0.19453125 0.78515625 0.028125 0.0109375
1 0.6921875 0.346875 0.0265625 0.0109375
0 0.2125 0.7734375 0.0296875 0.015625
0 0.74609375 0.19609375 0.0296875 0.0140625
1 0.93984375 0.4140625 0.0265625 0.009375
1 0.64140625 0.315625 0.0265625 0.009375
1 0.82265625 0.3265625 0.0234375 0.009375
1 0.23046875 0.91640625 0.0328125 0.0234375
1 0.1484375 0.44609375 0.0265625 0.0078125
1 0.68125 0.33359375 0.0265625 0.0109375
0 0.7859375 0.2859375 0.0265625 0.0125
1 0.0109375 0.40859375 0.021875 0.0109375
1 0.6796875 0.35 0.0265625 0.0125
1 0.615625 0.35625 0.0265625 0.0109375
1 0.1046875 0.28984375 0.028125 0.0109375
1 0.2671875 0.86328125 0.0328125 0.0140625
1 0.3140625 0.89140625 0.028125 0.009375
1 0.0765625 0.3109375 0.028125 0.0125
1 0.64765625 0.89296875 0.028125 0.0109375
1 0.33984375 0.89140625 0.0296875 0.0109375
0 0.1625 0.7546875 0.0296875 0.0203125
0 0.5375 0.728125 0.03125 0.01875
1 0.35625 0.32421875 0.0265625 0.009375
1 0.24296875 0.53828125 0.0296875 0.0109375
1 0.13359375 0.29921875 0.028125 0.0125
1 0.7109375 0.30390625 0.0265625 0.0109375
1 0.71328125 0.33203125 0.028125 0.0125
1 0.08125 0.28671875 0.028125 0.0125
1 0.1671875 0.2765625 0.028125 0.0109375
1 0.71640625 0.903125 0.0265625 0.0125
1 0.64609375 0.2890625 0.0265625 0.009375
1 0.97265625 0.41796875 0.028125 0.0140625
1 0.36484375 0.296875 0.0265625 0.0125
1 0.95703125 0.3828125 0.028125 0.0125
1 0.61015625 0.34765625 0.0265625 0.0109375
1 0.05 0.353125 0.028125 0.0140625
0 0.84375 0.0828125 0.0296875 0.0171875
3 0.4125 0.8328125 0.065625 0.053125
1 0.203125 0.4046875 0.028125 0.0140625
1 0.6375 0.2828125 0.025 0.009375
0 0.1421875 0.8078125 0.028125 0.0140625
1 0.5109375 0.26640625 0.0265625 0.009375
1 0.1953125 0.859375 0.0265625 0.0109375
1 0.29375 0.8828125 0.028125 0.015625
1 0.1203125 0.28828125 0.0265625 0.009375
1 0.11640625 0.8734375 0.0328125 0.0171875
1 0.9140625 0.32421875 0.0265625 0.0109375
1 0.69375 0.8890625 0.0265625 0.009375
1 0.646875 0.3296875 0.028125 0.0109375
1 0.8859375 0.3359375 0.025 0.0109375
1 0.70859375 0.45625 0.028125 0.0125
1 0.6765625 0.371875 0.0265625 0.0125
1 0.97734375 0.6421875 0.0296875 0.009375
1 0.1078125 0.96171875 0.0390625 0.021875
0 0.99296875 0.2703125 0.0140625 0.015625
1 0.709375 0.93125 0.0296875 0.0140625
1 0.32265625 0.97734375 0.034375 0.0203125
1 0.103125 0.31796875 0.03125 0.0140625
0 0.98828125 0.31875 0.0234375 0.015625
0 0.16171875 0.7796875 0.0296875 0.0140625
0 0.90234375 0.09765625 0.0296875 0.0171875
0 0.1765625 0.76640625 0.03125 0.015625
1 0.08671875 0.3125 0.0296875 0.0125
0 0.69140625 0.1859375 0.0265625 0.0125
1 0.06171875 0.34296875 0.0296875 0.0125
1 0.39140625 0.85859375 0.0265625 0.0109375
1 0.90703125 0.97421875 0.0328125 0.0203125
0 0.90390625 0.07890625 0.0296875 0.015625
0 0.559375 0.71875 0.0296875 0.0171875
1 0.3015625 0.87578125 0.028125 0.0140625
0 0.62578125 0.01484375 0.0265625 0.0109375
1 0.93359375 0.3453125 0.0265625 0.0109375
1 0.2625 0.49453125 0.0296875 0.0125
0 0.2328125 0.771875 0.0296875 0.0140625
1 0.634375 0.334375 0.028125 0.0109375
0 0.9484375 0.21796875 0.0296875 0.0140625
1 0.1484375 0.25234375 0.0265625 0.009375
1 0.63125 0.87578125 0.0234375 0.00625
1 0.4046875 0.86875 0.025 0.00625
0 0.7578125 0.2375 0.0265625 0.009375
1 0.121875 0.253125 0.028125 0.0109375
0 0.9296875 0.059375 0.03125 0.01875
1 0.85234375 0.95546875 0.0296875 0.0171875
0 0.5828125 0.71953125 0.025 0.0125
0 0.9578125 0.04375 0.0328125 0.01875
1 0.3765625 0.84765625 0.028125 0.009375
1 0.95234375 0.3484375 0.0296875 0.0125
1 0.075 0.865625 0.028125 0.0125
1 0.14375 0.9015625 0.03125 0.0109375
1 0.32578125 0.890625 0.028125 0.0109375
1 0.06875 0.4484375 0.0296875 0.0109375
0 0.99296875 0.03984375 0.0140625 0.0109375
1 0.0109375 0.3953125 0.021875 0.009375
1 0.0953125 0.26953125 0.028125 0.015625
0 0.85625 0.13046875 0.028125 0.0125
1 0.68359375 0.88984375 0.025 0.009375
1 0.39609375 0.25234375 0.0265625 0.009375
0 0.12421875 0.77734375 0.0328125 0.0140625
1 0.35390625 0.2484375 0.025 0.0078125
1 0.63828125 0.26640625 0.0265625 0.009375
1 0.06328125 0.28828125 0.028125 0.0125
0 0.86640625 0.08046875 0.0296875 0.0125
1 0.93984375 0.33203125 0.0265625 0.0109375
0 0.2015625 0.19921875 0.0265625 0.0109375
1 0.4171875 0.253125 0.028125 0.009375
1 0.9578125 0.371875 0.028125 0.009375
1 0.278125 0.86640625 0.0296875 0.0140625
0 0.83046875 0.20703125 0.025 0.009375
1 0.7140625 0.86328125 0.0265625 0.0140625
1 0.13359375 0.62265625 0.028125 0.0078125
1 0.08046875 0.61796875 0.028125 0.0078125