2 0.25078125 0.2015625 0.1046875 0.0703125
3 0.5421875 0.35234375 0.084375 0.1
1 0.69375 0.496875 0.025 0.0234375
1 0.39296875 0.45 0.025 0.021875
1 0.83515625 0.5921875 0.0265625 0.0265625
4 0.87265625 0.8984375 0.11875 0.1375
1 0.1234375 0.403125 0.025 0.0203125
1 0.65390625 0.578125 0.028125 0.028125
3 0.43125 0.8078125 0.053125 0.0453125
1 0.5109375 0.459375 0.0234375 0.021875
1 0.34765625 0.55234375 0.0265625 0.028125
1 0.41328125 0.3453125 0.021875 0.01875
1 0.2328125 0.51484375 0.0265625 0.025
1 0.32109375 0.4484375 0.025 0.0234375
0 0.83359375 0.1640625 0.025 0.0234375
1 0.4046875 0.49453125 0.025 0.0234375
1 0.43828125 0.353125 0.0234375 0.01875
1 0.30625 0.40625 0.0234375 0.0234375
1 0.59296875 0.4765625 0.025 0.021875
1 0.42734375 0.45234375 0.025 0.0234375
1 0.32109375 0.52109375 0.0265625 0.025
1 0.88046875 0.415625 0.021875 0.01875
1 0.16484375 0.403125 0.0234375 0.0203125
1 0.27265625 0.5015625 0.025 0.025
4 0.465625 0.57265625 0.1015625 0.1453125
1 0.61484375 0.4140625 0.0234375 0.01875
1 0.06796875 0.3515625 0.0234375 0.01875
1 0.23515625 0.47890625 0.025 0.0234375
1 0.95703125 0.47265625 0.025 0.021875
1 0.321875 0.54765625 0.0265625 0.025
2 0.7703125 0.24296875 0.1109375 0.0609375
1 0.303125 0.5609375 0.028125 0.0265625
1 0.2984375 0.534375 0.0265625 0.025
1 0.63828125 0.40234375 0.021875 0.01875
1 0.37265625 0.49765625 0.025 0.021875
1 0.52265625 0.44453125 0.0234375 0.0203125
1 0.35234375 0.3609375 0.0234375 0.01875
1 0.9015625 0.43359375 0.021875 0.01875
1 0.48828125 0.353125 0.021875 0.015625
1 0.3875 0.3734375 0.0234375 0.0171875
1 0.88984375 0.95625 0.03125 0.0328125
1 0.5921875 0.59609375 0.025 0.01875
1 0.3234375 0.40390625 0.0234375 0.0203125
1 0.72578125 0.4859375 0.0234375 0.021875
1 0.35078125 0.32109375 0.0234375 0.0171875
1 0.63359375 0.4703125 0.0234375 0.0203125
1 0.2515625 0.50390625 0.025 0.0234375
1 0.38359375 0.4875 0.0234375 0.021875
1 0.28359375 0.55703125 0.0265625 0.0265625
1 0.6515625 0.40546875 0.0234375 0.01875
1 0.4375 0.45 0.0234375 0.021875
0 0.959375 0.215625 0.0265625 0.025
1 0.00703125 0.52421875 0.0140625 0.0265625
1 0.47578125 0.31640625 0.0203125 0.015625
1 0.075 0.32421875 0.0234375 0.0171875
1 0.634375 0.45546875 0.021875 0.0171875
1 0.60078125 0.4609375 0.0234375 0.0203125
1 0.2625 0.4875 0.025 0.021875
1 0.67109375 0.3921875 0.021875 0.0203125
1 0.91015625 0.67421875 0.028125 0.0234375
1 0.65078125 0.4984375 0.025 0.025
1 0.08203125 0.35625 0.0234375 0.01875
1 0.54765625 0.89375 0.0234375 0.025
1 0.4515625 0.3328125 0.021875 0.01875
1 0.2875 0.51875 0.025 0.01875
1 0.5875 0.44453125 0.0234375 0.0203125
1 0.48046875 0.3703125 0.0234375 0.01875
1 0.60546875 0.45078125 0.0234375 0.0171875
1 0.28203125 0.534375 0.0265625 0.025
1 0.665625 0.3671875 0.021875 0.0171875
1 0.509375 0.4328125 0.025 0.0203125
0 0.97265625 0.30234375 0.0265625 0.025
1 0.0578125 0.3390625 0.021875 0.01875
1 0.92265625 0.425 0.021875 0.015625
1 0.3875 0.35703125 0.021875 0.01875
1 0.88046875 0.3734375 0.021875 0.0171875
1 0.8390625 0.36171875 0.021875 0.0171875
1 0.74453125 0.86328125 0.0203125 0.015625
1 0.8640625 0.346875 0.021875 0.015625
1 0.6609375 0.384375 0.0234375 0.0171875
1 0.428125 0.34609375 0.0234375 0.0171875
1 0.840625 0.346875 0.0234375 0.01875
1 0.36953125 0.48125 0.025 0.0171875
1 0.009375 0.6109375 0.01875 0.025
1 0.2796875 0.60234375 0.025 0.0203125
1 0.125 0.87734375 0.0265625 0.028125
1 0.828125 0.34296875 0.0203125 0.015625
1 0.37109375 0.3140625 0.021875 0.0171875
1 0.88984375 0.56796875 0.025 0.021875
1 0.61953125 0.3765625 0.0234375 0.0171875
1 0.3828125 0.3875 0.0234375 0.01875
0 0.75859375 0.196875 0.0234375 0.0203125
1 0.1734375 0.27578125 0.021875 0.0171875
1 0.63046875 0.35078125 0.021875 0.015625
1 0.084375 0.84140625 0.0234375 0.021875
1 0.68984375 0.334375 0.021875 0.01875
1 0.8796875 0.39140625 0.021875 0.0171875
1 0.6046875 0.37421875 0.021875 0.015625
1 0.63046875 0.36484375 0.021875 0.01875
1 0.940625 0.46171875 0.025 0.01875
1 0.51953125 0.90234375 0.025 0.0203125
1 0.7671875 0.865625 0.0203125 0.015625
1 0.61796875 0.35546875 0.021875 0.0171875
1 0.32890625 0.365625 0.021875 0.01875
0 0.7390625 0.19453125 0.0234375 0.0203125
1 0.83203125 0.32734375 0.021875 0.015625
1 0.60390625 0.32421875 0.021875 0.015625
1 0.8515625 0.3578125 0.021875 0.015625
1 0.60546875 0.65546875 0.025 0.015625
1 0.94609375 0.384375 0.0234375 0.0171875
1 0.79140625 0.86640625 0.0203125 0.015625
1 0.953125 0.6796875 0.025 0.021875
1 0.82265625 0.35703125 0.0203125 0.015625
1 0.4421875 0.3296875 0.021875 0.015625
1 0.98671875 0.43671875 0.0265625 0.0265625
1 0.89453125 0.34609375 0.021875 0.015625
1 0.1390625 0.85 0.0234375 0.0203125
0 0.76640625 0.22109375 0.021875 0.015625
1 0.06953125 0.3078125 0.021875 0.0171875
1 0.50546875 0.34140625 0.021875 0.015625
1 0.084375 0.2953125 0.0234375 0.0203125
1 0.63125 0.3109375 0.0203125 0.015625
1 0.446875 0.84296875 0.021875 0.01875
1 0.60546875 0.35625 0.0203125 0.015625
1 0.84375 0.32890625 0.021875 0.015625
1 0.36015625 0.30390625 0.0203125 0.015625
1 0.9109375 0.4359375 0.0234375 0.0203125
1 0.52421875 0.42890625 0.021875 0.0140625
1 0.90703125 0.36640625 0.021875 0.015625
1 0.496875 0.3140625 0.0203125 0.015625
1 0.80625 0.91953125 0.0265625 0.0234375
1 0.41484375 0.296875 0.0234375 0.015625
1 0.61640625 0.4015625 0.0203125 0.0140625
4 0.63828125 0.9125 0.1921875 0.175
1 0.57734375 0.33828125 0.0203125 0.015625
1 0.315625 0.3859375 0.021875 0.015625
1 0.584375 0.3765625 0.021875 0.015625
1 0.53828125 0.43828125 0.0234375 0.021875
1 0.621875 0.31015625 0.021875 0.0171875
1 0.80390625 0.9890625 0.0359375 0.021875
1 0.43828125 0.29921875 0.021875 0.0171875
1 0.803125 0.60703125 0.025 0.01875
1 0.93125 0.4515625 0.025 0.0171875
1 0.16875 0.81875 0.01875 0.0140625
0 0.91328125 0.16953125 0.0265625 0.025
1 0.31640625 0.3671875 0.021875 0.0171875
1 0.3609375 0.3328125 0.0234375 0.0171875
1 0.47734375 0.29375 0.0203125 0.015625
1 0.71171875 0.34609375 0.025 0.01875
1 0.059375 0.96015625 0.034375 0.0234375
0 0.9359375 0.17109375 0.028125 0.025
1 0.50234375 0.33203125 0.021875 0.015625
1 0.10625 0.88203125 0.028125 0.0296875
1 0.9375 0.4375 0.021875 0.015625
1 0.88515625 0.3546875 0.021875 0.0140625
1 0.09453125 0.86015625 0.0234375 0.0203125
1 0.34921875 0.28671875 0.0203125 0.015625
1 0.12578125 0.28203125 0.0203125 0.015625
1 0.59765625 0.428125 0.0203125 0.0140625
1 0.7796875 0.8421875 0.0234375 0.0171875
1 0.915625 0.3671875 0.0203125 0.015625
1 0.72265625 0.34765625 0.0234375 0.0203125
1 0.60546875 0.4015625 0.021875 0.0140625
1 0.10703125 0.27890625 0.025 0.01875
1 0.78828125 0.91328125 0.0265625 0.0234375
1 0.80390625 0.8703125 0.021875 0.015625
1 0.57578125 0.371875 0.0203125 0.015625
1 0.4375 0.31875 0.021875 0.015625
1 0.59609375 0.309375 0.021875 0.015625
1 0.81328125 0.87578125 0.021875 0.0140625
1 0.9265625 0.43671875 0.0234375 0.015625
1 0.71484375 0.33125 0.0234375 0.0171875
3 0.975 0.5328125 0.05 0.13125
1 0.86328125 0.33359375 0.0203125 0.0140625
1 0.0390625 0.32265625 0.0203125 0.015625
1 0.8546875 0.33125 0.0234375 0.015625
1 0.8140625 0.89609375 0.0234375 0.0203125
1 0.95078125 0.46171875 0.0234375 0.01875
1 0.88515625 0.34609375 0.0203125 0.0140625
1 0.6875 0.2953125 0.0203125 0.0140625
1 0.6015625 0.4109375 0.021875 0.0171875
1 0.02890625 0.33125 0.0234375 0.01875
1 0.81796875 0.86640625 0.0203125 0.015625
1 0.634375 0.28671875 0.0203125 0.0140625
1 0.8046875 0.94453125 0.025 0.021875
1 0.028125 0.95859375 0.03125 0.0203125
1 0.78046875 0.89375 0.0234375 0.0171875
1 0.0515625 0.940625 0.021875 0.015625
1 0.41640625 0.825 0.021875 0.0125
1 0.2421875 0.83203125 0.021875 0.015625