4 0.33515625 0.30703125 0.1046875 0.078125
0 0.115625 0.14296875 0.0453125 0.021875
1 0.15 0.34765625 0.0375 0.009375
1 0.1109375 0.33671875 0.0375 0.0109375
1 0.6015625 0.44609375 0.040625 0.0140625
1 0.56875 0.43671875 0.040625 0.0140625
1 0.3859375 0.30546875 0.0375 0.0109375
1 0.0390625 0.44140625 0.040625 0.0125
1 0.72265625 0.4796875 0.0421875 0.015625
1 0.83984375 0.31171875 0.0390625 0.009375
1 0.55859375 0.459375 0.0421875 0.0140625
1 0.4296875 0.4234375 0.040625 0.0140625
1 0.096875 0.34375 0.0390625 0.0109375
1 0.36640625 0.40703125 0.040625 0.0125
1 0.346875 0.5796875 0.04375 0.01875
1 0.3453125 0.45546875 0.040625 0.0125
1 0.56484375 0.41875 0.040625 0.0140625
1 0.56484375 0.27890625 0.0375 0.009375
1 0.459375 0.29375 0.0375 0.0078125
1 0.07578125 0.3953125 0.0390625 0.0125
1 0.58359375 0.325 0.0375 0.0078125
1 0.5078125 0.32265625 0.0375 0.0125
1 0.625 0.39609375 0.0390625 0.0125
1 0.57109375 0.3015625 0.0375 0.0109375
1 0.4296875 0.4421875 0.040625 0.015625
1 0.89375 0.4171875 0.040625 0.015625
1 0.540625 0.4234375 0.0421875 0.0171875
1 0.146875 0.303125 0.0359375 0.0109375
1 0.72890625 0.58046875 0.04375 0.0203125
3 0.93984375 0.440625 0.1203125 0.14375
1 0.965625 0.31328125 0.0390625 0.0109375
1 0.346875 0.471875 0.0421875 0.0140625
1 0.36875 0.46484375 0.040625 0.0125
1 0.31953125 0.4078125 0.040625 0.0140625
1 0.40703125 0.4984375 0.0421875 0.01875
1 0.384375 0.41640625 0.040625 0.0140625
1 0.30390625 0.60625 0.04375 0.0171875
1 0.15703125 0.3703125 0.040625 0.0109375
1 0.8796875 0.2578125 0.0375 0.009375
1 0.403125 0.57578125 0.04375 0.0203125
1 0.65390625 0.29296875 0.0390625 0.009375
1 0.18046875 0.89296875 0.0390625 0.0125
1 0.21484375 0.896875 0.0375 0.0109375
1 0.42734375 0.57265625 0.04375 0.021875
1 0.9203125 0.3046875 0.0421875 0.0171875
0 0.08984375 0.1640625 0.0453125 0.021875
1 0.315625 0.52421875 0.04375 0.0171875
1 0.28671875 0.50390625 0.0421875 0.0140625
1 0.58515625 0.38671875 0.040625 0.0125
1 0.7359375 0.8609375 0.0375 0.009375
1 0.38359375 0.3421875 0.0375 0.0109375
1 0.50859375 0.49609375 0.0421875 0.01875
0 0.14453125 0.17578125 0.040625 0.015625
1 0.85703125 0.33515625 0.040625 0.0109375
1 0.39921875 0.3875 0.040625 0.0125
0 0.06796875 0.18125 0.046875 0.0265625
1 0.434375 0.38125 0.040625 0.0109375
1 0.65078125 0.38125 0.0390625 0.0109375
1 0.5859375 0.34765625 0.040625 0.0125
1 0.48125 0.428125 0.040625 0.0140625
1 0.9171875 0.9046875 0.046875 0.025
1 0.94765625 0.8875 0.04375 0.0203125
1 0.7484375 0.51796875 0.0421875 0.0171875
1 0.440625 0.2703125 0.0375 0.0078125
2 0.73984375 0.19453125 0.13125 0.0578125
1 0.11015625 0.29140625 0.0375 0.009375
1 0.13125 0.9375 0.0453125 0.0234375
1 0.2796875 0.5703125 0.04375 0.01875
1 0.809375 0.903125 0.04375 0.0203125
1 0.878125 0.47421875 0.040625 0.015625
3 0.809375 0.30078125 0.0734375 0.071875
1 0.26640625 0.53046875 0.0421875 0.0140625
1 0.51796875 0.42734375 0.040625 0.0125
1 0.0703125 0.35859375 0.0390625 0.0125
1 0.4328125 0.33515625 0.0390625 0.0109375
1 0.8125 0.96328125 0.0546875 0.0375
1 0.93671875 0.33125 0.0375 0.0109375
1 0.58828125 0.3703125 0.040625 0.0125
1 0.04453125 0.37734375 0.040625 0.009375
1 0.61875 0.36796875 0.0390625 0.0125
1 0.46171875 0.35703125 0.0375 0.0125
1 0.89921875 0.36171875 0.040625 0.0125
1 0.30390625 0.62578125 0.04375 0.01875
1 0.890625 0.2890625 0.040625 0.0109375
1 0.3828125 0.359375 0.0390625 0.009375
1 0.8921875 0.878125 0.0421875 0.01875
1 0.7046875 0.45078125 0.040625 0.0171875
1 0.521875 0.3046875 0.0375 0.0109375
1 0.5171875 0.2671875 0.0390625 0.009375
1 0.53828125 0.31484375 0.0421875 0.0140625
1 0.83125 0.59375 0.0453125 0.015625
1 0.06640625 0.32890625 0.0390625 0.009375
1 0.29921875 0.5484375 0.04375 0.01875
1 0.059375 0.3671875 0.0390625 0.009375
1 0.05078125 0.990625 0.05 0.015625
1 0.16171875 0.925 0.04375 0.0171875
1 0.90859375 0.2828125 0.0390625 0.009375
1 0.8578125 0.25 0.0375 0.0078125
1 0.92421875 0.871875 0.0390625 0.0140625
1 0.2234375 0.87109375 0.0375 0.009375
1 0.2984375 0.52890625 0.040625 0.009375
1 0.72890625 0.52109375 0.0453125 0.0171875
1 0.58984375 0.2625 0.040625 0.009375
1 0.6640625 0.48828125 0.0421875 0.015625
1 0.6765625 0.478125 0.0421875 0.0171875
1 0.7609375 0.94453125 0.0453125 0.03125
1 0.4109375 0.2640625 0.0390625 0.009375
1 0.40859375 0.33671875 0.0390625 0.009375
1 0.334375 0.6125 0.04375 0.0203125
1 0.60234375 0.38359375 0.0390625 0.0125
1 0.540625 0.3859375 0.0390625 0.0203125
1 0.0859375 0.31796875 0.0375 0.0109375
1 0.4234375 0.37265625 0.0375 0.0109375
1 0.28125 0.8859375 0.040625 0.0109375
1 0.66484375 0.39453125 0.0390625 0.0109375
0 0.03125 0.33359375 0.046875 0.0234375
1 0.4578125 0.44609375 0.0421875 0.0140625
1 0.478125 0.29296875 0.040625 0.009375
0 0.1671875 0.1328125 0.04375 0.015625
1 0.48984375 0.378125 0.0390625 0.015625
2 0.22421875 0.225 0.11875 0.065625
3 0.775 0.84765625 0.115625 0.0640625
1 0.4328125 0.3515625 0.040625 0.0140625
1 0.09296875 0.3171875 0.0390625 0.0109375
1 0.125 0.89296875 0.0421875 0.0140625
1 0.8359375 0.91015625 0.0453125 0.025
1 0.684375 0.3171875 0.0390625 0.0125
1 0.5296875 0.5296875 0.040625 0.009375
1 0.9703125 0.359375 0.0421875 0.0125
1 0.77890625 0.6296875 0.04375 0.0171875
1 0.53046875 0.36640625 0.040625 0.009375
1 0.25 0.86953125 0.0359375 0.0078125
1 0.61484375 0.2875 0.0390625 0.009375
1 0.6953125 0.4578125 0.0421875 0.015625
1 0.5328125 0.30078125 0.040625 0.0171875
1 0.9796875 0.34296875 0.040625 0.0109375
1 0.6109375 0.396875 0.0390625 0.0109375
0 0.196875 0.23359375 0.040625 0.0171875
1 0.6765625 0.28671875 0.040625 0.0125
1 0.328125 0.39140625 0.040625 0.0125
1 0.83359375 0.30078125 0.040625 0.015625
1 0.88671875 0.8609375 0.0390625 0.0109375
1 0.47890625 0.26015625 0.0421875 0.009375
1 0.44765625 0.3234375 0.0375 0.0109375
1 0.65625 0.32421875 0.040625 0.009375
1 0.64296875 0.29140625 0.0390625 0.0109375
1 0.31640625 0.390625 0.040625 0.0125
0 0.04453125 0.2265625 0.046875 0.021875
1 0.75078125 0.63046875 0.04375 0.0171875
1 0.50390625 0.43125 0.0390625 0.0109375
0 0.02109375 0.4265625 0.0421875 0.028125
1 0.6125 0.35078125 0.0375 0.0109375
0 0.01953125 0.5453125 0.0390625 0.025
1 0.21015625 0.87265625 0.0375 0.009375
1 0.83515625 0.85390625 0.0390625 0.009375
1 0.67734375 0.39765625 0.0390625 0.0125
1 0.6640625 0.3359375 0.040625 0.0109375
1 0.5953125 0.4265625 0.0453125 0.0171875
1 0.10078125 0.9046875 0.0390625 0.0140625
1 0.12578125 0.31640625 0.0421875 0.0125
1 0.91171875 0.25859375 0.040625 0.015625
1 0.503125 0.2859375 0.0390625 0.0125
1 0.4421875 0.459375 0.040625 0.015625
1 0.059375 0.328125 0.040625 0.009375
1 0.0734375 0.94609375 0.0453125 0.028125
1 0.49296875 0.42421875 0.040625 0.0140625
1 0.153125 0.90859375 0.0390625 0.0125
1 0.8546875 0.240625 0.0375 0.0078125
1 0.803125 0.87890625 0.0421875 0.0203125
1 0.496875 0.25859375 0.040625 0.009375
4 0.15625 0.45234375 0.11875 0.0984375
1 0.434375 0.26953125 0.0375 0.0078125
1 0.45703125 0.32734375 0.040625 0.015625
1 0.6875 0.39140625 0.040625 0.0125
1 0.0859375 0.93359375 0.0421875 0.01875
1 0.50859375 0.36171875 0.0390625 0.0078125
1 0.38515625 0.26484375 0.040625 0.009375
1 0.928125 0.2796875 0.040625 0.0109375
1 0.3125 0.3625 0.040625 0.0125
1 0.32734375 0.65234375 0.0421875 0.0125
1 0.30390625 0.3890625 0.0390625 0.0109375
1 0.05546875 0.353125 0.040625 0.009375
1 0.52890625 0.2875 0.040625 0.0125
1 0.41953125 0.33515625 0.040625 0.009375
1 0.63984375 0.89453125 0.0421875 0.0125
1 0.73515625 0.50546875 0.0453125 0.021875
0 0.64921875 0.759375 0.0453125 0.028125
1 0.68359375 0.98046875 0.053125 0.01875
1 0.3640625 0.36640625 0.0421875 0.0140625
1 0.08828125 0.8921875 0.040625 0.0140625
1 0.640625 0.25859375 0.040625 0.009375
1 0.47421875 0.36484375 0.040625 0.0140625
1 0.340625 0.3828125 0.040625 0.0140625
1 0.37265625 0.3625 0.040625 0.0125
1 0.465625 0.5578125 0.0453125 0.01875
1 0.3828125 0.39375 0.0421875 0.015625
1 0.47109375 0.340625 0.0390625 0.009375
1 0.8734375 0.9734375 0.053125 0.0125
1 0.86796875 0.24296875 0.0390625 0.0125
1 0.3515625 0.37734375 0.040625 0.015625
1 0.48125 0.3421875 0.040625 0.0125
1 0.8171875 0.86484375 0.0421875 0.0109375
0 0.24765625 0.23515625 0.0453125 0.0203125
1 0.6484375 0.36328125 0.0421875 0.015625
0 0.46484375 0.77109375 0.046875 0.03125
1 0.3359375 0.35859375 0.0390625 0.0125
1 0.59921875 0.4 0.04375 0.0109375
1 0.80625 0.89140625 0.0421875 0.0078125
1 0.37421875 0.45 0.040625 0.0109375
0 0.0953125 0.13359375 0.0453125 0.0171875
0 0.67421875 0.82421875 0.04375 0.0265625
1 0.13046875 0.31640625 0.0421875 0.0140625
0 0.1953125 0.159375 0.0421875 0.015625
1 0.62890625 0.27578125 0.040625 0.0078125
1 0.53203125 0.4046875 0.04375 0.0140625
1 0.6875 0.36171875 0.0390625 0.00625
1 0.3453125 0.2671875 0.0375 0.009375
1 0.63515625 0.63671875 0.0375 0.0109375
1 0.1578125 0.9296875 0.0453125 0.01875
1 0.4953125 0.34921875 0.040625 0.0140625
1 0.2796875 0.3421875 0.040625 0.0109375
0 0.38125 0.7390625 0.0375 0.0109375
1 0.6515625 0.25 0.040625 0.009375
1 0.3671875 0.26328125 0.040625 0.00625
1 0.5265625 0.38203125 0.0390625 0.0109375
1 0.87890625 0.2421875 0.0375 0.0125
1 0.8984375 0.8453125 0.0390625 0.0109375
1 0.67421875 0.3359375 0.0375 0.009375
1 0.51328125 0.38125 0.040625 0.0109375
1 0.82265625 0.86484375 0.0421875 0.0125
1 0.421875 0.8375 0.0375 0.009375
1 0.8859375 0.8484375 0.0390625 0.0078125
1 0.47421875 0.359375 0.040625 0.015625
1 0.34765625 0.35703125 0.0421875 0.0140625
1 0.69609375 0.38984375 0.0421875 0.0140625
1 0.49765625 0.3625 0.0390625 0.009375
1 0.82734375 0.85546875 0.0375 0.009375
1 0.42265625 0.2625 0.0390625 0.009375
1 0.6515625 0.34921875 0.0421875 0.0125
0 0.22109375 0.2078125 0.0546875 0.0296875
1 0.50390625 0.4234375 0.040625 0.0109375
1 0.08984375 0.87890625 0.0390625 0.0078125
1 0.60390625 0.340625 0.0453125 0.015625
1 0.5125 0.390625 0.0390625 0.0109375
0 0.15 0.115625 0.0484375 0.015625
1 0.91796875 0.26171875 0.04375 0.015625
1 0.51640625 0.4078125 0.0421875 0.015625
1 0.32421875 0.3609375 0.0375 0.0109375
1 0.49765625 0.26796875 0.0421875 0.00625
4 0.05703125 0.58984375 0.1140625 0.1265625
1 0.4953125 0.4015625 0.0390625 0.0078125
1 0.9125 0.8515625 0.0390625 0.015625
1 0.65078125 0.8859375 0.0421875 0.021875
1 0.484375 0.353125 0.0421875 0.015625
1 0.70390625 0.61015625 0.0390625 0.0046875
0 0.35 0.71328125 0.0421875 0.015625
1 0.0546875 0.31796875 0.040625 0.009375
1 0.63046875 0.2890625 0.040625 0.0109375
1 0.08515625 0.9 0.04375 0.0109375
1 0.8921875 0.90625 0.0453125 0.0171875
1 0.5296875 0.390625 0.040625 0.0109375
1 0.08203125 0.89765625 0.04375 0.015625