4 0.40390625 0.3515625 0.0796875 0.11015625
4 0.58828125 0.45390625 0.0890625 0.1078125
2 0.76484375 0.21484375 0.09140625 0.0640625
2 0.2453125 0.20859375 0.0921875 0.05625
3 0.78203125 0.853125 0.059375 0.0640625
1 0.13359375 0.38359375 0.01015625 0.01640625
1 0.096875 0.48359375 0.01171875 0.01875
3 0.20078125 0.91484375 0.1265625 0.13828125
1 0.0703125 0.4453125 0.0109375 0.01796875
1 0.565625 0.52890625 0.0125 0.0203125
1 0.06953125 0.55 0.0140625 0.02265625
1 0.909375 0.6046875 0.01328125 0.0234375
3 0.42109375 0.4734375 0.08203125 0.13125
1 0.96875 0.50078125 0.0125 0.01875
1 0.35234375 0.43203125 0.01015625 0.01640625
1 0.91640625 0.55390625 0.01328125 0.0203125
1 0.83984375 0.3796875 0.009375 0.015625
1 0.8171875 0.60078125 0.0140625 0.0234375
1 0.75859375 0.6203125 0.0125 0.015625
1 0.571875 0.36640625 0.00859375 0.01484375
1 0.934375 0.48125 0.0109375 0.0171875
1 0.721875 0.51171875 0.0125 0.021875
1 0.32421875 0.39140625 0.01015625 0.0140625
1 0.328125 0.90078125 0.01171875 0.01640625
1 0.796875 0.57890625 0.0125 0.02109375
1 0.115625 0.34296875 0.009375 0.015625
1 0.89765625 0.378125 0.01015625 0.015625
1 0.9234375 0.3828125 0.0109375 0.01953125
1 0.75859375 0.91796875 0.0125 0.02265625
1 0.1125 0.40078125 0.0109375 0.0171875
1 0.52109375 0.434375 0.0109375 0.01875
1 0.07890625 0.96953125 0.01875 0.03359375
1 0.1203125 0.47421875 0.01171875 0.02109375
1 0.94375 0.440625 0.0109375 0.01640625
1 0.925 0.4671875 0.01015625 0.0171875
1 0.15703125 0.40625 0.01015625 0.015625
1 0.01796875 0.36875 0.01015625 0.015625
1 0.1671875 0.346875 0.00859375 0.015625
1 0.93125 0.42734375 0.01171875 0.0171875
1 0.14453125 0.34140625 0.00859375 0.01484375
1 0.328125 0.43359375 0.01015625 0.01640625
1 0.55546875 0.3546875 0.00859375 0.015625
3 0.81953125 0.3328125 0.03359375 0.0546875
1 0.353125 0.35390625 0.00859375 0.0140625
1 0.46640625 0.35546875 0.0078125 0.01484375
1 0.878125 0.515625 0.0109375 0.01875
1 0.6015625 0.384375 0.009375 0.015625
1 0.646875 0.33515625 0.009375 0.015625
1 0.94765625 0.42421875 0.0109375 0.0171875
1 0.2890625 0.4484375 0.01171875 0.02109375
1 0.184375 0.26953125 0.0078125 0.01171875
1 0.834375 0.88984375 0.009375 0.015625
1 0.63046875 0.44140625 0.0109375 0.01796875
1 0.3578125 0.33203125 0.009375 0.01484375
1 0.92734375 0.32109375 0.009375 0.0140625
1 0.67265625 0.346875 0.00859375 0.01484375
4 0.67578125 0.571875 0.1109375 0.1515625
1 0.0703125 0.42109375 0.0109375 0.01484375
0 0.8109375 0.234375 0.009375 0.0171875
1 0.8703125 0.32890625 0.00859375 0.0140625
1 0.496875 0.31953125 0.0078125 0.01484375
1 0.98984375 0.47265625 0.01328125 0.01875
1 0.6046875 0.346875 0.00859375 0.01640625
1 0.925 0.44921875 0.0109375 0.0171875
1 0.8328125 0.94921875 0.0171875 0.02734375
1 0.56015625 0.309375 0.00859375 0.015625
1 0.76328125 0.57734375 0.0125 0.0203125
1 0.66015625 0.2703125 0.0078125 0.01328125
1 0.89296875 0.521875 0.01328125 0.02109375
1 0.84375 0.4953125 0.009375 0.01640625
1 0.0578125 0.41015625 0.0109375 0.0171875
1 0.61796875 0.33203125 0.0109375 0.0171875
1 0.06640625 0.38359375 0.009375 0.0125
1 0.15078125 0.39296875 0.009375 0.0140625
1 0.959375 0.43515625 0.01171875 0.0203125
1 0.53125 0.34609375 0.00859375 0.015625
1 0.915625 0.53515625 0.0125 0.01640625
1 0.659375 0.34375 0.009375 0.01484375
1 0.85546875 0.953125 0.01640625 0.02734375
1 0.3046875 0.28984375 0.00859375 0.0140625
1 0.80546875 0.9390625 0.01484375 0.025
1 0.4578125 0.27890625 0.00859375 0.01328125
1 0.8109375 0.575 0.0109375 0.0234375
1 0.3359375 0.3171875 0.009375 0.0140625
1 0.303125 0.89921875 0.0109375 0.0171875
1 0.575 0.33203125 0.00859375 0.0140625
4 0.459375 0.86171875 0.03125 0.053125
1 0.1671875 0.28828125 0.0078125 0.0125
1 0.09140625 0.409375 0.0125 0.01875
4 0.55 0.82890625 0.03125 0.046875
1 0.15859375 0.33359375 0.009375 0.0140625
1 0.60703125 0.90390625 0.009375 0.0109375
1 0.51484375 0.3125 0.00859375 0.015625
1 0.478125 0.325 0.00859375 0.01484375
1 0.6453125 0.31875 0.009375 0.01328125
1 0.00625 0.609375 0.01171875 0.0140625
1 0.64375 0.29609375 0.0078125 0.01328125
1 0.74296875 0.546875 0.0125 0.01796875
1 0.45078125 0.30234375 0.009375 0.0140625
1 0.6640625 0.33203125 0.009375 0.0140625
1 0.884375 0.89765625 0.0125 0.01875
1 0.90078125 0.2921875 0.0078125 0.01328125
1 0.30625 0.40390625 0.01015625 0.01640625
0 0.80234375 0.2171875 0.0109375 0.01796875
1 0.02578125 0.34296875 0.01015625 0.01484375
1 0.315625 0.31953125 0.00859375 0.0140625
1 0.85234375 0.89375 0.0109375 0.0171875
1 0.32734375 0.41796875 0.01015625 0.01484375
1 0.1890625 0.29296875 0.00625 0.01171875
1 0.10859375 0.271875 0.00859375 0.0125
1 0.75546875 0.55859375 0.01015625 0.01640625
1 0.153125 0.28828125 0.0078125 0.01328125
1 0.1734375 0.32578125 0.009375 0.01328125
1 0.38984375 0.40625 0.0078125 0.0109375
1 0.86796875 0.278125 0.0078125 0.0125
1 0.1140625 0.5203125 0.01015625 0.01953125
1 0.0640625 0.39609375 0.009375 0.01484375
1 0.35 0.2875 0.009375 0.01328125
1 0.57265625 0.34765625 0.01015625 0.0140625
1 0.9328125 0.34296875 0.00859375 0.015625
1 0.73203125 0.56015625 0.0125 0.0203125
1 0.7640625 0.88671875 0.009375 0.0140625
1 0.52890625 0.33359375 0.0078125 0.01171875
1 0.96953125 0.38828125 0.01171875 0.01796875
1 0.81875 0.87578125 0.00703125 0.01328125
1 0.653125 0.29609375 0.0078125 0.0125
1 0.33359375 0.3375 0.00859375 0.01484375
1 0.090625 0.303125 0.01015625 0.01484375
1 0.1046875 0.8953125 0.009375 0.015625
1 0.69296875 0.88125 0.0078125 0.015625
1 0.459375 0.49140625 0.0078125 0.0125
1 0.071875 0.30234375 0.00859375 0.0140625
1 0.64765625 0.26875 0.009375 0.0125
1 0.046875 0.33515625 0.01015625 0.0171875
1 0.79609375 0.91640625 0.0140625 0.02109375
1 0.95234375 0.38984375 0.01171875 0.0171875
1 0.0734375 0.403125 0.01171875 0.0140625
1 0.3484375 0.646875 0.0109375 0.01328125
1 0.46640625 0.4640625 0.009375 0.015625
1 0.45859375 0.8890625 0.00859375 0.0109375
1 0.378125 0.27265625 0.0078125 0.0125
1 0.05546875 0.3171875 0.01015625 0.015625
1 0.15859375 0.25859375 0.01015625 0.01328125
1 0.70859375 0.878125 0.01015625 0.01484375
1 0.325 0.88203125 0.01015625 0.01328125
1 0.70859375 0.5078125 0.01171875 0.0171875
1 0.6953125 0.50703125 0.01171875 0.0171875
1 0.834375 0.9859375 0.01953125 0.02734375
1 0.53984375 0.434375 0.009375 0.015625
1 0.90234375 0.940625 0.01171875 0.02265625
1 0.1703125 0.27734375 0.0078125 0.01015625
1 0.909375 0.646875 0.01015625 0.0109375
1 0.3796875 0.2875 0.0078125 0.01328125
1 0.83046875 0.91796875 0.01015625 0.01875
1 0.540625 0.4484375 0.0078125 0.0125
1 0.32109375 0.40390625 0.01171875 0.0140625
1 0.99609375 0.45859375 0.00625 0.0125
1 0.36171875 0.2546875 0.00703125 0.0125
1 0.1828125 0.2296875 0.0078125 0.01171875
1 0.83984375 0.86484375 0.00546875 0.01015625
1 0.91640625 0.3421875 0.0078125 0.01484375
1 0.62109375 0.26015625 0.00859375 0.01171875
1 0.89453125 0.2796875 0.00859375 0.01328125
1 0.85625 0.8765625 0.00859375 0.01328125
1 0.6 0.259375 0.01015625 0.0125
1 0.92421875 0.34921875 0.00859375 0.0140625
1 0.040625 0.98515625 0.01953125 0.028125
1 0.8421875 0.909375 0.0109375 0.0171875
1 0.140625 0.25546875 0.009375 0.0125
1 0.4484375 0.8875 0.00859375 0.0109375
1 0.34296875 0.865625 0.0046875 0.009375
1 0.325 0.33828125 0.01015625 0.01484375
1 0.83515625 0.86015625 0.0078125 0.0109375
0 0.7640625 0.7296875 0.01015625 0.0203125
1 0.3734375 0.30859375 0.01015625 0.01484375
1 0.45078125 0.33125 0.01015625 0.01640625
1 0.38046875 0.2578125 0.00703125 0.01171875
1 0.71015625 0.64765625 0.009375 0.0109375
1 0.44296875 0.4234375 0.0078125 0.01328125
1 0.49140625 0.4671875 0.00625 0.0140625
1 0.1765625 0.31484375 0.0078125 0.0109375
1 0.853125 0.9296875 0.01484375 0.015625
1 0.4796875 0.89296875 0.00703125 0.0109375
1 0.08046875 0.3046875 0.01015625 0.015625
1 0.46953125 0.89140625 0.00703125 0.0109375
1 0.6484375 0.30546875 0.0078125 0.01015625
0 0.60625 0.98984375 0.01953125 0.0203125
1 0.8578125 0.64765625 0.009375 0.0109375
1 0.1125 0.86171875 0.0078125 0.01328125
1 0.5921875 0.853125 0.00625 0.01015625
1 0.62890625 0.50390625 0.0078125 0.01171875
0 0.55 0.98984375 0.01796875 0.01875
1 0.45703125 0.453125 0.009375 0.0171875
1 0.89375 0.88203125 0.00703125 0.01328125
1 0.11484375 0.26484375 0.00703125 0.0109375
1 0.465625 0.44765625 0.00859375 0.0125
1 0.48125 0.86875 0.00703125 0.0109375