2 0.75390625 0.20859375 0.115625 0.05625
2 0.2375 0.21640625 0.115625 0.0625
1 0.75625 0.59453125 0.0421875 0.021875
1 0.70625 0.48203125 0.040625 0.01875
1 0.82734375 0.44296875 0.040625 0.01875
1 0.50703125 0.43046875 0.0375 0.0171875
1 0.646875 0.50390625 0.040625 0.021875
1 0.94140625 0.4578125 0.0390625 0.015625
1 0.38984375 0.465625 0.0390625 0.01875
1 0.40703125 0.49609375 0.0390625 0.0171875
1 0.98515625 0.4359375 0.0296875 0.01875
3 0.36171875 0.37265625 0.1 0.0859375
1 0.72734375 0.5109375 0.0390625 0.0203125
1 0.7875 0.5953125 0.040625 0.021875
1 0.984375 0.4671875 0.03125 0.01875
1 0.96953125 0.440625 0.040625 0.0171875
1 0.928125 0.353125 0.0375 0.015625
3 0.11171875 0.475 0.11875 0.1296875
1 0.62734375 0.39453125 0.0375 0.015625
1 0.96796875 0.39296875 0.0390625 0.015625
1 0.1265625 0.3671875 0.0375 0.015625
1 0.3390625 0.40234375 0.040625 0.01875
1 0.69765625 0.40703125 0.0375 0.0171875
1 0.534375 0.42421875 0.0375 0.01875
1 0.5625 0.4 0.0375 0.015625
1 0.303125 0.396875 0.0375 0.0171875
1 0.82734375 0.33515625 0.0375 0.015625
1 0.65625 0.890625 0.0359375 0.015625
1 0.42265625 0.41640625 0.0375 0.015625
1 0.91484375 0.4296875 0.0390625 0.015625
1 0.8703125 0.4265625 0.0390625 0.01875
1 0.696875 0.45859375 0.0375 0.0171875
1 0.60546875 0.42734375 0.0375 0.015625
1 0.62734375 0.3234375 0.0359375 0.015625
1 0.59765625 0.3859375 0.0375 0.015625
1 0.74609375 0.571875 0.040625 0.01875
1 0.90234375 0.41796875 0.0390625 0.0171875
1 0.0640625 0.39921875 0.0375 0.015625
1 0.59140625 0.284375 0.0359375 0.0140625
1 0.965625 0.46953125 0.040625 0.01875
1 0.48359375 0.4046875 0.0375 0.015625
1 0.41015625 0.51328125 0.0390625 0.01875
1 0.58984375 0.35234375 0.0375 0.015625
1 0.40546875 0.459375 0.0390625 0.01875
1 0.57890625 0.39921875 0.0375 0.0171875
1 0.6234375 0.4625 0.0375 0.01875
1 0.771875 0.93046875 0.04375 0.025
1 0.35625 0.29140625 0.034375 0.0125
1 0.8546875 0.33828125 0.0375 0.0140625
1 0.828125 0.3203125 0.0375 0.0125
1 0.02734375 0.421875 0.0390625 0.015625
1 0.815625 0.92890625 0.0421875 0.025
1 0.49453125 0.3453125 0.0359375 0.015625
1 0.671875 0.9046875 0.0375 0.0125
1 0.60390625 0.9046875 0.0375 0.0125
1 0.27421875 0.45 0.0375 0.01875
1 0.6109375 0.35234375 0.0375 0.015625
1 0.565625 0.31484375 0.0375 0.015625
4 0.19296875 0.43125 0.109375 0.1
1 0.69453125 0.44453125 0.0375 0.0125
1 0.4375 0.37890625 0.0375 0.015625
1 0.5625 0.3828125 0.0375 0.015625
1 0.7359375 0.5328125 0.040625 0.01875
1 0.41796875 0.38671875 0.0375 0.015625
1 0.43046875 0.26953125 0.034375 0.0125
1 0.48671875 0.3703125 0.0375 0.015625
1 0.12578125 0.29765625 0.0375 0.0125
1 0.91953125 0.3390625 0.0375 0.0140625
1 0.646875 0.30859375 0.0359375 0.015625
1 0.46015625 0.39296875 0.0375 0.015625
1 0.01015625 0.428125 0.0203125 0.015625
1 0.0421875 0.41640625 0.0390625 0.01875
1 0.8890625 0.9484375 0.0453125 0.028125
1 0.5375 0.34921875 0.0375 0.015625
1 0.62421875 0.41953125 0.0390625 0.015625
4 0.2609375 0.58203125 0.121875 0.1515625
1 0.9 0.32890625 0.0375 0.0140625
1 0.65703125 0.38515625 0.0390625 0.015625
1 0.48515625 0.38828125 0.0375 0.015625
1 0.315625 0.32265625 0.0375 0.015625
1 0.9484375 0.35390625 0.0390625 0.015625
1 0.18984375 0.88359375 0.0375 0.015625
1 0.61328125 0.41796875 0.0375 0.0171875
1 0.62265625 0.284375 0.0375 0.0140625
1 0.634375 0.38046875 0.0375 0.0140625
1 0.98125 0.3671875 0.0375 0.015625
1 0.6828125 0.35546875 0.0359375 0.015625
1 0.1609375 0.28515625 0.034375 0.0125
1 0.31484375 0.36484375 0.0375 0.0140625
1 0.865625 0.27890625 0.0359375 0.0125
1 0.4375 0.90078125 0.0390625 0.015625
1 0.77734375 0.64609375 0.040625 0.015625
1 0.471875 0.90078125 0.0375 0.015625
1 0.7375 0.50703125 0.0375 0.015625
1 0.409375 0.403125 0.0375 0.015625
1 0.853125 0.96796875 0.046875 0.025
1 0.15234375 0.35546875 0.0375 0.015625
1 0.671875 0.34375 0.0359375 0.0140625
1 0.97265625 0.34765625 0.0375 0.015625
1 0.81484375 0.8859375 0.0375 0.015625
1 0.5609375 0.35859375 0.0375 0.015625
1 0.65703125 0.2609375 0.034375 0.0125
1 0.74609375 0.884375 0.0375 0.015625
1 0.10859375 0.29765625 0.0375 0.0125
1 0.83203125 0.30078125 0.0359375 0.0125
1 0.82421875 0.27109375 0.0375 0.0125
1 0.33984375 0.2625 0.0359375 0.0125
1 0.35546875 0.26640625 0.0359375 0.0125
1 0.515625 0.8921875 0.0359375 0.0125
1 0.64765625 0.3875 0.0375 0.015625
1 0.853125 0.99140625 0.046875 0.015625
1 0.75234375 0.94296875 0.0421875 0.01875
1 0.75546875 0.97421875 0.04375 0.03125
1 0.0328125 0.39609375 0.0359375 0.0125
1 0.39765625 0.2640625 0.0359375 0.0125
1 0.5515625 0.25703125 0.0375 0.0125
1 0.94765625 0.34140625 0.0375 0.0125
1 0.58046875 0.3375 0.0375 0.015625
1 0.784375 0.88515625 0.0375 0.015625
1 0.74296875 0.8578125 0.0375 0.0125
1 0.09765625 0.29921875 0.0359375 0.0125
1 0.73125 0.90546875 0.034375 0.0125
1 0.4484375 0.38203125 0.0375 0.015625
1 0.83828125 0.93671875 0.04375 0.025
1 0.6609375 0.2953125 0.0359375 0.0109375
1 0.27578125 0.9015625 0.040625 0.015625
1 0.015625 0.41015625 0.03125 0.0171875
1 0.58515625 0.25546875 0.034375 0.0109375
1 0.0671875 0.6484375 0.040625 0.0125
1 0.5734375 0.38203125 0.040625 0.015625
1 0.896875 0.2953125 0.0359375 0.0125
1 0.6609375 0.30859375 0.0375 0.015625
1 0.01015625 0.39375 0.0203125 0.0125
1 0.890625 0.28125 0.0375 0.0125
1 0.71953125 0.8671875 0.0375 0.0125
1 0.17890625 0.88671875 0.0375 0.0171875
1 0.234375 0.85390625 0.034375 0.009375
1 0.68125 0.34296875 0.034375 0.0125
1 0.07265625 0.32890625 0.0375 0.0140625
1 0.4984375 0.259375 0.0375 0.0125
1 0.540625 0.8828125 0.034375 0.0125
1 0.8234375 0.30390625 0.0359375 0.0125
1 0.95625 0.3296875 0.0375 0.015625
1 0.98515625 0.4078125 0.0296875 0.015625
1 0.01484375 0.378125 0.0296875 0.01875
0 0.89140625 0.20546875 0.0375 0.015625
1 0.7625 0.8765625 0.0375 0.0125
1 0.96015625 0.99375 0.0453125 0.0125
1 0.921875 0.3078125 0.0375 0.015625
1 0.93671875 0.33984375 0.0375 0.0125
1 0.25859375 0.9890625 0.0453125 0.0203125
0 0.92421875 0.215625 0.0375 0.0125
1 0.78671875 0.6421875 0.0375 0.01875
1 0.1703125 0.85703125 0.034375 0.0109375
1 0.5703125 0.365625 0.0375 0.0125
1 0.83984375 0.26015625 0.0375 0.0125
1 0.728125 0.86484375 0.0359375 0.0125
1 0.19453125 0.85703125 0.034375 0.009375
1 0.078125 0.309375 0.0375 0.0140625
1 0.41640625 0.6484375 0.0375 0.009375
1 0.1078125 0.2796875 0.0359375 0.0125
1 0.29453125 0.8953125 0.040625 0.021875
1 0.0640625 0.35703125 0.0359375 0.0125
1 0.32734375 0.3375 0.0375 0.0140625
1 0.71171875 0.64921875 0.0390625 0.0125
1 0.67109375 0.25859375 0.034375 0.0125
1 0.67265625 0.33046875 0.0359375 0.0125
1 0.86796875 0.91328125 0.040625 0.021875
1 0.83125 0.26171875 0.0359375 0.0125
1 0.74609375 0.5203125 0.0375 0.015625
1 0.04609375 0.36875 0.0375 0.0140625
1 0.740625 0.84453125 0.0359375 0.0109375
1 0.68828125 0.83671875 0.034375 0.009375
1 0.11953125 0.2765625 0.0375 0.015625
1 0.10234375 0.94140625 0.0421875 0.0203125
1 0.1125 0.93828125 0.040625 0.021875
1 0.8796875 0.93046875 0.040625 0.01875
1 0.85 0.915625 0.040625 0.01875
1 0.73671875 0.98203125 0.04375 0.03125
1 0.91015625 0.29765625 0.0375 0.015625
1 0.05390625 0.36015625 0.0375 0.0125
1 0.18203125 0.98984375 0.046875 0.01875
3 0.35390625 0.58203125 0.1171875 0.1234375
1 0.9890625 0.365625 0.021875 0.01875
1 0.21015625 0.85859375 0.034375 0.009375
1 0.921875 0.2921875 0.0375 0.0125
1 0.13203125 0.98203125 0.046875 0.03125
1 0.28359375 0.890625 0.0375 0.015625
3 0.3703125 0.8734375 0.10625 0.11875
0 0.20625 0.984375 0.05 0.03125
1 0.78515625 0.87109375 0.0375 0.009375
1 0.10234375 0.86875 0.0375 0.009375
1 0.77734375 0.85625 0.034375 0.0125
1 0.03125 0.3703125 0.0375 0.015625