2 0.7703125 0.21953125 0.0890625 0.0609375
3 0.8453125 0.3359375 0.0578125 0.075
4 0.13671875 0.30390625 0.06015625 0.06328125
3 0.7890625 0.8390625 0.05234375 0.06171875
1 0.571875 0.4421875 0.0109375 0.01796875
3 0.18203125 0.29765625 0.03203125 0.05859375
1 0.646875 0.56875 0.0140625 0.0234375
1 0.4859375 0.5546875 0.0125 0.02265625
1 0.2796875 0.484375 0.0109375 0.01953125
1 0.30703125 0.440625 0.0109375 0.01796875
1 0.13203125 0.346875 0.009375 0.015625
1 0.22109375 0.4421875 0.01015625 0.01796875
1 0.62578125 0.48203125 0.01171875 0.0203125
1 0.60703125 0.88671875 0.0125 0.02265625
1 0.30234375 0.5703125 0.0109375 0.01875
1 0.9328125 0.90390625 0.0140625 0.02421875
1 0.159375 0.64453125 0.0140625 0.0203125
1 0.5921875 0.44296875 0.0109375 0.01796875
1 0.5421875 0.4921875 0.00859375 0.01875
1 0.3578125 0.36796875 0.01015625 0.015625
1 0.71796875 0.478125 0.0109375 0.01875
1 0.634375 0.50703125 0.01171875 0.02109375
1 0.00390625 0.45546875 0.00703125 0.01640625
1 0.5375 0.59375 0.0109375 0.0171875
1 0.06015625 0.47734375 0.01171875 0.01953125
1 0.1625 0.3671875 0.009375 0.01484375
0 0.23515625 0.18359375 0.01015625 0.0171875
1 0.40078125 0.42578125 0.01015625 0.01875
1 0.54296875 0.4328125 0.009375 0.015625
3 0.165625 0.83046875 0.028125 0.03984375
1 0.61640625 0.4046875 0.00859375 0.015625
1 0.521875 0.35078125 0.00859375 0.01484375
1 0.6015625 0.4296875 0.01015625 0.0171875
1 0.60234375 0.4609375 0.01171875 0.01875
1 0.37578125 0.51640625 0.01171875 0.021875
1 0.35078125 0.47109375 0.0109375 0.01953125
1 0.4625 0.39453125 0.009375 0.015625
1 0.2609375 0.51875 0.0109375 0.01640625
1 0.325 0.46171875 0.0109375 0.01953125
1 0.1890625 0.884375 0.0109375 0.01796875
1 0.26484375 0.5390625 0.0109375 0.01953125
1 0.67734375 0.3921875 0.01015625 0.015625
1 0.37734375 0.56328125 0.0125 0.02265625
1 0.4546875 0.353125 0.009375 0.01640625
2 0.246875 0.22734375 0.0921875 0.04765625
1 0.659375 0.4078125 0.009375 0.0171875
1 0.5421875 0.41796875 0.009375 0.0140625
0 0.19609375 0.14140625 0.01171875 0.01875
0 0.17421875 0.1609375 0.0109375 0.01796875
1 0.39609375 0.3640625 0.00859375 0.015625
1 0.578125 0.3578125 0.0078125 0.015625
1 0.7 0.3859375 0.00859375 0.015625
1 0.89765625 0.3390625 0.01015625 0.01484375
1 0.39453125 0.33359375 0.00859375 0.0140625
1 0.528125 0.459375 0.01015625 0.01640625
1 0.30859375 0.346875 0.009375 0.015625
0 0.27421875 0.18359375 0.009375 0.0171875
1 0.0734375 0.4265625 0.01015625 0.0171875
0 0.19140625 0.24140625 0.00859375 0.0140625
1 0.33203125 0.39765625 0.01015625 0.01484375
1 0.59453125 0.375 0.0078125 0.01484375
1 0.1109375 0.3546875 0.00859375 0.0140625
1 0.20234375 0.453125 0.01015625 0.0171875
1 0.07890625 0.96953125 0.0203125 0.0375
1 0.6171875 0.303125 0.00703125 0.0125
1 0.33671875 0.4546875 0.01015625 0.01796875
1 0.221875 0.8421875 0.00625 0.0109375
1 0.68515625 0.41484375 0.01015625 0.0171875
1 0.53828125 0.33828125 0.00859375 0.015625
1 0.62578125 0.38984375 0.009375 0.015625
1 0.84296875 0.8546875 0.00703125 0.01171875
1 0.290625 0.334375 0.01015625 0.0171875
1 0.66640625 0.40390625 0.00859375 0.015625
1 0.640625 0.38515625 0.009375 0.015625
4 0.115625 0.828125 0.0421875 0.04765625
1 0.12890625 0.3734375 0.00859375 0.01640625
1 0.67109375 0.36015625 0.009375 0.01484375
0 0.2796875 0.77890625 0.0125 0.0203125
0 0.19140625 0.10703125 0.01015625 0.0140625
1 0.65859375 0.39296875 0.00859375 0.0125
1 0.1515625 0.8890625 0.0140625 0.021875
1 0.5125 0.3828125 0.01015625 0.0140625
1 0.56171875 0.84375 0.00703125 0.01328125
1 0.084375 0.39609375 0.009375 0.01953125
1 0.8984375 0.87109375 0.01015625 0.01640625
4 0.09921875 0.57109375 0.08515625 0.128125
1 0.87734375 0.85625 0.0078125 0.0125
1 0.92890625 0.3296875 0.00859375 0.01328125
1 0.278125 0.6484375 0.00625 0.0109375
1 0.6421875 0.34921875 0.0078125 0.01484375
1 0.59921875 0.3015625 0.00859375 0.0125
1 0.53515625 0.8421875 0.00859375 0.0140625
0 0.190625 0.209375 0.0078125 0.01328125
1 0.08125 0.3703125 0.009375 0.01484375
1 0.184375 0.85625 0.0078125 0.01328125
1 0.6171875 0.378125 0.009375 0.015625
1 0.8390625 0.98984375 0.02265625 0.01875
1 0.23984375 0.64921875 0.0109375 0.01171875
1 0.12265625 0.8890625 0.0125 0.0203125
1 0.325 0.37890625 0.01015625 0.01484375
1 0.16953125 0.8578125 0.00859375 0.0140625
1 0.6 0.38828125 0.01015625 0.0140625
1 0.66171875 0.36484375 0.01015625 0.01484375
1 0.8953125 0.321875 0.00859375 0.01328125
1 0.159375 0.871875 0.009375 0.015625
1 0.2984375 0.546875 0.0109375 0.01953125
1 0.51796875 0.54453125 0.01015625 0.01328125
1 0.66484375 0.29765625 0.0078125 0.0125
1 0.72578125 0.84453125 0.01015625 0.01328125
1 0.49296875 0.34921875 0.00859375 0.0140625
0 0.18515625 0.175 0.01015625 0.0140625
1 0.71171875 0.8484375 0.009375 0.0125
1 0.2734375 0.60859375 0.01015625 0.01640625
0 0.12734375 0.17265625 0.0109375 0.01875
1 0.3359375 0.38203125 0.009375 0.0140625
1 0.66171875 0.33984375 0.01015625 0.0140625
1 0.4375 0.88984375 0.01171875 0.025
0 0.17890625 0.72578125 0.00703125 0.01328125
1 0.19140625 0.465625 0.00859375 0.01484375
1 0.68046875 0.36484375 0.01015625 0.01484375
1 0.190625 0.84375 0.01015625 0.01484375
3 0.3359375 0.91328125 0.17109375 0.16640625
1 0.5296875 0.85 0.00703125 0.01015625
1 0.89765625 0.89375 0.009375 0.01484375
0 0.278125 0.8140625 0.01015625 0.01796875
1 0.42734375 0.36640625 0.0109375 0.01484375
1 0.4546875 0.29921875 0.0078125 0.0125
1 0.96796875 0.371875 0.00625 0.0125
1 0.040625 0.646875 0.009375 0.01875
1 0.04296875 0.97734375 0.01875 0.034375
1 0.4796875 0.29609375 0.00625 0.01171875
3 0.553125 0.78515625 0.0484375 0.065625
1 0.134375 0.8859375 0.009375 0.02109375
0 0.1921875 0.084375 0.01171875 0.01953125
1 0.0703125 0.9234375 0.015625 0.02578125
1 0.065625 0.39921875 0.0109375 0.01640625
1 0.40546875 0.34296875 0.00625 0.01171875
0 0.17109375 0.75703125 0.00859375 0.01484375
1 0.759375 0.8390625 0.00703125 0.009375
0 0.1859375 0.11875 0.0109375 0.0140625
1 0.58359375 0.29609375 0.00859375 0.0125
1 0.03046875 0.41953125 0.01484375 0.02109375
1 0.446875 0.2984375 0.0078125 0.01328125
1 0.9421875 0.996875 0.01015625 0.00625
0 0.03046875 0.11171875 0.0140625 0.01953125
0 0.1609375 0.79296875 0.00859375 0.015625
1 0.109375 0.3390625 0.00859375 0.01171875
1 0.20625 0.8390625 0.00625 0.009375
1 0.8875 0.3109375 0.00859375 0.0140625
1 0.840625 0.84296875 0.00625 0.009375
0 0.19453125 0.06640625 0.0078125 0.0140625
4 0.325 0.28828125 0.0390625 0.053125
1 0.09921875 0.34375 0.00859375 0.0125
1 0.0125 0.41796875 0.0109375 0.01796875
1 0.49921875 0.365625 0.01015625 0.0140625
0 0.18984375 0.7 0.0078125 0.01328125
1 0.5078125 0.4625 0.00703125 0.0109375
1 0.921875 0.3203125 0.01015625 0.015625
1 0.75234375 0.64296875 0.0109375 0.0109375
1 0.33671875 0.78359375 0.01015625 0.01484375
1 0.9203125 0.85390625 0.0078125 0.01171875
1 0.67890625 0.29609375 0.00625 0.0109375
1 0.05859375 0.36015625 0.009375 0.0140625
1 0.0203125 0.4875 0.00703125 0.01015625
0 0.3109375 0.74296875 0.00859375 0.01640625
1 0.878125 0.84453125 0.0078125 0.0109375
1 0.5171875 0.8359375 0.00703125 0.01328125
1 0.4234375 0.8328125 0.00703125 0.0109375