2 0.759375 0.21015625 0.1125 0.06875
4 0.625 0.2953125 0.078125 0.1046875
2 0.2421875 0.21328125 0.115625 0.0640625
3 0.48984375 0.25703125 0.0796875 0.0765625
3 0.18828125 0.45390625 0.1359375 0.1265625
4 0.51875 0.35703125 0.0921875 0.084375
3 0.44453125 0.35703125 0.0875 0.0859375
1 0.32265625 0.459375 0.034375 0.021875
1 0.01953125 0.46328125 0.0359375 0.021875
1 0.05390625 0.49765625 0.0359375 0.021875
1 0.59921875 0.540625 0.0359375 0.025
1 0.66015625 0.43828125 0.034375 0.0203125
1 0.3578125 0.46796875 0.034375 0.0203125
1 0.784375 0.60703125 0.0375 0.0265625
1 0.93125 0.41171875 0.034375 0.0203125
1 0.94140625 0.459375 0.034375 0.0203125
1 0.04609375 0.4171875 0.034375 0.021875
1 0.24609375 0.55 0.0359375 0.025
1 0.44765625 0.446875 0.034375 0.021875
1 0.71796875 0.575 0.0375 0.0265625
1 0.14765625 0.6484375 0.0375 0.0265625
1 0.61953125 0.4125 0.034375 0.01875
1 0.2140625 0.59765625 0.0359375 0.0265625
1 0.94609375 0.41640625 0.034375 0.021875
1 0.5578125 0.43125 0.034375 0.021875
1 0.46875 0.4203125 0.034375 0.01875
1 0.2703125 0.90703125 0.034375 0.0234375
1 0.3703125 0.41875 0.0328125 0.01875
1 0.78828125 0.4328125 0.034375 0.021875
1 0.11015625 0.4046875 0.034375 0.021875
1 0.43046875 0.52890625 0.0359375 0.0234375
1 0.32265625 0.440625 0.034375 0.0203125
1 0.11796875 0.46875 0.034375 0.021875
1 0.64140625 0.43828125 0.034375 0.0203125
1 0.19453125 0.64921875 0.0375 0.021875
1 0.72265625 0.43984375 0.034375 0.0203125
1 0.54296875 0.49453125 0.034375 0.0203125
4 0.85078125 0.45078125 0.125 0.121875
1 0.446875 0.40703125 0.034375 0.01875
1 0.59453125 0.3921875 0.0328125 0.0171875
1 0.575 0.49296875 0.034375 0.021875
1 0.8921875 0.3234375 0.0328125 0.0171875
1 0.665625 0.46328125 0.034375 0.0234375
1 0.6828125 0.4578125 0.034375 0.021875
1 0.9375 0.375 0.034375 0.01875
1 0.54765625 0.428125 0.0359375 0.021875
1 0.70390625 0.4234375 0.034375 0.0203125
1 0.615625 0.390625 0.0328125 0.01875
1 0.38984375 0.90390625 0.034375 0.01875
1 0.38046875 0.45 0.034375 0.021875
1 0.55546875 0.40625 0.034375 0.0203125
1 0.27578125 0.425 0.0328125 0.0203125
1 0.54453125 0.47734375 0.034375 0.01875
1 0.26484375 0.5234375 0.0359375 0.025
1 0.5921875 0.42890625 0.0328125 0.0203125
1 0.2875 0.43828125 0.034375 0.0203125
1 0.9 0.909375 0.0359375 0.025
1 0.6828125 0.42421875 0.034375 0.0203125
1 0.546875 0.5125 0.0359375 0.0234375
1 0.7015625 0.33515625 0.034375 0.0203125
1 0.446875 0.428125 0.034375 0.0203125
1 0.39921875 0.41796875 0.0328125 0.0203125
1 0.87421875 0.34140625 0.0328125 0.01875
1 0.203125 0.92109375 0.0359375 0.025
1 0.6453125 0.38671875 0.034375 0.015625
1 0.60703125 0.3703125 0.0328125 0.01875
1 0.51640625 0.46953125 0.034375 0.021875
1 0.3078125 0.45703125 0.034375 0.021875
1 0.6015625 0.4390625 0.034375 0.0203125
1 0.2453125 0.94375 0.0390625 0.03125
1 0.38203125 0.371875 0.034375 0.01875
1 0.6078125 0.4171875 0.034375 0.0203125
1 0.7875 0.971875 0.04375 0.0390625
1 0.82578125 0.90078125 0.034375 0.0234375
1 0.46875 0.45625 0.0328125 0.01875
1 0.29765625 0.45546875 0.034375 0.0203125
1 0.9890625 0.41640625 0.021875 0.0203125
1 0.7609375 0.9234375 0.0375 0.0296875
1 0.22578125 0.6375 0.034375 0.0203125
1 0.575 0.365625 0.0328125 0.01875
1 0.34140625 0.28125 0.03125 0.0171875
1 0.49296875 0.4546875 0.0328125 0.0203125
1 0.98359375 0.384375 0.0328125 0.01875
1 0.8390625 0.90390625 0.0359375 0.025
1 0.61484375 0.353125 0.0328125 0.0171875
1 0.46796875 0.6078125 0.0328125 0.021875
1 0.671875 0.39609375 0.0328125 0.0203125
1 0.41953125 0.39765625 0.0375 0.0203125
1 0.3859375 0.39921875 0.034375 0.0203125
1 0.55546875 0.33984375 0.0328125 0.01875
1 0.34609375 0.38359375 0.034375 0.0203125
1 0.3921875 0.33046875 0.03125 0.0171875
1 0.69140625 0.40078125 0.0328125 0.01875
1 0.2796875 0.87421875 0.03125 0.015625
1 0.57265625 0.2921875 0.03125 0.0171875
1 0.42421875 0.46796875 0.0359375 0.021875
1 0.29609375 0.40625 0.034375 0.01875
1 0.48515625 0.6453125 0.0359375 0.0171875
1 0.53203125 0.290625 0.03125 0.015625
1 0.35078125 0.43203125 0.034375 0.0203125
1 0.73515625 0.425 0.034375 0.0203125
1 0.48515625 0.41640625 0.034375 0.01875
1 0.23671875 0.6515625 0.0359375 0.0203125
1 0.4015625 0.4796875 0.034375 0.0203125
1 0.56640625 0.384375 0.0328125 0.0203125
1 0.66015625 0.4078125 0.034375 0.0203125
1 0.6453125 0.4125 0.034375 0.01875
1 0.8921875 0.871875 0.0328125 0.0171875
1 0.5171875 0.4515625 0.034375 0.01875
1 0.19609375 0.878125 0.0296875 0.0140625
1 0.80078125 0.3828125 0.0328125 0.0203125
1 0.3484375 0.33828125 0.0328125 0.01875
1 0.19140625 0.89140625 0.0328125 0.01875
1 0.5109375 0.440625 0.0359375 0.01875
1 0.3890625 0.27578125 0.03125 0.0171875
1 0.34140625 0.42734375 0.0328125 0.0203125
1 0.4015625 0.3828125 0.0328125 0.015625
1 0.69140625 0.3875 0.0328125 0.015625
1 0.53203125 0.434375 0.034375 0.01875
1 0.54921875 0.446875 0.034375 0.0203125
1 0.84765625 0.8765625 0.03125 0.0171875
1 0.325 0.40859375 0.034375 0.01875
1 0.72109375 0.8796875 0.0328125 0.01875
1 0.10703125 0.33984375 0.0328125 0.0171875
1 0.56171875 0.5046875 0.0359375 0.021875
0 0.290625 0.20546875 0.034375 0.0203125
1 0.11484375 0.3453125 0.0328125 0.0171875
1 0.39140625 0.4640625 0.034375 0.0203125
1 0.73359375 0.86953125 0.03125 0.0171875
1 0.090625 0.33359375 0.0328125 0.0171875
1 0.3546875 0.3609375 0.0328125 0.01875
1 0.4578125 0.45078125 0.034375 0.0203125
1 0.6703125 0.3375 0.0328125 0.015625
1 0.94765625 0.33515625 0.0328125 0.0203125
1 0.6515625 0.365625 0.03125 0.01875
1 0.25390625 0.5203125 0.034375 0.021875
1 0.35 0.45546875 0.0328125 0.0203125
1 0.88046875 0.98203125 0.04375 0.0265625
1 0.31328125 0.41796875 0.034375 0.0203125
1 0.45703125 0.25625 0.0296875 0.0140625
1 0.15 0.8875 0.03125 0.0171875
1 0.4453125 0.465625 0.03125 0.01875
1 0.659375 0.359375 0.0328125 0.01875
1 0.3875 0.3015625 0.03125 0.015625
1 0.12890625 0.89921875 0.0328125 0.0203125
1 0.83125 0.26875 0.0328125 0.0171875
1 0.84453125 0.3140625 0.034375 0.0171875
1 0.38984375 0.25859375 0.03125 0.015625
1 0.48359375 0.43671875 0.0328125 0.01875
1 0.59921875 0.35234375 0.034375 0.01875
1 0.6078125 0.33984375 0.0328125 0.0203125
1 0.55625 0.26875 0.0328125 0.0171875
1 0.5640625 0.35 0.0328125 0.0171875
1 0.4140625 0.46875 0.034375 0.021875
1 0.3984375 0.39609375 0.0359375 0.0171875
1 0.4359375 0.26328125 0.03125 0.0171875
1 0.171875 0.29609375 0.0328125 0.0171875
1 0.17890625 0.88984375 0.0296875 0.015625
1 0.59921875 0.33359375 0.0328125 0.0203125
1 0.65078125 0.34765625 0.0328125 0.015625
1 0.5265625 0.41875 0.034375 0.01875
1 0.66953125 0.315625 0.0328125 0.0171875
1 0.5296875 0.3078125 0.03125 0.0171875
1 0.93984375 0.87421875 0.034375 0.01875
1 0.3265625 0.38984375 0.03125 0.015625
1 0.55625 0.36484375 0.034375 0.0171875
1 0.5015625 0.4296875 0.034375 0.0203125
1 0.53671875 0.44765625 0.034375 0.01875
1 0.67734375 0.32421875 0.0328125 0.0171875
1 0.32734375 0.35625 0.0328125 0.0171875
1 0.54453125 0.4078125 0.034375 0.01875
1 0.534375 0.4046875 0.034375 0.0203125
1 0.3921875 0.64609375 0.0328125 0.0203125
1 0.48046875 0.2953125 0.0328125 0.0140625
1 0.49375 0.396875 0.03125 0.015625
1 0.5375 0.26953125 0.03125 0.015625
1 0.33828125 0.346875 0.0328125 0.0171875
1 0.0890625 0.3109375 0.0328125 0.01875
1 0.65703125 0.3140625 0.03125 0.015625
1 0.01171875 0.659375 0.0234375 0.015625
1 0.4125 0.31953125 0.0328125 0.0171875
1 0.40078125 0.36796875 0.0328125 0.0171875
1 0.89140625 0.85859375 0.0296875 0.015625
1 0.88515625 0.88671875 0.0296875 0.015625
1 0.31484375 0.3875 0.03125 0.015625
1 0.5890625 0.3765625 0.0328125 0.01875
1 0.4109375 0.35703125 0.03125 0.015625
1 0.940625 0.640625 0.0359375 0.0171875
1 0.40078125 0.3546875 0.0328125 0.015625
1 0.56484375 0.26796875 0.0328125 0.0171875
1 0.55859375 0.378125 0.034375 0.015625
1 0.85625 0.86875 0.0328125 0.015625
1 0.5203125 0.40078125 0.034375 0.01875
1 0.478125 0.40234375 0.03125 0.015625
1 0.9265625 0.88828125 0.0328125 0.015625
1 0.52890625 0.26875 0.0328125 0.015625
1 0.76484375 0.640625 0.034375 0.0125
1 0.4921875 0.30546875 0.0328125 0.0171875
1 0.69765625 0.89453125 0.0359375 0.021875
1 0.39453125 0.3171875 0.0328125 0.0171875
1 0.69921875 0.87734375 0.0328125 0.0171875
1 0.303125 0.38515625 0.0328125 0.0203125
1 0.509375 0.31328125 0.03125 0.015625
1 0.54140625 0.4609375 0.0328125 0.01875
1 0.32421875 0.37578125 0.034375 0.0171875
1 0.40234375 0.31015625 0.03125 0.01875
1 0.68671875 0.64609375 0.0328125 0.0125
1 0.9375 0.92265625 0.0359375 0.0234375
1 0.3640625 0.4546875 0.034375 0.0171875
1 0.56640625 0.87265625 0.0328125 0.0140625
1 0.071875 0.9859375 0.04375 0.028125
1 0.5140625 0.4125 0.0328125 0.0171875