4 0.88125 0.40390625 0.08515625 0.09140625
3 0.12734375 0.31640625 0.06015625 0.0671875
3 0.3203125 0.4296875 0.08125 0.1015625
4 0.58203125 0.3140625 0.07265625 0.0765625
3 0.15546875 0.8375 0.0453125 0.040625
1 0.6015625 0.46796875 0.0125 0.01875
4 0.72890625 0.8484375 0.06875 0.09453125
1 0.74453125 0.58203125 0.0140625 0.0234375
3 0.446875 0.36328125 0.08359375 0.08515625
1 0.546875 0.4859375 0.0109375 0.01953125
1 0.6328125 0.40625 0.0109375 0.01796875
1 0.57109375 0.48203125 0.0109375 0.01875
1 0.38671875 0.46484375 0.0109375 0.01953125
1 0.59921875 0.42734375 0.01015625 0.015625
1 0.26015625 0.90546875 0.0140625 0.02421875
0 0.87109375 0.7234375 0.02109375 0.0375
4 0.89765625 0.91015625 0.1234375 0.17421875
1 0.66171875 0.40546875 0.01015625 0.015625
1 0.58359375 0.46640625 0.0125 0.01796875
1 0.55234375 0.528125 0.0125 0.0203125
1 0.11875 0.39765625 0.01015625 0.01640625
1 0.17734375 0.40703125 0.009375 0.01640625
1 0.4484375 0.553125 0.0125 0.0234375
1 0.5296875 0.44765625 0.01015625 0.01796875
1 0.54921875 0.45 0.01015625 0.01875
1 0.37109375 0.41796875 0.01015625 0.01640625
1 0.39765625 0.4625 0.01171875 0.01796875
1 0.43046875 0.40625 0.009375 0.01484375
1 0.16953125 0.89921875 0.0125 0.02265625
1 0.24296875 0.87421875 0.009375 0.015625
1 0.70859375 0.4328125 0.01015625 0.015625
1 0.6734375 0.36875 0.01015625 0.0140625
1 0.9359375 0.34609375 0.00859375 0.015625
1 0.659375 0.5171875 0.0109375 0.01875
1 0.834375 0.38203125 0.009375 0.015625
1 0.57578125 0.4234375 0.01171875 0.01796875
1 0.92265625 0.34375 0.01015625 0.01484375
1 0.47890625 0.4890625 0.0125 0.01875
1 0.41640625 0.4640625 0.0125 0.01796875
1 0.37578125 0.440625 0.01015625 0.01640625
1 0.6203125 0.403125 0.009375 0.0140625
1 0.8453125 0.3703125 0.009375 0.01484375
1 0.88984375 0.32265625 0.0078125 0.0140625
1 0.6578125 0.38359375 0.01015625 0.01796875
1 0.4390625 0.4578125 0.01015625 0.01875
3 0.4640625 0.82734375 0.03828125 0.05
1 0.5703125 0.36796875 0.00859375 0.0140625
1 0.346875 0.32890625 0.0078125 0.01328125
0 0.80703125 0.178125 0.0109375 0.0203125
1 0.38046875 0.39140625 0.0078125 0.0140625
0 0.22578125 0.2234375 0.01015625 0.01640625
1 0.68203125 0.40078125 0.01015625 0.015625
1 0.384375 0.43203125 0.009375 0.01484375
1 0.16796875 0.32265625 0.00703125 0.01328125
1 0.35546875 0.37109375 0.01015625 0.0140625
1 0.3796875 0.34453125 0.0078125 0.0140625
2 0.24453125 0.225 0.09453125 0.04921875
1 0.26640625 0.85390625 0.00625 0.0125
1 0.69453125 0.42265625 0.01015625 0.01640625
1 0.61171875 0.403125 0.01015625 0.01328125
1 0.1109375 0.92109375 0.0140625 0.028125
1 0.69375 0.40234375 0.00859375 0.015625
1 0.59921875 0.39921875 0.0109375 0.015625
1 0.628125 0.36875 0.01015625 0.0140625
1 0.646875 0.365625 0.00859375 0.015625
1 0.44140625 0.43046875 0.009375 0.01484375
1 0.6203125 0.35078125 0.00859375 0.01484375
1 0.909375 0.3265625 0.009375 0.0140625
1 0.596875 0.346875 0.00859375 0.0140625
1 0.9875 0.39453125 0.01171875 0.0171875
1 0.62109375 0.5671875 0.0125 0.02109375
0 0.7421875 0.228125 0.00859375 0.015625
1 0.56328125 0.42109375 0.009375 0.01640625
1 0.67890625 0.38359375 0.0109375 0.01484375
1 0.4609375 0.45234375 0.01171875 0.0171875
1 0.34140625 0.35 0.0078125 0.01328125
0 0.8234375 0.15703125 0.0125 0.01875
1 0.5390625 0.41015625 0.0109375 0.01640625
1 0.62890625 0.38671875 0.01015625 0.015625
1 0.15625 0.33671875 0.00859375 0.01484375
1 0.67890625 0.6171875 0.0125 0.015625
1 0.6515625 0.53515625 0.01171875 0.02109375
0 0.865625 0.1296875 0.01171875 0.0203125
1 0.56796875 0.4 0.01015625 0.015625
1 0.5609375 0.38203125 0.01015625 0.015625
2 0.7734375 0.2234375 0.08046875 0.05546875
1 0.53125 0.3859375 0.00859375 0.0125
1 0.6375 0.3828125 0.009375 0.01328125
1 0.03125 0.46171875 0.00859375 0.01328125
0 0.96640625 0.81328125 0.0171875 0.0296875
1 0.5078125 0.41875 0.00859375 0.0140625
1 0.334375 0.346875 0.0078125 0.01328125
1 0.77890625 0.8640625 0.0078125 0.0140625
1 0.38671875 0.36796875 0.009375 0.0140625
1 0.07421875 0.38203125 0.0109375 0.01328125
1 0.603125 0.378125 0.009375 0.0140625
1 0.39375 0.40234375 0.0078125 0.01328125
1 0.48125 0.315625 0.0078125 0.0140625
1 0.31328125 0.3375 0.00703125 0.0125
1 0.678125 0.64140625 0.01328125 0.01953125
1 0.6625 0.33203125 0.00859375 0.0140625
1 0.47734375 0.4640625 0.01171875 0.0171875
1 0.44921875 0.40703125 0.01171875 0.0140625
1 0.3171875 0.34921875 0.0078125 0.01328125
1 0.5125 0.40390625 0.01015625 0.015625
1 0.63359375 0.30546875 0.00859375 0.0125
0 0.96875 0.12578125 0.0109375 0.01484375
1 0.3890625 0.38515625 0.00859375 0.0125
1 0.50390625 0.325 0.0078125 0.0140625
1 0.73125 0.63046875 0.0140625 0.021875
0 0.8546875 0.13828125 0.0109375 0.021875
1 0.4578125 0.43203125 0.01015625 0.01640625
1 0.5390625 0.30859375 0.00703125 0.01171875
1 0.8265625 0.940625 0.01640625 0.0328125
1 0.359375 0.40234375 0.00859375 0.0140625
1 0.52734375 0.409375 0.01171875 0.0171875
0 0.771875 0.1921875 0.00859375 0.01484375
1 0.515625 0.38515625 0.0078125 0.0140625
1 0.6671875 0.62578125 0.0125 0.01953125
1 0.48515625 0.45625 0.01015625 0.01328125
1 0.16328125 0.87109375 0.0109375 0.0140625
0 0.76640625 0.21171875 0.00703125 0.01328125
1 0.30859375 0.3078125 0.00859375 0.01484375
1 0.53671875 0.396875 0.00859375 0.01171875
1 0.0640625 0.38046875 0.009375 0.01484375
1 0.6140625 0.39140625 0.00859375 0.01484375
1 0.67265625 0.29609375 0.00859375 0.01328125
1 0.49375 0.43984375 0.00859375 0.01640625
1 0.33515625 0.36953125 0.00859375 0.0109375
1 0.4828125 0.44453125 0.01015625 0.01484375
1 0.57890625 0.4546875 0.00859375 0.01171875
1 0.4625 0.40859375 0.01015625 0.01328125
0 0.98984375 0.11953125 0.0109375 0.01875
1 0.55859375 0.39921875 0.01015625 0.01484375
1 0.365625 0.83828125 0.01015625 0.01796875
1 0.09375 0.33359375 0.00703125 0.0109375
1 0.4890625 0.3203125 0.01015625 0.01328125
1 0.49921875 0.403125 0.01015625 0.01328125
1 0.65234375 0.3359375 0.00859375 0.01484375
1 0.25390625 0.8421875 0.00859375 0.01015625
1 0.40546875 0.36953125 0.00703125 0.01328125
1 0.61875 0.54375 0.0078125 0.01484375
1 0.50546875 0.30234375 0.00703125 0.0125
1 0.92265625 0.32890625 0.0109375 0.015625
1 0.5 0.41796875 0.0109375 0.01328125
1 0.13203125 0.87578125 0.00859375 0.01328125
1 0.70546875 0.4203125 0.009375 0.01484375
1 0.98515625 0.9875 0.01328125 0.0234375
1 0.0609375 0.3578125 0.01015625 0.015625
1 0.346875 0.42265625 0.01015625 0.0125
1 0.640625 0.34375 0.009375 0.01328125
1 0.0828125 0.34609375 0.00703125 0.0125
1 0.34296875 0.3703125 0.00859375 0.01171875
1 0.146875 0.86640625 0.01015625 0.01640625
1 0.078125 0.334375 0.0078125 0.01328125
1 0.48671875 0.2984375 0.00859375 0.01171875
1 0.628125 0.34921875 0.01015625 0.01484375
1 0.796875 0.646875 0.0109375 0.0109375
1 0.62109375 0.29765625 0.00859375 0.01484375
1 0.709375 0.32265625 0.009375 0.01640625
1 0.72109375 0.3375 0.01015625 0.01796875
1 0.03046875 0.3953125 0.00859375 0.0125
0 0.90078125 0.82578125 0.01484375 0.0234375