4 0.12265625 0.3859375 0.11875 0.1015625
3 0.8671875 0.32578125 0.0953125 0.06875
1 0.359375 0.87421875 0.04375 0.0234375
1 0.840625 0.58515625 0.046875 0.0265625
1 0.58359375 0.88359375 0.0421875 0.0234375
1 0.03125 0.440625 0.04375 0.0203125
4 0.47578125 0.3546875 0.10625 0.090625
1 0.89296875 0.46875 0.0421875 0.021875
4 0.121875 0.8875 0.209375 0.184375
1 0.98203125 0.50859375 0.0359375 0.0171875
1 0.1421875 0.55234375 0.046875 0.0265625
1 0.696875 0.89765625 0.04375 0.025
1 0.940625 0.46328125 0.0421875 0.0203125
1 0.4328125 0.53828125 0.0453125 0.025
1 0.73984375 0.51796875 0.04375 0.0234375
2 0.76484375 0.2390625 0.125 0.05625
1 0.3875 0.4265625 0.0421875 0.0203125
1 0.48203125 0.4296875 0.0421875 0.0203125
1 0.35625 0.41796875 0.0421875 0.0203125
1 0.625 0.48984375 0.04375 0.0234375
3 0.5703125 0.29921875 0.08125 0.071875
2 0.240625 0.2078125 0.1203125 0.0671875
1 0.32890625 0.5296875 0.0453125 0.025
1 0.3109375 0.31015625 0.040625 0.01875
1 0.203125 0.47734375 0.04375 0.021875
1 0.02734375 0.39375 0.04375 0.0203125
1 0.409375 0.4640625 0.04375 0.021875
1 0.57734375 0.54765625 0.04375 0.025
3 0.53984375 0.42109375 0.121875 0.1078125
1 0.28671875 0.44375 0.04375 0.0203125
1 0.37109375 0.48671875 0.0421875 0.0234375
1 0.32421875 0.42734375 0.04375 0.021875
1 0.2640625 0.88828125 0.046875 0.0203125
1 0.39921875 0.44921875 0.04375 0.021875
1 0.7 0.51015625 0.04375 0.0234375
1 0.65234375 0.4375 0.0421875 0.0203125
1 0.909375 0.66640625 0.0453125 0.0234375
1 0.34375 0.44140625 0.04375 0.021875
1 0.61328125 0.42734375 0.040625 0.0171875
1 0.77109375 0.903125 0.04375 0.0234375
1 0.7390625 0.93203125 0.046875 0.03125
1 0.70703125 0.446875 0.0421875 0.0203125
1 0.46796875 0.42734375 0.0421875 0.0203125
1 0.1375 0.44453125 0.0421875 0.0203125
1 0.37265625 0.528125 0.040625 0.021875
1 0.728125 0.49609375 0.04375 0.021875
1 0.40703125 0.5609375 0.0453125 0.0234375
0 0.15078125 0.76953125 0.053125 0.040625
1 0.0625 0.3234375 0.040625 0.0171875
1 0.8625 0.9359375 0.046875 0.028125
0 0.2046875 0.13984375 0.04375 0.021875
1 0.37421875 0.36484375 0.0421875 0.01875
1 0.446875 0.63125 0.046875 0.028125
1 0.64140625 0.46640625 0.04375 0.021875
1 0.44453125 0.553125 0.0453125 0.0265625
1 0.9265625 0.41875 0.040625 0.01875
1 0.61015625 0.50625 0.04375 0.0234375
1 0.946875 0.41484375 0.0421875 0.01875
1 0.25625 0.60546875 0.0453125 0.021875
1 0.39609375 0.37890625 0.0421875 0.01875
1 0.6234375 0.38984375 0.040625 0.01875
1 0.31328125 0.37109375 0.0421875 0.0171875
1 0.93828125 0.43125 0.0421875 0.0203125
1 0.4390625 0.50859375 0.04375 0.0234375
3 0.865625 0.85078125 0.078125 0.0515625
1 0.33046875 0.340625 0.0390625 0.0171875
0 0.33046875 0.71953125 0.04375 0.021875
1 0.0203125 0.3515625 0.040625 0.01875
1 0.23203125 0.58125 0.04375 0.01875
1 0.59453125 0.4828125 0.04375 0.0171875
1 0.40859375 0.4234375 0.0421875 0.0203125
1 0.6125 0.3765625 0.0421875 0.01875
1 0.32578125 0.4078125 0.0421875 0.0203125
1 0.3015625 0.39375 0.0421875 0.01875
1 0.33203125 0.5859375 0.0453125 0.0203125
1 0.5390625 0.34296875 0.040625 0.0203125
1 0.33984375 0.30859375 0.0390625 0.0171875
1 0.42578125 0.44921875 0.04375 0.01875
1 0.346875 0.53828125 0.04375 0.0265625
4 0.2734375 0.83828125 0.1390625 0.0953125
1 0.43984375 0.490625 0.0421875 0.0171875
1 0.82578125 0.3203125 0.0390625 0.015625
1 0.71015625 0.4921875 0.04375 0.0234375
1 0.90078125 0.94140625 0.046875 0.028125
1 0.8453125 0.92109375 0.0453125 0.0234375
1 0.5828125 0.3734375 0.0390625 0.015625
1 0.67421875 0.5046875 0.04375 0.021875
1 0.5734375 0.35 0.0390625 0.0171875
1 0.71640625 0.4640625 0.040625 0.0171875
1 0.6265625 0.44921875 0.04375 0.021875
1 0.57109375 0.4828125 0.0421875 0.0203125
1 0.05390625 0.33359375 0.0390625 0.0171875
1 0.40703125 0.39296875 0.0421875 0.0203125
1 0.2875 0.428125 0.0421875 0.0171875
1 0.8859375 0.35859375 0.0390625 0.0171875
0 0.21953125 0.14453125 0.04375 0.0234375
1 0.9140625 0.38125 0.0390625 0.0171875
1 0.653125 0.40234375 0.0421875 0.01875
1 0.44453125 0.43125 0.04375 0.0203125
1 0.1671875 0.2984375 0.040625 0.015625
1 0.15703125 0.29765625 0.0390625 0.0171875
1 0.13515625 0.33125 0.04375 0.0203125
1 0.484375 0.39375 0.0421875 0.01875
1 0.58515625 0.50390625 0.04375 0.021875
1 0.3140625 0.40859375 0.04375 0.0234375
1 0.4265625 0.38671875 0.040625 0.0171875
1 0.39609375 0.39453125 0.0421875 0.0203125
1 0.90078125 0.3515625 0.0390625 0.0171875
1 0.6546875 0.315625 0.0390625 0.015625
1 0.61328125 0.40625 0.0390625 0.01875
1 0.16484375 0.396875 0.040625 0.01875
1 0.49453125 0.403125 0.04375 0.0203125
1 0.61171875 0.4453125 0.0421875 0.0203125
1 0.4546875 0.425 0.0421875 0.01875
1 0.82109375 0.8953125 0.0390625 0.0171875
1 0.359375 0.37578125 0.040625 0.015625
1 0.6796875 0.43203125 0.040625 0.01875
1 0.4578125 0.509375 0.0421875 0.021875
0 0.228125 0.2109375 0.04375 0.0203125
1 0.38203125 0.46015625 0.040625 0.0171875
1 0.415625 0.37734375 0.040625 0.0171875
1 0.4421875 0.3984375 0.0421875 0.0203125
1 0.17890625 0.62421875 0.0453125 0.025
1 0.17421875 0.2625 0.0421875 0.0203125
0 0.17578125 0.084375 0.04375 0.021875
1 0.553125 0.33984375 0.040625 0.0171875
0 0.07890625 0.08984375 0.046875 0.021875
1 0.33984375 0.3765625 0.040625 0.01875
1 0.60234375 0.40078125 0.0390625 0.0140625
1 0.66328125 0.490625 0.04375 0.021875
1 0.40234375 0.3515625 0.04375 0.0203125
1 0.37578125 0.39140625 0.04375 0.0203125
1 0.29296875 0.41171875 0.040625 0.0171875
0 0.0625 0.1796875 0.0421875 0.01875
1 0.5984375 0.42734375 0.0390625 0.015625
1 0.3828125 0.33125 0.040625 0.01875
1 0.30078125 0.42890625 0.04375 0.0203125
1 0.86328125 0.8890625 0.040625 0.01875
1 0.6203125 0.6359375 0.0453125 0.0265625
1 0.35703125 0.3640625 0.040625 0.0171875
1 0.4140625 0.3609375 0.040625 0.0171875
1 0.98984375 0.46953125 0.0203125 0.0203125
1 0.5515625 0.3578125 0.040625 0.0171875
1 0.8296875 0.996875 0.053125 0.00625
0 0.21015625 0.04921875 0.04375 0.021875
1 0.53125 0.32578125 0.040625 0.0171875
1 0.94296875 0.3890625 0.040625 0.0171875
1 0.41953125 0.43828125 0.040625 0.0171875
1 0.52578125 0.3046875 0.040625 0.0171875
1 0.653125 0.47265625 0.0453125 0.021875
1 0.45625 0.4015625 0.040625 0.0171875
1 0.3875 0.39375 0.04375 0.0203125
1 0.43046875 0.4359375 0.0421875 0.0171875
1 0.328125 0.38359375 0.0421875 0.01875
1 0.87734375 0.89140625 0.040625 0.0171875
1 0.35390625 0.28828125 0.0390625 0.015625
1 0.43203125 0.36171875 0.040625 0.0171875
1 0.60859375 0.309375 0.0390625 0.0140625
1 0.98671875 0.60625 0.0265625 0.015625
0 0.25546875 0.21484375 0.04375 0.0203125
1 0.49296875 0.31875 0.0390625 0.015625
1 0.56640625 0.4609375 0.040625 0.01875
1 0.6703125 0.46953125 0.0421875 0.0203125
1 0.984375 0.4640625 0.03125 0.015625
1 0.89765625 0.9890625 0.0546875 0.021875
1 0.346875 0.2890625 0.040625 0.015625
1 0.30390625 0.78046875 0.04375 0.0234375
1 0.14296875 0.328125 0.0421875 0.01875
1 0.090625 0.35 0.0390625 0.0140625
1 0.334375 0.290625 0.0390625 0.015625
0 0.15234375 0.0796875 0.0453125 0.0234375
1 0.66796875 0.45078125 0.0421875 0.0203125
1 0.4359375 0.41796875 0.0421875 0.01875
1 0.4625 0.84609375 0.040625 0.01875
1 0.59921875 0.37578125 0.04375 0.01875
1 0.70703125 0.4328125 0.040625 0.0140625
1 0.9640625 0.41796875 0.040625 0.0171875
0 0.27265625 0.209375 0.0421875 0.0171875
1 0.44296875 0.30625 0.0375 0.0140625
1 0.37890625 0.37890625 0.0390625 0.0140625
1 0.92421875 0.3703125 0.0390625 0.01875
1 0.55234375 0.64921875 0.040625 0.0171875
1 0.49765625 0.29453125 0.040625 0.015625
1 0.615625 0.31484375 0.040625 0.0171875
1 0.4328125 0.84609375 0.040625 0.015625
1 0.10390625 0.33828125 0.0390625 0.0125
1 0.678125 0.4515625 0.04375 0.0203125
1 0.675 0.41640625 0.0390625 0.015625
1 0.934375 0.371875 0.0421875 0.01875
1 0.503125 0.3953125 0.0375 0.015625
1 0.48203125 0.30546875 0.040625 0.0171875
1 0.5859375 0.4359375 0.040625 0.015625
1 0.05078125 0.96796875 0.046875 0.0203125
1 0.77890625 0.8578125 0.040625 0.0125
1 0.6328125 0.30546875 0.040625 0.015625
1 0.60234375 0.45078125 0.04375 0.0203125
0 0.02890625 0.0625 0.0453125 0.0265625
1 0.27421875 0.7796875 0.040625 0.0171875
1 0.7 0.48203125 0.04375 0.01875
1 0.63515625 0.62734375 0.04375 0.025
1 0.284375 0.32265625 0.0421875 0.01875
1 0.015625 0.31953125 0.03125 0.0203125
1 0.46640625 0.40859375 0.0390625 0.015625
1 0.6203125 0.3015625 0.040625 0.015625
1 0.83515625 0.9046875 0.040625 0.01875