4 0.73984375 0.44609375 0.1046875 0.121875
3 0.084375 0.371875 0.10625 0.1
1 0.29375 0.5109375 0.034375 0.021875
1 0.87734375 0.39921875 0.0328125 0.0203125
4 0.903125 0.29375 0.0953125 0.1078125
1 0.95 0.428125 0.0328125 0.021875
2 0.7375 0.19140625 0.1125 0.0765625
1 0.3375 0.60546875 0.0359375 0.025
1 0.24921875 0.928125 0.034375 0.0234375
1 0.2875 0.55234375 0.0328125 0.0234375
1 0.665625 0.88203125 0.03125 0.0203125
1 0.3375 0.4203125 0.03125 0.0171875
1 0.58984375 0.4109375 0.03125 0.0171875
1 0.87734375 0.4390625 0.0328125 0.021875
1 0.5734375 0.4375 0.0328125 0.021875
1 0.62109375 0.48046875 0.034375 0.0234375
3 0.8 0.82734375 0.0828125 0.0640625
0 0.9078125 0.1859375 0.0328125 0.021875
1 0.19921875 0.97890625 0.040625 0.0328125
1 0.54140625 0.41796875 0.03125 0.01875
1 0.534375 0.3984375 0.0296875 0.0171875
1 0.609375 0.34921875 0.0296875 0.0171875
1 0.5828125 0.31484375 0.0296875 0.0171875
1 0.38359375 0.60625 0.034375 0.0265625
1 0.87109375 0.94609375 0.0421875 0.0375
1 0.93125 0.90078125 0.0359375 0.028125
1 0.0265625 0.4421875 0.0328125 0.01875
1 0.82890625 0.8546875 0.0296875 0.015625
1 0.70546875 0.8875 0.03125 0.0140625
1 0.36171875 0.390625 0.03125 0.0171875
1 0.2765625 0.54921875 0.0328125 0.021875
1 0.83046875 0.41875 0.0328125 0.021875
1 0.92734375 0.3890625 0.0328125 0.01875
1 0.45859375 0.45078125 0.0328125 0.021875
1 0.5328125 0.37890625 0.0296875 0.0171875
1 0.59609375 0.33203125 0.0296875 0.0171875
1 0.62890625 0.3171875 0.0296875 0.015625
1 0.04375 0.440625 0.0328125 0.01875
1 0.8625 0.30234375 0.0296875 0.015625
1 0.6078125 0.3953125 0.0296875 0.015625
1 0.90546875 0.35234375 0.0328125 0.021875
0 0.74453125 0.12890625 0.034375 0.021875
0 0.77890625 0.146875 0.034375 0.0265625
0 0.796875 0.18515625 0.034375 0.021875
1 0.2796875 0.5265625 0.0328125 0.0203125
1 0.3015625 0.4203125 0.03125 0.01875
1 0.3390625 0.2953125 0.0296875 0.015625
1 0.65546875 0.40625 0.03125 0.0203125
1 0.82734375 0.3609375 0.03125 0.01875
1 0.8 0.34296875 0.03125 0.0171875
1 0.278125 0.51015625 0.0328125 0.0203125
1 0.26953125 0.90078125 0.0296875 0.015625
1 0.375 0.90234375 0.0328125 0.01875
1 0.31875 0.55625 0.034375 0.0234375
0 0.24453125 0.225 0.03125 0.0171875
1 0.81328125 0.89609375 0.0359375 0.025
0 0.89765625 0.103125 0.034375 0.0234375
1 0.93671875 0.34296875 0.03125 0.01875
1 0.64765625 0.33203125 0.03125 0.0171875
1 0.77265625 0.8796875 0.034375 0.021875
3 0.0484375 0.53671875 0.096875 0.1015625
1 0.8171875 0.2875 0.0296875 0.015625
4 0.603125 0.83515625 0.0921875 0.075
1 0.728125 0.8671875 0.03125 0.01875
1 0.36796875 0.37890625 0.028125 0.0171875
1 0.95859375 0.32890625 0.0296875 0.015625
1 0.60078125 0.26796875 0.0296875 0.015625
0 0.19921875 0.21875 0.034375 0.0234375
1 0.065625 0.43203125 0.03125 0.01875
0 0.18046875 0.159375 0.034375 0.021875
1 0.44140625 0.3203125 0.0296875 0.015625
0 0.875 0.72109375 0.03125 0.0203125
1 0.1703125 0.3484375 0.03125 0.015625
0 0.73046875 0.15 0.0296875 0.015625
1 0.325 0.346875 0.0296875 0.015625
1 0.90625 0.4359375 0.0328125 0.021875
0 0.87890625 0.19296875 0.03125 0.01875
1 0.13515625 0.31015625 0.0296875 0.015625
1 0.82421875 0.3234375 0.0296875 0.015625
4 0.9203125 0.83046875 0.1 0.0796875
1 0.65625 0.328125 0.03125 0.0171875
1 0.63984375 0.36484375 0.0328125 0.01875
0 0.19921875 0.1703125 0.0328125 0.021875
1 0.60625 0.3828125 0.03125 0.015625
1 0.5078125 0.4515625 0.0328125 0.0203125
1 0.0234375 0.41015625 0.03125 0.0171875
1 0.834375 0.303125 0.0296875 0.015625
0 0.90859375 0.24453125 0.03125 0.0171875
1 0.384375 0.378125 0.0296875 0.0171875
1 0.35234375 0.63359375 0.03125 0.0140625
1 0.1640625 0.98359375 0.040625 0.03125
0 0.8078125 0.00703125 0.034375 0.0140625
0 0.21171875 0.253125 0.0296875 0.015625
0 0.378125 0.7203125 0.03125 0.01875
0 0.7046875 0.14375 0.03125 0.021875
1 0.79375 0.39296875 0.0328125 0.01875
0 0.703125 0.7015625 0.03125 0.0171875
1 0.425 0.31484375 0.0296875 0.0171875
1 0.37890625 0.65625 0.034375 0.01875
1 0.346875 0.3609375 0.03125 0.0171875
1 0.659375 0.35 0.03125 0.01875
1 0.2234375 0.93359375 0.034375 0.0234375
0 0.76875 0.03515625 0.034375 0.021875
1 0.68203125 0.2890625 0.03125 0.015625
1 0.459375 0.37578125 0.03125 0.01875
1 0.6796875 0.3359375 0.03125 0.0171875
0 0.71484375 0.68359375 0.0328125 0.021875
1 0.11640625 0.3015625 0.03125 0.0140625
1 0.01953125 0.428125 0.03125 0.015625
1 0.803125 0.32109375 0.0296875 0.015625
1 0.8125 0.259375 0.0296875 0.0140625
1 0.00859375 0.44375 0.0171875 0.01875
1 0.84765625 0.88046875 0.0328125 0.0234375
1 0.6515625 0.309375 0.0296875 0.0203125
1 0.7609375 0.8515625 0.0328125 0.0171875
1 0.86796875 0.8765625 0.03125 0.0203125
1 0.328125 0.36796875 0.03125 0.01875
1 0.44453125 0.39140625 0.03125 0.0203125
1 0.81796875 0.24375 0.028125 0.0140625
1 0.81484375 0.34765625 0.03125 0.0171875
1 0.04375 0.4203125 0.03125 0.0171875
0 0.65078125 0.6921875 0.0296875 0.015625
0 0.8671875 0.025 0.03125 0.0140625
1 0.10390625 0.3234375 0.0296875 0.0140625
1 0.978125 0.9515625 0.040625 0.01875
1 0.45078125 0.36953125 0.03125 0.0203125
1 0.30078125 0.33203125 0.0296875 0.0171875
2 0.21875 0.234375 0.1171875 0.0671875
1 0.9609375 0.89296875 0.0359375 0.0265625
0 0.896875 0.21640625 0.03125 0.0171875
1 0.52734375 0.259375 0.0296875 0.015625
3 0.175 0.890625 0.078125 0.071875
1 0.7109375 0.8703125 0.03125 0.0171875
1 0.31328125 0.4140625 0.0296875 0.0171875
1 0.27890625 0.346875 0.0296875 0.015625
0 0.828125 0.00234375 0.034375 0.0046875
1 0.30234375 0.8984375 0.0296875 0.015625
1 0.3265625 0.33359375 0.0296875 0.0140625
1 0.6796875 0.3625 0.03125 0.01875
1 0.03671875 0.38203125 0.0296875 0.015625
1 0.8453125 0.24140625 0.0296875 0.0140625
1 0.85234375 0.83671875 0.028125 0.0125
1 0.69375 0.63046875 0.03125 0.0125
1 0.91875 0.859375 0.03125 0.0171875
1 0.209375 0.93515625 0.0296875 0.0203125
1 0.86484375 0.24296875 0.03125 0.015625
0 0.8640625 0.6984375 0.034375 0.021875
1 0.45234375 0.3890625 0.03125 0.01875
1 0.1796875 0.93046875 0.03125 0.01875
1 0.6328125 0.29453125 0.03125 0.0171875
1 0.30859375 0.36875 0.03125 0.01875
1 0.17109375 0.96484375 0.034375 0.0203125
1 0.39609375 0.265625 0.028125 0.015625
1 0.440625 0.27578125 0.03125 0.015625
1 0.3140625 0.3296875 0.03125 0.015625
1 0.2671875 0.88984375 0.028125 0.0125
1 0.83984375 0.828125 0.028125 0.0125
1 0.2984375 0.38984375 0.0296875 0.0171875
1 0.51328125 0.2546875 0.0296875 0.015625
1 0.0921875 0.30546875 0.0296875 0.0125
1 0.2484375 0.86015625 0.0296875 0.0140625
0 0.67265625 0.69375 0.034375 0.021875
1 0.9546875 0.86640625 0.0328125 0.0203125
1 0.01171875 0.43515625 0.0234375 0.0171875
1 0.79375 0.37578125 0.03125 0.0125
1 0.86953125 0.8453125 0.0296875 0.015625
1 0.9296875 0.36796875 0.0296875 0.0171875
0 0.86875 0.01015625 0.0328125 0.0203125
1 0.30859375 0.3984375 0.0328125 0.0171875
1 0.98359375 0.9 0.0328125 0.021875
1 0.69140625 0.32890625 0.03125 0.0171875
1 0.74140625 0.88828125 0.0265625 0.0109375
1 0.35390625 0.64765625 0.0328125 0.015625
1 0.13359375 0.2921875 0.0296875 0.0140625
1 0.8859375 0.8328125 0.028125 0.0125
1 0.81171875 0.32890625 0.03125 0.015625
1 0.60078125 0.3703125 0.0328125 0.015625
1 0.31640625 0.38828125 0.03125 0.0171875
1 0.9859375 0.3625 0.028125 0.015625
1 0.27890625 0.30390625 0.0296875 0.0171875
1 0.15859375 0.9234375 0.03125 0.015625
1 0.0890625 0.315625 0.0296875 0.0140625
1 0.40703125 0.26640625 0.03125 0.015625
0 0.85625 0.6875 0.03125 0.0171875
1 0.29609375 0.89296875 0.03125 0.0140625
1 0.7875 0.86328125 0.034375 0.0203125
0 0.88515625 0.0765625 0.0328125 0.01875
3 0.21484375 0.890625 0.065625 0.071875
1 0.42734375 0.2625 0.03125 0.0140625
0 0.83984375 0.04921875 0.028125 0.0171875
1 0.80546875 0.85625 0.03125 0.0171875
1 0.10390625 0.2984375 0.0296875 0.015625
1 0.8765625 0.87265625 0.0328125 0.021875
1 0.1296875 0.29921875 0.0296875 0.0140625
1 0.13515625 0.96875 0.0375 0.025
1 0.85625 0.2421875 0.03125 0.015625
1 0.01171875 0.415625 0.0234375 0.01875
1 0.10625 0.96640625 0.0328125 0.0234375
1 0.03203125 0.5765625 0.0328125 0.0203125
1 0.303125 0.27578125 0.028125 0.0125
1 0.4875 0.834375 0.0296875 0.015625
1 0.25 0.6734375 0.03125 0.0140625
1 0.86875 0.86171875 0.03125 0.0140625