3 0.3546875 0.35546875 0.0828125 0.09375
2 0.75703125 0.20546875 0.0953125 0.0640625
4 0.88671875 0.2796875 0.08125 0.0796875
4 0.29609375 0.83984375 0.059375 0.059375
1 0.24609375 0.55625 0.01875 0.021875
1 0.23671875 0.57734375 0.0203125 0.0234375
1 0.18671875 0.5953125 0.01875 0.01875
1 0.096875 0.48359375 0.0171875 0.0171875
1 0.04453125 0.459375 0.015625 0.01875
1 0.31953125 0.475 0.0171875 0.0171875
1 0.54296875 0.40546875 0.015625 0.0171875
1 0.6140625 0.3625 0.0140625 0.015625
1 0.49296875 0.40234375 0.0140625 0.0140625
1 0.83203125 0.4296875 0.0171875 0.0171875
1 0.44921875 0.57265625 0.0203125 0.0234375
1 0.70546875 0.459375 0.0171875 0.0203125
1 0.07109375 0.5796875 0.0203125 0.0234375
2 0.23515625 0.240625 0.096875 0.0515625
1 0.8625 0.5484375 0.01875 0.0234375
1 0.93203125 0.35 0.015625 0.0171875
1 0.4328125 0.503125 0.0171875 0.021875
1 0.65078125 0.446875 0.015625 0.01875
1 0.478125 0.4515625 0.015625 0.01875
1 0.3296875 0.409375 0.015625 0.015625
1 0.0203125 0.50234375 0.01875 0.0203125
1 0.56484375 0.4203125 0.015625 0.0171875
1 0.7421875 0.503125 0.0171875 0.0203125
1 0.9828125 0.35625 0.015625 0.0171875
1 0.92421875 0.3109375 0.0140625 0.0140625
1 0.4953125 0.421875 0.015625 0.0171875
1 0.725 0.53203125 0.01875 0.0203125
1 0.06875 0.5 0.0171875 0.01875
1 0.36953125 0.58046875 0.01875 0.0234375
1 0.603125 0.403125 0.0171875 0.01875
1 0.490625 0.36640625 0.0140625 0.015625
1 0.85546875 0.87578125 0.0171875 0.021875
1 0.98203125 0.4015625 0.0171875 0.01875
1 0.11640625 0.44921875 0.015625 0.015625
1 0.29921875 0.44296875 0.015625 0.0171875
1 0.3453125 0.4734375 0.0171875 0.015625
1 0.4734375 0.903125 0.0171875 0.015625
1 0.3515625 0.49296875 0.0171875 0.01875
1 0.325 0.45234375 0.0171875 0.0171875
1 0.01015625 0.60625 0.015625 0.0171875
1 0.25 0.92265625 0.0203125 0.025
1 0.14609375 0.42109375 0.0171875 0.0171875
0 0.82421875 0.02421875 0.0171875 0.0171875
1 0.375 0.4953125 0.0171875 0.01875
0 0.87578125 0.159375 0.015625 0.0171875
1 0.3671875 0.8953125 0.0171875 0.0203125
0 0.778125 0.16796875 0.015625 0.01875
1 0.08125 0.48359375 0.0171875 0.01875
1 0.52734375 0.415625 0.015625 0.0171875
0 0.7859375 0.053125 0.0171875 0.0203125
1 0.3703125 0.44375 0.0171875 0.01875
1 0.8984375 0.31640625 0.0140625 0.0140625
1 0.1640625 0.4546875 0.0140625 0.015625
1 0.315625 0.8765625 0.0140625 0.015625
1 0.625 0.3078125 0.0140625 0.015625
1 0.928125 0.85390625 0.015625 0.015625
1 0.1578125 0.94921875 0.021875 0.028125
1 0.17421875 0.92109375 0.0203125 0.0234375
1 0.51171875 0.4140625 0.015625 0.015625
1 0.36484375 0.4625 0.0171875 0.01875
1 0.59296875 0.325 0.0140625 0.0140625
1 0.26328125 0.5140625 0.015625 0.0171875
1 0.13828125 0.32734375 0.0125 0.0125
1 0.9265625 0.884375 0.01875 0.0203125
1 0.328125 0.875 0.0140625 0.015625
1 0.12890625 0.44453125 0.0171875 0.01875
1 0.440625 0.3484375 0.0140625 0.0140625
1 0.18359375 0.421875 0.0140625 0.0171875
1 0.4609375 0.4125 0.015625 0.015625
1 0.1609375 0.46875 0.0171875 0.015625
1 0.15078125 0.465625 0.0140625 0.01875
1 0.15546875 0.921875 0.01875 0.01875
1 0.28671875 0.52734375 0.0171875 0.0203125
1 0.95546875 0.85078125 0.015625 0.0171875
1 0.15703125 0.60234375 0.015625 0.015625
0 0.815625 0.16328125 0.0171875 0.015625
1 0.34375 0.45859375 0.015625 0.0140625
1 0.3484375 0.88671875 0.01875 0.0203125
1 0.4515625 0.43125 0.0140625 0.015625
1 0.30078125 0.496875 0.0171875 0.01875
1 0.1046875 0.4234375 0.015625 0.015625
4 0.9140625 0.81328125 0.059375 0.05625
1 0.2890625 0.47109375 0.015625 0.0171875
1 0.1125 0.35703125 0.0140625 0.0140625
1 0.4734375 0.4296875 0.0171875 0.0171875
1 0.33046875 0.39453125 0.0140625 0.015625
1 0.0515625 0.43125 0.0140625 0.015625
1 0.978125 0.909375 0.0203125 0.028125
1 0.3 0.475 0.0171875 0.0171875
1 0.45234375 0.340625 0.015625 0.01875
1 0.4890625 0.34921875 0.0125 0.0125
1 0.028125 0.60703125 0.015625 0.015625
1 0.01953125 0.42421875 0.015625 0.015625
0 0.80078125 0.0125 0.0171875 0.01875
1 0.103125 0.93828125 0.0203125 0.021875
1 0.4609375 0.43671875 0.015625 0.01875
1 0.72421875 0.49765625 0.0171875 0.01875
1 0.09296875 0.9625 0.0234375 0.0296875
1 0.27734375 0.471875 0.0140625 0.0140625
1 0.18125 0.33046875 0.0125 0.0140625
1 0.50390625 0.62890625 0.0203125 0.0265625
0 0.86796875 0.1078125 0.015625 0.0171875
1 0.39765625 0.371875 0.0109375 0.0125
1 0.09453125 0.46796875 0.0171875 0.0140625
1 0.071875 0.45078125 0.015625 0.0171875
1 0.31328125 0.44296875 0.015625 0.0171875
1 0.93828125 0.83359375 0.0140625 0.0140625
1 0.18671875 0.96953125 0.025 0.034375
1 0.10390625 0.44296875 0.015625 0.015625
0 0.76953125 0.1625 0.0171875 0.0171875
1 0.31875 0.4125 0.015625 0.01875
1 0.7328125 0.51640625 0.0171875 0.01875
1 0.19765625 0.4234375 0.0171875 0.0171875
1 0.6671875 0.37890625 0.015625 0.0171875
1 0.315625 0.35 0.0125 0.0125
1 0.390625 0.3984375 0.0125 0.0140625
1 0.225 0.9609375 0.01875 0.0296875
1 0.08984375 0.36640625 0.0125 0.0125
1 0.321875 0.90234375 0.0140625 0.015625
1 0.2359375 0.89609375 0.01875 0.01875
1 0.29140625 0.5 0.015625 0.01875
1 0.08671875 0.44921875 0.0171875 0.015625
1 0.07734375 0.94296875 0.0203125 0.028125
0 0.76875 0.14609375 0.015625 0.0203125
1 0.11953125 0.9625 0.025 0.03125
0 0.32265625 0.77265625 0.0140625 0.015625
1 0.25 0.89140625 0.01875 0.0171875
1 0.30546875 0.4140625 0.01875 0.0171875
1 0.709375 0.3140625 0.0171875 0.01875
1 0.3546875 0.4609375 0.0171875 0.0171875
1 0.26796875 0.490625 0.0140625 0.0125
1 0.43828125 0.303125 0.0140625 0.0125
1 0.02890625 0.4046875 0.0140625 0.0125
1 0.89453125 0.9046875 0.01875 0.0265625
1 0.11640625 0.43125 0.015625 0.0125
1 0.13984375 0.9515625 0.0234375 0.03125
1 0.34296875 0.446875 0.015625 0.0140625
1 0.21015625 0.975 0.028125 0.0359375
1 0.38515625 0.30078125 0.0125 0.0125
0 0.85234375 0.028125 0.015625 0.0171875
1 0.49296875 0.3375 0.0140625 0.0125
1 0.1984375 0.9046875 0.01875 0.01875
0 0.8390625 0.01015625 0.0171875 0.0171875
1 0.20703125 0.86015625 0.0109375 0.0109375
1 0.30703125 0.4640625 0.015625 0.0125
1 0.1640625 0.33125 0.0140625 0.0125
1 0.58828125 0.83046875 0.0125 0.0125
1 0.93984375 0.90625 0.01875 0.0234375
1 0.046875 0.40703125 0.0140625 0.0140625
1 0.271875 0.51953125 0.015625 0.0171875
1 0.85703125 0.44921875 0.015625 0.0125
1 0.09453125 0.38125 0.015625 0.015625
1 0.265625 0.8796875 0.0125 0.0140625
0 0.30546875 0.74296875 0.0140625 0.0140625
4 0.64453125 0.903125 0.1984375 0.1890625
1 0.090625 0.4265625 0.0140625 0.0140625
0 0.28125 0.75390625 0.0140625 0.0140625
1 0.31328125 0.909375 0.0203125 0.01875
1 0.09453125 0.5890625 0.0125 0.0140625
1 0.36015625 0.88125 0.0140625 0.0125
1 0.8953125 0.85078125 0.0140625 0.0140625
1 0.07578125 0.41796875 0.0140625 0.0125
1 0.2578125 0.85078125 0.0109375 0.0109375
0 0.2796875 0.73984375 0.0125 0.0140625
0 0.85546875 0.04140625 0.015625 0.015625
1 0.12578125 0.90546875 0.0171875 0.0203125
1 0.00234375 0.4546875 0.0046875 0.015625
1 0.26328125 0.6046875 0.0140625 0.009375
1 0.15390625 0.88984375 0.0140625 0.015625
1 0.2765625 0.89375 0.0171875 0.015625
0 0.27265625 0.75546875 0.0140625 0.0140625
1 0.14296875 0.99765625 0.028125 0.0046875
0 0.29765625 0.76484375 0.01875 0.0203125
1 0.22265625 0.8984375 0.0171875 0.01875
1 0.265625 0.98828125 0.0296875 0.0234375
1 0.1875 0.62265625 0.0171875 0.0125
1 0.1484375 0.66796875 0.0171875 0.0125
1 0.11640625 0.328125 0.0140625 0.0140625
3 0.76875 0.88515625 0.15625 0.1875