4 0.3921875 0.3296875 0.06796875 0.08515625
2 0.7703125 0.2203125 0.08984375 0.0578125
3 0.68046875 0.40546875 0.0703125 0.1046875
4 0.403125 0.57265625 0.1171875 0.15078125
3 0.728125 0.83515625 0.05625 0.06640625
3 0.42421875 0.84609375 0.07578125 0.090625
1 0.62109375 0.8828125 0.0109375 0.0203125
1 0.95390625 0.46640625 0.0125 0.01953125
1 0.21875 0.57734375 0.01328125 0.02109375
1 0.86953125 0.46640625 0.0109375 0.01796875
1 0.5375 0.44296875 0.01015625 0.0171875
1 0.1203125 0.49375 0.009375 0.0171875
1 0.38203125 0.421875 0.009375 0.015625
1 0.50859375 0.41796875 0.01015625 0.015625
1 0.30859375 0.4296875 0.009375 0.0171875
1 0.6671875 0.5703125 0.01328125 0.0234375
1 0.45546875 0.50234375 0.01171875 0.02109375
1 0.64609375 0.4328125 0.009375 0.0171875
1 0.26015625 0.55625 0.0140625 0.021875
1 0.5140625 0.44375 0.0109375 0.0171875
1 0.64296875 0.86796875 0.01015625 0.01796875
1 0.37734375 0.4828125 0.01015625 0.01875
1 0.7265625 0.44375 0.01015625 0.01796875
1 0.328125 0.40859375 0.01015625 0.0171875
1 0.44609375 0.4171875 0.009375 0.01640625
2 0.24609375 0.22734375 0.08984375 0.04453125
1 0.7296875 0.48671875 0.0109375 0.01953125
1 0.6015625 0.42421875 0.01015625 0.01796875
1 0.41953125 0.4953125 0.0078125 0.0140625
1 0.459375 0.43515625 0.01015625 0.01796875
1 0.26328125 0.58046875 0.0125 0.01796875
1 0.70859375 0.8984375 0.0140625 0.01953125
1 0.70078125 0.88515625 0.01015625 0.01875
1 0.2734375 0.56953125 0.01171875 0.02109375
1 0.87890625 0.89921875 0.01328125 0.02109375
1 0.003125 0.58203125 0.00625 0.01484375
1 0.359375 0.43828125 0.01015625 0.01875
1 0.57109375 0.4625 0.0109375 0.0203125
0 0.93515625 0.30234375 0.0109375 0.0171875
1 0.546875 0.46015625 0.01171875 0.02265625
1 0.32890625 0.38515625 0.00859375 0.015625
1 0.7203125 0.87578125 0.0109375 0.01953125
1 0.69921875 0.35234375 0.00859375 0.0140625
1 0.26796875 0.44296875 0.009375 0.01796875
3 0.19296875 0.44765625 0.090625 0.11640625
1 0.0421875 0.41953125 0.009375 0.015625
1 0.46796875 0.446875 0.01015625 0.01640625
1 0.49453125 0.43671875 0.0109375 0.01875
0 0.9328125 0.13359375 0.0109375 0.01796875
1 0.49609375 0.32265625 0.00859375 0.0140625
1 0.10390625 0.5 0.01171875 0.0203125
1 0.10703125 0.52734375 0.0125 0.01953125
1 0.54375 0.42734375 0.01015625 0.01796875
1 0.878125 0.33984375 0.0078125 0.01328125
1 0.85703125 0.9203125 0.015625 0.02578125
1 0.7234375 0.59375 0.01015625 0.015625
1 0.89921875 0.4421875 0.0109375 0.01640625
1 0.4859375 0.46171875 0.01015625 0.01796875
0 0.8109375 0.228125 0.01015625 0.015625
1 0.534375 0.32265625 0.00859375 0.01328125
1 0.83046875 0.88359375 0.0125 0.0203125
0 0.95859375 0.2578125 0.009375 0.015625
1 0.56484375 0.3359375 0.0078125 0.0140625
1 0.59765625 0.371875 0.009375 0.0140625
1 0.334375 0.35234375 0.0078125 0.0140625
1 0.3171875 0.40703125 0.01015625 0.01640625
1 0.9765625 0.3828125 0.01171875 0.015625
1 0.875 0.4203125 0.0109375 0.0171875
1 0.075 0.53125 0.0125 0.01875
1 0.14140625 0.92109375 0.01328125 0.0234375
0 0.91875 0.2828125 0.0078125 0.01328125
4 0.03671875 0.45234375 0.0703125 0.0765625
1 0.55 0.36953125 0.01015625 0.01484375
1 0.57734375 0.34375 0.009375 0.01328125
1 0.440625 0.88984375 0.01484375 0.0234375
1 0.59375 0.35546875 0.0078125 0.0125
1 0.54140625 0.3421875 0.0078125 0.01328125
1 0.88515625 0.27890625 0.00859375 0.01328125
1 0.2984375 0.42890625 0.0109375 0.01640625
1 0.77890625 0.634375 0.0140625 0.02109375
1 0.95234375 0.4046875 0.01171875 0.01953125
1 0.415625 0.8984375 0.0140625 0.01953125
0 0.9671875 0.15859375 0.01015625 0.01640625
0 0.940625 0.28046875 0.00859375 0.01328125
1 0.09921875 0.51796875 0.01015625 0.01640625
1 0.91015625 0.91875 0.01328125 0.021875
1 0.61640625 0.365625 0.00859375 0.01484375
1 0.8421875 0.9015625 0.0140625 0.021875
1 0.14296875 0.8796875 0.0109375 0.01796875
1 0.54765625 0.3328125 0.00859375 0.0125
1 0.25859375 0.45078125 0.01015625 0.0171875
1 0.87109375 0.296875 0.009375 0.01484375
1 0.88203125 0.94609375 0.009375 0.01328125
1 0.85078125 0.30078125 0.0078125 0.01328125
1 0.18984375 0.31484375 0.00546875 0.0125
0 0.946875 0.2546875 0.009375 0.015625
1 0.30859375 0.3234375 0.0078125 0.0140625
0 0.95078125 0.0078125 0.01328125 0.01484375
1 0.8390625 0.85 0.0078125 0.0125
1 0.43515625 0.346875 0.00703125 0.0140625
1 0.07265625 0.978125 0.01875 0.03046875
1 0.87421875 0.96640625 0.0109375 0.02734375
1 0.3578125 0.3 0.00703125 0.0125
1 0.8640625 0.3203125 0.00859375 0.01328125
1 0.60390625 0.3546875 0.00859375 0.01171875
1 0.5578125 0.31953125 0.0078125 0.0125
0 0.90859375 0.2265625 0.00859375 0.0140625
1 0.8265625 0.26953125 0.009375 0.0140625
1 0.50703125 0.325 0.0078125 0.0140625
1 0.89453125 0.87578125 0.0109375 0.01640625
1 0.784375 0.615625 0.01171875 0.01640625
1 0.915625 0.35 0.009375 0.0140625
0 0.92109375 0.80703125 0.0078125 0.01328125
1 0.60625 0.37265625 0.009375 0.015625
1 0.14765625 0.98828125 0.0125 0.02109375
1 0.9484375 0.34609375 0.0109375 0.015625
1 0.84375 0.3 0.00859375 0.01328125
0 0.9109375 0.25546875 0.0078125 0.0140625
1 0.24375 0.63359375 0.0140625 0.02421875
1 0.3015625 0.4109375 0.009375 0.0140625
3 0.55625 0.82109375 0.04765625 0.06484375
1 0.94140625 0.90234375 0.01328125 0.025
1 0.896875 0.3234375 0.01015625 0.015625
0 0.903125 0.80234375 0.009375 0.015625
1 0.16015625 0.840625 0.00625 0.01015625
0 0.946875 0.2125 0.00859375 0.0140625
1 0.35 0.3546875 0.01015625 0.01640625
1 0.6078125 0.33828125 0.0078125 0.01484375
0 0.9375 0.2546875 0.01171875 0.0140625
1 0.3984375 0.90078125 0.01171875 0.01484375
1 0.23984375 0.6140625 0.01171875 0.01796875
1 0.3859375 0.8578125 0.00859375 0.015625
1 0.1421875 0.30859375 0.0078125 0.0140625
1 0.62578125 0.30390625 0.00859375 0.01171875
1 0.365625 0.6421875 0.01328125 0.01953125
1 0.72578125 0.54453125 0.009375 0.01640625
1 0.60703125 0.31484375 0.009375 0.01484375
1 0.678125 0.83046875 0.00546875 0.0109375
1 0.59375 0.33828125 0.00859375 0.0140625
1 0.9734375 0.35078125 0.009375 0.0140625
1 0.98125 0.35546875 0.01015625 0.01484375
1 0.565625 0.8453125 0.00859375 0.015625
1 0.99609375 0.640625 0.0078125 0.025
1 0.5796875 0.30390625 0.0078125 0.01328125
1 0.5828125 0.334375 0.0078125 0.0109375
1 0.45078125 0.3140625 0.009375 0.0125
1 0.071875 0.35625 0.00859375 0.01484375
1 0.9515625 0.98828125 0.0171875 0.0234375
1 0.78671875 0.81484375 0.0078125 0.0125
1 0.8546875 0.84453125 0.00625 0.01171875
1 0.5953125 0.3140625 0.01015625 0.0140625
1 0.515625 0.2953125 0.00703125 0.0125
1 0.8828125 0.875 0.009375 0.01484375
1 0.865625 0.8953125 0.0109375 0.01796875
1 0.125 0.928125 0.015625 0.0234375
1 0.9234375 0.9484375 0.00859375 0.015625
1 0.20234375 0.9875 0.0234375 0.025
1 0.10859375 0.33203125 0.00859375 0.0125
1 0.715625 0.42578125 0.00703125 0.0140625
1 0.94609375 0.94375 0.0109375 0.01640625
1 0.87890625 0.84453125 0.00703125 0.0109375
1 0.40859375 0.87421875 0.01328125 0.025
1 0.7390625 0.471875 0.0078125 0.01171875
1 0.078125 0.8875 0.01015625 0.01953125
0 0.903125 0.83046875 0.009375 0.0203125
4 0.3328125 0.86796875 0.1125 0.10390625
0 0.915625 0.29609375 0.00859375 0.01171875
1 0.38203125 0.5171875 0.01328125 0.0203125
1 0.87734375 0.85859375 0.0078125 0.01171875
1 0.459375 0.86484375 0.009375 0.01484375
1 0.5421875 0.31796875 0.00703125 0.01015625
1 0.52109375 0.85234375 0.0078125 0.01015625
1 0.5421875 0.3 0.0078125 0.0109375
1 0.690625 0.790625 0.01015625 0.015625
1 0.88671875 0.3 0.01015625 0.01328125
1 0.565625 0.30390625 0.0109375 0.015625
0 0.925 0.78046875 0.01015625 0.01484375
1 0.540625 0.8515625 0.00859375 0.009375
1 0.003125 0.43515625 0.00625 0.0109375
1 0.5328125 0.29921875 0.0078125 0.01171875
1 0.4703125 0.8359375 0.00703125 0.0125
1 0.5171875 0.83125 0.00625 0.01171875