2 0.76328125 0.21640625 0.0890625 0.0625
3 0.2296875 0.85625 0.06171875 0.06484375
3 0.78515625 0.85078125 0.05625 0.053125
1 0.37421875 0.45546875 0.0109375 0.01875
3 0.428125 0.5640625 0.10703125 0.1515625
1 0.66796875 0.50703125 0.0109375 0.0203125
2 0.2484375 0.20859375 0.090625 0.05625
1 0.046875 0.42109375 0.0109375 0.0171875
1 0.21015625 0.9203125 0.0140625 0.021875
1 0.7953125 0.61875 0.01328125 0.021875
1 0.29140625 0.48515625 0.0109375 0.01953125
1 0.97421875 0.43125 0.0109375 0.0171875
1 0.4375 0.4453125 0.01015625 0.01875
1 0.27265625 0.45703125 0.01015625 0.01875
3 0.17890625 0.29453125 0.03984375 0.08359375
1 0.97265625 0.528125 0.01328125 0.0203125
4 0.64140625 0.25703125 0.0546875 0.071875
1 0.39765625 0.42734375 0.01015625 0.01796875
1 0.6671875 0.44296875 0.009375 0.01796875
1 0.928125 0.62109375 0.01328125 0.0203125
1 0.190625 0.40625 0.009375 0.0171875
1 0.67109375 0.4796875 0.0109375 0.01875
1 0.83359375 0.446875 0.0109375 0.01796875
1 0.9703125 0.484375 0.01171875 0.01953125
1 0.0671875 0.384375 0.009375 0.015625
1 0.43515625 0.33984375 0.009375 0.015625
4 0.32109375 0.55 0.1125 0.14375
1 0.6296875 0.46171875 0.0109375 0.01875
1 0.10859375 0.34453125 0.009375 0.01640625
1 0.88359375 0.38046875 0.009375 0.01484375
1 0.0984375 0.35546875 0.009375 0.01484375
1 0.99296875 0.46015625 0.0109375 0.01796875
0 0.26796875 0.21953125 0.00859375 0.01484375
0 0.1734375 0.1828125 0.01015625 0.0171875
1 0.24296875 0.60546875 0.01328125 0.02109375
1 0.75625 0.57578125 0.0125 0.02109375
1 0.1578125 0.9328125 0.015625 0.02578125
1 0.90859375 0.584375 0.01328125 0.02265625
1 0.08515625 0.55625 0.01328125 0.021875
1 0.85390625 0.91875 0.0125 0.02109375
1 0.309375 0.38359375 0.01015625 0.01640625
1 0.18359375 0.89921875 0.0109375 0.0171875
1 0.990625 0.40625 0.01171875 0.01640625
1 0.8328125 0.9328125 0.01484375 0.025
1 0.915625 0.56171875 0.0125 0.021875
1 0.49296875 0.34765625 0.009375 0.01640625
1 0.090625 0.5109375 0.0125 0.02109375
1 0.9015625 0.3984375 0.009375 0.01640625
0 0.1828125 0.184375 0.009375 0.01796875
1 0.34140625 0.8890625 0.00859375 0.015625
1 0.740625 0.509375 0.0109375 0.01796875
1 0.53125 0.29453125 0.0078125 0.0140625
1 0.88671875 0.35390625 0.01015625 0.01484375
1 0.3203125 0.36796875 0.00859375 0.01484375
1 0.8140625 0.43984375 0.0109375 0.0171875
1 0.99609375 0.49296875 0.00703125 0.015625
0 0.25859375 0.7375 0.0109375 0.0203125
1 0.72890625 0.50234375 0.01015625 0.01328125
1 0.4484375 0.36484375 0.009375 0.01640625
0 0.24609375 0.79609375 0.00859375 0.01796875
1 0.97265625 0.37265625 0.01015625 0.0171875
1 0.73671875 0.5328125 0.0125 0.01796875
1 0.71875 0.5375 0.01171875 0.01953125
1 0.759375 0.93671875 0.0140625 0.0265625
1 0.14921875 0.909375 0.0109375 0.01875
1 0.8234375 0.86953125 0.0078125 0.0109375
1 0.35078125 0.33984375 0.00859375 0.01328125
1 0.70859375 0.51953125 0.0125 0.0203125
1 0.115625 0.55703125 0.01171875 0.01953125
1 0.74296875 0.96328125 0.02109375 0.0328125
1 0.92890625 0.33984375 0.0078125 0.01328125
1 0.915625 0.35078125 0.009375 0.015625
1 0.9703125 0.3921875 0.00859375 0.01484375
1 0.3265625 0.4171875 0.01015625 0.01640625
1 0.91796875 0.37421875 0.009375 0.015625
1 0.5484375 0.26484375 0.0078125 0.0125
1 0.1421875 0.64609375 0.01328125 0.01796875
1 0.36484375 0.3546875 0.0109375 0.015625
0 0.1890625 0.21171875 0.009375 0.015625
4 0.46015625 0.8421875 0.0359375 0.0375
1 0.2546875 0.615625 0.01015625 0.01328125
1 0.40078125 0.2921875 0.00859375 0.01328125
1 0.3484375 0.35546875 0.01015625 0.01484375
1 0.9484375 0.375 0.0109375 0.01640625
1 0.3171875 0.40234375 0.009375 0.015625
1 0.05390625 0.3421875 0.009375 0.01640625
1 0.88125 0.29453125 0.0078125 0.01328125
1 0.80625 0.42421875 0.0109375 0.01640625
1 0.10703125 0.3265625 0.009375 0.0140625
1 0.86484375 0.89140625 0.0109375 0.015625
1 0.89140625 0.30546875 0.0078125 0.0140625
1 0.1921875 0.875 0.0078125 0.01171875
0 0.1859375 0.13125 0.0109375 0.0171875
1 0.60703125 0.2578125 0.0078125 0.01328125
1 0.73125 0.55390625 0.01171875 0.01953125
1 0.5703125 0.8703125 0.00703125 0.0125
1 0.7734375 0.97265625 0.01953125 0.03515625
1 0.728125 0.51640625 0.01171875 0.0171875
1 0.10078125 0.90078125 0.0109375 0.0203125
1 0.134375 0.275 0.00859375 0.01328125
1 0.85546875 0.27421875 0.009375 0.0125
1 0.4578125 0.8875 0.00703125 0.01171875
1 0.48984375 0.296875 0.009375 0.01484375
1 0.7125 0.5078125 0.0109375 0.01328125
1 0.6640625 0.346875 0.009375 0.01484375
1 0.996875 0.42578125 0.00625 0.01328125
1 0.846875 0.2859375 0.00859375 0.01484375
1 0.66484375 0.89375 0.01171875 0.01875
1 0.98984375 0.37421875 0.009375 0.015625
1 0.6734375 0.35625 0.01015625 0.01484375
1 0.83046875 0.2734375 0.0078125 0.01328125
1 0.48046875 0.89453125 0.00625 0.01015625
1 0.9234375 0.30546875 0.009375 0.01328125
1 0.81328125 0.89765625 0.0109375 0.01875
0 0.17890625 0.10859375 0.00859375 0.01640625
1 0.35234375 0.32734375 0.0078125 0.0109375
0 0.26875 0.709375 0.00859375 0.01640625
1 0.26875 0.865625 0.00546875 0.01015625
1 0.14296875 0.2609375 0.00703125 0.01171875
1 0.8859375 0.9265625 0.01328125 0.0203125
1 0.79921875 0.95234375 0.0171875 0.02890625
1 0.740625 0.5671875 0.01171875 0.01796875
1 0.58359375 0.25703125 0.0078125 0.0125
0 0.18671875 0.05703125 0.0109375 0.0171875
1 0.8546875 0.28828125 0.009375 0.0140625
1 0.89765625 0.321875 0.009375 0.0125
1 0.1578125 0.9078125 0.00859375 0.01484375
1 0.81953125 0.28828125 0.0078125 0.01328125
1 0.84765625 0.88515625 0.01015625 0.015625
1 0.01328125 0.4203125 0.01015625 0.0140625
1 0.4390625 0.25546875 0.00703125 0.01171875
0 0.18671875 0.0796875 0.01171875 0.01640625
1 0.0140625 0.4046875 0.01015625 0.01328125
1 0.99453125 0.47890625 0.00859375 0.0125
1 0.73359375 0.86953125 0.00703125 0.01171875
1 0.3640625 0.8984375 0.0125 0.01875
1 0.78515625 0.94453125 0.0125 0.0203125
0 0.16640625 0.05546875 0.009375 0.01484375
1 0.2765625 0.65 0.009375 0.01015625
1 0.8171875 0.27265625 0.00859375 0.0125
1 0.11640625 0.890625 0.0109375 0.01640625
1 0.1046875 0.27890625 0.0078125 0.01328125
1 0.93203125 0.32578125 0.00859375 0.0125
1 0.02578125 0.34296875 0.0078125 0.01328125
1 0.07109375 0.321875 0.01015625 0.015625
1 0.50234375 0.26015625 0.0078125 0.01171875
1 0.903125 0.93828125 0.0140625 0.021875
1 0.95859375 0.371875 0.0109375 0.01796875
1 0.15859375 0.48203125 0.0109375 0.01640625
1 0.3546875 0.26328125 0.0078125 0.0125
1 0.13125 0.86796875 0.00703125 0.0109375
1 0.63359375 0.98828125 0.015625 0.02109375
1 0.49140625 0.25859375 0.00703125 0.01171875
1 0.1796875 0.884375 0.00625 0.0109375
1 0.13125 0.26328125 0.00859375 0.01328125
1 0.48125 0.25703125 0.0078125 0.0125
1 0.73828125 0.628125 0.01328125 0.01328125
1 0.03125 0.35234375 0.00703125 0.0109375
1 0.3625 0.25859375 0.00859375 0.0140625
1 0.46875 0.2578125 0.0078125 0.0125
1 0.8453125 0.628125 0.0109375 0.01015625
1 0.11953125 0.2640625 0.0078125 0.01328125
1 0.83984375 0.86796875 0.00703125 0.0109375
1 0.759375 0.8671875 0.00546875 0.01015625
1 0.1 0.93203125 0.01015625 0.0125
1 0.46640625 0.87265625 0.00546875 0.01015625
1 0.58203125 0.846875 0.00546875 0.00859375
1 0.078125 0.29453125 0.00859375 0.0140625
1 0.046875 0.353125 0.00703125 0.01171875
1 0.90703125 0.29296875 0.0078125 0.01328125
1 0.7796875 0.64765625 0.00859375 0.00859375
1 0.79765625 0.39140625 0.01015625 0.01171875
1 0.11015625 0.26171875 0.00859375 0.015625
4 0.72734375 0.00390625 0.0640625 0.0078125
4 0.6703125 0.59296875 0.14375 0.14140625