3 0.10703125 0.35 0.0921875 0.0859375
2 0.78046875 0.228125 0.0890625 0.0640625
4 0.978125 0.43125 0.04375 0.09375
4 0.2515625 0.825 0.0671875 0.0671875
4 0.80859375 0.88046875 0.0890625 0.128125
1 0.05078125 0.40859375 0.0109375 0.0171875
1 0.284375 0.453125 0.0109375 0.0203125
1 0.9921875 0.4828125 0.0140625 0.01875
1 0.2953125 0.57109375 0.0140625 0.021875
0 0.25546875 0.17109375 0.009375 0.0171875
1 0.10859375 0.4921875 0.0125 0.0203125
1 0.10859375 0.46796875 0.0109375 0.01875
0 0.9796875 0.18125 0.0140625 0.021875
1 0.653125 0.38828125 0.009375 0.015625
1 0.33125 0.471875 0.0109375 0.01875
1 0.08125 0.415625 0.0109375 0.0171875
1 0.55 0.43203125 0.009375 0.0171875
1 0.37578125 0.446875 0.0109375 0.0171875
1 0.6515625 0.5375 0.0125 0.0171875
1 0.09140625 0.53046875 0.0140625 0.0234375
1 0.66640625 0.35078125 0.009375 0.015625
1 0.50234375 0.38515625 0.009375 0.0171875
1 0.5484375 0.45625 0.0109375 0.01875
1 0.58671875 0.39296875 0.009375 0.015625
1 0.27265625 0.478125 0.0109375 0.0203125
1 0.60859375 0.4515625 0.0109375 0.01875
1 0.87578125 0.93984375 0.0171875 0.028125
1 0.728125 0.45234375 0.0109375 0.0171875
1 0.5265625 0.36953125 0.009375 0.0140625
1 0.084375 0.47734375 0.0125 0.01875
1 0.68828125 0.40078125 0.009375 0.015625
1 0.30078125 0.515625 0.0125 0.0203125
1 0.49765625 0.46015625 0.0109375 0.015625
1 0.06796875 0.4328125 0.0109375 0.01875
1 0.43203125 0.43515625 0.009375 0.01875
1 0.71484375 0.88984375 0.0109375 0.01875
1 0.9 0.440625 0.0109375 0.01875
1 0.5921875 0.53359375 0.0125 0.021875
1 0.584375 0.4359375 0.0109375 0.015625
1 0.88515625 0.390625 0.009375 0.015625
1 0.65859375 0.41328125 0.009375 0.0171875
1 0.19453125 0.8765625 0.0140625 0.021875
1 0.5953125 0.42265625 0.009375 0.015625
1 0.2109375 0.88125 0.0125 0.021875
1 0.32734375 0.890625 0.015625 0.025
1 0.87734375 0.35625 0.009375 0.0140625
1 0.940625 0.41953125 0.0109375 0.0171875
3 0.15859375 0.8296875 0.0671875 0.075
1 0.92734375 0.4359375 0.0109375 0.0140625
1 0.684375 0.52890625 0.0125 0.021875
1 0.33359375 0.5578125 0.0125 0.0234375
1 0.23359375 0.5484375 0.0125 0.0203125
1 0.08515625 0.503125 0.0125 0.0203125
1 0.1140625 0.86953125 0.0125 0.0203125
1 0.17421875 0.90703125 0.015625 0.0265625
1 0.35390625 0.87109375 0.0109375 0.01875
1 0.42265625 0.49140625 0.009375 0.0171875
1 0.91171875 0.34453125 0.009375 0.0125
0 0.25234375 0.18828125 0.0109375 0.01875
1 0.7296875 0.89453125 0.0125 0.0203125
1 0.1890625 0.959375 0.021875 0.0390625
1 0.3890625 0.38984375 0.009375 0.015625
1 0.63515625 0.50625 0.0109375 0.01875
1 0.584375 0.51171875 0.0109375 0.01875
1 0.62890625 0.390625 0.0109375 0.015625
1 0.4328125 0.89609375 0.0125 0.0203125
1 0.31484375 0.53515625 0.0125 0.0203125
1 0.75234375 0.89453125 0.0109375 0.0203125
1 0.45 0.50625 0.0109375 0.021875
1 0.14140625 0.91171875 0.015625 0.025
0 0.99609375 0.26328125 0.0078125 0.0203125
1 0.33046875 0.43125 0.0109375 0.01875
1 0.175 0.35703125 0.009375 0.015625
1 0.9125 0.4015625 0.0109375 0.015625
1 0.928125 0.45 0.0125 0.01875
1 0.6390625 0.37734375 0.0109375 0.015625
1 0.50703125 0.42421875 0.009375 0.0171875
2 0.25546875 0.21640625 0.0953125 0.053125
1 0.02890625 0.409375 0.0109375 0.0171875
1 0.73828125 0.9234375 0.015625 0.0265625
1 0.38359375 0.43515625 0.0109375 0.0171875
1 0.3625 0.42578125 0.0109375 0.0171875
0 0.9609375 0.15859375 0.0140625 0.021875
1 0.5953125 0.35859375 0.009375 0.015625
1 0.9234375 0.390625 0.009375 0.015625
1 0.38046875 0.89453125 0.01875 0.0234375
1 0.53984375 0.44453125 0.0109375 0.0171875
1 0.896875 0.36328125 0.009375 0.015625
1 0.65 0.55625 0.0125 0.021875
1 0.64921875 0.50078125 0.0109375 0.0203125
1 0.48828125 0.31953125 0.0078125 0.0125
0 0.159375 0.08046875 0.0109375 0.01875
1 0.71640625 0.43515625 0.0109375 0.0171875
1 0.07890625 0.865625 0.0125 0.01875
1 0.14296875 0.8796875 0.0171875 0.025
0 0.128125 0.2140625 0.0109375 0.0171875
1 0.84765625 0.33671875 0.0078125 0.0140625
0 0.99453125 0.28984375 0.0109375 0.0203125
1 0.303125 0.60078125 0.0109375 0.0140625
1 0.36484375 0.34140625 0.009375 0.0140625
1 0.35234375 0.36796875 0.009375 0.015625
1 0.39921875 0.34296875 0.009375 0.015625
1 0.378125 0.41328125 0.0109375 0.0171875
0 0.79453125 0.725 0.0140625 0.0234375
1 0.3484375 0.3953125 0.009375 0.015625
1 0.86328125 0.3328125 0.0109375 0.0171875
1 0.6109375 0.32890625 0.0078125 0.0140625
0 0.99609375 0.1765625 0.0078125 0.021875
1 0.3265625 0.39453125 0.009375 0.015625
0 0.99375 0.32578125 0.0125 0.01875
1 0.721875 0.8515625 0.009375 0.0140625
1 0.5328125 0.4171875 0.0109375 0.0171875
1 0.384375 0.3375 0.0078125 0.0125
1 0.0546875 0.9078125 0.0140625 0.025
1 0.56015625 0.32578125 0.0078125 0.0140625
1 0.51953125 0.31875 0.009375 0.0125
1 0.3265625 0.51640625 0.0109375 0.0171875
1 0.26015625 0.5984375 0.0109375 0.0171875
1 0.38203125 0.37734375 0.009375 0.0140625
1 0.40234375 0.3828125 0.009375 0.0140625
1 0.37421875 0.38203125 0.009375 0.0125
1 0.23984375 0.6171875 0.0140625 0.01875
1 0.30234375 0.85859375 0.009375 0.01875
1 0.1484375 0.3171875 0.0078125 0.0125
1 0.63203125 0.32578125 0.0078125 0.0140625
0 0.27890625 0.7734375 0.0109375 0.0171875
1 0.525 0.409375 0.009375 0.0171875
1 0.1625 0.3234375 0.0109375 0.0171875
1 0.33515625 0.60625 0.0109375 0.0171875
1 0.19140625 0.29375 0.0078125 0.0125
1 0.4203125 0.31796875 0.0078125 0.0140625
1 0.53359375 0.34140625 0.009375 0.0140625
1 0.653125 0.32578125 0.0078125 0.0125
1 0.55234375 0.321875 0.0078125 0.0125
1 0.44296875 0.29921875 0.009375 0.0125
1 0.33671875 0.359375 0.0078125 0.0140625
1 0.6015625 0.309375 0.00625 0.0125
1 0.35625 0.40546875 0.009375 0.0171875
1 0.33125 0.5375 0.0125 0.0171875
1 0.75703125 0.99765625 0.0203125 0.0046875
1 0.6609375 0.3203125 0.0078125 0.0125
1 0.05390625 0.86796875 0.0125 0.0203125
1 0.3890625 0.34765625 0.009375 0.0140625
1 0.3578125 0.2984375 0.009375 0.0125
1 0.31484375 0.31484375 0.009375 0.0140625
1 0.41328125 0.3484375 0.0078125 0.0125
0 0.26796875 0.7375 0.009375 0.0171875
1 0.34140625 0.8421875 0.0109375 0.021875
0 0.8 0.75390625 0.0078125 0.0109375
1 0.29140625 0.6421875 0.009375 0.009375
1 0.53125 0.4390625 0.009375 0.015625
1 0.34453125 0.34609375 0.009375 0.01875
1 0.34140625 0.51328125 0.0078125 0.015625
1 0.578125 0.30078125 0.0078125 0.0125
1 0.621875 0.30625 0.0078125 0.0125
1 0.10234375 0.85390625 0.0125 0.0171875
1 0.6453125 0.32421875 0.0078125 0.015625
1 0.990625 0.6609375 0.009375 0.025
1 0.75 0.853125 0.009375 0.0125
1 0.4140625 0.37109375 0.009375 0.0109375
0 0.8109375 0.7546875 0.0078125 0.0125
1 0.490625 0.29453125 0.0078125 0.0125
0 0.17578125 0.0421875 0.0140625 0.01875
1 0.3625 0.39296875 0.009375 0.0109375
0 0.27265625 0.7109375 0.009375 0.015625
1 0.303125 0.634375 0.0109375 0.021875
1 0.28515625 0.60234375 0.0125 0.0171875
1 0.33984375 0.79140625 0.0109375 0.015625
1 0.5609375 0.846875 0.009375 0.0125
1 0.28515625 0.8328125 0.0078125 0.0125
0 0.5828125 0.99140625 0.01875 0.0171875
1 0.4359375 0.84296875 0.009375 0.0125
1 0.221875 0.62734375 0.015625 0.025
1 0.53828125 0.30390625 0.0109375 0.0140625
1 0.171875 0.2984375 0.009375 0.0125
1 0.85546875 0.3125 0.0109375 0.0125
1 0.56484375 0.31015625 0.0078125 0.0109375
1 0.90703125 0.8890625 0.0109375 0.0171875
0 0.2515625 0.14921875 0.009375 0.0125
1 0.44296875 0.853125 0.00625 0.009375
1 0.92265625 0.890625 0.009375 0.015625
1 0.11328125 0.5203125 0.009375 0.0109375
1 0.525 0.3015625 0.0078125 0.0140625
1 0.375 0.3953125 0.009375 0.015625
4 0.19140625 0.35 0.0359375 0.0734375
0 0.25078125 0.23515625 0.0125 0.0140625
0 0.55703125 0.990625 0.0171875 0.01875
1 0.3140625 0.8015625 0.0109375 0.015625
1 0.19765625 0.2953125 0.00625 0.0140625
1 0.665625 0.8390625 0.00625 0.0109375
1 0.3359375 0.39453125 0.009375 0.015625
1 0.553125 0.853125 0.00625 0.009375
1 0.9046875 0.3171875 0.0109375 0.0140625
1 0.5421875 0.4828125 0.0078125 0.0125
1 0.909375 0.86328125 0.0109375 0.0140625
1 0.4578125 0.2953125 0.009375 0.0125
1 0.55859375 0.82109375 0.00625 0.009375
1 0.9234375 0.32890625 0.0078125 0.0140625
1 0.08046875 0.88984375 0.0078125 0.0109375
0 1 0.1142616765625 0.9949166343750001 0.11703905156250001 0.9946258046875001 0.1253673078125 0.999165034375 0.129695028125 1 0.128727178125 1 0.1142616765625