2 0.7703125 0.2203125 0.0859375 0.0578125
4 0.5578125 0.2875 0.059375 0.0703125
3 0.146875 0.3453125 0.071875 0.0828125
3 0.1828125 0.83828125 0.059375 0.0609375
4 0.80625 0.87578125 0.11875 0.1265625
3 0.7140625 0.85 0.071875 0.0890625
4 0.29921875 0.853125 0.08125 0.08125
1 0.11015625 0.50546875 0.0125 0.01875
1 0.61953125 0.43203125 0.009375 0.0171875
4 0.1625 0.41171875 0.0671875 0.0875
1 0.48515625 0.4203125 0.009375 0.015625
1 0.93671875 0.41875 0.009375 0.015625
1 0.0484375 0.42421875 0.009375 0.015625
1 0.64921875 0.4953125 0.0125 0.0203125
1 0.575 0.453125 0.0109375 0.01875
1 0.28515625 0.47890625 0.0109375 0.015625
1 0.6765625 0.51796875 0.0125 0.021875
1 0.69375 0.57890625 0.0140625 0.0234375
1 0.3046875 0.49453125 0.0109375 0.01875
1 0.54765625 0.4375 0.0109375 0.01875
1 0.33046875 0.478125 0.009375 0.01875
3 0.8859375 0.40078125 0.0734375 0.1015625
4 0.97734375 0.41875 0.0453125 0.109375
1 0.30078125 0.53359375 0.0125 0.01875
1 0.684375 0.39453125 0.009375 0.015625
1 0.22421875 0.8921875 0.0125 0.021875
1 0.7265625 0.44453125 0.009375 0.0171875
1 0.6265625 0.54296875 0.0125 0.0234375
1 0.19375 0.4609375 0.009375 0.01875
1 0.6609375 0.34375 0.0078125 0.0140625
1 0.646875 0.41875 0.009375 0.0125
1 0.71171875 0.52890625 0.0125 0.021875
1 0.471875 0.459375 0.009375 0.01875
1 0.44765625 0.50078125 0.0125 0.021875
1 0.4234375 0.8828125 0.009375 0.0171875
1 0.46328125 0.41875 0.009375 0.015625
2 0.24921875 0.22578125 0.09375 0.05
1 0.5578125 0.49453125 0.0109375 0.01875
1 0.33125 0.434375 0.009375 0.0171875
1 0.115625 0.9296875 0.015625 0.028125
1 0.67734375 0.43203125 0.009375 0.0171875
1 0.55546875 0.32421875 0.0078125 0.0125
1 0.8515625 0.3734375 0.0109375 0.0171875
1 0.059375 0.3796875 0.009375 0.015625
1 0.1890625 0.9375 0.0171875 0.03125
1 0.446875 0.89921875 0.0125 0.01875
1 0.09296875 0.54453125 0.0140625 0.021875
1 0.375 0.87890625 0.0109375 0.01875
1 0.4296875 0.4375 0.009375 0.01875
1 0.56640625 0.42421875 0.009375 0.0171875
1 0.66953125 0.3921875 0.009375 0.015625
1 0.18671875 0.5734375 0.0125 0.025
1 0.20546875 0.9703125 0.021875 0.0375
1 0.45546875 0.44921875 0.0109375 0.01875
1 0.440625 0.40390625 0.00625 0.015625
1 0.1421875 0.9 0.0125 0.021875
1 0.54609375 0.40703125 0.009375 0.015625
1 0.83203125 0.40546875 0.009375 0.015625
1 0.65078125 0.55 0.0125 0.021875
1 0.1515625 0.58125 0.0125 0.01875
1 0.64921875 0.38203125 0.009375 0.0125
1 0.6171875 0.3515625 0.0078125 0.0140625
1 0.58984375 0.421875 0.009375 0.015625
1 0.56796875 0.5375 0.0125 0.01875
1 0.36875 0.36953125 0.009375 0.0125
1 0.3671875 0.39765625 0.009375 0.015625
1 0.6171875 0.39140625 0.009375 0.0140625
1 0.83203125 0.33828125 0.0078125 0.0125
1 0.6671875 0.409375 0.009375 0.0171875
1 0.371875 0.9 0.0140625 0.015625
1 0.49296875 0.38828125 0.009375 0.015625
1 0.39453125 0.86953125 0.009375 0.015625
1 0.10859375 0.48359375 0.0125 0.0203125
1 0.53359375 0.4359375 0.0125 0.01875
1 0.078125 0.4296875 0.009375 0.015625
1 0.315625 0.4609375 0.0125 0.01875
1 0.065625 0.44765625 0.009375 0.0171875
1 0.028125 0.390625 0.009375 0.015625
1 0.84140625 0.3171875 0.00625 0.0125
1 0.378125 0.38828125 0.009375 0.015625
1 0.85546875 0.3203125 0.0078125 0.0125
1 0.66953125 0.865625 0.009375 0.015625
0 0.2859375 0.1890625 0.009375 0.0171875
1 0.39765625 0.89921875 0.015625 0.01875
1 0.69140625 0.34453125 0.009375 0.015625
1 0.5203125 0.38125 0.009375 0.015625
1 0.53671875 0.4 0.009375 0.0140625
1 0.115625 0.8875 0.0125 0.0203125
1 0.7015625 0.54609375 0.0125 0.021875
1 0.6859375 0.5609375 0.0125 0.01875
1 0.88984375 0.346875 0.0078125 0.0140625
1 0.06484375 0.93828125 0.0171875 0.028125
1 0.62578125 0.38671875 0.009375 0.015625
1 0.3 0.45859375 0.009375 0.01875
1 0.33984375 0.4 0.009375 0.015625
1 0.3140625 0.43984375 0.0125 0.0171875
1 0.815625 0.41015625 0.00625 0.015625
1 0.875 0.33359375 0.009375 0.0125
1 0.5140625 0.43671875 0.009375 0.0171875
1 0.5171875 0.3984375 0.009375 0.0140625
1 0.6546875 0.30703125 0.00625 0.0125
1 0.3578125 0.8921875 0.0125 0.01875
1 0.34765625 0.63984375 0.0140625 0.025
1 0.64765625 0.31796875 0.0078125 0.0125
1 0.7140625 0.42734375 0.009375 0.0171875
1 0.1875 0.88125 0.009375 0.0171875
1 0.3453125 0.90390625 0.0125 0.0125
1 0.54140625 0.32578125 0.0078125 0.0125
1 0.384375 0.33359375 0.009375 0.0109375
1 0.6421875 0.4015625 0.009375 0.015625
1 0.08515625 0.51796875 0.0125 0.0203125
1 0.60234375 0.36484375 0.009375 0.015625
1 0.55 0.48515625 0.009375 0.0171875
1 0.196875 0.428125 0.0109375 0.015625
1 0.66484375 0.59765625 0.009375 0.0125
1 0.22265625 0.8484375 0.00625 0.0125
1 0.421875 0.48359375 0.0078125 0.015625
1 0.32421875 0.4015625 0.009375 0.015625
1 0.15625 0.8828125 0.00625 0.0125
1 0.390625 0.3140625 0.00625 0.0125
1 0.05703125 0.4453125 0.009375 0.015625
1 0.1890625 0.30703125 0.0078125 0.015625
1 0.63515625 0.371875 0.0109375 0.015625
1 0.1 0.865625 0.0125 0.01875
1 0.528125 0.33984375 0.009375 0.0140625
1 0.51953125 0.41484375 0.009375 0.0125
1 0.328125 0.353125 0.009375 0.015625
1 0.1796875 0.3046875 0.00625 0.0125
1 0.34609375 0.33359375 0.0078125 0.0109375
1 0.92109375 0.37578125 0.00625 0.0125
1 0.61484375 0.30234375 0.00625 0.0125
1 0.07734375 0.5046875 0.009375 0.0140625
1 0.20859375 0.89140625 0.015625 0.0203125
1 0.5171875 0.9046875 0.0078125 0.0125
1 0.41640625 0.3703125 0.009375 0.0125
1 0.0671875 0.43203125 0.009375 0.0125
1 0.30859375 0.4265625 0.009375 0.0125
1 0.775 0.9921875 0.0203125 0.0140625
1 0.62890625 0.58046875 0.00625 0.0125
1 0.56015625 0.5453125 0.009375 0.0125
1 0.34296875 0.35078125 0.0109375 0.0140625
1 0.53984375 0.3765625 0.009375 0.0140625
1 0.5109375 0.3875 0.009375 0.015625
1 0.40546875 0.3046875 0.00625 0.0125
0 0.2921875 0.7359375 0.009375 0.015625
1 0.42734375 0.84921875 0.009375 0.009375
1 0.6234375 0.31953125 0.0109375 0.0125
1 0.28046875 0.4609375 0.0078125 0.0125
1 0.8796875 0.83984375 0.009375 0.0140625
1 0.4359375 0.296875 0.0078125 0.0109375
1 0.365625 0.34921875 0.009375 0.0125
1 0.56640625 0.85 0.00625 0.009375
1 0.171875 0.64296875 0.0125 0.01875
1 0.296875 0.64921875 0.0078125 0.009375
1 0.44140625 0.85234375 0.00625 0.009375
1 0.53828125 0.84609375 0.0078125 0.0125
1 0.42421875 0.31640625 0.00625 0.0109375
0 0.634375 0.9890625 0.021875 0.01875
1 0.41875 0.30390625 0.00625 0.0125
1 0.084375 0.86875 0.009375 0.015625
1 0.596875 0.30390625 0.009375 0.0125
1 0.5625 0.8359375 0.00625 0.0125
1 0.89921875 0.99296875 0.0125 0.0125
1 0.34140625 0.890625 0.0125 0.015625
1 0.93671875 0.4 0.009375 0.0125
1 0.003125 0.45234375 0.00625 0.0125
1 0.915625 0.3265625 0.009375 0.0125
1 0.09140625 0.346875 0.009375 0.0125
1 0.853125 0.30703125 0.00625 0.009375
1 0.62578125 0.303125 0.009375 0.0125
1 0.45234375 0.853125 0.0078125 0.009375
1 0.8796875 0.3515625 0.00625 0.009375
1 0.1140625 0.53359375 0.009375 0.0125
1 0.48984375 0.3 0.009375 0.0140625
1 0.15234375 0.6421875 0.0125 0.021875
1 0.29453125 0.3375 0.009375 0.015625
1 0.97265625 0.95859375 0.0125 0.0234375
0 0.5546875 0.9890625 0.01875 0.01875
1 0.92265625 0.84765625 0.009375 0.015625
1 0.003125 0.4328125 0.00625 0.0125
1 0.07265625 0.35 0.009375 0.0125
1 0.3109375 0.64140625 0.0109375 0.021875
0 0.71953125 0.2875 0.009375 0.015625
1 0.571875 0.84140625 0.0078125 0.0140625
1 0.9234375 0.3203125 0.009375 0.0140625
1 0.9359375 0.87578125 0.009375 0.015625
1 0.2359375 0.590625 0.0078125 0.0109375
1 0.05390625 0.98515625 0.01875 0.0296875
1 0.57109375 0.83125 0.00625 0.009375
1 0.42734375 0.359375 0.009375 0.0125
1 0.91953125 0.8734375 0.009375 0.015625
1 0.3421875 0.3890625 0.009375 0.0125
1 0.2953125 0.32265625 0.009375 0.0140625
1 0.4421875 0.8375 0.00625 0.0109375