1 0.603125 0.48671875 0.015625 0.0203125
3 0.88046875 0.834375 0.0984375 0.1015625
1 0.18984375 0.60625 0.01875 0.021875
1 0.1125 0.6 0.0171875 0.0234375
1 0.69375 0.47578125 0.015625 0.021875
1 0.4453125 0.43203125 0.0140625 0.01875
1 0.36640625 0.4796875 0.015625 0.01875
1 0.15859375 0.59453125 0.0171875 0.021875
4 0.3 0.84140625 0.08125 0.071875
1 0.51015625 0.421875 0.0140625 0.015625
1 0.74609375 0.56484375 0.015625 0.0171875
1 0.9265625 0.4484375 0.015625 0.01875
1 0.6875 0.40390625 0.0140625 0.0171875
1 0.30078125 0.48359375 0.015625 0.0203125
4 0.45625 0.85078125 0.0859375 0.11875
1 0.62265625 0.8828125 0.015625 0.0203125
0 0.1453125 0.2171875 0.015625 0.01875
2 0.73203125 0.20859375 0.0984375 0.053125
0 0.12109375 0.16796875 0.0171875 0.0234375
1 0.5359375 0.52734375 0.015625 0.0234375
1 0.60703125 0.375 0.0125 0.015625
1 0.81640625 0.54453125 0.0171875 0.025
1 0.7296875 0.48359375 0.015625 0.021875
1 0.41796875 0.4296875 0.0140625 0.0171875
1 0.303125 0.8703125 0.0140625 0.015625
1 0.54140625 0.56640625 0.0171875 0.0234375
1 0.2703125 0.565625 0.0171875 0.0234375
1 0.38359375 0.440625 0.015625 0.0171875
1 0.3625 0.55625 0.0171875 0.0234375
1 0.27265625 0.51328125 0.015625 0.01875
1 0.54765625 0.44375 0.015625 0.01875
1 0.13125 0.35390625 0.0125 0.0140625
2 0.209375 0.24296875 0.09375 0.065625
1 0.24609375 0.55859375 0.015625 0.021875
1 0.715625 0.55390625 0.01875 0.025
1 0.7296875 0.540625 0.0171875 0.021875
1 0.59453125 0.878125 0.0140625 0.01875
1 0.9265625 0.42734375 0.015625 0.015625
1 0.534375 0.4390625 0.0140625 0.01875
1 0.03359375 0.425 0.015625 0.0171875
1 0.5453125 0.421875 0.015625 0.0171875
1 0.41015625 0.3953125 0.0140625 0.015625
1 0.6421875 0.87734375 0.0140625 0.021875
1 0.62109375 0.36484375 0.0125 0.015625
1 0.2984375 0.38125 0.015625 0.01875
1 0.43203125 0.3609375 0.0125 0.015625
1 0.50859375 0.43828125 0.015625 0.0171875
1 0.93359375 0.3984375 0.015625 0.0171875
1 0.39921875 0.45390625 0.0140625 0.01875
1 0.44921875 0.378125 0.0125 0.0171875
1 0.87421875 0.9375 0.0265625 0.0375
1 0.36015625 0.41484375 0.0140625 0.015625
1 0.01875 0.4390625 0.015625 0.0171875
1 0.28203125 0.37265625 0.0140625 0.0171875
0 0.14609375 0.1875 0.015625 0.0203125
1 0.0640625 0.59453125 0.01875 0.021875
1 0.484375 0.43515625 0.015625 0.01875
1 0.171875 0.9328125 0.0203125 0.028125
1 0.16015625 0.43984375 0.0171875 0.0234375
1 0.44296875 0.328125 0.0125 0.0140625
1 0.2703125 0.54375 0.0171875 0.01875
1 0.2859375 0.51328125 0.0171875 0.0203125
1 0.32578125 0.5015625 0.015625 0.0203125
0 0.21328125 0.24375 0.0140625 0.0140625
1 0.94375 0.61484375 0.01875 0.021875
1 0.80390625 0.87890625 0.01875 0.0265625
1 0.64375 0.3109375 0.0109375 0.0140625
1 0.64140625 0.37890625 0.0125 0.015625
1 0.34375 0.43984375 0.015625 0.0171875
1 0.77578125 0.61015625 0.01875 0.025
1 0.8046875 0.37578125 0.0140625 0.0171875
1 0.4796875 0.32265625 0.0125 0.0125
0 0.15390625 0.20078125 0.015625 0.0171875
1 0.4703125 0.3375 0.0125 0.015625
1 0.29453125 0.36015625 0.0125 0.015625
1 0.58046875 0.44453125 0.015625 0.01875
1 0.3546875 0.32421875 0.0125 0.0140625
1 0.8015625 0.284375 0.0125 0.0140625
1 0.6453125 0.859375 0.0125 0.0140625
1 0.50234375 0.31875 0.0125 0.0140625
1 0.85625 0.3328125 0.0140625 0.015625
1 0.91015625 0.37109375 0.0140625 0.015625
1 0.28671875 0.33203125 0.0140625 0.015625
1 0.17421875 0.9078125 0.0125 0.0171875
1 0.2875 0.49453125 0.015625 0.0171875
1 0.628125 0.32109375 0.0125 0.0140625
1 0.85078125 0.87578125 0.0171875 0.0234375
1 0.78984375 0.40703125 0.0109375 0.015625
1 0.83515625 0.315625 0.0140625 0.015625
1 0.94921875 0.9625 0.01875 0.0140625
1 0.375 0.42890625 0.0140625 0.0140625
1 0.609375 0.4140625 0.0140625 0.0171875
1 0.38046875 0.409375 0.0140625 0.0140625
1 0.14140625 0.9234375 0.0171875 0.021875
1 0.29921875 0.4203125 0.0140625 0.015625
1 0.3515625 0.40390625 0.0125 0.0140625
1 0.00625 0.43515625 0.0125 0.0171875
1 0.9234375 0.89765625 0.021875 0.034375
1 0.596875 0.47109375 0.0140625 0.01875
1 0.53125 0.3984375 0.015625 0.0171875
1 0.35625 0.3546875 0.0125 0.0140625
1 0.82265625 0.85546875 0.0140625 0.015625
1 0.3546875 0.4421875 0.0140625 0.0171875
1 0.66015625 0.34765625 0.0125 0.0140625
1 0.38828125 0.41640625 0.0125 0.015625
1 0.00234375 0.409375 0.0046875 0.015625
1 0.19921875 0.64609375 0.01875 0.025
1 0.41171875 0.45234375 0.015625 0.0171875
1 0.9484375 0.4703125 0.0171875 0.0203125
1 0.065625 0.35859375 0.015625 0.0140625
1 0.10703125 0.35234375 0.0125 0.0140625
1 0.14453125 0.90625 0.0140625 0.0140625
1 0.56171875 0.8859375 0.015625 0.0203125
1 0.728125 0.59140625 0.0140625 0.0140625
1 0.34921875 0.41953125 0.0140625 0.0171875
1 0.4203125 0.31484375 0.0125 0.0140625
1 0.1421875 0.65625 0.0171875 0.0171875
1 0.41640625 0.37265625 0.0140625 0.015625
1 0.91953125 0.3734375 0.0140625 0.0140625
1 0.1734375 0.87578125 0.0109375 0.0125
1 0.49140625 0.30703125 0.0125 0.0140625
1 0.15703125 0.90390625 0.0109375 0.0125
1 0.15390625 0.61796875 0.0125 0.0140625
0 0.4734375 0.76953125 0.015625 0.0203125
1 0.3640625 0.36015625 0.0125 0.0140625
1 0.5640625 0.3390625 0.0125 0.0140625
1 0.328125 0.41171875 0.0140625 0.015625
0 0.196875 0.2859375 0.015625 0.0171875
1 0.90546875 0.94296875 0.0265625 0.0390625
1 0.23046875 0.8640625 0.0125 0.0125
1 0.90859375 0.35 0.0171875 0.015625
1 0.50390625 0.3 0.0109375 0.0125
1 0.546875 0.89453125 0.015625 0.0203125
1 0.20234375 0.86953125 0.0109375 0.0109375
1 0.7890625 0.8296875 0.0109375 0.0125
1 0.27734375 0.3453125 0.0125 0.0140625
1 0.55390625 0.840625 0.0109375 0.0125
1 0.54375 0.40234375 0.015625 0.015625
1 0.39609375 0.30859375 0.0125 0.0140625
1 0.93984375 0.41796875 0.015625 0.0171875
1 0.278125 0.86484375 0.0140625 0.015625
1 0.975 0.615625 0.015625 0.01875
1 0.9453125 0.40625 0.0140625 0.015625
1 0.1171875 0.96796875 0.0203125 0.021875
1 0.9328125 0.37421875 0.0140625 0.015625
1 0.859375 0.3171875 0.0140625 0.0125
1 0.15 0.60546875 0.015625 0.015625
4 0.715625 0.871875 0.1359375 0.134375
1 0.084375 0.94765625 0.01875 0.025
1 0.87265625 0.3234375 0.0125 0.0140625
1 0.25078125 0.8578125 0.0125 0.0109375
1 0.92578125 0.959375 0.021875 0.021875
1 0.06875 0.37734375 0.015625 0.015625
1 0.41328125 0.33046875 0.0125 0.0140625
1 0.30703125 0.40078125 0.015625 0.01875
1 0.6015625 0.62578125 0.0171875 0.028125
1 0.16328125 0.6671875 0.0171875 0.015625
1 0.65859375 0.33671875 0.0109375 0.0109375
1 0.81875 0.8359375 0.0125 0.0140625
1 0.91171875 0.62109375 0.0140625 0.0125
1 0.5421875 0.61015625 0.015625 0.0140625
1 0.05859375 0.37265625 0.0140625 0.015625
1 0.8375 0.28203125 0.0125 0.0140625
1 0.82421875 0.2890625 0.0125 0.0125
1 0.34375 0.3078125 0.0109375 0.0109375
1 0.240625 0.85859375 0.0109375 0.0109375
1 0.9375 0.4515625 0.0140625 0.0140625
1 0.0046875 0.54375 0.009375 0.015625
1 0.478125 0.296875 0.0140625 0.0125
1 0.6703125 0.88046875 0.0171875 0.0203125
1 0.09765625 0.33046875 0.0125 0.0140625
1 0.8359375 0.61953125 0.0171875 0.021875
3 0.77578125 0.8109375 0.0328125 0.040625
1 0.73828125 0.98046875 0.01875 0.009375
1 0.5984375 0.2890625 0.0140625 0.0125
1 0.94296875 0.43125 0.0125 0.0125
1 0.82734375 0.83203125 0.0125 0.0140625
1 0.0796875 0.3546875 0.0140625 0.0140625
1 0.88203125 0.32265625 0.0125 0.0140625
1 0.08046875 0.37734375 0.015625 0.0140625
1 0.4953125 0.29609375 0.0109375 0.0125
1 0.36796875 0.3046875 0.0109375 0.0125
1 0.359375 0.30625 0.0109375 0.0125
1 0.84765625 0.30546875 0.015625 0.0125
1 0.1140625 0.95078125 0.015625 0.0171875
1 0.4078125 0.30625 0.0109375 0.0125
1 0.1 0.93671875 0.015625 0.015625
1 0.1203125 0.88671875 0.0125 0.0140625
4 0.97109375 0.42265625 0.05625 0.075
1 0.803125 0.8625 0.0140625 0.0109375
1 0.40546875 0.440625 0.015625 0.0140625