0 0.225 0.2203125 0.0171875 0.015625
4 0.44296875 0.53671875 0.1109375 0.121875
2 0.78359375 0.23515625 0.096875 0.0625
1 0.17265625 0.38515625 0.01875 0.0171875
1 0.40546875 0.46015625 0.0203125 0.0203125
1 0.3234375 0.43359375 0.0203125 0.0171875
1 0.3015625 0.50546875 0.0234375 0.0203125
0 0.2265625 0.146875 0.0171875 0.0140625
4 0.85390625 0.8984375 0.1296875 0.13125
1 0.37109375 0.446875 0.0203125 0.01875
1 0.30546875 0.44296875 0.0203125 0.0171875
3 0.16796875 0.80546875 0.065625 0.0546875
0 0.225 0.17109375 0.0171875 0.0140625
0 0.2296875 0.12578125 0.0171875 0.0140625
1 0.12109375 0.36328125 0.01875 0.015625
3 0.9625 0.44921875 0.075 0.0953125
1 0.3359375 0.44921875 0.021875 0.01875
2 0.265625 0.21484375 0.1 0.0453125
1 0.93046875 0.3734375 0.01875 0.015625
1 0.60859375 0.9 0.0234375 0.025
1 0.296875 0.4296875 0.0203125 0.0171875
1 0.65703125 0.8859375 0.021875 0.0203125
1 0.26953125 0.53984375 0.021875 0.0234375
1 0.03984375 0.54453125 0.025 0.0234375
1 0.67578125 0.5875 0.025 0.0265625
1 0.3375 0.56640625 0.025 0.0234375
1 0.334375 0.4953125 0.021875 0.021875
1 0.2890625 0.46796875 0.0203125 0.01875
1 0.4640625 0.36640625 0.01875 0.015625
1 0.35234375 0.48125 0.021875 0.0203125
1 0.86953125 0.4546875 0.021875 0.01875
1 0.1859375 0.36640625 0.0171875 0.015625
1 0.35 0.415625 0.01875 0.015625
1 0.53828125 0.403125 0.01875 0.015625
1 0.3265625 0.47265625 0.021875 0.01875
1 0.8640625 0.3171875 0.0171875 0.0125
1 0.1140625 0.4453125 0.021875 0.01875
1 0.33203125 0.896875 0.0203125 0.0125
1 0.82109375 0.6609375 0.0203125 0.0171875
1 0.34609375 0.4296875 0.0203125 0.0171875
1 0.5265625 0.90546875 0.021875 0.0140625
1 0.12265625 0.88125 0.025 0.0234375
1 0.45703125 0.6140625 0.0234375 0.021875
1 0.38125 0.4328125 0.0203125 0.0171875
1 0.6046875 0.440625 0.0203125 0.0171875
1 0.4046875 0.34921875 0.0171875 0.0140625
1 0.10859375 0.4046875 0.021875 0.0171875
1 0.37109375 0.35859375 0.015625 0.009375
1 0.503125 0.4265625 0.0203125 0.0171875
1 0.54609375 0.39375 0.01875 0.0171875
1 0.08515625 0.62578125 0.021875 0.0125
1 0.37265625 0.36171875 0.01875 0.015625
1 0.05 0.3953125 0.021875 0.0171875
1 0.959375 0.396875 0.0171875 0.0140625
1 0.18125 0.553125 0.025 0.0234375
1 0.0625 0.53828125 0.0234375 0.021875
1 0.25390625 0.51015625 0.021875 0.0203125
1 0.246875 0.8578125 0.01875 0.0140625
1 0.32421875 0.41640625 0.01875 0.015625
1 0.36171875 0.3421875 0.0171875 0.0140625
1 0.36015625 0.38984375 0.0203125 0.0171875
1 0.89140625 0.32109375 0.01875 0.0125
1 0.92890625 0.94453125 0.0234375 0.0171875
1 0.23203125 0.55 0.021875 0.021875
1 0.2984375 0.85390625 0.0171875 0.0140625
1 0.05703125 0.43671875 0.021875 0.01875
3 0.75703125 0.88125 0.09375 0.10625
1 0.525 0.40078125 0.0203125 0.015625
1 0.49140625 0.58125 0.025 0.0234375
1 0.66484375 0.86484375 0.0171875 0.0140625
1 0.353125 0.54921875 0.0234375 0.0234375
1 0.52421875 0.45625 0.0203125 0.01875
1 0.1046875 0.90625 0.0265625 0.028125
1 0.10703125 0.428125 0.0234375 0.01875
1 0.2546875 0.61328125 0.025 0.0234375
1 0.0984375 0.4015625 0.0203125 0.015625
1 0.24375 0.5625 0.0234375 0.021875
1 0.6453125 0.39375 0.0203125 0.0171875
1 0.3015625 0.88046875 0.021875 0.021875
1 0.0765625 0.8765625 0.025 0.021875
1 0.20625 0.86640625 0.021875 0.01875
1 0.15859375 0.30234375 0.015625 0.0125
1 0.0953125 0.8765625 0.0234375 0.01875
1 0.12109375 0.85859375 0.021875 0.0171875
1 0.05078125 0.490625 0.0234375 0.0203125
1 0.07890625 0.40078125 0.0203125 0.0140625
1 0.21953125 0.88515625 0.025 0.021875
1 0.2765625 0.634375 0.0234375 0.0140625
1 0.3140625 0.85546875 0.0234375 0.0171875
1 0.0796875 0.5265625 0.0234375 0.021875
1 0.2546875 0.63671875 0.0203125 0.009375
1 0.25546875 0.87578125 0.021875 0.01875
1 0.64609375 0.86640625 0.01875 0.015625
1 0.1890625 0.86484375 0.0203125 0.01875
1 0.13203125 0.55234375 0.0234375 0.0234375
1 0.16484375 0.93984375 0.0328125 0.0390625
1 0.02421875 0.4609375 0.0203125 0.0125
1 0.11640625 0.4484375 0.0203125 0.0171875
1 0.7234375 0.85546875 0.0125 0.00625
1 0.89140625 0.34453125 0.0171875 0.0125
0 0.17265625 0.76484375 0.0203125 0.0140625
1 0.4328125 0.9 0.0234375 0.0171875
1 0.034375 0.90859375 0.028125 0.03125
1 0.63359375 0.43203125 0.0203125 0.01875
1 0.31171875 0.87734375 0.0203125 0.0203125
1 0.609375 0.31015625 0.01875 0.0125
1 0.5515625 0.50546875 0.0203125 0.0203125
1 0.3125 0.56484375 0.0234375 0.021875
1 0.1453125 0.3015625 0.01875 0.0109375
1 0.08828125 0.38046875 0.01875 0.01875
1 0.13984375 0.86171875 0.021875 0.01875
1 0.2234375 0.82421875 0.015625 0.0109375
1 0.25 0.54375 0.021875 0.0140625
1 0.90078125 0.32578125 0.01875 0.015625
1 0.23828125 0.90546875 0.0265625 0.0296875
1 0.5265625 0.5484375 0.01875 0.0140625
1 0.06328125 0.62421875 0.0203125 0.0125
1 0.35546875 0.29296875 0.01875 0.0125
3 0.7078125 0.46484375 0.121875 0.134375