3 0.18359375 0.85390625 0.0578125 0.0734375
3 0.096875 0.32265625 0.0890625 0.0890625
3 0.421875 0.57578125 0.1109375 0.1484375
4 0.921875 0.46328125 0.0984375 0.1109375
2 0.253125 0.20390625 0.1015625 0.0625
1 0.621875 0.39453125 0.0171875 0.0203125
1 0.609375 0.49453125 0.0203125 0.0234375
1 0.73203125 0.534375 0.0203125 0.025
0 0.78828125 0.175 0.01875 0.021875
1 0.16640625 0.55703125 0.021875 0.0265625
1 0.671875 0.446875 0.01875 0.021875
1 0.98984375 0.5 0.0203125 0.021875
1 0.40078125 0.34140625 0.0171875 0.01875
1 0.39609375 0.40703125 0.0171875 0.021875
1 0.67265625 0.475 0.01875 0.0234375
1 0.19453125 0.57890625 0.0203125 0.025
1 0.62421875 0.35859375 0.0171875 0.01875
1 0.87734375 0.52265625 0.01875 0.0234375
1 0.0484375 0.41328125 0.01875 0.0203125
0 0.77421875 0.17578125 0.01875 0.021875
1 0.203125 0.91484375 0.0203125 0.025
1 0.68203125 0.53203125 0.0203125 0.025
1 0.1921875 0.40078125 0.0171875 0.0203125
1 0.63203125 0.56328125 0.0203125 0.025
1 0.896875 0.38515625 0.0171875 0.01875
1 0.68359375 0.5609375 0.0203125 0.025
0 0.8140625 0.16171875 0.01875 0.0234375
1 0.63359375 0.5109375 0.0203125 0.0234375
1 0.6046875 0.39375 0.0171875 0.0203125
0 0.87578125 0.1921875 0.021875 0.028125
1 0.70234375 0.490625 0.0203125 0.0234375
1 0.70078125 0.40703125 0.0171875 0.0203125
1 0.27421875 0.48359375 0.01875 0.021875
1 0.8140625 0.93046875 0.021875 0.0265625
1 0.9875 0.43515625 0.01875 0.021875
0 0.890625 0.228125 0.0203125 0.025
1 0.5015625 0.3421875 0.0171875 0.01875
1 0.653125 0.57890625 0.021875 0.025
1 0.65 0.61796875 0.021875 0.021875
1 0.8609375 0.3296875 0.0171875 0.0171875
1 0.95 0.3796875 0.01875 0.0203125
1 0.09140625 0.94296875 0.0265625 0.034375
0 0.875 0.16796875 0.0203125 0.025
0 0.27265625 0.215625 0.0171875 0.01875
0 0.9390625 0.13046875 0.025 0.028125
1 0.71640625 0.40859375 0.01875 0.0203125
0 0.81484375 0.18515625 0.01875 0.01875
1 0.16328125 0.3109375 0.015625 0.0171875
1 0.64609375 0.48359375 0.01875 0.021875
1 0.64765625 0.35859375 0.0171875 0.01875
2 0.76484375 0.22109375 0.09375 0.06875
1 0.871875 0.92265625 0.0203125 0.0234375
0 0.815625 0.11015625 0.0203125 0.0234375
1 0.66328125 0.371875 0.0171875 0.0171875
1 0.97265625 0.45703125 0.01875 0.021875
1 0.84609375 0.58828125 0.0203125 0.025
1 0.1515625 0.290625 0.0171875 0.0171875
1 0.01171875 0.38515625 0.01875 0.0203125
1 0.42734375 0.29453125 0.015625 0.01875
1 0.03359375 0.390625 0.01875 0.0203125
1 0.653125 0.52578125 0.0203125 0.021875
1 0.4421875 0.34140625 0.0171875 0.01875
1 0.66171875 0.546875 0.0203125 0.0234375
1 0.38828125 0.29296875 0.0171875 0.0171875
0 0.815625 0.240625 0.0171875 0.0203125
1 0.09296875 0.37109375 0.0171875 0.0203125
1 0.8140625 0.43203125 0.01875 0.0203125
1 0.5640625 0.2890625 0.0171875 0.0171875
0 0.94453125 0.21328125 0.025 0.0328125
1 0.17578125 0.26171875 0.015625 0.015625
1 0.6578125 0.4859375 0.0203125 0.021875
0 0.8 0.15703125 0.0203125 0.025
1 0.69765625 0.2984375 0.0171875 0.01875
1 0.334375 0.8859375 0.0171875 0.01875
1 0.2671875 0.5328125 0.0203125 0.021875
1 0.37109375 0.33125 0.015625 0.0171875
4 0.6984375 0.88984375 0.1125 0.11875
1 0.53125 0.32421875 0.0171875 0.01875
0 0.690625 0.7109375 0.01875 0.0234375
1 0.34453125 0.29296875 0.015625 0.0171875
1 0.92421875 0.36171875 0.0171875 0.0171875
1 0.33671875 0.3671875 0.0171875 0.0171875
1 0.675 0.325 0.015625 0.0171875
1 0.39609375 0.2765625 0.015625 0.015625
1 0.67109375 0.3453125 0.015625 0.0171875
1 0.2453125 0.53671875 0.01875 0.021875
1 0.68671875 0.40625 0.01875 0.01875
1 0.5796875 0.2921875 0.015625 0.0171875
1 0.5625 0.275 0.015625 0.0171875
1 0.83828125 0.30625 0.015625 0.0171875
1 0.70859375 0.328125 0.015625 0.01875
1 0.06328125 0.390625 0.01875 0.021875
1 0.06875 0.37578125 0.0171875 0.0171875
1 0.79375 0.5828125 0.0203125 0.0171875
1 0.37578125 0.28515625 0.0171875 0.0171875
0 0.9203125 0.18359375 0.0234375 0.0296875
0 0.81953125 0.13984375 0.0203125 0.021875
1 0.83359375 0.33515625 0.015625 0.015625
0 0.915625 0.05859375 0.0234375 0.028125
1 0.68671875 0.378125 0.01875 0.01875
1 0.8390625 0.62421875 0.0171875 0.021875
1 0.81953125 0.27578125 0.015625 0.0171875
1 0.20625 0.8921875 0.01875 0.01875
0 0.84609375 0.04375 0.021875 0.0296875
1 0.94609375 0.35 0.0234375 0.025
1 0.6265625 0.38046875 0.01875 0.01875
1 0.62578125 0.32265625 0.0171875 0.0171875
0 0.85 0.17109375 0.0203125 0.0234375
0 0.75 0.221875 0.0171875 0.0171875
1 0.85859375 0.90234375 0.01875 0.0203125
1 0.4703125 0.27890625 0.015625 0.015625
0 0.67578125 0.709375 0.01875 0.0234375
1 0.60078125 0.29453125 0.0171875 0.0171875
1 0.4765625 0.88359375 0.015625 0.015625
1 0.88671875 0.3671875 0.01875 0.01875
1 0.90078125 0.34765625 0.01875 0.0171875
0 0.69296875 0.7640625 0.0171875 0.0203125
1 0.62265625 0.28671875 0.015625 0.015625
1 0.44140625 0.28671875 0.015625 0.01875
1 0.128125 0.91015625 0.021875 0.0265625
1 0.27265625 0.5 0.01875 0.0171875
1 0.76640625 0.95078125 0.0234375 0.0328125
1 0.8671875 0.36171875 0.0171875 0.0171875
1 0.16484375 0.25625 0.015625 0.015625
0 0.740625 0.7421875 0.0171875 0.0203125
1 0.35546875 0.34609375 0.0171875 0.0171875
1 0.32734375 0.36484375 0.01875 0.0171875
1 0.93359375 0.39375 0.0171875 0.0203125
1 0.6203125 0.30078125 0.015625 0.0171875
1 0.33828125 0.34296875 0.0171875 0.0171875
0 0.85234375 0.0734375 0.01875 0.0203125
1 0.44921875 0.27734375 0.015625 0.0171875
1 0.63828125 0.29375 0.01875 0.0171875
1 0.075 0.89609375 0.01875 0.0203125
1 0.22890625 0.8625 0.015625 0.015625
1 0.13828125 0.26875 0.015625 0.0171875
1 0.34140625 0.253125 0.015625 0.015625
1 0.659375 0.26875 0.0171875 0.0171875
1 0.14921875 0.9109375 0.0203125 0.0265625
1 0.90078125 0.3265625 0.01875 0.0234375
1 0.665625 0.315625 0.015625 0.0171875
1 0.81640625 0.88984375 0.0171875 0.0171875
1 0.3390625 0.3296875 0.0171875 0.015625
1 0.57578125 0.26015625 0.0171875 0.015625
1 0.3671875 0.34609375 0.01875 0.0171875
1 0.65390625 0.29375 0.01875 0.0171875
0 0.709375 0.8171875 0.0203125 0.025
1 0.2578125 0.54609375 0.0203125 0.0234375
1 0.12421875 0.26796875 0.015625 0.0171875
1 0.88828125 0.2984375 0.0171875 0.0171875
1 0.82890625 0.29765625 0.01875 0.015625
1 0.50625 0.64765625 0.015625 0.0140625
1 0.53828125 0.2609375 0.015625 0.015625
0 0.82578125 0.1125 0.0171875 0.021875
4 0.815625 0.35625 0.040625 0.0515625
1 0.9609375 0.35078125 0.0171875 0.01875
1 0.87265625 0.953125 0.01875 0.0140625
1 0.475 0.26875 0.0171875 0.015625
0 0.675 0.815625 0.0203125 0.028125
1 0.8625 0.3078125 0.01875 0.0171875
1 0.60703125 0.26015625 0.0140625 0.015625
1 0.01796875 0.4015625 0.0203125 0.025
1 0.62578125 0.27421875 0.015625 0.015625
1 0.9078125 0.53515625 0.021875 0.0265625
0 0.80078125 0.12734375 0.01875 0.0140625
1 0.35703125 0.89609375 0.0203125 0.021875
0 0.8984375 0.284375 0.0203125 0.0203125
1 0.14296875 0.8875 0.0171875 0.0171875
1 0.8546875 0.29140625 0.015625 0.0171875
1 0.92578125 0.384375 0.0203125 0.0203125
1 0.84453125 0.65078125 0.021875 0.015625
1 0.48828125 0.265625 0.0171875 0.015625
1 0.678125 0.36328125 0.0171875 0.015625
1 0.49921875 0.2578125 0.0171875 0.0171875
1 0.92421875 0.87265625 0.0140625 0.0140625
1 0.803125 0.87421875 0.015625 0.015625
1 0.8734375 0.3015625 0.015625 0.0171875
1 0.896875 0.53515625 0.0171875 0.01875
1 0.846875 0.2828125 0.015625 0.0140625
1 0.4578125 0.86953125 0.015625 0.0125
1 0.51875 0.259375 0.015625 0.015625
1 0.32421875 0.34609375 0.0171875 0.0171875
1 0.11640625 0.8953125 0.01875 0.01875
1 0.8171875 0.9875 0.028125 0.025
1 0.259375 0.50703125 0.0171875 0.015625
0 0.7390625 0.215625 0.0171875 0.015625
1 0.89296875 0.89765625 0.0171875 0.01875
1 0.346875 0.3453125 0.015625 0.01875
0 0.859375 0.18125 0.0234375 0.021875
1 0.934375 0.890625 0.015625 0.0171875
1 0.0515625 0.31953125 0.015625 0.01875
1 0.146875 0.25390625 0.0140625 0.0140625
1 0.6640625 0.646875 0.0203125 0.0109375
1 0.53515625 0.64609375 0.01875 0.015625
1 0.9484375 0.425 0.0203125 0.025
1 0.86875 0.2921875 0.015625 0.015625
1 0.92421875 0.9015625 0.0171875 0.01875
3 0.96953125 0.58359375 0.0609375 0.1140625
1 0.86640625 0.9625 0.0171875 0.01875
1 0.26875 0.51171875 0.01875 0.015625
1 0.559375 0.26015625 0.015625 0.015625
0 0.75078125 0.7890625 0.015625 0.0171875
0 0.640625 0.715625 0.0171875 0.0171875
1 0.828125 0.89609375 0.0203125 0.0203125
1 0.77734375 0.86015625 0.0140625 0.015625
1 0.6796875 0.26484375 0.0171875 0.015625
1 0.82890625 0.603125 0.015625 0.015625
1 0.9703125 0.35078125 0.01875 0.0171875
1 0.13046875 0.25546875 0.015625 0.0171875
1 0.84296875 0.8875 0.0171875 0.015625
1 0.325 0.3359375 0.0171875 0.015625
1 0.66328125 0.6296875 0.0171875 0.0125
1 0.8640625 0.86640625 0.0140625 0.015625
4 0.9140625 0.5734375 0.0875 0.1078125
1 0.18125 0.896875 0.0234375 0.0234375
4 0.76015625 0.86171875 0.0375 0.0671875