2 0.2421875 0.2109375 0.1171875 0.0625
4 0.5625 0.253125 0.096875 0.075
3 0.925 0.3 0.0828125 0.084375
1 0.96875 0.4046875 0.040625 0.0171875
1 0.50546875 0.40390625 0.0375 0.015625
4 0.74921875 0.85390625 0.075 0.046875
1 0.721875 0.4703125 0.0390625 0.0171875
1 0.62734375 0.359375 0.0390625 0.0140625
1 0.8296875 0.425 0.0390625 0.015625
1 0.1703125 0.60703125 0.0421875 0.021875
1 0.43359375 0.42109375 0.0390625 0.015625
1 0.05625 0.3515625 0.0390625 0.0140625
1 0.55546875 0.39140625 0.0375 0.0140625
1 0.33515625 0.45 0.0390625 0.0171875
1 0.60859375 0.3828125 0.0375 0.0140625
1 0.646875 0.446875 0.0390625 0.0171875
1 0.83046875 0.375 0.0390625 0.015625
1 0.328125 0.55625 0.0421875 0.0203125
1 0.6046875 0.35625 0.0375 0.0140625
1 0.8828125 0.384375 0.0390625 0.0140625
1 0.29296875 0.43984375 0.0375 0.015625
3 0.86875 0.85625 0.090625 0.0703125
4 0.1765625 0.83671875 0.075 0.0515625
1 0.9484375 0.41484375 0.0390625 0.015625
1 0.6078125 0.32421875 0.0375 0.0140625
1 0.69609375 0.39375 0.0375 0.0140625
1 0.3578125 0.40625 0.0375 0.0171875
1 0.44765625 0.4203125 0.0390625 0.015625
1 0.93203125 0.3984375 0.0390625 0.0140625
1 0.65625 0.4125 0.0390625 0.015625
1 0.73828125 0.91015625 0.040625 0.01875
1 0.30625 0.4421875 0.0375 0.015625
1 0.596875 0.30625 0.0359375 0.0125
3 0.70703125 0.8515625 0.075 0.0484375
1 0.7359375 0.88359375 0.0359375 0.0125
1 0.58359375 0.3875 0.0375 0.015625
1 0.178125 0.3515625 0.0375 0.0140625
1 0.98359375 0.5484375 0.0328125 0.021875
1 0.49375 0.31796875 0.0375 0.0125
1 0.3171875 0.41640625 0.0375 0.0140625
1 0.62734375 0.384375 0.0390625 0.0140625
0 0.76953125 0.20859375 0.0390625 0.015625
0 0.79765625 0.15390625 0.0390625 0.0203125
1 0.146875 0.86796875 0.0359375 0.0125
1 0.55390625 0.37421875 0.0390625 0.0140625
1 0.50625 0.34140625 0.0375 0.0125
0 0.790625 0.1765625 0.0375 0.015625
1 0.66640625 0.3859375 0.0375 0.0140625
1 0.38359375 0.42421875 0.0390625 0.0171875
1 0.04921875 0.3890625 0.040625 0.015625
1 0.38984375 0.340625 0.0375 0.0140625
1 0.03125 0.3515625 0.040625 0.0171875
1 0.09609375 0.39765625 0.0375 0.0140625
1 0.34609375 0.265625 0.0359375 0.0109375
1 0.80703125 0.340625 0.0390625 0.01875
1 0.1078125 0.28125 0.0375 0.0125
1 0.01640625 0.45859375 0.0328125 0.0171875
1 0.70390625 0.884375 0.0359375 0.0125
1 0.65546875 0.3234375 0.0375 0.0125
1 0.471875 0.33046875 0.0359375 0.0125
1 0.08515625 0.35234375 0.0375 0.0140625
1 0.83828125 0.34453125 0.0375 0.0140625
1 0.81171875 0.4046875 0.0375 0.015625
1 0.07109375 0.39140625 0.0375 0.0140625
1 0.6015625 0.41796875 0.0390625 0.015625
1 0.46484375 0.37109375 0.0390625 0.015625
1 0.85 0.309375 0.0359375 0.0109375
1 0.52421875 0.38984375 0.0390625 0.015625
1 0.80703125 0.9421875 0.04375 0.0265625
1 0.38203125 0.2875 0.0359375 0.0125
1 0.9 0.4078125 0.0390625 0.0140625
1 0.159375 0.296875 0.0359375 0.0109375
1 0.8609375 0.33984375 0.0390625 0.0140625
0 0.58984375 0.71796875 0.0359375 0.0125
1 0.85546875 0.2859375 0.0359375 0.0109375
1 0.1015625 0.93046875 0.0421875 0.0234375
1 0.93515625 0.5734375 0.0390625 0.01875
1 0.50078125 0.36640625 0.0375 0.0140625
1 0.65234375 0.3609375 0.0390625 0.015625
1 0.12890625 0.29921875 0.0375 0.0125
1 0.11484375 0.3328125 0.0375 0.0140625
1 0.51171875 0.36875 0.0375 0.0140625
1 0.09375 0.29765625 0.0375 0.0125
1 0.61875 0.4015625 0.0375 0.015625
1 0.07890625 0.31953125 0.0375 0.0125
1 0.13984375 0.959375 0.040625 0.021875
1 0.815625 0.32109375 0.0375 0.0140625
1 0.65859375 0.2625 0.0359375 0.0125
1 0.88125 0.34375 0.0375 0.0140625
1 0.9765625 0.35078125 0.0375 0.0125
1 0.6328125 0.32578125 0.0390625 0.015625
1 0.5359375 0.37578125 0.0375 0.0140625
1 0.9 0.35546875 0.0375 0.0140625
1 0.41015625 0.33515625 0.0375 0.0140625
1 0.4453125 0.2734375 0.0359375 0.0125
1 0.70234375 0.309375 0.0375 0.0125
1 0.30859375 0.39140625 0.0390625 0.0140625
1 0.684375 0.32421875 0.0359375 0.0125
1 0.634375 0.903125 0.0390625 0.0140625
0 0.7765625 0.2265625 0.040625 0.015625
1 0.5953125 0.35234375 0.0375 0.0125
1 0.0828125 0.396875 0.0375 0.0140625
1 0.04453125 0.98125 0.0453125 0.01875
1 0.41171875 0.3921875 0.0390625 0.0140625
1 0.0734375 0.91796875 0.040625 0.0171875
1 0.05078125 0.915625 0.040625 0.0171875
1 0.428125 0.275 0.0359375 0.0109375
1 0.33984375 0.37890625 0.0390625 0.0140625
1 0.78671875 0.88828125 0.0375 0.0140625
1 0.85625 0.653125 0.040625 0.015625
1 0.49609375 0.2765625 0.0359375 0.0109375
1 0.546875 0.40859375 0.0375 0.015625
1 0.12265625 0.86484375 0.0359375 0.0125
1 0.5359375 0.321875 0.0359375 0.0125
1 0.07890625 0.3015625 0.0375 0.0125
0 0.82734375 0.1765625 0.0390625 0.0171875
1 0.88203125 0.32734375 0.0390625 0.0140625
1 0.54296875 0.33125 0.0375 0.0125
1 0.3078125 0.42734375 0.0390625 0.0109375
1 0.78828125 0.915625 0.0421875 0.021875
1 0.53984375 0.34765625 0.0390625 0.0140625
1 0.36484375 0.26171875 0.0359375 0.0109375
1 0.55078125 0.32421875 0.0359375 0.0109375
1 0.01484375 0.3671875 0.0296875 0.015625
1 0.671875 0.34140625 0.0359375 0.0125
1 0.290625 0.38984375 0.0359375 0.0140625
1 0.15078125 0.278125 0.0359375 0.0109375
1 0.390625 0.275 0.0375 0.0125
1 0.16484375 0.31328125 0.0375 0.0125
1 0.0203125 0.959375 0.040625 0.028125
1 0.60703125 0.28203125 0.0359375 0.0109375
1 0.6171875 0.27265625 0.0375 0.0109375
1 0.5203125 0.2875 0.0359375 0.0109375
1 0.6640625 0.35625 0.0375 0.0125
0 0.58984375 0.81796875 0.040625 0.025
1 0.8359375 0.278125 0.0359375 0.0140625
1 0.75859375 0.88125 0.0375 0.0125
1 0.5359375 0.29296875 0.0359375 0.0109375
2 0.76328125 0.21640625 0.1234375 0.05625
1 0.4171875 0.30859375 0.0359375 0.0125
1 0.46484375 0.35546875 0.0375 0.0109375
1 0.715625 0.32734375 0.0390625 0.015625
1 0.04609375 0.37734375 0.0390625 0.0109375
1 0.32421875 0.39609375 0.0375 0.0140625
1 0.5625 0.90390625 0.0375 0.0109375
1 0.540625 0.4203125 0.0390625 0.0171875
1 0.7546875 0.90703125 0.0390625 0.015625
1 0.41796875 0.3765625 0.0390625 0.0171875
1 0.33515625 0.353125 0.0359375 0.0125
1 0.14375 0.89296875 0.0390625 0.015625
1 0.66953125 0.31875 0.0375 0.0125
1 0.890625 0.33984375 0.0359375 0.0125
0 0.6015625 0.70859375 0.0375 0.0140625
1 0.1765625 0.2671875 0.0359375 0.0109375
1 0.1171875 0.28046875 0.0390625 0.0125
1 0.02734375 0.9140625 0.0421875 0.021875
1 0.55 0.2875 0.0359375 0.0109375
1 0.01015625 0.4421875 0.0203125 0.0125
1 0.14765625 0.26796875 0.0359375 0.009375
1 0.41171875 0.2578125 0.034375 0.0109375
1 0.11484375 0.26796875 0.0375 0.0109375
1 0.0453125 0.88125 0.0375 0.015625
1 0.896875 0.91640625 0.040625 0.0203125
1 0.0640625 0.32109375 0.0375 0.0109375
1 0.515625 0.8828125 0.0390625 0.0125
1 0.84921875 0.26875 0.0359375 0.0109375
1 0.675 0.26640625 0.034375 0.0109375
1 0.13671875 0.92109375 0.040625 0.0234375
1 0.09921875 0.865625 0.0359375 0.0109375
1 0.81953125 0.28203125 0.0375 0.0125
1 0.87265625 0.30859375 0.0359375 0.0109375
1 0.07421875 0.88046875 0.0375 0.0125
1 0.80703125 0.9046875 0.040625 0.01875
1 0.9859375 0.640625 0.028125 0.015625
1 0.1078125 0.88828125 0.0359375 0.0125
1 0.64296875 0.89453125 0.0375 0.0171875
1 0.5171875 0.26171875 0.0375 0.0125
1 0.54296875 0.30703125 0.0375 0.0125
1 0.7171875 0.35625 0.0375 0.0109375
1 0.09453125 0.8890625 0.0390625 0.015625
1 0.89453125 0.890625 0.0375 0.0140625
1 0.08515625 0.85859375 0.034375 0.0109375
0 0.5546875 0.81015625 0.0375 0.0203125
1 0.33046875 0.36875 0.0359375 0.0109375
1 0.5359375 0.87265625 0.0375 0.009375
1 0.42734375 0.86875 0.0359375 0.0109375
1 0.87265625 0.296875 0.0375 0.0125
1 0.6515625 0.86171875 0.034375 0.009375
1 0.8734375 0.55234375 0.0375 0.0125
1 0.8015625 0.88984375 0.0390625 0.0140625
1 0.95390625 0.33125 0.0375 0.0125
1 0.3859375 0.8671875 0.0359375 0.009375
1 0.89921875 0.3953125 0.0375 0.0109375
1 0.96015625 0.34375 0.0359375 0.0109375
3 0.98359375 0.31328125 0.0328125 0.0859375
1 0.42265625 0.25625 0.034375 0.0109375
1 0.8828125 0.309375 0.0390625 0.0125
1 0.41015625 0.86953125 0.0375 0.009375
1 0.60546875 0.26171875 0.0375 0.0125
1 0.8046875 0.87109375 0.0359375 0.009375
1 0.82265625 0.8703125 0.034375 0.009375
1 0.859375 0.325 0.0375 0.0125
1 0.87109375 0.275 0.0375 0.0125
1 0.321875 0.37265625 0.0375 0.0140625
1 0.05859375 0.8828125 0.0375 0.0140625
1 0.94921875 0.659375 0.0390625 0.009375
0 0.578125 0.7078125 0.0359375 0.0125
1 0.81953125 0.88671875 0.0375 0.0140625
1 0.66015625 0.31015625 0.0375 0.0109375
1 0.590625 0.3453125 0.0359375 0.0125
1 0.50859375 0.87265625 0.034375 0.009375
0 0.7640625 0.23046875 0.0421875 0.0140625
1 0.953125 0.3140625 0.0390625 0.0125
0 0.87734375 0.8265625 0.0375 0.0125
1 0.53984375 0.846875 0.0359375 0.009375