2 0.225 0.2234375 0.1015625 0.059375
3 0.61875 0.37578125 0.0859375 0.0875
4 0.76171875 0.82890625 0.065625 0.0484375
4 0.46796875 0.28828125 0.078125 0.0671875
1 0.175 0.446875 0.0234375 0.0140625
1 0.74140625 0.5703125 0.0265625 0.021875
1 0.028125 0.4609375 0.025 0.0171875
1 0.37421875 0.87421875 0.0234375 0.015625
1 0.68515625 0.57578125 0.0265625 0.01875
1 0.571875 0.88203125 0.0234375 0.0171875
1 0.11875 0.440625 0.0234375 0.015625
1 0.6046875 0.8796875 0.0234375 0.0171875
1 0.05546875 0.42890625 0.025 0.0140625
1 0.04453125 0.49296875 0.025 0.015625
1 0.303125 0.884375 0.0234375 0.0171875
3 0.26328125 0.83515625 0.065625 0.0578125
1 0.040625 0.43203125 0.025 0.015625
1 0.35078125 0.34765625 0.021875 0.0125
1 0.51171875 0.34453125 0.021875 0.0125
1 0.06953125 0.44453125 0.0234375 0.015625
1 0.32890625 0.90390625 0.0265625 0.0140625
1 0.7140625 0.43828125 0.0234375 0.0125
1 0.82890625 0.390625 0.021875 0.0125
1 0.67890625 0.4921875 0.025 0.0171875
2 0.746875 0.22265625 0.103125 0.0421875
1 0.38828125 0.8890625 0.025 0.01875
1 0.95078125 0.4296875 0.025 0.01875
1 0.29609375 0.56484375 0.0265625 0.01875
1 0.32734375 0.4203125 0.021875 0.0140625
1 0.87890625 0.36328125 0.0203125 0.0109375
1 0.54609375 0.6203125 0.0265625 0.021875
1 0.1078125 0.64921875 0.028125 0.01875
1 0.73203125 0.48203125 0.0234375 0.0171875
1 0.14921875 0.90078125 0.025 0.0171875
3 0.021875 0.378125 0.04375 0.084375
1 0.6734375 0.32578125 0.0203125 0.0109375
1 0.2890625 0.428125 0.0234375 0.015625
1 0.57890625 0.90234375 0.0234375 0.009375
1 0.378125 0.596875 0.0265625 0.0140625
1 0.03203125 0.41015625 0.025 0.0140625
3 0.1 0.86015625 0.0875 0.08125
1 0.11328125 0.5984375 0.0265625 0.0125
1 0.41171875 0.31953125 0.0203125 0.0125
1 0.1984375 0.89453125 0.025 0.01875
1 0.9640625 0.41328125 0.0234375 0.0140625
1 0.3390625 0.86328125 0.0234375 0.0140625
1 0.3 0.42421875 0.0234375 0.0125
1 0.23046875 0.90390625 0.0265625 0.0203125
1 0.3078125 0.63359375 0.0265625 0.0203125
1 0.65859375 0.39921875 0.021875 0.0140625
1 0.83828125 0.45546875 0.021875 0.0140625
1 0.2109375 0.84765625 0.0203125 0.0078125
1 0.68359375 0.390625 0.0234375 0.0125
1 0.1640625 0.88828125 0.0234375 0.015625
1 0.5890625 0.30546875 0.0203125 0.009375
1 0.82890625 0.93125 0.03125 0.0265625
1 0.81015625 0.3890625 0.021875 0.0125
1 0.21015625 0.8921875 0.0234375 0.0171875
1 0.2609375 0.8921875 0.0234375 0.0171875
1 0.30703125 0.85625 0.021875 0.0125
1 0.86484375 0.55703125 0.025 0.0203125
1 0.6578125 0.8640625 0.0234375 0.0140625
1 0.26875 0.94765625 0.0265625 0.028125
1 0.83984375 0.90078125 0.0265625 0.01875
1 0.378125 0.31171875 0.0203125 0.0109375
1 0.6921875 0.43828125 0.0234375 0.0125
1 0.78046875 0.890625 0.025 0.015625
1 0.65859375 0.90234375 0.0234375 0.0078125
1 0.1046875 0.31015625 0.0203125 0.009375
1 0.00546875 0.4328125 0.0109375 0.0125
1 0.703125 0.4625 0.0234375 0.0125
1 0.68359375 0.475 0.0234375 0.0140625
1 0.24765625 0.90546875 0.0265625 0.0203125
1 0.13984375 0.3265625 0.0203125 0.0109375
1 0.09375 0.32890625 0.0203125 0.0109375
1 0.69609375 0.45234375 0.0234375 0.0125
1 0.1578125 0.32578125 0.0203125 0.0109375
1 0.696875 0.41875 0.0203125 0.009375
1 0.825 0.3015625 0.0203125 0.009375
1 0.85 0.93125 0.0296875 0.0234375
1 0.90390625 0.3671875 0.021875 0.0109375
1 0.8328125 0.87890625 0.0234375 0.015625
1 0.71640625 0.46484375 0.0265625 0.0140625
1 0.6375 0.321875 0.021875 0.0109375
1 0.11328125 0.309375 0.021875 0.0109375
1 0.4265625 0.309375 0.0203125 0.0109375
1 0.30703125 0.40703125 0.021875 0.0109375
1 0.15703125 0.30546875 0.0203125 0.009375
1 0.1890625 0.9453125 0.0265625 0.028125
1 0.89453125 0.94375 0.03125 0.0265625
1 0.08046875 0.321875 0.0203125 0.009375
1 0.9078125 0.4015625 0.0234375 0.0125
1 0.915625 0.37421875 0.0234375 0.0109375
1 0.5515625 0.34453125 0.021875 0.0125
1 0.7953125 0.40078125 0.021875 0.0109375
1 0.840625 0.9828125 0.034375 0.0171875
1 0.87265625 0.6421875 0.025 0.0078125
1 0.675 0.86484375 0.0203125 0.0125
1 0.046875 0.4078125 0.021875 0.0140625
1 0.4359375 0.309375 0.0234375 0.0140625
1 0.8328125 0.86171875 0.021875 0.0125
1 0.16875 0.30859375 0.021875 0.0109375
1 0.64921875 0.31953125 0.021875 0.0109375
1 0.87421875 0.32890625 0.021875 0.0125
1 0.29296875 0.41015625 0.0203125 0.0078125
1 0.71796875 0.45 0.0234375 0.0078125
1 0.8625 0.32734375 0.021875 0.009375
1 0.70859375 0.865625 0.0234375 0.0109375
1 0.29609375 0.85546875 0.0234375 0.0109375
1 0.87578125 0.93125 0.03125 0.021875
1 0.99453125 0.59453125 0.0109375 0.0078125
1 0.5484375 0.3046875 0.021875 0.009375
1 0.93984375 0.37109375 0.021875 0.0109375
1 0.17265625 0.95234375 0.0328125 0.028125
1 0.5140625 0.61015625 0.025 0.0140625
1 0.8328125 0.31640625 0.021875 0.009375
1 0.14765625 0.94921875 0.0296875 0.021875
1 0.78984375 0.88828125 0.0234375 0.015625
1 0.809375 0.87890625 0.025 0.015625
1 0.6578125 0.29609375 0.021875 0.009375
1 0.43125 0.84765625 0.021875 0.009375
1 0.7109375 0.84140625 0.01875 0.0078125
1 0.74921875 0.62265625 0.0265625 0.0203125
1 0.6875 0.86328125 0.021875 0.0109375
1 0.71796875 0.84921875 0.021875 0.009375
1 0.90625 0.89296875 0.025 0.0171875
1 0.70390625 0.4296875 0.0234375 0.0109375
1 0.184375 0.846875 0.0203125 0.0078125
1 0.14296875 0.3125 0.0203125 0.0078125
1 0.93046875 0.3890625 0.0203125 0.00625
1 0.1765625 0.85 0.0203125 0.009375
1 0.925 0.36875 0.021875 0.0109375
1 0.76484375 0.9921875 0.025 0.003125
1 0.1296875 0.3203125 0.0203125 0.0109375
1 0.434375 0.82734375 0.01875 0.0078125
1 0.890625 0.88515625 0.0234375 0.0109375
1 0.8765625 0.89375 0.025 0.0125
1 0.81015625 0.8546875 0.0203125 0.009375
1 0.65859375 0.83359375 0.0203125 0.0078125
1 0.28203125 0.99453125 0.0296875 0.0078125
1 0.125 0.9453125 0.0296875 0.0203125
1 0.90078125 0.3375 0.0234375 0.009375
1 0.78515625 0.603125 0.025 0.0125
1 0.79609375 0.3890625 0.0234375 0.009375