4 0.16796875 0.3171875 0.0671875 0.0765625
3 0.82578125 0.35546875 0.0546875 0.06875
1 0.22421875 0.5546875 0.0265625 0.021875
3 0.9234375 0.359375 0.08125 0.078125
1 0.09921875 0.37421875 0.0234375 0.015625
1 0.65546875 0.45078125 0.0234375 0.0171875
0 0.1734375 0.11484375 0.0265625 0.0171875
0 0.15390625 0.09765625 0.0265625 0.01875
1 0.13671875 0.39921875 0.0234375 0.015625
3 0.8703125 0.85546875 0.06875 0.0609375
3 0.89609375 0.48984375 0.1046875 0.109375
3 0.77265625 0.85078125 0.071875 0.0578125
2 0.24375 0.2046875 0.0984375 0.0609375
1 0.85703125 0.40859375 0.0234375 0.0140625
1 0.840625 0.46015625 0.0265625 0.01875
1 0.24296875 0.55234375 0.0265625 0.0203125
1 0.384375 0.421875 0.0234375 0.015625
0 0.19375 0.09765625 0.0234375 0.015625
1 0.32734375 0.5 0.0265625 0.0203125
1 0.271875 0.478125 0.025 0.0171875
1 0.41171875 0.41953125 0.0234375 0.0171875
1 0.74375 0.52421875 0.025 0.0203125
1 0.33359375 0.54140625 0.0265625 0.0203125
1 0.44375 0.44453125 0.025 0.0171875
1 0.2703125 0.45703125 0.0234375 0.0140625
1 0.53359375 0.49765625 0.025 0.0203125
1 0.52421875 0.4234375 0.0234375 0.015625
1 0.76796875 0.93984375 0.0296875 0.028125
1 0.84296875 0.43515625 0.025 0.0140625
0 0.78984375 0.24765625 0.025 0.0171875
1 0.890625 0.4109375 0.021875 0.0140625
0 0.1875 0.11484375 0.0234375 0.0171875
1 0.64765625 0.40625 0.0234375 0.0140625
1 0.678125 0.8953125 0.025 0.0171875
1 0.81953125 0.8984375 0.0234375 0.0171875
1 0.5203125 0.45859375 0.0234375 0.0171875
1 0.5453125 0.53984375 0.0265625 0.0203125
1 0.34921875 0.4453125 0.025 0.0171875
1 0.8265625 0.41328125 0.0234375 0.015625
1 0.4375 0.57890625 0.0234375 0.0171875
1 0.40546875 0.453125 0.025 0.0171875
1 0.63359375 0.4453125 0.025 0.015625
1 0.3625 0.4234375 0.025 0.015625
1 0.45625 0.4421875 0.025 0.015625
0 0.1671875 0.16796875 0.025 0.0171875
1 0.3546875 0.52734375 0.0265625 0.0203125
1 0.3765625 0.46484375 0.025 0.01875
0 0.2859375 0.21796875 0.021875 0.0125
0 0.11640625 0.15546875 0.0265625 0.01875
1 0.2984375 0.4328125 0.0234375 0.015625
0 0.1421875 0.1203125 0.0296875 0.0203125
1 0.7109375 0.9 0.025 0.01875
1 0.54296875 0.43984375 0.0234375 0.0171875
1 0.40703125 0.43671875 0.0234375 0.0140625
1 0.70703125 0.44140625 0.0234375 0.015625
1 0.4375 0.3890625 0.021875 0.0140625
1 0.31953125 0.42890625 0.0234375 0.015625
0 0.12578125 0.1421875 0.025 0.0203125
1 0.33359375 0.39296875 0.021875 0.0140625
1 0.59921875 0.3515625 0.0234375 0.0125
1 0.94765625 0.4453125 0.021875 0.0140625
1 0.97734375 0.4578125 0.025 0.015625
1 0.56015625 0.42734375 0.0203125 0.0140625
1 0.38203125 0.546875 0.0265625 0.0203125
0 0.728125 0.240625 0.0234375 0.015625
0 0.1765625 0.18984375 0.0234375 0.0171875
0 0.18046875 0.09921875 0.0234375 0.0140625
1 0.45546875 0.3671875 0.021875 0.0140625
1 0.38984375 0.3765625 0.021875 0.0140625
0 0.21796875 0.703125 0.0234375 0.015625
1 0.934375 0.53125 0.025 0.01875
1 0.58359375 0.459375 0.0234375 0.0171875
1 0.35859375 0.34921875 0.0234375 0.015625
0 0.16640625 0.2265625 0.0234375 0.0171875
0 0.0640625 0.37109375 0.025 0.015625
1 0.675 0.45390625 0.025 0.0140625
0 0.1671875 0.01328125 0.025 0.01875
1 0.5859375 0.44140625 0.021875 0.0125
1 0.34765625 0.38671875 0.021875 0.0140625
0 0.81953125 0.19453125 0.0234375 0.015625
0 0.1859375 0.1765625 0.0234375 0.0171875
1 0.51171875 0.58125 0.021875 0.015625
4 0.18671875 0.8203125 0.0875 0.065625
1 0.76328125 0.88125 0.021875 0.0125
1 0.00625 0.5078125 0.0125 0.01875
1 0.92734375 0.95390625 0.0296875 0.0296875
0 0.8296875 0.2265625 0.0234375 0.015625
0 0.83203125 0.2578125 0.0234375 0.015625
1 0.61328125 0.41484375 0.021875 0.015625
1 0.984375 0.42578125 0.0234375 0.0140625
1 0.8140625 0.94375 0.0296875 0.028125
1 0.74296875 0.91171875 0.0265625 0.021875
0 0.35390625 0.75703125 0.028125 0.0234375
1 0.3671875 0.37265625 0.021875 0.015625
1 0.7328125 0.41875 0.0234375 0.015625
1 0.115625 0.28046875 0.021875 0.0125
0 0.1875 0.0109375 0.025 0.01875
0 0.09921875 0.22109375 0.0265625 0.0203125
1 0.428125 0.44609375 0.025 0.0171875
1 0.62109375 0.365625 0.021875 0.0140625
1 0.3390625 0.43125 0.025 0.015625
1 0.621875 0.42109375 0.0234375 0.015625
1 0.6015625 0.490625 0.025 0.01875
0 0.21640625 0.7328125 0.0234375 0.0140625
1 0.72578125 0.90859375 0.028125 0.0203125
0 0.184375 0.0328125 0.025 0.015625
1 0.9484375 0.48359375 0.0234375 0.015625
1 0.2921875 0.41640625 0.0234375 0.0171875
1 0.478125 0.3734375 0.021875 0.0140625
1 0.390625 0.3625 0.021875 0.0109375
0 0.87265625 0.19609375 0.0265625 0.0203125
1 0.4546875 0.4 0.025 0.015625
1 0.51015625 0.328125 0.0234375 0.0125
1 0.66640625 0.4015625 0.0234375 0.015625
0 0.2140625 0.759375 0.021875 0.0140625
1 0.7765625 0.90234375 0.0265625 0.0171875
0 0.08828125 0.2515625 0.0296875 0.028125
1 0.459375 0.32734375 0.021875 0.0125
1 0.8 0.8828125 0.025 0.015625
1 0.309375 0.39921875 0.0234375 0.015625
1 0.9 0.390625 0.021875 0.0140625
1 0.54296875 0.4140625 0.0234375 0.015625
1 0.3875 0.325 0.021875 0.0109375
1 0.653125 0.3921875 0.021875 0.0140625
0 0.1671875 0.09765625 0.025 0.0171875
1 0.5234375 0.3046875 0.021875 0.0109375
1 0.43515625 0.41484375 0.021875 0.0109375
0 0.0640625 0.39453125 0.0265625 0.0203125
1 0.5703125 0.890625 0.0234375 0.0203125
1 0.55234375 0.39765625 0.0234375 0.0140625
0 0.746875 0.72890625 0.0234375 0.0171875
0 0.85625 0.14296875 0.0265625 0.0203125
0 0.3296875 0.74609375 0.028125 0.021875
1 0.43359375 0.3203125 0.0203125 0.0125
1 0.4375 0.42734375 0.0234375 0.0140625
1 0.37265625 0.53671875 0.025 0.0171875
1 0.725 0.8890625 0.0234375 0.0125
1 0.8359375 0.90078125 0.021875 0.0140625
1 0.49453125 0.32890625 0.021875 0.0125
1 0.37109375 0.58828125 0.025 0.0140625
1 0.525 0.39375 0.021875 0.0125
0 0.15390625 0.07734375 0.0265625 0.0203125
1 0.46484375 0.4 0.0234375 0.015625
1 0.54375 0.35703125 0.0234375 0.015625
1 0.5546875 0.36015625 0.021875 0.0140625
1 0.71484375 0.8796875 0.0203125 0.0140625
1 0.87578125 0.4 0.021875 0.0125
1 0.990625 0.42890625 0.01875 0.0140625
1 0.68515625 0.45234375 0.021875 0.0140625
0 0.759375 0.76875 0.0234375 0.015625
1 0.54921875 0.3140625 0.0203125 0.009375
0 0.88359375 0.203125 0.025 0.0203125
0 0.2140625 0.046875 0.0234375 0.015625
1 0.67421875 0.4375 0.0234375 0.0140625
1 0.67421875 0.41328125 0.0234375 0.0109375
1 0.35 0.3 0.021875 0.0125
1 0.34765625 0.3328125 0.0234375 0.015625
1 0.8515625 0.37578125 0.021875 0.015625
1 0.8921875 0.3859375 0.0234375 0.0125
1 0.78828125 0.903125 0.0265625 0.0203125
0 0.0765625 0.3140625 0.0265625 0.01875
1 0.49296875 0.3125 0.0203125 0.0109375
1 0.6296875 0.371875 0.021875 0.0140625
1 0.4796875 0.325 0.021875 0.0140625
1 0.7046875 0.8828125 0.0234375 0.0140625
0 0.740625 0.21484375 0.0234375 0.0140625
1 0.13046875 0.284375 0.0203125 0.0109375
1 0.3390625 0.3296875 0.0234375 0.0171875
1 0.39921875 0.50625 0.0234375 0.0125
0 0.228125 0.2203125 0.025 0.0171875
1 0.3671875 0.334375 0.0234375 0.015625
1 0.9625 0.6359375 0.0265625 0.0234375
1 0.7 0.45078125 0.0234375 0.0109375
1 0.865625 0.90546875 0.0234375 0.021875
1 0.49453125 0.34921875 0.021875 0.0125
1 0.584375 0.32578125 0.021875 0.0109375
1 0.665625 0.36328125 0.021875 0.0125
1 0.49375 0.37890625 0.021875 0.0109375
1 0.5703125 0.65078125 0.0234375 0.0109375
1 0.896875 0.89296875 0.028125 0.0171875
1 0.5609375 0.34765625 0.021875 0.0125
1 0.91484375 0.88671875 0.025 0.0171875
1 0.5640625 0.309375 0.021875 0.0109375
0 0.184375 0.08125 0.025 0.0171875
1 0.44296875 0.3109375 0.0203125 0.0125
1 0.09453125 0.29609375 0.021875 0.0125
1 0.228125 0.8390625 0.0203125 0.0125
1 0.65546875 0.3671875 0.021875 0.0140625
1 0.42734375 0.84375 0.021875 0.0125
1 0.96484375 0.403125 0.021875 0.0125
1 0.58359375 0.34453125 0.021875 0.0140625
1 0.0609375 0.8265625 0.0203125 0.0140625
1 0.40703125 0.31953125 0.021875 0.0125
1 0.38125 0.521875 0.0234375 0.015625
1 0.475 0.43125 0.0234375 0.015625
4 0.04609375 0.45234375 0.0921875 0.0984375
1 0.53828125 0.3875 0.021875 0.0125
1 0.64375 0.31484375 0.0203125 0.0109375
1 0.81953125 0.86875 0.0234375 0.0125
0 0.865625 0.11640625 0.0234375 0.0171875
1 0.634375 0.34140625 0.0203125 0.0109375
1 0.47265625 0.415625 0.021875 0.0109375
1 0.528125 0.4046875 0.025 0.0125
1 0.62265625 0.91015625 0.028125 0.015625
1 0.359375 0.31328125 0.0234375 0.0109375
1 0.34296875 0.29765625 0.0203125 0.0109375
1 0.66953125 0.31484375 0.01875 0.009375
1 0.096875 0.828125 0.0203125 0.0109375
1 0.6703125 0.3875 0.021875 0.0109375
1 0.43515625 0.90078125 0.0265625 0.0109375
0 0.834375 0.29609375 0.0234375 0.015625
1 0.6421875 0.3625 0.025 0.0140625
1 0.5578125 0.33046875 0.0234375 0.0125
1 0.07890625 0.825 0.0203125 0.0109375
1 0.5734375 0.346875 0.021875 0.0125
1 0.39609375 0.30234375 0.0203125 0.009375
1 0.39609375 0.56640625 0.0234375 0.0125
1 0.14921875 0.83203125 0.0203125 0.0109375
1 0.6859375 0.42578125 0.021875 0.0109375
1 0.69765625 0.33203125 0.0203125 0.0140625
1 0.13671875 0.29609375 0.0203125 0.0109375
1 0.853125 0.3234375 0.021875 0.0109375
0 0.2046875 0.06015625 0.021875 0.0125
1 0.99375 0.5125 0.0125 0.009375
1 0.4 0.2890625 0.021875 0.0109375
1 0.68671875 0.4078125 0.025 0.0140625
1 0.4578125 0.41875 0.0234375 0.0125
1 0.9375 0.45546875 0.0234375 0.0140625
1 0.45 0.53984375 0.0203125 0.0109375
1 0.94375 0.39375 0.0234375 0.0125
1 0.4734375 0.3125 0.021875 0.0125
1 0.6046875 0.3125 0.0203125 0.009375
1 0.48046875 0.35390625 0.0234375 0.0109375
1 0.3796875 0.32109375 0.0203125 0.0140625
1 0.81171875 0.86875 0.021875 0.0125
1 0.38515625 0.290625 0.021875 0.009375
1 0.2953125 0.63828125 0.0234375 0.009375
1 0.4109375 0.8265625 0.0203125 0.009375
1 0.95625 0.4 0.021875 0.0125
2 0.771875 0.23515625 0.115625 0.059375
1 0.86015625 0.34296875 0.021875 0.015625
1 0.14140625 0.828125 0.0203125 0.0109375
1 0.46171875 0.29921875 0.021875 0.0109375
1 0.88515625 0.36796875 0.0234375 0.015625
1 0.4453125 0.415625 0.0234375 0.0109375