4 0.8 0.84375 0.0734375 0.0609375
3 0.9515625 0.475 0.096875 0.121875
1 0.73984375 0.553125 0.021875 0.021875
1 0.69609375 0.553125 0.021875 0.021875
3 0.0828125 0.8375 0.1015625 0.1140625
1 0.6265625 0.41484375 0.01875 0.01875
0 0.84765625 0.196875 0.0203125 0.01875
1 0.284375 0.46953125 0.0203125 0.0203125
3 0.67109375 0.875 0.10625 0.1171875
1 0.87265625 0.46484375 0.0203125 0.01875
1 0.75546875 0.5875 0.0234375 0.025
1 0.73203125 0.52734375 0.021875 0.021875
1 0.91328125 0.4390625 0.01875 0.0171875
1 0.1875 0.403125 0.01875 0.015625
4 0.58359375 0.4890625 0.1140625 0.1328125
1 0.21484375 0.86953125 0.01875 0.01875
1 0.5 0.8921875 0.021875 0.021875
1 0.10625 0.409375 0.01875 0.0171875
1 0.209375 0.41328125 0.0171875 0.0171875
1 0.45703125 0.5796875 0.021875 0.0203125
1 0.63828125 0.39765625 0.01875 0.0171875
1 0.7296875 0.5015625 0.0203125 0.01875
0 0.84453125 0.23515625 0.0171875 0.015625
2 0.78515625 0.23359375 0.1 0.0671875
1 0.990625 0.4078125 0.01875 0.015625
1 0.67109375 0.46015625 0.0203125 0.025
1 0.35625 0.8765625 0.0203125 0.0203125
1 0.43828125 0.58125 0.021875 0.01875
1 0.321875 0.86015625 0.01875 0.015625
1 0.8703125 0.93046875 0.0234375 0.0234375
1 0.39765625 0.49375 0.021875 0.021875
1 0.52578125 0.425 0.0203125 0.0203125
1 0.29921875 0.846875 0.015625 0.0140625
1 0.43828125 0.5546875 0.021875 0.021875
1 0.52109375 0.44296875 0.01875 0.0171875
1 0.8859375 0.3984375 0.0171875 0.015625
1 0.8234375 0.46640625 0.01875 0.0203125
1 0.86171875 0.95703125 0.0265625 0.028125
0 0.8328125 0.225 0.01875 0.015625
1 0.11875 0.3484375 0.0171875 0.0140625
1 0.6546875 0.3921875 0.0171875 0.015625
1 0.66484375 0.53125 0.0203125 0.021875
1 0.73359375 0.4703125 0.0203125 0.01875
1 0.50703125 0.34140625 0.0171875 0.0140625
1 0.1890625 0.91484375 0.0265625 0.03125
1 0.4359375 0.49921875 0.0203125 0.01875
0 0.790625 0.7984375 0.0171875 0.015625
1 0.50859375 0.41796875 0.0171875 0.015625
1 0.6890625 0.528125 0.0203125 0.021875
1 0.2921875 0.42890625 0.01875 0.0171875
0 0.20625 0.0953125 0.0203125 0.01875
1 0.284375 0.571875 0.021875 0.01875
1 0.16640625 0.865625 0.01875 0.01875
1 0.44765625 0.4875 0.0203125 0.01875
1 0.4859375 0.5125 0.0171875 0.0171875
1 0.54609375 0.3421875 0.0171875 0.015625
1 0.34140625 0.378125 0.01875 0.015625
0 0.83515625 0.253125 0.01875 0.0171875
0 0.85078125 0.21484375 0.0171875 0.015625
1 0.51640625 0.375 0.01875 0.0171875
1 0.72265625 0.4734375 0.0203125 0.0171875
1 0.39296875 0.45078125 0.01875 0.0140625
1 0.640625 0.32265625 0.015625 0.0140625
1 0.07578125 0.39921875 0.0171875 0.0140625
1 0.3328125 0.3265625 0.0171875 0.015625
1 0.4125 0.45703125 0.01875 0.0171875
1 0.60234375 0.89296875 0.0203125 0.021875
1 0.19296875 0.8703125 0.0203125 0.0203125
4 0.84375 0.3296875 0.0453125 0.0734375
1 0.33203125 0.4703125 0.0203125 0.01875
1 0.415625 0.89453125 0.021875 0.0203125
1 0.4703125 0.55 0.021875 0.0234375
0 0.25078125 0.21171875 0.01875 0.0171875
0 0.82578125 0.2453125 0.01875 0.015625
1 0.70546875 0.46171875 0.01875 0.01875
1 0.8375 0.9171875 0.021875 0.021875
1 0.38828125 0.3859375 0.0171875 0.0140625
1 0.6484375 0.35 0.0171875 0.0140625
1 0.440625 0.6390625 0.0234375 0.021875
1 0.415625 0.48125 0.0203125 0.01875
1 0.47734375 0.62265625 0.021875 0.0234375
1 0.471875 0.3921875 0.0171875 0.015625
1 0.2859375 0.86328125 0.0203125 0.0203125
1 0.16796875 0.4140625 0.01875 0.0171875
1 0.3140625 0.4046875 0.01875 0.0203125
1 0.05 0.88125 0.0234375 0.028125
1 0.86484375 0.371875 0.0171875 0.0140625
1 0.528125 0.3453125 0.0171875 0.0140625
1 0.4546875 0.46796875 0.0203125 0.01875
1 0.47890625 0.3296875 0.015625 0.0125
3 0.146875 0.30078125 0.06875 0.071875
1 0.47890625 0.4703125 0.0203125 0.0203125
0 0.22265625 0.12890625 0.0203125 0.0171875
1 0.91328125 0.409375 0.01875 0.015625
1 0.690625 0.40546875 0.01875 0.0171875
1 0.6734375 0.39609375 0.01875 0.015625
1 0.45078125 0.42421875 0.01875 0.0171875
1 0.38046875 0.31640625 0.0171875 0.0140625
1 0.70390625 0.440625 0.0203125 0.0171875
1 0.35234375 0.4734375 0.0203125 0.0171875
1 0.89765625 0.36796875 0.0171875 0.0140625
1 0.23046875 0.62109375 0.021875 0.025
1 0.396875 0.378125 0.0171875 0.0140625
1 0.88203125 0.3390625 0.0171875 0.0140625
1 0.3828125 0.48125 0.0203125 0.01875
1 0.078125 0.4140625 0.0203125 0.0171875
1 0.36640625 0.3734375 0.0171875 0.015625
1 0.4546875 0.37578125 0.0171875 0.0140625
1 0.825 0.88828125 0.01875 0.015625
1 0.4578125 0.62421875 0.0234375 0.0203125
1 0.159375 0.3265625 0.01875 0.0140625
1 0.07421875 0.37734375 0.0171875 0.015625
0 0.83359375 0.1921875 0.01875 0.0171875
1 0.4828125 0.440625 0.0203125 0.0171875
1 0.13984375 0.83046875 0.015625 0.0125
1 0.4078125 0.3984375 0.015625 0.0140625
1 0.72421875 0.93984375 0.025 0.0296875
1 0.29609375 0.45859375 0.0203125 0.0171875
3 0.028125 0.3796875 0.05625 0.0921875
1 0.58984375 0.8796875 0.021875 0.0203125
1 0.8703125 0.903125 0.0203125 0.0171875
1 0.06875 0.95390625 0.03125 0.040625
1 0.35 0.45859375 0.01875 0.0140625
1 0.6828125 0.37421875 0.0171875 0.0125
1 0.26484375 0.634375 0.021875 0.015625
1 0.4953125 0.3515625 0.0171875 0.0140625
1 0.065625 0.36171875 0.01875 0.015625
1 0.50390625 0.55859375 0.0171875 0.015625
1 0.3921875 0.465625 0.0203125 0.015625
1 0.3703125 0.47421875 0.01875 0.015625
1 0.47890625 0.37109375 0.01875 0.015625
1 0.45859375 0.43359375 0.0171875 0.015625
1 0.4890625 0.54375 0.021875 0.01875
1 0.959375 0.375 0.0203125 0.015625
1 0.54609375 0.38515625 0.0171875 0.0140625
1 0.51953125 0.3046875 0.0171875 0.0125
1 0.38046875 0.459375 0.0171875 0.015625
0 0.765625 0.7296875 0.015625 0.0140625
1 0.5484375 0.40859375 0.0171875 0.0140625
1 0.7453125 0.89140625 0.01875 0.015625
1 0.40390625 0.34296875 0.01875 0.015625
1 0.37421875 0.3359375 0.0171875 0.0140625
1 0.8859375 0.37578125 0.01875 0.0140625
1 0.80703125 0.88984375 0.01875 0.0171875
1 0.3140625 0.453125 0.0203125 0.021875
1 0.15390625 0.45390625 0.01875 0.015625
1 0.77421875 0.8609375 0.01875 0.015625
1 0.778125 0.8828125 0.01875 0.015625
1 0.92578125 0.39453125 0.015625 0.0109375
1 0.9015625 0.91171875 0.0203125 0.0203125
1 0.94375 0.3703125 0.01875 0.0171875
0 0.825 0.190625 0.01875 0.0171875
0 0.24765625 0.13359375 0.01875 0.01875
1 0.21328125 0.82890625 0.015625 0.0125
1 0.55546875 0.421875 0.0171875 0.0171875
1 0.49296875 0.42890625 0.01875 0.015625
2 0.26015625 0.2140625 0.1078125 0.0546875
1 0.33125 0.390625 0.01875 0.015625
1 0.2296875 0.8375 0.01875 0.0140625
1 0.54765625 0.428125 0.015625 0.0140625
1 0.40078125 0.47578125 0.0203125 0.0171875
1 0.51171875 0.575 0.0171875 0.0203125
1 0.5296875 0.30078125 0.0171875 0.0140625
1 0.89296875 0.33671875 0.015625 0.0125
1 0.68671875 0.35859375 0.015625 0.0125
0 0.76875 0.75 0.0171875 0.015625
1 0.865625 0.3390625 0.0171875 0.0125
1 0.7953125 0.88828125 0.0203125 0.0171875
1 0.525 0.4 0.01875 0.015625
1 0.10625 0.32578125 0.0171875 0.0140625
1 0.9265625 0.40859375 0.0171875 0.015625
1 0.6765625 0.33046875 0.0125 0.009375
1 0.5046875 0.3765625 0.0171875 0.0140625
1 0.44375 0.34921875 0.015625 0.0125
1 0.6703125 0.37890625 0.0171875 0.015625
1 0.49453125 0.37265625 0.0203125 0.0171875
1 0.55390625 0.85078125 0.015625 0.0109375
1 0.31875 0.43515625 0.0171875 0.0140625
1 0.48203125 0.39296875 0.0203125 0.015625
1 0.0421875 0.48359375 0.0140625 0.0109375
1 0.42421875 0.35390625 0.0171875 0.015625
1 0.6828125 0.30625 0.0171875 0.0109375
1 0.70703125 0.41171875 0.01875 0.015625
1 0.925 0.35078125 0.0171875 0.0125
1 0.91953125 0.56796875 0.0203125 0.0171875
1 0.4703125 0.30234375 0.0171875 0.0125
0 0.21640625 0.07421875 0.01875 0.01875
1 0.53671875 0.3984375 0.0171875 0.01875
1 0.878125 0.37578125 0.01875 0.015625
1 0.671875 0.36171875 0.0171875 0.0109375
1 0.540625 0.45390625 0.01875 0.0171875
1 0.509375 0.5984375 0.0140625 0.009375
1 0.44296875 0.36796875 0.0171875 0.0140625
1 0.99140625 0.3828125 0.0171875 0.0125
1 0.37734375 0.3734375 0.01875 0.0140625
1 0.02578125 0.94765625 0.0265625 0.03125
1 0.23984375 0.8265625 0.0140625 0.0109375
1 0.3296875 0.4328125 0.01875 0.0109375
1 0.8296875 0.475 0.0171875 0.015625
1 0.54140625 0.84140625 0.015625 0.0140625
1 0.6796875 0.31640625 0.0140625 0.009375
1 0.3859375 0.3515625 0.015625 0.0125
1 0.4609375 0.45 0.0203125 0.0171875
1 0.32421875 0.45703125 0.01875 0.01875
1 0.45390625 0.3015625 0.015625 0.0125
0 0.79765625 0.23359375 0.0234375 0.0171875
1 0.74453125 0.91015625 0.0234375 0.0203125
1 0.4140625 0.34453125 0.0171875 0.015625
1 0.3140625 0.896875 0.0171875 0.009375
0 0.796875 0.75703125 0.015625 0.0125
1 0.8375 0.3546875 0.021875 0.0171875
0 0.77578125 0.73046875 0.0171875 0.0140625
1 0.8328125 0.87578125 0.0140625 0.0125
1 0.48828125 0.34296875 0.015625 0.0125
1 0.4484375 0.43515625 0.0171875 0.0125
1 0.17890625 0.82421875 0.0171875 0.009375
1 0.50078125 0.54453125 0.0203125 0.015625
1 0.5109375 0.5578125 0.0140625 0.0140625
1 0.43203125 0.36796875 0.0171875 0.0125
1 0.3296875 0.37109375 0.0203125 0.0171875
1 0.27734375 0.6359375 0.01875 0.0125
1 0.528125 0.334375 0.0171875 0.0109375
1 0.4703125 0.3625 0.01875 0.0171875
1 0.56171875 0.43984375 0.0203125 0.0203125
1 0.88125 0.32421875 0.01875 0.0109375
1 0.89296875 0.3234375 0.015625 0.0109375
1 0.1578125 0.07421875 0.0203125 0.0171875
1 0.47578125 0.34921875 0.01875 0.0125
1 0.303125 0.43359375 0.01875 0.015625
1 0.7203125 0.903125 0.0203125 0.0203125
0 0.14765625 0.13359375 0.0171875 0.0140625
1 0.45078125 0.29296875 0.0171875 0.0125
1 0.50078125 0.296875 0.0171875 0.0125
1 0.8828125 0.89609375 0.0171875 0.0140625
1 0.090625 0.3171875 0.015625 0.0125
1 0.9125 0.33828125 0.0171875 0.0140625
0 0.8234375 0.20546875 0.0171875 0.015625
1 0.34140625 0.48671875 0.015625 0.0125