0 0.79609375 0.20703125 0.04375 0.00625
4 0.37421875 0.3453125 0.1015625 0.0734375
0 0.8296875 0.12421875 0.0453125 0.0109375
0 0.778125 0.19375 0.04375 0.0078125
4 0.3515625 0.2859375 0.10625 0.065625
0 0.828125 0.0515625 0.0453125 0.0125
0 0.846875 0.13828125 0.0421875 0.00625
0 0.8453125 0.178125 0.0453125 0.009375
0 0.75703125 0.23515625 0.04375 0.0078125
0 0.25859375 0.21640625 0.0453125 0.009375
0 0.934375 0.18828125 0.05 0.0203125
0 0.728125 0.83203125 0.046875 0.009375
0 0.74140625 0.190625 0.0453125 0.0078125
0 0.790625 0.1703125 0.04375 0.009375
3 0.84375 0.33046875 0.0984375 0.08125
0 0.9171875 0.1671875 0.046875 0.0125
3 0.74609375 0.87421875 0.096875 0.0546875
0 0.71328125 0.2765625 0.0453125 0.0078125
0 0.8296875 0.18671875 0.04375 0.0078125
0 0.94296875 0.25234375 0.046875 0.009375
0 0.8515625 0.21328125 0.04375 0.00625
0 0.78359375 0.2375 0.040625 0.00625
0 0.803125 0.175 0.0453125 0.0078125
0 0.86796875 0.07109375 0.0484375 0.0171875
0 0.84140625 0.23671875 0.0421875 0.0046875
0 0.61953125 0.725 0.0484375 0.0125
0 0.70390625 0.725 0.0484375 0.0171875
0 0.89296875 0.1109375 0.0484375 0.0109375
0 0.8453125 0.15390625 0.0421875 0.003125
1 0.7109375 0.503125 0.0453125 0.009375
0 0.83828125 0.221875 0.0453125 0.009375
0 0.9296875 0.18671875 0.0484375 0.01875
0 0.7125 0.75234375 0.0453125 0.015625
2 0.253125 0.2 0.121875 0.05625
1 0.5765625 0.35546875 0.0421875 0.00625
0 0.89921875 0.05625 0.046875 0.0109375
1 0.5046875 0.30234375 0.040625 0.0046875
1 0.44296875 0.37734375 0.04375 0.0046875
1 0.7046875 0.5015625 0.04375 0.0078125
1 0.65859375 0.40234375 0.0453125 0.0078125
1 0.43359375 0.27578125 0.040625 0.003125
1 0.6375 0.496875 0.04375 0.009375
1 0.7109375 0.4453125 0.0453125 0.0046875
1 0.70234375 0.46328125 0.04375 0.0078125
0 0.821875 0.14375 0.04375 0.00625
0 0.828125 0.22265625 0.0453125 0.0078125
0 0.90703125 0.1328125 0.046875 0.0078125
1 0.70078125 0.43046875 0.04375 0.00625
0 0.809375 0.15703125 0.04375 0.0046875
0 0.871875 0.028125 0.046875 0.0078125
1 0.4234375 0.4203125 0.04375 0.0078125
1 0.67265625 0.40390625 0.04375 0.0046875
1 0.28203125 0.5578125 0.046875 0.0125
0 0.84140625 0.02578125 0.0453125 0.0046875
1 0.63828125 0.56796875 0.046875 0.0109375
0 0.83515625 0.0875 0.0453125 0.0078125
0 0.74609375 0.21484375 0.04375 0.00625
1 0.43046875 0.39765625 0.04375 0.0046875
0 0.66015625 0.8 0.04375 0.00625
1 0.5953125 0.4484375 0.0453125 0.009375
1 0.81015625 0.94453125 0.05 0.015625
1 0.653125 0.3578125 0.0421875 0.003125
1 0.02421875 0.49375 0.04375 0.0046875
1 0.57890625 0.49453125 0.0453125 0.0109375
1 0.91640625 0.53125 0.046875 0.0078125
1 0.47890625 0.36875 0.04375 0.00625
1 0.4328125 0.29453125 0.040625 0.003125
1 0.29609375 0.58828125 0.046875 0.0125
1 0.55703125 0.340625 0.0421875 0.0015625
0 0.79140625 0.228125 0.040625 0.003125
1 0.4640625 0.265625 0.040625 0.003125
1 0.6703125 0.3 0.040625 0.0046875
0 0.60390625 0.71640625 0.0484375 0.0109375
1 0.6234375 0.3453125 0.040625 0.003125
1 0.58515625 0.428125 0.04375 0.0078125
0 0.83984375 0.2578125 0.04375 0.0078125
4 0.07421875 0.453125 0.1484375 0.125
1 0.8953125 0.415625 0.0421875 0.00625
1 0.7109375 0.42890625 0.04375 0.0015625
1 0.04765625 0.8546875 0.0421875 0.00625
1 0.2625 0.534375 0.046875 0.0109375
1 0.521875 0.34921875 0.040625 0.003125
1 0.29609375 0.4375 0.0453125 0.0078125
0 0.7203125 0.79375 0.04375 0.0046875
1 0.5765625 0.33203125 0.0421875 0.003125
1 0.23828125 0.9234375 0.05 0.025
0 0.74140625 0.7859375 0.04375 0.0078125
1 0.528125 0.321875 0.04375 0.009375
0 0.7953125 0.15 0.0421875 0.00625
0 0.7421875 0.17265625 0.0453125 0.00625
1 0.60390625 0.2859375 0.040625 0.003125
1 0.32109375 0.37578125 0.04375 0.00625
0 0.53203125 0.77109375 0.0421875 0.00625
1 0.63671875 0.3421875 0.0421875 0.0046875
1 0.58828125 0.45078125 0.040625 0.00625
0 0.71796875 0.78046875 0.0421875 0.003125
0 0.828125 0.10234375 0.040625 0.003125
1 0.31640625 0.5515625 0.046875 0.0109375
1 0.83515625 0.4109375 0.0421875 0.003125
1 0.47578125 0.33671875 0.0421875 0.0046875
1 0.13359375 0.32890625 0.04375 0.003125
1 0.84296875 0.965625 0.0515625 0.025
1 0.4578125 0.26171875 0.0390625 0.0015625
1 0.67578125 0.3265625 0.040625 0.0046875
0 0.76328125 0.21171875 0.0453125 0.003125
1 0.76171875 0.909375 0.04375 0.00625
1 0.56640625 0.3359375 0.0421875 0.0015625
1 0.13359375 0.8640625 0.0421875 0.003125
1 0.4015625 0.25859375 0.0421875 0.0015625
1 0.6484375 0.38203125 0.0453125 0.0046875
1 0.05859375 0.853125 0.040625 0.003125
0 0.82734375 0.28046875 0.0421875 0.003125
1 0.690625 0.9109375 0.04375 0.00625
1 0.1171875 0.27734375 0.040625 0.003125
0 0.94453125 0.35625 0.04375 0.009375
1 0.62109375 0.54296875 0.0453125 0.009375
0 0.95078125 0.34296875 0.040625 0.0015625
1 0.059375 0.92265625 0.04375 0.003125
1 0.53671875 0.33984375 0.04375 0.003125
1 0.6671875 0.42109375 0.0421875 0.00625
1 0.43359375 0.2546875 0.040625 0.0015625
1 0.09375 0.30390625 0.0421875 0.0015625
1 0.503125 0.259375 0.0421875 0.003125
0 0.24765625 0.21640625 0.04375 0.0078125
1 0.64140625 0.3796875 0.0453125 0.00625
0 0.7234375 0.7796875 0.04375 0.003125
1 0.63046875 0.3703125 0.04375 0.0046875
0 0.84921875 0.28671875 0.04375 0.003125
1 0.6953125 0.44921875 0.0421875 0.0046875
1 0.70859375 0.41328125 0.040625 0.0015625
0 0.8265625 0.12421875 0.0421875 0.0078125
3 0.9359375 0.47890625 0.128125 0.1171875
1 0.57890625 0.32421875 0.0421875 0.003125
1 0.67109375 0.42265625 0.04375 0.0046875
0 0.85 0.271875 0.04375 0.0015625
1 0.6875 0.4078125 0.0453125 0.0046875
1 0.59453125 0.40234375 0.0453125 0.0078125
1 0.77578125 0.9265625 0.046875 0.0078125
0 0.72890625 0.8140625 0.0453125 0.0046875