2 0.7484375 0.20234375 0.1125 0.0640625
2 0.23125 0.22265625 0.1140625 0.05625
4 0.571875 0.415625 0.11875 0.1078125
1 0.23828125 0.61953125 0.0359375 0.0171875
1 0.0109375 0.4796875 0.021875 0.015625
3 0.80078125 0.8296875 0.078125 0.046875
1 0.7421875 0.51875 0.0328125 0.015625
1 0.896875 0.5 0.0328125 0.015625
1 0.81328125 0.55859375 0.034375 0.0203125
1 0.1125 0.4234375 0.03125 0.0109375
1 0.4 0.59765625 0.0359375 0.01875
1 0.928125 0.396875 0.03125 0.0125
1 0.94296875 0.40078125 0.0328125 0.0140625
1 0.778125 0.8703125 0.03125 0.0109375
1 0.91640625 0.35859375 0.03125 0.0109375
1 0.80625 0.42265625 0.0328125 0.0125
1 0.27265625 0.54453125 0.0328125 0.0140625
1 0.1484375 0.603125 0.034375 0.0171875
1 0.625 0.4890625 0.0328125 0.015625
1 0.20859375 0.6 0.034375 0.0171875
1 0.04375 0.4390625 0.0328125 0.0109375
1 0.75 0.540625 0.034375 0.0171875
1 0.98515625 0.43359375 0.0296875 0.0140625
1 0.11171875 0.321875 0.0296875 0.009375
1 0.8375 0.32734375 0.0296875 0.0109375
1 0.66875 0.8953125 0.03125 0.0078125
1 0.39609375 0.55 0.0328125 0.0171875
1 0.74453125 0.5640625 0.034375 0.01875
1 0.51875 0.4796875 0.0328125 0.0125
1 0.30625 0.9125 0.0328125 0.0109375
1 0.66796875 0.45390625 0.0328125 0.0140625
1 0.803125 0.403125 0.03125 0.0125
1 0.6671875 0.6046875 0.034375 0.01875
1 0.096875 0.3609375 0.0296875 0.0109375
1 0.434375 0.35 0.0296875 0.0125
1 0.0640625 0.39765625 0.03125 0.0125
1 0.6140625 0.56171875 0.034375 0.01875
1 0.61171875 0.32109375 0.0296875 0.009375
1 0.87890625 0.87421875 0.03125 0.0109375
1 0.25703125 0.5640625 0.034375 0.015625
1 0.88671875 0.346875 0.0296875 0.009375
1 0.87890625 0.93203125 0.0390625 0.0234375
1 0.6859375 0.89453125 0.03125 0.009375
1 0.609375 0.48203125 0.0328125 0.0140625
1 0.70625 0.425 0.03125 0.0125
1 0.38515625 0.51640625 0.0328125 0.015625
1 0.64140625 0.8671875 0.03125 0.0125
1 0.5640625 0.5203125 0.0328125 0.0171875
1 0.603125 0.55546875 0.0328125 0.0171875
0 0.46796875 0.7703125 0.040625 0.040625
1 0.8453125 0.30546875 0.0296875 0.009375
1 0.16875 0.60234375 0.034375 0.01875
1 0.871875 0.39765625 0.03125 0.0125
1 0.39296875 0.65 0.034375 0.0140625
1 0.33203125 0.39921875 0.0328125 0.0109375
1 0.34921875 0.3375 0.028125 0.009375
3 0.6546875 0.34296875 0.084375 0.0765625
1 0.82265625 0.28515625 0.0296875 0.0109375
1 0.740625 0.8671875 0.0296875 0.0109375
1 0.2828125 0.44140625 0.0296875 0.009375
1 0.821875 0.3609375 0.03125 0.0125
1 0.64921875 0.38515625 0.0296875 0.0109375
1 0.01640625 0.39375 0.03125 0.0109375
4 0.34609375 0.5484375 0.1109375 0.159375
1 0.590625 0.51796875 0.0328125 0.0171875
1 0.4796875 0.29375 0.028125 0.009375
1 0.85390625 0.88984375 0.0328125 0.0140625
1 0.3 0.38984375 0.03125 0.0109375
1 0.659375 0.434375 0.0328125 0.0140625
1 0.4796875 0.53671875 0.03125 0.015625
1 0.88828125 0.31875 0.0296875 0.009375
1 0.1265625 0.36640625 0.0296875 0.009375
1 0.84921875 0.9140625 0.0359375 0.0203125
1 0.2796875 0.98671875 0.0421875 0.021875
1 0.64140625 0.89140625 0.034375 0.0140625
1 0.52265625 0.3421875 0.0296875 0.0109375
1 0.28828125 0.91171875 0.0328125 0.0140625
1 0.73203125 0.55859375 0.0328125 0.0171875
1 0.91484375 0.3375 0.03125 0.0109375
1 0.8953125 0.371875 0.03125 0.0125
1 0.51640625 0.49609375 0.03125 0.0125
1 0.10625 0.95625 0.0375 0.0234375
1 0.80859375 0.8703125 0.0296875 0.0109375
1 0.11484375 0.40859375 0.03125 0.0109375
1 0.45546875 0.3515625 0.0296875 0.0109375
1 0.14296875 0.95 0.0375 0.0234375
1 0.934375 0.3609375 0.03125 0.0109375
1 0.19453125 0.909375 0.0296875 0.0109375
1 0.87265625 0.44921875 0.03125 0.0109375
1 0.271875 0.4671875 0.0296875 0.009375
1 0.5328125 0.34296875 0.0296875 0.0109375
1 0.7359375 0.49296875 0.0328125 0.0140625
1 0.8421875 0.88984375 0.0328125 0.015625
1 0.70234375 0.878125 0.03125 0.0125
1 0.24921875 0.96484375 0.0375 0.025
1 0.98515625 0.38359375 0.0296875 0.0109375
1 0.515625 0.51640625 0.0296875 0.009375
1 0.31953125 0.3984375 0.0328125 0.0125
1 0.00859375 0.39453125 0.0171875 0.0140625
1 0.16796875 0.9359375 0.034375 0.01875
1 0.28125 0.4640625 0.0296875 0.0078125
1 0.01796875 0.428125 0.0359375 0.01875
1 0.50625 0.50703125 0.0296875 0.0109375
1 0.32890625 0.30859375 0.0296875 0.0109375
1 0.0625 0.37734375 0.03125 0.009375
1 0.24921875 0.8984375 0.03125 0.0109375
1 0.0828125 0.38046875 0.03125 0.0125
1 0.60390625 0.284375 0.028125 0.009375
1 0.89921875 0.9234375 0.0359375 0.0171875
1 0.2265625 0.93203125 0.0359375 0.01875
1 0.53359375 0.2578125 0.028125 0.0078125
1 0.1703125 0.9125 0.03125 0.0109375
1 0.85703125 0.28515625 0.028125 0.0078125
1 0.728125 0.4765625 0.03125 0.0125
1 0.61171875 0.4625 0.03125 0.0109375
1 0.6796875 0.39921875 0.0328125 0.015625
1 0.23515625 0.9 0.0296875 0.0109375
1 0.37109375 0.2765625 0.028125 0.009375
1 0.921875 0.3203125 0.0296875 0.009375
1 0.61796875 0.29453125 0.0265625 0.0078125
1 0.334375 0.3296875 0.03125 0.0109375
1 0.98828125 0.4 0.0234375 0.0125
1 0.1390625 0.3234375 0.0296875 0.009375
1 0.1375 0.35703125 0.028125 0.009375
1 0.17109375 0.665625 0.03125 0.009375
1 0.50625 0.2578125 0.028125 0.0078125
0 0.43359375 0.78046875 0.05 0.0421875
1 0.80546875 0.2671875 0.0265625 0.0078125
1 0.9375 0.34375 0.0328125 0.0125
1 0.96015625 0.35859375 0.0296875 0.0109375
1 0.8421875 0.353125 0.03125 0.0109375
1 0.18046875 0.27890625 0.0296875 0.009375
1 0.14453125 0.30078125 0.0296875 0.009375
1 0.36796875 0.3265625 0.0296875 0.009375
1 0.0109375 0.43203125 0.021875 0.0109375
1 0.8296875 0.865625 0.034375 0.0140625
1 0.04296875 0.39765625 0.0296875 0.009375
1 0.50234375 0.8953125 0.028125 0.00625
1 0.815625 0.26875 0.028125 0.0078125
1 0.2453125 0.51875 0.03125 0.009375
1 0.271875 0.52109375 0.03125 0.0125
1 0.89453125 0.95 0.034375 0.015625
1 0.08515625 0.340625 0.0296875 0.0078125
1 0.42421875 0.99140625 0.040625 0.0125
1 0.2109375 0.8921875 0.028125 0.0078125
1 0.29296875 0.88125 0.028125 0.00625
1 0.69296875 0.37109375 0.0296875 0.0109375
1 0.696875 0.4171875 0.03125 0.0125
1 0.3203125 0.38046875 0.0328125 0.0140625
1 0.8296875 0.45546875 0.0296875 0.0109375
1 0.82734375 0.26953125 0.028125 0.0078125
1 0.2046875 0.91171875 0.0328125 0.0125
1 0.125 0.28515625 0.028125 0.0078125
1 0.84296875 0.26171875 0.03125 0.009375
1 0.3625 0.8734375 0.0265625 0.00625
1 0.88984375 0.29921875 0.0296875 0.0078125
1 0.9078125 0.32578125 0.028125 0.00625
1 0.696875 0.321875 0.03125 0.0109375
1 0.91484375 0.89453125 0.034375 0.0171875
1 0.10078125 0.28046875 0.028125 0.009375
1 0.8046875 0.2828125 0.0296875 0.0109375
1 0.73046875 0.8671875 0.0296875 0.0109375
1 0.85078125 0.26640625 0.028125 0.0078125
1 0.31640625 0.359375 0.0296875 0.009375
1 0.8875 0.96953125 0.0421875 0.0171875
1 0.63046875 0.28984375 0.028125 0.0078125
1 0.8625 0.271875 0.0296875 0.0078125
1 0.05859375 0.36171875 0.03125 0.009375
1 0.27734375 0.4984375 0.0296875 0.0109375
1 0.07109375 0.3765625 0.0296875 0.0109375
1 0.265625 0.8875 0.0296875 0.009375
1 0.61328125 0.25546875 0.028125 0.0078125
1 0.84765625 0.8515625 0.0265625 0.00625
1 0.08125 0.32265625 0.0296875 0.0078125
1 0.1296875 0.30390625 0.03125 0.0109375
1 0.85234375 0.87421875 0.03125 0.0078125
1 0.60625 0.25390625 0.028125 0.0078125
1 0.5875 0.25390625 0.0296875 0.0078125
1 0.0828125 0.36328125 0.0296875 0.0078125
1 0.6421875 0.28828125 0.028125 0.0046875
1 0.92109375 0.92265625 0.034375 0.0140625
1 0.3421875 0.32734375 0.028125 0.0078125
1 0.30859375 0.35390625 0.028125 0.009375
1 0.28046875 0.4796875 0.0296875 0.009375
1 0.93046875 0.30546875 0.028125 0.0078125
1 0.3 0.8765625 0.028125 0.00625
1 0.31796875 0.34765625 0.0296875 0.0078125
1 0.54765625 0.64140625 0.0296875 0.0078125
1 0.67734375 0.37890625 0.0328125 0.0125
1 0.13125 0.91484375 0.03125 0.0109375
1 0.2703125 0.4796875 0.03125 0.0078125
1 0.47890625 0.8921875 0.0265625 0.0046875
1 0.675 0.31171875 0.0296875 0.009375
1 0.68671875 0.38125 0.028125 0.009375
1 0.2015625 0.8921875 0.028125 0.0078125
1 0.9 0.87265625 0.028125 0.009375
1 0.11484375 0.30625 0.0296875 0.0109375
1 0.25859375 0.5046875 0.028125 0.009375
1 0.60234375 0.85 0.028125 0.00625
1 0.86015625 0.85234375 0.028125 0.009375
1 0.9 0.30625 0.03125 0.0109375
1 0.265625 0.4953125 0.028125 0.009375
1 0.4671875 0.8765625 0.028125 0.00625
1 0.8703125 0.8578125 0.028125 0.009375
1 0.2734375 0.88671875 0.03125 0.009375
1 0.246875 0.53515625 0.03125 0.0109375
1 0.24140625 0.88125 0.0296875 0.00625
1 0.87890625 0.259375 0.03125 0.0109375
1 0.2046875 0.66484375 0.028125 0.0046875
1 0.165625 0.89921875 0.0296875 0.0078125
1 0.82265625 0.2546875 0.0296875 0.0078125
1 0.8671875 0.2546875 0.028125 0.0078125
1 0.45625 0.90390625 0.034375 0.0109375
1 0.71875 0.859375 0.0296875 0.0078125
1 0.94609375 0.3453125 0.0328125 0.0125
1 0.71171875 0.87109375 0.028125 0.009375
1 0.57421875 0.61953125 0.03125 0.00625
1 0.01796875 0.37265625 0.0328125 0.0140625