2 0.7703125 0.21875 0.0890625 0.06171875
3 0.4625 0.290625 0.06171875 0.0703125
4 0.09296875 0.86484375 0.0765625 0.11171875
1 0.446875 0.4546875 0.01015625 0.01796875
1 0.121875 0.44609375 0.01015625 0.0171875
1 0.27109375 0.5765625 0.0140625 0.0234375
1 0.37265625 0.4703125 0.0109375 0.01875
1 0.13359375 0.565625 0.01328125 0.02265625
2 0.25 0.22578125 0.0921875 0.05
1 0.171875 0.428125 0.01015625 0.01640625
1 0.0046875 0.45234375 0.00859375 0.01796875
1 0.37265625 0.50625 0.01171875 0.0203125
4 0.440625 0.54140625 0.1140625 0.1125
1 0.3359375 0.47734375 0.0109375 0.01875
1 0.3859375 0.440625 0.01015625 0.015625
1 0.01953125 0.434375 0.0109375 0.015625
1 0.5046875 0.57734375 0.0125 0.02265625
1 0.334375 0.39140625 0.01015625 0.01484375
1 0.65546875 0.38125 0.00859375 0.01640625
1 0.5375 0.56796875 0.0125 0.0234375
1 0.60859375 0.3890625 0.00859375 0.01328125
1 0.559375 0.39140625 0.01015625 0.015625
1 0.1296875 0.92890625 0.0171875 0.0296875
1 0.47265625 0.453125 0.0109375 0.01796875
1 0.684375 0.8546875 0.0078125 0.0140625
1 0.5984375 0.35078125 0.00859375 0.01484375
1 0.328125 0.4453125 0.01015625 0.01640625
3 0.24375 0.9015625 0.15546875 0.17578125
1 0.3234375 0.40859375 0.009375 0.0171875
1 0.25703125 0.63984375 0.01484375 0.025
1 0.35859375 0.57890625 0.0125 0.01875
1 0.57890625 0.44921875 0.01015625 0.01875
1 0.55 0.4296875 0.01015625 0.0171875
1 0.53125 0.42265625 0.00859375 0.0171875
1 0.31875 0.46015625 0.01015625 0.01796875
1 0.11484375 0.384375 0.00859375 0.01484375
1 0.3515625 0.39375 0.009375 0.01484375
1 0.95390625 0.3734375 0.00859375 0.01484375
1 0.10390625 0.42578125 0.01015625 0.01640625
1 0.29296875 0.51640625 0.00859375 0.0171875
1 0.378125 0.571875 0.0109375 0.01875
1 0.37421875 0.328125 0.0078125 0.0125
1 0.59453125 0.3828125 0.00859375 0.0140625
1 0.30234375 0.45546875 0.0109375 0.015625
1 0.41953125 0.46875 0.009375 0.01328125
1 0.396875 0.45390625 0.0109375 0.01875
1 0.0515625 0.56953125 0.01328125 0.02265625
0 0.20625 0.1265625 0.01015625 0.0171875
1 0.14921875 0.96015625 0.0203125 0.0375
1 0.30234375 0.43984375 0.009375 0.01171875
1 0.571875 0.39140625 0.009375 0.01640625
1 0.49609375 0.44140625 0.01171875 0.02109375
1 0.17890625 0.38359375 0.0078125 0.01484375
1 0.4625 0.61640625 0.0140625 0.0203125
1 0.28984375 0.45625 0.0109375 0.015625
1 0.64375 0.37109375 0.009375 0.0125
1 0.5609375 0.409375 0.01015625 0.0171875
4 0.48359375 0.40546875 0.08203125 0.09609375
1 0.5203125 0.31953125 0.00703125 0.01171875
1 0.37421875 0.38515625 0.00859375 0.0140625
1 0.640625 0.3859375 0.009375 0.01484375
1 0.6734375 0.340625 0.009375 0.01328125
1 0.546875 0.315625 0.0078125 0.01328125
1 0.35390625 0.3515625 0.00703125 0.01328125
1 0.52109375 0.59296875 0.01171875 0.015625
1 0.3734375 0.40625 0.01015625 0.01484375
1 0.1703125 0.30625 0.00859375 0.01171875
1 0.93828125 0.39609375 0.0109375 0.0171875
1 0.675 0.90234375 0.01328125 0.015625
1 0.06015625 0.98984375 0.01875 0.01875
1 0.18046875 0.415625 0.01015625 0.0171875
1 0.3796875 0.58984375 0.0109375 0.01328125
1 0.66484375 0.859375 0.009375 0.01640625
1 0.046875 0.42421875 0.01015625 0.01640625
1 0.3296875 0.4328125 0.009375 0.0125
1 0.38046875 0.35625 0.0078125 0.0140625
1 0.58046875 0.32265625 0.0078125 0.0140625
1 0.52109375 0.43828125 0.00859375 0.01640625
1 0.28984375 0.4421875 0.009375 0.0125
1 0.88203125 0.32421875 0.00859375 0.0140625
1 0.1609375 0.321875 0.0078125 0.0125
1 0.33125 0.40546875 0.01015625 0.01484375
1 0.48828125 0.45625 0.0109375 0.01875
0 0.18828125 0.065625 0.01328125 0.0203125
1 0.61484375 0.32109375 0.00703125 0.01328125
1 0.3859375 0.41015625 0.01015625 0.01484375
1 0.4640625 0.9046875 0.009375 0.01015625
1 0.0578125 0.42421875 0.01015625 0.01875
1 0.3328125 0.865625 0.0109375 0.0171875
0 0.3421875 0.2265625 0.00859375 0.015625
1 0.4671875 0.34921875 0.0078125 0.0125
1 0.54921875 0.35078125 0.009375 0.0140625
1 0.38125 0.39609375 0.00859375 0.01328125
1 0.5421875 0.38671875 0.009375 0.01484375
1 0.43359375 0.446875 0.01171875 0.0171875
1 0.58203125 0.3984375 0.009375 0.01640625
1 0.85390625 0.29921875 0.00703125 0.01171875
1 0.6546875 0.359375 0.0078125 0.0140625
1 0.64296875 0.35078125 0.009375 0.01328125
1 0.86875 0.30859375 0.0078125 0.01328125
1 0.1421875 0.34296875 0.00703125 0.0125
1 0.32734375 0.325 0.00859375 0.0140625
1 0.39296875 0.334375 0.0078125 0.0140625
1 0.10078125 0.3828125 0.01015625 0.01484375
1 0.596875 0.321875 0.00859375 0.0125
1 0.09453125 0.4234375 0.01015625 0.01640625
1 0.62578125 0.3296875 0.0078125 0.01328125
1 0.19140625 0.30390625 0.00546875 0.0109375
1 0.51484375 0.3 0.00625 0.01015625
1 0.41484375 0.45546875 0.0109375 0.01640625
1 0.36796875 0.396875 0.0078125 0.01171875
1 0.3375 0.3609375 0.0078125 0.01328125
1 0.06640625 0.38515625 0.00859375 0.0140625
1 0.1109375 0.3296875 0.0078125 0.0125
1 0.56015625 0.29609375 0.0078125 0.0125
1 0.48125 0.31953125 0.0078125 0.01171875
1 0.99140625 0.4015625 0.01328125 0.01875
1 0.1171875 0.346875 0.00859375 0.0140625
1 0.3015625 0.334375 0.01015625 0.01640625
1 0.19140625 0.590625 0.009375 0.0109375
1 0.415625 0.359375 0.009375 0.0125
0 0.271875 0.22421875 0.00859375 0.0125
1 0.4828125 0.596875 0.00859375 0.01015625
0 0.12578125 0.08515625 0.01171875 0.02109375
1 0.55546875 0.340625 0.00703125 0.0125
1 0.14140625 0.321875 0.009375 0.0140625
1 0.39296875 0.3765625 0.01171875 0.01796875
1 0.88046875 0.30078125 0.0078125 0.01171875
1 0.4203125 0.40625 0.0078125 0.0140625
1 0.55859375 0.37734375 0.009375 0.01171875
1 0.53046875 0.39765625 0.0078125 0.01484375
1 0.959375 0.34296875 0.0078125 0.01171875
1 0.98203125 0.3703125 0.0109375 0.01640625
1 0.053125 0.39609375 0.00703125 0.01328125
1 0.740625 0.84296875 0.00703125 0.0109375
1 0.53671875 0.83671875 0.00625 0.0125
1 0.39453125 0.59140625 0.009375 0.01171875
1 0.571875 0.83828125 0.0078125 0.01171875
1 0.0734375 0.40390625 0.0109375 0.015625
1 0.290625 0.33984375 0.009375 0.015625
1 0.615625 0.303125 0.00703125 0.01015625
1 0.59921875 0.29921875 0.00859375 0.0125
1 0.415625 0.2859375 0.00703125 0.01171875
1 0.1609375 0.30703125 0.0078125 0.01015625
1 0.153125 0.89921875 0.0125 0.0203125
1 0.74609375 0.85 0.00859375 0.0125
1 0.79609375 0.84921875 0.00703125 0.0125
0 0.05859375 0.04765625 0.01484375 0.02265625
1 0.88046875 0.8515625 0.0078125 0.01171875
1 0.08359375 0.40703125 0.00859375 0.01484375
1 0.10234375 0.3515625 0.01015625 0.0125
1 0.1015625 0.9890625 0.021875 0.02109375
1 0.603125 0.328125 0.0078125 0.01171875
1 0.3390625 0.34765625 0.00859375 0.0109375
1 0.40234375 0.40546875 0.01015625 0.0140625
1 0.125 0.346875 0.0109375 0.01328125
1 0.0265625 0.61484375 0.0140625 0.02265625
1 0.89140625 0.30390625 0.009375 0.0140625
1 0.43046875 0.40390625 0.00859375 0.0125
1 0.24765625 0.39375 0.01015625 0.0171875
1 0.67734375 0.83125 0.00625 0.01015625
1 0.35234375 0.3390625 0.00625 0.01015625
1 0.31484375 0.35546875 0.00703125 0.0125
1 0.4390625 0.39765625 0.009375 0.0125
1 0.99609375 0.37890625 0.00625 0.0140625
1 0.63984375 0.33984375 0.00859375 0.01328125
1 0.88515625 0.8890625 0.0171875 0.02109375
1 0.0421875 0.4078125 0.00703125 0.01015625
1 0.9015625 0.31875 0.00859375 0.01328125
1 0.41640625 0.3265625 0.00859375 0.01171875
1 0.12109375 0.315625 0.00859375 0.0140625
1 0.57578125 0.2953125 0.00703125 0.0125
1 0.09453125 0.3375 0.0078125 0.0125
1 0.4484375 0.61640625 0.01328125 0.021875
1 0.4703125 0.82265625 0.00859375 0.01640625
1 0.56171875 0.81640625 0.00546875 0.01171875
1 0.41640625 0.346875 0.0078125 0.0125
1 0.39453125 0.40859375 0.01015625 0.01640625
1 0.39296875 0.3234375 0.00703125 0.009375
1 0.7796875 0.84453125 0.009375 0.0125
1 0.1359375 0.88828125 0.0125 0.0171875
1 0.5171875 0.8328125 0.00703125 0.0125
1 0.94453125 0.334375 0.01015625 0.01484375
1 0.05234375 0.3828125 0.00859375 0.0125
1 0.8125 0.84453125 0.00859375 0.0109375
1 0.5921875 0.409375 0.0078125 0.0109375
1 0.43203125 0.29375 0.00625 0.0109375
1 0.3265625 0.33828125 0.0109375 0.01171875
0 0.26953125 0.1703125 0.00859375 0.01484375
1 0.93125 0.328125 0.01171875 0.0171875
1 0.56171875 0.8359375 0.00703125 0.01171875
1 0.63046875 0.296875 0.0078125 0.0109375