2 0.25 0.203125 0.1234375 0.0734375
2 0.76875 0.22265625 0.125 0.0671875
4 0.56953125 0.3609375 0.1078125 0.1
1 0.03203125 0.40859375 0.0453125 0.0234375
1 0.35625 0.3859375 0.04375 0.021875
1 0.5046875 0.421875 0.04375 0.0234375
1 0.803125 0.58671875 0.046875 0.0296875
1 0.1328125 0.9 0.0453125 0.0265625
1 0.66015625 0.43125 0.04375 0.0234375
1 0.38984375 0.54453125 0.046875 0.0296875
1 0.346875 0.4578125 0.0453125 0.025
1 0.63125 0.4109375 0.0453125 0.0265625
1 0.378125 0.48515625 0.0453125 0.0265625
1 0.603125 0.47265625 0.04375 0.025
1 0.7140625 0.58984375 0.046875 0.0296875
1 0.4203125 0.40390625 0.04375 0.0234375
1 0.4109375 0.31796875 0.0421875 0.021875
1 0.615625 0.5421875 0.0453125 0.028125
1 0.821875 0.66015625 0.0484375 0.0265625
1 0.07265625 0.3734375 0.04375 0.0234375
1 0.4359375 0.3703125 0.0421875 0.0234375
0 0.14765625 0.16015625 0.046875 0.028125
1 0.42265625 0.53359375 0.0453125 0.0265625
1 0.375 0.384375 0.04375 0.021875
1 0.39375 0.45 0.0453125 0.0234375
1 0.3421875 0.5140625 0.046875 0.0265625
0 0.23984375 0.159375 0.0453125 0.0265625
0 0.1390625 0.18828125 0.046875 0.028125
1 0.18515625 0.3296875 0.0421875 0.021875
1 0.496875 0.3796875 0.0421875 0.021875
0 0.140625 0.20859375 0.046875 0.0265625
1 0.8859375 0.3796875 0.04375 0.0234375
1 0.72421875 0.51953125 0.0453125 0.028125
1 0.59453125 0.42890625 0.0453125 0.025
1 0.65234375 0.49296875 0.0453125 0.0265625
1 0.1640625 0.353125 0.0421875 0.021875
0 0.1453125 0.1296875 0.0453125 0.028125
1 0.6328125 0.49609375 0.0453125 0.025
1 0.06953125 0.40390625 0.0453125 0.025
1 0.4421875 0.43671875 0.0453125 0.025
1 0.35703125 0.36171875 0.0421875 0.0203125
4 0.14140625 0.43671875 0.1265625 0.115625
1 0.1453125 0.95859375 0.053125 0.0421875
1 0.475 0.31796875 0.040625 0.0203125
1 0.47265625 0.3453125 0.0421875 0.021875
1 0.459375 0.41328125 0.04375 0.0234375
1 0.6390625 0.89765625 0.0453125 0.0234375
1 0.53359375 0.48515625 0.04375 0.025
1 0.54375 0.48515625 0.0453125 0.025
1 0.70703125 0.4375 0.0453125 0.0234375
1 0.1234375 0.53046875 0.0453125 0.025
1 0.46171875 0.43203125 0.04375 0.025
1 0.565625 0.43203125 0.0453125 0.0234375
1 0.4921875 0.2890625 0.040625 0.0203125
1 0.61171875 0.40390625 0.04375 0.0234375
1 0.35546875 0.5203125 0.0453125 0.025
1 0.64921875 0.521875 0.0453125 0.0265625
1 0.3859375 0.35078125 0.0421875 0.0203125
1 0.93125 0.4171875 0.0453125 0.0234375
1 0.3609375 0.29921875 0.0421875 0.021875
1 0.32578125 0.38046875 0.04375 0.021875
1 0.42265625 0.90078125 0.0421875 0.0171875
1 0.3921875 0.27109375 0.040625 0.0203125
1 0.03671875 0.36640625 0.04375 0.0234375
1 0.01640625 0.384375 0.0328125 0.025
1 0.91171875 0.31015625 0.04375 0.021875
1 0.396875 0.4296875 0.04375 0.0234375
1 0.953125 0.4234375 0.0453125 0.0234375
1 0.48984375 0.3984375 0.0421875 0.021875
1 0.57109375 0.4875 0.0453125 0.0234375
1 0.9703125 0.425 0.0453125 0.0234375
0 0.22265625 0.1203125 0.0453125 0.025
1 0.1390625 0.38203125 0.0453125 0.025
1 0.52265625 0.42265625 0.0453125 0.0234375
1 0.653125 0.36640625 0.0421875 0.021875
1 0.23828125 0.8890625 0.0453125 0.0265625
0 0.16796875 0.10859375 0.046875 0.0265625
1 0.59453125 0.4078125 0.04375 0.021875
4 0.30703125 0.8671875 0.103125 0.0859375
1 0.665625 0.65234375 0.046875 0.025
1 0.35234375 0.43984375 0.0453125 0.025
1 0.18984375 0.38359375 0.0453125 0.021875
1 0.33828125 0.33359375 0.0421875 0.021875
1 0.10546875 0.3125 0.0421875 0.021875
1 0.6140625 0.371875 0.040625 0.0203125
1 0.6515625 0.35234375 0.0421875 0.01875
3 0.21328125 0.83515625 0.096875 0.0625
1 0.31328125 0.3296875 0.0421875 0.021875
1 0.8234375 0.33671875 0.0421875 0.0203125
1 0.7046875 0.3515625 0.0421875 0.021875
1 0.60546875 0.4546875 0.04375 0.021875
1 0.14375 0.878125 0.04375 0.025
1 0.8625 0.6484375 0.0484375 0.0234375
1 0.33828125 0.38359375 0.0421875 0.0203125
1 0.44921875 0.37265625 0.0421875 0.021875
1 0.41640625 0.3515625 0.040625 0.0203125
1 0.56171875 0.4734375 0.046875 0.025
1 0.071875 0.9 0.046875 0.0265625
1 0.84296875 0.2734375 0.040625 0.01875
1 0.68359375 0.44296875 0.04375 0.0234375
1 0.44921875 0.39296875 0.0421875 0.0234375
1 0.66328125 0.33125 0.0421875 0.0203125
1 0.67734375 0.3515625 0.0421875 0.0203125
1 0.54765625 0.42265625 0.0421875 0.021875
1 0.1671875 0.3015625 0.040625 0.01875
1 0.08984375 0.3671875 0.0453125 0.025
1 0.33515625 0.35625 0.0421875 0.021875
1 0.384375 0.36875 0.0421875 0.021875
1 0.0890625 0.91953125 0.0484375 0.028125
1 0.3078125 0.34453125 0.0421875 0.0203125
1 0.6640625 0.88203125 0.040625 0.01875
1 0.57265625 0.28984375 0.040625 0.0203125
3 0.97109375 0.37734375 0.0578125 0.0890625
1 0.5171875 0.29296875 0.040625 0.01875
1 0.5765625 0.45703125 0.04375 0.0203125
1 0.1953125 0.35390625 0.0421875 0.021875
1 0.9828125 0.65859375 0.034375 0.0265625
1 0.15703125 0.2859375 0.040625 0.0203125
1 0.09453125 0.3 0.0421875 0.0203125
1 0.5171875 0.31796875 0.0421875 0.0203125
1 0.3546875 0.34296875 0.040625 0.0203125
1 0.565625 0.26875 0.040625 0.0203125
0 0.215625 0.140625 0.046875 0.0234375
1 0.67734375 0.36953125 0.0421875 0.021875
1 0.51796875 0.49921875 0.040625 0.0203125
1 0.690625 0.40703125 0.04375 0.0234375
1 0.69453125 0.45859375 0.0453125 0.025
1 0.30703125 0.3109375 0.04375 0.021875
1 0.1796875 0.36328125 0.04375 0.021875
1 0.46796875 0.371875 0.0453125 0.021875
1 0.0859375 0.44375 0.046875 0.0296875
1 0.053125 0.91015625 0.046875 0.0265625
1 0.5796875 0.4265625 0.0453125 0.025
1 0.16484375 0.89296875 0.0453125 0.028125
1 0.2078125 0.3859375 0.04375 0.021875
1 0.6140625 0.28671875 0.040625 0.01875
1 0.49296875 0.33828125 0.0421875 0.021875
1 0.41328125 0.26484375 0.0421875 0.01875
1 0.61875 0.296875 0.040625 0.01875
1 0.765625 0.91796875 0.0453125 0.025
1 0.55078125 0.29921875 0.04375 0.0203125
0 0.36640625 0.796875 0.046875 0.028125
1 0.8953125 0.28671875 0.040625 0.0171875
1 0.5140625 0.40078125 0.0421875 0.021875
1 0.24921875 0.86015625 0.0453125 0.021875
1 0.62734375 0.26640625 0.040625 0.01875
1 0.49765625 0.35390625 0.04375 0.021875
1 0.74453125 0.89296875 0.0421875 0.01875
1 0.5671875 0.45 0.04375 0.0234375
1 0.90625 0.29296875 0.040625 0.01875
1 0.44375 0.30703125 0.040625 0.0203125
1 0.52578125 0.340625 0.0421875 0.021875
1 0.1640625 0.2734375 0.0421875 0.0203125
1 0.6640625 0.278125 0.0421875 0.01875
1 0.40859375 0.3359375 0.04375 0.0203125
1 0.46875 0.27421875 0.040625 0.01875
1 0.45859375 0.35390625 0.04375 0.021875
1 0.47890625 0.36796875 0.0453125 0.021875
1 0.94375 0.4078125 0.0453125 0.021875
1 0.52265625 0.3703125 0.040625 0.0203125
1 0.44609375 0.26171875 0.040625 0.01875
1 0.61796875 0.33203125 0.040625 0.01875
1 0.12109375 0.25703125 0.040625 0.0203125
1 0.34140625 0.31484375 0.0421875 0.025
1 0.0859375 0.859375 0.040625 0.01875
1 0.9421875 0.3453125 0.040625 0.01875
1 0.5375 0.325 0.0421875 0.0203125
1 0.7109375 0.890625 0.040625 0.0203125
1 0.5375 0.425 0.04375 0.0234375
1 0.03671875 0.34453125 0.0453125 0.0234375
1 0.3890625 0.43828125 0.0421875 0.0203125
1 0.928125 0.31640625 0.0453125 0.0203125
1 0.578125 0.44296875 0.04375 0.01875
1 0.69296875 0.31171875 0.040625 0.0203125
0 0.20234375 0.0890625 0.04375 0.0234375
1 0.5953125 0.26328125 0.040625 0.01875
1 0.14609375 0.2546875 0.040625 0.01875
1 0.1734375 0.25546875 0.040625 0.01875
1 0.54375 0.2796875 0.040625 0.01875
1 0.56796875 0.6234375 0.04375 0.01875
3 0.8453125 0.9359375 0.2 0.128125
1 0.2046875 0.24921875 0.0390625 0.0171875
1 0.753125 0.9078125 0.04375 0.021875
1 0.575 0.4703125 0.0453125 0.0203125
1 0.1953125 0.86640625 0.04375 0.021875
1 0.8703125 0.28046875 0.0421875 0.01875
1 0.18046875 0.25625 0.040625 0.01875
1 0.696875 0.43828125 0.04375 0.0234375
1 0.346875 0.3375 0.04375 0.021875
1 0.51953125 0.38359375 0.0421875 0.0203125
1 0.32421875 0.3625 0.04375 0.0234375
1 0.51796875 0.346875 0.0421875 0.021875
1 0.628125 0.29296875 0.0421875 0.0203125
1 0.396875 0.25859375 0.0390625 0.01875
1 0.5046875 0.36796875 0.0421875 0.0203125
1 0.52109375 0.26875 0.040625 0.01875
1 0.64375 0.29453125 0.040625 0.01875
1 0.88203125 0.28125 0.040625 0.01875
1 0.4453125 0.346875 0.04375 0.01875
1 0.50859375 0.3078125 0.04375 0.021875
1 0.4640625 0.26015625 0.0421875 0.01875
1 0.54375 0.33515625 0.0421875 0.01875
1 0.5359375 0.396875 0.0421875 0.0203125
1 0.65859375 0.3125 0.040625 0.01875
1 0.315625 0.36796875 0.0421875 0.021875
1 0.509375 0.27421875 0.040625 0.0203125
1 0.65234375 0.31640625 0.040625 0.01875
1 0.1328125 0.87734375 0.0453125 0.025
1 0.978125 0.41953125 0.04375 0.0234375
1 0.63125 0.3453125 0.0421875 0.0203125
1 0.05859375 0.9671875 0.0515625 0.0265625
1 0.21015625 0.86171875 0.0421875 0.0203125
1 0.65390625 0.3265625 0.040625 0.01875
1 0.51015625 0.3375 0.0421875 0.0203125
1 0.06328125 0.62578125 0.0453125 0.0171875
1 0.7140625 0.30625 0.0421875 0.021875
1 0.74609375 0.88203125 0.0390625 0.0171875
1 0.6390625 0.87421875 0.0390625 0.0140625
1 0.478125 0.25546875 0.040625 0.01875
1 0.15859375 0.840625 0.040625 0.015625
1 0.26484375 0.8921875 0.04375 0.0171875
1 0.62109375 0.3546875 0.0421875 0.0203125
1 0.6578125 0.29765625 0.0421875 0.01875
1 0.159375 0.39921875 0.0453125 0.021875
1 0.55078125 0.2609375 0.040625 0.0171875
1 0.03828125 0.9671875 0.05 0.0234375
1 0.09140625 0.84453125 0.040625 0.01875
1 0.50078125 0.3375 0.0421875 0.021875
1 0.6828125 0.30390625 0.0421875 0.01875
1 0.68359375 0.315625 0.04375 0.0203125
1 0.553125 0.40625 0.040625 0.01875
1 0.221875 0.87109375 0.04375 0.0203125
1 0.5828125 0.40859375 0.04375 0.0203125
1 0.95703125 0.41171875 0.04375 0.01875
1 0.98359375 0.421875 0.0328125 0.021875
1 0.06953125 0.84296875 0.0390625 0.0171875
1 0.140625 0.846875 0.0390625 0.0171875
1 0.11484375 0.84453125 0.040625 0.0171875
1 0.13515625 0.62890625 0.0421875 0.0171875
1 0.71796875 0.88515625 0.0421875 0.01875
1 0.6890625 0.26875 0.040625 0.0171875
1 0.01484375 0.3609375 0.0296875 0.021875
1 0.9546875 0.35390625 0.0390625 0.0171875