2 0.26171875 0.19375 0.10625 0.0703125
3 0.85859375 0.36484375 0.0953125 0.103125
3 0.50234375 0.27109375 0.0875 0.0828125
1 0.7359375 0.56484375 0.0265625 0.021875
1 0.12109375 0.41015625 0.021875 0.01875
1 0.78671875 0.59296875 0.0265625 0.0234375
1 0.90234375 0.42578125 0.021875 0.015625
1 0.26953125 0.49453125 0.0234375 0.0203125
1 0.28515625 0.428125 0.021875 0.01875
4 0.61015625 0.42265625 0.0828125 0.1046875
1 0.70703125 0.45234375 0.021875 0.01875
1 0.4125 0.3953125 0.021875 0.0171875
1 0.36484375 0.521875 0.025 0.021875
1 0.26015625 0.42578125 0.0234375 0.0203125
1 0.04375 0.440625 0.025 0.0203125
1 0.1875 0.37890625 0.021875 0.0171875
1 0.178125 0.3375 0.0203125 0.015625
1 0.37421875 0.45859375 0.0234375 0.0203125
1 0.50546875 0.46015625 0.0234375 0.0203125
0 0.7953125 0.20078125 0.025 0.0203125
0 0.1828125 0.7796875 0.0296875 0.028125
1 0.01328125 0.3921875 0.021875 0.0171875
1 0.42734375 0.36328125 0.021875 0.015625
1 0.1390625 0.4171875 0.0234375 0.01875
1 0.4765625 0.340625 0.021875 0.015625
1 0.5625 0.39921875 0.021875 0.0171875
1 0.66328125 0.39453125 0.021875 0.015625
1 0.38046875 0.3953125 0.021875 0.0171875
1 0.3 0.4078125 0.021875 0.01875
1 0.82890625 0.45859375 0.021875 0.01875
1 0.675 0.496875 0.0234375 0.0203125
1 0.45078125 0.45 0.0234375 0.01875
1 0.68671875 0.5546875 0.025 0.0234375
1 0.515625 0.35234375 0.0203125 0.015625
1 0.140625 0.3265625 0.021875 0.015625
1 0.984375 0.4703125 0.0234375 0.01875
1 0.84765625 0.46171875 0.021875 0.0171875
1 0.17421875 0.4 0.021875 0.015625
0 0.8234375 0.19140625 0.025 0.0203125
1 0.55859375 0.33359375 0.0203125 0.0140625
1 0.190625 0.34296875 0.021875 0.015625
1 0.8359375 0.39921875 0.021875 0.0171875
1 0.98203125 0.5265625 0.0234375 0.01875
1 0.64765625 0.45390625 0.021875 0.0171875
1 0.59140625 0.91328125 0.021875 0.015625
1 0.671875 0.41484375 0.021875 0.01875
1 0.35 0.89140625 0.0234375 0.0140625
1 0.09609375 0.3328125 0.0203125 0.015625
1 0.834375 0.42109375 0.021875 0.0171875
1 0.61875 0.36171875 0.021875 0.015625
1 0.409375 0.36484375 0.021875 0.0171875
1 0.45859375 0.29609375 0.01875 0.0140625
1 0.32421875 0.38515625 0.021875 0.0171875
1 0.4640625 0.35625 0.0203125 0.0171875
1 0.95078125 0.475 0.025 0.0203125
1 0.628125 0.38515625 0.0234375 0.0171875
1 0.11796875 0.31953125 0.021875 0.015625
1 0.35625 0.38359375 0.0234375 0.0171875
1 0.00546875 0.50390625 0.0109375 0.0203125
1 0.33125 0.35703125 0.0203125 0.015625
1 0.415625 0.89765625 0.021875 0.0140625
1 0.365625 0.3453125 0.021875 0.015625
1 0.20703125 0.85859375 0.0203125 0.015625
1 0.52890625 0.34609375 0.0203125 0.0140625
1 0.090625 0.53984375 0.0265625 0.0203125
1 0.128125 0.28828125 0.0203125 0.0140625
1 0.553125 0.31015625 0.0203125 0.0140625
1 0.434375 0.29765625 0.0203125 0.0125
1 0.44453125 0.3296875 0.021875 0.015625
1 0.6796875 0.38828125 0.0203125 0.015625
1 0.69921875 0.409375 0.021875 0.0171875
1 0.44296875 0.34921875 0.0234375 0.0171875
0 0.1734375 0.734375 0.0359375 0.0421875
1 0.36875 0.3734375 0.021875 0.0171875
1 0.8234375 0.41953125 0.021875 0.0171875
1 0.27265625 0.88046875 0.025 0.0203125
1 0.8015625 0.44140625 0.021875 0.0171875
1 0.66015625 0.3609375 0.0203125 0.015625
1 0.359375 0.33203125 0.0203125 0.0140625
1 0.13984375 0.96015625 0.0328125 0.021875
1 0.209375 0.91171875 0.0265625 0.028125
1 0.06640625 0.38671875 0.021875 0.01875
1 0.39609375 0.3421875 0.021875 0.0140625
1 0.35546875 0.30390625 0.0203125 0.0140625
1 0.33046875 0.4453125 0.0234375 0.01875
1 0.94921875 0.453125 0.0234375 0.0171875
1 0.85625 0.43515625 0.0234375 0.0171875
1 0.93828125 0.38046875 0.021875 0.0171875
1 0.93359375 0.4359375 0.0234375 0.0171875
1 0.71953125 0.35234375 0.021875 0.0171875
0 0.79921875 0.17109375 0.0203125 0.01875
0 0.88359375 0.07890625 0.0234375 0.0203125
4 0.090625 0.27734375 0.065625 0.0875
1 0.38359375 0.34140625 0.0203125 0.015625
1 0.22578125 0.85625 0.0203125 0.0140625
1 0.678125 0.45859375 0.0234375 0.01875
1 0.0765625 0.3703125 0.0234375 0.01875
1 0.4125 0.2953125 0.01875 0.0140625
1 0.08671875 0.34609375 0.021875 0.015625
0 0.684375 0.7296875 0.025 0.025
1 0.58984375 0.33125 0.021875 0.015625
1 0.0921875 0.36171875 0.0234375 0.0171875
1 0.28515625 0.5421875 0.025 0.025
1 0.96640625 0.384375 0.0203125 0.0140625
1 0.54296875 0.33359375 0.021875 0.0140625
1 0.40234375 0.27890625 0.01875 0.0140625
1 0.45546875 0.43671875 0.021875 0.0171875
1 0.921875 0.50234375 0.0234375 0.01875
1 0.675 0.31953125 0.0203125 0.0140625
1 0.32890625 0.415625 0.0234375 0.0203125
1 0.1296875 0.2484375 0.01875 0.0125
1 0.14296875 0.39453125 0.0234375 0.01875
1 0.9890625 0.3859375 0.021875 0.015625
1 0.6890625 0.36328125 0.0203125 0.0171875
0 0.68984375 0.77109375 0.0234375 0.021875
1 0.53359375 0.325 0.0203125 0.015625
1 0.925 0.37421875 0.0203125 0.015625
1 0.97734375 0.5078125 0.0234375 0.0171875
1 0.196875 0.840625 0.01875 0.0125
3 0.89375 0.496875 0.090625 0.121875
1 0.17421875 0.596875 0.0234375 0.0140625
1 0.3671875 0.29375 0.021875 0.0140625
1 0.65390625 0.27421875 0.01875 0.0140625
1 0.0734375 0.3484375 0.0234375 0.0171875
1 0.47890625 0.3140625 0.021875 0.0140625
1 0.1890625 0.8578125 0.0203125 0.015625
1 0.13203125 0.31640625 0.021875 0.015625
1 0.109375 0.51484375 0.0265625 0.0203125
0 0.85234375 0.1890625 0.0234375 0.0203125
1 0.0171875 0.90390625 0.025 0.0171875
1 0.34765625 0.3609375 0.021875 0.0140625
1 0.2453125 0.88046875 0.0234375 0.015625
1 0.384375 0.3640625 0.0234375 0.0171875
0 0.69765625 0.79296875 0.0265625 0.0234375
1 0.64296875 0.34140625 0.0234375 0.0171875
1 0.06328125 0.36640625 0.025 0.0171875
1 0.96484375 0.4640625 0.0234375 0.01875
1 0.71171875 0.33828125 0.0203125 0.015625
1 0.47890625 0.6171875 0.021875 0.0171875
1 0.709375 0.3 0.021875 0.0171875
1 0.33125 0.4296875 0.0234375 0.0140625
1 0.44609375 0.28515625 0.021875 0.0140625
1 0.8859375 0.29375 0.0203125 0.0125
1 0.25703125 0.86953125 0.021875 0.0171875
1 0.69140625 0.3453125 0.021875 0.015625
1 0.6 0.2703125 0.0203125 0.0125
1 0.64375 0.88125 0.01875 0.0125
1 0.9921875 0.41640625 0.015625 0.0171875
0 0.89375 0.08203125 0.0234375 0.0203125
1 0.91640625 0.44296875 0.0234375 0.015625
1 0.159375 0.3875 0.0234375 0.0171875
0 0.07265625 0.15078125 0.0203125 0.0140625
1 0.90546875 0.32890625 0.0203125 0.0125
1 0.65625 0.4515625 0.021875 0.01875
1 0.10703125 0.903125 0.025 0.021875
1 0.3546875 0.36953125 0.0203125 0.0125
1 0.434375 0.2796875 0.01875 0.0125
1 0.63046875 0.88984375 0.021875 0.015625
1 0.63203125 0.3390625 0.0203125 0.015625
1 0.1203125 0.4953125 0.0234375 0.0171875
0 0.75859375 0.209375 0.0203125 0.0140625
1 0.41875 0.3375 0.025 0.021875
1 0.21328125 0.36484375 0.021875 0.0140625
1 0.38984375 0.3203125 0.0203125 0.0140625
2 0.77734375 0.23046875 0.109375 0.06875
1 0.08984375 0.5234375 0.025 0.015625
1 0.6140625 0.30859375 0.01875 0.0125
1 0.61875 0.32890625 0.021875 0.0171875
0 0.86015625 0.13984375 0.0234375 0.01875
1 0.30625 0.35546875 0.0203125 0.0125
0 0.07265625 0.75078125 0.0375 0.0390625
1 0.403125 0.8953125 0.025 0.0140625
1 0.35078125 0.34453125 0.0203125 0.009375
1 0.121875 0.8734375 0.0265625 0.0203125
1 0.8453125 0.421875 0.025 0.0171875
1 0.36484375 0.8609375 0.01875 0.0109375
1 0.14140625 0.8546875 0.0203125 0.0125
1 0.40703125 0.8640625 0.021875 0.0140625
1 0.0234375 0.3296875 0.0203125 0.0125
1 0.85 0.28515625 0.0265625 0.0203125
1 0.9015625 0.34375 0.01875 0.0109375
1 0.89765625 0.31171875 0.0203125 0.0125
1 0.959375 0.3765625 0.01875 0.0140625
1 0.6703125 0.33984375 0.0203125 0.0140625
1 0.25234375 0.9703125 0.03125 0.0203125
1 0.95546875 0.35859375 0.021875 0.0140625
1 0.8640625 0.425 0.01875 0.0125
1 0.04609375 0.35625 0.0234375 0.0171875
1 0.4359375 0.3296875 0.0203125 0.0140625
1 0.69296875 0.2734375 0.0203125 0.0125
1 0.12265625 0.51328125 0.0234375 0.021875
1 0.396875 0.86328125 0.0203125 0.0140625
1 0.3640625 0.890625 0.0234375 0.015625
1 0.02421875 0.88671875 0.025 0.021875
1 0.08046875 0.33203125 0.0203125 0.0140625
1 0.14609375 0.2421875 0.021875 0.0125
1 0.65390625 0.321875 0.0203125 0.0125
1 0.6796875 0.3390625 0.0234375 0.015625
1 0.1390625 0.88046875 0.025 0.0203125
1 0.66015625 0.33671875 0.021875 0.015625
0 0.70703125 0.7984375 0.01875 0.015625
1 0.40625 0.33046875 0.021875 0.015625
1 0.0375 0.34140625 0.0203125 0.0125
1 0.3296875 0.9828125 0.0234375 0.0078125
1 0.89296875 0.303125 0.021875 0.0109375
1 0.93671875 0.34375 0.021875 0.0125
1 0.925 0.34140625 0.021875 0.0125
0 0.81484375 0.15 0.0234375 0.015625
1 0.6921875 0.3265625 0.0203125 0.0125
0 0.87109375 0.1328125 0.0234375 0.0171875
1 0.08359375 0.88515625 0.0234375 0.0203125
0 0.778125 0.246875 0.0234375 0.021875
1 0.6421875 0.9171875 0.0234375 0.0140625
1 0.4609375 0.2859375 0.0203125 0.0109375
1 0.47578125 0.29921875 0.0203125 0.0125
1 0.39609375 0.328125 0.0203125 0.0125
1 0.946875 0.3671875 0.0203125 0.0125
0 0.8640625 0.25546875 0.021875 0.0171875
1 0.05625 0.34375 0.0234375 0.015625
0 0.87265625 0.2546875 0.021875 0.01875
1 0.1140625 0.828125 0.0265625 0.028125
1 0.63203125 0.9109375 0.025 0.0171875
1 0.08125 0.8625 0.0234375 0.01875
1 0.3828125 0.89140625 0.025 0.015625
1 0.9328125 0.321875 0.0234375 0.015625