3 0.57421875 0.353125 0.0734375 0.084375
1 0.60703125 0.4515625 0.0234375 0.01875
2 0.23515625 0.23984375 0.1109375 0.05625
1 0.87890625 0.409375 0.025 0.0171875
1 0.7984375 0.57734375 0.0265625 0.0171875
1 0.62734375 0.390625 0.0234375 0.0171875
1 0.79375 0.55625 0.0265625 0.0203125
1 0.29375 0.56484375 0.0265625 0.0234375
1 0.27734375 0.47890625 0.0234375 0.01875
1 0.5953125 0.41953125 0.0234375 0.0171875
1 0.95234375 0.4203125 0.025 0.0171875
1 0.1515625 0.434375 0.0234375 0.0171875
1 0.36796875 0.44140625 0.0234375 0.0171875
1 0.65234375 0.49453125 0.0265625 0.0203125
1 0.83671875 0.40859375 0.0234375 0.0171875
1 0.89296875 0.3796875 0.025 0.01875
0 0.7546875 0.19765625 0.028125 0.021875
1 0.503125 0.8921875 0.025 0.0234375
1 0.55546875 0.421875 0.025 0.01875
1 0.92109375 0.3640625 0.0234375 0.0171875
1 0.97109375 0.4 0.0234375 0.0171875
1 0.36875 0.4140625 0.0234375 0.0171875
1 0.725 0.58203125 0.025 0.0140625
1 0.34375 0.42421875 0.0234375 0.0171875
1 0.63984375 0.33828125 0.021875 0.015625
1 0.290625 0.89140625 0.0265625 0.0203125
0 0.89765625 0.7984375 0.028125 0.025
1 0.678125 0.40703125 0.0234375 0.0171875
1 0.76640625 0.5203125 0.0265625 0.021875
4 0.1125 0.91015625 0.1234375 0.1453125
1 0.0140625 0.4265625 0.0234375 0.015625
1 0.3671875 0.371875 0.021875 0.0140625
1 0.903125 0.40625 0.025 0.01875
4 0.06953125 0.5015625 0.115625 0.1125
1 0.69921875 0.56796875 0.0265625 0.021875
1 0.3203125 0.4109375 0.0234375 0.015625
1 0.49140625 0.35859375 0.021875 0.015625
1 0.4453125 0.8921875 0.025 0.021875
1 0.69453125 0.4109375 0.025 0.01875
1 0.09765625 0.41171875 0.0234375 0.015625
1 0.2171875 0.90546875 0.025 0.01875
1 0.3546875 0.65 0.0265625 0.0203125
1 0.21328125 0.5984375 0.0265625 0.015625
1 0.63203125 0.4375 0.025 0.01875
1 0.61171875 0.409375 0.0234375 0.0171875
1 0.72734375 0.5625 0.0265625 0.021875
1 0.71796875 0.6203125 0.0265625 0.0234375
1 0.7171875 0.53671875 0.0265625 0.021875
1 0.09765625 0.5625 0.0265625 0.021875
1 0.39765625 0.4828125 0.025 0.01875
1 0.2359375 0.96328125 0.0328125 0.0359375
1 0.89609375 0.33046875 0.025 0.0171875
1 0.52734375 0.38125 0.021875 0.015625
0 0.7375 0.16875 0.0265625 0.0203125
1 0.70625 0.52109375 0.0234375 0.0171875
1 0.696875 0.5359375 0.0265625 0.0203125
1 0.7421875 0.5265625 0.0265625 0.0203125
1 0.62109375 0.87421875 0.025 0.0203125
1 0.6296875 0.50546875 0.0265625 0.01875
1 0.553125 0.4515625 0.025 0.01875
1 0.68203125 0.55625 0.0265625 0.0234375
1 0.34921875 0.4953125 0.025 0.021875
1 0.38203125 0.65078125 0.025 0.015625
1 0.5734375 0.45625 0.025 0.0171875
0 0.89140625 0.7109375 0.0265625 0.0234375
1 0.24921875 0.9390625 0.0296875 0.028125
0 0.9375 0.7734375 0.0296875 0.028125
0 0.8703125 0.2234375 0.0265625 0.021875
1 0.94921875 0.37890625 0.025 0.015625
1 0.6125 0.53671875 0.0203125 0.015625
1 0.37578125 0.35 0.021875 0.0140625
1 0.37890625 0.46796875 0.025 0.01875
1 0.98671875 0.4109375 0.0265625 0.01875
1 0.47421875 0.3390625 0.0203125 0.0140625
1 0.7234375 0.4859375 0.025 0.021875
1 0.33046875 0.390625 0.0234375 0.015625
1 0.3546875 0.47109375 0.0234375 0.015625
1 0.3515625 0.34296875 0.0203125 0.0125
1 0.56875 0.42265625 0.025 0.0171875
4 0.36640625 0.87578125 0.1375 0.1015625
1 0.71875 0.85703125 0.025 0.01875
1 0.746875 0.50390625 0.025 0.0171875
1 0.17109375 0.91640625 0.0234375 0.021875
1 0.6203125 0.36875 0.021875 0.015625
0 0.74765625 0.7734375 0.03125 0.0328125
0 0.88671875 0.2546875 0.0265625 0.0203125
1 0.1015625 0.36015625 0.0203125 0.0125
1 0.12265625 0.384375 0.0203125 0.0140625
1 0.3359375 0.36875 0.0203125 0.015625
1 0.5015625 0.5609375 0.0234375 0.0203125
1 0.334375 0.4578125 0.025 0.01875
1 0.128125 0.44765625 0.0234375 0.01875
1 0.83046875 0.28203125 0.0203125 0.0140625
1 0.67265625 0.33515625 0.021875 0.0140625
1 0.68203125 0.86640625 0.025 0.021875
0 0.7859375 0.77109375 0.028125 0.0296875
1 0.4640625 0.90078125 0.0296875 0.021875
1 0.65546875 0.32578125 0.0234375 0.0171875
1 0.5078125 0.32421875 0.0203125 0.0140625
1 0.97578125 0.371875 0.025 0.015625
1 0.09609375 0.43203125 0.0234375 0.0171875
1 0.6765625 0.3859375 0.021875 0.0140625
1 0.67421875 0.35 0.021875 0.015625
1 0.5078125 0.39140625 0.021875 0.015625
1 0.58515625 0.303125 0.01875 0.0125
1 0.38984375 0.625 0.0234375 0.0171875
1 0.4546875 0.39921875 0.0234375 0.01875
1 0.12265625 0.36640625 0.0203125 0.0125
2 0.7546875 0.20546875 0.103125 0.0625
1 0.446875 0.378125 0.021875 0.015625
1 0.36640625 0.39765625 0.0234375 0.015625
1 0.38671875 0.378125 0.0234375 0.015625
1 0.36953125 0.99140625 0.0296875 0.0171875
1 0.46875 0.43125 0.0234375 0.015625
1 0.13984375 0.35234375 0.0203125 0.0125
0 0.90234375 0.7453125 0.0265625 0.025
1 0.315625 0.3578125 0.0203125 0.0140625
1 0.396875 0.359375 0.01875 0.0125
1 0.75859375 0.83671875 0.0203125 0.0125
1 0.12109375 0.45390625 0.025 0.0171875
1 0.64375 0.30625 0.0203125 0.0140625
1 0.734375 0.8453125 0.028125 0.0234375
1 0.08828125 0.359375 0.0203125 0.0125
1 0.5625 0.453125 0.0234375 0.01875
1 0.18671875 0.91640625 0.0265625 0.021875
1 0.10859375 0.56015625 0.0234375 0.0171875
1 0.8 0.8328125 0.028125 0.025
1 0.6078125 0.30859375 0.0203125 0.0140625
0 0.6375 0.734375 0.0265625 0.0234375
1 0.1546875 0.35625 0.0203125 0.0125
0 0.83125 0.16796875 0.0265625 0.0234375
1 0.25625 0.896875 0.025 0.01875
1 0.27421875 0.86171875 0.021875 0.0125
1 0.34375 0.3890625 0.0265625 0.015625
3 0.57890625 0.81484375 0.046875 0.0515625
1 0.51875 0.559375 0.021875 0.0171875
1 0.10859375 0.3390625 0.0203125 0.0125
0 0.84296875 0.1703125 0.0234375 0.021875
1 0.615625 0.5078125 0.025 0.0203125
0 0.98671875 0.3921875 0.0265625 0.01875
1 0.5421875 0.37265625 0.021875 0.015625
1 0.6390625 0.4875 0.025 0.0171875
1 0.62265625 0.29921875 0.0203125 0.0109375
1 0.3625 0.35625 0.0203125 0.0125
1 0.34296875 0.32578125 0.0203125 0.0125
1 0.66640625 0.36484375 0.0234375 0.0140625
1 0.45 0.35390625 0.021875 0.015625
1 0.9671875 0.3453125 0.0234375 0.0140625
0 0.81640625 0.76328125 0.0265625 0.021875
1 0.3828125 0.328125 0.021875 0.0140625
1 0.82265625 0.8375 0.0265625 0.01875
1 0.68515625 0.37109375 0.0203125 0.0140625
1 0.1796875 0.3390625 0.0203125 0.0125
1 0.93203125 0.34921875 0.021875 0.0140625
1 0.68515625 0.7796875 0.028125 0.0234375
1 0.09765625 0.45390625 0.025 0.015625
1 0.66171875 0.2875 0.021875 0.0125
1 0.20546875 0.9078125 0.028125 0.0203125
1 0.5484375 0.29453125 0.021875 0.0125
1 0.93359375 0.315625 0.0203125 0.0140625
1 0.4125 0.4203125 0.021875 0.015625
1 0.140625 0.34140625 0.0203125 0.0109375
1 0.3625 0.459375 0.0234375 0.0140625
1 0.415625 0.4734375 0.0265625 0.0203125
1 0.3046875 0.3234375 0.021875 0.0171875
1 0.5453125 0.3484375 0.0203125 0.0109375
1 0.06640625 0.44296875 0.0265625 0.0171875
1 0.69296875 0.86328125 0.0234375 0.01875
1 0.93984375 0.36015625 0.0234375 0.015625
0 0.94921875 0.3625 0.025 0.0171875
1 0.59921875 0.2921875 0.0203125 0.0125
1 0.9859375 0.35078125 0.025 0.0171875
1 0.00546875 0.4765625 0.0109375 0.015625
1 0.1609375 0.32265625 0.0234375 0.0140625
1 0.521875 0.396875 0.025 0.0171875
1 0.309375 0.390625 0.021875 0.0125
1 0.0125 0.4765625 0.025 0.015625
1 0.94765625 0.346875 0.0265625 0.015625
1 0.846875 0.84296875 0.025 0.0203125
1 0.625 0.315625 0.021875 0.0140625
1 0.17265625 0.28671875 0.0234375 0.015625
1 0.1171875 0.34921875 0.021875 0.0109375
1 0.16484375 0.34140625 0.021875 0.0140625
1 0.44453125 0.3046875 0.0203125 0.0125
1 0.1796875 0.871875 0.021875 0.0125
1 0.171875 0.32734375 0.0203125 0.0125
1 0.0859375 0.4390625 0.0265625 0.0203125
1 0.23125 0.8640625 0.021875 0.0125
1 0.47109375 0.3078125 0.0203125 0.0125
1 0.36875 0.33125 0.021875 0.0140625
1 0.6859375 0.38671875 0.021875 0.0125
1 0.42421875 0.3046875 0.021875 0.0125
1 0.4265625 0.47265625 0.0203125 0.0140625
0 0.7953125 0.2546875 0.025 0.0203125
1 0.4796875 0.309375 0.021875 0.0140625
1 0.76015625 0.80625 0.0265625 0.0203125
1 0.55078125 0.83984375 0.0203125 0.0125
1 0.13984375 0.32734375 0.0203125 0.0109375
1 0.43984375 0.33046875 0.021875 0.0140625
0 0.84140625 0.775 0.028125 0.0234375
1 0.1875 0.884375 0.0203125 0.0125
1 0.525 0.421875 0.021875 0.015625
1 0.525 0.29296875 0.0203125 0.0125
1 0.87734375 0.28828125 0.0203125 0.0125
1 0.21484375 0.88984375 0.021875 0.0109375
1 0.984375 0.32265625 0.025 0.0171875
1 0.78125 0.82734375 0.0203125 0.0109375
1 0.190625 0.8640625 0.0203125 0.0109375
1 0.415625 0.31875 0.021875 0.015625
1 0.56875 0.83671875 0.0234375 0.0140625
0 0.609375 0.70078125 0.021875 0.015625
0 0.9203125 0.32578125 0.0265625 0.01875
1 0.2953125 0.85703125 0.021875 0.0125
0 0.25390625 0.2375 0.0234375 0.0171875
1 0.34765625 0.31328125 0.0203125 0.0125
1 0.1515625 0.328125 0.021875 0.0125
1 0.11796875 0.3390625 0.0203125 0.0109375
1 0.60703125 0.521875 0.0203125 0.0125
1 0.91875 0.30234375 0.0234375 0.0171875
1 0.3796875 0.30546875 0.0203125 0.0125
1 0.2015625 0.89140625 0.021875 0.0109375
1 0.4046875 0.4765625 0.0203125 0.021875
1 0.8359375 0.828125 0.025 0.0171875