4 0.85859375 0.31484375 0.0859375 0.08125
1 0.1765625 0.37421875 0.00859375 0.01640625
1 0.5296875 0.39609375 0.0078125 0.01484375
1 0.55234375 0.3921875 0.009375 0.01328125
1 0.52890625 0.31953125 0.00859375 0.0125
1 0.35546875 0.38359375 0.0078125 0.01484375
1 0.228125 0.8890625 0.00859375 0.01640625
1 0.37265625 0.340625 0.00859375 0.0125
1 0.21953125 0.97578125 0.02265625 0.03671875
1 0.153125 0.41640625 0.009375 0.01640625
1 0.134375 0.353125 0.01015625 0.0140625
1 0.953125 0.353125 0.00859375 0.01328125
1 0.690625 0.48984375 0.0109375 0.01640625
1 0.70703125 0.5109375 0.01171875 0.02109375
1 0.17109375 0.95078125 0.01875 0.0328125
1 0.62734375 0.34921875 0.009375 0.01484375
1 0.53515625 0.6109375 0.01328125 0.025
1 0.01015625 0.48828125 0.01328125 0.01953125
1 0.49140625 0.33125 0.00859375 0.01328125
1 0.56640625 0.371875 0.0078125 0.01484375
1 0.334375 0.3390625 0.00703125 0.0140625
1 0.3734375 0.365625 0.009375 0.01484375
1 0.02890625 0.40859375 0.01015625 0.01796875
1 0.140625 0.38671875 0.01015625 0.015625
1 0.6640625 0.48671875 0.01015625 0.01875
1 0.46484375 0.2796875 0.00703125 0.01171875
1 0.51875 0.284375 0.0078125 0.0140625
1 0.73046875 0.5640625 0.01171875 0.0203125
1 0.09453125 0.51484375 0.01171875 0.01953125
1 0.1921875 0.403125 0.01015625 0.01640625
1 0.57734375 0.35 0.0078125 0.0140625
1 0.63203125 0.45625 0.0109375 0.01796875
2 0.7578125 0.2125 0.09140625 0.0703125
1 0.859375 0.88125 0.0109375 0.01171875
1 0.36796875 0.44609375 0.01015625 0.01953125
1 0.0640625 0.3421875 0.009375 0.0125
1 0.07421875 0.5046875 0.01171875 0.01875
1 0.1765625 0.915625 0.0125 0.02109375
1 0.3171875 0.3203125 0.00859375 0.0125
1 0.4359375 0.2671875 0.0078125 0.0109375
1 0.39296875 0.85390625 0.01171875 0.021875
1 0.00625 0.5203125 0.01171875 0.021875
1 0.596875 0.33671875 0.00859375 0.015625
1 0.37421875 0.546875 0.01328125 0.02109375
1 0.92890625 0.33359375 0.009375 0.0140625
1 0.32890625 0.35625 0.009375 0.0109375
1 0.10546875 0.32265625 0.00859375 0.01484375
1 0.18828125 0.44296875 0.009375 0.0171875
1 0.12734375 0.3125 0.0109375 0.01875
1 0.60546875 0.3828125 0.0078125 0.015625
1 0.840625 0.2703125 0.0078125 0.0125
1 0.49765625 0.2921875 0.009375 0.01171875
1 0.0046875 0.37109375 0.0078125 0.0140625
1 0.7359375 0.53125 0.01171875 0.01953125
1 0.884375 0.34921875 0.00859375 0.01328125
1 0.671875 0.371875 0.01015625 0.015625
1 0.03046875 0.44296875 0.0125 0.01640625
1 0.8234375 0.953125 0.01796875 0.034375
1 0.6453125 0.26484375 0.00859375 0.01328125
1 0.0140625 0.353125 0.009375 0.01328125
1 0.06328125 0.5375 0.0140625 0.02265625
2 0.2421875 0.209375 0.09140625 0.05078125
1 0.684375 0.38046875 0.00859375 0.01328125
0 0.86875 0.22890625 0.009375 0.01640625
1 0.075 0.33203125 0.0109375 0.01484375
1 0.07578125 0.54453125 0.01015625 0.01640625
1 0.659375 0.2609375 0.0078125 0.01171875
1 0.35390625 0.89296875 0.01015625 0.01796875
1 0.4296875 0.90078125 0.0140625 0.01875
1 0.6546875 0.4578125 0.01171875 0.01484375
1 0.259375 0.8671875 0.00859375 0.0125
1 0.32890625 0.37890625 0.0109375 0.01796875
1 0.184375 0.32265625 0.009375 0.01640625
3 0.2453125 0.57578125 0.109375 0.1359375
3 0.36875 0.2828125 0.04765625 0.07734375
3 0.31953125 0.25234375 0.05546875 0.0734375
4 0.196875 0.26640625 0.06328125 0.0859375
0 0.17421875 0.14861111093749999 0.1734375 0.1611111109375 0.18203125 0.165277778125 0.18359375 0.15 0.17421875 0.14861111093749999
0 0.20234375 0.14444444375 0.1953125 0.147222221875 0.19453125 0.15555555625 0.1984375 0.16388888906250001 0.20703125 0.15694444375 0.20234375 0.14444444375
0 0.2046875 0.127777778125 0.20625 0.140277778125 0.21484375 0.1416666671875 0.2140625 0.125 0.2046875 0.127777778125
0 0.20859375 0.20277777812500003 0.209375 0.215277778125 0.21796875 0.2138888890625 0.21796875 0.20138888906250002 0.20859375 0.20277777812500003
0 0.26875 0.19444444375 0.27265625 0.1888888890625 0.27265625 0.18194444375000002 0.271875 0.17916666718750002 0.26875 0.1763888890625 0.265625 0.1763888890625 0.26328125 0.18055555625 0.26328125 0.190277778125 0.265625 0.19444444375 0.26875 0.19444444375
0 0.259375 0.20972222187499998 0.26171875 0.20416666718749998 0.26171875 0.197222221875 0.2609375 0.19444444375 0.259375 0.19305555624999998 0.25625 0.19305555624999998 0.25390625 0.19583333281249998 0.253125 0.2 0.25390625 0.20833333281250002 0.2546875 0.20972222187499998 0.259375 0.20972222187499998
0 0.2515625 0.23194444375 0.25546875 0.23194444375 0.2578125 0.23055555625 0.259375 0.22638888906250001 0.259375 0.222222221875 0.25859375 0.21944444375 0.25546875 0.215277778125 0.25078125 0.215277778125 0.24765625 0.21944444375 0.246875 0.21944444375 0.24609375 0.2208333328125 0.24609375 0.225 0.2484375 0.22916666718749998 0.2515625 0.23194444375
0 0.2265625 0.052777778124999994 0.2265625 0.05 0.22421875 0.04444444375 0.221875 0.04444444375 0.2203125 0.04305555625 0.21796875 0.04444444375 0.21640625 0.047222221875 0.215625 0.0513888890625 0.21640625 0.054166667187499996 0.225 0.054166667187499996 0.2265625 0.052777778124999994
0 0.81796875 0.0958333328125 0.80859375 0.1 0.809375 0.11388888906250001 0.81640625 0.11388888906250001 0.81953125 0.10694444375 0.81796875 0.0958333328125
0 0.74375 0.1611111109375 0.74296875 0.175 0.74921875 0.1763888890625 0.75078125 0.15972222187500001 0.74375 0.1611111109375
0 0.73125 0.17361111093749998 0.73125 0.1861111109375 0.73671875 0.1875 0.7390625 0.177777778125 0.73125 0.17361111093749998
0 0.8359375 0.12361111093749999 0.840625 0.10833333281249999 0.8390625 0.097222221875 0.8328125 0.097222221875 0.8265625 0.10833333281249999 0.8265625 0.11944444375 0.83046875 0.125 0.8359375 0.12361111093749999
0 0.8140625 0.747222221875 0.81484375 0.7597222218749999 0.82265625 0.752777778125 0.8203125 0.7458333328125 0.8140625 0.747222221875