4 0.15390625 0.4203125 0.1 0.0984375
2 0.23515625 0.21484375 0.11875 0.0546875
2 0.75390625 0.2078125 0.121875 0.046875
3 0.11328125 0.32421875 0.10625 0.084375
1 0.7671875 0.5671875 0.04375 0.0125
1 0.35234375 0.48125 0.0421875 0.009375
1 0.32890625 0.3953125 0.040625 0.00625
1 0.93203125 0.4421875 0.040625 0.009375
1 0.2328125 0.6140625 0.0453125 0.0125
1 0.0765625 0.44296875 0.0421875 0.0078125
1 0.86875 0.36796875 0.04375 0.009375
3 0.1515625 0.8640625 0.078125 0.0546875
1 0.37734375 0.39609375 0.040625 0.0078125
1 0.59140625 0.4546875 0.040625 0.009375
1 0.61484375 0.403125 0.0421875 0.0078125
1 0.265625 0.55546875 0.04375 0.0125
1 0.22734375 0.48203125 0.0421875 0.009375
1 0.93984375 0.5296875 0.04375 0.0125
1 0.290625 0.49375 0.04375 0.009375
1 0.7296875 0.59296875 0.04375 0.0125
1 0.2546875 0.52109375 0.040625 0.009375
1 0.67734375 0.3578125 0.040625 0.00625
1 0.35 0.5328125 0.04375 0.0125
1 0.6015625 0.45546875 0.040625 0.009375
1 0.53203125 0.4359375 0.0421875 0.009375
1 0.60390625 0.4 0.040625 0.0078125
1 0.50078125 0.453125 0.040625 0.009375
1 0.85546875 0.42421875 0.040625 0.009375
1 0.31953125 0.37265625 0.040625 0.00625
1 0.884375 0.34296875 0.040625 0.00625
1 0.61953125 0.56796875 0.04375 0.0140625
1 0.3203125 0.48515625 0.0421875 0.009375
1 0.68046875 0.528125 0.04375 0.0109375
1 0.6765625 0.38203125 0.040625 0.00625
1 0.66953125 0.48671875 0.0421875 0.009375
1 0.6046875 0.5125 0.04375 0.0078125
1 0.2734375 0.5078125 0.0421875 0.009375
1 0.528125 0.3546875 0.040625 0.00625
1 0.56015625 0.44140625 0.0421875 0.009375
1 0.56796875 0.4890625 0.0421875 0.009375
1 0.35 0.4515625 0.0421875 0.009375
1 0.57578125 0.3171875 0.040625 0.00625
1 0.40703125 0.50859375 0.0421875 0.0125
1 0.8125 0.39609375 0.040625 0.0078125
1 0.84296875 0.40625 0.040625 0.00625
1 0.48125 0.4484375 0.0421875 0.009375
1 0.43828125 0.4859375 0.0421875 0.009375
1 0.23203125 0.915625 0.04375 0.0125
1 0.7265625 0.56640625 0.04375 0.0109375
1 0.33828125 0.578125 0.04375 0.0125
1 0.34453125 0.37421875 0.040625 0.00625
1 0.59296875 0.5 0.04375 0.0109375
1 0.3984375 0.48828125 0.0421875 0.0109375
1 0.5625 0.3828125 0.040625 0.00625
1 0.88984375 0.315625 0.040625 0.003125
1 0.15625 0.9015625 0.040625 0.009375
1 0.61328125 0.3515625 0.040625 0.00625
1 0.51328125 0.3890625 0.040625 0.00625
1 0.61796875 0.47734375 0.0421875 0.009375
1 0.65703125 0.3296875 0.040625 0.0046875
1 0.9484375 0.40078125 0.040625 0.0078125
4 0.30546875 0.871875 0.1171875 0.075
1 0.53671875 0.4046875 0.040625 0.00625
1 0.48984375 0.35703125 0.040625 0.00625
1 0.3890625 0.3390625 0.040625 0.00625
1 0.32421875 0.45546875 0.0421875 0.009375
1 0.3703125 0.31484375 0.040625 0.00625
1 0.396875 0.3046875 0.0390625 0.0046875
1 0.18828125 0.34140625 0.04375 0.009375
1 0.334375 0.44609375 0.040625 0.009375
1 0.60390625 0.29296875 0.0421875 0.00625
1 0.528125 0.3859375 0.040625 0.0078125
1 0.61328125 0.30546875 0.040625 0.00625
3 0.73828125 0.484375 0.13125 0.1140625
1 0.51328125 0.3296875 0.040625 0.0046875
1 0.365625 0.340625 0.040625 0.0046875
1 0.3546875 0.39140625 0.040625 0.00625
1 0.5140625 0.28046875 0.040625 0.00625
1 0.49453125 0.47109375 0.0421875 0.009375
1 0.4546875 0.30390625 0.0390625 0.003125
1 0.909375 0.3703125 0.040625 0.00625
1 0.6234375 0.5125 0.0421875 0.009375
1 0.47109375 0.365625 0.040625 0.00625
1 0.76015625 0.61171875 0.04375 0.00625
1 0.4046875 0.34296875 0.040625 0.0046875
1 0.903125 0.328125 0.040625 0.0046875
1 0.32109375 0.30703125 0.0390625 0.00625
1 0.15625 0.3015625 0.0390625 0.003125
1 0.80234375 0.4765625 0.0421875 0.0078125
1 0.184375 0.371875 0.040625 0.00625
1 0.66328125 0.3796875 0.040625 0.00625
1 0.81796875 0.2921875 0.0390625 0.003125
1 0.75390625 0.5484375 0.0421875 0.00625
1 0.43515625 0.39921875 0.040625 0.00625
1 0.29609375 0.31953125 0.040625 0.003125
1 0.74453125 0.56328125 0.04375 0.009375
1 0.34375 0.34921875 0.040625 0.00625
1 0.65078125 0.4015625 0.040625 0.00625
1 0.48828125 0.409375 0.0421875 0.009375
1 0.41875 0.3265625 0.040625 0.0046875
1 0.865625 0.2953125 0.040625 0.00625
1 0.415625 0.3875 0.040625 0.0078125
1 0.81953125 0.26484375 0.0375 0.003125
1 0.93359375 0.55859375 0.040625 0.009375
1 0.74375 0.60078125 0.04375 0.0125
1 0.7015625 0.5328125 0.0421875 0.00625
1 0.65859375 0.2953125 0.0390625 0.003125
1 0.8359375 0.3265625 0.040625 0.0046875
0 0.73671875 0.2984375 0.0421875 0.0125
1 0.9234375 0.36640625 0.0421875 0.009375
1 0.45 0.340625 0.040625 0.003125
1 0.3578125 0.37578125 0.040625 0.00625
1 0.58359375 0.27734375 0.040625 0.00625
1 0.61875 0.6203125 0.0421875 0.003125
1 0.43984375 0.32421875 0.040625 0.00625
1 0.0625 0.40390625 0.0421875 0.00625
1 0.40546875 0.32734375 0.040625 0.00625
1 0.4609375 0.2890625 0.040625 0.00625
1 0.3671875 0.39609375 0.0421875 0.009375
1 0.83828125 0.28828125 0.0375 0.003125
1 0.17734375 0.64921875 0.040625 0.0015625
1 0.634375 0.2859375 0.0421875 0.0078125
1 0.4265625 0.41953125 0.0421875 0.00625
1 0.471875 0.34765625 0.040625 0.003125
1 0.71953125 0.55 0.0421875 0.0078125
1 0.48515625 0.26953125 0.040625 0.00625
1 0.68515625 0.2953125 0.040625 0.00625
1 0.04453125 0.40234375 0.040625 0.00625
1 0.61953125 0.28125 0.0421875 0.00625
1 0.8296875 0.29375 0.040625 0.003125
1 0.84921875 0.39375 0.040625 0.0046875
1 0.93671875 0.3390625 0.040625 0.00625
1 0.14921875 0.27109375 0.0390625 0.003125
1 0.6578125 0.31484375 0.0390625 0.003125
1 0.91796875 0.30546875 0.040625 0.00625
1 0.87265625 0.290625 0.0390625 0.003125
1 0.43828125 0.3796875 0.0421875 0.00625
1 0.3921875 0.25703125 0.0375 0.0015625
1 0.74296875 0.53515625 0.040625 0.009375
1 0.13359375 0.2734375 0.0390625 0.003125
1 0.85390625 0.459375 0.0390625 0.0015625
1 0.1578125 0.48984375 0.0421875 0.009375
1 0.44296875 0.25859375 0.0390625 0.003125
1 0.5546875 0.31953125 0.040625 0.00625
1 0.96875 0.35546875 0.040625 0.0046875
1 0.2921875 0.3015625 0.040625 0.0046875
1 0.5140625 0.36953125 0.0421875 0.0078125
1 0.984375 0.409375 0.03125 0.00625
1 0.35703125 0.27109375 0.0375 0.003125
1 0.228125 0.85703125 0.0390625 0.003125
1 0.0140625 0.3984375 0.028125 0.009375
1 0.90546875 0.28359375 0.0390625 0.003125
1 0.01484375 0.3703125 0.0296875 0.003125
1 0.853125 0.26875 0.0390625 0.003125
1 0.9296875 0.54375 0.04375 0.00625
1 0.88828125 0.28203125 0.040625 0.00625
1 0.4359375 0.3671875 0.040625 0.003125
1 0.946875 0.3375 0.040625 0.00625
1 0.5375 0.26953125 0.040625 0.003125
1 0.3375 0.2640625 0.040625 0.003125
0 0.03515625 0.1875 0.040625 0.0046875
1 0.375 0.26796875 0.040625 0.003125
1 0.984375 0.3703125 0.03125 0.00625
1 0.40546875 0.259375 0.0390625 0.003125
1 0.0328125 0.39453125 0.040625 0.00625
1 0.47890625 0.64375 0.0421875 0.003125
1 0.953125 0.35625 0.0390625 0.0046875
1 0.0625 0.98984375 0.05 0.009375
1 0.49453125 0.2671875 0.0390625 0.003125
1 0.29453125 0.371875 0.0375 0.003125
1 0.06484375 0.94296875 0.04375 0.009375
1 0.4484375 0.32578125 0.040625 0.003125
1 0.3625 0.25859375 0.0390625 0.003125
1 0.2453125 0.8796875 0.0421875 0.0078125
1 0.97890625 0.3546875 0.0421875 0.00625
1 0.11796875 0.27421875 0.040625 0.003125
1 0.63203125 0.265625 0.0421875 0.00625
1 0.503125 0.25703125 0.0390625 0.003125
1 0.61015625 0.2765625 0.040625 0.00625
1 0.0171875 0.38125 0.034375 0.00625
1 0.88125 0.5546875 0.040625 0.0046875
1 0.97421875 0.340625 0.0390625 0.0046875
1 0.11484375 0.8984375 0.04375 0.009375
1 0.51328125 0.259375 0.040625 0.003125
1 0.703125 0.35546875 0.040625 0.003125
1 0.01171875 0.384375 0.0234375 0.003125
1 0.553125 0.2578125 0.04375 0.00625
1 0.42734375 0.3609375 0.040625 0.003125
1 0.09765625 0.91640625 0.0421875 0.009375
1 0.425 0.35 0.040625 0.0015625
1 0.215625 0.85546875 0.0390625 0.0015625
1 0.95625 0.33046875 0.040625 0.003125
0 0.42734375 0.771875 0.040625 0.009375