2 0.79453125 0.24375 0.115625 0.071875
3 0.10859375 0.3046875 0.109375 0.084375
4 0.646875 0.36640625 0.1078125 0.0921875
1 0.95078125 0.44453125 0.0390625 0.01875
1 0.33828125 0.56875 0.040625 0.0203125
3 0.4734375 0.42578125 0.1 0.103125
3 0.08359375 0.8015625 0.0828125 0.065625
1 0.87265625 0.45078125 0.0375 0.0203125
2 0.27421875 0.20546875 0.1234375 0.0609375
1 0.3921875 0.54609375 0.0421875 0.025
1 0.975 0.48046875 0.0390625 0.0203125
1 0.2640625 0.87265625 0.040625 0.025
1 0.390625 0.44453125 0.0375 0.0203125
1 0.29765625 0.46328125 0.0375 0.01875
1 0.64921875 0.55625 0.0421875 0.0265625
1 0.07734375 0.47421875 0.040625 0.0234375
1 0.61171875 0.56328125 0.0421875 0.025
1 0.66953125 0.49296875 0.0390625 0.021875
1 0.3640625 0.42265625 0.0375 0.0203125
1 0.7140625 0.52578125 0.040625 0.0234375
1 0.621875 0.54453125 0.040625 0.025
1 0.54296875 0.571875 0.0390625 0.0203125
4 0.58515625 0.4453125 0.1234375 0.1078125
1 0.171875 0.4 0.0375 0.0203125
1 0.33671875 0.4234375 0.0375 0.0203125
1 0.16796875 0.3609375 0.0375 0.0171875
1 0.70234375 0.475 0.0390625 0.0203125
1 0.26328125 0.4875 0.0390625 0.021875
1 0.3828125 0.39609375 0.0375 0.01875
1 0.20234375 0.840625 0.0359375 0.0171875
1 0.17578125 0.27734375 0.0359375 0.0140625
1 0.68671875 0.4390625 0.0375 0.0171875
1 0.590625 0.54609375 0.040625 0.0234375
1 0.65390625 0.4203125 0.0375 0.01875
1 0.15859375 0.41875 0.0375 0.0203125
1 0.45078125 0.50390625 0.040625 0.0234375
1 0.03125 0.35859375 0.0375 0.0171875
1 0.30703125 0.4421875 0.0390625 0.01875
1 0.4015625 0.40625 0.0375 0.01875
1 0.70703125 0.3953125 0.0375 0.0171875
1 0.32265625 0.41796875 0.0390625 0.0171875
1 0.34453125 0.3890625 0.0375 0.01875
1 0.2921875 0.8640625 0.0390625 0.021875
1 0.6859375 0.41875 0.0375 0.01875
1 0.59375 0.5875 0.040625 0.025
1 0.1296875 0.41328125 0.0375 0.01875
1 0.34296875 0.8875 0.040625 0.0203125
1 0.43828125 0.6390625 0.040625 0.0203125
1 0.3640625 0.4046875 0.0375 0.01875
1 0.8671875 0.33984375 0.034375 0.015625
1 0.6015625 0.5125 0.040625 0.021875
0 0.70703125 0.74375 0.0421875 0.0265625
1 0.67109375 0.4328125 0.0390625 0.021875
1 0.575 0.52890625 0.040625 0.0234375
3 0.40625 0.35390625 0.11875 0.1015625
1 0.5890625 0.63359375 0.0421875 0.025
1 0.85546875 0.3609375 0.034375 0.015625
1 0.61171875 0.33671875 0.0359375 0.015625
1 0.5265625 0.378125 0.0359375 0.0171875
1 0.10625 0.42734375 0.0390625 0.021875
1 0.3984375 0.63125 0.0421875 0.0265625
1 0.6390625 0.45078125 0.0390625 0.0203125
1 0.6640625 0.40390625 0.0359375 0.0171875
1 0.84296875 0.3453125 0.0359375 0.015625
1 0.45859375 0.35390625 0.0375 0.0171875
1 0.28671875 0.46796875 0.040625 0.021875
1 0.61328125 0.603125 0.0390625 0.01875
1 0.9109375 0.3359375 0.0359375 0.015625
1 0.9265625 0.35625 0.0359375 0.0140625
1 0.059375 0.8359375 0.0359375 0.0171875
1 0.7015625 0.45078125 0.0375 0.0171875
1 0.53125 0.33359375 0.034375 0.015625
1 0.35390625 0.4078125 0.0390625 0.01875
1 0.39765625 0.46328125 0.040625 0.021875
0 0.1 0.23046875 0.0359375 0.015625
1 0.68515625 0.465625 0.0390625 0.01875
1 0.4671875 0.484375 0.0390625 0.021875
1 0.56328125 0.34375 0.0375 0.0171875
1 0.4078125 0.47109375 0.0390625 0.01875
1 0.2734375 0.85546875 0.0375 0.01875
1 0.66953125 0.4640625 0.0390625 0.0203125
1 0.31015625 0.42734375 0.0390625 0.0140625
1 0.29140625 0.4265625 0.0375 0.0140625
1 0.42890625 0.50078125 0.034375 0.015625
1 0.6609375 0.453125 0.0359375 0.0171875
1 0.3171875 0.38828125 0.0375 0.0140625
1 0.80078125 0.878125 0.0359375 0.0140625
1 0.57265625 0.34296875 0.0375 0.0171875
1 0.3296875 0.390625 0.0375 0.015625
1 0.5890625 0.33515625 0.0390625 0.0171875
1 0.725 0.34296875 0.0375 0.01875
1 0.678125 0.390625 0.0375 0.01875
1 0.71875 0.459375 0.0375 0.0171875
1 0.02109375 0.36015625 0.0359375 0.015625
1 0.490625 0.34609375 0.0375 0.0171875
1 0.53203125 0.31015625 0.034375 0.0140625
1 0.3140625 0.32890625 0.0375 0.01875
1 0.65859375 0.87265625 0.0375 0.0125
1 0.265625 0.47109375 0.0390625 0.0171875
1 0.6078125 0.49921875 0.0390625 0.01875
1 0.8890625 0.88359375 0.0359375 0.01875
1 0.053125 0.33984375 0.0375 0.015625
1 0.71171875 0.37578125 0.0375 0.0171875
1 0.29921875 0.4234375 0.0375 0.0140625
1 0.409375 0.2984375 0.0359375 0.0171875
1 0.15625 0.3015625 0.0375 0.0140625
1 0.2859375 0.440625 0.0359375 0.015625
0 0.14140625 0.13984375 0.0375 0.01875
1 0.334375 0.31171875 0.0359375 0.015625
1 0.04296875 0.9578125 0.0390625 0.0109375
1 0.1640625 0.29140625 0.0359375 0.015625
1 0.5609375 0.32890625 0.0375 0.015625
1 0.71015625 0.4640625 0.0375 0.0171875
1 0.3625 0.38125 0.0390625 0.01875
1 0.42265625 0.44140625 0.0375 0.0171875
1 0.40078125 0.44453125 0.0390625 0.0203125
1 0.56328125 0.39765625 0.034375 0.0109375
1 0.07109375 0.33203125 0.0359375 0.015625
1 0.65625 0.32265625 0.034375 0.0140625
1 0.553125 0.325 0.0359375 0.0140625
1 0.3046875 0.4109375 0.040625 0.0203125
1 0.50703125 0.30078125 0.0375 0.0140625
1 0.60390625 0.5953125 0.040625 0.025
1 0.42109375 0.45859375 0.0390625 0.01875
1 0.0484375 0.83515625 0.0375 0.01875
1 0.21015625 0.80390625 0.0375 0.015625
1 0.959375 0.33671875 0.040625 0.021875
1 0.7046875 0.35546875 0.0359375 0.0125
1 0.5546875 0.2984375 0.0359375 0.0140625
1 0.39140625 0.30703125 0.0375 0.0140625
1 0.5078125 0.90625 0.0421875 0.015625
1 0.44375 0.48828125 0.0390625 0.0203125
1 0.43046875 0.48359375 0.0375 0.0203125
1 0.53671875 0.46015625 0.0359375 0.015625
1 0.55078125 0.403125 0.034375 0.0140625
1 0.70625 0.43828125 0.0375 0.0140625
1 0.52734375 0.2984375 0.0359375 0.0171875
1 0.3546875 0.37890625 0.0375 0.0171875
1 0.54453125 0.4140625 0.0359375 0.0171875
1 0.1046875 0.69609375 0.0375 0.0203125
1 0.5828125 0.30234375 0.034375 0.0140625
0 0.9890625 0.2578125 0.021875 0.015625
1 0.5359375 0.85078125 0.0390625 0.015625
1 0.5734375 0.49453125 0.0375 0.015625
1 0.80859375 0.87421875 0.034375 0.0140625
1 0.15 0.27578125 0.0359375 0.0140625
1 0.5359375 0.91015625 0.040625 0.0140625
1 0.43203125 0.45078125 0.0359375 0.015625
1 0.68515625 0.45 0.0375 0.0140625
1 0.69453125 0.36796875 0.0359375 0.015625
1 0.2875 0.45078125 0.0375 0.0125
1 0.58984375 0.321875 0.0375 0.0140625
1 0.39296875 0.78125 0.0359375 0.0171875
1 0.5203125 0.85 0.0375 0.0171875
1 0.5171875 0.29765625 0.0375 0.01875