4 0.4046875 0.36640625 0.1078125 0.1
3 0.87421875 0.30390625 0.0921875 0.08125
0 0.8765625 0.1734375 0.0296875 0.0125
2 0.24765625 0.20546875 0.10625 0.0609375
0 0.88203125 0.2421875 0.028125 0.0125
0 0.8734375 0.05859375 0.034375 0.0171875
0 0.80625 0.15234375 0.034375 0.0234375
0 0.86875 0.11796875 0.028125 0.0140625
0 0.86875 0.15390625 0.03125 0.0109375
4 0.31640625 0.86484375 0.0859375 0.0828125
0 0.87890625 0.20390625 0.028125 0.0125
0 0.796875 0.1859375 0.03125 0.0140625
0 0.86171875 0.09375 0.0296875 0.0125
0 0.78671875 0.73984375 0.028125 0.0140625
1 0.7109375 0.42578125 0.028125 0.0125
0 0.82421875 0.1171875 0.03125 0.015625
1 0.44140625 0.2875 0.0265625 0.0109375
1 0.98984375 0.4578125 0.0203125 0.0125
4 0.20390625 0.83125 0.0703125 0.0453125
1 0.46796875 0.36484375 0.0265625 0.00625
1 0.62890625 0.4046875 0.028125 0.009375
0 0.953125 0.05078125 0.034375 0.01875
1 0.49609375 0.40546875 0.0296875 0.0125
1 0.603125 0.38046875 0.028125 0.009375
1 0.89296875 0.39140625 0.028125 0.0109375
1 0.72265625 0.5125 0.03125 0.0140625
1 0.5078125 0.40625 0.0296875 0.0109375
4 0.17421875 0.39453125 0.0953125 0.075
0 0.871875 0.171875 0.03125 0.0125
1 0.83359375 0.41875 0.028125 0.0109375
1 0.446875 0.41875 0.0296875 0.0125
1 0.8125 0.40078125 0.028125 0.0109375
1 0.615625 0.28515625 0.0265625 0.0078125
1 0.63671875 0.38515625 0.0296875 0.0109375
1 0.978125 0.4234375 0.0296875 0.0109375
1 0.46640625 0.3828125 0.028125 0.0109375
1 0.66640625 0.35703125 0.028125 0.009375
1 0.5546875 0.54453125 0.03125 0.0171875
1 0.6765625 0.6484375 0.0328125 0.0140625
1 0.29921875 0.41015625 0.0296875 0.0109375
1 0.70703125 0.5828125 0.0328125 0.0171875
1 0.61171875 0.38203125 0.028125 0.009375
1 0.5109375 0.39140625 0.028125 0.0078125
1 0.4703125 0.40546875 0.0296875 0.0125
1 0.5640625 0.3953125 0.028125 0.009375
1 0.61484375 0.4984375 0.03125 0.015625
1 0.17578125 0.28046875 0.0265625 0.0078125
1 0.4671875 0.2625 0.025 0.00625
1 0.02890625 0.5328125 0.0296875 0.0171875
1 0.55625 0.3796875 0.0265625 0.009375
1 0.09375 0.90234375 0.03125 0.0140625
1 0.33828125 0.3140625 0.028125 0.009375
1 0.11484375 0.32421875 0.0265625 0.0078125
1 0.3546875 0.39609375 0.0296875 0.0109375
1 0.81171875 0.38046875 0.028125 0.0109375
1 0.95390625 0.41953125 0.0296875 0.0109375
1 0.7609375 0.575 0.0328125 0.0171875
1 0.2328125 0.56953125 0.0328125 0.0171875
1 0.15546875 0.5890625 0.034375 0.01875
1 0.4671875 0.434375 0.03125 0.0125
1 0.9359375 0.3640625 0.028125 0.0078125
1 0.1265625 0.29140625 0.028125 0.009375
1 0.57578125 0.38515625 0.0296875 0.009375
1 0.68359375 0.4359375 0.03125 0.009375
1 0.56328125 0.28671875 0.0265625 0.0078125
1 0.3359375 0.34765625 0.0265625 0.009375
1 0.159375 0.32109375 0.028125 0.009375
1 0.32578125 0.334375 0.0265625 0.00625
1 0.77578125 0.6484375 0.03125 0.0140625
1 0.85859375 0.35703125 0.028125 0.009375
1 0.4984375 0.26875 0.0265625 0.0078125
1 0.5921875 0.42890625 0.0296875 0.009375
1 0.33671875 0.3875 0.028125 0.0078125
1 0.6515625 0.440625 0.0296875 0.0125
1 0.72265625 0.61796875 0.0328125 0.0125
1 0.43828125 0.4484375 0.0296875 0.0125
1 0.50625 0.48515625 0.0296875 0.0140625
1 0.2609375 0.56875 0.0328125 0.0171875
1 0.3796875 0.640625 0.03125 0.009375
1 0.53828125 0.340625 0.0265625 0.009375
1 0.43984375 0.29375 0.028125 0.00625
1 0.15390625 0.86484375 0.0265625 0.0078125
1 0.64375 0.90625 0.0296875 0.0125
1 0.32734375 0.31484375 0.0265625 0.009375
1 0.4859375 0.2921875 0.0265625 0.0078125
1 0.3890625 0.31796875 0.0265625 0.0078125
1 0.63984375 0.32265625 0.0265625 0.0078125
1 0.4875 0.4203125 0.028125 0.0078125
1 0.98671875 0.36640625 0.0265625 0.0078125
1 0.73515625 0.50078125 0.0296875 0.009375
1 0.5125 0.259375 0.0265625 0.00625
1 0.709375 0.653125 0.0296875 0.009375
3 0.8140625 0.9203125 0.2 0.153125
3 0.1265625 0.46796875 0.109375 0.11875
3 0.37578125 0.8734375 0.109375 0.109375
0 0.8190808796875 0.0724354515625 0.8222906265625 0.08219830156249999 0.8361097781250001 0.083285378125 0.8472971125000001 0.070719746875 0.8336224375000001 0.06866020625 0.8190808796875 0.0724354515625