4 0.30703125 0.45234375 0.10625 0.11875
3 0.08046875 0.3640625 0.0921875 0.0890625
4 0.859375 0.30078125 0.08125 0.075
3 0.75625 0.83671875 0.0765625 0.0640625
1 0.084375 0.42578125 0.0265625 0.01875
1 0.20859375 0.4359375 0.0265625 0.01875
1 0.90625 0.44765625 0.0265625 0.01875
4 0.19609375 0.821875 0.0640625 0.0484375
1 0.73984375 0.48828125 0.0265625 0.021875
1 0.63671875 0.8703125 0.0265625 0.0203125
1 0.41953125 0.490625 0.0265625 0.021875
1 0.6265625 0.5125 0.028125 0.0234375
1 0.471875 0.45703125 0.0265625 0.0203125
1 0.06484375 0.54375 0.0296875 0.025
1 0.6359375 0.4296875 0.0265625 0.0203125
1 0.5671875 0.521875 0.028125 0.0234375
1 0.2140625 0.88046875 0.028125 0.021875
1 0.509375 0.39453125 0.025 0.0171875
2 0.25390625 0.22265625 0.10625 0.0484375
1 0.70390625 0.89140625 0.028125 0.025
1 0.384375 0.39375 0.025 0.0171875
1 0.60390625 0.5109375 0.028125 0.0234375
0 0.82890625 0.0484375 0.0265625 0.021875
1 0.0078125 0.5578125 0.015625 0.021875
1 0.565625 0.4578125 0.0265625 0.0203125
1 0.85 0.9265625 0.03125 0.0296875
3 0.57421875 0.33203125 0.0765625 0.0765625
1 0.93984375 0.39375 0.0265625 0.01875
1 0.178125 0.4421875 0.025 0.015625
1 0.83125 0.3359375 0.0234375 0.0140625
1 0.18125 0.8796875 0.0265625 0.021875
1 0.68515625 0.43203125 0.025 0.0171875
1 0.603125 0.4390625 0.0265625 0.0203125
1 0.06484375 0.4234375 0.0265625 0.01875
1 0.934375 0.9109375 0.028125 0.025
1 0.3953125 0.42734375 0.025 0.0171875
1 0.66015625 0.4046875 0.025 0.0171875
0 0.8140625 0.10859375 0.0265625 0.021875
4 0.83828125 0.83515625 0.0515625 0.05625
1 0.165625 0.396875 0.025 0.01875
1 0.23125 0.48125 0.0265625 0.021875
1 0.9890625 0.43515625 0.021875 0.0234375
1 0.3703125 0.50546875 0.028125 0.021875
1 0.4828125 0.43515625 0.0265625 0.01875
1 0.3421875 0.35546875 0.028125 0.01875
0 0.85390625 0.05859375 0.0265625 0.0203125
1 0.97265625 0.3890625 0.028125 0.0171875
1 0.57421875 0.4265625 0.0265625 0.01875
1 0.54765625 0.42265625 0.025 0.0171875
1 0.25859375 0.86484375 0.025 0.0171875
1 0.38046875 0.45390625 0.025 0.01875
1 0.18046875 0.34609375 0.0234375 0.015625
1 0.37734375 0.4890625 0.028125 0.0203125
1 0.3203125 0.33671875 0.025 0.0171875
1 0.68515625 0.35859375 0.025 0.0171875
1 0.3875 0.3453125 0.0234375 0.0171875
1 0.65078125 0.40859375 0.025 0.01875
1 0.67421875 0.42734375 0.025 0.0203125
1 0.3796875 0.41875 0.025 0.0171875
1 0.53515625 0.3328125 0.0234375 0.015625
1 0.62734375 0.40546875 0.025 0.015625
2 0.77734375 0.2296875 0.103125 0.0546875
1 0.5734375 0.44296875 0.0265625 0.0171875
1 0.6703125 0.34453125 0.025 0.0140625
1 0.86875 0.34375 0.025 0.015625
1 0.06875 0.63515625 0.0296875 0.021875
1 0.190625 0.84609375 0.025 0.015625
1 0.45 0.38984375 0.0265625 0.0203125
1 0.55078125 0.43984375 0.0265625 0.01875
1 0.91015625 0.9109375 0.0296875 0.028125
1 0.33046875 0.3859375 0.0265625 0.0171875
1 0.35390625 0.87265625 0.0265625 0.01875
1 0.41015625 0.40390625 0.0234375 0.015625
1 0.39375 0.48671875 0.0265625 0.01875
1 0.6078125 0.40703125 0.028125 0.01875
1 0.71328125 0.4578125 0.0265625 0.0203125
0 0.8578125 0.1671875 0.0265625 0.01875
1 0.134375 0.91328125 0.03125 0.028125
1 0.653125 0.3421875 0.0265625 0.015625
1 0.84921875 0.41640625 0.0265625 0.0203125
1 0.81328125 0.85625 0.021875 0.0140625
1 0.85625 0.65 0.0296875 0.01875
1 0.62265625 0.371875 0.025 0.0171875
1 0.66875 0.35859375 0.025 0.0171875
1 0.35546875 0.3953125 0.0265625 0.0171875
1 0.6296875 0.34453125 0.0234375 0.015625
0 0.825 0.06875 0.0265625 0.0203125
1 0.678125 0.4 0.025 0.0171875
1 0.70078125 0.8734375 0.0265625 0.015625
1 0.415625 0.45078125 0.028125 0.01875
1 0.24140625 0.45703125 0.0265625 0.021875
0 0.78046875 0.19609375 0.0265625 0.01875
1 0.43046875 0.90234375 0.028125 0.015625
1 0.3625 0.35546875 0.0265625 0.0171875
0 0.85703125 0.20390625 0.025 0.01875
1 0.571875 0.3953125 0.025 0.0171875
0 0.79140625 0.19765625 0.0265625 0.021875
1 0.40703125 0.3390625 0.0234375 0.0140625
1 0.97890625 0.428125 0.028125 0.0171875
1 0.740625 0.8578125 0.025 0.015625
0 0.828125 0.71875 0.025 0.0171875
1 0.95234375 0.41171875 0.028125 0.021875
1 0.59296875 0.378125 0.025 0.0171875
1 0.45859375 0.33203125 0.0234375 0.015625
1 0.9125 0.35703125 0.0265625 0.0171875
1 0.45859375 0.4234375 0.0265625 0.01875
1 0.46171875 0.30234375 0.0234375 0.0140625
1 0.621875 0.39140625 0.028125 0.0203125
1 0.19296875 0.30859375 0.021875 0.0140625
1 0.8796875 0.8828125 0.025 0.0171875
1 0.56171875 0.40234375 0.025 0.0171875
1 0.4828125 0.3875 0.025 0.0171875
1 0.35703125 0.37734375 0.025 0.0171875
1 0.584375 0.42421875 0.028125 0.01875
1 0.59453125 0.425 0.0265625 0.0171875
1 0.34921875 0.3765625 0.025 0.0171875
1 0.58515625 0.39453125 0.025 0.015625
1 0.1484375 0.30078125 0.025 0.015625
1 0.4640625 0.43828125 0.025 0.0203125
1 0.37265625 0.403125 0.025 0.015625
1 0.45078125 0.84921875 0.0234375 0.0140625
0 0.75859375 0.2125 0.0234375 0.015625
1 0.984375 0.3734375 0.0265625 0.0171875
0 0.84609375 0.01640625 0.0265625 0.021875
1 0.36796875 0.4203125 0.025 0.015625
1 0.68671875 0.4171875 0.0234375 0.0140625
1 0.6234375 0.33515625 0.025 0.015625
1 0.25625 0.45078125 0.0265625 0.0171875
1 0.3640625 0.86640625 0.025 0.0171875
1 0.353125 0.48359375 0.028125 0.021875
1 0.6328125 0.39140625 0.0265625 0.01875
1 0.640625 0.36015625 0.0265625 0.0171875
0 0.76015625 0.228125 0.025 0.015625
1 0.63046875 0.32265625 0.0234375 0.0140625
1 0.5921875 0.40703125 0.025 0.0140625
1 0.39296875 0.6078125 0.0265625 0.0140625
1 0.8953125 0.328125 0.025 0.015625
1 0.39765625 0.36328125 0.0234375 0.015625
1 0.69921875 0.44140625 0.0265625 0.0171875
1 0.52578125 0.85390625 0.021875 0.0125
1 0.0421875 0.94296875 0.03125 0.028125
1 0.43828125 0.3953125 0.025 0.0125
1 0.55546875 0.3734375 0.0234375 0.0140625
1 0.40078125 0.44375 0.0265625 0.01875
1 0.34765625 0.39140625 0.025 0.015625
1 0.82109375 0.8875 0.0234375 0.0171875
1 0.46171875 0.37734375 0.025 0.0171875
1 0.56015625 0.43671875 0.025 0.0203125
1 0.88828125 0.88203125 0.025 0.0171875
1 0.49453125 0.375 0.025 0.0171875
1 0.4109375 0.42109375 0.025 0.0125
1 0.51328125 0.29921875 0.025 0.0140625
1 0.06015625 0.93828125 0.034375 0.028125
1 0.915625 0.9546875 0.025 0.01875
1 0.39921875 0.46796875 0.0265625 0.0140625
1 0.6984375 0.39453125 0.0234375 0.0125
1 0.42890625 0.41953125 0.025 0.0140625
1 0.4125 0.36875 0.0265625 0.0140625
1 0.5421875 0.85078125 0.025 0.0125
1 0.66796875 0.33359375 0.0234375 0.0140625
1 0.39375 0.59375 0.025 0.0125
1 0.83203125 0.90625 0.03125 0.025
1 0.48046875 0.35859375 0.025 0.015625
1 0.63203125 0.375 0.025 0.0140625
1 0.49375 0.34375 0.0234375 0.0125
1 0.4265625 0.35703125 0.0234375 0.015625
1 0.03046875 0.64140625 0.0265625 0.0171875
1 0.71875 0.3453125 0.025 0.0171875
1 0.94296875 0.3421875 0.0265625 0.0171875
1 0.94296875 0.99140625 0.0328125 0.0171875
1 0.10078125 0.92265625 0.0328125 0.028125
1 0.371875 0.46796875 0.025 0.01875
1 0.70703125 0.40703125 0.025 0.015625
1 0.93828125 0.9515625 0.0265625 0.01875
1 0.7359375 0.603125 0.025 0.0109375
1 0.3734375 0.42890625 0.025 0.015625
1 0.55234375 0.39765625 0.0265625 0.01875
1 0.090625 0.63359375 0.03125 0.0234375
1 0.4125 0.3296875 0.0234375 0.0125
3 0.140625 0.84375 0.08125 0.08125
1 0.1125 0.325 0.025 0.0140625
1 0.4453125 0.409375 0.028125 0.0171875
1 0.503125 0.4609375 0.0234375 0.0140625
1 0.8859375 0.8578125 0.0234375 0.0125
3 0.45078125 0.8265625 0.0671875 0.059375
1 0.1171875 0.921875 0.028125 0.0234375
1 0.89453125 0.309375 0.025 0.0171875
1 0.87109375 0.865625 0.025 0.015625
1 0.93125 0.8890625 0.0265625 0.01875
1 0.4265625 0.36796875 0.0234375 0.0140625
1 0.65625 0.30234375 0.0234375 0.0140625
1 0.2578125 0.43671875 0.025 0.0125
1 0.90625 0.328125 0.025 0.0171875
1 0.93203125 0.33515625 0.025 0.015625
1 0.97421875 0.35859375 0.0234375 0.0125
1 0.1046875 0.87890625 0.0265625 0.0171875