4 0.3796875 0.3265625 0.090625 0.121875
4 0.3484375 0.428125 0.103125 0.11875
2 0.26171875 0.19375 0.0953125 0.0703125
2 0.778125 0.23203125 0.096875 0.0640625
1 0.07578125 0.38203125 0.0140625 0.0171875
1 0.43828125 0.3890625 0.0125 0.0171875
1 0.4484375 0.5515625 0.015625 0.0234375
1 0.41875 0.5109375 0.015625 0.021875
1 0.38984375 0.53359375 0.015625 0.021875
1 0.18359375 0.54765625 0.0171875 0.025
1 0.95859375 0.44921875 0.0140625 0.01875
1 0.3171875 0.5046875 0.015625 0.0203125
1 0.25390625 0.51640625 0.015625 0.021875
1 0.45625 0.46328125 0.0140625 0.0203125
1 0.60390625 0.41171875 0.0109375 0.0171875
1 0.89609375 0.43203125 0.0125 0.01875
1 0.0609375 0.38515625 0.0140625 0.01875
1 0.62265625 0.61015625 0.0171875 0.0234375
1 0.625 0.584375 0.0171875 0.0203125
1 0.0828125 0.34609375 0.0125 0.015625
1 0.29453125 0.47265625 0.0140625 0.01875
1 0.70078125 0.92265625 0.015625 0.0203125
1 0.29296875 0.44765625 0.0140625 0.01875
3 0.553125 0.50234375 0.1 0.1390625
1 0.4734375 0.4375 0.0125 0.0171875
1 0.00859375 0.421875 0.009375 0.0171875
1 0.37890625 0.51015625 0.015625 0.0203125
1 0.22109375 0.878125 0.015625 0.021875
1 0.6859375 0.42265625 0.0125 0.015625
1 0.125 0.39375 0.0140625 0.01875
1 0.50390625 0.615625 0.0140625 0.0171875
1 0.7234375 0.50390625 0.0140625 0.01875
1 0.3375 0.50625 0.015625 0.0203125
1 0.43046875 0.4953125 0.015625 0.0203125
1 0.86796875 0.36953125 0.0109375 0.015625
1 0.76640625 0.940625 0.015625 0.0234375
1 0.06640625 0.90625 0.0171875 0.0203125
1 0.14453125 0.8765625 0.0140625 0.021875
1 0.1328125 0.90546875 0.01875 0.025
1 0.37421875 0.49140625 0.0140625 0.01875
1 0.08984375 0.9375 0.01875 0.025
1 0.5828125 0.37578125 0.0125 0.015625
1 0.1234375 0.29921875 0.0109375 0.015625
1 0.48046875 0.60625 0.0140625 0.01875
1 0.07109375 0.88125 0.015625 0.021875
1 0.26875 0.8609375 0.0109375 0.015625
1 0.75078125 0.5296875 0.0125 0.0171875
1 0.71015625 0.47890625 0.0140625 0.01875
1 0.45390625 0.440625 0.0140625 0.01875
1 0.74375 0.55078125 0.0140625 0.01875
1 0.76171875 0.66875 0.015625 0.021875
1 0.68828125 0.475 0.0140625 0.0203125
1 0.6734375 0.35703125 0.0109375 0.015625
1 0.90390625 0.3734375 0.0109375 0.0140625
1 0.72109375 0.4578125 0.0125 0.01875
1 0.91796875 0.38359375 0.0109375 0.015625
1 0.49609375 0.30234375 0.0109375 0.0140625
1 0.478125 0.34921875 0.0125 0.015625
1 0.1609375 0.26171875 0.0109375 0.0125
1 0.1328125 0.87734375 0.015625 0.0203125
1 0.01328125 0.38203125 0.0109375 0.0171875
1 0.478125 0.4171875 0.0140625 0.01875
1 0.45625 0.41875 0.0125 0.01875
1 0.4875 0.390625 0.0125 0.0171875
1 0.4984375 0.403125 0.0125 0.015625
1 0.49765625 0.42265625 0.0109375 0.0140625
1 0.5953125 0.35390625 0.0125 0.0171875
1 0.75078125 0.909375 0.0125 0.015625
1 0.734375 0.971875 0.0203125 0.03125
1 0.58828125 0.40078125 0.0109375 0.0140625
1 0.30859375 0.48671875 0.0140625 0.01875
1 0.09609375 0.33125 0.0125 0.015625
1 0.82109375 0.909375 0.0109375 0.0125
1 0.6921875 0.384375 0.0125 0.0140625
1 0.87109375 0.31796875 0.0109375 0.0140625
1 0.29296875 0.41796875 0.0125 0.01875
1 0.253125 0.8625 0.0125 0.015625
1 0.7109375 0.44921875 0.0109375 0.0140625
1 0.4359375 0.271875 0.0109375 0.0140625
1 0.47265625 0.3125 0.0109375 0.0140625
1 0.709375 0.42109375 0.0140625 0.015625
1 0.471875 0.39296875 0.0125 0.0171875
1 0.696875 0.4359375 0.0125 0.0171875
1 0.6265625 0.26796875 0.009375 0.0125
1 0.08359375 0.95703125 0.021875 0.0171875
1 0.09921875 0.28046875 0.0140625 0.015625
1 0.1015625 0.8609375 0.0125 0.0171875
1 0.47890625 0.3765625 0.0109375 0.015625
1 0.5625 0.3734375 0.0125 0.0140625
1 0.353125 0.496875 0.015625 0.021875
1 0.38125 0.63671875 0.0140625 0.0125
1 0.571875 0.36328125 0.009375 0.015625
1 0.59453125 0.38515625 0.0125 0.0171875
1 0.46015625 0.3609375 0.0125 0.0171875
1 0.88203125 0.29765625 0.0109375 0.0125
1 0.7453125 0.88984375 0.009375 0.0109375
1 0.68828125 0.4015625 0.0125 0.0140625
1 0.79140625 0.9140625 0.0125 0.015625
1 0.78671875 0.89375 0.009375 0.0109375
1 0.515625 0.565625 0.009375 0.0171875
1 0.50546875 0.6453125 0.015625 0.015625
1 0.3140625 0.375 0.0125 0.01875
1 0.3765625 0.2609375 0.0109375 0.0125
1 0.525 0.6015625 0.0109375 0.01875
1 0.6921875 0.35390625 0.0125 0.0125
3 0.5046875 0.85859375 0.046875 0.053125
1 0.32265625 0.48671875 0.0140625 0.01875
1 0.49609375 0.38359375 0.0109375 0.0140625
1 0.18515625 0.24609375 0.0125 0.0140625
1 0.16953125 0.290625 0.0125 0.0140625
1 0.6328125 0.871875 0.0125 0.0125
1 0.14375 0.278125 0.0109375 0.0140625
1 0.20703125 0.3625 0.0109375 0.0171875
1 0.84296875 0.9234375 0.0109375 0.015625
1 0.48046875 0.33046875 0.0125 0.0140625
1 0.8296875 0.2953125 0.009375 0.0109375
1 0.615625 0.353125 0.0140625 0.0203125
1 0.51640625 0.37578125 0.0125 0.015625
1 0.596875 0.6546875 0.0109375 0.015625
1 0.4859375 0.31953125 0.0109375 0.0109375
1 0.4953125 0.35234375 0.0140625 0.015625
1 0.56796875 0.27109375 0.009375 0.0125
1 0.13984375 0.82734375 0.009375 0.0109375
1 0.61015625 0.33828125 0.0109375 0.0140625
1 0.45390625 0.26328125 0.0109375 0.0125
1 0.553125 0.26328125 0.009375 0.0125
1 0.90078125 0.29765625 0.0109375 0.0125
1 0.065625 0.30390625 0.0125 0.01875
1 0.1046875 0.31796875 0.0125 0.0140625
1 0.55546875 0.3640625 0.0109375 0.015625
1 0.69140625 0.3671875 0.0125 0.0125
1 0.9078125 0.53515625 0.0125 0.01875
1 0.55703125 0.99296875 0.021875 0.0140625
4 0.4125 0.83203125 0.05 0.06875
1 0.11875 0.84296875 0.0109375 0.0140625
1 0.0203125 0.3515625 0.0171875 0.01875
1 0.4703125 0.37890625 0.0125 0.0140625
1 0.51953125 0.28359375 0.0125 0.0125
1 0.01484375 0.60625 0.0125 0.0125
3 0.546875 0.31640625 0.0625 0.09375
1 0.62265625 0.3328125 0.0125 0.0140625
1 0.57265625 0.26171875 0.0125 0.0140625
1 0.0796875 0.85078125 0.0125 0.01875
1 0.4703125 0.36796875 0.0109375 0.0125
1 0.62578125 0.35546875 0.0140625 0.015625
1 0.965625 0.38125 0.0109375 0.0140625
1 0.7390625 0.515625 0.0125 0.015625
1 0.72578125 0.4796875 0.0125 0.0171875
1 0.48203125 0.2640625 0.0109375 0.0140625
1 0.5328125 0.378125 0.0125 0.0140625
1 0.37109375 0.24921875 0.0125 0.0125
1 0.8390625 0.89765625 0.009375 0.0109375
1 0.075 0.8328125 0.0109375 0.0125
1 0.5078125 0.2796875 0.0140625 0.0140625
1 0.4296875 0.26015625 0.0109375 0.0125
1 0.825 0.29140625 0.0109375 0.0109375
1 0.7375 0.53671875 0.0140625 0.0171875
1 0.70390625 0.39453125 0.0125 0.015625
1 0.54921875 0.37578125 0.0125 0.0140625
1 0.578125 0.4140625 0.0125 0.015625
1 0.33125 0.48828125 0.0140625 0.01875
1 0.090625 0.31953125 0.0109375 0.0140625
1 0.50859375 0.359375 0.0140625 0.0171875
1 0.734375 0.5046875 0.0109375 0.0171875
1 0.0328125 0.890625 0.015625 0.0203125
1 0.034375 0.8421875 0.0125 0.015625
1 0.91171875 0.35390625 0.0109375 0.0125
1 0.33515625 0.35390625 0.0109375 0.0140625
1 0.5078125 0.31796875 0.0125 0.015625
1 0.9875 0.390625 0.0125 0.015625
1 0.025 0.8640625 0.015625 0.021875
1 0.34375 0.48984375 0.0125 0.0171875
1 0.3 0.43515625 0.009375 0.0125
1 0.92421875 0.3375 0.0109375 0.0125
1 0.51328125 0.33359375 0.0125 0.015625
1 0.4921875 0.25625 0.0109375 0.0125
1 0.4796875 0.61875 0.0125 0.0125
1 0.49765625 0.49140625 0.0078125 0.0125
1 0.4 0.86796875 0.009375 0.0109375
1 0.33046875 0.36796875 0.0125 0.015625
1 0.99375 0.39375 0.0125 0.015625
1 0.5140625 0.309375 0.009375 0.0109375
1 0.6984375 0.34140625 0.009375 0.0109375
1 0.48125 0.89375 0.0109375 0.0125
1 0.33046875 0.32109375 0.0109375 0.015625
1 0.50078125 0.334375 0.0140625 0.0171875
1 0.36875 0.8609375 0.0125 0.0109375
1 0.49765625 0.31953125 0.0140625 0.0140625