3 0.17265625 0.315625 0.0515625 0.05625
4 0.6484375 0.28125 0.0765625 0.06875
2 0.765625 0.21484375 0.096875 0.0578125
3 0.37109375 0.29140625 0.05625 0.0671875
3 0.471875 0.340625 0.08125 0.090625
1 0.31875 0.4828125 0.0203125 0.0171875
1 0.3453125 0.40703125 0.0203125 0.015625
1 0.05859375 0.4390625 0.0203125 0.015625
1 0.9671875 0.4140625 0.0203125 0.015625
3 0.22265625 0.8390625 0.05 0.0421875
1 0.903125 0.9109375 0.025 0.0234375
1 0.953125 0.38828125 0.01875 0.015625
1 0.24765625 0.53359375 0.021875 0.0203125
1 0.44765625 0.5328125 0.021875 0.0203125
2 0.24375 0.23125 0.103125 0.0515625
1 0.4640625 0.43671875 0.01875 0.0171875
1 0.93203125 0.3484375 0.01875 0.0140625
1 0.4546875 0.55859375 0.0234375 0.021875
1 0.43671875 0.5515625 0.021875 0.01875
4 0.82734375 0.5609375 0.0984375 0.1328125
1 0.54296875 0.4078125 0.0203125 0.0171875
3 0.56328125 0.8109375 0.0453125 0.0375
1 0.27890625 0.48671875 0.0203125 0.015625
1 0.61796875 0.31953125 0.01875 0.0125
1 0.71953125 0.5078125 0.021875 0.0171875
1 0.3359375 0.45234375 0.0203125 0.0171875
1 0.58046875 0.3390625 0.01875 0.0125
1 0.4546875 0.48515625 0.021875 0.015625
1 0.32109375 0.41875 0.0203125 0.015625
1 0.8296875 0.39609375 0.0203125 0.0140625
1 0.171875 0.9 0.021875 0.01875
1 0.28515625 0.45 0.0203125 0.015625
1 0.71171875 0.86484375 0.01875 0.0140625
1 0.353125 0.46328125 0.0203125 0.0171875
1 0.95234375 0.8953125 0.0265625 0.025
1 0.3 0.43828125 0.0203125 0.0171875
1 0.2640625 0.9109375 0.0234375 0.0234375
1 0.8578125 0.875 0.01875 0.015625
1 0.7296875 0.53984375 0.021875 0.0203125
1 0.16015625 0.9359375 0.025 0.0265625
1 0.6328125 0.396875 0.0203125 0.0140625
1 0.4421875 0.50546875 0.0203125 0.0171875
1 0.36640625 0.54921875 0.021875 0.021875
1 0.60703125 0.3390625 0.01875 0.0125
1 0.0234375 0.47421875 0.0203125 0.015625
1 0.86875 0.31015625 0.01875 0.0125
1 0.309375 0.87265625 0.0171875 0.0125
1 0.46484375 0.51171875 0.021875 0.021875
1 0.26640625 0.5265625 0.0234375 0.0203125
1 0.390625 0.41640625 0.01875 0.015625
1 0.07421875 0.4140625 0.0203125 0.0140625
1 0.4359375 0.5234375 0.021875 0.0203125
1 0.21640625 0.88515625 0.0203125 0.0140625
1 0.74375 0.55390625 0.025 0.0203125
1 0.27109375 0.50390625 0.021875 0.0171875
1 0.29296875 0.45546875 0.01875 0.0140625
1 0.9203125 0.33359375 0.0203125 0.015625
1 0.6171875 0.33984375 0.01875 0.0125
1 0.44296875 0.48515625 0.0203125 0.015625
1 0.5453125 0.9015625 0.021875 0.0140625
1 0.66953125 0.40078125 0.0203125 0.0140625
1 0.06171875 0.6484375 0.025 0.025
1 0.36640625 0.86640625 0.01875 0.015625
1 0.1296875 0.88828125 0.0203125 0.015625
1 0.075 0.3984375 0.01875 0.0125
3 0.46484375 0.82109375 0.040625 0.0453125
1 0.02578125 0.5890625 0.021875 0.015625
1 0.17421875 0.4 0.01875 0.0140625
1 0.54921875 0.33515625 0.0171875 0.0140625
1 0.83984375 0.31015625 0.0171875 0.0125
1 0.97890625 0.359375 0.01875 0.0125
1 0.29765625 0.85625 0.0171875 0.0109375
1 0.83203125 0.884375 0.021875 0.01875
1 0.06484375 0.41171875 0.01875 0.0140625
1 0.75703125 0.97265625 0.0359375 0.04375
1 0.71875 0.4734375 0.0203125 0.0171875
1 0.48828125 0.9 0.0203125 0.015625
1 0.9296875 0.8734375 0.0203125 0.0140625
1 0.54140625 0.83125 0.015625 0.009375
1 0.64140625 0.35546875 0.0203125 0.015625
1 0.71484375 0.4515625 0.0203125 0.0140625
1 0.28671875 0.4703125 0.0203125 0.0140625
1 0.85 0.32578125 0.0171875 0.0125
1 0.96953125 0.34765625 0.01875 0.0125
1 0.2328125 0.89375 0.0203125 0.015625
1 0.11953125 0.328125 0.01875 0.0109375
1 0.653125 0.39765625 0.01875 0.0125
1 0.8140625 0.39609375 0.0171875 0.0140625
1 0.1953125 0.4109375 0.0203125 0.0140625
1 0.6375 0.3359375 0.01875 0.0125
1 0.5125 0.3015625 0.0171875 0.0109375
1 0.63046875 0.32265625 0.01875 0.0109375
1 0.1703125 0.878125 0.0203125 0.015625
1 0.42109375 0.49609375 0.01875 0.0125
1 0.76328125 0.54765625 0.021875 0.0203125
1 0.69296875 0.8625 0.01875 0.0140625
1 0.35390625 0.85703125 0.01875 0.0109375
1 0.834375 0.840625 0.015625 0.009375
1 0.0046875 0.446875 0.009375 0.01875
1 0.32890625 0.35546875 0.0171875 0.0125
1 0.66875 0.334375 0.01875 0.0140625
0 0.1625 0.0484375 0.0203125 0.015625
1 0.85 0.846875 0.0171875 0.0109375
1 0.65859375 0.32890625 0.0203125 0.0109375
1 0.46953125 0.90390625 0.021875 0.0125
0 0.1828125 0.06171875 0.0203125 0.01875
1 0.9390625 0.3265625 0.0171875 0.0125
1 0.66171875 0.35234375 0.01875 0.0125
1 0.89296875 0.8609375 0.0203125 0.0125
1 0.4140625 0.4828125 0.01875 0.0203125
1 0.93828125 0.98203125 0.0265625 0.0171875
1 0.06328125 0.39765625 0.0203125 0.0125
1 0.69140625 0.43125 0.0203125 0.015625
1 0.190625 0.65078125 0.0203125 0.0140625
1 0.75234375 0.484375 0.0203125 0.0109375
0 0.21640625 0.13046875 0.0203125 0.015625
1 0.26640625 0.4890625 0.01875 0.0140625
1 0.9 0.31484375 0.01875 0.0140625
1 0.09140625 0.340625 0.01875 0.0109375
1 0.3375 0.29921875 0.0171875 0.009375
1 0.5859375 0.29609375 0.01875 0.0125
1 0.34375 0.3265625 0.0171875 0.0109375
1 0.92421875 0.93359375 0.025 0.021875
1 0.9046875 0.2984375 0.01875 0.0109375
1 0.434375 0.496875 0.0203125 0.015625
1 0.7453125 0.8328125 0.015625 0.0109375
1 0.73359375 0.4953125 0.01875 0.0125
1 0.65078125 0.37109375 0.01875 0.0125
1 0.76953125 0.4953125 0.0203125 0.0125
1 0.4515625 0.46796875 0.01875 0.0109375
1 0.890625 0.8421875 0.0171875 0.009375
1 0.77265625 0.54375 0.01875 0.01875
1 0.08046875 0.35546875 0.01875 0.015625
1 0.6765625 0.39140625 0.01875 0.0125
1 0.68203125 0.421875 0.0171875 0.0125
1 0.7359375 0.47890625 0.021875 0.0140625
1 0.596875 0.33515625 0.01875 0.0125
1 0.7328125 0.51484375 0.0203125 0.0140625
1 0.8953125 0.2953125 0.0203125 0.0109375
1 0.64765625 0.38671875 0.0203125 0.0109375
4 0.078125 0.57109375 0.109375 0.15
1 0.82421875 0.50078125 0.0203125 0.0125
1 0.0546875 0.38828125 0.01875 0.0109375
1 0.15 0.8765625 0.01875 0.0140625
1 0.47421875 0.85234375 0.0171875 0.0078125
1 0.65390625 0.34375 0.01875 0.0140625
1 0.70859375 0.84609375 0.01875 0.0109375
1 0.171875 0.65390625 0.01875 0.009375
1 0.3375 0.353125 0.0171875 0.0125
1 0.5 0.30703125 0.015625 0.009375
1 0.075 0.34140625 0.0171875 0.0109375
1 0.47265625 0.84375 0.0171875 0.009375
1 0.459375 0.8515625 0.0171875 0.009375
1 0.6578125 0.384375 0.0171875 0.0109375
1 0.33828125 0.3359375 0.01875 0.0109375
1 0.7296875 0.453125 0.01875 0.0109375
1 0.653125 0.32109375 0.021875 0.0125
1 0.73671875 0.4640625 0.0203125 0.0140625
1 0.8578125 0.8421875 0.015625 0.009375
1 0.1 0.3328125 0.01875 0.0125
1 0.66328125 0.98515625 0.0296875 0.021875
1 0.9125 0.3171875 0.01875 0.0109375
0 0.2375 0.2328125 0.025 0.0265625
1 0.33671875 0.3140625 0.015625 0.0078125
1 0.425 0.328125 0.01875 0.009375