3 0.84375 0.28125 0.0765625 0.0703125
2 0.209375 0.23984375 0.1015625 0.065625
1 0.3796875 0.88984375 0.025 0.021875
3 0.79765625 0.80703125 0.0578125 0.04375
2 0.73125 0.20859375 0.10625 0.0609375
4 0.271875 0.84140625 0.065625 0.0546875
1 0.65703125 0.4703125 0.025 0.0203125
1 0.04140625 0.43828125 0.0234375 0.01875
4 0.47421875 0.84375 0.0921875 0.115625
1 0.41796875 0.47109375 0.025 0.0203125
1 0.80625 0.3703125 0.021875 0.0171875
1 0.09609375 0.40234375 0.0234375 0.01875
1 0.9640625 0.41796875 0.025 0.01875
1 0.1734375 0.9453125 0.0296875 0.028125
1 0.4328125 0.54453125 0.0265625 0.0234375
1 0.3640625 0.4421875 0.0234375 0.0171875
1 0.67578125 0.55 0.0265625 0.0234375
1 0.28984375 0.48203125 0.0234375 0.01875
3 0.76796875 0.5515625 0.09375 0.1390625
1 0.3671875 0.46015625 0.025 0.01875
1 0.01796875 0.453125 0.0265625 0.01875
1 0.44375 0.39609375 0.0234375 0.0171875
1 0.98828125 0.44453125 0.0234375 0.0234375
1 0.67109375 0.509375 0.0234375 0.0203125
1 0.859375 0.34609375 0.021875 0.0171875
1 0.459375 0.4375 0.0234375 0.0203125
1 0.42734375 0.8796875 0.0234375 0.0203125
1 0.62734375 0.4078125 0.0234375 0.0171875
1 0.59921875 0.4421875 0.025 0.0203125
1 0.55546875 0.4421875 0.025 0.0203125
1 0.47890625 0.45078125 0.0234375 0.015625
1 0.0875 0.9328125 0.028125 0.0265625
1 0.69921875 0.4234375 0.0234375 0.01875
1 0.17109375 0.91875 0.0265625 0.01875
1 0.33984375 0.47265625 0.025 0.021875
1 0.67421875 0.53125 0.025 0.0171875
1 0.42265625 0.409375 0.0234375 0.01875
1 0.6859375 0.40703125 0.0234375 0.01875
1 0.30703125 0.559375 0.0265625 0.0203125
1 0.59765625 0.51328125 0.0265625 0.0234375
1 0.021875 0.4140625 0.0234375 0.0171875
1 0.6828125 0.46796875 0.025 0.0171875
1 0.32109375 0.46875 0.0234375 0.0203125
1 0.83828125 0.8734375 0.025 0.0234375
1 0.90078125 0.3984375 0.0234375 0.01875
1 0.62109375 0.434375 0.0234375 0.0203125
1 0.4515625 0.5 0.025 0.0203125
1 0.3859375 0.4265625 0.0234375 0.0171875
1 0.3421875 0.36875 0.0234375 0.0171875
1 0.28046875 0.45546875 0.025 0.01875
1 0.34140625 0.57890625 0.0265625 0.0265625
1 0.6140625 0.5375 0.0265625 0.025
1 0.3234375 0.59609375 0.0265625 0.0234375
1 0.50234375 0.43671875 0.0234375 0.0203125
1 0.46640625 0.3296875 0.021875 0.015625
1 0.46171875 0.396875 0.0234375 0.0171875
1 0.47421875 0.43125 0.025 0.01875
1 0.46953125 0.36171875 0.021875 0.01875
1 0.64765625 0.43671875 0.025 0.01875
1 0.11171875 0.93203125 0.028125 0.028125
1 0.69609375 0.4078125 0.0234375 0.015625
1 0.63359375 0.5375 0.025 0.0234375
1 0.69921875 0.4421875 0.025 0.0203125
1 0.09296875 0.3484375 0.021875 0.015625
1 0.42421875 0.35078125 0.021875 0.0171875
1 0.865625 0.3125 0.021875 0.015625
1 0.3265625 0.4125 0.0234375 0.01875
1 0.39609375 0.353125 0.021875 0.0171875
1 0.37890625 0.35859375 0.0234375 0.015625
1 0.31796875 0.43046875 0.0234375 0.0171875
1 0.9765625 0.91875 0.0328125 0.0390625
1 0.796875 0.2828125 0.0203125 0.0140625
1 0.61796875 0.50078125 0.0265625 0.021875
1 0.46328125 0.54296875 0.025 0.0234375
1 0.3359375 0.60625 0.0265625 0.01875
1 0.68359375 0.48671875 0.025 0.0203125
1 0.4765625 0.41171875 0.0234375 0.0171875
1 0.33203125 0.3640625 0.021875 0.015625
1 0.10703125 0.3765625 0.0234375 0.0171875
1 0.40234375 0.459375 0.0234375 0.0171875
3 0.90546875 0.803125 0.059375 0.0484375
1 0.409375 0.33359375 0.0203125 0.015625
1 0.6390625 0.5828125 0.0234375 0.0140625
1 0.315625 0.871875 0.0234375 0.0171875
1 0.92421875 0.3796875 0.0234375 0.0171875
1 0.7765625 0.8328125 0.025 0.01875
1 0.29765625 0.5 0.025 0.021875
1 0.63203125 0.4453125 0.0234375 0.01875
1 0.815625 0.8953125 0.028125 0.028125
1 0.37734375 0.41640625 0.021875 0.0171875
1 0.54609375 0.36328125 0.021875 0.0171875
1 0.45625 0.4859375 0.021875 0.015625
1 0.4765625 0.4625 0.021875 0.0140625
1 0.12265625 0.34921875 0.021875 0.0140625
4 0.209375 0.6015625 0.11875 0.1390625
1 0.91328125 0.36796875 0.021875 0.0171875
1 0.8640625 0.85234375 0.0234375 0.0203125
1 0.49609375 0.32265625 0.0203125 0.0140625
1 0.6140625 0.4640625 0.025 0.021875
1 0.32421875 0.64453125 0.028125 0.0265625
1 0.75546875 0.846875 0.021875 0.0171875
1 0.29921875 0.609375 0.0265625 0.015625
1 0.57578125 0.4421875 0.021875 0.0171875
1 0.8796875 0.30390625 0.021875 0.015625
1 0.6 0.365625 0.0234375 0.0171875
1 0.54921875 0.428125 0.021875 0.0140625
1 0.63359375 0.36015625 0.0234375 0.0171875
1 0.29921875 0.39375 0.0203125 0.015625
1 0.30078125 0.57578125 0.0265625 0.0234375
1 0.71015625 0.44375 0.025 0.0203125
1 0.8765625 0.91875 0.0375 0.040625
1 0.3671875 0.39375 0.0234375 0.01875
1 0.4890625 0.371875 0.0234375 0.015625
1 0.29375 0.5921875 0.025 0.01875
1 0.5359375 0.36796875 0.021875 0.015625
1 0.13046875 0.37109375 0.0234375 0.0171875
1 0.66953125 0.39609375 0.0234375 0.01875
1 0.56875 0.50703125 0.025 0.0234375
1 0.00546875 0.40234375 0.0109375 0.0171875
1 0.6609375 0.44921875 0.0234375 0.01875
1 0.45703125 0.41484375 0.021875 0.0140625
1 0.1359375 0.90234375 0.021875 0.01875
1 0.53125 0.33359375 0.0234375 0.0171875
1 0.4140625 0.43984375 0.025 0.01875
1 0.603125 0.46171875 0.0234375 0.0171875
1 0.115625 0.3734375 0.0234375 0.0171875
1 0.4421875 0.48359375 0.0234375 0.0140625
1 0.5109375 0.3734375 0.0234375 0.0203125
1 0.6453125 0.3703125 0.0234375 0.015625
1 0.36171875 0.36953125 0.021875 0.015625
1 0.146875 0.3296875 0.0203125 0.0140625
1 0.3015625 0.86484375 0.0234375 0.0171875
1 0.925 0.96171875 0.034375 0.0203125
1 0.9328125 0.359375 0.0234375 0.0171875
1 0.6796875 0.43828125 0.0234375 0.015625
1 0.51953125 0.33046875 0.021875 0.015625
1 0.60390625 0.33203125 0.021875 0.015625
1 0.68359375 0.3859375 0.0234375 0.01875
1 0.38046875 0.33359375 0.021875 0.015625
1 0.55625 0.3921875 0.0234375 0.0140625
1 0.72421875 0.48046875 0.0234375 0.015625
1 0.30625 0.35078125 0.0234375 0.015625
1 0.64140625 0.3359375 0.0234375 0.0140625
1 0.95 0.89453125 0.0296875 0.028125
1 0.50859375 0.35234375 0.021875 0.0140625
1 0.55390625 0.33046875 0.021875 0.015625
1 0.19140625 0.9125 0.025 0.0203125
1 0.39921875 0.40625 0.025 0.0203125
1 0.61328125 0.36640625 0.0234375 0.015625
1 0.9078125 0.34765625 0.0234375 0.015625
1 0.91953125 0.3515625 0.0234375 0.015625
1 0.10546875 0.35859375 0.021875 0.015625
1 0.390625 0.3078125 0.0203125 0.0140625
1 0.4390625 0.3296875 0.0234375 0.015625
1 0.37578125 0.38984375 0.0234375 0.0171875
1 0.07734375 0.3421875 0.021875 0.015625
1 0.41328125 0.4109375 0.0234375 0.0171875
1 0.63515625 0.43046875 0.0234375 0.01875
1 0.65390625 0.359375 0.0234375 0.015625
1 0.8484375 0.834375 0.0234375 0.015625
1 0.62734375 0.30546875 0.0203125 0.0140625
1 0.09765625 0.334375 0.01875 0.0125
1 0.2953125 0.36171875 0.021875 0.015625
1 0.30078125 0.44609375 0.021875 0.015625
1 0.6359375 0.6203125 0.0265625 0.025
1 0.9046875 0.31640625 0.021875 0.0140625
1 0.48203125 0.3046875 0.0203125 0.0140625
1 0.41640625 0.30546875 0.021875 0.0140625
1 0.578125 0.47421875 0.0203125 0.0125
1 0.6234375 0.5234375 0.025 0.0171875
1 0.65703125 0.38515625 0.025 0.01875
1 0.3375 0.31328125 0.0234375 0.0140625
1 0.52578125 0.31015625 0.021875 0.0140625
1 0.4265625 0.51171875 0.025 0.0203125
1 0.51796875 0.3421875 0.021875 0.0125
1 0.37890625 0.4609375 0.0234375 0.015625
1 0.4984375 0.3875 0.021875 0.0171875
1 0.9875 0.95234375 0.025 0.0296875
1 0.32734375 0.3125 0.021875 0.015625
1 0.6796875 0.340625 0.0234375 0.015625
1 0.65 0.32734375 0.0203125 0.0140625
1 0.9046875 0.87265625 0.0265625 0.0234375
1 0.38984375 0.3890625 0.025 0.0171875
1 0.29140625 0.45390625 0.025 0.01875
1 0.63671875 0.3171875 0.021875 0.0140625
1 0.1140625 0.359375 0.0234375 0.0140625
1 0.62578125 0.384375 0.0234375 0.0203125
1 0.875 0.62265625 0.0265625 0.01875
1 0.9296875 0.89296875 0.0296875 0.0265625
1 0.49296875 0.4 0.025 0.015625
1 0.59140625 0.41953125 0.0234375 0.0171875
1 0.53046875 0.359375 0.021875 0.0171875
1 0.38203125 0.8734375 0.021875 0.0140625
1 0.415625 0.4890625 0.0234375 0.015625
1 0.40078125 0.475 0.0234375 0.01875
1 0.6671875 0.4359375 0.021875 0.015625
1 0.6546875 0.371875 0.0234375 0.0140625
1 0.4265625 0.31953125 0.021875 0.015625
1 0.378125 0.30234375 0.021875 0.0140625
1 0.28046875 0.36484375 0.0203125 0.0125
1 0.64375 0.35859375 0.0234375 0.015625
1 0.48984375 0.43671875 0.028125 0.021875
1 0.58203125 0.4984375 0.0265625 0.0203125
1 0.59453125 0.4765625 0.0234375 0.0171875
1 0.28828125 0.41796875 0.021875 0.015625
1 0.6703125 0.38125 0.0234375 0.015625
1 0.67109375 0.3078125 0.0234375 0.0171875
1 0.0953125 0.9046875 0.0234375 0.0171875
1 0.275 0.34609375 0.0234375 0.015625
1 0.6109375 0.40859375 0.0234375 0.0171875
1 0.54453125 0.32734375 0.0203125 0.0140625
1 0.10859375 0.97578125 0.021875 0.0171875
1 0.56484375 0.309375 0.0234375 0.0171875
1 0.896875 0.3375 0.0203125 0.015625
1 0.0140625 0.39140625 0.0234375 0.015625
1 0.59921875 0.38203125 0.021875 0.015625
1 0.2 0.86328125 0.021875 0.0125
1 0.1171875 0.89765625 0.0234375 0.0171875
1 0.2015625 0.890625 0.0234375 0.015625
1 0.56640625 0.36484375 0.0203125 0.0125
1 0.4734375 0.30625 0.021875 0.0140625
1 0.609375 0.39140625 0.025 0.0140625
1 0.5875 0.29765625 0.0234375 0.0140625
1 0.2 0.90703125 0.021875 0.0203125
1 0.4359375 0.50234375 0.0265625 0.021875
1 0.0859375 0.97265625 0.025 0.01875
1 0.18203125 0.88203125 0.021875 0.0171875
1 0.603125 0.47890625 0.0234375 0.0171875
1 0.28125 0.43828125 0.0234375 0.0171875
1 0.31640625 0.31171875 0.021875 0.015625
1 0.91796875 0.84140625 0.0234375 0.015625
1 0.7921875 0.2875 0.0203125 0.0140625
1 0.6171875 0.4859375 0.0234375 0.0125
1 0.91875 0.33828125 0.0234375 0.015625
1 0.3921875 0.46171875 0.021875 0.015625
1 0.125 0.87734375 0.021875 0.0140625
1 0.61171875 0.28984375 0.021875 0.0140625
1 0.55 0.29765625 0.021875 0.0140625
1 0.60234375 0.41796875 0.0234375 0.01875
1 0.29609375 0.40625 0.021875 0.0125
1 0.91796875 0.88125 0.025 0.0234375
1 0.4109375 0.50703125 0.025 0.0171875
1 0.84609375 0.8140625 0.021875 0.0125
1 0.39140625 0.47421875 0.0234375 0.0171875
1 0.76328125 0.63203125 0.021875 0.0125
1 0.4359375 0.31171875 0.0234375 0.015625
1 0.7671875 0.821875 0.0203125 0.0109375
1 0.896875 0.8296875 0.0203125 0.0140625
1 0.3 0.43203125 0.021875 0.015625
1 0.98046875 0.40078125 0.0203125 0.0125
1 0.54296875 0.29921875 0.021875 0.0140625
1 0.91796875 0.30390625 0.0234375 0.0171875
1 0.59140625 0.38671875 0.021875 0.0125
1 0.19765625 0.87578125 0.0203125 0.0125