3 0.33828125 0.34140625 0.065625 0.08359375
2 0.76953125 0.21953125 0.0875 0.0609375
1 0.08125 0.51640625 0.01328125 0.02109375
1 0.74609375 0.49765625 0.01171875 0.01953125
1 0.884375 0.378125 0.009375 0.015625
4 0.23125 0.83828125 0.05625 0.05625
1 0.64765625 0.48203125 0.0109375 0.01953125
4 0.16328125 0.3421875 0.0578125 0.06328125
4 0.52421875 0.29140625 0.05234375 0.075
1 0.43125 0.9 0.01328125 0.01640625
1 0.59609375 0.4546875 0.01015625 0.01796875
1 0.1 0.46640625 0.0109375 0.01796875
1 0.53203125 0.44140625 0.01015625 0.0171875
1 0.69609375 0.53359375 0.0125 0.01875
1 0.7140625 0.49296875 0.01171875 0.0203125
1 0.30703125 0.403125 0.009375 0.01640625
3 0.725 0.834375 0.065625 0.059375
1 0.94296875 0.446875 0.01171875 0.01875
1 0.9546875 0.39609375 0.01015625 0.0171875
1 0.6734375 0.49921875 0.01171875 0.0203125
2 0.2484375 0.2265625 0.0921875 0.05078125
1 0.0703125 0.47421875 0.0109375 0.01953125
1 0.64140625 0.515625 0.0125 0.0171875
1 0.4421875 0.4890625 0.0109375 0.01953125
1 0.4703125 0.5765625 0.0140625 0.025
1 0.65 0.378125 0.009375 0.01484375
1 0.653125 0.59375 0.01171875 0.01640625
1 0.16875 0.42421875 0.01015625 0.01796875
1 0.059375 0.4171875 0.009375 0.01484375
4 0.30625 0.49140625 0.10625 0.11328125
1 0.61796875 0.453125 0.01015625 0.01875
1 0.34453125 0.87421875 0.01015625 0.015625
1 0.85390625 0.3796875 0.00859375 0.01484375
1 0.6328125 0.39453125 0.009375 0.015625
1 0.47109375 0.61640625 0.01328125 0.0203125
1 0.96953125 0.41953125 0.0125 0.0203125
1 0.64140625 0.53984375 0.01328125 0.0203125
1 0.8328125 0.42734375 0.0109375 0.01796875
1 0.73984375 0.8953125 0.01328125 0.02265625
1 0.40078125 0.878125 0.009375 0.0171875
1 0.3921875 0.378125 0.00859375 0.015625
1 0.76953125 0.86640625 0.009375 0.015625
1 0.44765625 0.35390625 0.00859375 0.01328125
1 0.9078125 0.38671875 0.01015625 0.0171875
1 0.7203125 0.4484375 0.0109375 0.01875
1 0.49140625 0.54765625 0.0125 0.021875
1 0.5921875 0.4296875 0.01015625 0.01640625
1 0.03125 0.4453125 0.0109375 0.01640625
1 0.609375 0.4328125 0.01015625 0.01640625
1 0.50703125 0.33203125 0.0078125 0.0125
1 0.7 0.45546875 0.01171875 0.0203125
1 0.33515625 0.89921875 0.01328125 0.01875
1 0.61875 0.39453125 0.01015625 0.015625
1 0.80625 0.9359375 0.0171875 0.03203125
1 0.3859375 0.4609375 0.0078125 0.01953125
1 0.6671875 0.87265625 0.01015625 0.01875
1 0.55625 0.50390625 0.01171875 0.01875
1 0.07578125 0.40703125 0.01015625 0.015625
1 0.2171875 0.89765625 0.0125 0.0203125
1 0.3453125 0.89453125 0.01015625 0.01953125
1 0.15234375 0.9296875 0.015625 0.028125
1 0.8953125 0.91796875 0.015625 0.0265625
1 0.4609375 0.40546875 0.0109375 0.0171875
1 0.0984375 0.359375 0.00859375 0.01484375
1 0.67734375 0.5359375 0.0125 0.02109375
1 0.21640625 0.49140625 0.01015625 0.015625
1 0.66640625 0.38515625 0.009375 0.01640625
1 0.68671875 0.86796875 0.00859375 0.015625
1 0.13046875 0.9140625 0.01484375 0.0234375
1 0.025 0.5671875 0.009375 0.0171875
1 0.58359375 0.32890625 0.00859375 0.01328125
1 0.6984375 0.43046875 0.0109375 0.01484375
1 0.11640625 0.95546875 0.01875 0.034375
1 0.6046875 0.3296875 0.0078125 0.0140625
1 0.46640625 0.3890625 0.009375 0.0171875
1 0.67265625 0.3421875 0.009375 0.01328125
1 0.325 0.38515625 0.01015625 0.01484375
1 0.54375 0.49375 0.0109375 0.01640625
1 0.815625 0.4015625 0.00859375 0.015625
1 0.65546875 0.42109375 0.009375 0.01484375
1 0.80859375 0.86953125 0.00859375 0.01484375
1 0.6265625 0.53046875 0.01171875 0.01953125
1 0.9375 0.928125 0.0140625 0.025
1 0.5765625 0.415625 0.0109375 0.0171875
1 0.578125 0.51640625 0.00625 0.015625
1 0.825 0.890625 0.01171875 0.01953125
1 0.27265625 0.55546875 0.0125 0.01875
1 0.2359375 0.646875 0.0125 0.0171875
1 0.575 0.465625 0.009375 0.0140625
1 0.6 0.39375 0.01015625 0.015625
1 0.03125 0.39609375 0.009375 0.0140625
1 0.0421875 0.4171875 0.009375 0.0125
1 0.196875 0.9078125 0.01328125 0.02265625
1 0.3484375 0.41484375 0.0109375 0.0171875
1 0.6109375 0.37890625 0.01015625 0.015625
1 0.6609375 0.3359375 0.0078125 0.0140625
1 0.62578125 0.44296875 0.009375 0.01484375
1 0.60234375 0.353125 0.0078125 0.0140625
1 0.69375 0.61640625 0.01171875 0.01640625
1 0.865625 0.91875 0.01328125 0.025
1 0.5421875 0.46875 0.01015625 0.015625
1 0.853125 0.33515625 0.0078125 0.01328125
1 0.86796875 0.346875 0.0078125 0.01484375
1 0.56484375 0.3390625 0.00703125 0.0140625
1 0.61875 0.3484375 0.00859375 0.01484375
1 0.65703125 0.30390625 0.0078125 0.0125
1 0.53203125 0.63046875 0.01328125 0.021875
1 0.03984375 0.4296875 0.0109375 0.01484375
1 0.58515625 0.38125 0.00859375 0.015625
1 0.66640625 0.41875 0.00859375 0.0125
0 0.53828125 0.21875 0.009375 0.01640625
1 0.90859375 0.3390625 0.009375 0.015625
1 0.0140625 0.4171875 0.009375 0.01640625
1 0.8859375 0.3015625 0.009375 0.0125
1 0.5453125 0.32578125 0.00859375 0.0140625
1 0.21015625 0.8796875 0.01015625 0.01484375
1 0.8078125 0.84609375 0.00703125 0.01171875
1 0.84140625 0.88828125 0.0109375 0.01796875
1 0.4203125 0.29921875 0.00703125 0.01171875
1 0.12265625 0.8828125 0.009375 0.01796875
1 0.87890625 0.9390625 0.0171875 0.02109375
1 0.6453125 0.34296875 0.0078125 0.01484375
1 0.30859375 0.846875 0.0078125 0.0109375
1 0.1671875 0.9921875 0.01953125 0.01484375
1 0.6640625 0.43125 0.009375 0.01328125
1 0.8515625 0.88125 0.009375 0.015625
1 0.6078125 0.4203125 0.01015625 0.01171875
1 0.12890625 0.6453125 0.0140625 0.015625
1 0.57109375 0.48671875 0.01171875 0.01796875
1 0.66640625 0.4453125 0.0109375 0.0171875
1 0.76640625 0.8484375 0.00703125 0.01171875
1 0.090625 0.64921875 0.0109375 0.0125
1 0.1265625 0.3265625 0.00703125 0.0125
1 0.27109375 0.840625 0.00625 0.009375
1 0.6609375 0.359375 0.0078125 0.01484375
1 0.55234375 0.3265625 0.0078125 0.0140625
1 0.48359375 0.29375 0.0078125 0.0125
1 0.621875 0.38125 0.009375 0.0125
1 0.690625 0.38203125 0.01015625 0.01640625
1 0.9875 0.37421875 0.0109375 0.015625
1 0.61875 0.43359375 0.009375 0.01484375
1 0.86640625 0.3328125 0.0078125 0.01328125
1 0.64140625 0.3671875 0.00859375 0.01796875
1 0.6578125 0.403125 0.00859375 0.01171875
1 0.603125 0.3734375 0.0078125 0.0125
1 0.31875 0.8640625 0.0078125 0.01328125
1 0.003125 0.459375 0.00625 0.01484375
1 0.6921875 0.41640625 0.00703125 0.01171875
1 0.515625 0.45390625 0.0109375 0.01796875
1 0.56796875 0.31640625 0.00859375 0.0125
1 0.46015625 0.30078125 0.009375 0.01171875
1 0.8828125 0.36484375 0.00859375 0.0125
1 0.49921875 0.46171875 0.01015625 0.0125
1 0.71953125 0.43203125 0.009375 0.01484375
1 0.6328125 0.428125 0.01015625 0.0125
1 0.63203125 0.34453125 0.01015625 0.015625
1 0.64765625 0.3203125 0.01171875 0.0140625
1 0.63203125 0.31953125 0.00859375 0.01328125
1 0.88671875 0.33046875 0.01015625 0.01171875
1 0.07109375 0.3921875 0.01015625 0.01328125
1 0.13046875 0.6171875 0.0140625 0.0203125
1 0.18046875 0.8890625 0.0140625 0.02109375
1 0.45703125 0.85078125 0.00625 0.01015625
0 0.09453125 0.26875 0.00859375 0.0125
1 0.0234375 0.43125 0.0109375 0.01328125
1 0.17578125 0.45 0.00859375 0.0109375
1 0.58203125 0.31328125 0.0078125 0.01171875
1 0.94453125 0.903125 0.01640625 0.02421875
1 0.8515625 0.85390625 0.00703125 0.0125
1 0.4015625 0.31875 0.0078125 0.01171875
1 0.81953125 0.87265625 0.01015625 0.015625
1 0.83515625 0.85703125 0.00859375 0.01328125
1 0.5796875 0.48671875 0.00859375 0.015625
0 0.13359375 0.79140625 0.0078125 0.0140625
1 0.97109375 0.34921875 0.00703125 0.01328125
1 0.38671875 0.30703125 0.01015625 0.01171875
1 0.621875 0.3078125 0.00859375 0.0125
1 0.61640625 0.3234375 0.009375 0.0140625
1 0.95234375 0.3390625 0.0109375 0.015625
1 0.075 0.38203125 0.009375 0.01171875
1 0.2640625 0.99453125 0.01640625 0.01015625
1 0.6984375 0.51328125 0.01171875 0.0140625
1 0.003125 0.60390625 0.00625 0.0109375
1 0.9234375 0.3265625 0.00859375 0.01328125
1 0.440625 0.2953125 0.0078125 0.0125
1 0.77421875 0.99375 0.015625 0.0109375
0 0.09375 0.28671875 0.00859375 0.0125
1 0.57109375 0.81796875 0.00859375 0.009375
1 0.87265625 0.96953125 0.01171875 0.01796875
0 0.16171875 0.7890625 0.009375 0.0140625
1 0.5828125 0.29375 0.0078125 0.0125
1 0.11015625 0.328125 0.01015625 0.0125
1 0.21171875 0.615625 0.01328125 0.0203125
1 0.553125 0.30625 0.0078125 0.0140625
1 0.79375 0.98359375 0.021875 0.0328125
1 0.71015625 0.43515625 0.0109375 0.01875
1 0.02109375 0.9390625 0.01328125 0.021875
1 0.15703125 0.62109375 0.0140625 0.02265625
1 0.9125 0.93671875 0.015625 0.0234375
1 0.14765625 0.88046875 0.0125 0.01640625
1 0.8609375 0.990625 0.015625 0.0171875
1 0.196875 0.85546875 0.009375 0.0125
1 0.075 0.35546875 0.009375 0.0109375
1 0.50625 0.453125 0.00859375 0.015625
1 0.13515625 0.3109375 0.009375 0.0140625
1 0.69609375 0.36953125 0.00859375 0.0125
1 0.4796875 0.853125 0.00625 0.009375
1 0.49375 0.2984375 0.00703125 0.01171875
1 0.921875 0.99140625 0.01640625 0.015625
1 0.4328125 0.2953125 0.00859375 0.0125
1 0.4578125 0.8390625 0.00703125 0.01015625
1 0.17265625 0.31796875 0.0078125 0.01015625
1 0.60703125 0.31015625 0.009375 0.01328125
1 0.8328125 0.84296875 0.00703125 0.01015625
1 0.88828125 0.8609375 0.0078125 0.0125
1 0.5609375 0.47109375 0.0109375 0.01328125
1 0.6734375 0.990625 0.0171875 0.01796875