3 0.1453125 0.29921875 0.0609375 0.065625
2 0.7765625 0.225 0.0875 0.059375
1 0.63984375 0.8828125 0.0125 0.0203125
3 0.21875 0.82265625 0.0421875 0.0390625
2 0.25390625 0.22109375 0.090625 0.0546875
4 0.74609375 0.8296875 0.05 0.05
1 0.34140625 0.478125 0.0109375 0.01875
1 0.9546875 0.4140625 0.0109375 0.0171875
4 0.54375 0.8421875 0.075 0.109375
1 0.58046875 0.4671875 0.0125 0.01875
1 0.18671875 0.38671875 0.009375 0.015625
1 0.8984375 0.38125 0.009375 0.0171875
1 0.03203125 0.44296875 0.0125 0.0171875
1 0.85 0.92734375 0.015625 0.0265625
1 0.56953125 0.54140625 0.0125 0.021875
1 0.63203125 0.43515625 0.009375 0.015625
1 0.32734375 0.559375 0.0125 0.021875
1 0.709375 0.47109375 0.0109375 0.0171875
3 0.234375 0.565625 0.075 0.1328125
1 0.63046875 0.453125 0.0109375 0.0171875
1 0.97890625 0.428125 0.0125 0.0171875
1 0.55078125 0.39296875 0.009375 0.015625
1 0.00859375 0.47109375 0.0125 0.021875
1 0.3296875 0.51796875 0.0109375 0.01875
1 0.1328125 0.365625 0.009375 0.015625
1 0.53671875 0.4359375 0.0109375 0.01875
1 0.59296875 0.875 0.0109375 0.01875
1 0.36796875 0.41484375 0.009375 0.015625
1 0.39765625 0.44765625 0.0109375 0.01875
1 0.44140625 0.4453125 0.0125 0.01875
1 0.51875 0.44921875 0.0109375 0.0140625
1 0.934375 0.9109375 0.0140625 0.0234375
1 0.296875 0.43359375 0.0109375 0.0171875
1 0.85 0.90078125 0.0140625 0.0171875
1 0.65859375 0.46484375 0.0109375 0.0203125
1 0.32734375 0.53984375 0.0125 0.015625
1 0.57265625 0.40546875 0.009375 0.0171875
1 0.309375 0.4171875 0.0109375 0.0171875
1 0.69609375 0.54921875 0.0125 0.01875
1 0.40390625 0.51875 0.0140625 0.0203125
1 0.9734375 0.38984375 0.0109375 0.015625
1 0.315625 0.47734375 0.0109375 0.015625
1 0.67734375 0.459375 0.0109375 0.01875
1 0.18125 0.890625 0.0125 0.021875
1 0.09453125 0.41953125 0.0109375 0.0171875
1 0.37578125 0.440625 0.0109375 0.01875
1 0.5484375 0.49765625 0.0125 0.01875
1 0.61015625 0.4203125 0.009375 0.015625
1 0.65078125 0.36015625 0.009375 0.015625
1 0.71640625 0.44453125 0.0109375 0.0171875
1 0.6625 0.57109375 0.0125 0.0234375
1 0.38828125 0.54375 0.0140625 0.0234375
1 0.68125 0.58671875 0.0125 0.0203125
1 0.49375 0.43671875 0.009375 0.01875
1 0.525 0.32890625 0.0078125 0.0140625
1 0.5328125 0.3953125 0.009375 0.015625
1 0.52265625 0.4296875 0.0109375 0.0171875
1 0.5234375 0.36015625 0.009375 0.0171875
1 0.34921875 0.44453125 0.0125 0.0171875
1 0.91015625 0.9109375 0.0140625 0.0265625
1 0.29921875 0.41796875 0.009375 0.0140625
1 0.36875 0.54453125 0.0125 0.021875
1 0.29765625 0.45234375 0.0109375 0.01875
1 0.8984375 0.32734375 0.009375 0.0140625
1 0.5671875 0.346875 0.0078125 0.015625
1 0.125 0.33203125 0.0078125 0.0140625
1 0.66875 0.40390625 0.0109375 0.0171875
1 0.59609375 0.34765625 0.0078125 0.015625
1 0.61328125 0.353125 0.009375 0.0140625
1 0.678125 0.42109375 0.009375 0.015625
1 0.04609375 0.94296875 0.01875 0.0375
1 0.1921875 0.2984375 0.0078125 0.0125
1 0.38203125 0.50703125 0.0125 0.0203125
1 0.5390625 0.54140625 0.0125 0.021875
1 0.66953125 0.59765625 0.0125 0.015625
1 0.315625 0.49609375 0.0109375 0.01875
1 0.51875 0.41015625 0.009375 0.015625
1 0.66015625 0.35546875 0.0078125 0.0140625
1 0.8859375 0.35625 0.009375 0.015625
1 0.5953125 0.45390625 0.009375 0.015625
3 0.1109375 0.8234375 0.04375 0.0453125
1 0.58203125 0.32890625 0.0078125 0.0140625
1 0.365625 0.58984375 0.0109375 0.0125
1 0.70390625 0.86171875 0.009375 0.015625
1 0.0703125 0.4015625 0.0109375 0.015625
1 0.24140625 0.846875 0.0109375 0.0171875
1 0.7015625 0.48984375 0.0125 0.0203125
1 0.365625 0.45234375 0.0109375 0.0171875
1 0.20546875 0.9109375 0.0140625 0.0265625
1 0.61796875 0.41015625 0.009375 0.015625
1 0.446875 0.36640625 0.0078125 0.015625
1 0.54296875 0.48359375 0.009375 0.0140625
1 0.521875 0.4609375 0.009375 0.0125
1 0.86875 0.3296875 0.0078125 0.0125
4 0.7953125 0.58671875 0.0984375 0.1328125
1 0.0796875 0.38984375 0.009375 0.015625
1 0.15546875 0.8703125 0.0109375 0.01875
1 0.49453125 0.32265625 0.0078125 0.0125
1 0.384375 0.46953125 0.0109375 0.0203125
1 0.6828125 0.63515625 0.0140625 0.025
1 0.26328125 0.86015625 0.009375 0.015625
1 0.70625 0.59921875 0.0140625 0.0125
1 0.42109375 0.44609375 0.0078125 0.015625
1 0.1109375 0.3234375 0.0078125 0.0140625
1 0.39296875 0.37109375 0.009375 0.015625
1 0.44765625 0.43125 0.009375 0.0125
1 0.359375 0.3671875 0.0109375 0.015625
1 0.6953125 0.3828125 0.0078125 0.0140625
1 0.703125 0.565625 0.0125 0.0203125
1 0.2875 0.4546875 0.0109375 0.01875
1 0.14609375 0.9375 0.021875 0.0390625
1 0.62734375 0.38671875 0.0109375 0.0171875
1 0.50390625 0.37109375 0.009375 0.0140625
1 0.7109375 0.58125 0.0109375 0.0171875
1 0.45703125 0.3703125 0.009375 0.0140625
1 0.86171875 0.3515625 0.0109375 0.015625
1 0.325 0.4046875 0.0109375 0.0171875
1 0.43203125 0.51015625 0.0109375 0.021875
1 0.9953125 0.378125 0.009375 0.015625
1 0.33671875 0.4578125 0.0109375 0.0171875
1 0.53828125 0.4125 0.0078125 0.0125
1 0.88515625 0.8828125 0.009375 0.0171875
1 0.46015625 0.33515625 0.009375 0.015625
1 0.58203125 0.4359375 0.0109375 0.0171875
1 0.3953125 0.4671875 0.009375 0.015625
1 0.8765625 0.353125 0.0109375 0.015625
1 0.55625 0.48046875 0.009375 0.0125
1 0.4828125 0.37421875 0.009375 0.01875
1 0.3484375 0.378125 0.0109375 0.0140625
1 0.63125 0.3625 0.009375 0.0140625
1 0.84375 0.31171875 0.0078125 0.0125
1 0.7171875 0.85390625 0.009375 0.015625
1 0.1 0.9828125 0.0203125 0.01875
1 0.0609375 0.38203125 0.0109375 0.015625
1 0.3171875 0.44765625 0.009375 0.0140625
1 0.471875 0.33125 0.009375 0.0140625
1 0.3875 0.3375 0.0078125 0.0140625
1 0.31015625 0.39609375 0.009375 0.0171875
1 0.6109375 0.32734375 0.009375 0.0140625
1 0.43828125 0.3953125 0.009375 0.0125
1 0.275 0.4921875 0.0109375 0.0140625
1 0.6859375 0.340625 0.009375 0.0140625
1 0.35 0.34375 0.009375 0.0125
1 0.071875 0.91796875 0.015625 0.0265625
1 0.48359375 0.353125 0.009375 0.0125
1 0.4375 0.33359375 0.0078125 0.0140625
1 0.8296875 0.8953125 0.0125 0.01875
1 0.5953125 0.40078125 0.0125 0.01875
1 0.3796875 0.37265625 0.009375 0.0140625
1 0.08515625 0.36953125 0.0109375 0.0140625
1 0.0734375 0.3734375 0.0109375 0.0140625
1 0.88671875 0.33828125 0.0078125 0.0140625
1 0.59921875 0.30234375 0.0078125 0.0125
1 0.55234375 0.3265625 0.009375 0.0140625
1 0.61875 0.38359375 0.009375 0.015625
1 0.9140625 0.3203125 0.009375 0.0140625
1 0.58203125 0.40703125 0.009375 0.015625
1 0.3609375 0.4375 0.0109375 0.0171875
1 0.3390625 0.3671875 0.0109375 0.0140625
1 0.16953125 0.85234375 0.009375 0.0140625
1 0.3625 0.3125 0.0078125 0.0125
1 0.89296875 0.3140625 0.00625 0.0109375
1 0.696875 0.35078125 0.009375 0.0140625
1 0.69609375 0.43515625 0.009375 0.0140625
1 0.3703125 0.62734375 0.0125 0.021875
1 0.08671875 0.33828125 0.009375 0.0125
1 0.5078125 0.30390625 0.0078125 0.0125
1 0.57265625 0.3015625 0.0078125 0.0125
1 0.4203125 0.478125 0.0078125 0.0109375
1 0.37734375 0.5296875 0.0125 0.015625
1 0.33671875 0.39296875 0.0109375 0.0171875
1 0.65234375 0.3046875 0.009375 0.0125
1 0.4640625 0.31171875 0.0078125 0.0125
1 0.57421875 0.5078125 0.0125 0.01875
1 0.4734375 0.34296875 0.009375 0.0109375
1 0.61875 0.4546875 0.009375 0.0140625
1 0.49609375 0.3875 0.009375 0.015625
1 0.03125 0.97890625 0.021875 0.0265625
1 0.6625 0.30390625 0.009375 0.0140625
1 0.31171875 0.35078125 0.0109375 0.0140625
1 0.34140625 0.33515625 0.0078125 0.0125
1 0.115625 0.89296875 0.0140625 0.021875
1 0.6046875 0.3828125 0.0125 0.015625
1 0.70546875 0.44375 0.0109375 0.0171875
1 0.35390625 0.325 0.009375 0.0125
1 0.878125 0.3390625 0.0109375 0.0125
1 0.36796875 0.39140625 0.0109375 0.01875
1 0.13203125 0.6421875 0.0140625 0.015625
1 0.94296875 0.9921875 0.0171875 0.015625
1 0.09140625 0.91484375 0.015625 0.025
1 0.5015625 0.4 0.0109375 0.0140625
1 0.4046875 0.42421875 0.009375 0.015625
1 0.4625 0.3609375 0.009375 0.015625
1 0.6375 0.86640625 0.0078125 0.0125
1 0.58359375 0.484375 0.009375 0.0140625
1 0.59765625 0.46953125 0.0109375 0.0171875
1 0.3296875 0.44453125 0.009375 0.0140625
1 0.3390625 0.3796875 0.0109375 0.0125
1 0.5640625 0.315625 0.009375 0.0140625
1 0.61171875 0.29609375 0.0078125 0.0125
1 0.71171875 0.35390625 0.0078125 0.0109375
1 0.34921875 0.36640625 0.0109375 0.0140625
1 0.50625 0.4359375 0.0140625 0.01875
1 0.41796875 0.50234375 0.0125 0.01875
1 0.40390625 0.48203125 0.0109375 0.015625
1 0.70703125 0.40703125 0.0078125 0.0140625
1 0.3234375 0.390625 0.009375 0.0140625
1 0.31875 0.3171875 0.009375 0.015625
1 0.92578125 0.88359375 0.0109375 0.015625
1 0.7171875 0.334375 0.009375 0.0140625
1 0.384375 0.4140625 0.0109375 0.015625
1 0.446875 0.3296875 0.00625 0.0125
1 0.915625 0.9546875 0.009375 0.015625
1 0.425 0.3125 0.009375 0.015625
1 0.0953125 0.35859375 0.0078125 0.0140625
1 0.9796875 0.36640625 0.0109375 0.0140625
1 0.39453125 0.3875 0.009375 0.0140625
1 0.81796875 0.846875 0.009375 0.0109375
1 0.903125 0.87734375 0.009375 0.015625
1 0.81875 0.87421875 0.0109375 0.0140625
1 0.4265625 0.36796875 0.0078125 0.0109375
1 0.51640625 0.3046875 0.009375 0.0125
1 0.38515625 0.396875 0.0109375 0.0125
1 0.4015625 0.30234375 0.0109375 0.0125
1 0.8203125 0.890625 0.009375 0.01875
1 0.5640625 0.4984375 0.0140625 0.01875
1 0.93828125 0.95078125 0.0109375 0.0171875
1 0.8375 0.86484375 0.0078125 0.015625
1 0.3953125 0.484375 0.009375 0.015625
1 0.715625 0.42734375 0.0109375 0.015625
1 0.6734375 0.30234375 0.0078125 0.0140625
1 0.10078125 0.8625 0.009375 0.0140625
1 0.196875 0.303125 0.0078125 0.0125
1 0.38203125 0.4921875 0.0109375 0.0109375
1 0.0734375 0.36015625 0.009375 0.0140625
1 0.60546875 0.45625 0.009375 0.0140625
1 0.89453125 0.85703125 0.0078125 0.0125
1 0.378125 0.29609375 0.0078125 0.0125
1 0.4390625 0.30078125 0.009375 0.0125
1 0.39375 0.4234375 0.0109375 0.0171875
1 0.6984375 0.3953125 0.009375 0.0109375
1 0.10234375 0.90234375 0.0109375 0.021875
1 0.5890625 0.50234375 0.0125 0.015625
1 0.17109375 0.83203125 0.009375 0.0109375
1 0.60703125 0.46796875 0.009375 0.015625
1 0.24453125 0.6453125 0.009375 0.0109375
1 0.55390625 0.30859375 0.0109375 0.0140625
1 0.25 0.83515625 0.0078125 0.009375
1 0.12109375 0.85 0.00625 0.0125
1 0.69609375 0.42109375 0.009375 0.0140625
1 0.015625 0.42578125 0.0078125 0.0109375
1 0.44609375 0.3015625 0.0078125 0.0125
1 0.07265625 0.32578125 0.0109375 0.015625
1 0.40234375 0.3921875 0.009375 0.0109375
1 0.821875 0.859375 0.0078125 0.0109375