4 0.61484375 0.446875 0.1140625 0.121875
2 0.24453125 0.20546875 0.128125 0.065625
4 0.94296875 0.46953125 0.1140625 0.0953125
3 0.4046875 0.303125 0.1 0.0765625
3 0.3109375 0.83984375 0.1234375 0.096875
1 0.70625 0.49453125 0.0484375 0.01875
1 0.3953125 0.4140625 0.05 0.0203125
4 0.74140625 0.88359375 0.1609375 0.1234375
1 0.22734375 0.5609375 0.0515625 0.025
4 0.35 0.33515625 0.0921875 0.0875
1 0.8421875 0.4421875 0.046875 0.0171875
1 0.8078125 0.471875 0.046875 0.0171875
1 0.8421875 0.58828125 0.05 0.0234375
1 0.24375 0.51796875 0.0484375 0.0203125
1 0.09765625 0.41875 0.0484375 0.0171875
1 0.84453125 0.459375 0.046875 0.0171875
1 0.03359375 0.4265625 0.05 0.01875
1 0.20625 0.4421875 0.0484375 0.01875
1 0.32578125 0.55703125 0.0515625 0.025
1 0.296875 0.49453125 0.0484375 0.021875
1 0.87109375 0.44375 0.046875 0.0171875
3 0.14375 0.403125 0.1125 0.1
1 0.22109375 0.8859375 0.0515625 0.025
1 0.72578125 0.446875 0.0484375 0.01875
1 0.940625 0.60234375 0.05 0.0171875
1 0.04453125 0.39609375 0.0484375 0.0171875
1 0.38359375 0.5046875 0.0484375 0.021875
1 0.196875 0.42421875 0.046875 0.01875
1 0.896875 0.43984375 0.046875 0.015625
1 0.82265625 0.4140625 0.046875 0.0171875
1 0.2640625 0.4453125 0.0484375 0.01875
1 0.30625 0.52421875 0.0484375 0.021875
1 0.27578125 0.5078125 0.0484375 0.021875
1 0.021875 0.409375 0.04375 0.01875
3 0.53125 0.4625 0.1109375 0.13125
1 0.44765625 0.3421875 0.04375 0.015625
1 0.5453125 0.8953125 0.05 0.021875
1 0.6734375 0.50703125 0.0484375 0.0203125
1 0.3890625 0.3734375 0.0453125 0.0140625
1 0.26015625 0.875 0.05 0.021875
1 0.18515625 0.46171875 0.0484375 0.01875
1 0.01875 0.371875 0.0375 0.015625
1 0.659375 0.43828125 0.046875 0.015625
1 0.134375 0.3390625 0.0453125 0.015625
1 0.57578125 0.4109375 0.0453125 0.0171875
1 0.44921875 0.32734375 0.04375 0.0125
1 0.65703125 0.89453125 0.0484375 0.021875
1 0.0453125 0.89921875 0.0515625 0.025
1 0.3296875 0.61328125 0.05 0.021875
1 0.015625 0.4234375 0.03125 0.01875
1 0.73125 0.54296875 0.0484375 0.0203125
1 0.178125 0.4265625 0.046875 0.0171875
1 0.21328125 0.47890625 0.0484375 0.0203125
1 0.184375 0.88828125 0.0515625 0.025
1 0.559375 0.38671875 0.04375 0.015625
1 0.88125 0.41796875 0.046875 0.015625
1 0.07734375 0.3625 0.046875 0.0171875
1 0.58125 0.8828125 0.046875 0.0171875
1 0.6015625 0.87890625 0.0453125 0.0171875
1 0.278125 0.43203125 0.0484375 0.01875
1 0.54453125 0.38828125 0.0453125 0.015625
1 0.5421875 0.6265625 0.05 0.025
1 0.1125 0.3359375 0.0453125 0.015625
1 0.034375 0.35625 0.046875 0.0140625
1 0.315625 0.3859375 0.0484375 0.0203125
1 0.1 0.3109375 0.0453125 0.015625
1 0.5796875 0.32578125 0.04375 0.0140625
0 0.75234375 0.22265625 0.0453125 0.0140625
2 0.76484375 0.23984375 0.1296875 0.0515625
1 0.89765625 0.41953125 0.0484375 0.015625
1 0.20859375 0.8375 0.0453125 0.0140625
1 0.1140625 0.8875 0.05 0.025
1 0.29296875 0.61171875 0.05 0.0234375
1 0.66796875 0.415625 0.046875 0.015625
1 0.0703125 0.35 0.046875 0.015625
1 0.83984375 0.34609375 0.04375 0.0125
1 0.721875 0.53046875 0.0484375 0.0203125
1 0.0296875 0.39140625 0.0484375 0.0171875
1 0.19765625 0.609375 0.0515625 0.021875
1 0.9140625 0.93984375 0.0515625 0.028125
1 0.84609375 0.88984375 0.0453125 0.015625
1 0.05 0.32109375 0.04375 0.0140625
1 0.85390625 0.41640625 0.0484375 0.0171875
1 0.83828125 0.32109375 0.04375 0.0109375
1 0.38984375 0.3546875 0.0453125 0.0140625
1 0.87734375 0.53828125 0.046875 0.015625
1 0.5453125 0.34609375 0.0453125 0.0140625
1 0.859375 0.8890625 0.0453125 0.015625
1 0.01875 0.34453125 0.0375 0.0140625
1 0.16328125 0.303125 0.0453125 0.0140625
1 0.240625 0.4984375 0.046875 0.0125
1 0.2546875 0.83359375 0.04375 0.0140625
1 0.18671875 0.3171875 0.04375 0.0125
1 0.815625 0.91171875 0.0484375 0.021875
1 0.0984375 0.33125 0.046875 0.0140625
1 0.165625 0.85 0.046875 0.0171875
1 0.14140625 0.8703125 0.0484375 0.01875
1 0.85390625 0.346875 0.04375 0.0140625
1 0.128125 0.3265625 0.04375 0.0140625
1 0.1421875 0.31875 0.04375 0.0140625
1 0.82265625 0.89140625 0.04375 0.015625
1 0.23984375 0.8359375 0.0421875 0.0125
1 0.7390625 0.52578125 0.046875 0.01875
1 0.65390625 0.86875 0.0453125 0.015625
1 0.8515625 0.3265625 0.0453125 0.0140625
1 0.0609375 0.8796875 0.05 0.0203125
1 0.178125 0.38828125 0.04375 0.0125
1 0.2640625 0.60546875 0.0515625 0.01875
1 0.94609375 0.40390625 0.0453125 0.015625
1 0.24140625 0.609375 0.0515625 0.021875
1 0.36953125 0.85234375 0.0484375 0.0203125
1 0.8609375 0.3453125 0.04375 0.0140625
1 0.1796875 0.28515625 0.0484375 0.0171875
1 0.31640625 0.34921875 0.05 0.01875
1 0.1359375 0.97109375 0.059375 0.0203125
1 0.81875 0.321875 0.0421875 0.0125
1 0.82734375 0.32265625 0.04375 0.0125
1 0.1171875 0.35390625 0.04375 0.0125
1 0.57109375 0.34765625 0.0421875 0.0140625
1 0.165625 0.88125 0.05 0.021875
1 0.890625 0.66953125 0.0484375 0.015625
1 0.51875 0.85546875 0.0453125 0.0109375
1 0.91796875 0.40859375 0.0453125 0.015625
1 0.878125 0.90546875 0.0484375 0.0234375
1 0.4171875 0.84609375 0.0421875 0.009375
1 0.88828125 0.35390625 0.0453125 0.015625
1 0.56328125 0.48515625 0.046875 0.015625
1 0.51796875 0.39296875 0.0453125 0.0109375
1 0.0203125 0.6171875 0.040625 0.021875
1 0.653125 0.42421875 0.0453125 0.0140625
1 0.65 0.3234375 0.0453125 0.0125
1 0.26328125 0.834375 0.04375 0.0140625
1 0.07734375 0.30859375 0.04375 0.0140625
1 0.4328125 0.84453125 0.046875 0.0171875
1 0.3 0.6359375 0.046875 0.0125
1 0.14453125 0.30078125 0.0453125 0.0125
1 0.57578125 0.85390625 0.0421875 0.0109375
1 0.15390625 0.6234375 0.0484375 0.0171875
1 0.56015625 0.8921875 0.0484375 0.01875
1 0.91328125 0.42734375 0.0453125 0.0140625
1 0.140625 0.853125 0.04375 0.0109375
1 0.95234375 0.4140625 0.04375 0.0125
1 0.8 0.89453125 0.04375 0.0140625
1 0.8765625 0.88515625 0.0453125 0.015625
1 0.91171875 0.4515625 0.0453125 0.0109375
1 0.1625 0.86640625 0.046875 0.0125
1 0.24921875 0.63046875 0.0484375 0.0109375
1 0.03828125 0.3453125 0.04375 0.0109375
1 0.6515625 0.31171875 0.0453125 0.0125
0 0.290625 0.28125 0.05 0.01875
1 0.2234375 0.825 0.04375 0.009375
1 0.34453125 0.2875 0.04375 0.0109375
1 0.0796875 0.84921875 0.04375 0.015625
1 0.8234375 0.8578125 0.0453125 0.0109375
1 0.046875 0.85078125 0.0484375 0.0171875
0 0.74453125 0.19609375 0.04375 0.0125
1 0.36015625 0.85703125 0.0453125 0.0203125
1 0.453125 0.821875 0.0421875 0.0109375
1 0.7375 0.66328125 0.0453125 0.0109375
1 0.4125 0.8171875 0.04375 0.0109375
1 0.81015625 0.85546875 0.04375 0.0109375
1 0.9296875 0.42265625 0.0484375 0.015625
1 0.92109375 0.440625 0.0453125 0.0140625
1 0.8515625 0.85234375 0.04375 0.0125
1 0.65703125 0.88125 0.0453125 0.009375