2 0.23515625 0.215625 0.1125 0.053125
3 0.7953125 0.8875 0.159375 0.13125
3 0.1359375 0.2921875 0.0875 0.0640625
1 0.028125 0.396875 0.0328125 0.009375
1 0.096875 0.43203125 0.0328125 0.0125
1 0.3765625 0.86953125 0.0328125 0.0125
1 0.82109375 0.43671875 0.03125 0.0109375
1 0.18359375 0.4421875 0.03125 0.0125
1 0.93515625 0.48828125 0.0328125 0.0125
1 0.8578125 0.4 0.03125 0.009375
1 0.64296875 0.4375 0.0328125 0.0109375
1 0.37421875 0.44453125 0.0328125 0.0125
2 0.75625 0.23125 0.1140625 0.0421875
1 0.328125 0.425 0.0328125 0.0109375
3 0.97109375 0.459375 0.0578125 0.08125
1 0.434375 0.45546875 0.03125 0.0125
1 0.6140625 0.4875 0.034375 0.0125
1 0.3375 0.59375 0.034375 0.009375
1 0.34296875 0.37734375 0.03125 0.0078125
1 0.21875 0.58515625 0.0359375 0.0109375
1 0.60234375 0.50546875 0.034375 0.0140625
1 0.2875 0.54609375 0.034375 0.0171875
1 0.3 0.4640625 0.0328125 0.0125
1 0.50703125 0.44765625 0.0328125 0.0125
1 0.50234375 0.421875 0.0328125 0.0109375
1 0.496875 0.5671875 0.034375 0.0171875
1 0.89609375 0.45546875 0.0328125 0.0109375
1 0.14765625 0.4046875 0.0328125 0.0125
1 0.25703125 0.53046875 0.034375 0.015625
1 0.65 0.51953125 0.034375 0.015625
1 0.94140625 0.44140625 0.0328125 0.009375
1 0.93359375 0.42890625 0.0328125 0.009375
1 0.703125 0.4640625 0.0328125 0.0109375
1 0.6921875 0.4390625 0.0328125 0.0125
1 0.27578125 0.48046875 0.0328125 0.0140625
1 0.23515625 0.525 0.034375 0.0140625
1 0.35625 0.38984375 0.03125 0.0078125
1 0.7109375 0.45 0.03125 0.009375
1 0.60859375 0.43203125 0.03125 0.009375
1 0.48046875 0.3578125 0.03125 0.009375
1 0.35390625 0.33984375 0.0296875 0.0078125
1 0.340625 0.8875 0.034375 0.0171875
1 0.14296875 0.8796875 0.0328125 0.015625
1 0.2359375 0.61640625 0.034375 0.0140625
1 0.7015625 0.903125 0.0375 0.0125
1 0.64921875 0.45859375 0.03125 0.0125
1 0.67421875 0.4578125 0.0328125 0.0125
1 0.45078125 0.890625 0.0359375 0.01875
1 0.059375 0.90703125 0.0359375 0.0171875
1 0.18125 0.8609375 0.03125 0.0078125
1 0.28203125 0.86640625 0.0328125 0.0078125
1 0.43203125 0.3671875 0.03125 0.009375
4 0.0796875 0.3234375 0.1 0.0765625
1 0.28828125 0.4234375 0.0328125 0.0109375
1 0.39375 0.33984375 0.03125 0.0078125
1 0.125 0.3640625 0.03125 0.009375
1 0.64296875 0.38125 0.03125 0.009375
1 0.84765625 0.4703125 0.0328125 0.009375
1 0.28046875 0.8828125 0.034375 0.0140625
1 0.61875 0.3609375 0.0296875 0.00625
1 0.40234375 0.36640625 0.0328125 0.009375
1 0.90703125 0.45859375 0.0328125 0.0109375
1 0.44140625 0.37265625 0.03125 0.0078125
1 0.87265625 0.34765625 0.03125 0.00625
1 0.6328125 0.884375 0.0328125 0.0125
1 0.6125 0.396875 0.03125 0.009375
1 0.6359375 0.45625 0.0328125 0.0109375
1 0.5625 0.50703125 0.034375 0.0125
1 0.60546875 0.88515625 0.0328125 0.0140625
1 0.615625 0.3796875 0.0328125 0.0078125
1 0.7734375 0.98046875 0.0453125 0.0328125
1 0.9203125 0.4453125 0.0328125 0.0109375
1 0.5140625 0.40859375 0.0328125 0.0109375
1 0.10703125 0.871875 0.0328125 0.009375
1 0.6140625 0.45546875 0.03125 0.0109375
1 0.59921875 0.40546875 0.0328125 0.009375
1 0.4828125 0.4 0.03125 0.0078125
1 0.4625 0.3796875 0.03125 0.009375
1 0.55 0.5 0.034375 0.0125
1 0.65625 0.3203125 0.0296875 0.00625
1 0.678125 0.43828125 0.0328125 0.0125
1 0.44921875 0.35234375 0.0296875 0.0078125
1 0.5546875 0.47109375 0.0328125 0.0125
1 0.6671875 0.87578125 0.0328125 0.0109375
1 0.984375 0.5921875 0.03125 0.009375
1 0.4734375 0.32890625 0.0296875 0.0078125
1 0.33359375 0.34375 0.03125 0.0078125
1 0.46953125 0.39453125 0.03125 0.009375
1 0.4609375 0.64375 0.034375 0.0078125
1 0.64921875 0.6296875 0.0359375 0.0171875
1 0.5375 0.6359375 0.0359375 0.01875
1 0.68359375 0.3890625 0.0296875 0.009375
1 0.59140625 0.44375 0.03125 0.009375
1 0.5671875 0.471875 0.0359375 0.0125
1 0.928125 0.9953125 0.040625 0.003125
1 0.53515625 0.43125 0.034375 0.0125
1 0.5171875 0.5 0.0328125 0.0125
1 0.4421875 0.33828125 0.03125 0.009375
1 0.7203125 0.48671875 0.0296875 0.0046875
1 0.59375 0.42734375 0.03125 0.0078125
1 0.35390625 0.378125 0.0296875 0.00625
1 0.578125 0.321875 0.03125 0.0078125
1 0.50859375 0.37578125 0.03125 0.009375
1 0.1640625 0.85390625 0.0296875 0.009375
1 0.6703125 0.3765625 0.03125 0.009375
1 0.30703125 0.39375 0.03125 0.0125
1 0.49375 0.31875 0.03125 0.0078125
1 0.83203125 0.315625 0.0296875 0.00625
1 0.90859375 0.38359375 0.03125 0.009375
1 0.2140625 0.61171875 0.034375 0.0109375
1 0.5046875 0.3578125 0.03125 0.00625
1 0.5046875 0.32421875 0.03125 0.009375
1 0.6171875 0.34609375 0.0296875 0.0078125
1 0.2609375 0.628125 0.034375 0.0171875
1 0.5375 0.35859375 0.03125 0.009375
1 0.12734375 0.346875 0.0328125 0.00625
1 0.18828125 0.83671875 0.028125 0.0046875
1 0.5421875 0.41796875 0.0328125 0.0125
1 0.43046875 0.84609375 0.03125 0.00625
1 0.56796875 0.49453125 0.0328125 0.0078125
1 0.590625 0.5078125 0.034375 0.0140625
1 0.0578125 0.9375 0.0296875 0.0109375
1 0.61015625 0.46796875 0.0328125 0.009375
1 0.34140625 0.36171875 0.0296875 0.0078125
1 0.64296875 0.35859375 0.0296875 0.00625
1 0.3421875 0.32265625 0.03125 0.009375
1 0.2359375 0.6390625 0.0328125 0.0046875
1 0.54609375 0.434375 0.03125 0.009375
1 0.32421875 0.36171875 0.0296875 0.0078125
1 0.59765625 0.35390625 0.0296875 0.00625
1 0.32421875 0.34375 0.0296875 0.00625
1 0.553125 0.35625 0.0328125 0.0078125
1 0.0296875 0.36171875 0.0328125 0.0078125
1 0.553125 0.39609375 0.0328125 0.00625
1 0.50078125 0.390625 0.0328125 0.00625
1 0.39921875 0.325 0.0296875 0.00625
1 0.559375 0.3078125 0.0296875 0.00625
1 0.88984375 0.3625 0.03125 0.00625
1 0.55078125 0.340625 0.0296875 0.0078125
1 0.53984375 0.45546875 0.0328125 0.0125
1 0.69140625 0.86796875 0.0296875 0.0078125
1 0.9546875 0.54453125 0.028125 0.00625
1 0.3 0.41875 0.0328125 0.0109375
1 0.9484375 0.39375 0.03125 0.009375
1 0.496875 0.334375 0.03125 0.009375
1 0.715625 0.8921875 0.034375 0.0125
1 0.8109375 0.3140625 0.0296875 0.00625
1 0.48671875 0.33046875 0.03125 0.00625
1 0.85390625 0.315625 0.0296875 0.0046875
1 0.8578125 0.33671875 0.0296875 0.00625
1 0.5640625 0.41484375 0.03125 0.0109375
1 0.92109375 0.390625 0.0328125 0.009375
1 0.90078125 0.36171875 0.0328125 0.0078125
1 0.17578125 0.29609375 0.03125 0.0078125
1 0.0109375 0.98515625 0.021875 0.0046875
1 0.2984375 0.40078125 0.03125 0.00625
1 0.025 0.3796875 0.0328125 0.009375
1 0.66640625 0.35859375 0.0296875 0.00625
1 0.59296875 0.37265625 0.03125 0.0078125
1 0.43984375 0.31953125 0.03125 0.00625
1 0.5859375 0.47734375 0.034375 0.0125
1 0.6109375 0.34375 0.0296875 0.0078125
1 0.65 0.3578125 0.03125 0.009375
1 0.0625 0.9265625 0.0328125 0.0078125
1 0.159375 0.8375 0.0296875 0.0046875
1 0.11953125 0.32734375 0.0296875 0.0046875
1 0.70390625 0.853125 0.028125 0.0046875
1 0.2203125 0.8390625 0.0296875 0.0046875
1 0.46484375 0.84921875 0.03125 0.00625
1 0.5015625 0.40390625 0.0328125 0.0078125
1 0.66171875 0.34609375 0.0296875 0.00625
1 0.06796875 0.9390625 0.03125 0.0109375
1 0.5671875 0.45390625 0.0359375 0.009375
1 0.88828125 0.3484375 0.03125 0.0078125
1 0.52109375 0.4875 0.03125 0.009375
1 0.4 0.309375 0.0296875 0.00625
1 0.55390625 0.40859375 0.0328125 0.009375
1 0.37890625 0.3265625 0.0328125 0.0078125
1 0.59921875 0.47109375 0.0328125 0.0125
1 0.55390625 0.45390625 0.034375 0.009375
1 0.05625 0.8671875 0.0328125 0.0109375
1 0.43125 0.3421875 0.03125 0.009375
1 0.49765625 0.46171875 0.028125 0.0046875
1 0.95234375 0.43046875 0.0328125 0.0109375
1 0.5984375 0.909375 0.0296875 0.0015625
1 0.41953125 0.32265625 0.03125 0.00625
1 0.56796875 0.32109375 0.0296875 0.00625
1 0.53984375 0.303125 0.03125 0.00625
1 0.590625 0.64921875 0.03125 0.0046875
1 0.19609375 0.5921875 0.0328125 0.00625
1 0.5234375 0.38125 0.03125 0.0078125
1 0.534375 0.40859375 0.0328125 0.0109375
1 0.428125 0.30859375 0.03125 0.00625
1 0.475 0.30390625 0.03125 0.00625
1 0.5421875 0.3453125 0.0296875 0.0078125
1 0.540625 0.37890625 0.0328125 0.0078125
1 0.85 0.33203125 0.03125 0.00625
1 0.52109375 0.35 0.03125 0.00625
1 0.93671875 0.39296875 0.0328125 0.009375
1 0.20625 0.83828125 0.03125 0.0046875
1 0.43828125 0.3546875 0.03125 0.00625
1 0.54765625 0.59765625 0.03125 0.0046875
1 0.96796875 0.4328125 0.03125 0.0078125
1 0.43515625 0.30625 0.03125 0.009375
1 0.01875 0.3625 0.0328125 0.009375
1 0.5234375 0.3046875 0.03125 0.0078125
1 0.48046875 0.38671875 0.0328125 0.0046875
1 0.7265625 0.8921875 0.03125 0.0140625
1 0.54921875 0.6125 0.0328125 0.00625
1 0.96171875 0.38828125 0.03125 0.0046875
1 0.84765625 0.48671875 0.0328125 0.00625
1 0.4515625 0.29921875 0.0328125 0.0078125
1 0.54296875 0.390625 0.0328125 0.0078125