0 0.896875 0.2078125 0.01328125 0.0234375
0 0.7859375 0.23671875 0.0109375 0.0140625
0 0.8984375 0.178125 0.0140625 0.028125
0 0.89921875 0.290625 0.0125 0.01953125
0 0.9265625 0.43828125 0.0140625 0.02421875
0 0.5578125 0.72890625 0.01484375 0.0296875
0 0.5546875 0.790625 0.01328125 0.0234375
0 0.87578125 0.18359375 0.01328125 0.0234375
0 0.8890625 0.2328125 0.01015625 0.01875
0 0.9140625 0.240625 0.01328125 0.02109375
0 0.57109375 0.76015625 0.00703125 0.0140625
0 0.878125 0.24296875 0.0140625 0.02578125
0 0.90390625 0.24375 0.01796875 0.02578125
4 0.75 0.82109375 0.0390625 0.0421875
0 0.87578125 0.22109375 0.0125 0.01875
0 0.878125 0.2859375 0.01328125 0.02109375
0 0.7875 0.04296875 0.0109375 0.0203125
0 0.22109375 0.178125 0.01015625 0.01953125
4 0.040625 0.50234375 0.08046875 0.0921875
0 0.82734375 0.2734375 0.01171875 0.0171875
0 0.9265625 0.321875 0.01015625 0.01328125
1 0.07734375 0.54375 0.01328125 0.02109375
4 0.94609375 0.5171875 0.096875 0.1109375
1 0.503125 0.40078125 0.00859375 0.01640625
0 0.74140625 0.22109375 0.00703125 0.01484375
0 0.03515625 0.15546875 0.01484375 0.021875
1 0.39296875 0.5171875 0.01171875 0.02265625
1 0.4515625 0.45390625 0.0109375 0.01953125
1 0.74296875 0.5671875 0.0140625 0.02421875
0 0.0953125 0.1171875 0.01171875 0.0203125
1 0.5171875 0.38046875 0.00859375 0.01484375
1 0.14375 0.3796875 0.0078125 0.015625
1 0.38984375 0.353125 0.00859375 0.015625
1 0.60625 0.36796875 0.00859375 0.015625
1 0.5546875 0.39453125 0.009375 0.01484375
1 0.0453125 0.41796875 0.01015625 0.01640625
1 0.73046875 0.50390625 0.0125 0.0203125
0 0.9109375 0.24609375 0.01171875 0.02421875
1 0.86953125 0.36953125 0.00859375 0.01484375
1 0.53046875 0.428125 0.009375 0.01640625
1 0.67109375 0.8609375 0.0078125 0.01796875
1 0.5765625 0.32109375 0.0078125 0.01171875
1 0.4625 0.49453125 0.01015625 0.02109375
1 0.08359375 0.4890625 0.0125 0.01953125
1 0.32734375 0.33125 0.00859375 0.0140625
1 0.36796875 0.3703125 0.01015625 0.01484375
1 0.0609375 0.42109375 0.009375 0.0171875
1 0.79375 0.59453125 0.01328125 0.01640625
1 0.68984375 0.58828125 0.0125 0.02109375
1 0.59765625 0.3390625 0.00625 0.01328125
1 0.6265625 0.41796875 0.0109375 0.01484375
1 0.1 0.4296875 0.01015625 0.015625
1 0.80390625 0.41875 0.01328125 0.021875
1 0.68125 0.46640625 0.0109375 0.01875
1 0.43125 0.30546875 0.00703125 0.0125
1 0.60859375 0.496875 0.01171875 0.01953125
1 0.87265625 0.9203125 0.015625 0.02734375
1 0.128125 0.64453125 0.01328125 0.0171875
1 0.66171875 0.45078125 0.01015625 0.01953125
1 0.89140625 0.87109375 0.01015625 0.0140625
1 0.05 0.92578125 0.015625 0.0296875
1 0.953125 0.9296875 0.0140625 0.021875
1 0.73984375 0.52109375 0.0125 0.0203125
1 0.66640625 0.39453125 0.009375 0.01484375
1 0.59375 0.48046875 0.01171875 0.01796875
0 0.8890625 0.29296875 0.01015625 0.01953125
1 0.821875 0.38828125 0.009375 0.0171875
1 0.61953125 0.55546875 0.0125 0.01875
1 0.63359375 0.40078125 0.00859375 0.01484375
1 0.675 0.3640625 0.01015625 0.0125
1 0.94453125 0.64609375 0.01171875 0.0140625
1 0.65625 0.615625 0.0109375 0.01484375
0 0.91640625 0.325 0.00859375 0.0125
1 0.60859375 0.52109375 0.01171875 0.0203125
1 0.6921875 0.4296875 0.01015625 0.015625
1 0.61953125 0.33515625 0.0078125 0.0140625
3 0.3734375 0.87109375 0.08671875 0.08984375
3 0.61171875 0.8671875 0.1078125 0.11015625
1 0.1640625 0.88125 0.01015625 0.0171875
1 0.45625 0.371875 0.00859375 0.01328125
1 0.48671875 0.4125 0.0078125 0.0125
1 0.140625 0.8796875 0.0109375 0.01953125
1 0.48515625 0.5890625 0.01328125 0.0203125
1 0.56796875 0.3203125 0.0078125 0.01171875
1 0.65546875 0.48984375 0.0109375 0.015625
1 0.84375 0.85546875 0.0078125 0.01484375
1 0.2578125 0.8421875 0.00625 0.01171875
1 0.62890625 0.4765625 0.0109375 0.01875
1 0.5515625 0.50546875 0.0109375 0.021875
1 0.69296875 0.50703125 0.01015625 0.0140625
1 0.715625 0.50859375 0.01328125 0.01796875
1 0.64375 0.38203125 0.01015625 0.015625
1 0.62265625 0.4453125 0.00859375 0.01640625
1 0.6546875 0.50625 0.01171875 0.015625
1 0.64609375 0.56171875 0.01328125 0.021875
1 0.66328125 0.3125 0.01015625 0.0125
1 0.83515625 0.875 0.009375 0.0171875
1 0.67109375 0.43125 0.00859375 0.015625
1 0.6953125 0.5703125 0.01171875 0.01796875
2 0.25 0.22734375 0.0890625 0.04140625
1 0.11171875 0.42109375 0.009375 0.01484375
1 0.5578125 0.45546875 0.0125 0.0140625
1 0.396875 0.58515625 0.0078125 0.01796875
1 0.353125 0.3203125 0.00703125 0.0125
1 0.846875 0.875 0.01015625 0.015625
1 0.6109375 0.42890625 0.0109375 0.0140625
1 0.446875 0.32578125 0.00703125 0.0125
1 0.0578125 0.3796875 0.00859375 0.0140625
1 0.065625 0.96640625 0.0203125 0.040625
1 0.90078125 0.9046875 0.0125 0.01640625
1 0.54296875 0.44765625 0.0109375 0.0171875
1 0.553125 0.44375 0.01015625 0.01015625
1 0.30234375 0.31796875 0.00859375 0.015625
1 0.54453125 0.33203125 0.0078125 0.01328125
1 0.32734375 0.38671875 0.009375 0.0140625
1 0.90234375 0.93125 0.01640625 0.028125
1 0.4671875 0.64453125 0.01171875 0.015625
1 0.14921875 0.6484375 0.01171875 0.0109375
1 0.5953125 0.453125 0.01015625 0.0125
1 0.72265625 0.46171875 0.0078125 0.01796875
1 0.13203125 0.846875 0.01171875 0.01953125
1 0.63984375 0.45859375 0.0109375 0.01640625
4 0.53359375 0.85625 0.078125 0.1140625
1 0.06015625 0.40234375 0.009375 0.01171875
1 0.69375 0.5484375 0.0140625 0.01953125
1 0.36875 0.33671875 0.0078125 0.0140625
1 0.7125 0.4640625 0.0109375 0.01640625
1 0.5578125 0.34375 0.009375 0.0140625
1 0.95390625 0.37109375 0.0078125 0.01328125
1 0.5515625 0.3203125 0.00859375 0.0109375
1 0.559375 0.4328125 0.009375 0.0125
0 0.7671875 0.05234375 0.00859375 0.01484375
0 0.3203125 0.2828125 0.00859375 0.01484375
1 0.596875 0.440625 0.009375 0.0140625
1 0.82890625 0.2984375 0.00703125 0.0125
1 0.4984375 0.5703125 0.01328125 0.02421875
1 0.44765625 0.3796875 0.00859375 0.01328125
1 0.8859375 0.34921875 0.009375 0.0140625
0 0.90859375 0.3078125 0.0078125 0.01015625
1 0.11015625 0.3296875 0.00703125 0.0125
1 0.90078125 0.88671875 0.0109375 0.015625
1 0.346875 0.296875 0.00703125 0.0109375