2 0.2375 0.215625 0.096875 0.0625
4 0.0328125 0.41875 0.065625 0.1
3 0.3828125 0.2921875 0.0765625 0.08125
1 0.2828125 0.61484375 0.0203125 0.0203125
1 0.33125 0.52265625 0.0203125 0.021875
1 0.42890625 0.59609375 0.0203125 0.021875
1 0.3328125 0.56015625 0.0203125 0.021875
1 0.33203125 0.4984375 0.0203125 0.0203125
1 0.32734375 0.43984375 0.0171875 0.015625
1 0.16953125 0.5953125 0.0203125 0.021875
1 0.71640625 0.5125 0.0203125 0.021875
1 0.85 0.57734375 0.0203125 0.021875
1 0.315625 0.88203125 0.0171875 0.015625
1 0.85390625 0.34609375 0.0171875 0.015625
1 0.7046875 0.8828125 0.0171875 0.015625
1 0.871875 0.3671875 0.015625 0.015625
0 0.778125 0.190625 0.01875 0.01875
1 0.6828125 0.41015625 0.0171875 0.0171875
1 0.128125 0.38984375 0.0171875 0.015625
1 0.65390625 0.4015625 0.0171875 0.0171875
1 0.91953125 0.4265625 0.01875 0.01875
1 0.28515625 0.58125 0.0203125 0.0234375
4 0.15859375 0.884375 0.1015625 0.1203125
1 0.82265625 0.40078125 0.0171875 0.01875
1 0.965625 0.41640625 0.01875 0.0171875
1 0.121875 0.33203125 0.0171875 0.015625
4 0.33046875 0.253125 0.0640625 0.0703125
1 0.7265625 0.87734375 0.0171875 0.015625
1 0.084375 0.584375 0.0203125 0.021875
1 0.24609375 0.9015625 0.0203125 0.0203125
1 0.9328125 0.39765625 0.01875 0.0171875
0 0.759375 0.81171875 0.0171875 0.01875
1 0.6640625 0.409375 0.0171875 0.0171875
1 0.8828125 0.34140625 0.015625 0.0140625
1 0.396875 0.86875 0.0171875 0.0125
1 0.11171875 0.42890625 0.0171875 0.015625
1 0.32890625 0.40546875 0.01875 0.015625
1 0.1078125 0.38828125 0.0171875 0.015625
1 0.934375 0.35625 0.0171875 0.015625
0 0.78125 0.03984375 0.0171875 0.015625
1 0.83828125 0.30625 0.0171875 0.0140625
1 0.80703125 0.3296875 0.0140625 0.0140625
0 0.8125 0.121875 0.0203125 0.01875
1 0.13359375 0.35 0.0171875 0.015625
1 0.646875 0.28984375 0.0140625 0.0125
1 0.09140625 0.3796875 0.0171875 0.0140625
1 0.471875 0.61328125 0.0171875 0.01875
1 0.66171875 0.36953125 0.0171875 0.015625
1 0.453125 0.6421875 0.0203125 0.015625
1 0.2265625 0.87109375 0.015625 0.0125
1 0.8953125 0.33671875 0.0171875 0.015625
1 0.81015625 0.26328125 0.0140625 0.0125
3 0.74921875 0.8484375 0.0484375 0.04375
1 0.94453125 0.40546875 0.01875 0.015625
2 0.7515625 0.21015625 0.0984375 0.05625
1 0.6140625 0.27109375 0.0171875 0.0125
1 0.73828125 0.88046875 0.0171875 0.015625
1 0.2140625 0.89140625 0.0171875 0.015625
0 0.7390625 0.17109375 0.0140625 0.0125
1 0.85703125 0.27578125 0.0140625 0.0125
1 0.86484375 0.33125 0.0171875 0.0125
1 0.659375 0.89921875 0.01875 0.015625
1 0.30546875 0.42421875 0.0171875 0.015625
1 0.20703125 0.96171875 0.0265625 0.03125
1 0.46875 0.28671875 0.015625 0.0140625
0 0.75390625 0.16015625 0.015625 0.0140625
1 0.9046875 0.29296875 0.0171875 0.0125
1 0.66328125 0.88515625 0.0171875 0.0125
0 0.42578125 0.98984375 0.025 0.01875
1 0.33046875 0.3671875 0.0171875 0.015625
1 0.06953125 0.38671875 0.0203125 0.0171875
1 0.34453125 0.29140625 0.0140625 0.0125
1 0.09765625 0.28984375 0.0171875 0.015625
1 0.8703125 0.3 0.0171875 0.0125
1 0.45546875 0.2578125 0.0140625 0.0125
1 0.04140625 0.365625 0.0171875 0.0125
1 0.94140625 0.3421875 0.0171875 0.0125
1 0.66640625 0.26328125 0.015625 0.0125
1 0.5953125 0.26484375 0.015625 0.0125
1 0.31875 0.409375 0.01875 0.0171875
0 0.7203125 0.73515625 0.015625 0.015625
1 0.55625 0.25625 0.0140625 0.0125
1 0.5421875 0.88828125 0.0171875 0.0140625
1 0.17578125 0.26875 0.0171875 0.0125
1 0.425 0.8703125 0.015625 0.0125
1 0.315625 0.39140625 0.0171875 0.015625
1 0.65 0.3140625 0.0171875 0.0125
1 0.14140625 0.27109375 0.0171875 0.0125
0 0.76953125 0.22734375 0.01875 0.0140625
1 0.8765625 0.30703125 0.0171875 0.0125
0 0.709375 0.7125 0.015625 0.0140625
1 0.56015625 0.58359375 0.0171875 0.01875
1 0.1625 0.99140625 0.0296875 0.0171875
0 0.44921875 0.98984375 0.028125 0.01875
0 0.74140625 0.20703125 0.0171875 0.0125
1 0.29609375 0.41484375 0.0171875 0.015625
1 0.1546875 0.646875 0.01875 0.009375
1 0.62265625 0.259375 0.0171875 0.0125
1 0.33515625 0.35078125 0.015625 0.0125
1 0.53828125 0.64453125 0.0203125 0.015625
1 0.33359375 0.3375 0.0140625 0.0125
1 0.11640625 0.28203125 0.0171875 0.015625
0 0.278125 0.9890625 0.0265625 0.0203125
1 0.08125 0.371875 0.0171875 0.0140625
3 0.52421875 0.84765625 0.0375 0.0328125
1 0.05625 0.37734375 0.0171875 0.015625
1 0.1015625 0.37578125 0.0171875 0.0125
1 0.46640625 0.25703125 0.0140625 0.0125
1 0.07265625 0.3734375 0.0171875 0.009375
1 0.95625 0.328125 0.0171875 0.015625
1 0.9703125 0.35078125 0.0140625 0.0125
1 0.2390625 0.99453125 0.0234375 0.009375
1 0.65859375 0.859375 0.0140625 0.009375
1 0.921875 0.2921875 0.0171875 0.0125
1 0.12578125 0.2765625 0.0171875 0.0125
1 0.32421875 0.33828125 0.0171875 0.0125
0 0.76953125 0.01953125 0.015625 0.015625
1 0.3046875 0.38984375 0.015625 0.015625
4 0.27109375 0.0046875 0.0703125 0.009375
1 0.3 0.40390625 0.0171875 0.015625
1 0.99453125 0.5921875 0.0109375 0.015625
1 0.9546875 0.40625 0.0171875 0.015625
1 0.1765625 0.953125 0.0234375 0.028125
1 0.559375 0.60703125 0.0140625 0.0125
1 0.5390625 0.58515625 0.0234375 0.0203125