4 0.3359375 0.2890625 0.0734375 0.090625
2 0.2390625 0.209375 0.0984375 0.065625
4 0.240625 0.43984375 0.1078125 0.1109375
3 0.734375 0.85390625 0.065625 0.0453125
3 0.66015625 0.30703125 0.065625 0.090625
3 0.59453125 0.4265625 0.1 0.1078125
2 0.759375 0.209375 0.1015625 0.0578125
1 0.58359375 0.48671875 0.021875 0.0171875
1 0.60234375 0.484375 0.0203125 0.0171875
1 0.8375 0.59140625 0.0234375 0.021875
1 0.67109375 0.49375 0.021875 0.0171875
1 0.14453125 0.43359375 0.0203125 0.0171875
1 0.74375 0.56171875 0.021875 0.021875
1 0.38203125 0.5703125 0.021875 0.021875
1 0.2875 0.5609375 0.021875 0.021875
1 0.7125 0.54921875 0.021875 0.0203125
1 0.7265625 0.89296875 0.01875 0.015625
1 0.75859375 0.4671875 0.0203125 0.0171875
1 0.3890625 0.89140625 0.0203125 0.0171875
1 0.825 0.36015625 0.01875 0.0140625
1 0.28828125 0.89453125 0.021875 0.0171875
1 0.4234375 0.35546875 0.01875 0.015625
1 0.465625 0.35 0.01875 0.0171875
1 0.34609375 0.57890625 0.021875 0.021875
1 0.37265625 0.890625 0.01875 0.0140625
1 0.58046875 0.3375 0.01875 0.015625
1 0.36171875 0.33125 0.01875 0.0140625
1 0.61796875 0.36328125 0.01875 0.0140625
1 0.18828125 0.453125 0.01875 0.015625
1 0.384375 0.28125 0.0171875 0.0125
1 0.38828125 0.36796875 0.01875 0.0125
1 0.7 0.49296875 0.0203125 0.0171875
1 0.76953125 0.4921875 0.021875 0.0203125
1 0.42109375 0.2953125 0.0171875 0.0140625
0 0.21640625 0.15703125 0.021875 0.01875
1 0.59453125 0.29921875 0.0171875 0.0140625
1 0.73828125 0.45078125 0.01875 0.015625
1 0.4625 0.334375 0.01875 0.0140625
1 0.5390625 0.3421875 0.0171875 0.0125
1 0.434375 0.34140625 0.0203125 0.015625
4 0.41796875 0.8390625 0.0765625 0.0796875
1 0.31875 0.41796875 0.0203125 0.015625
1 0.671875 0.47109375 0.0203125 0.015625
1 0.3296875 0.88828125 0.0203125 0.0171875
1 0.39375 0.3796875 0.01875 0.015625
1 0.5921875 0.35390625 0.0203125 0.0140625
1 0.28984375 0.43203125 0.0171875 0.015625
1 0.58125 0.321875 0.01875 0.0125
1 0.2953125 0.4171875 0.01875 0.0140625
1 0.5125 0.33828125 0.01875 0.0140625
1 0.72734375 0.4328125 0.01875 0.015625
1 0.3546875 0.396875 0.0203125 0.0140625
1 0.65546875 0.4703125 0.0203125 0.0140625
1 0.05390625 0.88828125 0.01875 0.0140625
1 0.440625 0.3765625 0.0203125 0.015625
1 0.73203125 0.46484375 0.0203125 0.015625
1 0.48125 0.3328125 0.0203125 0.0171875
1 0.496875 0.3046875 0.0171875 0.0125
1 0.71953125 0.465625 0.021875 0.015625
1 0.64609375 0.4875 0.0203125 0.0171875
1 0.42421875 0.28125 0.01875 0.0109375
1 0.6984375 0.47109375 0.0203125 0.0140625
1 0.51328125 0.30625 0.01875 0.0125
1 0.51796875 0.32421875 0.01875 0.015625
1 0.63046875 0.48515625 0.021875 0.0171875
1 0.34296875 0.8828125 0.01875 0.0140625
1 0.49921875 0.325 0.01875 0.0140625
1 0.47109375 0.31796875 0.01875 0.0109375
1 0.53125 0.33125 0.01875 0.0109375
0 0.259375 0.16640625 0.01875 0.015625
1 0.32890625 0.39765625 0.01875 0.015625
1 0.35390625 0.8671875 0.0203125 0.015625
0 0.71640625 0.17265625 0.01875 0.0140625
1 0.35234375 0.36796875 0.0203125 0.0125
1 0.6484375 0.38046875 0.01875 0.015625
1 0.621875 0.47890625 0.01875 0.0140625
1 0.68125 0.3609375 0.0171875 0.0078125
1 0.2828125 0.84296875 0.01875 0.0125
1 0.69296875 0.34765625 0.01875 0.0125
1 0.37578125 0.878125 0.01875 0.0109375
1 0.671875 0.38671875 0.0171875 0.0109375
1 0.47578125 0.296875 0.01875 0.0125
1 0.71015625 0.39921875 0.01875 0.0140625
1 0.35234375 0.35234375 0.01875 0.009375
1 0.728125 0.4484375 0.01875 0.0125
1 0.30390625 0.4203125 0.0203125 0.0171875
1 0.34609375 0.396875 0.01875 0.015625
1 0.70546875 0.46171875 0.0203125 0.015625
1 0.69765625 0.384375 0.01875 0.0109375
1 0.37265625 0.8640625 0.0203125 0.015625
1 0.68359375 0.46796875 0.021875 0.015625
1 0.71171875 0.4234375 0.0171875 0.0109375
1 0.31640625 0.33828125 0.01875 0.0109375
1 0.33125 0.340625 0.01875 0.0140625
1 0.65546875 0.45234375 0.0203125 0.015625
1 0.69453125 0.33359375 0.0171875 0.0109375
1 0.6578125 0.384375 0.01875 0.0125
1 0.96015625 0.3359375 0.0171875 0.0140625
1 0.68515625 0.3234375 0.01875 0.0125
1 0.190625 0.43359375 0.0171875 0.0125
1 0.634375 0.39296875 0.01875 0.0140625