4 0.88359375 0.30390625 0.06796875 0.0859375
0 0.76953125 0.2328125 0.00703125 0.01640625
3 0.2484375 0.87421875 0.078125 0.0859375
0 0.75234375 0.22734375 0.01171875 0.015625
3 0.1140625 0.3609375 0.08359375 0.096875
0 0.11953125 0.20859375 0.01484375 0.02265625
0 0.109375 0.18046875 0.01171875 0.02109375
0 0.2234375 0.1828125 0.009375 0.01953125
0 0.10390625 0.2 0.0140625 0.0234375
0 0.1125 0.14765625 0.0125 0.0234375
0 0.74140625 0.209375 0.00703125 0.0125
0 0.165625 0.02578125 0.0140625 0.0234375
0 0.81953125 0.12890625 0.0125 0.01875
0 0.26171875 0.1890625 0.0078125 0.0140625
0 0.1296875 0.17265625 0.01171875 0.02421875
0 0.271875 0.17109375 0.009375 0.0171875
0 0.7984375 0.18515625 0.01171875 0.0203125
0 0.16484375 0.05390625 0.01171875 0.015625
0 0.26015625 0.225 0.00703125 0.0140625
1 0.69375 0.41875 0.009375 0.01796875
0 0.859375 0.10078125 0.01328125 0.021875
0 0.8515625 0.053125 0.0125 0.0203125
0 0.13125 0.14140625 0.0125 0.02265625
0 0.13515625 0.2359375 0.01015625 0.01484375
4 0.65625 0.865625 0.065625 0.09453125
0 0.80625 0.1328125 0.0125 0.01953125
0 0.8640625 0.12890625 0.01171875 0.01875
0 0.16328125 0.11015625 0.0125 0.02421875
0 0.84765625 0.23359375 0.01015625 0.01796875
0 0.64296875 0.7953125 0.01015625 0.01796875
0 0.39375 0.7078125 0.01015625 0.0171875
1 0.68203125 0.515625 0.0125 0.01796875
0 0.134375 0.109375 0.0125 0.02265625
0 0.15 0.06171875 0.01328125 0.0203125
1 0.43125 0.46484375 0.009375 0.01875
0 0.1328125 0.240625 0.01015625 0.01796875
4 0.84921875 0.44375 0.0953125 0.1015625
1 0.01484375 0.41953125 0.0109375 0.0171875
0 0.1875 0.0765625 0.01171875 0.01953125
1 0.40703125 0.3828125 0.009375 0.015625
1 0.92109375 0.30625 0.0078125 0.01328125
1 0.29453125 0.4296875 0.009375 0.015625
0 0.8390625 0.82890625 0.0125 0.021875
1 0.33515625 0.40078125 0.0078125 0.01640625
1 0.66640625 0.51640625 0.0125 0.015625
1 0.56875 0.46484375 0.01015625 0.0203125
1 0.3046875 0.42890625 0.009375 0.0171875
0 0.80546875 0.14609375 0.0140625 0.0265625
1 0.76171875 0.57734375 0.0140625 0.02265625
1 0.39140625 0.603125 0.01484375 0.025
0 0.81328125 0.084375 0.0109375 0.01953125
0 0.74609375 0.228125 0.01015625 0.01640625
1 0.7828125 0.5765625 0.01328125 0.02265625
1 0.53125 0.3953125 0.009375 0.01640625
1 0.56953125 0.3828125 0.009375 0.01640625
0 0.19375 0.1015625 0.009375 0.01953125
0 0.471875 0.7765625 0.01484375 0.034375
0 0.21875 0.12421875 0.009375 0.0125
1 0.35859375 0.4015625 0.00859375 0.0171875
0 0.13203125 0.06171875 0.0125 0.02109375
1 0.5671875 0.2796875 0.00703125 0.01328125
1 0.5796875 0.33125 0.00859375 0.0125
1 0.80625 0.37265625 0.0078125 0.01328125
1 0.446875 0.38125 0.00859375 0.01640625
1 0.32890625 0.31796875 0.00703125 0.01484375
1 0.33046875 0.35078125 0.0078125 0.0140625
1 0.61953125 0.4515625 0.01015625 0.01796875
0 0.071875 0.26015625 0.0078125 0.01328125
1 0.06484375 0.934375 0.01484375 0.02734375
0 0.8609375 0.13046875 0.0125 0.0203125
0 0.81015625 0.08828125 0.01015625 0.01796875
1 0.72578125 0.54296875 0.0125 0.01953125
1 0.88984375 0.3765625 0.009375 0.01484375
0 0.7140625 0.21328125 0.01015625 0.01328125
1 0.6328125 0.32734375 0.00703125 0.0125
1 0.70390625 0.5203125 0.01171875 0.01953125
0 0.74296875 0.18359375 0.0078125 0.015625
1 0.540625 0.35546875 0.009375 0.01484375
1 0.353125 0.3046875 0.0078125 0.01328125
1 0.56640625 0.3046875 0.00703125 0.0125
1 0.4984375 0.5 0.0109375 0.02109375
1 0.54765625 0.90546875 0.009375 0.0125
1 0.6296875 0.3453125 0.009375 0.01484375
1 0.6734375 0.4390625 0.01015625 0.01875
1 0.28984375 0.54609375 0.01328125 0.021875
1 0.67734375 0.49765625 0.01171875 0.01875
1 0.35859375 0.90078125 0.009375 0.0171875
0 0.26953125 0.7609375 0.009375 0.01875
1 0.40625 0.35859375 0.009375 0.015625
1 0.06328125 0.38359375 0.01015625 0.01484375
1 0.5203125 0.4328125 0.009375 0.01875
1 0.434375 0.275 0.00703125 0.0125
1 0.66015625 0.55078125 0.0125 0.0203125
1 0.4921875 0.4390625 0.01015625 0.015625
1 0.63359375 0.509375 0.0109375 0.0203125
1 0.70546875 0.4609375 0.009375 0.0171875
1 0.62265625 0.2921875 0.009375 0.0125
1 0.6265625 0.48671875 0.01171875 0.01953125
0 0.27578125 0.77734375 0.01171875 0.01953125
1 0.92734375 0.34609375 0.00859375 0.015625
1 0.16640625 0.93671875 0.0171875 0.028125
4 0.79921875 0.909375 0.1515625 0.1515625
3 0.075 0.53359375 0.13671875 0.1453125