4 0.55390625 0.3546875 0.0859375 0.096875
3 0.43671875 0.303125 0.065625 0.06875
4 0.79140625 0.83828125 0.1171875 0.1015625
3 0.83359375 0.3390625 0.0703125 0.078125
1 0.33359375 0.4875 0.025 0.0171875
4 0.2234375 0.8375 0.0546875 0.04375
1 0.35625 0.4875 0.025 0.0171875
1 0.35703125 0.45546875 0.025 0.015625
1 0.51328125 0.45546875 0.0234375 0.0140625
1 0.49375 0.45625 0.025 0.0140625
1 0.93828125 0.41640625 0.0265625 0.015625
2 0.23984375 0.234375 0.1046875 0.0484375
1 0.0421875 0.475 0.025 0.0171875
1 0.44609375 0.53515625 0.028125 0.021875
4 0.9203125 0.3703125 0.1140625 0.0984375
1 0.15625 0.40078125 0.0234375 0.0140625
1 0.9203125 0.45546875 0.0265625 0.0171875
2 0.759375 0.21015625 0.1015625 0.0609375
1 0.875 0.42890625 0.025 0.015625
1 0.45390625 0.4375 0.025 0.0171875
1 0.82578125 0.43203125 0.025 0.015625
1 0.31953125 0.44296875 0.025 0.0171875
1 0.6734375 0.88828125 0.0265625 0.0203125
4 0.73125 0.56953125 0.1171875 0.1203125
1 0.540625 0.47109375 0.025 0.01875
1 0.07734375 0.52265625 0.0265625 0.01875
1 0.85703125 0.8796875 0.0265625 0.0203125
0 0.85703125 0.15234375 0.025 0.01875
1 0.92109375 0.8828125 0.028125 0.0203125
0 0.8328125 0.1109375 0.025 0.01875
1 0.35859375 0.88203125 0.025 0.0171875
1 0.428125 0.453125 0.025 0.0171875
1 0.27421875 0.48671875 0.025 0.015625
1 0.63515625 0.871875 0.025 0.0171875
1 0.3875 0.41171875 0.0234375 0.015625
1 0.7828125 0.55390625 0.028125 0.021875
1 0.93671875 0.5375 0.0296875 0.021875
1 0.653125 0.3671875 0.0234375 0.0140625
1 0.91171875 0.91015625 0.03125 0.0265625
0 0.765625 0.17890625 0.025 0.0171875
1 0.96875 0.41171875 0.025 0.015625
1 0.11875 0.43984375 0.025 0.015625
1 0.49296875 0.3375 0.0234375 0.015625
1 0.39140625 0.903125 0.028125 0.0171875
1 0.65703125 0.8640625 0.025 0.0171875
1 0.42734375 0.55859375 0.0234375 0.0171875
1 0.11171875 0.91171875 0.028125 0.021875
0 0.77578125 0.71640625 0.0265625 0.0203125
1 0.3875 0.45625 0.025 0.0171875
1 0.6171875 0.3890625 0.0234375 0.0140625
1 0.0609375 0.9625 0.03125 0.034375
1 0.3875 0.38671875 0.0234375 0.0140625
1 0.70546875 0.48125 0.025 0.01875
1 0.4859375 0.39609375 0.0234375 0.015625
1 0.05625 0.4234375 0.025 0.015625
1 0.08984375 0.46796875 0.0265625 0.021875
1 0.8125 0.41953125 0.025 0.015625
1 0.153125 0.459375 0.025 0.0171875
4 0.56953125 0.80625 0.059375 0.0671875
1 0.74375 0.48125 0.0234375 0.0171875
1 0.1484375 0.90234375 0.0265625 0.0203125
1 0.3453125 0.40546875 0.025 0.0140625
1 0.8203125 0.390625 0.0234375 0.0140625
1 0.1390625 0.4328125 0.0234375 0.0140625
1 0.7125 0.4390625 0.025 0.015625
1 0.70234375 0.409375 0.0234375 0.015625
1 0.321875 0.871875 0.0234375 0.0140625
1 0.51015625 0.38046875 0.0234375 0.0125
1 0.64296875 0.35390625 0.0234375 0.0140625
1 0.16484375 0.44765625 0.0234375 0.0109375
1 0.4625 0.88984375 0.025 0.021875
1 0.68984375 0.87578125 0.025 0.01875
1 0.10703125 0.4390625 0.025 0.0171875
1 0.1578125 0.3859375 0.0234375 0.0125
1 0.83359375 0.9328125 0.0328125 0.0328125
1 0.88515625 0.86640625 0.025 0.0171875
1 0.8265625 0.37421875 0.0234375 0.0125
1 0.64609375 0.3828125 0.025 0.0140625
1 0.14140625 0.4078125 0.0234375 0.0140625
1 0.34140625 0.8828125 0.0265625 0.01875
1 0.20625 0.88671875 0.025 0.015625
0 0.80234375 0.0984375 0.025 0.0171875
1 0.7046875 0.45078125 0.0234375 0.015625
0 0.77578125 0.13203125 0.025 0.01875
0 0.84296875 0.1484375 0.025 0.0171875
1 0.46484375 0.365625 0.0234375 0.0140625
1 0.38671875 0.33515625 0.0234375 0.0125
1 0.984375 0.4046875 0.0265625 0.015625
1 0.32421875 0.40703125 0.0234375 0.0140625
1 0.72421875 0.4703125 0.0265625 0.0171875
1 0.5484375 0.42109375 0.025 0.015625
1 0.7109375 0.859375 0.0234375 0.0140625
1 0.45546875 0.3671875 0.025 0.0140625
1 0.33984375 0.3375 0.0234375 0.0125
1 0.1421875 0.3203125 0.021875 0.0109375
0 0.8890625 0.23203125 0.025 0.01875
1 0.2921875 0.496875 0.0234375 0.0171875
1 0.6078125 0.39609375 0.025 0.0140625
1 0.82734375 0.88125 0.0265625 0.0203125
1 0.5203125 0.43203125 0.025 0.015625
1 0.134375 0.8859375 0.0265625 0.015625
1 0.1859375 0.8859375 0.0234375 0.015625
1 0.240625 0.90859375 0.028125 0.021875
1 0.3125 0.409375 0.0234375 0.0140625
1 0.2890625 0.9 0.0265625 0.0203125
1 0.1734375 0.88359375 0.0265625 0.0171875
1 0.403125 0.4109375 0.021875 0.0125
1 0.925 0.3125 0.0234375 0.0125
1 0.9734375 0.38671875 0.025 0.015625
1 0.54140625 0.89609375 0.0296875 0.01875
1 0.07421875 0.92265625 0.028125 0.0234375
1 0.409375 0.459375 0.0265625 0.0171875
0 0.8765625 0.18984375 0.0265625 0.01875
1 0.40546875 0.31796875 0.0234375 0.0125
1 0.73515625 0.48359375 0.025 0.0171875
1 0.6765625 0.63515625 0.0265625 0.01875
1 0.69609375 0.39375 0.0234375 0.0140625
1 0.1046875 0.415625 0.025 0.0140625
1 0.24921875 0.88828125 0.025 0.015625
1 0.18359375 0.31484375 0.0203125 0.009375
1 0.26875 0.8859375 0.025 0.015625
1 0.64609375 0.29921875 0.021875 0.0109375
1 0.11328125 0.421875 0.0234375 0.0125
1 0.30078125 0.4984375 0.0234375 0.0140625
1 0.621875 0.3625 0.021875 0.0140625
1 0.66953125 0.39375 0.025 0.0140625
1 0.30234375 0.85234375 0.0203125 0.0109375
1 0.22421875 0.8671875 0.0234375 0.0125
1 0.1265625 0.38828125 0.021875 0.0125
1 0.1640625 0.46171875 0.025 0.015625
1 0.24765625 0.8734375 0.021875 0.0109375
1 0.634375 0.31640625 0.0234375 0.0125
1 0.4515625 0.34609375 0.0234375 0.0125
1 0.3265625 0.47265625 0.0234375 0.0140625
1 0.353125 0.33671875 0.0234375 0.0125
0 0.6953125 0.203125 0.0234375 0.015625
1 0.67265625 0.38125 0.021875 0.009375
1 0.19453125 0.41796875 0.025 0.0140625
1 0.4484375 0.846875 0.0203125 0.0109375
1 0.4578125 0.3390625 0.021875 0.0109375
1 0.08125 0.41796875 0.0234375 0.0140625
4 0.46875 0.8203125 0.05625 0.0390625
1 0.8671875 0.3015625 0.0234375 0.0125
1 0.14296875 0.86875 0.0234375 0.0125
1 0.38671875 0.31015625 0.021875 0.0109375
1 0.1671875 0.31875 0.025 0.0125
1 0.278125 0.88046875 0.0234375 0.0109375
1 0.06875 0.4109375 0.0234375 0.0140625
1 0.4265625 0.4046875 0.021875 0.0109375
1 0.40859375 0.43984375 0.025 0.015625
1 0.23671875 0.88515625 0.0265625 0.015625
1 0.5703125 0.846875 0.021875 0.0109375
1 0.8140625 0.37734375 0.021875 0.0125
1 0.43515625 0.40234375 0.025 0.0140625
1 0.021875 0.415625 0.025 0.0140625
1 0.3140625 0.3953125 0.0234375 0.0109375
1 0.25390625 0.99765625 0.03125 0.003125
1 0.3515625 0.3640625 0.0234375 0.0140625
0 0.7046875 0.21640625 0.021875 0.0140625
1 0.11171875 0.38671875 0.021875 0.009375
1 0.55390625 0.84765625 0.021875 0.0109375
1 0.11171875 0.39921875 0.021875 0.0140625
1 0.8546875 0.83828125 0.021875 0.0109375
1 0.88359375 0.30390625 0.021875 0.0109375
1 0.33828125 0.375 0.021875 0.0109375
0 0.7890625 0.1203125 0.0265625 0.0140625
1 0.1296875 0.37265625 0.021875 0.0109375
1 0.103125 0.35234375 0.021875 0.0109375
1 0.090625 0.40234375 0.025 0.0171875
1 0.48359375 0.30625 0.021875 0.0109375
1 0.28671875 0.4109375 0.021875 0.0140625
1 0.2765625 0.89921875 0.025 0.0203125
1 0.14765625 0.88359375 0.0234375 0.0125
1 0.03125 0.39609375 0.0234375 0.0140625
0 0.7953125 0.78671875 0.025 0.0171875
1 0.33046875 0.36015625 0.025 0.015625
1 0.54765625 0.81640625 0.021875 0.009375
1 0.6375 0.29921875 0.021875 0.0109375
1 0.32734375 0.3859375 0.025 0.015625
1 0.090625 0.428125 0.0234375 0.0140625
1 0.34296875 0.31015625 0.0234375 0.009375
1 0.36171875 0.35234375 0.021875 0.0125
1 0.78828125 0.88203125 0.0265625 0.015625
1 0.11875 0.40078125 0.0234375 0.0140625
1 0.52265625 0.3 0.021875 0.0109375
1 0.84296875 0.29375 0.0234375 0.0109375
1 0.5421875 0.85078125 0.021875 0.009375
1 0.49453125 0.29765625 0.0234375 0.0109375
1 0.60625 0.29375 0.0234375 0.0125
1 0.1921875 0.86875 0.021875 0.0109375
1 0.465625 0.85546875 0.0203125 0.0078125
1 0.18125 0.8671875 0.0234375 0.0109375
1 0.0984375 0.38828125 0.0234375 0.0109375
1 0.46484375 0.32265625 0.0234375 0.0125
1 0.59296875 0.315625 0.0234375 0.0109375
4 0.97265625 0.8796875 0.0546875 0.184375
1 0.44140625 0.85234375 0.021875 0.0078125
1 0.42890625 0.840625 0.0203125 0.0078125
0 0.90703125 0.28046875 0.025 0.015625
1 0.178125 0.85 0.0203125 0.009375
1 0.053125 0.39453125 0.021875 0.0125
1 0.8953125 0.303125 0.0234375 0.0125
1 0.575 0.8390625 0.025 0.009375
1 0.12109375 0.878125 0.0234375 0.0125
1 0.146875 0.85703125 0.0203125 0.009375
1 0.47734375 0.29765625 0.021875 0.009375
1 0.22890625 0.86015625 0.0203125 0.009375
1 0.1296875 0.36171875 0.0234375 0.0109375
1 0.053125 0.4078125 0.0234375 0.009375
1 0.72109375 0.85703125 0.025 0.015625
1 0.64453125 0.86875 0.0234375 0.0171875
0 0.8234375 0.08828125 0.025 0.015625
1 0.53515625 0.31484375 0.021875 0.0109375
1 0.12890625 0.66015625 0.025 0.0125
1 0.09296875 0.36015625 0.0234375 0.009375
1 0.85859375 0.29921875 0.0203125 0.009375
1 0.53984375 0.8296875 0.0234375 0.0109375
1 0.07734375 0.90390625 0.025 0.015625