2 0.25625 0.19765625 0.1109375 0.075
2 0.7734375 0.22734375 0.1125 0.06875
3 0.63515625 0.25859375 0.078125 0.075
4 0.1203125 0.40703125 0.1125 0.11875
1 0.4390625 0.5296875 0.03125 0.028125
1 0.06875 0.44140625 0.03125 0.025
1 0.28828125 0.5515625 0.0328125 0.0296875
1 0.39375 0.44765625 0.03125 0.0234375
1 0.359375 0.3828125 0.0296875 0.0234375
1 0.62265625 0.4515625 0.0296875 0.025
1 0.5640625 0.39453125 0.0296875 0.021875
1 0.896875 0.4640625 0.03125 0.025
1 0.5359375 0.39140625 0.0296875 0.021875
1 0.39140625 0.4703125 0.03125 0.025
1 0.13828125 0.3328125 0.028125 0.021875
1 0.39140625 0.55390625 0.0328125 0.0296875
1 0.6296875 0.91328125 0.0296875 0.0203125
1 0.48828125 0.41640625 0.0296875 0.0234375
1 0.946875 0.4484375 0.0296875 0.0234375
1 0.4875 0.371875 0.0296875 0.021875
1 0.0171875 0.4171875 0.03125 0.0234375
1 0.253125 0.496875 0.03125 0.0265625
1 0.57890625 0.309375 0.028125 0.0203125
1 0.32578125 0.45859375 0.03125 0.025
1 0.65390625 0.41953125 0.0296875 0.025
1 0.28671875 0.46796875 0.03125 0.025
1 0.98984375 0.4703125 0.0203125 0.025
1 0.72265625 0.51171875 0.03125 0.0265625
1 0.35078125 0.41171875 0.028125 0.0234375
1 0.96953125 0.46328125 0.0296875 0.0234375
1 0.5984375 0.46640625 0.0296875 0.025
1 0.92734375 0.46640625 0.03125 0.025
1 0.1921875 0.41953125 0.03125 0.0234375
1 0.9875 0.453125 0.025 0.021875
1 0.1 0.4609375 0.0328125 0.025
1 0.9328125 0.428125 0.0296875 0.0234375
1 0.84765625 0.4390625 0.0296875 0.0234375
1 0.6796875 0.409375 0.0296875 0.0234375
1 0.83125 0.29375 0.028125 0.01875
1 0.52109375 0.44140625 0.0296875 0.0234375
1 0.1125 0.49921875 0.03125 0.025
1 0.3109375 0.38984375 0.0296875 0.021875
1 0.17421875 0.43203125 0.03125 0.0234375
1 0.66796875 0.30078125 0.0265625 0.0203125
1 0.50546875 0.290625 0.028125 0.01875
1 0.609375 0.31328125 0.028125 0.0203125
1 0.63828125 0.3515625 0.028125 0.0203125
1 0.60625 0.4015625 0.0296875 0.021875
1 0.61796875 0.3578125 0.028125 0.021875
1 0.275 0.49453125 0.03125 0.0265625
1 0.40234375 0.3859375 0.0296875 0.021875
1 0.246875 0.5796875 0.0328125 0.03125
1 0.84765625 0.4859375 0.03125 0.025
1 0.0625 0.33828125 0.0296875 0.021875
1 0.55390625 0.30390625 0.028125 0.0203125
1 0.12109375 0.32265625 0.028125 0.021875
1 0.21484375 0.4140625 0.028125 0.0234375
1 0.63125 0.334375 0.028125 0.0203125
1 0.88515625 0.31953125 0.0265625 0.0203125
1 0.584375 0.38984375 0.0296875 0.021875
1 0.43359375 0.3515625 0.028125 0.021875
1 0.74375 0.5546875 0.03125 0.0265625
1 0.2890625 0.4359375 0.03125 0.025
1 0.1921875 0.35546875 0.0296875 0.021875
1 0.190625 0.2859375 0.028125 0.0203125
1 0.459375 0.36875 0.03125 0.021875
1 0.4515625 0.31640625 0.0296875 0.0203125
1 0.50078125 0.43125 0.0296875 0.0234375
1 0.56875 0.35390625 0.028125 0.0203125
1 0.815625 0.946875 0.034375 0.03125
1 0.1125 0.34140625 0.0296875 0.0203125
1 0.59609375 0.3015625 0.0265625 0.0203125
1 0.5109375 0.425 0.0296875 0.0234375
1 0.415625 0.39921875 0.0296875 0.0234375
1 0.1578125 0.43515625 0.0328125 0.0296875
1 0.4171875 0.45625 0.03125 0.0265625
1 0.4296875 0.4 0.0296875 0.021875
1 0.86015625 0.478125 0.03125 0.021875
1 0.06640625 0.37109375 0.0296875 0.0234375
1 0.390625 0.33046875 0.0296875 0.0203125
1 0.47109375 0.31328125 0.028125 0.0203125
1 0.1953125 0.38046875 0.0296875 0.021875
4 0.06796875 0.8265625 0.0765625 0.0703125
4 0.0875 0.29375 0.0765625 0.090625
1 0.43203125 0.296875 0.028125 0.01875
1 0.51875 0.34375 0.028125 0.0203125
1 0.7390625 0.8859375 0.025 0.0171875
1 0.41015625 0.3 0.028125 0.021875
1 0.41484375 0.4328125 0.03125 0.025
1 0.3765625 0.3046875 0.0265625 0.01875
1 0.54296875 0.36015625 0.028125 0.0203125
1 0.653125 0.371875 0.0296875 0.021875
1 0.3578125 0.28125 0.0265625 0.01875
1 0.45703125 0.39296875 0.03125 0.0234375
1 0.6625 0.3609375 0.0296875 0.0203125
1 0.34453125 0.3078125 0.028125 0.0203125
1 0.51640625 0.325 0.028125 0.0203125
1 0.46875 0.3953125 0.03125 0.0234375
1 0.440625 0.32265625 0.028125 0.0203125
1 0.31484375 0.32265625 0.0296875 0.0234375
1 0.66015625 0.3828125 0.0296875 0.021875
1 0.9828125 0.41328125 0.03125 0.0234375
1 0.88046875 0.2828125 0.0265625 0.01875
1 0.43125 0.3140625 0.0296875 0.0203125
1 0.3421875 0.3625 0.028125 0.0234375
1 0.05625 0.37265625 0.03125 0.021875
1 0.12421875 0.29609375 0.028125 0.0203125
1 0.93671875 0.39609375 0.0296875 0.021875
1 0.0859375 0.353125 0.03125 0.021875
1 0.4140625 0.36875 0.028125 0.021875
1 0.54921875 0.33671875 0.028125 0.0234375
1 0.528125 0.34765625 0.028125 0.01875
1 0.4015625 0.3421875 0.0296875 0.0234375
1 0.52734375 0.42734375 0.0296875 0.021875
1 0.39140625 0.37890625 0.0296875 0.021875
1 0.82265625 0.31171875 0.028125 0.0203125
4 0.04140625 0.51328125 0.0828125 0.1578125
1 0.58515625 0.42265625 0.0296875 0.021875
1 0.77265625 0.96328125 0.0375 0.034375
1 0.5015625 0.31953125 0.0296875 0.0203125
1 0.18984375 0.4046875 0.0296875 0.021875
1 0.43203125 0.38515625 0.0296875 0.021875
1 0.49609375 0.35625 0.028125 0.021875
1 0.31796875 0.34375 0.0296875 0.021875
1 0.31875 0.3640625 0.0296875 0.021875
1 0.3953125 0.3109375 0.028125 0.0203125
1 0.121875 0.94140625 0.0375 0.0375
1 0.79609375 0.98828125 0.0390625 0.0234375
1 0.53125 0.26953125 0.028125 0.01875
1 0.39453125 0.36328125 0.028125 0.021875
1 0.57578125 0.38046875 0.0296875 0.021875
1 0.41015625 0.8984375 0.03125 0.01875
1 0.4546875 0.2828125 0.028125 0.0203125
1 0.378125 0.3203125 0.028125 0.0234375
1 0.6046875 0.45 0.03125 0.0234375
1 0.584375 0.35546875 0.03125 0.0203125
1 0.10234375 0.34921875 0.0296875 0.021875
1 0.77421875 0.93984375 0.0328125 0.021875
1 0.36328125 0.2515625 0.0265625 0.01875
1 0.69140625 0.88828125 0.028125 0.0203125
1 0.13515625 0.246875 0.028125 0.01875
1 0.14140625 0.84765625 0.0265625 0.01875
1 0.44765625 0.3390625 0.0296875 0.0203125
1 0.44921875 0.3671875 0.03125 0.0203125
1 0.12734375 0.459375 0.028125 0.0203125
1 0.946875 0.40625 0.0296875 0.021875
1 0.3609375 0.33828125 0.0296875 0.021875
1 0.38515625 0.3609375 0.03125 0.0203125
1 0.16953125 0.24765625 0.0296875 0.0203125
1 0.59453125 0.43125 0.0296875 0.0234375
1 0.50625 0.27578125 0.0265625 0.01875
1 0.65 0.346875 0.028125 0.01875
0 0.68828125 0.821875 0.028125 0.021875
1 0.5671875 0.278125 0.028125 0.0203125
1 0.88671875 0.26875 0.028125 0.0203125
1 0.896875 0.9953125 0.040625 0.009375
1 0.5875 0.27109375 0.0265625 0.01875
1 0.3703125 0.27734375 0.0265625 0.0203125
1 0.87578125 0.50546875 0.0296875 0.0234375
1 0.8390625 0.91953125 0.028125 0.0234375
1 0.35859375 0.89453125 0.0296875 0.0203125
1 0.68203125 0.8890625 0.0265625 0.01875
1 0.4421875 0.38359375 0.0296875 0.021875
1 0.825 0.89609375 0.028125 0.0203125
1 0.4828125 0.3515625 0.03125 0.021875
1 0.78828125 0.95 0.0375 0.03125
1 0.3453125 0.34375 0.028125 0.0203125
1 0.353125 0.3234375 0.0296875 0.021875
1 0.20703125 0.24453125 0.028125 0.01875
1 0.3640625 0.32109375 0.0296875 0.021875
1 0.7109375 0.88671875 0.028125 0.0171875
1 0.3859375 0.31640625 0.028125 0.01875
1 0.39921875 0.26171875 0.0265625 0.01875
1 0.39140625 0.296875 0.028125 0.01875
1 0.09375 0.33984375 0.0296875 0.0203125
1 0.95859375 0.3703125 0.03125 0.0203125
1 0.3328125 0.36484375 0.0296875 0.021875
1 0.10078125 0.9328125 0.0375 0.0390625
1 0.63359375 0.89765625 0.028125 0.0203125
1 0.43359375 0.28515625 0.0265625 0.0171875
1 0.12734375 0.24765625 0.028125 0.01875
1 0.75390625 0.94296875 0.0359375 0.0296875
1 0.20390625 0.3984375 0.03125 0.021875
1 0.075 0.35234375 0.028125 0.0203125
1 0.48359375 0.26640625 0.028125 0.01875
1 0.0203125 0.3375 0.028125 0.01875
1 0.93984375 0.35390625 0.0296875 0.025
1 0.3453125 0.33046875 0.0296875 0.01875
1 0.47734375 0.29296875 0.0296875 0.021875
1 0.3328125 0.3453125 0.028125 0.0203125
1 0.5515625 0.26015625 0.0265625 0.0171875
1 0.7140625 0.30234375 0.0296875 0.021875
1 0.1828125 0.4203125 0.03125 0.021875
1 0.5078125 0.2578125 0.0265625 0.0171875
1 0.50546875 0.88828125 0.028125 0.0203125
1 0.86953125 0.9234375 0.03125 0.0234375
1 0.7953125 0.88984375 0.0265625 0.0171875
1 0.95078125 0.35859375 0.0296875 0.0203125
1 0.53984375 0.37734375 0.0296875 0.01875
1 0.58046875 0.2609375 0.0265625 0.0171875
1 0.49140625 0.309375 0.0296875 0.01875
1 0.0234375 0.8859375 0.03125 0.0234375
1 0.853125 0.890625 0.0265625 0.01875
1 0.04609375 0.88828125 0.03125 0.025
1 0.35234375 0.3046875 0.028125 0.021875
1 0.034375 0.90390625 0.03125 0.028125
1 0.02265625 0.3625 0.0328125 0.0234375
1 0.84609375 0.92265625 0.03125 0.0234375
1 0.95859375 0.3984375 0.0296875 0.021875
1 0.46484375 0.259375 0.028125 0.01875
1 0.53359375 0.33359375 0.0296875 0.021875
1 0.79609375 0.87109375 0.0328125 0.0296875
1 0.0125 0.3625 0.025 0.021875
1 0.32890625 0.33203125 0.0296875 0.0203125
1 0.9171875 0.99453125 0.034375 0.0109375
1 0.1078125 0.8328125 0.025 0.0171875
1 0.08359375 0.9171875 0.0296875 0.01875
1 0.45234375 0.25859375 0.0265625 0.01875
1 0.90078125 0.29375 0.028125 0.01875
1 0.02421875 0.90859375 0.03125 0.0265625
1 0.11484375 0.259375 0.028125 0.01875
1 0.121875 0.2609375 0.028125 0.0203125
1 0.0828125 0.3421875 0.0296875 0.0203125
1 0.75859375 0.8875 0.028125 0.015625
1 0.1203125 0.878125 0.0296875 0.025
1 0.52265625 0.26171875 0.028125 0.01875
1 0.1171875 0.2828125 0.028125 0.01875
1 0.93046875 0.32421875 0.0296875 0.01875
1 0.53125 0.3734375 0.03125 0.021875
1 0.3859375 0.9859375 0.0375 0.0203125
1 0.90703125 0.2984375 0.028125 0.021875
1 0.9671875 0.36875 0.028125 0.021875