4 0.646875 0.28828125 0.1109375 0.075
2 0.746875 0.2046875 0.121875 0.0625
0 0.14921875 0.18671875 0.046875 0.0125
0 0.90625 0.1890625 0.053125 0.0234375
0 0.15234375 0.16796875 0.04375 0.0125
0 0.1609375 0.1875 0.046875 0.0140625
0 0.86171875 0.1515625 0.05 0.01875
3 0.265625 0.871875 0.090625 0.0625
4 0.83828125 0.415625 0.1171875 0.09375
0 0.92578125 0.2390625 0.05 0.01875
0 0.0734375 0.19140625 0.0484375 0.015625
0 0.1125 0.0546875 0.0484375 0.015625
0 0.17734375 0.18828125 0.0453125 0.0125
0 0.16953125 0.2375 0.0453125 0.0109375
0 0.9296875 0.2859375 0.05 0.0171875
0 0.1140625 0.0890625 0.0484375 0.015625
0 0.07109375 0.23203125 0.0484375 0.0140625
0 0.88046875 0.17109375 0.05 0.0171875
0 0.84375 0.0921875 0.05 0.015625
0 0.753125 0.16328125 0.0453125 0.0125
0 0.765625 0.1796875 0.046875 0.015625
0 0.15390625 0.14609375 0.04375 0.0125
0 0.1515625 0.04765625 0.05 0.0171875
0 0.1328125 0.05078125 0.05 0.015625
0 0.0828125 0.16953125 0.05 0.0171875
0 0.0546875 0.303125 0.0484375 0.0140625
0 0.165625 0.1 0.046875 0.0125
0 0.7890625 0.1203125 0.046875 0.015625
1 0.4484375 0.39609375 0.0453125 0.009375
0 0.1765625 0.2234375 0.04375 0.0109375
1 0.2359375 0.65703125 0.05 0.015625
1 0.62890625 0.509375 0.046875 0.015625
1 0.5921875 0.43828125 0.0453125 0.0140625
0 0.15859375 0.23984375 0.04375 0.0109375
1 0.38125 0.35625 0.04375 0.009375
1 0.7109375 0.60390625 0.05 0.01875
3 0.16015625 0.32421875 0.1 0.0890625
2 0.23125 0.22421875 0.1296875 0.0515625
0 0.06015625 0.2828125 0.046875 0.0140625
1 0.49921875 0.37890625 0.04375 0.009375
1 0.39453125 0.396875 0.0453125 0.0109375
0 0.27734375 0.81796875 0.0453125 0.015625
0 0.2734375 0.840625 0.0421875 0.0078125
0 0.115625 0.03046875 0.05 0.0140625
0 0.16015625 0.14765625 0.0453125 0.015625
1 0.63671875 0.3640625 0.0453125 0.009375
1 0.5265625 0.45234375 0.0453125 0.0125
1 0.3609375 0.3515625 0.04375 0.0078125
1 0.49921875 0.4296875 0.046875 0.009375
0 0.253125 0.83046875 0.0453125 0.0125
0 0.1484375 0.02578125 0.046875 0.009375
1 0.58671875 0.28984375 0.0421875 0.009375
1 0.6765625 0.59453125 0.0484375 0.01875
1 0.490625 0.4484375 0.0484375 0.0125
0 0.92109375 0.2703125 0.0421875 0.009375
0 0.81640625 0.09140625 0.0484375 0.015625
1 0.59140625 0.3484375 0.04375 0.009375
1 0.978125 0.915625 0.04375 0.015625
0 0.16796875 0.14921875 0.046875 0.0125
1 0.2609375 0.6265625 0.046875 0.0078125
1 0.48828125 0.4296875 0.046875 0.009375
1 0.4453125 0.375 0.04375 0.009375
1 0.3125 0.4171875 0.0453125 0.0109375
1 0.49765625 0.39609375 0.046875 0.009375
1 0.6875 0.6359375 0.046875 0.0078125
1 0.42734375 0.39921875 0.0453125 0.0109375
1 0.08515625 0.40546875 0.04375 0.0109375
1 0.38125 0.65234375 0.0421875 0.0078125
1 0.30703125 0.47109375 0.046875 0.0125
1 0.51796875 0.290625 0.04375 0.0078125
1 0.471875 0.325 0.0421875 0.009375
0 0.17265625 0.1265625 0.0453125 0.0125
1 0.33046875 0.4046875 0.0453125 0.0109375
1 0.71015625 0.50546875 0.0453125 0.0109375
1 0.4203125 0.34765625 0.04375 0.0078125
1 0.4671875 0.44609375 0.0453125 0.009375
1 0.60703125 0.36328125 0.04375 0.0109375
1 0.68515625 0.321875 0.04375 0.009375
1 0.02265625 0.39609375 0.0453125 0.009375
0 0.1046875 0.1125 0.0484375 0.015625
1 0.525 0.328125 0.0453125 0.009375
1 0.63125 0.45703125 0.0453125 0.0125
1 0.33671875 0.39140625 0.0453125 0.0109375
1 0.58046875 0.5984375 0.0484375 0.01875
1 0.478125 0.4296875 0.0453125 0.0109375
1 0.4421875 0.4265625 0.046875 0.0109375
1 0.4578125 0.39921875 0.0453125 0.0109375
1 0.4578125 0.3578125 0.0453125 0.0078125
1 0.27890625 0.52421875 0.0484375 0.009375
1 0.40625 0.4578125 0.04375 0.015625
1 0.95234375 0.39375 0.0453125 0.0125
0 0.29140625 0.7328125 0.046875 0.0125
1 0.740625 0.5515625 0.0484375 0.015625
1 0.57421875 0.32890625 0.0421875 0.0078125
1 0.62734375 0.38203125 0.0453125 0.009375
1 0.671875 0.3796875 0.0453125 0.0078125
1 0.5578125 0.5265625 0.046875 0.0171875
1 0.39765625 0.33828125 0.04375 0.009375
1 0.53828125 0.3546875 0.0453125 0.0109375
1 0.5984375 0.33203125 0.0421875 0.009375
1 0.40234375 0.43203125 0.04375 0.0078125
1 0.28203125 0.54765625 0.0484375 0.0140625
1 0.33046875 0.46171875 0.0453125 0.0140625
1 0.95703125 0.89296875 0.046875 0.0140625
1 0.37421875 0.44140625 0.0453125 0.0125
1 0.53515625 0.265625 0.0421875 0.0078125
1 0.39453125 0.4375 0.04375 0.0109375
3 0.0609375 0.48984375 0.121875 0.1328125
1 0.57734375 0.3828125 0.0453125 0.0109375
1 0.50625 0.30546875 0.04375 0.00625
1 0.3671875 0.40625 0.0453125 0.0125
1 0.3609375 0.2984375 0.0421875 0.009375
1 0.52734375 0.39609375 0.0453125 0.0125
1 0.42734375 0.4296875 0.0453125 0.0109375
1 0.1390625 0.91953125 0.0484375 0.0140625
1 0.65703125 0.3421875 0.04375 0.009375
1 0.62578125 0.8625 0.04375 0.0078125
1 0.2765625 0.5078125 0.0453125 0.009375
1 0.47578125 0.28828125 0.0421875 0.00625
1 0.62109375 0.4484375 0.0453125 0.0125
1 0.7859375 0.85625 0.0421875 0.0078125
1 0.553125 0.45546875 0.046875 0.0125
1 0.23515625 0.5984375 0.0484375 0.015625
1 0.9140625 0.359375 0.04375 0.009375
1 0.45078125 0.4109375 0.0453125 0.009375
1 0.67421875 0.39609375 0.0453125 0.009375
1 0.05546875 0.34140625 0.04375 0.00625
1 0.87109375 0.86953125 0.04375 0.009375
1 0.6609375 0.56328125 0.0484375 0.0140625
1 0.43203125 0.3375 0.04375 0.009375
1 0.53515625 0.32578125 0.0453125 0.009375
1 0.40078125 0.48046875 0.046875 0.0125
1 0.346875 0.30078125 0.04375 0.009375
1 0.953125 0.85625 0.04375 0.009375
1 0.91015625 0.84921875 0.0421875 0.0078125
1 0.35078125 0.3421875 0.04375 0.009375
1 0.675 0.50859375 0.046875 0.015625
1 0.31015625 0.39921875 0.04375 0.0078125
1 0.23828125 0.9109375 0.0453125 0.0109375
1 0.64375 0.3921875 0.04375 0.0078125
1 0.68515625 0.38359375 0.0453125 0.0109375
1 0.52421875 0.428125 0.0453125 0.0109375
1 0.2359375 0.9328125 0.046875 0.0140625
1 0.70703125 0.5265625 0.0484375 0.0140625
1 0.25078125 0.546875 0.046875 0.0140625
4 0.6890625 0.85546875 0.1234375 0.09375
1 0.45703125 0.375 0.0453125 0.00625
1 0.8296875 0.26953125 0.0421875 0.009375
1 0.67109375 0.34375 0.046875 0.0125
1 0.3375 0.30546875 0.04375 0.0078125
1 0.74765625 0.553125 0.046875 0.0171875
1 0.40546875 0.28671875 0.04375 0.0078125
1 0.4859375 0.396875 0.046875 0.0078125
1 0.15390625 0.89453125 0.0421875 0.0078125
1 0.10390625 0.9359375 0.0484375 0.0171875
1 0.51328125 0.44140625 0.04375 0.009375
1 0.01328125 0.3953125 0.0265625 0.009375
1 0.6171875 0.365625 0.046875 0.009375
1 0.521875 0.346875 0.04375 0.0078125
1 0.65859375 0.37265625 0.046875 0.0140625
1 0.9703125 0.8921875 0.046875 0.0125
0 0.1171875 0.05703125 0.05 0.01875
1 0.1171875 0.9140625 0.0453125 0.0125
1 0.96640625 0.96640625 0.053125 0.0125
1 0.61328125 0.3921875 0.0453125 0.009375
1 0.6046875 0.56484375 0.0484375 0.0171875
1 0.278125 0.66171875 0.0421875 0.0046875
0 0.0765625 0.2328125 0.0453125 0.0125
0 0.4171875 0.71015625 0.04375 0.009375
1 0.04296875 0.375 0.0453125 0.0109375
1 0.325 0.35078125 0.04375 0.0078125
1 0.1734375 0.93828125 0.0484375 0.01875
1 0.58203125 0.40546875 0.040625 0.00625
1 0.934375 0.859375 0.0453125 0.0125
1 0.51015625 0.3265625 0.0453125 0.009375
1 0.2921875 0.47109375 0.046875 0.0125
1 0.64921875 0.384375 0.0453125 0.00625
1 0.4046875 0.45078125 0.0453125 0.0140625
1 0.565625 0.38203125 0.04375 0.009375
0 0.28828125 0.7796875 0.0453125 0.0140625
1 0.72734375 0.546875 0.0484375 0.015625
1 0.62109375 0.6046875 0.046875 0.0140625
1 0.7078125 0.58359375 0.046875 0.0109375
1 0.06875 0.98828125 0.05625 0.0171875
1 0.54453125 0.59921875 0.0484375 0.0171875
1 0.1015625 0.65859375 0.046875 0.0140625
1 0.61953125 0.60078125 0.046875 0.015625
1 0.47421875 0.4 0.046875 0.009375
0 0.2984375 0.71875 0.0484375 0.0125
1 0.88515625 0.87109375 0.0453125 0.0078125
1 0.5109375 0.35859375 0.0453125 0.009375
1 0.9515625 0.47890625 0.0515625 0.0203125
1 0.5640625 0.33828125 0.0453125 0.00625
0 0.171875 0.1015625 0.04375 0.0125
1 0.3015625 0.87578125 0.040625 0.0046875
1 0.4890625 0.38203125 0.046875 0.009375
1 0.9828125 0.52578125 0.034375 0.0140625
1 0.4609375 0.31015625 0.04375 0.009375
1 0.29296875 0.4109375 0.0453125 0.009375
1 0.228125 0.9515625 0.05 0.0171875
1 0.8625 0.30234375 0.040625 0.0078125
1 0.22890625 0.8890625 0.0421875 0.0046875
1 0.55546875 0.35390625 0.040625 0.0046875
1 0.57109375 0.25546875 0.04375 0.0078125
1 0.3 0.4125 0.04375 0.0109375
1 0.39375 0.3796875 0.0453125 0.0109375
1 0.4859375 0.88515625 0.04375 0.0078125
1 0.54140625 0.2625 0.0421875 0.00625
0 0.146875 0.184375 0.04375 0.009375
1 0.5984375 0.38125 0.04375 0.009375
1 0.54375 0.5546875 0.04375 0.0125
1 0.453125 0.315625 0.040625 0.0046875
1 0.640625 0.34140625 0.0421875 0.0078125
1 0.3765625 0.2640625 0.04375 0.0078125
0 0.14921875 0.2734375 0.0453125 0.009375
1 0.56328125 0.32578125 0.04375 0.00625
1 0.4109375 0.4203125 0.0453125 0.0078125
1 0.5 0.3578125 0.04375 0.0109375
1 0.06875 0.3265625 0.04375 0.0078125
1 0.41328125 0.41796875 0.0421875 0.00625
1 0.209375 0.94375 0.05 0.0171875
1 0.56171875 0.42265625 0.0421875 0.00625
1 0.60234375 0.38046875 0.046875 0.0109375
1 0.490625 0.503125 0.04375 0.00625
1 0.55390625 0.35390625 0.046875 0.0109375
1 0.04375 0.34453125 0.04375 0.0078125
1 0.67109375 0.3671875 0.0421875 0.00625
1 0.5609375 0.4359375 0.04375 0.009375
0 0.1421875 0.08515625 0.0453125 0.00625
1 0.93203125 0.85859375 0.040625 0.0109375
1 0.94140625 0.9703125 0.05 0.0078125
1 0.49140625 0.48671875 0.046875 0.0109375
1 0.26640625 0.51484375 0.0453125 0.009375
1 0.43828125 0.5015625 0.046875 0.0125