3 0.40390625 0.3 0.0859375 0.0734375
1 0.3390625 0.3875 0.03125 0.01875
1 0.71953125 0.53828125 0.0359375 0.025
1 0.06015625 0.4328125 0.0328125 0.0203125
2 0.25859375 0.2171875 0.1140625 0.0546875
1 0.8890625 0.415625 0.0328125 0.0171875
0 0.8328125 0.1578125 0.0359375 0.021875
1 0.16484375 0.9140625 0.0390625 0.028125
2 0.77890625 0.23046875 0.109375 0.0640625
1 0.56015625 0.490625 0.0328125 0.0234375
1 0.30546875 0.871875 0.03125 0.01875
1 0.71171875 0.50546875 0.034375 0.021875
1 0.60546875 0.4421875 0.0328125 0.01875
1 0.45234375 0.6421875 0.0359375 0.01875
1 0.2890625 0.53828125 0.03125 0.021875
1 0.025 0.43046875 0.0328125 0.0203125
1 0.71328125 0.353125 0.03125 0.01875
1 0.20546875 0.88359375 0.034375 0.0234375
1 0.7625 0.46484375 0.0328125 0.01875
1 0.6140625 0.90859375 0.0328125 0.0125
1 0.0234375 0.55859375 0.034375 0.0234375
1 0.8234375 0.40859375 0.0328125 0.01875
3 0.40703125 0.4640625 0.10625 0.11875
1 0.6828125 0.37265625 0.03125 0.0171875
1 0.8265625 0.38203125 0.03125 0.0171875
4 0.35078125 0.28671875 0.0703125 0.0609375
0 0.88203125 0.14765625 0.0375 0.025
1 0.15625 0.43125 0.0328125 0.01875
1 0.23984375 0.63671875 0.0359375 0.0203125
0 0.1484375 0.81171875 0.04375 0.0421875
1 0.90546875 0.44375 0.034375 0.0234375
1 0.29140625 0.50078125 0.03125 0.0203125
1 0.45234375 0.3984375 0.03125 0.01875
1 0.634375 0.87265625 0.034375 0.0203125
1 0.1578125 0.3703125 0.03125 0.0171875
1 0.671875 0.34765625 0.0296875 0.015625
1 0.75078125 0.58046875 0.0359375 0.025
1 0.346875 0.3296875 0.0296875 0.015625
1 0.4578125 0.58984375 0.034375 0.0171875
1 0.57578125 0.88125 0.0328125 0.0203125
1 0.3 0.4609375 0.0328125 0.0171875
0 0.2078125 0.01328125 0.034375 0.01875
1 0.57734375 0.32109375 0.0296875 0.0140625
1 0.56640625 0.34375 0.03125 0.015625
1 0.91796875 0.41640625 0.0328125 0.01875
1 0.6546875 0.3765625 0.03125 0.015625
0 0.09140625 0.81796875 0.0453125 0.04375
1 0.65859375 0.35546875 0.0296875 0.015625
1 0.153125 0.88359375 0.0359375 0.025
1 0.33671875 0.871875 0.0328125 0.0203125
1 0.80078125 0.38671875 0.034375 0.021875
1 0.97734375 0.43359375 0.034375 0.0203125
1 0.16875 0.94765625 0.0421875 0.0390625
1 0.29453125 0.84921875 0.03125 0.015625
1 0.6234375 0.3390625 0.0296875 0.015625
1 0.6765625 0.4265625 0.0328125 0.01875
0 0.1203125 0.69453125 0.0421875 0.0328125
1 0.96875 0.45390625 0.034375 0.0203125
1 0.66640625 0.43359375 0.0328125 0.0171875
1 0.19609375 0.33046875 0.0296875 0.015625
1 0.140625 0.34140625 0.0328125 0.01875
0 0.03203125 0.78984375 0.0453125 0.0453125
1 0.17421875 0.4375 0.0328125 0.0171875
0 0.8546875 0.12421875 0.0359375 0.0203125
0 0.76875 0.2203125 0.034375 0.01875
1 0.29921875 0.48125 0.034375 0.0203125
1 0.84140625 0.34140625 0.03125 0.015625
1 0.12109375 0.8859375 0.0359375 0.0234375
4 0.76484375 0.90625 0.18125 0.165625
1 0.92890625 0.44921875 0.034375 0.0203125
1 0.3140625 0.85390625 0.0328125 0.0171875
1 0.04375 0.40546875 0.0328125 0.0171875
1 0.63359375 0.32734375 0.0296875 0.015625
0 0.028125 0.0578125 0.03125 0.0203125
1 0.3796875 0.36875 0.03125 0.015625
0 0.828125 0.12109375 0.0359375 0.021875
1 0.27265625 0.89296875 0.0390625 0.01875
1 0.6109375 0.3265625 0.0296875 0.015625
1 0.06640625 0.36484375 0.0328125 0.01875
1 0.07109375 0.38515625 0.03125 0.0171875
1 0.559375 0.8484375 0.0296875 0.0140625
1 0.59375 0.80625 0.0359375 0.025
1 0.12578125 0.31484375 0.03125 0.0171875
1 0.1015625 0.9453125 0.0421875 0.034375
1 0.6734375 0.60390625 0.03125 0.015625
0 0.3640625 0.17890625 0.03125 0.01875
1 0.44375 0.8515625 0.028125 0.0125
1 0.08125 0.3828125 0.03125 0.01875
1 0.08359375 0.36328125 0.0359375 0.0171875
1 0.68828125 0.87265625 0.0328125 0.0171875
1 0.96015625 0.4359375 0.0359375 0.0203125
1 0.36484375 0.3390625 0.0328125 0.01875
1 0.88828125 0.9953125 0.0421875 0.009375
1 0.2 0.8546875 0.03125 0.01875
1 0.034375 0.94375 0.040625 0.0359375
1 0.146875 0.84140625 0.03125 0.015625
0 0.38671875 0.228125 0.03125 0.015625
1 0.56875 0.840625 0.034375 0.025
1 0.09765625 0.90390625 0.0375 0.0265625
1 0.9421875 0.43984375 0.034375 0.021875
1 0.6484375 0.31484375 0.028125 0.0140625
1 0.02578125 0.41015625 0.034375 0.01875
1 0.52265625 0.3171875 0.03125 0.0171875
1 0.15703125 0.2953125 0.03125 0.0140625
0 0.19375 0.01328125 0.0328125 0.01875
1 0.46484375 0.29765625 0.0296875 0.0140625
1 0.93515625 0.425 0.0328125 0.0171875
1 0.6578125 0.3390625 0.03125 0.015625
1 0.49375 0.2953125 0.03125 0.0140625
0 0.0515625 0.0203125 0.0375 0.025
1 0.12734375 0.86875 0.0328125 0.0171875
1 0.084375 0.928125 0.040625 0.03125
1 0.6140625 0.30859375 0.0296875 0.0140625
1 0.12890625 0.33359375 0.03125 0.015625
1 0.1875 0.29453125 0.0296875 0.0140625
1 0.66796875 0.32734375 0.03125 0.015625
0 0.11328125 0.7625 0.03125 0.015625
1 0.671875 0.30390625 0.0296875 0.0125
1 0.1046875 0.88359375 0.0359375 0.0203125
1 0.1953125 0.29765625 0.0296875 0.015625
1 0.1953125 0.8296875 0.0296875 0.0125
1 0.590625 0.30390625 0.03125 0.0140625
1 0.1125 0.31796875 0.0296875 0.0140625
0 0.86640625 0.10859375 0.0375 0.021875
1 0.2328125 0.81171875 0.028125 0.0125
1 0.24609375 0.82890625 0.0265625 0.0125
0 0.78046875 0.25390625 0.03125 0.0140625
1 0.5484375 0.296875 0.0296875 0.0140625
0 0.08046875 0.00390625 0.0359375 0.0078125
1 0.6625 0.3078125 0.0296875 0.0140625
1 0.625 0.2984375 0.0296875 0.0125
1 0.02578125 0.971875 0.0390625 0.0234375
1 0.5046875 0.46328125 0.028125 0.0109375
1 0.14453125 0.3015625 0.0296875 0.0140625
1 0.428125 0.84140625 0.028125 0.0125
1 0.88671875 0.3140625 0.0296875 0.015625
1 0.5296875 0.62890625 0.0296875 0.0171875
3 0.54765625 0.78984375 0.08125 0.0734375
0 0.1171875 0.003125 0.034375 0.00625
0 0.40078125 0.2671875 0.03125 0.015625
1 0.65625 0.3203125 0.03125 0.015625
1 0.58359375 0.2984375 0.0296875 0.0140625
1 0.1765625 0.8375 0.0296875 0.0140625
1 0.50546875 0.29453125 0.03125 0.0140625
1 0.371875 0.3546875 0.03125 0.0140625
1 0.1203125 0.8375 0.0296875 0.0125
0 0.7703125 0.24375 0.0390625 0.0234375
1 0.92890625 0.3328125 0.0328125 0.0171875
1 0.0359375 0.365625 0.034375 0.01875
1 0.11015625 0.86640625 0.0328125 0.0171875
1 0.9 0.98671875 0.03125 0.0140625
1 0.53359375 0.31015625 0.0328125 0.01875
1 0.65390625 0.86484375 0.0328125 0.01875
1 0.609375 0.29921875 0.03125 0.0125