2 0.25078125 0.20234375 0.1046875 0.065625
3 0.775 0.90234375 0.15625 0.1453125
3 0.146875 0.2734375 0.08125 0.075
1 0.034375 0.37265625 0.0234375 0.0171875
1 0.1015625 0.4109375 0.021875 0.0203125
1 0.35703125 0.8625 0.021875 0.0203125
1 0.82421875 0.45390625 0.021875 0.01875
1 0.1875 0.42578125 0.021875 0.0203125
1 0.93515625 0.5109375 0.0234375 0.0203125
1 0.8625 0.41875 0.0203125 0.0171875
1 0.64609375 0.4453125 0.021875 0.01875
1 0.37734375 0.43828125 0.021875 0.0203125
2 0.7703125 0.24453125 0.1046875 0.0546875
1 0.33203125 0.41640625 0.021875 0.01875
3 0.97265625 0.4828125 0.0546875 0.090625
1 0.43671875 0.4515625 0.021875 0.0203125
1 0.61484375 0.49296875 0.0234375 0.0203125
1 0.3328125 0.58515625 0.0234375 0.0171875
1 0.34921875 0.36953125 0.021875 0.015625
1 0.21484375 0.5703125 0.025 0.0203125
1 0.6015625 0.5109375 0.0234375 0.021875
1 0.28515625 0.53515625 0.025 0.025
1 0.30234375 0.453125 0.0234375 0.0203125
1 0.51015625 0.4484375 0.0234375 0.0203125
1 0.50625 0.421875 0.021875 0.01875
1 0.49375 0.5671875 0.025 0.0265625
1 0.89765625 0.47578125 0.021875 0.01875
1 0.153125 0.38671875 0.021875 0.0203125
1 0.25625 0.5171875 0.025 0.025
1 0.6484375 0.52734375 0.0234375 0.0234375
1 0.94453125 0.46484375 0.021875 0.0171875
1 0.93671875 0.4515625 0.021875 0.0171875
1 0.7046875 0.47421875 0.021875 0.01875
1 0.6953125 0.44921875 0.021875 0.0203125
1 0.27734375 0.46875 0.0234375 0.021875
1 0.234375 0.5109375 0.0234375 0.021875
1 0.3625 0.38203125 0.021875 0.015625
1 0.71328125 0.4609375 0.0203125 0.0171875
1 0.61171875 0.43828125 0.0203125 0.0171875
1 0.48828125 0.35625 0.021875 0.0171875
1 0.3625 0.33203125 0.0203125 0.015625
1 0.32109375 0.878125 0.025 0.025
1 0.12421875 0.8609375 0.0234375 0.0234375
1 0.23046875 0.60234375 0.025 0.021875
1 0.68046875 0.9125 0.0265625 0.021875
1 0.65078125 0.46640625 0.021875 0.0203125
1 0.6765625 0.4671875 0.0234375 0.0203125
1 0.43046875 0.8875 0.0265625 0.028125
1 0.03828125 0.88359375 0.0265625 0.0265625
1 0.1625 0.84375 0.021875 0.015625
1 0.26328125 0.8546875 0.021875 0.015625
1 0.4390625 0.3640625 0.0203125 0.0171875
4 0.0890625 0.3015625 0.09375 0.0890625
1 0.2921875 0.4125 0.0234375 0.01875
1 0.40234375 0.334375 0.0203125 0.015625
1 0.1328125 0.34453125 0.021875 0.0171875
1 0.6484375 0.3890625 0.021875 0.0171875
1 0.8484375 0.48828125 0.021875 0.0171875
1 0.2609375 0.87109375 0.0234375 0.021875
1 0.62578125 0.3671875 0.01875 0.0140625
1 0.409375 0.3609375 0.021875 0.0171875
1 0.90859375 0.4796875 0.021875 0.01875
1 0.44765625 0.36953125 0.021875 0.015625
1 0.88046875 0.36796875 0.0203125 0.0140625
1 0.6125 0.890625 0.0234375 0.0203125
1 0.61796875 0.403125 0.021875 0.0171875
1 0.63828125 0.46328125 0.0234375 0.01875
1 0.56171875 0.5109375 0.025 0.0203125
1 0.58515625 0.890625 0.0234375 0.021875
1 0.621875 0.38515625 0.021875 0.015625
1 0.74765625 0.9859375 0.0359375 0.028125
1 0.92265625 0.46796875 0.021875 0.01875
1 0.51875 0.409375 0.0234375 0.01875
1 0.0875 0.85078125 0.0234375 0.0171875
1 0.61640625 0.4609375 0.021875 0.01875
1 0.60390625 0.4109375 0.021875 0.0171875
1 0.48828125 0.39921875 0.0203125 0.015625
1 0.46875 0.378125 0.021875 0.0171875
1 0.55 0.50234375 0.0234375 0.0203125
1 0.665625 0.32890625 0.0203125 0.0140625
1 0.68125 0.44765625 0.021875 0.0203125
1 0.45703125 0.35 0.01875 0.015625
1 0.55546875 0.47421875 0.0234375 0.0203125
1 0.646875 0.88359375 0.021875 0.01875
1 0.98125 0.6171875 0.0234375 0.0171875
1 0.48203125 0.328125 0.01875 0.015625
1 0.3421875 0.33515625 0.0203125 0.015625
1 0.475 0.39296875 0.0203125 0.0171875
1 0.453125 0.64140625 0.0234375 0.0171875
1 0.6421875 0.6375 0.0265625 0.0265625
1 0.53046875 0.6375 0.0265625 0.028125
1 0.6890625 0.39921875 0.0203125 0.0171875
1 0.59453125 0.4484375 0.021875 0.0171875
1 0.56796875 0.47578125 0.025 0.021875
1 0.53828125 0.4328125 0.025 0.0203125
1 0.5171875 0.5015625 0.021875 0.0203125
1 0.45078125 0.33515625 0.0203125 0.0171875
1 0.72109375 0.4984375 0.01875 0.0125
1 0.596875 0.43203125 0.0203125 0.015625
1 0.36015625 0.3703125 0.0203125 0.0140625
1 0.5875 0.32578125 0.021875 0.015625
1 0.51484375 0.3765625 0.021875 0.0171875
1 0.14609375 0.83515625 0.0203125 0.0171875
1 0.6765625 0.38515625 0.021875 0.0171875
1 0.31328125 0.38359375 0.021875 0.0203125
1 0.503125 0.31875 0.0203125 0.015625
1 0.84140625 0.33359375 0.0203125 0.0140625
1 0.9140625 0.40546875 0.0203125 0.0171875
1 0.20859375 0.59609375 0.025 0.01875
1 0.5125 0.35859375 0.021875 0.0140625
1 0.5140625 0.325 0.0203125 0.0171875
1 0.62578125 0.35234375 0.0203125 0.015625
1 0.2546875 0.61484375 0.025 0.0265625
1 0.5453125 0.3609375 0.0203125 0.0171875
1 0.1359375 0.32734375 0.021875 0.0140625
1 0.17109375 0.8203125 0.0171875 0.0125
1 0.54609375 0.4203125 0.021875 0.0203125
1 0.4125 0.84140625 0.0203125 0.0140625
1 0.56796875 0.49765625 0.0234375 0.015625
1 0.58984375 0.5125 0.025 0.021875
1 0.0359375 0.9140625 0.01875 0.01875
1 0.61171875 0.47421875 0.0234375 0.0171875
1 0.34921875 0.35390625 0.01875 0.015625
1 0.65 0.36640625 0.01875 0.0140625
1 0.3515625 0.31484375 0.0203125 0.0171875
1 0.22890625 0.625 0.021875 0.0125
1 0.55 0.43671875 0.021875 0.0171875
1 0.33203125 0.353125 0.0203125 0.015625
1 0.60546875 0.359375 0.0203125 0.0140625
1 0.3328125 0.33515625 0.0203125 0.0140625
1 0.5609375 0.359375 0.021875 0.015625
1 0.0375 0.3375 0.021875 0.015625
1 0.55859375 0.39921875 0.021875 0.0140625
1 0.50703125 0.390625 0.021875 0.0140625
1 0.40859375 0.31953125 0.01875 0.0140625
1 0.56953125 0.31171875 0.01875 0.0140625
1 0.896875 0.3828125 0.0203125 0.0140625
1 0.55859375 0.34375 0.0203125 0.015625
1 0.5421875 0.4578125 0.0234375 0.0203125
1 0.671875 0.878125 0.01875 0.015625
1 0.9515625 0.56875 0.0171875 0.0140625
1 0.3046875 0.4078125 0.0234375 0.01875
1 0.95390625 0.4171875 0.0203125 0.0171875
1 0.50546875 0.334375 0.0203125 0.0171875
1 0.6953125 0.903125 0.0234375 0.0203125
1 0.8203125 0.33046875 0.01875 0.0140625
1 0.4953125 0.3296875 0.0203125 0.0140625
1 0.86328125 0.334375 0.01875 0.0125
1 0.865625 0.35546875 0.0203125 0.0140625
1 0.56796875 0.41875 0.021875 0.01875
1 0.92578125 0.41328125 0.021875 0.0171875
1 0.9078125 0.3828125 0.0234375 0.015625
1 0.1875 0.27890625 0.0203125 0.015625
1 0.30390625 0.390625 0.0203125 0.0140625
1 0.03125 0.35546875 0.021875 0.0171875
1 0.6734375 0.3671875 0.01875 0.0140625
1 0.59921875 0.37734375 0.021875 0.015625
1 0.44921875 0.31640625 0.0203125 0.0140625
1 0.58671875 0.48203125 0.0234375 0.0203125
1 0.61875 0.35 0.0203125 0.015625
1 0.65703125 0.36640625 0.021875 0.0171875
1 0.04140625 0.903125 0.0234375 0.015625
1 0.1421875 0.81953125 0.01875 0.0125
1 0.12890625 0.3078125 0.01875 0.0125
1 0.68515625 0.86328125 0.0171875 0.0125
1 0.203125 0.82421875 0.01875 0.0125
1 0.446875 0.846875 0.0203125 0.0140625
1 0.50703125 0.40390625 0.0234375 0.015625
1 0.6703125 0.3546875 0.01875 0.0140625
1 0.0453125 0.91640625 0.0203125 0.01875
1 0.56953125 0.4578125 0.0265625 0.0171875
1 0.89609375 0.36875 0.021875 0.015625
1 0.521875 0.4890625 0.021875 0.0171875
1 0.41015625 0.30390625 0.01875 0.0140625
1 0.55859375 0.41171875 0.021875 0.0171875
1 0.38828125 0.3203125 0.0234375 0.015625
1 0.6 0.4765625 0.0234375 0.0203125
1 0.55625 0.45703125 0.0234375 0.0171875
1 0.0375 0.84375 0.0234375 0.01875
1 0.4390625 0.3390625 0.021875 0.0171875
1 0.49921875 0.46171875 0.0171875 0.0125
1 0.95546875 0.45390625 0.021875 0.01875
1 0.5765625 0.9140625 0.01875 0.009375
1 0.42890625 0.31875 0.021875 0.0140625
1 0.57734375 0.325 0.0203125 0.0140625
1 0.55078125 0.30546875 0.0203125 0.0140625
1 0.5828125 0.65390625 0.0203125 0.0125
1 0.19140625 0.5765625 0.0234375 0.0140625
1 0.5296875 0.3828125 0.021875 0.015625
1 0.5390625 0.41015625 0.021875 0.01875
1 0.43828125 0.30546875 0.021875 0.0140625
1 0.4859375 0.303125 0.021875 0.0140625
1 0.55078125 0.34765625 0.0203125 0.015625
1 0.546875 0.38125 0.021875 0.015625
1 0.8578125 0.35078125 0.0203125 0.0140625
1 0.52890625 0.3515625 0.0203125 0.0140625
1 0.9421875 0.415625 0.021875 0.0171875
1 0.1890625 0.821875 0.0203125 0.0125
1 0.44609375 0.3515625 0.0203125 0.0140625
1 0.5421875 0.6 0.0203125 0.0125
1 0.9703125 0.4578125 0.021875 0.015625
1 0.4453125 0.303125 0.0203125 0.0171875
1 0.0265625 0.3375 0.021875 0.0171875
1 0.53359375 0.30625 0.0203125 0.015625
1 0.4859375 0.38515625 0.021875 0.0125
1 0.70625 0.90390625 0.0203125 0.021875
1 0.54375 0.61484375 0.021875 0.0140625
1 0.96640625 0.4125 0.0203125 0.0125
1 0.8484375 0.5046875 0.021875 0.0140625
1 0.4625 0.296875 0.021875 0.015625
1 0.54921875 0.39296875 0.021875 0.015625