4 0.40703125 0.25390625 0.078125 0.0734375
3 0.25078125 0.84375 0.078125 0.0609375
1 0.425 0.60078125 0.03125 0.01875
3 0.7890625 0.8640625 0.06875 0.046875
3 0.884375 0.609375 0.1421875 0.1265625
3 0.83359375 0.27578125 0.0546875 0.0640625
2 0.2515625 0.20390625 0.1046875 0.059375
1 0.34296875 0.434375 0.0265625 0.0140625
0 0.89765625 0.375 0.0296875 0.015625
1 0.3671875 0.4875 0.028125 0.015625
2 0.76796875 0.22265625 0.1125 0.0578125
0 0.165625 0.17421875 0.0296875 0.0171875
1 0.95703125 0.4140625 0.028125 0.0109375
0 0.2453125 0.17578125 0.028125 0.0140625
0 0.88671875 0.1359375 0.03125 0.0171875
0 0.8703125 0.15234375 0.0296875 0.0171875
1 0.29609375 0.8796875 0.0265625 0.0125
1 0.68046875 0.5375 0.0296875 0.015625
0 0.1484375 0.196875 0.03125 0.01875
1 0.45234375 0.5328125 0.0296875 0.0171875
1 0.9109375 0.42734375 0.0265625 0.0125
1 0.8296875 0.46015625 0.028125 0.0140625
1 0.721875 0.48046875 0.028125 0.0140625
1 0.40390625 0.55234375 0.0296875 0.01875
0 0.88125 0.45625 0.0296875 0.0171875
1 0.6484375 0.37890625 0.0265625 0.0109375
1 0.98828125 0.4953125 0.0234375 0.015625
0 0.1203125 0.36875 0.028125 0.0140625
1 0.28125 0.496875 0.028125 0.015625
1 0.4609375 0.5515625 0.0296875 0.015625
0 0.89609375 0.1875 0.03125 0.0203125
1 0.3015625 0.559375 0.028125 0.01875
1 0.65703125 0.40859375 0.0265625 0.0125
1 0.603125 0.4015625 0.0265625 0.0140625
1 0.6359375 0.8984375 0.025 0.0109375
1 0.61015625 0.35703125 0.025 0.009375
1 0.98671875 0.46171875 0.0265625 0.0140625
0 0.87890625 0.1046875 0.0296875 0.01875
1 0.43515625 0.578125 0.0296875 0.0171875
1 0.97890625 0.49765625 0.0296875 0.0171875
1 0.7296875 0.52265625 0.028125 0.0171875
1 0.93828125 0.46796875 0.028125 0.0140625
1 0.73203125 0.4625 0.028125 0.0125
1 0.1703125 0.8671875 0.025 0.0109375
1 0.384375 0.5109375 0.028125 0.0171875
0 0.2328125 0.16953125 0.028125 0.0140625
1 0.2640625 0.5078125 0.028125 0.015625
0 0.1796875 0.11953125 0.0296875 0.01875
1 0.4 0.5265625 0.0296875 0.015625
0 0.83046875 0.1 0.028125 0.0140625
0 0.8453125 0.2 0.025 0.0109375
1 0.23984375 0.87578125 0.0265625 0.0140625
4 0.1 0.4625 0.1328125 0.125
1 0.18984375 0.4078125 0.0265625 0.0125
1 0.86953125 0.93671875 0.0296875 0.0171875
0 0.83828125 0.07265625 0.028125 0.0171875
1 0.16015625 0.353125 0.025 0.0109375
0 0.16328125 0.1453125 0.0296875 0.0171875
1 0.7234375 0.92109375 0.0296875 0.015625
1 0.70078125 0.49296875 0.028125 0.0140625
1 0.7859375 0.94375 0.0328125 0.0234375
1 0.80625 0.9203125 0.0234375 0.0125
0 0.82734375 0.12265625 0.0265625 0.0125
1 0.11875 0.3140625 0.0234375 0.009375
1 0.03671875 0.36015625 0.0265625 0.0125
1 0.34296875 0.578125 0.028125 0.015625
1 0.35390625 0.35859375 0.025 0.0109375
1 0.16171875 0.33515625 0.025 0.009375
0 0.24609375 0.11796875 0.025 0.0109375
1 0.9296875 0.37265625 0.025 0.0109375
1 0.73515625 0.884375 0.025 0.009375
1 0.89921875 0.340625 0.025 0.009375
1 0.50625 0.6453125 0.028125 0.0109375
1 0.0953125 0.87421875 0.0265625 0.0125
0 0.1140625 0.353125 0.0265625 0.015625
1 0.390625 0.2921875 0.025 0.009375
1 0.85234375 0.45546875 0.028125 0.0140625
1 0.06484375 0.359375 0.025 0.009375
0 0.209375 0.178125 0.025 0.0109375
1 0.37890625 0.35234375 0.025 0.0125
1 0.1171875 0.959375 0.0359375 0.0296875
1 0.6921875 0.46953125 0.028125 0.015625
1 0.67109375 0.40390625 0.028125 0.0125
0 0.22421875 0.1484375 0.0265625 0.015625
1 0.8484375 0.48046875 0.028125 0.0140625
0 0.2296875 0.1109375 0.0265625 0.0109375
1 0.45546875 0.59375 0.0296875 0.01875
1 0.309375 0.496875 0.028125 0.0171875
1 0.49140625 0.3671875 0.025 0.0109375
1 0.11953125 0.9234375 0.0328125 0.0234375
1 0.7125 0.521875 0.028125 0.015625
1 0.3796875 0.32734375 0.0234375 0.0109375
1 0.1921875 0.8703125 0.0265625 0.0125
0 0.82421875 0.1484375 0.0265625 0.0109375
1 0.37265625 0.55859375 0.028125 0.0171875
0 0.88046875 0.2609375 0.0296875 0.0171875
1 0.2 0.9375 0.0328125 0.0265625
1 0.696875 0.39140625 0.028125 0.0140625
1 0.625 0.29453125 0.025 0.009375
1 0.98984375 0.428125 0.0203125 0.015625
1 0.73046875 0.9578125 0.0328125 0.01875
1 0.58359375 0.909375 0.0265625 0.009375
1 0.6296875 0.3546875 0.0265625 0.0109375
1 0.01484375 0.38984375 0.028125 0.0125
0 0.90234375 0.25859375 0.03125 0.0171875
4 0.59453125 0.5875 0.1078125 0.1328125
1 0.76484375 0.9875 0.0390625 0.0203125
1 0.17578125 0.37421875 0.025 0.0109375
0 0.13828125 0.32421875 0.028125 0.0125
1 0.315625 0.3703125 0.0265625 0.0109375
1 0.60390625 0.28125 0.0234375 0.009375
1 0.34375 0.384375 0.0265625 0.0109375
1 0.08671875 0.896875 0.0296875 0.0171875
1 0.075 0.3640625 0.0265625 0.0125
0 0.35546875 0.71328125 0.0265625 0.0125
1 0.728125 0.9875 0.0375 0.0203125
0 0.86484375 0.06640625 0.03125 0.0203125
1 0.9875 0.39453125 0.025 0.0109375
1 0.5765625 0.4203125 0.0265625 0.0125
1 0.46953125 0.26640625 0.0234375 0.0078125
1 0.16875 0.3796875 0.0265625 0.0125
0 0.12734375 0.33359375 0.0265625 0.0109375
0 0.21171875 0.14453125 0.028125 0.0078125
1 0.89921875 0.94453125 0.0296875 0.0203125
1 0.359375 0.31875 0.025 0.009375
1 0.70390625 0.4765625 0.028125 0.0125
0 0.23515625 0.14453125 0.0296875 0.015625
0 0.165625 0.21640625 0.028125 0.015625
1 0.503125 0.359375 0.025 0.0109375
1 0.11484375 0.87734375 0.0265625 0.0140625
1 0.63828125 0.29921875 0.025 0.009375
1 0.68046875 0.403125 0.0265625 0.0125
1 0.009375 0.403125 0.01875 0.009375
1 0.47890625 0.62109375 0.0265625 0.009375
0 0.85 0.16953125 0.025 0.0109375
1 0.059375 0.3453125 0.025 0.009375
1 0.9796875 0.3734375 0.025 0.0109375
1 0.14375 0.28125 0.0234375 0.009375
1 0.53203125 0.88203125 0.0234375 0.0078125
0 0.36875 0.77265625 0.028125 0.0171875
0 0.5796875 0.7109375 0.0265625 0.0109375
1 0.95078125 0.37265625 0.028125 0.0125
1 0.10546875 0.27109375 0.025 0.009375
1 0.33125 0.3734375 0.0265625 0.0109375
1 0.08203125 0.91953125 0.03125 0.01875
1 0.49765625 0.87265625 0.0234375 0.00625
1 0.66796875 0.384375 0.025 0.0109375
0 0.3296875 0.759375 0.028125 0.015625
1 0.51015625 0.89296875 0.021875 0.00625
1 0.9390625 0.3609375 0.025 0.009375
0 0.1328125 0.40234375 0.0296875 0.015625
1 0.14375 0.871875 0.0265625 0.0109375
1 0.9375 0.34609375 0.0265625 0.009375
1 0.61328125 0.91171875 0.0265625 0.00625
0 0.784375 0.74609375 0.025 0.0109375
0 0.7859375 0.16953125 0.0265625 0.0140625
0 0.85 0.06484375 0.028125 0.0140625
0 0.1984375 0.72421875 0.0234375 0.0078125
0 0.840625 0.23515625 0.025 0.009375
0 0.80625 0.83046875 0.0234375 0.0109375
1 0.465625 0.5328125 0.0265625 0.0140625
1 0.3421875 0.3453125 0.025 0.009375
0 0.1828125 0.753125 0.025 0.009375
1 0.17109375 0.25703125 0.0234375 0.0078125
1 0.6390625 0.35625 0.025 0.0109375
0 0.75390625 0.2203125 0.025 0.0140625
0 0.2109375 0.09453125 0.0265625 0.0140625
1 0.3578125 0.290625 0.025 0.0109375
1 0.48125 0.64375 0.0265625 0.009375
0 0.3390625 0.80078125 0.028125 0.0171875
1 0.8390625 0.928125 0.03125 0.015625
1 0.49375 0.88359375 0.0234375 0.00625
1 0.76328125 0.9609375 0.028125 0.015625
1 0.91953125 0.315625 0.025 0.0078125
1 0.91171875 0.3046875 0.0234375 0.0078125
1 0.67734375 0.6578125 0.0265625 0.00625
0 0.1671875 0.715625 0.025 0.009375
1 0.33203125 0.3421875 0.0296875 0.0125
1 0.46484375 0.64453125 0.0265625 0.00625
0 0.7921875 0.78203125 0.0234375 0.009375
1 0.6703125 0.278125 0.025 0.0125
1 0.35390625 0.34140625 0.025 0.0078125
1 0.684375 0.33828125 0.025 0.0078125
1 0.1484375 0.84921875 0.025 0.0078125
1 0.68828125 0.35078125 0.025 0.009375
0 0.340625 0.721875 0.0265625 0.0140625
1 0.6515625 0.35390625 0.0265625 0.0125
0 0.2234375 0.70078125 0.0234375 0.0078125
1 0.659375 0.328125 0.025 0.0078125
1 0.51953125 0.53828125 0.0265625 0.015625
1 0.021875 0.9046875 0.0296875 0.01875
1 0.709375 0.35 0.0265625 0.0109375
1 0.6625 0.346875 0.025 0.009375
1 0.6765625 0.38359375 0.0265625 0.0125
1 0.3359375 0.2546875 0.0234375 0.00625
1 0.153125 0.26953125 0.0265625 0.0125
1 0.36015625 0.3015625 0.0265625 0.00625
1 0.04921875 0.896875 0.03125 0.01875
0 0.20546875 0.70390625 0.0234375 0.0078125
1 0.0609375 0.89453125 0.028125 0.0140625
1 0.83046875 0.89765625 0.0234375 0.0078125
1 0.65703125 0.3390625 0.0234375 0.0078125
1 0.6609375 0.36484375 0.028125 0.0109375
1 0.4125 0.86484375 0.021875 0.0078125
1 0.35390625 0.259375 0.0234375 0.009375
1 0.87734375 0.284375 0.025 0.009375
1 0.65234375 0.30234375 0.0265625 0.0140625
1 0.8578125 0.2796875 0.0234375 0.00625
1 0.346875 0.26171875 0.0234375 0.00625
1 0.93984375 0.32421875 0.025 0.009375
1 0.909375 0.29296875 0.025 0.0078125
1 0.6609375 0.31171875 0.0265625 0.009375
1 0.0921875 0.85 0.025 0.0078125
1 0.92265625 0.99140625 0.0359375 0.0125
1 0.8453125 0.88515625 0.0234375 0.0078125
1 0.88984375 0.2859375 0.025 0.0109375
1 0.8515625 0.90625 0.0265625 0.0125
1 0.1921875 0.8421875 0.0234375 0.0078125
1 0.3625 0.25625 0.0265625 0.0078125
1 0.04609375 0.84375 0.025 0.009375
0 0.19765625 0.6984375 0.0234375 0.009375
1 0.1140625 0.2640625 0.025 0.009375
0 0.77421875 0.71640625 0.025 0.0078125
1 0.95390625 0.3453125 0.0265625 0.009375
0 0.2046875 0.13125 0.0265625 0.015625
0 0.2171875 0.1296875 0.0265625 0.0171875
0 0.2244961390625 0.7030733546875 0.22611426093749998 0.6975906046875 0.2033222703125 0.6989492984375001 0.20441638125 0.7036718875 0.2244961390625 0.7030733546875
0 0.24208915156250002 0.7190954671875 0.251133290625 0.712176453125 0.23204017968750001 0.711095659375 0.22805054375 0.717191690625 0.24208915156250002 0.7190954671875
0 0.23734056250000002 0.7021245421875 0.2456914328125 0.6965147828125 0.2276121453125 0.6955117203125 0.221973884375 0.6995221093749999 0.23734056250000002 0.7021245421875