4 0.340625 0.2953125 0.078125 0.078125
4 0.40625 0.3625 0.0828125 0.10625
2 0.23828125 0.21484375 0.0953125 0.065625
3 0.521875 0.32734375 0.0734375 0.0828125
1 0.10859375 0.3671875 0.015625 0.0171875
2 0.753125 0.2109375 0.0953125 0.0546875
1 0.63203125 0.4421875 0.0171875 0.0203125
1 0.0640625 0.32734375 0.0171875 0.0140625
1 0.35625 0.39296875 0.0171875 0.0171875
1 0.73203125 0.503125 0.01875 0.0203125
1 0.90625 0.38359375 0.0171875 0.0171875
1 0.30234375 0.41640625 0.0171875 0.01875
1 0.04296875 0.4171875 0.0171875 0.01875
1 0.934375 0.32734375 0.0171875 0.015625
1 0.4546875 0.37890625 0.0171875 0.01875
1 0.60390625 0.4625 0.01875 0.0203125
1 0.665625 0.51171875 0.0203125 0.0234375
1 0.11328125 0.28828125 0.0140625 0.009375
1 0.15625 0.284375 0.0140625 0.0140625
1 0.66875 0.4 0.01875 0.0171875
1 0.29609375 0.521875 0.0203125 0.021875
1 0.9453125 0.41796875 0.0171875 0.0171875
1 0.6 0.36875 0.0171875 0.0140625
1 0.5625 0.55390625 0.0203125 0.025
1 0.95 0.43125 0.01875 0.0171875
1 0.71328125 0.5296875 0.0203125 0.0234375
1 0.9734375 0.3453125 0.0171875 0.015625
1 0.6453125 0.35546875 0.0171875 0.0171875
1 0.66484375 0.5625 0.0203125 0.0234375
1 0.55234375 0.3875 0.0171875 0.0171875
1 0.7265625 0.5296875 0.0203125 0.0234375
1 0.06875 0.3453125 0.0171875 0.0171875
1 0.903125 0.89296875 0.0171875 0.0171875
3 0.40625 0.8359375 0.0515625 0.0609375
1 0.33671875 0.39921875 0.01875 0.0140625
1 0.92890625 0.4015625 0.01875 0.0203125
1 0.690625 0.4609375 0.01875 0.0203125
1 0.9875 0.43515625 0.0203125 0.0203125
1 0.65 0.48828125 0.01875 0.0203125
3 0.54140625 0.84921875 0.0390625 0.0390625
1 0.48046875 0.49921875 0.0203125 0.0234375
1 0.30703125 0.38125 0.0171875 0.015625
1 0.61484375 0.43671875 0.0171875 0.01875
4 0.2546875 0.58203125 0.0984375 0.1359375
1 0.31796875 0.40546875 0.0171875 0.015625
1 0.65859375 0.325 0.015625 0.0140625
1 0.8125 0.92734375 0.0234375 0.0265625
1 0.3234375 0.5125 0.01875 0.0234375
1 0.6828125 0.41015625 0.01875 0.0140625
1 0.303125 0.396875 0.0171875 0.0171875
1 0.88203125 0.303125 0.01875 0.0171875
1 0.9890625 0.3703125 0.0171875 0.0171875
1 0.3453125 0.3703125 0.0171875 0.01875
1 0.89609375 0.30234375 0.0171875 0.015625
1 0.33671875 0.41953125 0.01875 0.0171875
1 0.8921875 0.27734375 0.015625 0.0140625
1 0.12890625 0.8640625 0.0140625 0.0125
1 0.740625 0.57265625 0.0203125 0.0234375
1 0.1 0.3171875 0.0171875 0.0171875
1 0.78125 0.9203125 0.01875 0.0203125
1 0.5640625 0.38984375 0.0171875 0.0171875
1 0.4015625 0.86796875 0.015625 0.0140625
1 0.0734375 0.91953125 0.0203125 0.0234375
1 0.9046875 0.37890625 0.01875 0.0171875
1 0.390625 0.86640625 0.0140625 0.0140625
1 0.60625 0.55859375 0.0203125 0.021875
1 0.60859375 0.36328125 0.015625 0.0171875
1 0.57734375 0.39609375 0.0171875 0.01875
1 0.6140625 0.51015625 0.0171875 0.0203125
1 0.87109375 0.27109375 0.015625 0.0140625
1 0.615625 0.54296875 0.01875 0.0203125
1 0.13203125 0.271875 0.0140625 0.0140625
1 0.23203125 0.85625 0.0140625 0.0109375
1 0.096875 0.296875 0.015625 0.0140625
1 0.65625 0.3015625 0.0140625 0.0140625
1 0.490625 0.2875 0.0140625 0.0140625
1 0.14375 0.29453125 0.0171875 0.0140625
1 0.7671875 0.92421875 0.021875 0.0265625
1 0.8984375 0.328125 0.0171875 0.015625
1 0.2640625 0.51328125 0.0203125 0.0203125
1 0.5828125 0.37109375 0.0171875 0.015625
1 0.46328125 0.29375 0.0171875 0.0171875
1 0.915625 0.6453125 0.0203125 0.0203125
1 0.66953125 0.6484375 0.0140625 0.0125
1 0.92734375 0.94921875 0.0234375 0.0359375
1 0.70234375 0.4 0.0171875 0.0171875
1 0.4015625 0.284375 0.0140625 0.0140625
1 0.54296875 0.49765625 0.0171875 0.0171875
1 0.70625 0.46015625 0.0171875 0.0203125
1 0.9 0.91796875 0.0203125 0.025
1 0.07890625 0.33515625 0.0171875 0.0171875
1 0.16484375 0.309375 0.0171875 0.015625
1 0.0578125 0.98984375 0.025 0.0203125
1 0.109375 0.87109375 0.0140625 0.0140625
1 0.4859375 0.271875 0.0171875 0.0171875
1 0.15 0.871875 0.0171875 0.0125
1 0.315625 0.3921875 0.0171875 0.0125
1 0.828125 0.26328125 0.0140625 0.0140625
1 0.51875 0.8796875 0.015625 0.0171875
1 0.91171875 0.30234375 0.0171875 0.0140625
1 0.43671875 0.29375 0.0171875 0.0140625
1 0.67265625 0.3796875 0.01875 0.0171875
1 0.7515625 0.53359375 0.0203125 0.0234375
1 0.725 0.6328125 0.01875 0.0140625
1 0.69296875 0.40234375 0.0171875 0.0171875
1 0.3359375 0.38046875 0.0171875 0.0171875
1 0.17421875 0.2828125 0.0171875 0.0140625
1 0.259375 0.51953125 0.0171875 0.0234375
1 0.86640625 0.2609375 0.0140625 0.0140625
1 0.92109375 0.30390625 0.0171875 0.0140625
1 0.4484375 0.28125 0.0171875 0.0171875
1 0.6015625 0.540625 0.01875 0.01875
1 0.42890625 0.278125 0.015625 0.0140625
1 0.578125 0.496875 0.0171875 0.01875
1 0.696875 0.5859375 0.0203125 0.01875
1 0.7078125 0.60703125 0.0203125 0.0203125
1 0.05078125 0.9296875 0.0203125 0.021875
1 0.64765625 0.290625 0.0171875 0.015625
1 0.06328125 0.91328125 0.0140625 0.0140625
1 0.1328125 0.29296875 0.0140625 0.0109375
1 0.32734375 0.64609375 0.0171875 0.0125
1 0.55234375 0.37265625 0.0171875 0.0140625
1 0.1 0.8703125 0.0171875 0.0140625
1 0.84765625 0.25859375 0.0171875 0.0140625
1 0.7015625 0.6078125 0.0203125 0.0234375
1 0.55390625 0.496875 0.015625 0.01875
1 0.625 0.33359375 0.015625 0.0171875
1 0.0859375 0.88125 0.0109375 0.015625
1 0.634375 0.44453125 0.0171875 0.0171875
1 0.5703125 0.50859375 0.01875 0.01875
1 0.15234375 0.88671875 0.0171875 0.0140625
3 0.56171875 0.253125 0.0578125 0.075
1 0.13046875 0.30390625 0.0171875 0.0140625
1 0.89453125 0.2921875 0.0171875 0.0109375
1 0.3359375 0.3484375 0.0171875 0.0140625
3 0.9859375 0.31953125 0.028125 0.0546875
1 0.20390625 0.85625 0.015625 0.0109375