2 0.2109375 0.2390625 0.1046875 0.065625
4 0.378125 0.3015625 0.075 0.078125
3 0.90703125 0.365625 0.103125 0.0984375
3 0.828125 0.82890625 0.0953125 0.0953125
3 0.81640625 0.32109375 0.08125 0.0890625
1 0.38828125 0.4640625 0.0265625 0.01875
1 0.7 0.41953125 0.0265625 0.0171875
1 0.375 0.41640625 0.025 0.0171875
1 0.42734375 0.434375 0.025 0.0171875
1 0.9078125 0.50390625 0.028125 0.0234375
1 0.153125 0.59375 0.025 0.015625
1 0.1734375 0.46953125 0.0265625 0.01875
1 0.8203125 0.40625 0.025 0.0171875
1 0.39609375 0.3421875 0.0234375 0.0140625
1 0.30234375 0.58125 0.028125 0.025
1 0.103125 0.36171875 0.0234375 0.0140625
1 0.48671875 0.590625 0.0296875 0.0234375
1 0.603125 0.8921875 0.028125 0.0234375
1 0.05234375 0.5125 0.028125 0.0203125
1 0.01015625 0.49453125 0.0203125 0.0203125
1 0.31796875 0.484375 0.0265625 0.0203125
1 0.69609375 0.87109375 0.0265625 0.0203125
1 0.62578125 0.4296875 0.025 0.01875
1 0.15546875 0.4453125 0.025 0.0171875
1 0.36015625 0.4375 0.025 0.0171875
0 0.79609375 0.1125 0.0265625 0.0203125
1 0.33125 0.39609375 0.0234375 0.015625
1 0.63125 0.32265625 0.0234375 0.0140625
1 0.42421875 0.45546875 0.025 0.0171875
1 0.31171875 0.43984375 0.025 0.0171875
1 0.58671875 0.44296875 0.0265625 0.0203125
0 0.88203125 0.1625 0.0265625 0.01875
1 0.09375 0.3796875 0.025 0.0171875
1 0.54453125 0.88984375 0.0265625 0.0234375
1 0.68125 0.4390625 0.025 0.0171875
1 0.26171875 0.5671875 0.0296875 0.0234375
1 0.85 0.3671875 0.0234375 0.015625
1 0.32109375 0.42890625 0.025 0.0171875
1 0.38671875 0.3875 0.0234375 0.0140625
1 0.2296875 0.878125 0.0234375 0.015625
1 0.71484375 0.8390625 0.025 0.0140625
1 0.6625 0.390625 0.0234375 0.015625
1 0.375 0.56171875 0.025 0.0171875
1 0.61875 0.3625 0.0234375 0.0140625
1 0.13828125 0.384375 0.0234375 0.015625
1 0.54609375 0.4 0.021875 0.0140625
1 0.953125 0.4890625 0.0234375 0.01875
1 0.3578125 0.35859375 0.0234375 0.015625
1 0.240625 0.57734375 0.028125 0.0234375
1 0.51328125 0.44296875 0.025 0.015625
1 0.63828125 0.38359375 0.0234375 0.0140625
1 0.14375 0.3546875 0.0234375 0.0140625
1 0.521875 0.33984375 0.0234375 0.0140625
1 0.07734375 0.41484375 0.025 0.0171875
1 0.02578125 0.45546875 0.028125 0.0203125
1 0.90234375 0.8421875 0.0265625 0.01875
1 0.390625 0.37421875 0.025 0.0140625
1 0.6265625 0.39609375 0.025 0.015625
1 0.48125 0.4078125 0.025 0.0171875
1 0.05625 0.40625 0.025 0.0171875
1 0.3125 0.5359375 0.028125 0.0234375
1 0.47890625 0.6375 0.028125 0.0234375
1 0.29609375 0.40546875 0.025 0.0171875
1 0.4203125 0.40625 0.025 0.015625
1 0.20390625 0.8921875 0.025 0.0125
1 0.53046875 0.38046875 0.0234375 0.015625
1 0.0046875 0.459375 0.009375 0.015625
1 0.92421875 0.83671875 0.025 0.015625
2 0.73203125 0.209375 0.1140625 0.0609375
1 0.51171875 0.415625 0.0234375 0.0171875
0 0.9078125 0.21484375 0.025 0.0171875
3 0.2546875 0.853125 0.0671875 0.0578125
1 0.153125 0.3421875 0.0234375 0.0125
1 0.6765625 0.3859375 0.025 0.0171875
1 0.3421875 0.359375 0.025 0.015625
1 0.796875 0.56484375 0.0265625 0.015625
1 0.26015625 0.4625 0.0265625 0.01875
1 0.47578125 0.84453125 0.0234375 0.0125
1 0.02265625 0.421875 0.0265625 0.015625
1 0.7109375 0.85859375 0.025 0.0171875
0 0.82109375 0.7359375 0.028125 0.0234375
1 0.12265625 0.340625 0.0234375 0.0140625
1 0.321875 0.33515625 0.021875 0.0140625
1 0.5421875 0.3671875 0.025 0.0140625
1 0.33828125 0.33125 0.0234375 0.0125
1 0.98359375 0.9625 0.0265625 0.009375
1 0.13046875 0.90625 0.025 0.015625
0 0.84921875 0.11796875 0.0265625 0.01875
1 0.24296875 0.66328125 0.025 0.0109375
1 0.43203125 0.3984375 0.025 0.015625
1 0.56796875 0.2984375 0.021875 0.0125
1 0.42421875 0.38984375 0.0234375 0.0140625
0 0.7171875 0.19609375 0.025 0.015625
1 0.490625 0.30625 0.025 0.0140625
1 0.5 0.42578125 0.025 0.0171875
1 0.14765625 0.3234375 0.0234375 0.0125
1 0.0078125 0.4421875 0.015625 0.015625
1 0.13515625 0.3421875 0.0234375 0.0125
1 0.54921875 0.30546875 0.0203125 0.0109375
1 0.31171875 0.3984375 0.025 0.015625
1 0.86015625 0.3390625 0.0234375 0.0140625
0 0.7421875 0.21015625 0.0234375 0.015625
1 0.34765625 0.3453125 0.0234375 0.0125
1 0.05703125 0.4953125 0.0234375 0.0140625
1 0.18984375 0.8734375 0.0234375 0.0140625
1 0.32734375 0.371875 0.0234375 0.0140625
1 0.53671875 0.31796875 0.025 0.0140625
1 0.4375 0.3 0.0234375 0.0125
1 0.76796875 0.82734375 0.0203125 0.0109375
1 0.521875 0.3234375 0.021875 0.0140625
1 0.82578125 0.58515625 0.028125 0.0171875
1 0.04609375 0.390625 0.025 0.0171875
1 0.3109375 0.41640625 0.025 0.015625
1 0.18515625 0.45625 0.025 0.01875
1 0.90546875 0.3109375 0.0234375 0.0125
1 0.56640625 0.3671875 0.021875 0.0109375
1 0.16875 0.44375 0.0265625 0.0203125
1 0.30234375 0.4234375 0.025 0.015625
1 0.928125 0.315625 0.025 0.015625
1 0.20234375 0.86484375 0.021875 0.0109375
1 0.17578125 0.8875 0.0234375 0.0140625
1 0.14765625 0.92421875 0.028125 0.0234375
0 0.78515625 0.08203125 0.0265625 0.01875
1 0.67734375 0.42734375 0.0265625 0.0140625
1 0.9296875 0.94765625 0.0375 0.0421875
1 0.45390625 0.8484375 0.025 0.0125
1 0.62578125 0.371875 0.025 0.0140625
1 0.0484375 0.36640625 0.0234375 0.0140625
1 0.6625 0.89609375 0.0234375 0.009375
1 0.8890625 0.31328125 0.0234375 0.0125
1 0.59453125 0.8453125 0.0203125 0.0109375
1 0.0578125 0.3796875 0.025 0.0125
1 0.0375 0.4015625 0.0234375 0.0140625
1 0.5515625 0.384375 0.021875 0.0125
1 0.578125 0.8421875 0.021875 0.0125
1 0.1 0.33671875 0.021875 0.0125
1 0.4625 0.84453125 0.021875 0.0140625
1 0.53203125 0.296875 0.0234375 0.0125
1 0.07265625 0.67265625 0.0265625 0.0203125
1 0.15859375 0.95 0.028125 0.021875
1 0.21484375 0.8625 0.0234375 0.0109375
1 0.4578125 0.8265625 0.0203125 0.009375
1 0.50703125 0.8453125 0.021875 0.0109375
1 0.78828125 0.82109375 0.0203125 0.0109375
1 0.50859375 0.31328125 0.025 0.0125
1 0.4515625 0.30234375 0.0234375 0.0140625
1 0.07890625 0.33984375 0.0234375 0.0125
1 0.46484375 0.3 0.0234375 0.0140625
1 0.06328125 0.35859375 0.0265625 0.015625
1 0.5578125 0.365625 0.021875 0.0125
1 0.8640625 0.29609375 0.0234375 0.0125
1 0.55625 0.33984375 0.021875 0.0125
1 0.28671875 0.86015625 0.021875 0.0109375
1 0.94453125 0.82578125 0.021875 0.0109375
3 0.6578125 0.28359375 0.05625 0.0546875
1 0.55 0.2921875 0.0234375 0.0125
1 0.58515625 0.8453125 0.0234375 0.0109375
1 0.69765625 0.98046875 0.0359375 0.0140625
1 0.340625 0.3140625 0.0234375 0.0125
1 0.17265625 0.91484375 0.0265625 0.015625
1 0.59453125 0.83203125 0.021875 0.0125
1 0.146875 0.8734375 0.021875 0.0109375
4 0.7546875 0.80546875 0.0546875 0.04375
0 0.77578125 0.9640625 0.0390625 0.0359375
1 0.18125 0.871875 0.0234375 0.0125
1 0.615625 0.84375 0.021875 0.009375
4 0.5984375 0.80859375 0.04375 0.0328125
1 0.2796875 0.38671875 0.0234375 0.0125
1 0.33984375 0.65859375 0.0234375 0.0109375
1 0.02421875 0.40859375 0.0234375 0.0125
1 0.48125 0.825 0.0203125 0.009375