2 0.759375 0.21015625 0.1234375 0.0625
3 0.85546875 0.26328125 0.0984375 0.0703125
2 0.24140625 0.2140625 0.125 0.053125
1 0.046875 0.47421875 0.0453125 0.015625
1 0.3328125 0.42734375 0.04375 0.015625
1 0.2953125 0.5078125 0.04375 0.0171875
1 0.11015625 0.44609375 0.04375 0.0140625
1 0.80390625 0.47890625 0.04375 0.015625
4 0.325 0.859375 0.0921875 0.059375
1 0.6953125 0.46171875 0.04375 0.015625
1 0.98046875 0.475 0.0390625 0.015625
1 0.9328125 0.53203125 0.0453125 0.0171875
1 0.33046875 0.4828125 0.04375 0.0140625
1 0.87109375 0.40234375 0.04375 0.0140625
1 0.721875 0.51171875 0.0453125 0.015625
1 0.80859375 0.59296875 0.046875 0.01875
1 0.809375 0.41640625 0.04375 0.0140625
3 0.2515625 0.86171875 0.1046875 0.0625
1 0.81171875 0.56875 0.046875 0.01875
1 0.3359375 0.58046875 0.0453125 0.01875
1 0.93359375 0.4734375 0.04375 0.0140625
1 0.9453125 0.41640625 0.04375 0.015625
1 0.6421875 0.55234375 0.0453125 0.01875
1 0.67578125 0.36796875 0.0421875 0.0125
1 0.89765625 0.515625 0.0453125 0.01875
1 0.66640625 0.52421875 0.0453125 0.0171875
1 0.8765625 0.4484375 0.04375 0.0140625
1 0.6953125 0.40546875 0.04375 0.0140625
1 0.87421875 0.61484375 0.0453125 0.0140625
3 0.91015625 0.84375 0.0796875 0.0484375
1 0.65390625 0.4203125 0.0421875 0.0140625
1 0.61171875 0.51640625 0.04375 0.01875
1 0.1828125 0.38515625 0.0421875 0.0125
1 0.45546875 0.38203125 0.0421875 0.0125
1 0.278125 0.49453125 0.0453125 0.015625
1 0.8890625 0.37734375 0.0421875 0.0140625
1 0.79296875 0.4296875 0.04375 0.015625
1 0.928125 0.4203125 0.04375 0.0140625
1 0.34375 0.3734375 0.0421875 0.0125
1 0.97265625 0.4734375 0.04375 0.015625
3 0.178125 0.3203125 0.06875 0.0546875
1 0.453125 0.45390625 0.0421875 0.0109375
1 0.30390625 0.4453125 0.04375 0.0140625
1 0.3 0.90546875 0.04375 0.0125
1 0.86328125 0.94609375 0.05 0.0265625
1 0.95390625 0.47734375 0.04375 0.015625
1 0.8796875 0.47578125 0.04375 0.0140625
1 0.36953125 0.33671875 0.0421875 0.0125
1 0.35234375 0.8984375 0.0484375 0.01875
1 0.34375 0.56328125 0.0453125 0.01875
1 0.0640625 0.39453125 0.04375 0.0140625
1 0.90703125 0.3796875 0.0421875 0.0125
1 0.315625 0.459375 0.04375 0.015625
1 0.8265625 0.953125 0.05 0.028125
4 0.05859375 0.55625 0.1171875 0.128125
1 0.69140625 0.4375 0.04375 0.0140625
1 0.28828125 0.45546875 0.04375 0.0140625
1 0.84375 0.4890625 0.0421875 0.0125
1 0.6078125 0.3671875 0.040625 0.0125
1 0.30703125 0.396875 0.0421875 0.0125
1 0.0234375 0.41640625 0.0453125 0.015625
1 0.01484375 0.396875 0.0296875 0.015625
1 0.08984375 0.4484375 0.04375 0.0140625
1 0.73828125 0.5328125 0.0453125 0.015625
4 0.42734375 0.5296875 0.1390625 0.1125
1 0.86484375 0.36875 0.0421875 0.0125
1 0.1203125 0.5453125 0.0453125 0.01875
1 0.8765625 0.9203125 0.046875 0.0203125
1 0.61640625 0.89609375 0.04375 0.0125
1 0.4171875 0.33125 0.040625 0.0109375
1 0.9828125 0.4515625 0.034375 0.015625
1 0.375 0.42578125 0.0453125 0.015625
1 0.4359375 0.4234375 0.04375 0.015625
1 0.8359375 0.41171875 0.04375 0.0140625
1 0.7484375 0.54921875 0.0453125 0.0171875
1 0.89765625 0.9125 0.0453125 0.01875
1 0.65 0.3703125 0.0421875 0.0140625
1 0.0734375 0.359375 0.04375 0.015625
1 0.93125 0.38515625 0.0421875 0.0109375
1 0.640625 0.9 0.04375 0.009375
1 0.653125 0.275 0.040625 0.0109375
1 0.4 0.41015625 0.04375 0.0140625
1 0.66953125 0.32265625 0.0421875 0.0125
1 0.48671875 0.33984375 0.0421875 0.0125
1 0.403125 0.34609375 0.0421875 0.0109375
1 0.6 0.37890625 0.0421875 0.0125
1 0.7765625 0.49609375 0.04375 0.015625
4 0.13984375 0.93203125 0.18125 0.1328125
1 0.32265625 0.89453125 0.0453125 0.0171875
1 0.84921875 0.60625 0.046875 0.0203125
1 0.1234375 0.409375 0.04375 0.0140625
1 0.76640625 0.89140625 0.04375 0.015625
1 0.925 0.45625 0.04375 0.0140625
1 0.7515625 0.878125 0.0421875 0.0125
1 0.45390625 0.340625 0.040625 0.0109375
1 0.64609375 0.3046875 0.0421875 0.0109375
1 0.734375 0.4890625 0.04375 0.009375
1 0.43828125 0.325 0.040625 0.0109375
1 0.465625 0.61953125 0.0421875 0.0109375
1 0.703125 0.89921875 0.04375 0.0109375
1 0.39140625 0.3890625 0.0421875 0.0140625
1 0.3046875 0.38125 0.04375 0.0125
1 0.9046875 0.2875 0.0421875 0.0109375
1 0.3421875 0.39140625 0.04375 0.0140625
1 0.846875 0.365625 0.0421875 0.0125
1 0.940625 0.3875 0.0421875 0.0125
1 0.46484375 0.28828125 0.0421875 0.0109375
1 0.09375 0.29609375 0.040625 0.009375
1 0.41796875 0.4046875 0.04375 0.0140625
1 0.3640625 0.42265625 0.0421875 0.0140625
1 0.44609375 0.37421875 0.0421875 0.0125
1 0.384375 0.34609375 0.04375 0.0109375
0 0.18515625 0.16796875 0.040625 0.0125
1 0.63046875 0.29375 0.0421875 0.0109375
1 0.321875 0.378125 0.0421875 0.0140625
1 0.1515625 0.30625 0.040625 0.0109375
1 0.83515625 0.9265625 0.046875 0.0203125
0 0.16171875 0.15078125 0.0421875 0.0109375
1 0.296875 0.33515625 0.0421875 0.0125
1 0.82734375 0.8875 0.04375 0.0140625
1 0.534375 0.25859375 0.040625 0.009375
1 0.31484375 0.3578125 0.0421875 0.0140625
0 0.21484375 0.7765625 0.040625 0.0109375
1 0.79140625 0.9453125 0.0515625 0.025
1 0.8125 0.3703125 0.0421875 0.0125
1 0.37421875 0.275 0.040625 0.0109375
1 0.92421875 0.3203125 0.0421875 0.0125
1 0.840625 0.9015625 0.04375 0.015625
0 0.23359375 0.7609375 0.0390625 0.009375
1 0.90078125 0.3671875 0.0421875 0.009375
1 0.1125 0.30234375 0.040625 0.009375
1 0.3359375 0.33046875 0.0421875 0.0109375
1 0.82734375 0.3703125 0.0421875 0.0125
1 0.28671875 0.434375 0.0421875 0.009375
0 0.20546875 0.15546875 0.0421875 0.0109375
1 0.3359375 0.30234375 0.0421875 0.0109375
1 0.659375 0.884375 0.0421875 0.015625
1 0.2296875 0.98125 0.046875 0.0265625
1 0.81171875 0.903125 0.0453125 0.0171875
1 0.4 0.36171875 0.0421875 0.0125
1 0.10859375 0.26796875 0.040625 0.0109375
1 0.4015625 0.39296875 0.0421875 0.0125
1 0.3328125 0.465625 0.04375 0.0125
1 0.76796875 0.87734375 0.0421875 0.009375
1 0.98828125 0.43515625 0.0234375 0.0109375
0 0.20625 0.13203125 0.0421875 0.0140625
1 0.559375 0.8703125 0.040625 0.0109375
1 0.06796875 0.31171875 0.0421875 0.0109375
1 0.5875 0.86796875 0.0421875 0.0125
1 0.7359375 0.50234375 0.0453125 0.0125
1 0.86796875 0.98203125 0.053125 0.0203125
1 0.81875 0.2640625 0.0390625 0.0078125
1 0.94609375 0.36640625 0.04375 0.0125
1 0.0609375 0.35234375 0.04375 0.0109375
1 0.0953125 0.27890625 0.0421875 0.0078125
1 0.51484375 0.25859375 0.040625 0.0109375
1 0.665625 0.9 0.04375 0.009375
1 0.9375 0.3203125 0.0390625 0.009375
1 0.3234375 0.33671875 0.0421875 0.0109375
1 0.71953125 0.8890625 0.04375 0.0140625
1 0.38671875 0.48359375 0.04375 0.0125
1 0.0203125 0.37265625 0.040625 0.0109375
1 0.1421875 0.27421875 0.0453125 0.0109375
1 0.9578125 0.3765625 0.04375 0.0125
1 0.79609375 0.88046875 0.0421875 0.0125
1 0.13359375 0.271875 0.0421875 0.009375
1 0.86875 0.8578125 0.0390625 0.0078125
1 0.01015625 0.38203125 0.0203125 0.0109375
0 0.16796875 0.12890625 0.04375 0.0125
1 0.11875 0.28046875 0.0421875 0.009375
1 0.68828125 0.8859375 0.0421875 0.0140625
1 0.746875 0.93046875 0.046875 0.021875
0 0.22265625 0.7234375 0.040625 0.0109375
1 0.90625 0.88671875 0.04375 0.0140625
1 0.32734375 0.3234375 0.040625 0.009375
1 0.61953125 0.28046875 0.04375 0.0109375
1 0.65546875 0.9 0.04375 0.009375
1 0.59609375 0.25703125 0.0421875 0.009375
1 0.60546875 0.8546875 0.040625 0.0078125
0 0.19609375 0.759375 0.040625 0.0109375
1 0.05546875 0.32734375 0.04375 0.0109375
1 0.7703125 0.9296875 0.046875 0.0203125
1 0.3296875 0.3734375 0.0421875 0.0125
0 0.240625 0.78203125 0.04375 0.0125
1 0.78359375 0.85234375 0.0390625 0.0078125
1 0.04375 0.33515625 0.0421875 0.0109375
1 0.85859375 0.89296875 0.04375 0.0171875
1 0.0359375 0.99453125 0.0515625 0.0078125
1 0.9046875 0.93671875 0.04375 0.0125
1 0.87109375 0.89375 0.0453125 0.015625
1 0.70234375 0.3671875 0.040625 0.0109375
1 0.62421875 0.26015625 0.0421875 0.0109375
1 0.15703125 0.2859375 0.040625 0.0078125
1 0.040625 0.35 0.0390625 0.0078125
0 0.68046875 0.9859375 0.053125 0.0171875
1 0.26953125 0.959375 0.04375 0.0125
1 0.4140625 0.384375 0.0421875 0.009375
1 0.02890625 0.659375 0.040625 0.009375
1 0.9875 0.421875 0.025 0.009375
1 0.56875 0.871875 0.04375 0.009375
1 0.0234375 0.403125 0.0453125 0.0078125
1 0.559375 0.84375 0.0390625 0.00625
1 0.925 0.903125 0.04375 0.0140625
1 0.58984375 0.84453125 0.0421875 0.00625
1 0.81015625 0.88203125 0.0421875 0.0125