2 0.74296875 0.19765625 0.1109375 0.06875
4 0.659375 0.36171875 0.1 0.1109375
4 0.44375 0.2609375 0.09375 0.084375
1 0.57421875 0.56171875 0.0328125 0.0234375
1 0.37109375 0.45625 0.03125 0.0203125
1 0.6375 0.58359375 0.034375 0.0265625
1 0.86796875 0.39609375 0.0296875 0.0203125
1 0.6484375 0.47109375 0.03125 0.021875
1 0.07734375 0.46015625 0.0296875 0.0171875
1 0.3546875 0.5203125 0.0328125 0.0234375
1 0.83515625 0.4203125 0.0296875 0.0203125
1 0.0515625 0.4875 0.03125 0.0203125
1 0.43984375 0.4 0.0296875 0.01875
1 0.728125 0.5265625 0.03125 0.0203125
1 0.6453125 0.4921875 0.03125 0.021875
1 0.9859375 0.446875 0.028125 0.021875
1 0.61484375 0.5625 0.0328125 0.025
1 0.25234375 0.96171875 0.0375 0.03125
2 0.221875 0.23046875 0.1171875 0.0625
1 0.47578125 0.41875 0.0296875 0.01875
1 0.36796875 0.43125 0.0296875 0.0171875
1 0.625 0.6 0.0328125 0.025
1 0.38828125 0.40625 0.0296875 0.0203125
1 0.034375 0.42734375 0.03125 0.01875
1 0.0640625 0.42109375 0.03125 0.01875
1 0.68984375 0.47109375 0.03125 0.021875
1 0.4546875 0.48046875 0.03125 0.0203125
1 0.4109375 0.3296875 0.028125 0.0171875
1 0.13046875 0.47578125 0.03125 0.0203125
1 0.0515625 0.44609375 0.03125 0.021875
1 0.4734375 0.39296875 0.0296875 0.01875
1 0.146875 0.3640625 0.028125 0.015625
1 0.6125 0.46484375 0.0296875 0.021875
1 0.07734375 0.42421875 0.03125 0.0171875
1 0.3390625 0.45625 0.0296875 0.01875
1 0.29140625 0.41640625 0.03125 0.0203125
1 0.1203125 0.34375 0.028125 0.0140625
1 0.678125 0.5328125 0.03125 0.021875
1 0.59609375 0.43984375 0.03125 0.0203125
1 0.28046875 0.4734375 0.03125 0.01875
1 0.13515625 0.96328125 0.0359375 0.0296875
1 0.34296875 0.5390625 0.03125 0.0203125
1 0.16171875 0.34140625 0.028125 0.0140625
1 0.01171875 0.40546875 0.0234375 0.0171875
1 0.28125 0.43984375 0.0296875 0.01875
1 0.69453125 0.5421875 0.03125 0.01875
1 0.33671875 0.51875 0.03125 0.0203125
1 0.78671875 0.40234375 0.025 0.015625
1 0.34609375 0.5 0.0328125 0.021875
1 0.55625 0.5953125 0.0328125 0.0265625
1 0.01953125 0.45234375 0.03125 0.01875
1 0.28828125 0.9375 0.0390625 0.028125
1 0.00703125 0.4921875 0.0140625 0.01875
1 0.94375 0.365625 0.03125 0.0171875
1 0.65 0.29375 0.0296875 0.015625
1 0.18203125 0.44140625 0.0296875 0.0203125
1 0.6859375 0.6015625 0.0328125 0.0234375
1 0.53515625 0.384375 0.0296875 0.01875
1 0.49453125 0.40703125 0.0296875 0.01875
1 0.35 0.396875 0.03125 0.01875
1 0.275 0.49296875 0.03125 0.0203125
1 0.103125 0.36484375 0.0296875 0.01875
1 0.40390625 0.90859375 0.03125 0.0171875
1 0.9796875 0.88671875 0.0328125 0.0234375
1 0.5578125 0.3234375 0.0296875 0.0171875
1 0.28125 0.45546875 0.03125 0.0171875
1 0.54375 0.2703125 0.028125 0.015625
1 0.2921875 0.44296875 0.03125 0.01875
1 0.2578125 0.90234375 0.0296875 0.0171875
1 0.41015625 0.35859375 0.0296875 0.0171875
1 0.98515625 0.95078125 0.0296875 0.0234375
1 0.49296875 0.33984375 0.028125 0.015625
1 0.059375 0.4640625 0.03125 0.01875
1 0.37734375 0.90078125 0.0296875 0.01875
1 0.33203125 0.44453125 0.0296875 0.0171875
1 0.825 0.30078125 0.028125 0.015625
1 0.3921875 0.3296875 0.028125 0.0171875
1 0.6375 0.25703125 0.0265625 0.0140625
1 0.396875 0.45703125 0.0296875 0.0203125
1 0.18359375 0.371875 0.028125 0.015625
1 0.44609375 0.43046875 0.0296875 0.01875
1 0.69453125 0.559375 0.03125 0.021875
1 0.37578125 0.35546875 0.028125 0.0171875
1 0.0828125 0.39921875 0.0296875 0.015625
1 0.90390625 0.33203125 0.0296875 0.01875
1 0.31875 0.90078125 0.0296875 0.0203125
1 0.2265625 0.6671875 0.03125 0.0171875
1 0.04453125 0.3734375 0.0296875 0.0171875
1 0.44296875 0.29765625 0.028125 0.015625
1 0.3953125 0.38359375 0.028125 0.015625
1 0.59296875 0.32734375 0.028125 0.015625
1 0.92421875 0.31328125 0.028125 0.0140625
1 0.05546875 0.3765625 0.0296875 0.0171875
1 0.296875 0.47421875 0.03125 0.0203125
1 0.38984375 0.36328125 0.0296875 0.0171875
1 0.553125 0.34453125 0.028125 0.0171875
1 0.5703125 0.33203125 0.028125 0.0171875
1 0.34140625 0.8984375 0.0296875 0.01875
1 0.9328125 0.328125 0.028125 0.015625
1 0.39296875 0.275 0.0265625 0.0140625
1 0.13828125 0.65625 0.0328125 0.0171875
1 0.52578125 0.3859375 0.0296875 0.01875
1 0.1140625 0.32265625 0.028125 0.015625
1 0.09140625 0.35234375 0.0296875 0.015625
1 0.071875 0.40859375 0.0296875 0.015625
1 0.95234375 0.884375 0.03125 0.021875
1 0.13359375 0.92109375 0.0296875 0.01875
1 0.37421875 0.33203125 0.028125 0.0171875
1 0.45234375 0.3734375 0.0296875 0.0171875
1 0.246875 0.934375 0.0328125 0.0234375
0 0.20546875 0.2390625 0.03125 0.01875
1 0.5453125 0.90234375 0.028125 0.0140625
1 0.821875 0.253125 0.0296875 0.015625
1 0.08359375 0.32109375 0.028125 0.015625
1 0.30078125 0.43359375 0.0296875 0.0171875
1 0.1609375 0.91328125 0.0296875 0.01875
1 0.6125 0.259375 0.0265625 0.0140625
1 0.946875 0.353125 0.0296875 0.0140625
1 0.17734375 0.9046875 0.028125 0.015625
1 0.49765625 0.278125 0.028125 0.0140625
1 0.61640625 0.340625 0.028125 0.0171875
1 0.28046875 0.34140625 0.0296875 0.0171875
1 0.20859375 0.940625 0.0328125 0.025
1 0.47734375 0.2828125 0.03125 0.0171875
1 0.9203125 0.853125 0.028125 0.0140625
1 0.603125 0.33671875 0.028125 0.015625
1 0.41796875 0.38046875 0.03125 0.0171875
1 0.96171875 0.33203125 0.0296875 0.01875
1 0.98203125 0.3421875 0.03125 0.01875
1 0.353125 0.43203125 0.0296875 0.01875
1 0.290625 0.30546875 0.028125 0.015625
1 0.80390625 0.2796875 0.028125 0.015625
1 0.08359375 0.446875 0.0296875 0.01875
1 0.25546875 0.9234375 0.0328125 0.0234375
1 0.68515625 0.63203125 0.0328125 0.015625
1 0.0671875 0.4515625 0.0296875 0.015625
1 0.34375 0.43125 0.03125 0.0171875
1 0.07421875 0.3421875 0.0296875 0.015625
1 0.38515625 0.3890625 0.0296875 0.0171875
1 0.38203125 0.265625 0.028125 0.0125
1 0.89765625 0.31640625 0.0296875 0.015625
1 0.275 0.8953125 0.0296875 0.0171875
1 0.096875 0.309375 0.028125 0.015625
1 0.94765625 0.9140625 0.03125 0.015625
1 0.88515625 0.2625 0.028125 0.015625
1 0.6 0.259375 0.0265625 0.0125
1 0.0125 0.6359375 0.025 0.025
1 0.27578125 0.321875 0.028125 0.0171875
1 0.3875 0.34609375 0.0296875 0.015625
1 0.290625 0.35859375 0.028125 0.0171875
1 0.1140625 0.30390625 0.028125 0.015625
1 0.06015625 0.34453125 0.0296875 0.015625
1 0.12734375 0.32109375 0.0296875 0.0140625
1 0.96796875 0.89375 0.034375 0.0265625
1 0.265625 0.8828125 0.025 0.0125
1 0.203125 0.90625 0.0296875 0.0171875
1 0.21875 0.9125 0.0296875 0.015625
1 0.38203125 0.37265625 0.028125 0.015625
1 0.32265625 0.4171875 0.03125 0.0203125
1 0.065625 0.3234375 0.028125 0.0140625
1 0.3828125 0.32265625 0.0265625 0.0125
1 0.8765625 0.25859375 0.0296875 0.0203125
1 0.56484375 0.25234375 0.028125 0.0140625
1 0.3421875 0.4125 0.0296875 0.0171875
1 0.9125 0.86640625 0.028125 0.0140625
1 0.1078125 0.61875 0.03125 0.021875
1 0.86171875 0.246875 0.0265625 0.0140625
1 0.61328125 0.325 0.0296875 0.015625
1 0.92421875 0.8671875 0.0296875 0.0171875
1 0.95625 0.95234375 0.028125 0.015625
1 0.03125 0.3625 0.028125 0.0140625
1 0.1421875 0.3 0.028125 0.015625
1 0.1984375 0.88671875 0.0265625 0.0125
1 0.9921875 0.9328125 0.015625 0.034375
1 0.9734375 0.85859375 0.0296875 0.0203125
1 0.58515625 0.2578125 0.0296875 0.0140625
1 0.17421875 0.28046875 0.028125 0.0140625
1 0.86875 0.846875 0.028125 0.015625
1 0.04453125 0.34375 0.0296875 0.0171875
1 0.97109375 0.91328125 0.03125 0.0140625
1 0.10625 0.30703125 0.0296875 0.015625
1 0.94375 0.85703125 0.028125 0.0171875
1 0.91484375 0.83671875 0.025 0.0125
1 0.2078125 0.86875 0.0296875 0.0171875
3 0.43515625 0.5828125 0.1140625 0.14375
1 0.4796875 0.26640625 0.0296875 0.0140625
1 0.37734375 0.3875 0.0296875 0.015625
1 0.89296875 0.8328125 0.025 0.0125
1 0.2328125 0.9296875 0.034375 0.025
1 0.4078125 0.26328125 0.028125 0.0140625
1 0.2015625 0.925 0.028125 0.0171875
1 0.92578125 0.29921875 0.0296875 0.0140625
3 0.0109375 0.33671875 0.021875 0.0984375
1 0.57109375 0.3203125 0.028125 0.0140625
1 0.578125 0.8515625 0.025 0.0109375
1 0.36796875 0.86953125 0.025 0.0125
1 0.9484375 0.9390625 0.028125 0.0140625
1 0.49296875 0.99453125 0.0328125 0.0109375
1 0.9546875 0.31484375 0.028125 0.0125
1 0.36015625 0.4109375 0.0296875 0.0171875
3 0.3296875 0.3671875 0.0890625 0.0953125