4 0.13125 0.27734375 0.0859375 0.0875
0 0.25 0.21484375 0.0203125 0.0140625
3 0.725 0.890625 0.096875 0.0875
0 0.2671875 0.21015625 0.025 0.0125
3 0.89453125 0.38828125 0.103125 0.1
0 0.9 0.2359375 0.028125 0.0203125
0 0.91171875 0.20859375 0.025 0.01875
0 0.79765625 0.203125 0.0234375 0.0171875
0 0.91640625 0.228125 0.028125 0.021875
0 0.9109375 0.17578125 0.0265625 0.021875
0 0.2796875 0.19296875 0.0203125 0.009375
0 0.86640625 0.05 0.028125 0.021875
0 0.20703125 0.1078125 0.0265625 0.0171875
0 0.759375 0.20625 0.021875 0.0109375
0 0.8921875 0.19921875 0.0265625 0.021875
0 0.75078125 0.1875 0.0234375 0.0140625
0 0.22421875 0.16484375 0.025 0.0171875
0 0.865625 0.078125 0.025 0.0125
0 0.75859375 0.2421875 0.0203125 0.0109375
1 0.3125 0.40546875 0.0234375 0.015625
0 0.16953125 0.0765625 0.0265625 0.0203125
0 0.18046875 0.0296875 0.0265625 0.01875
0 0.89296875 0.16796875 0.0265625 0.0203125
0 0.88203125 0.26171875 0.0234375 0.0125
4 0.31875 0.85390625 0.084375 0.0953125
0 0.2203125 0.1125 0.0265625 0.0171875
0 0.1625 0.1046875 0.025 0.015625
0 0.86328125 0.134375 0.0265625 0.021875
0 0.171875 0.21015625 0.0234375 0.015625
0 0.33671875 0.784375 0.0234375 0.015625
0 0.59140625 0.71484375 0.0234375 0.0140625
1 0.3171875 0.503125 0.0265625 0.015625
0 0.8921875 0.1359375 0.0265625 0.0203125
0 0.8796875 0.0875 0.0265625 0.01875
1 0.57109375 0.46953125 0.0234375 0.015625
0 0.884375 0.2671875 0.0234375 0.015625
4 0.15546875 0.41953125 0.1140625 0.1046875
1 0.98828125 0.45390625 0.0234375 0.0140625
0 0.84140625 0.09921875 0.025 0.0171875
1 0.60078125 0.38984375 0.0234375 0.0125
1 0.09375 0.27734375 0.021875 0.0109375
1 0.71015625 0.44453125 0.0234375 0.0125
0 0.1390625 0.8046875 0.0265625 0.0203125
1 0.67109375 0.4125 0.021875 0.0140625
1 0.3328125 0.5046875 0.0265625 0.0140625
1 0.43359375 0.46015625 0.0234375 0.0171875
1 0.7 0.44296875 0.0234375 0.0140625
0 0.2203125 0.12578125 0.028125 0.025
1 0.23359375 0.55859375 0.028125 0.0203125
1 0.60078125 0.61015625 0.0296875 0.0234375
0 0.21640625 0.06328125 0.025 0.0171875
0 0.2734375 0.21171875 0.0234375 0.0140625
1 0.2125 0.55703125 0.0265625 0.0203125
1 0.47578125 0.39375 0.0234375 0.0140625
1 0.4390625 0.378125 0.0234375 0.0140625
0 0.83359375 0.12421875 0.0234375 0.0171875
0 0.50859375 0.778125 0.0296875 0.0328125
0 0.80703125 0.14453125 0.0234375 0.009375
1 0.64765625 0.41171875 0.021875 0.0140625
0 0.89765625 0.08828125 0.0265625 0.01875
1 0.4484375 0.27578125 0.0203125 0.0109375
1 0.43203125 0.32578125 0.021875 0.009375
1 0.203125 0.3515625 0.021875 0.0109375
1 0.5609375 0.38515625 0.021875 0.0140625
1 0.68359375 0.33046875 0.0203125 0.0125
1 0.6796875 0.36328125 0.021875 0.0109375
1 0.384375 0.44296875 0.0234375 0.015625
0 0.94375 0.290625 0.021875 0.0109375
1 0.90390625 0.96328125 0.0296875 0.025
0 0.165625 0.10625 0.0265625 0.01875
0 0.21953125 0.06796875 0.0234375 0.015625
1 0.271875 0.52734375 0.0265625 0.0171875
1 0.11953125 0.35 0.0234375 0.0125
0 0.30625 0.19921875 0.0234375 0.0109375
1 0.3796875 0.31875 0.0203125 0.009375
1 0.2953125 0.50625 0.025 0.0171875
0 0.2796875 0.1671875 0.021875 0.0125
1 0.46953125 0.353125 0.0234375 0.0125
1 0.66015625 0.315625 0.021875 0.0109375
1 0.44765625 0.30078125 0.0203125 0.009375
1 0.5015625 0.5 0.025 0.01875
1 0.42421875 0.90078125 0.0234375 0.009375
1 0.38125 0.33671875 0.0234375 0.0125
1 0.33125 0.42734375 0.0234375 0.015625
1 0.70625 0.5609375 0.0265625 0.0203125
1 0.3234375 0.48515625 0.025 0.015625
1 0.61328125 0.909375 0.0234375 0.0140625
0 0.71171875 0.7765625 0.0234375 0.015625
1 0.603125 0.365625 0.0234375 0.0125
1 0.94375 0.4140625 0.0234375 0.0125
1 0.484375 0.43125 0.0234375 0.015625
1 0.58125 0.28046875 0.0203125 0.009375
1 0.33671875 0.53984375 0.0265625 0.01875
1 0.51171875 0.43984375 0.0234375 0.0125
1 0.36640625 0.5 0.025 0.0171875
1 0.29765625 0.446875 0.0234375 0.0140625
1 0.3921875 0.284375 0.0234375 0.009375
1 0.375 0.478125 0.025 0.0171875
0 0.7046875 0.7921875 0.025 0.0171875
1 0.084375 0.31640625 0.021875 0.0125
1 0.80234375 0.95859375 0.03125 0.0265625
4 0.17265625 0.8875 0.175 0.159375
3 0.92109375 0.56328125 0.1578125 0.1515625