3 0.4640625 0.35078125 0.05390625 0.0765625
1 0.10625 0.453125 0.009375 0.01796875
3 0.3828125 0.34765625 0.0671875 0.08046875
1 0.35390625 0.4796875 0.0109375 0.01875
1 0.39453125 0.38359375 0.009375 0.01484375
1 0.28984375 0.48984375 0.01015625 0.01484375
1 0.64609375 0.3828125 0.009375 0.01484375
1 0.0453125 0.41875 0.01015625 0.0171875
1 0.928125 0.33828125 0.0078125 0.0140625
1 0.0046875 0.4640625 0.00859375 0.01796875
1 0.296875 0.440625 0.009375 0.01796875
2 0.76875 0.21875 0.0875 0.05859375
1 0.74296875 0.56640625 0.01328125 0.0234375
1 0.43984375 0.5421875 0.0125 0.02265625
1 0.37734375 0.578125 0.0140625 0.0234375
1 0.625 0.38359375 0.01015625 0.0140625
1 0.11953125 0.44296875 0.009375 0.0171875
1 0.84609375 0.91484375 0.01484375 0.02578125
1 0.06015625 0.42109375 0.009375 0.0171875
1 0.38671875 0.4921875 0.0109375 0.0203125
1 0.05 0.92578125 0.015625 0.0296875
4 0.734375 0.49296875 0.06171875 0.084375
1 0.9484375 0.915625 0.01328125 0.02578125
1 0.1640625 0.88125 0.01015625 0.0171875
1 0.3453125 0.3921875 0.00859375 0.01484375
1 0.128125 0.64453125 0.0140625 0.0171875
1 0.9859375 0.4078125 0.01171875 0.0171875
1 0.64921875 0.5703125 0.01328125 0.025
1 0.8140625 0.865625 0.00859375 0.009375
1 0.371875 0.496875 0.01171875 0.0203125
1 0.5328125 0.371875 0.00703125 0.01328125
1 0.64453125 0.3453125 0.00703125 0.0140625
3 0.4265625 0.82109375 0.0390625 0.04296875
1 0.815625 0.86484375 0.0078125 0.01484375
1 0.3921875 0.46953125 0.0109375 0.01796875
2 0.24765625 0.22734375 0.0890625 0.04296875
1 0.61640625 0.3390625 0.00859375 0.01171875
1 0.1 0.4296875 0.009375 0.015625
1 0.559375 0.490625 0.0078125 0.01484375
1 0.65390625 0.40703125 0.009375 0.01328125
1 0.61796875 0.55078125 0.0125 0.02265625
1 0.403125 0.4703125 0.01015625 0.01796875
1 0.60625 0.51796875 0.01171875 0.02109375
1 0.1765625 0.90625 0.01328125 0.02578125
1 0.69609375 0.38515625 0.009375 0.015625
1 0.653125 0.51640625 0.0125 0.0203125
1 0.08125 0.87578125 0.00859375 0.01796875
1 0.67578125 0.371875 0.00859375 0.01328125
1 0.646875 0.63359375 0.01328125 0.01796875
1 0.22890625 0.8453125 0.00703125 0.0109375
1 0.65859375 0.44375 0.00859375 0.0140625
1 0.140625 0.88046875 0.0109375 0.01796875
1 0.065625 0.38359375 0.009375 0.0140625
4 0.54140625 0.32734375 0.05078125 0.0734375
1 0.88828125 0.3359375 0.00703125 0.0109375
1 0.671875 0.54453125 0.0140625 0.0203125
1 0.48671875 0.384375 0.00859375 0.0125
1 0.89609375 0.35546875 0.00703125 0.0125
1 0.82109375 0.84296875 0.00546875 0.0109375
1 0.8984375 0.9109375 0.0140625 0.02421875
1 0.11015625 0.3296875 0.00703125 0.01328125
1 0.59375 0.53984375 0.00703125 0.0125
1 0.290625 0.890625 0.0140625 0.02421875
1 0.2953125 0.4890625 0.00859375 0.0109375
1 0.625 0.33984375 0.009375 0.0109375
1 0.99140625 0.61484375 0.01484375 0.02109375
1 0.63515625 0.48828125 0.0109375 0.01796875
1 0.9796875 0.3640625 0.009375 0.0140625
1 0.3234375 0.8640625 0.0078125 0.0140625
1 0.90234375 0.359375 0.00859375 0.01484375
1 0.8765625 0.31953125 0.01015625 0.0125
1 0.065625 0.965625 0.0203125 0.04140625
1 0.69609375 0.4046875 0.009375 0.015625
1 0.075 0.38203125 0.01015625 0.0125
1 0.59453125 0.51640625 0.01015625 0.015625
1 0.07421875 0.396875 0.0109375 0.01484375
1 0.9390625 0.37578125 0.009375 0.01484375
1 0.60859375 0.4875 0.01171875 0.0171875
1 0.88125 0.84921875 0.00625 0.01171875
1 0.22578125 0.88203125 0.0109375 0.021875
1 0.11171875 0.4203125 0.009375 0.0140625
1 0.540625 0.37109375 0.00859375 0.01328125
1 0.2859375 0.88828125 0.01484375 0.02421875
1 0.66640625 0.44921875 0.01015625 0.01484375
1 0.50390625 0.3765625 0.00703125 0.01328125
1 0.90390625 0.30390625 0.0078125 0.0125
1 0.26328125 0.53359375 0.01171875 0.01953125
1 0.1484375 0.6484375 0.0125 0.0109375
1 0.6171875 0.48125 0.009375 0.015625
0 0.82890625 0.98828125 0.021875 0.0234375
1 0.0828125 0.35625 0.0078125 0.0125
1 0.759375 0.59609375 0.0109375 0.0125
1 0.62421875 0.3515625 0.01015625 0.0109375
1 0.9234375 0.8484375 0.0078125 0.01171875
1 0.67578125 0.44921875 0.009375 0.015625
1 0.11640625 0.86796875 0.0078125 0.01484375
1 0.75703125 0.63046875 0.0140625 0.021875
3 0.4890625 0.45390625 0.0953125 0.13046875