2 0.771875 0.225 0.1265625 0.05625
4 0.50859375 0.315625 0.0984375 0.0796875
4 0.1359375 0.25234375 0.1078125 0.0671875
3 0.915625 0.31953125 0.109375 0.0625
3 0.1796875 0.3578125 0.103125 0.075
1 0.4421875 0.48984375 0.0484375 0.009375
1 0.50078125 0.43203125 0.046875 0.00625
3 0.2359375 0.84140625 0.0765625 0.034375
1 0.94296875 0.45546875 0.046875 0.00625
1 0.67734375 0.36328125 0.0453125 0.00625
1 0.67109375 0.88828125 0.0453125 0.00625
1 0.6328125 0.39453125 0.0453125 0.00625
1 0.959375 0.4796875 0.0484375 0.0078125
1 0.640625 0.56953125 0.0484375 0.009375
2 0.25625 0.2 0.1296875 0.0484375
1 0.10546875 0.32265625 0.0453125 0.0046875
1 0.66484375 0.46953125 0.046875 0.0078125
1 0.0375 0.4 0.0484375 0.00625
1 0.909375 0.41796875 0.0453125 0.0046875
1 0.2859375 0.51171875 0.0484375 0.0109375
1 0.3515625 0.3828125 0.046875 0.0078125
1 0.15390625 0.3109375 0.0453125 0.0046875
0 0.25390625 0.15546875 0.046875 0.0078125
1 0.63203125 0.44375 0.046875 0.0078125
1 0.07109375 0.3828125 0.046875 0.00625
1 0.77734375 0.971875 0.0546875 0.021875
1 0.39296875 0.3984375 0.046875 0.0046875
1 0.03203125 0.35625 0.0484375 0.00625
1 0.39140625 0.3671875 0.046875 0.0046875
1 0.60546875 0.3546875 0.0453125 0.0046875
1 0.18515625 0.30625 0.04375 0.003125
0 0.22578125 0.11875 0.046875 0.00625
1 0.42890625 0.3984375 0.046875 0.00625
1 0.4640625 0.3796875 0.0453125 0.0046875
1 0.4515625 0.365625 0.046875 0.0046875
1 0.4078125 0.3546875 0.0453125 0.0046875
0 0.1953125 0.1609375 0.046875 0.0078125
1 0.34921875 0.365625 0.0453125 0.003125
1 0.5796875 0.38203125 0.0453125 0.0046875
1 0.15859375 0.396875 0.046875 0.00625
1 0.5609375 0.375 0.0453125 0.00625
1 0.97890625 0.45625 0.0421875 0.00625
1 0.44375 0.43671875 0.046875 0.00625
1 0.29765625 0.5125 0.0484375 0.0109375
1 0.07265625 0.334375 0.0453125 0.0046875
1 0.9328125 0.3859375 0.0453125 0.0046875
0 0.2015625 0.1390625 0.046875 0.009375
1 0.6375 0.353125 0.0453125 0.0046875
1 0.8765625 0.40390625 0.0453125 0.00625
1 0.66328125 0.29609375 0.04375 0.003125
1 0.30234375 0.409375 0.046875 0.00625
1 0.125 0.3859375 0.046875 0.00625
1 0.11796875 0.35078125 0.0453125 0.0046875
1 0.13203125 0.8765625 0.046875 0.00625
1 0.6984375 0.40390625 0.0453125 0.00625
1 0.4109375 0.32734375 0.04375 0.003125
1 0.1765625 0.40546875 0.046875 0.0046875
1 0.6671875 0.27890625 0.0453125 0.003125
1 0.6515625 0.3265625 0.0453125 0.003125
1 0.453125 0.34609375 0.0453125 0.003125
4 0.57421875 0.55546875 0.1421875 0.140625
1 0.33671875 0.33515625 0.04375 0.003125
1 0.9640625 0.3625 0.0453125 0.0046875
1 0.90546875 0.39140625 0.046875 0.0046875
1 0.20625 0.39375 0.046875 0.00625
1 0.6375 0.41875 0.046875 0.0078125
1 0.59921875 0.37890625 0.0453125 0.0046875
1 0.5796875 0.36015625 0.0453125 0.00625
1 0.45234375 0.4296875 0.046875 0.00625
1 0.3046875 0.384375 0.046875 0.0046875
1 0.5421875 0.6453125 0.0484375 0.003125
1 0.7671875 0.9375 0.0515625 0.0140625
1 0.35703125 0.34609375 0.0453125 0.0046875
1 0.015625 0.3703125 0.03125 0.00625
1 0.61484375 0.271875 0.04375 0.0015625
1 0.40078125 0.36953125 0.0453125 0.003125
1 0.471875 0.4140625 0.046875 0.0046875
1 0.75078125 0.90234375 0.0453125 0.0078125
1 0.18984375 0.87109375 0.0453125 0.003125
0 0.31875 0.7625 0.046875 0.0109375
1 0.0375 0.6125 0.05 0.00625
1 0.484375 0.38046875 0.0453125 0.0015625
1 0.6875 0.35859375 0.0453125 0.0046875
1 0.45625 0.409375 0.0453125 0.0046875
0 0.28828125 0.79296875 0.0546875 0.01875
1 0.6390625 0.296875 0.0453125 0.0046875
1 0.434375 0.37421875 0.0453125 0.0046875
1 0.059375 0.3890625 0.046875 0.00625
1 0.396875 0.27578125 0.04375 0.003125
1 0.8625 0.4109375 0.046875 0.00625
1 0.36484375 0.29609375 0.04375 0.0015625
1 0.771875 0.90078125 0.046875 0.00625
0 0.2 0.11015625 0.046875 0.0078125
1 0.43671875 0.3234375 0.04375 0.0046875
1 0.93125 0.40390625 0.046875 0.00625
1 0.321875 0.34765625 0.04375 0.003125
1 0.39765625 0.35234375 0.0453125 0.003125
1 0.2109375 0.8828125 0.046875 0.00625
1 0.79609375 0.909375 0.046875 0.0078125
1 0.190625 0.90390625 0.05 0.0078125
1 0.02109375 0.334375 0.0421875 0.00625
1 0.27265625 0.87265625 0.0453125 0.0015625
1 0.4890625 0.40390625 0.0453125 0.003125
1 0.03671875 0.96328125 0.0546875 0.0203125
1 0.6765625 0.34375 0.0453125 0.0046875
1 0.3296875 0.37421875 0.046875 0.0046875
4 0.57890625 0.83359375 0.078125 0.0359375
3 0.32578125 0.86796875 0.1265625 0.0765625
1 0.365625 0.334375 0.0453125 0.0046875
1 0.6515625 0.3078125 0.04375 0.0015625
1 0.4828125 0.34921875 0.046875 0.0046875
1 0.84765625 0.2859375 0.04375 0.003125
1 0.1765625 0.2546875 0.04375 0.0015625
1 0.1890625 0.40390625 0.0484375 0.00625
1 0.984375 0.44765625 0.03125 0.0046875
1 0.4828125 0.3921875 0.0453125 0.003125
1 0.48984375 0.42421875 0.0453125 0.00625
1 0.21953125 0.865625 0.0515625 0.0109375
1 0.83984375 0.984375 0.05625 0.0203125
1 0.78203125 0.928125 0.0484375 0.009375
0 0.3171875 0.80703125 0.0484375 0.0109375
3 0.9 0.8703125 0.0859375 0.0484375
0 0.2671875 0.215625 0.046875 0.0078125
1 0.178125 0.9046875 0.0515625 0.0125
1 0.83203125 0.28828125 0.0453125 0.0015625
0 0.32421875 0.70078125 0.046875 0.0078125
1 0.86484375 0.2875 0.0453125 0.003125
1 0.4578125 0.39453125 0.0453125 0.0015625
1 0.56328125 0.271875 0.04375 0.0015625
1 0.32734375 0.3203125 0.04375 0.003125
1 0.80703125 0.96484375 0.053125 0.015625
1 0.18828125 0.228125 0.0453125 0.0046875
1 0.35078125 0.3046875 0.04375 0.0015625
1 0.57265625 0.271875 0.04375 0.0015625
1 0.38203125 0.259375 0.04375 0.003125
1 0.0484375 0.91875 0.0515625 0.0171875
1 0.35546875 0.2734375 0.0453125 0.003125
1 0.315625 0.29140625 0.0453125 0.0046875
1 0.81796875 0.86953125 0.04375 0.0015625
1 0.465625 0.36171875 0.046875 0.00625
1 0.1609375 0.33046875 0.0453125 0.003125
1 0.10078125 0.29140625 0.0453125 0.0015625
1 0.86640625 0.953125 0.0515625 0.0125
1 0.93671875 0.43046875 0.046875 0.0078125
0 0.165625 0.7859375 0.0453125 0.0046875
1 0.45703125 0.3203125 0.046875 0.0046875
0 0.303125 0.83359375 0.046875 0.0046875
1 0.19921875 0.24609375 0.04375 0.0015625
1 0.31328125 0.37109375 0.0453125 0.003125
1 0.29609375 0.29765625 0.0453125 0.0046875
1 0.46953125 0.253125 0.0421875 0.0015625
1 0.45546875 0.25703125 0.04375 0.0015625
1 0.9625 0.41953125 0.046875 0.00625
1 0.540625 0.87265625 0.0421875 0.0015625
1 0.94375 0.4109375 0.0484375 0.00625
0 0.70859375 0.9921875 0.053125 0.0046875
1 0.96328125 0.4015625 0.046875 0.003125
1 0.32265625 0.38203125 0.0453125 0.003125
1 0.05390625 0.31484375 0.046875 0.00625
1 0.98828125 0.4203125 0.0234375 0.003125
1 0.14609375 0.62265625 0.0484375 0.0125
1 0.9515625 0.434375 0.0484375 0.00625
1 0.46875 0.32421875 0.0453125 0.003125
1 0.3625 0.8953125 0.0515625 0.00625
1 0.4265625 0.9890625 0.053125 0.0046875
1 0.3328125 0.896875 0.046875 0.003125
1 0.9765625 0.39296875 0.046875 0.0078125
1 0.571875 0.86796875 0.0421875 0.0015625
1 0.96875 0.44375 0.0484375 0.0078125
1 0.81796875 0.946875 0.05 0.009375
1 0.10546875 0.2796875 0.0453125 0.0015625
1 0.4515625 0.884375 0.04375 0.0015625
0 0.3390625 0.82578125 0.0484375 0.0078125
1 0.9875 0.48359375 0.025 0.0015625
1 0.5015625 0.26015625 0.04375 0.0015625
1 0.1 0.8640625 0.0484375 0.0046875
1 0.82734375 0.90078125 0.0453125 0.0015625
1 0.03203125 0.32421875 0.04375 0.0015625
0 0.1515625 0.21640625 0.0453125 0.003125
1 0.8828125 0.2890625 0.046875 0.003125
1 0.05 0.390625 0.046875 0.0046875
1 0.5234375 0.26796875 0.04375 0.003125
1 0.0734375 0.3109375 0.0453125 0.003125
1 0.7265625 0.98046875 0.053125 0.0140625
1 0.5796875 0.2640625 0.0453125 0.0015625