4 0.55546875 0.39296875 0.0703125 0.103125
2 0.2203125 0.228125 0.09375 0.071875
3 0.12734375 0.3703125 0.0765625 0.09375
2 0.73828125 0.19609375 0.0921875 0.0609375
1 0.9421875 0.50703125 0.015625 0.021875
1 0.93359375 0.5265625 0.0140625 0.021875
3 0.503125 0.30859375 0.065625 0.078125
1 0.3171875 0.5046875 0.0125 0.0203125
1 0.571875 0.44765625 0.0125 0.0171875
1 0.67421875 0.44453125 0.0125 0.021875
1 0.2484375 0.56875 0.0140625 0.0203125
1 0.64296875 0.50546875 0.0140625 0.021875
1 0.51640625 0.43984375 0.0109375 0.0171875
1 0.87578125 0.3234375 0.009375 0.015625
1 0.678125 0.5296875 0.0140625 0.021875
1 0.4921875 0.428125 0.0109375 0.0171875
1 0.6 0.4296875 0.0109375 0.0171875
1 0.46015625 0.46328125 0.0109375 0.0203125
1 0.459375 0.40859375 0.0109375 0.0171875
1 0.053125 0.46796875 0.0125 0.0171875
1 0.43046875 0.46484375 0.0125 0.01875
1 0.39921875 0.4296875 0.0109375 0.0171875
1 0.4234375 0.42578125 0.0125 0.0171875
1 0.5484375 0.44921875 0.0125 0.0171875
1 0.4328125 0.3625 0.009375 0.0171875
1 0.0203125 0.53671875 0.0140625 0.0203125
1 0.0484375 0.509375 0.0125 0.01875
1 0.8390625 0.58359375 0.0140625 0.0234375
1 0.0703125 0.521875 0.0125 0.0203125
1 0.5140625 0.4046875 0.009375 0.0171875
1 0.32890625 0.46953125 0.0125 0.0203125
4 0.02265625 0.44140625 0.0453125 0.1046875
1 0.0078125 0.50546875 0.0140625 0.01875
1 0.59765625 0.5390625 0.0125 0.01875
1 0.6921875 0.89140625 0.0125 0.0171875
1 0.61484375 0.3453125 0.009375 0.015625
1 0.3390625 0.4125 0.0109375 0.015625
1 0.3109375 0.528125 0.0125 0.0203125
1 0.98203125 0.41484375 0.0125 0.01875
1 0.49296875 0.478125 0.0109375 0.01875
1 0.8546875 0.271875 0.0078125 0.0140625
1 0.32265625 0.39140625 0.009375 0.015625
1 0.4515625 0.3609375 0.0109375 0.0171875
1 0.9453125 0.946875 0.0203125 0.034375
1 0.2359375 0.6265625 0.0140625 0.0234375
1 0.5875 0.5625 0.0140625 0.0234375
0 0.74140625 0.14765625 0.0109375 0.0171875
1 0.6078125 0.55078125 0.0140625 0.021875
1 0.9296875 0.375 0.0125 0.0171875
1 0.975 0.34609375 0.0109375 0.0140625
1 0.41015625 0.33203125 0.009375 0.0140625
1 0.8375 0.38828125 0.0109375 0.015625
1 0.628125 0.37578125 0.0109375 0.015625
1 0.2796875 0.33984375 0.0109375 0.015625
1 0.6 0.36953125 0.0109375 0.0171875
1 0.3828125 0.3953125 0.0109375 0.0171875
1 0.36328125 0.3609375 0.009375 0.0140625
1 0.640625 0.33515625 0.009375 0.015625
1 0.66015625 0.36015625 0.009375 0.0140625
1 0.3609375 0.321875 0.009375 0.0140625
1 0.025 0.51484375 0.0140625 0.01875
1 0.63125 0.44453125 0.0109375 0.0171875
1 0.34375 0.3890625 0.009375 0.015625
1 0.125 0.5484375 0.0125 0.01875
1 0.4421875 0.4125 0.0109375 0.0171875
1 0.81796875 0.88984375 0.0140625 0.0203125
0 0.7296875 0.7078125 0.009375 0.015625
1 0.4515625 0.3421875 0.0109375 0.015625
0 0.784375 0.13671875 0.0125 0.0171875
1 0.41171875 0.39296875 0.0109375 0.0171875
1 0.3953125 0.4453125 0.0109375 0.0171875
1 0.15703125 0.31796875 0.0078125 0.0140625
1 0.8484375 0.5671875 0.0140625 0.021875
1 0.71640625 0.453125 0.0109375 0.015625
0 0.76484375 0.13515625 0.0109375 0.01875
1 0.44765625 0.48984375 0.0125 0.0203125
1 0.125 0.56875 0.0140625 0.0203125
1 0.4609375 0.3890625 0.0109375 0.0171875
1 0.64140625 0.4296875 0.0109375 0.0171875
1 0.72421875 0.48359375 0.0125 0.0203125
1 0.81953125 0.284375 0.0078125 0.0140625
1 0.8078125 0.24921875 0.0078125 0.0125
1 0.9265625 0.36171875 0.009375 0.0140625
1 0.7078125 0.4390625 0.0125 0.01875
1 0.6390625 0.31640625 0.0078125 0.015625
1 0.4875 0.35390625 0.009375 0.0140625
0 0.196875 0.140625 0.0125 0.0171875
1 0.59921875 0.4640625 0.0125 0.0203125
1 0.2578125 0.55078125 0.0109375 0.021875
1 0.45078125 0.4265625 0.0125 0.0171875
1 0.71328125 0.47421875 0.0125 0.01875
1 0.278125 0.54921875 0.0125 0.0203125
1 0.31171875 0.34609375 0.0109375 0.015625
1 0.9640625 0.32109375 0.0109375 0.0171875
1 0.48203125 0.33984375 0.009375 0.0140625
1 0.31328125 0.38203125 0.009375 0.015625
1 0.25703125 0.596875 0.0125 0.0203125
1 0.8375 0.9453125 0.0203125 0.034375
1 0.7171875 0.88828125 0.0125 0.0171875
1 0.31875 0.275 0.009375 0.0125
1 0.834375 0.9125 0.015625 0.0234375
1 0.825 0.24296875 0.009375 0.0125
4 0.2453125 0.8875 0.0859375 0.0921875
1 0.4078125 0.31484375 0.0078125 0.0125
1 0.6734375 0.47578125 0.0125 0.0203125
0 0.27734375 0.20234375 0.0109375 0.01875
1 0.471875 0.35625 0.009375 0.0140625
1 0.37578125 0.3796875 0.009375 0.015625
1 0.0640625 0.365625 0.009375 0.015625
1 0.64921875 0.28984375 0.0078125 0.0140625
0 0.81015625 0.16875 0.0109375 0.015625
1 0.034375 0.3671875 0.0109375 0.015625
1 0.31953125 0.36875 0.009375 0.015625
1 0.8234375 0.26953125 0.009375 0.0140625
1 0.5984375 0.27265625 0.0078125 0.0140625
1 0.52421875 0.61796875 0.0125 0.015625
1 0.490625 0.40546875 0.0109375 0.0171875
1 0.3375 0.37265625 0.009375 0.0140625
1 0.91484375 0.87421875 0.0109375 0.0171875
1 0.24609375 0.6140625 0.0140625 0.021875
1 0.02109375 0.3796875 0.0109375 0.015625
1 0.26796875 0.55859375 0.0125 0.01875
1 0.46015625 0.33984375 0.009375 0.015625
1 0.84296875 0.37578125 0.0109375 0.015625
1 0.38515625 0.34453125 0.009375 0.015625
1 0.62421875 0.29765625 0.009375 0.0140625
1 0.5265625 0.59765625 0.0125 0.021875
1 0.8828125 0.534375 0.0109375 0.0140625
1 0.61875 0.43671875 0.0125 0.0171875
1 0.87890625 0.5875 0.009375 0.0171875
0 0.69609375 0.715625 0.0109375 0.0171875
1 0.459375 0.90546875 0.0109375 0.0125
0 0.734375 0.72109375 0.0109375 0.0171875
1 0.47109375 0.27109375 0.0078125 0.0125
1 0.475 0.38359375 0.009375 0.0140625
1 0.88671875 0.28984375 0.009375 0.0140625
1 0.5515625 0.25078125 0.009375 0.015625
1 0.48828125 0.37421875 0.009375 0.0125
3 0.5609375 0.846875 0.03125 0.046875
1 0.3796875 0.26328125 0.00625 0.0109375
1 0.3453125 0.27890625 0.0078125 0.0125
1 0.8578125 0.2515625 0.0078125 0.0125
1 0.06875 0.32734375 0.009375 0.0125
1 0.4890625 0.38828125 0.009375 0.015625
1 0.08515625 0.3359375 0.0078125 0.0140625
1 0.409375 0.90625 0.0125 0.015625
1 0.828125 0.86875 0.009375 0.0125
1 0.89140625 0.26953125 0.009375 0.0125
1 0.14609375 0.3 0.0078125 0.0125
0 0.83359375 0.70234375 0.0109375 0.01875
1 0.5078125 0.6203125 0.009375 0.0140625
1 0.88515625 0.85859375 0.009375 0.0125
1 0.72578125 0.8625 0.0078125 0.0125
1 0.8328125 0.88515625 0.0125 0.01875
1 0.43046875 0.26171875 0.0078125 0.0125
0 0.79375 0.20390625 0.009375 0.0140625
1 0.540625 0.89140625 0.0078125 0.0109375
1 0.43671875 0.90390625 0.0140625 0.015625
1 0.05703125 0.35859375 0.0109375 0.0140625
1 0.9078125 0.284375 0.009375 0.0140625
1 0.60859375 0.44375 0.0125 0.0171875
0 0.7546875 0.7765625 0.0109375 0.0171875
1 0.59453125 0.259375 0.0078125 0.0125
0 0.728125 0.8140625 0.009375 0.015625
1 0.5515625 0.88984375 0.0078125 0.0109375
1 0.60703125 0.26015625 0.009375 0.015625
1 0.6625 0.3421875 0.009375 0.015625
1 0.41875 0.3890625 0.009375 0.0171875
1 0.8984375 0.28359375 0.0109375 0.0140625
1 0.87265625 0.259375 0.0078125 0.0125
1 0.78359375 0.85859375 0.009375 0.0109375
0 0.86796875 0.13515625 0.0125 0.01875
1 0.39296875 0.2640625 0.0078125 0.0125
1 0.4625 0.87265625 0.0078125 0.0125
1 0.8515625 0.43984375 0.0078125 0.0109375
1 0.57109375 0.878125 0.009375 0.0140625
1 0.13359375 0.3203125 0.0078125 0.0140625
1 0.16171875 0.290625 0.009375 0.0125
1 0.6171875 0.26015625 0.009375 0.0140625
0 0.090625 0.03828125 0.0140625 0.0203125
1 0.36328125 0.275 0.009375 0.0125
1 0.47265625 0.3265625 0.0078125 0.0125
1 0.4921875 0.64609375 0.0125 0.0125
1 0.94375 0.3140625 0.0109375 0.0140625
1 0.35 0.26484375 0.0078125 0.0125
0 0.66796875 0.71171875 0.0078125 0.0140625
1 0.44921875 0.90234375 0.0109375 0.01875
0 0.6125 0.184375 0.009375 0.015625
1 0.88046875 0.259375 0.0109375 0.0140625
1 0.38359375 0.36796875 0.0109375 0.015625
1 0.8453125 0.85390625 0.0109375 0.0125
1 0.1046875 0.3125 0.009375 0.0140625
1 0.85859375 0.24140625 0.0078125 0.0125
1 0.421875 0.40859375 0.0109375 0.0125
1 0.8453125 0.24296875 0.009375 0.0140625
1 0.5359375 0.25546875 0.0078125 0.0125
1 0.003125 0.39609375 0.00625 0.0109375
1 0.6203125 0.23046875 0.009375 0.0140625
1 0.13203125 0.3015625 0.009375 0.0140625
0 0.79375 0.75859375 0.0109375 0.0171875
1 0.75390625 0.8640625 0.009375 0.0109375
1 0.08515625 0.31484375 0.0109375 0.015625
1 0.92265625 0.29453125 0.009375 0.0140625
1 0.42421875 0.9046875 0.015625 0.015625
1 0.2890625 0.38359375 0.0078125 0.0140625
0 0.3625 0.7203125 0.0078125 0.0140625
1 0.9359375 0.30234375 0.0078125 0.0140625
1 0.11484375 0.31015625 0.0109375 0.0140625
1 0.88828125 0.546875 0.0078125 0.0125
1 0.4703125 0.30625 0.0078125 0.0125
1 0.52265625 0.2578125 0.009375 0.0125
1 0.871875 0.24140625 0.0078125 0.0125
0 0.725 0.68671875 0.009375 0.0125