4 0.3328125 0.30625 0.0859375 0.0875
2 0.22265625 0.228125 0.1 0.071875
0 0.90546875 0.17890625 0.0265625 0.034375
4 0.38515625 0.35 0.09375 0.1015625
0 0.91015625 0.20546875 0.0234375 0.0234375
0 0.65703125 0.79140625 0.028125 0.0359375
0 0.8 0.1296875 0.0203125 0.0234375
0 0.87265625 0.13046875 0.028125 0.0328125
0 0.73359375 0.703125 0.025 0.0265625
0 0.8125 0.1515625 0.021875 0.0203125
1 0.76640625 0.6296875 0.0234375 0.0234375
0 0.678125 0.7890625 0.025 0.0359375
0 0.82421875 0.20390625 0.01875 0.0203125
0 0.82109375 0.1671875 0.01875 0.0203125
0 0.7875 0.1296875 0.021875 0.0234375
0 0.76328125 0.178125 0.0203125 0.0203125
3 0.7890625 0.8453125 0.0875 0.0734375
0 0.73671875 0.725 0.0234375 0.0265625
1 0.70390625 0.42265625 0.021875 0.01875
0 0.890625 0.1234375 0.0234375 0.025
1 0.603125 0.37421875 0.01875 0.0203125
1 0.1421875 0.37421875 0.01875 0.01875
0 0.86328125 0.0390625 0.0203125 0.015625
1 0.51171875 0.33984375 0.01875 0.01875
0 0.79921875 0.19375 0.0203125 0.021875
0 0.921875 0.24765625 0.021875 0.0234375
0 0.8484375 0.0515625 0.025 0.0296875
1 0.47421875 0.3640625 0.0171875 0.0140625
0 0.64453125 0.76171875 0.025 0.034375
0 0.81640625 0.203125 0.01875 0.0203125
1 0.12890625 0.9 0.015625 0.01875
1 0.5375 0.3375 0.0171875 0.0171875
2 0.7328125 0.19765625 0.0984375 0.0609375
1 0.6578125 0.3140625 0.0171875 0.0171875
1 0.60703125 0.33515625 0.0171875 0.01875
1 0.66796875 0.46796875 0.021875 0.0234375
1 0.48828125 0.315625 0.0171875 0.0171875
0 0.8125 0.10546875 0.01875 0.0171875
1 0.09453125 0.3265625 0.0171875 0.0171875
1 0.665625 0.38515625 0.021875 0.01875
1 0.48046875 0.365625 0.0203125 0.0171875
1 0.32734375 0.38828125 0.021875 0.0203125
1 0.65078125 0.3859375 0.021875 0.021875
1 0.61484375 0.51328125 0.0203125 0.0265625
1 0.6921875 0.409375 0.01875 0.01875
0 0.82265625 0.2265625 0.021875 0.01875
0 0.76953125 0.8109375 0.0203125 0.0203125
1 0.28984375 0.446875 0.021875 0.021875
1 0.5765625 0.4203125 0.021875 0.021875
1 0.71015625 0.47421875 0.021875 0.0234375
0 0.8140625 0.12421875 0.021875 0.0203125
1 0.41640625 0.42734375 0.0203125 0.021875
1 0.690625 0.42890625 0.021875 0.021875
1 0.2765625 0.55625 0.0234375 0.025
0 0.83125 0.08203125 0.021875 0.0234375
1 0.471875 0.2671875 0.0171875 0.0140625
1 0.25 0.55234375 0.021875 0.0234375
1 0.56875 0.28359375 0.0171875 0.0171875
1 0.5546875 0.3296875 0.01875 0.01875
1 0.825 0.90078125 0.0234375 0.028125
1 0.52421875 0.32890625 0.01875 0.0171875
1 0.29140625 0.5703125 0.021875 0.0203125
1 0.3828125 0.296875 0.0171875 0.0171875
1 0.16640625 0.896875 0.01875 0.01875
0 0.74921875 0.7546875 0.021875 0.0234375
1 0.5546875 0.35078125 0.0203125 0.01875
1 0.60078125 0.41953125 0.0203125 0.021875
1 0.6703125 0.52578125 0.021875 0.0265625
1 0.11953125 0.3609375 0.0171875 0.01875
1 0.31796875 0.378125 0.021875 0.0234375
0 0.6296875 0.72421875 0.0203125 0.021875
1 0.14140625 0.3484375 0.01875 0.0171875
1 0.628125 0.46875 0.021875 0.025
1 0.8234375 0.590625 0.0234375 0.0265625
0 0.0109375 0.06953125 0.0203125 0.021875
1 0.2875 0.62890625 0.0234375 0.021875
0 0.8015625 0.21484375 0.01875 0.01875
1 0.70234375 0.4703125 0.0203125 0.021875
1 0.44296875 0.27578125 0.0171875 0.0171875
0 0.93046875 0.3484375 0.0203125 0.025
1 0.559375 0.88671875 0.0140625 0.009375
1 0.2046875 0.89765625 0.0171875 0.01875
1 0.50546875 0.275 0.0171875 0.0171875
1 0.8078125 0.35078125 0.0203125 0.0203125
1 0.70234375 0.40625 0.0203125 0.015625
1 0.6265625 0.30703125 0.0140625 0.0125
3 0.825 0.28671875 0.084375 0.1078125
1 0.509375 0.31953125 0.01875 0.0234375
1 0.425 0.3015625 0.0171875 0.0171875
1 0.29609375 0.54921875 0.021875 0.025
1 0.921875 0.90625 0.025 0.03125
1 0.27734375 0.621875 0.0234375 0.0265625
0 0.84375 0.0828125 0.021875 0.0234375
1 0.40546875 0.2875 0.01875 0.0171875
0 0.79765625 0.16171875 0.0203125 0.01875
1 0.89921875 0.84609375 0.01875 0.01875
1 0.496875 0.275 0.0171875 0.015625
1 0.81953125 0.63125 0.0203125 0.0140625
1 0.6421875 0.36796875 0.01875 0.01875
1 0.6578125 0.40390625 0.01875 0.0203125
1 0.33984375 0.365625 0.0203125 0.01875
1 0.10078125 0.89296875 0.015625 0.0171875
1 0.790625 0.871875 0.025 0.028125
4 0.19921875 0.459375 0.109375 0.1484375
1 0.290625 0.61015625 0.0234375 0.0234375
1 0.58359375 0.3921875 0.021875 0.021875
1 0.90625 0.52734375 0.0234375 0.0265625
1 0.54453125 0.3328125 0.0171875 0.01875
1 0.678125 0.3890625 0.0203125 0.01875
1 0.61953125 0.33046875 0.01875 0.01875
1 0.628125 0.365625 0.021875 0.01875
1 0.40859375 0.2625 0.0171875 0.015625
1 0.61328125 0.50859375 0.021875 0.025
1 0.53359375 0.3046875 0.021875 0.0203125
0 0.81953125 0.15234375 0.021875 0.0203125
1 0.10625 0.96640625 0.0203125 0.0171875
1 0.290625 0.33359375 0.01875 0.0203125
1 0.72109375 0.43515625 0.0203125 0.0203125
1 0.48984375 0.346875 0.01875 0.01875
0 0.0375 0.20625 0.0171875 0.0171875
1 0.66796875 0.325 0.01875 0.0125
1 0.55390625 0.35234375 0.015625 0.015625
1 0.6234375 0.30703125 0.01875 0.0171875
1 0.403125 0.290625 0.015625 0.015625
1 0.58046875 0.325 0.0203125 0.0171875
1 0.2921875 0.359375 0.01875 0.0171875
0 0.753125 0.7578125 0.01875 0.021875
1 0.6984375 0.3921875 0.0171875 0.015625
0 0.7578125 0.75390625 0.0171875 0.01875
1 0.5359375 0.3265625 0.0171875 0.015625
1 0.66640625 0.4015625 0.021875 0.0203125
3 0.94296875 0.43828125 0.1140625 0.1328125
4 0.43046875 0.8359375 0.0828125 0.1296875