4 0.8546875 0.365625 0.078125 0.0859375
3 0.19765625 0.3109375 0.065625 0.078125
1 0.765625 0.5921875 0.0359375 0.0296875
3 0.1 0.3015625 0.0921875 0.0875
1 0.91484375 0.43125 0.03125 0.0234375
1 0.353125 0.4296875 0.03125 0.025
0 0.8765625 0.1640625 0.034375 0.0265625
0 0.8984375 0.15 0.034375 0.028125
1 0.8734375 0.45078125 0.03125 0.0234375
3 0.08359375 0.80078125 0.078125 0.0703125
3 0.10859375 0.434375 0.1171875 0.1203125
3 0.18125 0.809375 0.0828125 0.06875
2 0.79453125 0.24375 0.109375 0.071875
1 0.159375 0.359375 0.03125 0.021875
1 0.16796875 0.41328125 0.034375 0.028125
1 0.746875 0.5875 0.034375 0.0296875
1 0.625 0.4390625 0.03125 0.0234375
0 0.85859375 0.14375 0.03125 0.025
1 0.67109375 0.52421875 0.034375 0.0296875
1 0.72890625 0.51015625 0.0328125 0.025
1 0.5984375 0.4328125 0.03125 0.025
1 0.25546875 0.490625 0.034375 0.028125
1 0.659375 0.5640625 0.034375 0.0296875
1 0.5640625 0.453125 0.0328125 0.025
1 0.7328125 0.4890625 0.03125 0.021875
1 0.4671875 0.49296875 0.0328125 0.028125
1 0.48671875 0.42109375 0.03125 0.0234375
1 0.1734375 0.8984375 0.0390625 0.0359375
1 0.16953125 0.38828125 0.0328125 0.0234375
0 0.24765625 0.209375 0.0328125 0.025
1 0.12578125 0.3578125 0.0296875 0.021875
0 0.8625 0.1625 0.03125 0.025
1 0.3671875 0.38671875 0.03125 0.0234375
1 0.26875 0.86640625 0.0328125 0.0265625
1 0.128125 0.85 0.03125 0.025
1 0.4859375 0.45625 0.03125 0.025
1 0.44921875 0.53359375 0.034375 0.0296875
1 0.65625 0.46640625 0.0328125 0.0265625
1 0.18828125 0.36875 0.03125 0.0234375
1 0.5515625 0.58671875 0.03125 0.025
1 0.6 0.46640625 0.0328125 0.025
1 0.37578125 0.42734375 0.0328125 0.025
1 0.646875 0.44296875 0.0328125 0.025
1 0.5515625 0.4484375 0.0328125 0.0234375
0 0.87578125 0.21796875 0.0328125 0.0265625
1 0.63984375 0.54765625 0.0359375 0.028125
1 0.62734375 0.48203125 0.0328125 0.0265625
0 0.7515625 0.25078125 0.03125 0.0203125
0 0.92734375 0.21171875 0.0359375 0.028125
1 0.70859375 0.46171875 0.03125 0.0234375
0 0.90703125 0.17421875 0.0390625 0.028125
1 0.2359375 0.86640625 0.034375 0.028125
1 0.465625 0.434375 0.03125 0.025
1 0.60078125 0.45 0.03125 0.021875
1 0.303125 0.41328125 0.03125 0.0234375
1 0.57734375 0.3984375 0.0296875 0.021875
1 0.68828125 0.4546875 0.03125 0.0234375
0 0.9203125 0.19765625 0.034375 0.028125
1 0.6796875 0.4171875 0.03125 0.021875
1 0.42265625 0.33984375 0.03125 0.021875
1 0.0640625 0.38359375 0.03125 0.021875
1 0.03359375 0.39140625 0.0328125 0.0234375
1 0.45078125 0.41953125 0.0296875 0.021875
1 0.6109375 0.56328125 0.034375 0.0296875
0 0.31015625 0.2109375 0.03125 0.025
0 0.86328125 0.2375 0.03125 0.025
0 0.871875 0.14765625 0.03125 0.021875
1 0.5625 0.37421875 0.03125 0.021875
1 0.6265625 0.39375 0.0296875 0.021875
0 0.75078125 0.740625 0.03125 0.0234375
1 0.065625 0.4703125 0.0328125 0.0265625
1 0.42265625 0.44765625 0.03125 0.025
1 0.6609375 0.3703125 0.03125 0.0234375
0 0.86875 0.27578125 0.03125 0.025
0 0.95 0.4328125 0.0328125 0.0234375
1 0.3328125 0.4296875 0.0328125 0.0234375
0 0.89765625 0.0640625 0.034375 0.0265625
1 0.42265625 0.4296875 0.0296875 0.0203125
1 0.66640625 0.40859375 0.03125 0.021875
0 0.22578125 0.153125 0.03125 0.025
0 0.85625 0.2234375 0.03125 0.025
1 0.47734375 0.57890625 0.0296875 0.0234375
4 0.765625 0.86015625 0.096875 0.075
1 0.1859375 0.84140625 0.0296875 0.0203125
1 0.98828125 0.57734375 0.0234375 0.0265625
1 0.015625 0.88984375 0.03125 0.0390625
0 0.21171875 0.1828125 0.03125 0.025
0 0.2046875 0.2140625 0.03125 0.0234375
1 0.4 0.4 0.0296875 0.0234375
1 0.03046875 0.359375 0.03125 0.021875
1 0.12734375 0.8953125 0.0390625 0.0375
1 0.20234375 0.87421875 0.034375 0.0296875
0 0.609375 0.775 0.0375 0.0328125
1 0.64921875 0.3921875 0.0296875 0.0234375
1 0.28046875 0.3875 0.03125 0.025
1 0.9109375 0.3359375 0.0296875 0.0203125
0 0.87734375 0.059375 0.0328125 0.0265625
0 0.9359375 0.2796875 0.0359375 0.028125
1 0.578125 0.45703125 0.0328125 0.025
1 0.3984375 0.35 0.0296875 0.021875
1 0.66875 0.4546875 0.0328125 0.025
1 0.38984375 0.4046875 0.03125 0.025
1 0.40078125 0.4765625 0.0328125 0.028125
0 0.7484375 0.7703125 0.03125 0.021875
1 0.21953125 0.8734375 0.0359375 0.028125
0 0.878125 0.08125 0.0328125 0.025
1 0.05859375 0.42109375 0.03125 0.0234375
1 0.7171875 0.44609375 0.03125 0.025
1 0.5390625 0.378125 0.03125 0.021875
1 0.62734375 0.3796875 0.0296875 0.01875
0 0.1734375 0.14765625 0.034375 0.028125
1 0.559375 0.40703125 0.0328125 0.0234375
1 0.5140625 0.32890625 0.03125 0.021875
1 0.34921875 0.3796875 0.03125 0.025
0 0.746875 0.796875 0.03125 0.021875
1 0.1703125 0.86015625 0.034375 0.0265625
0 0.9421875 0.3109375 0.0390625 0.0359375
1 0.5640625 0.334375 0.03125 0.0203125
1 0.15 0.8375 0.0328125 0.025
1 0.70234375 0.4265625 0.03125 0.0234375
1 0.11875 0.3359375 0.03125 0.021875
1 0.46953125 0.40859375 0.03125 0.0234375
1 0.6359375 0.3421875 0.03125 0.01875
1 0.36328125 0.371875 0.03125 0.021875
0 0.88515625 0.14765625 0.034375 0.0265625
1 0.50390625 0.303125 0.0296875 0.01875
1 0.5765625 0.425 0.0296875 0.01875
0 0.94609375 0.45625 0.0359375 0.028125
1 0.37578125 0.87734375 0.03125 0.028125
1 0.4625 0.39140625 0.03125 0.021875
0 0.2234375 0.6921875 0.0328125 0.0265625
0 0.196875 0.096875 0.034375 0.028125
0 0.634375 0.7671875 0.0359375 0.03125
1 0.590625 0.33125 0.028125 0.0203125
1 0.571875 0.43671875 0.03125 0.021875
1 0.62109375 0.55390625 0.0328125 0.025
1 0.22265625 0.85390625 0.0328125 0.021875
1 0.11171875 0.85 0.0296875 0.021875
1 0.52890625 0.33125 0.0296875 0.0203125
1 0.615625 0.6046875 0.0328125 0.0234375
1 0.48984375 0.39140625 0.0296875 0.0203125
0 0.9015625 0.1296875 0.034375 0.0296875
1 0.54921875 0.40625 0.03125 0.0234375
1 0.4765625 0.35234375 0.03125 0.0234375
1 0.46484375 0.35390625 0.0296875 0.021875
1 0.234375 0.84609375 0.0296875 0.021875
1 0.14140625 0.3484375 0.0296875 0.0203125
1 0.02109375 0.3609375 0.03125 0.021875
1 0.32265625 0.42734375 0.0296875 0.021875
0 0.20546875 0.7296875 0.03125 0.0234375
1 0.47734375 0.309375 0.028125 0.0171875
0 0.16171875 0.153125 0.034375 0.028125
0 0.84609375 0.09140625 0.03125 0.0234375
1 0.33671875 0.41328125 0.03125 0.021875
1 0.33984375 0.38984375 0.03125 0.0203125
1 0.6765625 0.32265625 0.0296875 0.0203125
1 0.67421875 0.35625 0.03125 0.0234375
1 0.16953125 0.328125 0.0296875 0.0234375
1 0.12734375 0.3328125 0.03125 0.0203125
1 0.15859375 0.859375 0.034375 0.028125
0 0.9453125 0.375 0.034375 0.028125
1 0.53359375 0.315625 0.0296875 0.01875
1 0.38984375 0.35546875 0.03125 0.021875
1 0.54453125 0.3296875 0.0296875 0.021875
1 0.24453125 0.85078125 0.03125 0.021875
0 0.3015625 0.18359375 0.03125 0.0234375
1 0.89609375 0.3375 0.028125 0.01875
1 0.6828125 0.35390625 0.0328125 0.0265625
1 0.5984375 0.5203125 0.03125 0.021875
0 0.8078125 0.2609375 0.0328125 0.0265625
1 0.6546875 0.3546875 0.03125 0.0234375
1 0.0234375 0.5703125 0.034375 0.03125
1 0.309375 0.4234375 0.03125 0.01875
1 0.08125 0.85078125 0.0328125 0.0296875
1 0.5265625 0.3515625 0.03125 0.0203125
1 0.440625 0.31640625 0.0296875 0.01875
1 0.3546875 0.34140625 0.0296875 0.0203125
1 0.52265625 0.38125 0.03125 0.01875
1 0.409375 0.63984375 0.03125 0.0203125
1 0.05234375 0.834375 0.0359375 0.0265625
1 0.4609375 0.340625 0.03125 0.0203125
1 0.03515625 0.82578125 0.0328125 0.025
1 0.46328125 0.30234375 0.0296875 0.01875
0 0.8703125 0.1296875 0.034375 0.0265625
1 0.5828125 0.3203125 0.0296875 0.0203125
1 0.9296875 0.3546875 0.0296875 0.0203125
1 0.721875 0.87421875 0.028125 0.0203125
1 0.3640625 0.346875 0.0296875 0.021875
1 0.52421875 0.85 0.0296875 0.0203125
1 0.053125 0.3390625 0.03125 0.0203125
1 0.4390625 0.334375 0.0296875 0.021875
1 0.8890625 0.884375 0.0296875 0.021875
1 0.6171875 0.334375 0.03125 0.0203125
1 0.6140625 0.53828125 0.03125 0.0234375
1 0.534375 0.4359375 0.03125 0.0234375
4 0.95078125 0.51796875 0.0984375 0.1078125
1 0.478125 0.38359375 0.0296875 0.0203125
1 0.38359375 0.296875 0.0296875 0.01875
1 0.13203125 0.82109375 0.03125 0.0203125
0 0.19140625 0.06875 0.03125 0.025
1 0.3890625 0.32421875 0.0296875 0.01875
1 0.5390625 0.4203125 0.0296875 0.01875
1 0.48515625 0.4015625 0.0328125 0.0203125
1 0.321875 0.8890625 0.0359375 0.0234375
1 0.66484375 0.33515625 0.03125 0.0203125
1 0.68359375 0.321875 0.028125 0.01875
1 0.3578125 0.29296875 0.028125 0.0171875
1 0.853125 0.88046875 0.0296875 0.01875
1 0.346875 0.36484375 0.0296875 0.01875
1 0.50859375 0.90625 0.034375 0.0203125
0 0.196875 0.2515625 0.03125 0.0234375
1 0.378125 0.34453125 0.0328125 0.021875
1 0.46640625 0.3234375 0.03125 0.0203125
1 0.87109375 0.88046875 0.028125 0.01875
1 0.4484375 0.3375 0.0296875 0.0203125
1 0.63046875 0.31875 0.0296875 0.0171875
1 0.59296875 0.58046875 0.0328125 0.021875
1 0.80078125 0.87734375 0.0296875 0.01875
1 0.32578125 0.40078125 0.03125 0.01875
1 0.328125 0.30625 0.028125 0.021875
1 0.88828125 0.34921875 0.028125 0.01875
1 0.17421875 0.2765625 0.03125 0.01875
0 0.85390625 0.10625 0.03125 0.0203125
1 0.01015625 0.44296875 0.0203125 0.0171875
1 0.628125 0.3046875 0.03125 0.01875
1 0.32734375 0.3828125 0.0328125 0.0234375
1 0.553125 0.42578125 0.0328125 0.021875
1 0.0734375 0.3953125 0.0328125 0.021875
1 0.54375 0.54609375 0.028125 0.01875
1 0.07578125 0.3328125 0.0328125 0.0203125
1 0.553125 0.31796875 0.0296875 0.0203125
1 0.42265625 0.29921875 0.028125 0.0171875
1 0.53984375 0.35859375 0.0328125 0.0203125
1 0.64453125 0.3390625 0.0296875 0.021875
1 0.13984375 0.82109375 0.0296875 0.0203125
1 0.64296875 0.30859375 0.0296875 0.0171875
1 0.6828125 0.66484375 0.03125 0.0171875
1 0.54296875 0.83515625 0.0296875 0.0171875
1 0.06171875 0.3375 0.03125 0.0203125
2 0.2671875 0.2 0.125 0.0703125
1 0.16484375 0.29453125 0.0296875 0.0234375
1 0.809375 0.87421875 0.0296875 0.01875
1 0.565625 0.30625 0.0296875 0.01875
1 0.1375 0.315625 0.03125 0.0234375
1 0.56640625 0.42421875 0.03125 0.01875