2 0.240625 0.21015625 0.0921875 0.065625
4 0.15859375 0.38515625 0.0875 0.10625
4 0.2640625 0.8640625 0.078125 0.0859375
2 0.7578125 0.2140625 0.0921875 0.05625
3 0.384375 0.290625 0.0703125 0.0875
4 0.43828125 0.27265625 0.059375 0.0765625
3 0.49921875 0.2578125 0.065625 0.075
1 0.69140625 0.5078125 0.0140625 0.0203125
1 0.665625 0.45703125 0.0125 0.01875
1 0.66875 0.59375 0.015625 0.0234375
1 0.85 0.58515625 0.015625 0.0234375
1 0.35390625 0.40234375 0.0125 0.0171875
1 0.203125 0.6140625 0.0140625 0.0171875
1 0.38359375 0.61015625 0.015625 0.0234375
1 0.29140625 0.5 0.0140625 0.0203125
1 0.18828125 0.56953125 0.015625 0.0234375
1 0.65703125 0.53046875 0.0140625 0.0203125
1 0.5046875 0.4078125 0.0125 0.01875
1 0.2515625 0.5390625 0.0140625 0.0203125
1 0.5671875 0.390625 0.0109375 0.0171875
1 0.95390625 0.4171875 0.0125 0.01875
1 0.26640625 0.49375 0.0125 0.0203125
1 0.44453125 0.42421875 0.0125 0.0203125
1 0.38359375 0.475 0.0125 0.01875
1 0.88984375 0.4046875 0.0125 0.01875
1 0.71796875 0.5390625 0.0140625 0.0203125
1 0.290625 0.55234375 0.0140625 0.021875
1 0.49296875 0.44609375 0.0125 0.01875
0 0.36875 0.71328125 0.0140625 0.021875
1 0.0734375 0.375 0.0109375 0.015625
1 0.7078125 0.4890625 0.0125 0.01875
1 0.7296875 0.90703125 0.0140625 0.0203125
1 0.0046875 0.45625 0.009375 0.0171875
1 0.5375 0.39140625 0.0125 0.0171875
1 0.66875 0.37265625 0.0109375 0.015625
1 0.05390625 0.41640625 0.0125 0.0171875
1 0.0953125 0.93515625 0.015625 0.0203125
4 0.0625 0.5265625 0.1078125 0.1328125
1 0.621875 0.39296875 0.0109375 0.015625
1 0.37109375 0.425 0.0125 0.0171875
1 0.71328125 0.44453125 0.0125 0.0171875
1 0.5359375 0.40859375 0.0109375 0.015625
1 0.73828125 0.5484375 0.0140625 0.0203125
1 0.16171875 0.93046875 0.015625 0.025
1 0.121875 0.965625 0.0171875 0.025
1 0.85859375 0.3453125 0.0109375 0.015625
1 0.56875 0.6453125 0.015625 0.0171875
1 0.6265625 0.409375 0.0125 0.0171875
1 0.796875 0.92109375 0.0140625 0.021875
1 0.059375 0.59296875 0.015625 0.021875
1 0.275 0.5171875 0.0140625 0.01875
1 0.171875 0.9015625 0.0125 0.0203125
1 0.11484375 0.42109375 0.0125 0.015625
1 0.59296875 0.38359375 0.0109375 0.015625
1 0.33515625 0.446875 0.0125 0.01875
1 0.30859375 0.44375 0.0125 0.0171875
1 0.09921875 0.91015625 0.0140625 0.021875
1 0.56328125 0.37421875 0.0109375 0.015625
1 0.68515625 0.4484375 0.0140625 0.01875
1 0.50859375 0.4390625 0.0125 0.01875
1 0.51171875 0.61640625 0.0140625 0.0171875
1 0.3359375 0.34375 0.0109375 0.015625
1 0.6046875 0.3515625 0.0109375 0.0140625
1 0.609375 0.38046875 0.0109375 0.0140625
1 0.27421875 0.54296875 0.0140625 0.021875
1 0.49921875 0.49609375 0.0125 0.01875
1 0.16953125 0.8796875 0.0109375 0.0140625
1 0.159375 0.90234375 0.0140625 0.0203125
0 0.10078125 0.246875 0.015625 0.021875
1 0.07890625 0.39765625 0.0140625 0.0171875
1 0.7265625 0.51328125 0.0140625 0.0171875
1 0.7265625 0.49140625 0.0125 0.015625
1 0.11015625 0.32578125 0.0109375 0.015625
1 0.90859375 0.3546875 0.0109375 0.015625
1 0.68359375 0.425 0.0109375 0.015625
1 0.89453125 0.34609375 0.0109375 0.0140625
1 0.7 0.4640625 0.0125 0.01875
3 0.4328125 0.51953125 0.1140625 0.1390625
1 0.5109375 0.2875 0.0109375 0.0140625
1 0.51796875 0.41953125 0.0125 0.015625
1 0.00625 0.4171875 0.009375 0.0171875
1 0.9953125 0.37578125 0.009375 0.0171875
1 0.8484375 0.8859375 0.009375 0.0125
1 0.778125 0.890625 0.0109375 0.015625
1 0.7671875 0.9546875 0.01875 0.0296875
1 0.60546875 0.3234375 0.0109375 0.0140625
1 0.278125 0.48671875 0.0140625 0.01875
1 0.121875 0.284375 0.009375 0.0125
1 0.08515625 0.359375 0.0109375 0.015625
0 0.3859375 0.78203125 0.015625 0.03125
1 0.4796875 0.3703125 0.0125 0.015625
1 0.51640625 0.40234375 0.0109375 0.0125
1 0.12734375 0.88828125 0.0109375 0.0171875
1 0.8578125 0.2921875 0.009375 0.0140625
1 0.11640625 0.98515625 0.021875 0.015625
1 0.2859375 0.4640625 0.0125 0.0171875
1 0.609375 0.259375 0.009375 0.0125
1 0.509375 0.64609375 0.015625 0.015625
1 0.57578125 0.41171875 0.0125 0.01875
1 0.15546875 0.3140625 0.0109375 0.0140625
1 0.68359375 0.37109375 0.0109375 0.015625
1 0.2953125 0.4578125 0.0109375 0.0171875
1 0.81953125 0.8921875 0.0109375 0.015625
1 0.703125 0.40703125 0.0125 0.0140625
1 0.6796875 0.409375 0.0125 0.0125
1 0.70234375 0.43359375 0.0140625 0.015625
1 0.23984375 0.89921875 0.0140625 0.0203125
1 0.8671875 0.27109375 0.009375 0.0125
1 0.578125 0.303125 0.0109375 0.0140625
1 0.12421875 0.26640625 0.009375 0.0125
1 0.8140625 0.87265625 0.009375 0.0109375
1 0.31953125 0.390625 0.0109375 0.0140625
1 0.5796875 0.3625 0.0109375 0.0140625
1 0.06796875 0.4109375 0.0125 0.01875
1 0.6578125 0.32578125 0.0109375 0.015625
1 0.328125 0.3203125 0.0125 0.015625
1 0.12890625 0.3078125 0.0109375 0.0140625
1 0.771875 0.871875 0.0078125 0.0109375
1 0.16796875 0.26875 0.0109375 0.0140625
0 0.3921875 0.7125 0.0125 0.025
1 0.81484375 0.2734375 0.0078125 0.0109375
1 0.33828125 0.26484375 0.0078125 0.0140625
1 0.0234375 0.6390625 0.0125 0.0140625
1 0.7265625 0.46328125 0.0125 0.0140625
1 0.871875 0.8984375 0.0109375 0.015625
1 0.58515625 0.290625 0.0109375 0.0171875
1 0.58984375 0.64296875 0.015625 0.0171875
1 0.6421875 0.65078125 0.0109375 0.0109375
1 0.16328125 0.85234375 0.009375 0.0109375
1 0.615625 0.34609375 0.0109375 0.015625
1 0.53359375 0.27578125 0.009375 0.0125
1 0.62265625 0.37265625 0.0125 0.0171875
1 0.68125 0.38828125 0.0109375 0.0125
1 0.14375 0.86875 0.0109375 0.0140625
1 0.05234375 0.334375 0.0125 0.0171875
1 0.3390625 0.31875 0.0109375 0.015625
1 0.5421875 0.2609375 0.009375 0.0125
1 0.0109375 0.3859375 0.015625 0.01875
1 0.1109375 0.2765625 0.009375 0.0140625
0 0.5921875 0.990625 0.0203125 0.01875
1 0.73515625 0.52578125 0.0140625 0.015625
1 0.53125 0.290625 0.0125 0.0140625
1 0.059375 0.87421875 0.0125 0.015625
1 0.69609375 0.38125 0.0109375 0.0140625
1 0.88515625 0.27109375 0.0109375 0.0125
4 0.5328125 0.8484375 0.0359375 0.0359375
1 0.20390625 0.85390625 0.0078125 0.0109375
1 0.86640625 0.87265625 0.009375 0.0109375
1 0.2859375 0.44921875 0.0125 0.0140625
1 0.52109375 0.29375 0.0125 0.015625
1 0.6078125 0.64609375 0.009375 0.015625
0 0.94140625 0.9875 0.021875 0.025
1 0.1921875 0.64140625 0.015625 0.0109375
1 0.34296875 0.3 0.009375 0.0140625
1 0.32421875 0.40546875 0.009375 0.0140625
1 0.08515625 0.31015625 0.0125 0.015625
1 0.0609375 0.921875 0.0140625 0.01875
1 0.809375 0.26953125 0.009375 0.0109375
1 0.31875 0.42734375 0.0140625 0.015625
1 0.58203125 0.37890625 0.0109375 0.0140625
1 0.95703125 0.34921875 0.0109375 0.015625
1 0.1046875 0.87890625 0.0109375 0.0171875
1 0.60234375 0.3375 0.0109375 0.015625
1 0.4984375 0.61796875 0.0125 0.015625
1 0.2125 0.85 0.009375 0.0109375
1 0.271875 0.478125 0.0109375 0.0140625
1 0.90078125 0.32578125 0.0109375 0.0125
1 0.62265625 0.3578125 0.0109375 0.0125
1 0.35 0.29375 0.0078125 0.0125
1 0.0890625 0.63984375 0.0125 0.0109375
1 0.10859375 0.85703125 0.0078125 0.0109375
1 0.32265625 0.378125 0.009375 0.0109375
1 0.07890625 0.34921875 0.009375 0.0140625
1 0.09296875 0.346875 0.0109375 0.0125
1 0.490625 0.61875 0.0078125 0.0140625
1 0.978125 0.35703125 0.0125 0.015625
1 0.6796875 0.353125 0.0109375 0.0125
1 0.05078125 0.89609375 0.0140625 0.0203125
1 0.91171875 0.30859375 0.0109375 0.0125
1 0.55625 0.25859375 0.0109375 0.0125
1 0.46640625 0.50859375 0.0140625 0.01875
1 0.98671875 0.3609375 0.0125 0.015625
1 0.0734375 0.8890625 0.0109375 0.0125
0 0.08799470937500001 0.319175309375 0.08246621562499999 0.33714630625 0.08832225 0.346962490625 0.0943926171875 0.34566925625 0.09887020468749999 0.337405365625 0.09819437656249999 0.3276709890625 0.08799470937500001 0.319175309375
0 0.07482458125 0.32728921718750004 0.08094591875 0.3371054015625 0.0864448265625 0.333021178125 0.0858504015625 0.3177320921875 0.0795330265625 0.31763664999999996 0.07482458125 0.32728921718750004
0 0.07883836875 0.4106780328125 0.078104828125 0.4051096890625 0.07004172187499999 0.3883092125 0.0625302390625 0.3867978234375 0.055622356250000005 0.397798165625 0.058738446875 0.4103508015625 0.0653344671875 0.41601458750000003 0.0728459484375 0.4175259765625 0.07883836875 0.4106780328125