2 0.246875 0.2046875 0.1234375 0.0703125
4 0.54765625 0.26015625 0.1078125 0.0859375
4 0.846875 0.31953125 0.0921875 0.0765625
4 0.3875 0.26015625 0.0984375 0.078125
2 0.7625 0.2171875 0.1265625 0.0640625
1 0.35078125 0.47578125 0.0453125 0.0234375
1 0.1296875 0.40859375 0.0453125 0.021875
1 0.90078125 0.590625 0.0484375 0.025
1 0.45078125 0.6140625 0.0484375 0.0234375
1 0.590625 0.5703125 0.0484375 0.025
1 0.890625 0.45703125 0.046875 0.021875
1 0.428125 0.5640625 0.0484375 0.025
1 0.484375 0.38203125 0.04375 0.01875
1 0.490625 0.49140625 0.046875 0.0234375
3 0.71875 0.8609375 0.084375 0.0546875
1 0.01640625 0.4640625 0.0328125 0.021875
1 0.1625 0.43203125 0.0453125 0.021875
1 0.68359375 0.4640625 0.0453125 0.0234375
1 0.85625 0.4640625 0.0453125 0.0203125
1 0.91953125 0.45546875 0.0453125 0.0203125
1 0.6109375 0.3265625 0.04375 0.01875
1 0.903125 0.553125 0.046875 0.0234375
1 0.3953125 0.403125 0.04375 0.01875
1 0.60234375 0.528125 0.046875 0.0234375
1 0.9203125 0.43515625 0.0453125 0.0203125
1 0.5203125 0.43046875 0.04375 0.0203125
1 0.5734375 0.46640625 0.046875 0.021875
1 0.9203125 0.40859375 0.0453125 0.01875
1 0.271875 0.5359375 0.046875 0.025
1 0.38515625 0.3 0.0421875 0.015625
1 0.5734375 0.3984375 0.04375 0.0203125
1 0.396875 0.36953125 0.04375 0.01875
1 0.85546875 0.35625 0.04375 0.01875
1 0.5625 0.5609375 0.046875 0.025
1 0.6984375 0.3984375 0.04375 0.01875
1 0.603125 0.49921875 0.0453125 0.021875
1 0.44453125 0.43359375 0.0453125 0.021875
1 0.3984375 0.33671875 0.04375 0.01875
1 0.61328125 0.425 0.04375 0.0203125
1 0.5859375 0.43515625 0.04375 0.01875
1 0.93359375 0.40546875 0.0453125 0.0203125
1 0.38359375 0.33515625 0.04375 0.01875
1 0.40078125 0.5578125 0.046875 0.025
1 0.54296875 0.584375 0.046875 0.025
1 0.40390625 0.38828125 0.0453125 0.01875
1 0.33125 0.56171875 0.0484375 0.0265625
1 0.1671875 0.6015625 0.0484375 0.0265625
4 0.76875 0.87109375 0.1046875 0.075
1 0.36953125 0.49453125 0.046875 0.0234375
1 0.3609375 0.296875 0.0421875 0.0171875
1 0.98203125 0.3875 0.0359375 0.01875
1 0.621875 0.48984375 0.0453125 0.0234375
1 0.521875 0.409375 0.04375 0.0203125
1 0.65234375 0.53828125 0.0421875 0.01875
1 0.50859375 0.40390625 0.04375 0.01875
1 0.57578125 0.359375 0.04375 0.0203125
1 0.4265625 0.4203125 0.0453125 0.0203125
1 0.571875 0.4203125 0.04375 0.01875
1 0.26640625 0.4515625 0.04375 0.021875
1 0.3125 0.34765625 0.0453125 0.01875
1 0.38828125 0.46015625 0.0453125 0.021875
1 0.21015625 0.4125 0.040625 0.0171875
1 0.57265625 0.53046875 0.046875 0.0234375
1 0.66328125 0.359375 0.0421875 0.01875
1 0.353125 0.43203125 0.0453125 0.021875
1 0.6359375 0.89609375 0.0453125 0.0203125
1 0.31171875 0.325 0.04375 0.01875
1 0.38671875 0.4421875 0.0453125 0.0203125
1 0.97734375 0.434375 0.0453125 0.021875
1 0.80625 0.9296875 0.05 0.0265625
1 0.37890625 0.42734375 0.0453125 0.01875
1 0.81171875 0.3609375 0.04375 0.0171875
1 0.98125 0.56796875 0.0375 0.0234375
1 0.0296875 0.903125 0.046875 0.0234375
1 0.5671875 0.43359375 0.0453125 0.0171875
1 0.15 0.26796875 0.0421875 0.015625
1 0.815625 0.43046875 0.0453125 0.021875
1 0.34296875 0.29921875 0.04375 0.0171875
1 0.54375 0.415625 0.0453125 0.01875
1 0.45234375 0.2921875 0.0421875 0.0171875
1 0.0515625 0.38125 0.0453125 0.01875
1 0.46484375 0.403125 0.0453125 0.0203125
1 0.028125 0.9671875 0.05 0.0234375
1 0.41640625 0.43203125 0.0453125 0.021875
1 0.16796875 0.3125 0.04375 0.01875
1 0.63203125 0.328125 0.04375 0.01875
1 0.43515625 0.37421875 0.04375 0.01875
1 0.934375 0.58046875 0.0453125 0.0234375
1 0.4890625 0.4375 0.0453125 0.01875
1 0.60703125 0.34296875 0.0453125 0.01875
1 0.934375 0.4421875 0.0453125 0.0203125
1 0.76640625 0.9265625 0.0484375 0.025
1 0.3515625 0.41171875 0.0453125 0.01875
1 0.31171875 0.565625 0.0484375 0.0265625
1 0.6953125 0.89453125 0.04375 0.021875
1 0.61015625 0.90390625 0.0453125 0.01875
1 0.67421875 0.34453125 0.0421875 0.0171875
1 0.475 0.42578125 0.0453125 0.0203125
1 0.91328125 0.384375 0.04375 0.01875
1 0.5421875 0.36640625 0.04375 0.0171875
1 0.9453125 0.43125 0.046875 0.0234375
1 0.6 0.478125 0.0453125 0.0203125
1 0.090625 0.346875 0.0453125 0.01875
1 0.4484375 0.27265625 0.0421875 0.0171875
1 0.45859375 0.3546875 0.04375 0.0171875
1 0.7296875 0.92890625 0.05 0.0265625
1 0.45703125 0.34140625 0.04375 0.015625
1 0.45078125 0.35625 0.04375 0.01875
1 0.89296875 0.35078125 0.04375 0.01875
1 0.940625 0.36171875 0.04375 0.01875
1 0.165625 0.2796875 0.0421875 0.015625
1 0.4296875 0.28046875 0.0421875 0.015625
1 0.5546875 0.334375 0.04375 0.01875
1 0.67265625 0.89296875 0.04375 0.0203125
1 0.06953125 0.32890625 0.04375 0.015625
1 0.696875 0.8796875 0.040625 0.015625
1 0.34921875 0.365625 0.04375 0.01875
1 0.49375 0.28125 0.0421875 0.015625
1 0.95078125 0.3578125 0.0453125 0.01875
1 0.56328125 0.4484375 0.046875 0.0203125
1 0.88046875 0.9078125 0.04375 0.0203125
1 0.06171875 0.3421875 0.04375 0.0171875
1 0.33984375 0.36015625 0.04375 0.01875
1 0.7484375 0.90078125 0.0453125 0.015625
1 0.42109375 0.353125 0.0453125 0.01875
1 0.06171875 0.9 0.046875 0.0234375
1 0.43671875 0.64453125 0.04375 0.0140625
1 0.52109375 0.37421875 0.04375 0.01875
1 0.37109375 0.35546875 0.04375 0.01875
1 0.5390625 0.53203125 0.0453125 0.0171875
1 0.853125 0.90078125 0.04375 0.0203125
1 0.31953125 0.36953125 0.0453125 0.0203125
1 0.553125 0.39921875 0.04375 0.01875
1 0.5875 0.465625 0.0453125 0.01875
1 0.46953125 0.90390625 0.04375 0.015625
1 0.92421875 0.39375 0.04375 0.0171875
1 0.415625 0.31953125 0.04375 0.0171875
1 0.16953125 0.26484375 0.04375 0.015625
1 0.35859375 0.34140625 0.04375 0.015625
1 0.4046875 0.321875 0.0453125 0.01875
1 0.43203125 0.35703125 0.0453125 0.015625
1 0.62578125 0.32109375 0.0421875 0.0171875
1 0.6671875 0.33046875 0.04375 0.0171875
1 0.03203125 0.34921875 0.0453125 0.0203125
1 0.0921875 0.8671875 0.0421875 0.015625
1 0.0484375 0.36875 0.04375 0.015625
1 0.42578125 0.33828125 0.04375 0.0171875
1 0.490625 0.2625 0.04375 0.015625
1 0.90078125 0.33828125 0.0421875 0.015625
1 0.7953125 0.90390625 0.0453125 0.01875
1 0.10703125 0.27578125 0.04375 0.0171875
1 0.64609375 0.2984375 0.0421875 0.0171875
1 0.08984375 0.33203125 0.04375 0.01875
1 0.55546875 0.35703125 0.0453125 0.01875
1 0.3625 0.3703125 0.04375 0.01875
1 0.5140625 0.28203125 0.0453125 0.01875
1 0.5234375 0.35703125 0.04375 0.015625
1 0.5125 0.37578125 0.04375 0.01875
1 0.1921875 0.2875 0.04375 0.015625
1 0.065625 0.9296875 0.0453125 0.0171875
1 0.59140625 0.44921875 0.0453125 0.015625
1 0.4125 0.33828125 0.04375 0.01875
1 0.08203125 0.8515625 0.040625 0.0140625
1 0.6390625 0.31015625 0.04375 0.0171875
1 0.40390625 0.86953125 0.0421875 0.0125
1 0.51328125 0.35625 0.0421875 0.0171875
1 0.65546875 0.32265625 0.04375 0.015625
1 0.01796875 0.35859375 0.0359375 0.0203125
1 0.8515625 0.6578125 0.0453125 0.01875
1 0.89609375 0.29609375 0.04375 0.0171875
1 0.81171875 0.8953125 0.0453125 0.01875
1 0.6109375 0.26171875 0.04375 0.015625
1 0.42734375 0.25546875 0.0421875 0.015625
1 0.046875 0.9109375 0.05 0.0265625
1 0.53984375 0.38359375 0.0453125 0.01875
1 0.92421875 0.3234375 0.04375 0.0171875
1 0.5234375 0.3453125 0.0421875 0.0140625
1 0.39140625 0.325 0.0421875 0.0171875
1 0.1015625 0.88125 0.04375 0.015625
1 0.8796875 0.309375 0.0421875 0.0171875
1 0.29296875 0.61640625 0.0453125 0.0171875
1 0.9828125 0.6484375 0.034375 0.01875
1 0.3421875 0.3953125 0.04375 0.01875
1 0.934375 0.32890625 0.04375 0.0171875
1 0.11640625 0.26875 0.04375 0.0171875
1 0.928125 0.30859375 0.0421875 0.015625
1 0.096875 0.85078125 0.040625 0.0140625
1 0.0390625 0.87421875 0.0453125 0.0203125
1 0.04375 0.9296875 0.0453125 0.0140625
1 0.390625 0.8625 0.0421875 0.015625
0 0.54921875 0.9890625 0.0515625 0.021875
1 0.0890625 0.88203125 0.0453125 0.01875
1 0.8234375 0.2734375 0.04375 0.01875
1 0.6453125 0.86484375 0.040625 0.0140625
1 0.14453125 0.86015625 0.0421875 0.015625
1 0.06015625 0.96796875 0.04375 0.0171875
1 0.01796875 0.9515625 0.0359375 0.034375
1 0.06875 0.87265625 0.04375 0.0171875
1 0.11875 0.84609375 0.040625 0.0140625
1 0.815625 0.87578125 0.040625 0.0140625
1 0.3515625 0.39453125 0.0453125 0.01875
1 0.9609375 0.34453125 0.04375 0.0171875
1 0.76015625 0.91171875 0.0453125 0.0171875
1 0.06953125 0.31484375 0.04375 0.015625
1 0.78125 0.92578125 0.0484375 0.0234375
1 0.3328125 0.25703125 0.0421875 0.015625
1 0.91171875 0.29453125 0.04375 0.0171875
1 0.12265625 0.26015625 0.0421875 0.0171875
1 0.86953125 0.9 0.0453125 0.01875
1 0.95 0.32734375 0.04375 0.01875
1 0.8875 0.2921875 0.04375 0.0171875
1 0.21484375 0.84375 0.0421875 0.0140625
1 0.72890625 0.65390625 0.0484375 0.0171875
1 0.59296875 0.2578125 0.0421875 0.015625
1 0.87890625 0.290625 0.0421875 0.0171875
1 0.58359375 0.26953125 0.0421875 0.0140625
1 0.8046875 0.8765625 0.04375 0.0140625