2 0.77265625 0.22578125 0.121875 0.0625
3 0.52734375 0.29765625 0.0953125 0.075
2 0.25625 0.20078125 0.1234375 0.0546875
1 0.21796875 0.5828125 0.046875 0.021875
1 0.921875 0.47890625 0.0421875 0.015625
1 0.62265625 0.44765625 0.0421875 0.0171875
1 0.1546875 0.3921875 0.0421875 0.015625
1 0.75390625 0.5734375 0.0453125 0.0203125
1 0.43359375 0.553125 0.04375 0.0203125
1 0.709375 0.50078125 0.0421875 0.0171875
1 0.46015625 0.45 0.040625 0.0140625
1 0.24609375 0.50703125 0.0421875 0.01875
1 0.8921875 0.4765625 0.0421875 0.0171875
4 0.4609375 0.3953125 0.1171875 0.103125
1 0.63046875 0.5109375 0.04375 0.0203125
1 0.275 0.60078125 0.04375 0.0203125
1 0.41640625 0.540625 0.04375 0.0203125
1 0.46875 0.48046875 0.040625 0.0171875
3 0.56171875 0.40546875 0.1171875 0.1
1 0.53671875 0.48515625 0.0421875 0.0171875
1 0.33671875 0.50625 0.04375 0.01875
1 0.3203125 0.528125 0.04375 0.01875
1 0.2953125 0.5546875 0.0453125 0.0203125
1 0.6796875 0.60078125 0.0453125 0.021875
1 0.30625 0.8953125 0.0421875 0.015625
1 0.5984375 0.47265625 0.0421875 0.0171875
1 0.334375 0.440625 0.0421875 0.015625
1 0.6359375 0.90546875 0.0421875 0.0140625
1 0.38046875 0.31796875 0.040625 0.0140625
1 0.571875 0.4921875 0.0421875 0.01875
1 0.675 0.46328125 0.0421875 0.01875
1 0.29453125 0.875 0.0390625 0.0140625
1 0.61328125 0.3546875 0.040625 0.0140625
1 0.81640625 0.4609375 0.0421875 0.015625
1 0.2859375 0.5125 0.0421875 0.01875
1 0.11015625 0.50546875 0.04375 0.0203125
1 0.6890625 0.375 0.040625 0.0125
1 0.11875 0.38359375 0.0421875 0.015625
1 0.95078125 0.52734375 0.04375 0.01875
1 0.584375 0.4640625 0.0421875 0.0171875
1 0.20546875 0.92890625 0.0484375 0.0265625
1 0.07109375 0.3828125 0.0421875 0.015625
1 0.87109375 0.43671875 0.040625 0.015625
1 0.4875 0.44609375 0.0421875 0.015625
1 0.25234375 0.89296875 0.04375 0.0171875
1 0.04375 0.434375 0.04375 0.0171875
1 0.325 0.4171875 0.0421875 0.015625
1 0.87109375 0.41640625 0.040625 0.0125
3 0.92421875 0.43046875 0.13125 0.1046875
1 0.85234375 0.45625 0.0421875 0.015625
1 0.2796875 0.58125 0.04375 0.0171875
1 0.5078125 0.47109375 0.0421875 0.01875
1 0.328125 0.459375 0.0421875 0.0171875
1 0.1296875 0.278125 0.0390625 0.0125
1 0.62890625 0.390625 0.040625 0.015625
1 0.4953125 0.465625 0.0421875 0.015625
0 0.20234375 0.121875 0.0421875 0.0171875
1 0.27890625 0.87578125 0.040625 0.015625
1 0.01796875 0.44765625 0.0359375 0.0171875
1 0.67109375 0.38046875 0.040625 0.015625
1 0.29609375 0.44453125 0.0421875 0.0171875
1 0.61328125 0.90703125 0.040625 0.0125
1 0.28046875 0.559375 0.0453125 0.0171875
1 0.171875 0.6296875 0.04375 0.01875
1 0.6859375 0.46640625 0.04375 0.0171875
1 0.5640625 0.46484375 0.0421875 0.01875
1 0.70546875 0.45078125 0.0421875 0.0140625
0 0.1765625 0.15625 0.040625 0.015625
3 0.77265625 0.8859375 0.128125 0.0953125
1 0.49921875 0.44921875 0.0421875 0.0140625
1 0.21484375 0.8828125 0.040625 0.0140625
1 0.33203125 0.884375 0.04375 0.0140625
1 0.690625 0.496875 0.0421875 0.015625
0 0.171875 0.1375 0.040625 0.0140625
1 0.346875 0.3125 0.0390625 0.0125
1 0.403125 0.27734375 0.0390625 0.0125
1 0.840625 0.36171875 0.040625 0.0140625
1 0.61171875 0.3125 0.040625 0.0140625
1 0.65625 0.30234375 0.040625 0.0125
1 0.51328125 0.35234375 0.040625 0.0125
1 0.1265625 0.63203125 0.040625 0.015625
1 0.62890625 0.3203125 0.040625 0.0125
1 0.33828125 0.42109375 0.040625 0.0171875
1 0.11796875 0.2890625 0.0390625 0.0125
1 0.3359375 0.4015625 0.040625 0.0125
1 0.9828125 0.51796875 0.034375 0.0171875
1 0.32734375 0.4 0.040625 0.0125
1 0.8265625 0.43203125 0.0421875 0.015625
1 0.621875 0.34375 0.0390625 0.0125
1 0.47890625 0.2828125 0.040625 0.0125
1 0.3765625 0.2875 0.0390625 0.0109375
1 0.63984375 0.35625 0.040625 0.0125
1 0.30546875 0.45703125 0.0421875 0.015625
1 0.19765625 0.30234375 0.040625 0.0140625
1 0.20625 0.6 0.04375 0.015625
0 0.1375 0.17578125 0.0421875 0.015625
1 0.078125 0.3046875 0.040625 0.0125
1 0.03046875 0.32578125 0.040625 0.0125
1 0.321875 0.50546875 0.0453125 0.015625
0 0.190625 0.0734375 0.0421875 0.01875
1 0.22109375 0.63515625 0.0453125 0.0171875
1 0.57265625 0.3265625 0.040625 0.0140625
4 0.45703125 0.85859375 0.065625 0.0453125
1 0.6359375 0.33515625 0.0390625 0.0125
1 0.83515625 0.29765625 0.0390625 0.0125
1 0.62265625 0.2953125 0.0390625 0.0125
1 0.39296875 0.34765625 0.0421875 0.015625
1 0.05078125 0.39921875 0.0421875 0.0140625
1 0.5546875 0.346875 0.0421875 0.0140625
1 0.0125 0.4328125 0.025 0.015625
1 0.66875 0.32109375 0.0390625 0.0140625
0 0.1828125 0.79296875 0.0390625 0.0109375
1 0.5828125 0.33125 0.0390625 0.0140625
1 0.440625 0.45859375 0.0421875 0.015625
0 0.271875 0.70234375 0.0421875 0.01875
1 0.22578125 0.9484375 0.05 0.0296875
1 0.81171875 0.4109375 0.0421875 0.0140625
1 0.6984375 0.440625 0.040625 0.0140625
1 0.31796875 0.4484375 0.04375 0.015625
1 0.85390625 0.48046875 0.040625 0.0109375
1 0.96796875 0.48359375 0.0421875 0.015625
1 0.38671875 0.26484375 0.0390625 0.0109375
1 0.3828125 0.27734375 0.040625 0.0109375
1 0.8140625 0.39296875 0.040625 0.0125
1 0.2 0.61953125 0.0375 0.009375
1 0.6859375 0.909375 0.040625 0.0125
1 0.521875 0.371875 0.040625 0.0125
1 0.6109375 0.42109375 0.040625 0.015625
0 0.12109375 0.79375 0.040625 0.015625
1 0.12890625 0.35234375 0.0421875 0.0140625
1 0.9765625 0.503125 0.04375 0.015625
1 0.65546875 0.34375 0.040625 0.0125
0 0.15390625 0.121875 0.0421875 0.0140625
1 0.50859375 0.38203125 0.0390625 0.0109375
0 0.1953125 0.1859375 0.0390625 0.0140625
0 0.1609375 0.146875 0.040625 0.0109375
1 0.153125 0.2578125 0.0390625 0.009375
1 0.8921875 0.946875 0.046875 0.0234375
1 0.9875 0.4828125 0.025 0.015625
0 0.19609375 0.74375 0.040625 0.015625
1 0.29609375 0.60546875 0.0421875 0.015625
1 0.2234375 0.92109375 0.0421875 0.015625
1 0.59375 0.26640625 0.0390625 0.0125
0 0.18046875 0.78046875 0.0390625 0.0140625
1 0.88046875 0.2859375 0.040625 0.0109375
1 0.90234375 0.29453125 0.0390625 0.0125
1 0.809375 0.38125 0.0390625 0.0125
1 0.45078125 0.2609375 0.0390625 0.0109375
1 0.49921875 0.2859375 0.0375 0.0109375
1 0.47890625 0.25703125 0.0390625 0.0109375
1 0.27109375 0.9796875 0.046875 0.01875
1 0.60234375 0.42734375 0.0421875 0.015625
1 0.3125 0.60859375 0.0421875 0.0140625
1 0.0515625 0.3125 0.040625 0.0125
1 0.80703125 0.94453125 0.046875 0.0296875
1 0.49453125 0.2703125 0.040625 0.0109375
1 0.6296875 0.28515625 0.040625 0.0109375
1 0.91171875 0.915625 0.04375 0.01875
1 0.5203125 0.3890625 0.040625 0.015625
1 0.35625 0.25234375 0.040625 0.0109375
1 0.34765625 0.29765625 0.0390625 0.009375
1 0.8265625 0.4171875 0.040625 0.0109375
1 0.6421875 0.2859375 0.040625 0.0140625
1 0.4484375 0.50078125 0.040625 0.0125
1 0.40625 0.25390625 0.0390625 0.0109375
0 0.16640625 0.8 0.0390625 0.0125
1 0.55390625 0.26171875 0.0390625 0.0109375
1 0.97890625 0.47109375 0.0421875 0.0171875
1 0.6046875 0.990625 0.046875 0.0171875
0 0.10859375 0.796875 0.040625 0.0140625
1 0.39609375 0.26640625 0.0421875 0.0109375
1 0.2140625 0.8671875 0.040625 0.0109375
1 0.2 0.85859375 0.0375 0.009375
0 0.11171875 0.81953125 0.040625 0.0125
1 0.0484375 0.91875 0.046875 0.0265625
1 0.17578125 0.89921875 0.0421875 0.0203125
1 0.6640625 0.2828125 0.0390625 0.0125
1 0.4546875 0.88671875 0.0390625 0.0109375
0 0.17578125 0.80703125 0.0421875 0.0140625
1 0.65625 0.28671875 0.0421875 0.015625
0 0.171875 0.759375 0.0390625 0.0140625
1 0.675 0.359375 0.04375 0.0140625
1 0.671875 0.9046875 0.04375 0.015625
1 0.89140625 0.28984375 0.0421875 0.0125
1 0.6859375 0.3578125 0.040625 0.0140625
1 0.66171875 0.2703125 0.0390625 0.009375
0 0.2078125 0.803125 0.040625 0.0140625
3 0.54921875 0.8390625 0.071875 0.046875
1 0.03359375 0.9578125 0.05 0.0328125
0 0.08671875 0.21015625 0.0390625 0.0140625
1 0.59296875 0.86171875 0.0375 0.009375
0 0.12109375 0.2171875 0.0390625 0.0125
1 0.1890625 0.90546875 0.046875 0.0203125
1 0.4703125 0.89140625 0.0390625 0.0109375
1 0.6453125 0.52578125 0.0390625 0.0109375
1 0.12109375 0.86015625 0.040625 0.0140625
1 0.38203125 0.25234375 0.040625 0.0109375
1 0.9203125 0.88046875 0.040625 0.0125
1 0.61171875 0.265625 0.0390625 0.0109375
1 0.6984375 0.48515625 0.0421875 0.015625
1 0.98671875 0.6140625 0.0265625 0.0125
1 0.43984375 0.8859375 0.0375 0.0109375
1 0.69140625 0.89609375 0.0421875 0.0171875
0 0.1359375 0.2109375 0.040625 0.0125
1 0.6828125 0.8875 0.0390625 0.0109375
1 0.9875 0.41015625 0.025 0.0140625
1 0.578125 0.87421875 0.0390625 0.009375
1 0.90703125 0.87890625 0.0375 0.009375
1 0.68046875 0.3390625 0.0421875 0.0109375
1 0.24375 0.9359375 0.0453125 0.0203125
1 0.61953125 0.27890625 0.0421875 0.0125
1 0.01953125 0.97890625 0.0390625 0.0078125
1 0.06015625 0.38828125 0.040625 0.015625
1 0.77734375 0.94921875 0.0453125 0.0234375
1 0.44765625 0.8875 0.040625 0.0125
1 0.66171875 0.9921875 0.0515625 0.0140625
1 0.4921875 0.25546875 0.0390625 0.009375
1 0.50703125 0.25859375 0.040625 0.0109375
1 0.98125 0.48671875 0.0375 0.0140625
0 0.13515625 0.2234375 0.040625 0.0109375
1 0.078125 0.278125 0.040625 0.0125
0 0.13125 0.82890625 0.0375 0.009375
1 0.07265625 0.28671875 0.0390625 0.0109375
0 0.20310719531250002 0.22564538281250002 0.20096645624999998 0.21604624687500001 0.1669424890625 0.21585815312499998 0.16483022812499998 0.22543377812499998 0.20310719531250002 0.22564538281250002
0 0.154680365625 0.21589933437500003 0.1646986203125 0.20757734062500002 0.13203408125 0.2061939 0.126130825 0.21453937656250002 0.154680365625 0.21589933437500003
0 0.1809062203125 0.23491137499999998 0.1709845484375 0.2263387890625 0.1439124046875 0.22617180312500001 0.1417515359375 0.2371016890625 0.1809062203125 0.23491137499999998
0 0.0962592 0.22006097812499997 0.1392291359375 0.21932353437500002 0.13794891250000002 0.211767525 0.122260940625 0.20529414687499997 0.0954856 0.20748406562500002 0.088605196875 0.21494145156250002 0.0962592 0.22006097812499997