4 0.55234375 0.34453125 0.0609375 0.08671875
3 0.6203125 0.359375 0.07578125 0.0875
3 0.31171875 0.50859375 0.115625 0.140625
4 0.08671875 0.50078125 0.0734375 0.096875
4 0.76953125 0.89375 0.10859375 0.13984375
3 0.92421875 0.43671875 0.08046875 0.10078125
1 0.4359375 0.5171875 0.01171875 0.0203125
1 0.390625 0.434375 0.009375 0.0171875
1 0.740625 0.4828125 0.01015625 0.01875
0 0.78046875 0.21875 0.0109375 0.01640625
2 0.2484375 0.22734375 0.0921875 0.0484375
1 0.53671875 0.42421875 0.01015625 0.01796875
1 0.30234375 0.42265625 0.00859375 0.01640625
4 0.41484375 0.86015625 0.10625 0.103125
1 0.18203125 0.4453125 0.01015625 0.01484375
1 0.2546875 0.4453125 0.01015625 0.01875
1 0.571875 0.87890625 0.0125 0.0203125
1 0.39140625 0.4515625 0.01015625 0.0171875
1 0.0796875 0.43515625 0.01015625 0.0171875
1 0.671875 0.38515625 0.009375 0.01640625
1 0.36875 0.4078125 0.00859375 0.0171875
1 0.68515625 0.41796875 0.01015625 0.015625
1 0.440625 0.56015625 0.01328125 0.021875
1 0.04453125 0.446875 0.0109375 0.01796875
1 0.44609375 0.47734375 0.01171875 0.01875
1 0.02578125 0.57578125 0.01171875 0.02109375
1 0.82734375 0.4390625 0.0109375 0.0171875
1 0.93671875 0.9046875 0.0125 0.02421875
1 0.31875 0.3953125 0.00859375 0.015625
1 0.46796875 0.44453125 0.0109375 0.0171875
1 0.06796875 0.92265625 0.01484375 0.02734375
1 0.14921875 0.95 0.01796875 0.0328125
1 0.1546875 0.5640625 0.01328125 0.021875
1 0.0328125 0.46953125 0.0109375 0.0171875
1 0.21015625 0.484375 0.009375 0.0140625
1 0.55703125 0.39453125 0.009375 0.0140625
1 0.73515625 0.5171875 0.01171875 0.01796875
1 0.734375 0.5578125 0.0125 0.021875
1 0.35390625 0.390625 0.00859375 0.015625
1 0.9734375 0.37421875 0.0109375 0.01640625
1 0.48984375 0.446875 0.0109375 0.01875
1 0.4625 0.3921875 0.009375 0.01640625
1 0.71015625 0.43828125 0.01015625 0.01484375
1 0.8171875 0.41640625 0.01015625 0.01640625
1 0.3421875 0.39375 0.00859375 0.01640625
1 0.409375 0.434375 0.0109375 0.02109375
0 0.7578125 0.18671875 0.0109375 0.02265625
1 0.0140625 0.459375 0.01171875 0.01796875
0 0.79296875 0.12890625 0.0125 0.0203125
1 0.05390625 0.55390625 0.0125 0.0203125
0 0.21640625 0.7625 0.01640625 0.02890625
1 0.70703125 0.4234375 0.009375 0.01171875
1 0.9015625 0.8734375 0.009375 0.01640625
1 0.35234375 0.875 0.009375 0.01796875
1 0.39140625 0.3671875 0.0078125 0.01484375
1 0.34140625 0.33515625 0.0078125 0.0140625
1 0.0546875 0.5796875 0.01328125 0.015625
1 0.84140625 0.90546875 0.01484375 0.02265625
1 0.5890625 0.87734375 0.01171875 0.01875
3 0.68515625 0.86484375 0.075 0.1046875
1 0.21875 0.9203125 0.01640625 0.0265625
1 0.48046875 0.35 0.00859375 0.015625
1 0.0921875 0.39375 0.01015625 0.01484375
0 0.74296875 0.2140625 0.01171875 0.021875
1 0.02265625 0.446875 0.01015625 0.0171875
1 0.8359375 0.3296875 0.009375 0.01328125
1 0.69140625 0.3828125 0.0078125 0.01484375
1 0.81484375 0.62734375 0.01328125 0.0203125
1 0.11171875 0.91875 0.01484375 0.0265625
0 0.1578125 0.7640625 0.015625 0.02578125
0 0.15859375 0.73125 0.01640625 0.0265625
0 0.23359375 0.8078125 0.01796875 0.03125
1 0.1171875 0.3546875 0.0078125 0.01328125
1 0.32890625 0.38203125 0.00859375 0.01484375
1 0.203125 0.96171875 0.0203125 0.03671875
1 0.140625 0.3515625 0.009375 0.0140625
1 0.725 0.53671875 0.01171875 0.0203125
1 0.71015625 0.325 0.00859375 0.01640625
1 0.27890625 0.9046875 0.01171875 0.01171875
1 0.85859375 0.30234375 0.00859375 0.0125
0 0.12265625 0.70625 0.0203125 0.0265625
1 0.6640625 0.3515625 0.00859375 0.01328125
1 0.3859375 0.30234375 0.0078125 0.01171875
1 0.8203125 0.39609375 0.009375 0.01484375
1 0.18515625 0.90234375 0.01328125 0.02265625
1 0.3265625 0.859375 0.01015625 0.01484375
1 0.84296875 0.30390625 0.00703125 0.0125
1 0.14296875 0.57421875 0.01328125 0.021875
1 0.00546875 0.48203125 0.009375 0.01484375
1 0.04375 0.4234375 0.01171875 0.0171875
0 0.84765625 0.05390625 0.01171875 0.01875
1 0.90703125 0.98984375 0.0203125 0.01953125
1 0.8671875 0.40625 0.01171875 0.01953125
1 0.65546875 0.37265625 0.00859375 0.01484375
1 0.30703125 0.85703125 0.009375 0.0140625
1 0.5546875 0.8453125 0.00703125 0.0125
1 0.6453125 0.309375 0.00703125 0.0125
1 0.06171875 0.45 0.01015625 0.015625
1 0.16640625 0.89375 0.01171875 0.01796875
0 0.865625 0.04296875 0.0125 0.01953125
0 0.11171875 0.75703125 0.0125 0.025
1 0.23046875 0.8953125 0.01171875 0.021875
0 0.77265625 0.17109375 0.00859375 0.01484375
1 0.86796875 0.98828125 0.02109375 0.02109375
1 0.1 0.6484375 0.0125 0.015625
1 0.8875 0.4171875 0.01171875 0.01796875
1 0.02734375 0.49140625 0.00625 0.01015625
1 0.93125 0.33046875 0.009375 0.01328125
1 0.37734375 0.37578125 0.009375 0.01484375
1 0.53203125 0.853125 0.00625 0.0109375
1 0.3671875 0.3015625 0.00625 0.0109375
0 0.1953125 0.77265625 0.0265625 0.046875
1 0.06796875 0.40078125 0.00859375 0.0140625
1 0.8375 0.37734375 0.009375 0.01484375
4 0.984375 0.43828125 0.03046875 0.1171875
1 0.63515625 0.8734375 0.0109375 0.01640625
1 0.375 0.353125 0.01015625 0.0125
1 0.72890625 0.33125 0.00703125 0.01328125
1 0.54453125 0.84140625 0.00703125 0.01171875
1 0.47890625 0.903125 0.0109375 0.0125
1 0.91953125 0.33125 0.00859375 0.0125
1 0.37890625 0.3421875 0.00703125 0.0109375
1 0.128125 0.32265625 0.0078125 0.0125
1 0.065625 0.55078125 0.01015625 0.01640625
1 0.8765625 0.32578125 0.009375 0.01328125
1 0.18046875 0.30546875 0.00625 0.0125
1 0.40234375 0.296875 0.00703125 0.0125
1 0.16328125 0.92421875 0.02109375 0.02734375
1 0.33046875 0.36875 0.0078125 0.0109375
1 0.10546875 0.54375 0.01015625 0.0171875
1 0.15234375 0.3078125 0.009375 0.0125
1 0.5484375 0.8234375 0.0078125 0.01328125
1 0.9 0.8953125 0.01015625 0.0140625
1 0.57890625 0.31015625 0.00625 0.0125
1 0.88203125 0.40078125 0.00859375 0.0125
0 0.76875 0.21640625 0.009375 0.01640625
1 0.13046875 0.903125 0.015625 0.0234375
1 0.0609375 0.878125 0.0125 0.0203125
1 0.46953125 0.43125 0.01015625 0.01171875
1 0.02265625 0.4265625 0.0109375 0.015625
1 0.66171875 0.2953125 0.009375 0.01171875
1 0.18828125 0.30859375 0.0078125 0.01484375
1 0.44140625 0.90546875 0.00625 0.0109375
1 0.265625 0.80703125 0.0125 0.01953125
1 0.48046875 0.2984375 0.00703125 0.0125
1 0.47890625 0.88515625 0.0125 0.021875
1 0.0765625 0.396875 0.00859375 0.015625
1 0.6796875 0.353125 0.00703125 0.01328125
1 0.42890625 0.296875 0.00625 0.01328125
1 0.11015625 0.3375 0.00859375 0.01328125
1 0.56953125 0.8265625 0.0078125 0.01171875
1 0.91640625 0.971875 0.0078125 0.01171875
1 0.88046875 0.30390625 0.0078125 0.0125
1 0.075 0.9921875 0.0203125 0.01328125
1 0.6921875 0.35546875 0.00859375 0.01484375
1 0.078125 0.87578125 0.009375 0.015625
1 0.5390625 0.80625 0.00703125 0.01171875
1 0.290625 0.84453125 0.0140625 0.0234375
0 0.88671875 0.01171875 0.0125 0.0203125
1 0.4515625 0.2953125 0.00859375 0.0125
1 0.83125 0.36640625 0.00703125 0.0109375
1 0.64296875 0.825 0.01171875 0.01953125
1 0.11953125 0.3296875 0.009375 0.01484375
1 0.21875 0.88828125 0.0109375 0.015625
1 0.66484375 0.328125 0.0078125 0.01328125
0 0.1859375 0.7453125 0.015625 0.02421875
1 0.8546875 0.62890625 0.0140625 0.01953125
2 0.771875 0.21640625 0.0828125 0.06953125
1 0.1125 0.8859375 0.01171875 0.01875
1 0.8265625 0.85078125 0.00859375 0.0125
1 0.68046875 0.29453125 0.00625 0.0109375
1 0.0515625 0.378125 0.01015625 0.0140625
1 0.884375 0.8453125 0.00703125 0.0109375
1 0.07265625 0.378125 0.0109375 0.015625
1 0.5484375 0.29765625 0.00859375 0.01171875
1 0.80234375 0.95703125 0.01953125 0.034375
1 0.2015625 0.89609375 0.015625 0.021875
1 0.065625 0.896875 0.0109375 0.015625
1 0.0625 0.56953125 0.0125 0.0171875
1 0.9234375 0.84921875 0.009375 0.0140625