2 0.23984375 0.209375 0.1234375 0.0734375
4 0.89140625 0.8453125 0.0890625 0.09375
3 0.7953125 0.8609375 0.11875 0.096875
1 0.72578125 0.584375 0.0484375 0.03125
1 0.8796875 0.459375 0.04375 0.025
1 0.8640625 0.57890625 0.046875 0.03125
1 0.83046875 0.43984375 0.04375 0.025
3 0.2375 0.878125 0.175 0.165625
1 0.74375 0.46015625 0.04375 0.0265625
1 0.52265625 0.43125 0.04375 0.025
1 0.7171875 0.496875 0.0453125 0.028125
4 0.559375 0.54375 0.15 0.125
1 0.67890625 0.41484375 0.0421875 0.025
4 0.45546875 0.35625 0.096875 0.1109375
1 0.6953125 0.415625 0.04375 0.025
1 0.3390625 0.8953125 0.0453125 0.0265625
1 0.021875 0.4859375 0.04375 0.028125
1 0.6796875 0.4640625 0.04375 0.025
1 0.49296875 0.57734375 0.046875 0.0328125
1 0.3921875 0.40078125 0.0421875 0.025
1 0.11484375 0.91953125 0.0515625 0.0390625
1 0.54765625 0.434375 0.0421875 0.0234375
3 0.91484375 0.40859375 0.10625 0.0984375
1 0.6109375 0.425 0.0421875 0.0234375
1 0.021875 0.44375 0.04375 0.025
1 0.69921875 0.4625 0.04375 0.025
1 0.34765625 0.37578125 0.0421875 0.0234375
1 0.67578125 0.4890625 0.04375 0.0265625
1 0.15625 0.8671875 0.04375 0.025
1 0.4875 0.446875 0.04375 0.0265625
1 0.98203125 0.4671875 0.0359375 0.025
1 0.7 0.446875 0.0421875 0.0203125
1 0.6546875 0.871875 0.0453125 0.025
1 0.30859375 0.49375 0.0453125 0.028125
1 0.69609375 0.37578125 0.0421875 0.0234375
1 0.58671875 0.43515625 0.04375 0.025
1 0.425 0.378125 0.040625 0.021875
1 0.7109375 0.453125 0.0421875 0.025
1 0.75 0.55859375 0.0453125 0.03125
1 0.87421875 0.4078125 0.040625 0.0234375
1 0.69765625 0.8921875 0.04375 0.0265625
1 0.01875 0.4640625 0.0375 0.028125
1 0.05078125 0.3578125 0.0421875 0.0234375
1 0.825 0.42109375 0.0421875 0.025
1 0.6078125 0.38359375 0.0421875 0.021875
1 0.50546875 0.38828125 0.04375 0.025
1 0.61875 0.3578125 0.0421875 0.021875
1 0.6078125 0.45390625 0.04375 0.025
1 0.6078125 0.47265625 0.04375 0.025
1 0.33203125 0.334375 0.0421875 0.021875
1 0.94609375 0.58515625 0.046875 0.03125
1 0.615625 0.49609375 0.0453125 0.0265625
1 0.678125 0.88046875 0.0421875 0.025
1 0.825 0.39453125 0.0421875 0.0234375
1 0.53359375 0.61796875 0.046875 0.028125
1 0.8234375 0.909375 0.046875 0.03125
1 0.69765625 0.875 0.0421875 0.021875
1 0.6265625 0.34609375 0.040625 0.021875
1 0.5640625 0.41171875 0.04375 0.025
1 0.64921875 0.4265625 0.0421875 0.0234375
1 0.40703125 0.4078125 0.04375 0.025
1 0.62421875 0.515625 0.0453125 0.028125
1 0.61953125 0.38828125 0.04375 0.025
1 0.67421875 0.52265625 0.04375 0.0265625
1 0.5921875 0.3390625 0.040625 0.0203125
0 0.778125 0.22265625 0.0421875 0.025
1 0.66875 0.33984375 0.040625 0.0203125
1 0.065625 0.38125 0.04375 0.025
1 0.67265625 0.45 0.04375 0.021875
1 0.65234375 0.38671875 0.0421875 0.021875
1 0.36328125 0.38125 0.0421875 0.0234375
1 0.92109375 0.9953125 0.0515625 0.009375
1 0.50546875 0.37109375 0.04375 0.0234375
1 0.634375 0.39609375 0.0421875 0.021875
1 0.6609375 0.4234375 0.0421875 0.0234375
1 0.3609375 0.36640625 0.0421875 0.0203125
1 0.51171875 0.3171875 0.040625 0.021875
1 0.65234375 0.4859375 0.04375 0.025
1 0.74375 0.86796875 0.0421875 0.0234375
0 0.92734375 0.2515625 0.0421875 0.0234375
1 0.6484375 0.3734375 0.0421875 0.021875
1 0.61875 0.57578125 0.0453125 0.028125
1 0.64765625 0.33203125 0.040625 0.0203125
1 0.84609375 0.3328125 0.0421875 0.0234375
1 0.01796875 0.95546875 0.0359375 0.0421875
1 0.153125 0.2875 0.040625 0.0203125
1 0.63046875 0.4890625 0.0453125 0.025
1 0.603125 0.40078125 0.0421875 0.021875
1 0.521875 0.90546875 0.0421875 0.01875
1 0.5 0.459375 0.04375 0.025
1 0.059375 0.9125 0.0484375 0.03125
1 0.42109375 0.5015625 0.0421875 0.025
2 0.76328125 0.23828125 0.125 0.0546875
1 0.86953125 0.89296875 0.0453125 0.0265625
1 0.1734375 0.89609375 0.046875 0.034375
1 0.67109375 0.4390625 0.0421875 0.021875
1 0.9796875 0.44765625 0.040625 0.0234375
1 0.58359375 0.4125 0.0421875 0.0265625
1 0.75625 0.596875 0.04375 0.0234375
1 0.7984375 0.93359375 0.0484375 0.0359375
1 0.39375 0.38515625 0.0421875 0.0234375
1 0.359375 0.315625 0.040625 0.021875
1 0.64609375 0.409375 0.0421875 0.0203125
1 0.61015625 0.3453125 0.040625 0.021875
1 0.12421875 0.3109375 0.0421875 0.021875
1 0.40234375 0.36875 0.0421875 0.0203125
1 0.40390625 0.340625 0.04375 0.021875
1 0.85078125 0.90703125 0.0484375 0.028125
3 0.425 0.29375 0.1015625 0.084375
1 0.38359375 0.321875 0.0421875 0.021875
1 0.01796875 0.38359375 0.0359375 0.0265625
1 0.41640625 0.834375 0.040625 0.021875
1 0.56015625 0.3375 0.040625 0.021875
1 0.6765625 0.378125 0.040625 0.0203125
1 0.6875 0.34296875 0.040625 0.0234375
1 0.83984375 0.3171875 0.040625 0.0203125
1 0.36484375 0.3453125 0.0421875 0.021875
1 0.7453125 0.85078125 0.040625 0.0203125
1 0.88515625 0.36171875 0.04375 0.025
1 0.46953125 0.2984375 0.0421875 0.0203125
1 0.86484375 0.33515625 0.0421875 0.021875
1 0.3515625 0.3546875 0.040625 0.021875
1 0.5046875 0.3046875 0.040625 0.0203125
1 0.66953125 0.8640625 0.0390625 0.01875
1 0.5140625 0.59765625 0.0421875 0.01875
1 0.1328125 0.29609375 0.0421875 0.0203125
1 0.3671875 0.31328125 0.0421875 0.021875
1 0.61953125 0.55546875 0.0421875 0.025
1 0.80546875 0.60234375 0.0421875 0.01875
1 0.6515625 0.35625 0.040625 0.0203125
1 0.54296875 0.3015625 0.0390625 0.01875
1 0.6125 0.3296875 0.040625 0.021875
1 0.42890625 0.8359375 0.040625 0.0203125
1 0.04609375 0.32734375 0.040625 0.0203125
1 0.66328125 0.4703125 0.0421875 0.0234375
1 0.0796875 0.9171875 0.05 0.03125
1 0.02265625 0.35390625 0.04375 0.025
1 0.9796875 0.43515625 0.040625 0.0203125
1 0.5890625 0.3734375 0.0421875 0.0203125
1 0.08359375 0.87890625 0.046875 0.028125
1 0.03046875 0.925 0.046875 0.0296875
1 0.10625 0.875 0.04375 0.028125
1 0.67734375 0.36328125 0.0421875 0.0203125
1 0.42109375 0.3375 0.04375 0.0234375
1 0.61796875 0.30078125 0.0421875 0.0203125
1 0.87890625 0.99296875 0.0546875 0.0140625
1 0.32265625 0.8515625 0.040625 0.0234375
1 0.3546875 0.296875 0.0421875 0.0203125
1 0.57734375 0.328125 0.040625 0.021875
1 0.4015625 0.38359375 0.0421875 0.0234375
1 0.98828125 0.459375 0.0234375 0.021875
1 0.49453125 0.3765625 0.0421875 0.0234375
1 0.85625 0.86328125 0.0421875 0.0203125
1 0.59921875 0.32578125 0.0421875 0.0203125
1 0.60234375 0.5953125 0.04375 0.0203125
1 0.96953125 0.63125 0.0484375 0.03125
1 0.88515625 0.32890625 0.0421875 0.021875
1 0.63203125 0.38515625 0.040625 0.01875
1 0.54765625 0.61796875 0.046875 0.0296875
1 0.44296875 0.83515625 0.040625 0.0203125
1 0.58046875 0.35234375 0.0421875 0.0234375
1 0.36328125 0.33359375 0.0421875 0.0203125
1 0.0140625 0.3609375 0.028125 0.021875
1 0.090625 0.85703125 0.0421875 0.021875
1 0.5828125 0.27421875 0.0421875 0.0203125
1 0.09453125 0.87421875 0.0453125 0.0296875
1 0.1046875 0.3046875 0.0421875 0.021875
1 0.115625 0.290625 0.0421875 0.0234375
1 0.59921875 0.41953125 0.0421875 0.021875
1 0.12578125 0.28671875 0.040625 0.0203125
1 0.640625 0.475 0.04375 0.021875
1 0.9609375 0.434375 0.046875 0.0296875
1 0.10859375 0.8390625 0.0390625 0.01875
1 0.58828125 0.3234375 0.040625 0.0203125
1 0.56015625 0.37734375 0.0390625 0.0203125
1 0.06171875 0.31875 0.04375 0.0234375
1 0.065625 0.93046875 0.0421875 0.0234375
1 0.0625 0.88359375 0.04375 0.025
0 0.9125 0.159375 0.04375 0.025
1 0.04921875 0.8859375 0.046875 0.028125
1 0.075 0.31328125 0.0453125 0.025