2 0.24765625 0.20703125 0.1046875 0.0609375
1 0.84375 0.43125 0.025 0.0140625
3 0.54609375 0.40234375 0.1046875 0.1203125
4 0.30625 0.85546875 0.0828125 0.090625
1 0.77578125 0.60234375 0.0296875 0.0203125
1 0.8078125 0.41484375 0.0234375 0.0140625
2 0.7625 0.2171875 0.1078125 0.05625
1 0.94375 0.46171875 0.025 0.0140625
1 0.90234375 0.48203125 0.025 0.015625
4 0.153125 0.4140625 0.1046875 0.115625
1 0.296875 0.47265625 0.025 0.015625
1 0.8078125 0.60546875 0.028125 0.0203125
1 0.8921875 0.41015625 0.0234375 0.0140625
1 0.3140625 0.53125 0.0265625 0.0171875
3 0.06796875 0.39296875 0.0984375 0.0984375
1 0.35546875 0.39765625 0.0234375 0.0140625
1 0.72421875 0.9109375 0.0265625 0.015625
1 0.33203125 0.58515625 0.028125 0.0203125
1 0.5828125 0.4859375 0.025 0.0171875
1 0.84375 0.58125 0.028125 0.0203125
1 0.2734375 0.50625 0.0265625 0.015625
1 0.33203125 0.43359375 0.025 0.0140625
1 0.8890625 0.53203125 0.0265625 0.0171875
1 0.4703125 0.42734375 0.025 0.0140625
1 0.44609375 0.4 0.0234375 0.0125
4 0.4 0.2546875 0.075 0.0734375
1 0.9671875 0.46171875 0.025 0.015625
4 0.19375 0.91171875 0.140625 0.1453125
0 0.74140625 0.228125 0.0234375 0.0125
1 0.65078125 0.4515625 0.025 0.015625
1 0.28125 0.60625 0.0265625 0.01875
1 0.675 0.47109375 0.0265625 0.015625
1 0.89921875 0.51953125 0.0265625 0.015625
1 0.6296875 0.534375 0.0265625 0.0171875
1 0.27421875 0.4890625 0.025 0.0140625
1 0.87890625 0.4390625 0.025 0.0140625
1 0.25078125 0.57265625 0.028125 0.0203125
1 0.4203125 0.54921875 0.0265625 0.01875
1 0.046875 0.4671875 0.0265625 0.0140625
1 0.2609375 0.53125 0.0265625 0.0171875
1 0.63046875 0.39140625 0.0234375 0.015625
1 0.01875 0.44453125 0.0265625 0.015625
1 0.59296875 0.41953125 0.0234375 0.0140625
1 0.31796875 0.4140625 0.025 0.0140625
1 0.81484375 0.3421875 0.0234375 0.009375
1 0.93671875 0.42265625 0.0234375 0.0140625
1 0.90859375 0.38828125 0.025 0.0140625
1 0.703125 0.4578125 0.025 0.0140625
1 0.803125 0.9671875 0.0328125 0.0234375
1 0.27421875 0.53359375 0.0265625 0.0171875
1 0.64140625 0.90859375 0.025 0.0109375
1 0.6953125 0.4421875 0.025 0.0140625
1 0.73515625 0.6421875 0.025 0.0125
1 0.0109375 0.40234375 0.021875 0.0140625
1 0.6703125 0.3125 0.021875 0.0125
1 0.159375 0.3421875 0.0234375 0.0125
1 0.4578125 0.55078125 0.0265625 0.01875
1 0.3984375 0.3921875 0.0234375 0.0140625
1 0.31171875 0.390625 0.0234375 0.0140625
1 0.47421875 0.39375 0.0234375 0.0140625
3 0.68671875 0.56484375 0.1203125 0.1484375
1 0.709375 0.65234375 0.0265625 0.0140625
1 0.90234375 0.36953125 0.0234375 0.0125
1 0.696875 0.42578125 0.025 0.0109375
1 0.4078125 0.4234375 0.025 0.0140625
1 0.09609375 0.4296875 0.025 0.0140625
1 0.878125 0.3046875 0.021875 0.009375
1 0.4640625 0.3421875 0.0234375 0.0125
1 0.8765625 0.378125 0.0234375 0.0125
1 0.859375 0.3828125 0.0234375 0.0125
0 0.32734375 0.70078125 0.025 0.01875
1 0.43203125 0.35390625 0.0234375 0.0109375
1 0.63515625 0.32109375 0.021875 0.0125
1 0.065625 0.44296875 0.025 0.0125
1 0.578125 0.31875 0.021875 0.0109375
0 0.2984375 0.7609375 0.0265625 0.0203125
1 0.7484375 0.96640625 0.034375 0.0296875
1 0.46328125 0.290625 0.021875 0.0109375
1 0.1140625 0.35390625 0.0234375 0.0125
1 0.603125 0.2921875 0.021875 0.0109375
1 0.66484375 0.403125 0.025 0.0140625
1 0.7625 0.91875 0.0265625 0.0171875
1 0.3609375 0.37890625 0.0265625 0.0140625
1 0.7453125 0.93828125 0.028125 0.01875
1 0.16953125 0.34140625 0.025 0.0109375
1 0.41328125 0.3328125 0.0234375 0.0125
0 0.13125 0.346875 0.025 0.0140625
1 0.5796875 0.3421875 0.025 0.0125
1 0.83359375 0.36328125 0.0234375 0.0125
1 0.83515625 0.30625 0.0234375 0.0125
1 0.38515625 0.565625 0.0265625 0.0203125
1 0.4078125 0.3796875 0.025 0.0125
1 0.66796875 0.9109375 0.021875 0.0078125
1 0.3890625 0.3453125 0.021875 0.0109375
1 0.55078125 0.3359375 0.021875 0.0109375
1 0.45234375 0.27734375 0.021875 0.009375
1 0.33046875 0.38828125 0.025 0.0125
1 0.45390625 0.353125 0.025 0.0125
1 0.64765625 0.3203125 0.021875 0.0140625
1 0.890625 0.33203125 0.0234375 0.009375
1 0.3765625 0.33671875 0.021875 0.0109375
1 0.6859375 0.471875 0.025 0.015625
1 0.9578125 0.425 0.0265625 0.01875
1 0.38203125 0.36640625 0.0234375 0.0109375
1 0.8265625 0.3640625 0.021875 0.0109375
1 0.68203125 0.88984375 0.021875 0.0125
1 0.815625 0.3234375 0.021875 0.0125
1 0.8453125 0.30546875 0.0234375 0.009375
1 0.078125 0.91796875 0.028125 0.0203125
1 0.57109375 0.2828125 0.0234375 0.009375
1 0.421875 0.37578125 0.0234375 0.0125
1 0.0625 0.46171875 0.025 0.0140625
1 0.67578125 0.49921875 0.0234375 0.0109375
1 0.30546875 0.63828125 0.0265625 0.0109375
1 0.8703125 0.9578125 0.0296875 0.0203125
1 0.3140625 0.47421875 0.025 0.0171875
1 0.67265625 0.42734375 0.0265625 0.015625
1 0.14921875 0.32421875 0.0234375 0.0109375
1 0.62734375 0.2828125 0.021875 0.009375
1 0.30390625 0.3125 0.0234375 0.0109375
1 0.0265625 0.41171875 0.0265625 0.015625
1 0.2609375 0.63828125 0.025 0.009375
1 0.84296875 0.49609375 0.025 0.0140625
1 0.78046875 0.903125 0.025 0.0109375
1 0.55078125 0.259375 0.021875 0.009375
1 0.809375 0.646875 0.028125 0.0203125
1 0.69375 0.4578125 0.0265625 0.0125
1 0.5078125 0.30234375 0.0234375 0.0109375
1 0.40859375 0.3671875 0.0234375 0.009375
1 0.21875 0.6140625 0.0265625 0.0125
1 0.64375 0.89453125 0.0234375 0.0109375
1 0.18359375 0.271875 0.0234375 0.009375
1 0.875 0.2859375 0.021875 0.009375
1 0.434375 0.64140625 0.0265625 0.0125
1 0.42578125 0.34375 0.0234375 0.0125
1 0.98046875 0.35859375 0.0234375 0.0109375
1 0.6109375 0.275 0.025 0.0125
1 0.6421875 0.2765625 0.0234375 0.009375
1 0.8 0.90078125 0.025 0.0125
1 0.9 0.3375 0.0234375 0.0109375
1 0.7546875 0.9015625 0.0234375 0.0125
1 0.8578125 0.35078125 0.0234375 0.0109375
1 0.6671875 0.2734375 0.0203125 0.009375
1 0.93671875 0.9890625 0.034375 0.01875
1 0.55546875 0.321875 0.0234375 0.0109375
1 0.43125 0.384375 0.025 0.0125
1 0.71015625 0.89609375 0.025 0.0140625
1 0.91328125 0.33984375 0.021875 0.0109375
1 0.3609375 0.34375 0.0234375 0.0125
1 0.6953125 0.8921875 0.0234375 0.0125
1 0.34609375 0.3640625 0.0265625 0.0125
1 0.85390625 0.6265625 0.025 0.009375
1 0.83046875 0.2828125 0.0203125 0.0078125
1 0.1484375 0.290625 0.0234375 0.0109375
1 0.05234375 0.44765625 0.0265625 0.0125
1 0.4328125 0.87109375 0.0203125 0.0078125
1 0.3453125 0.25390625 0.021875 0.009375
1 0.890625 0.315625 0.0234375 0.009375
1 0.6203125 0.903125 0.025 0.0140625
1 0.10390625 0.2734375 0.021875 0.0109375
1 0.740625 0.88203125 0.021875 0.009375
0 0.13984375 0.2921875 0.025 0.0125
1 0.51796875 0.26015625 0.0234375 0.0109375
1 0.92109375 0.94921875 0.0296875 0.025
1 0.83671875 0.275 0.0234375 0.009375
1 0.7875 0.92734375 0.0296875 0.015625
1 0.328125 0.37109375 0.025 0.0125
1 0.86328125 0.36171875 0.0234375 0.009375
1 0.47890625 0.26484375 0.021875 0.009375
1 0.8 0.92109375 0.025 0.01875
1 0.93984375 0.34140625 0.0234375 0.0109375
1 0.79609375 0.9921875 0.0375 0.0125
1 0.38203125 0.29453125 0.0234375 0.0109375
1 0.19375 0.25859375 0.025 0.0109375
1 0.8546875 0.28515625 0.0234375 0.0109375
1 0.84296875 0.29140625 0.021875 0.009375
1 0.865625 0.98515625 0.0359375 0.0265625
1 0.9578125 0.34375 0.0234375 0.0109375
1 0.4390625 0.27109375 0.021875 0.0109375
1 0.85078125 0.89453125 0.021875 0.0109375
0 0.31484375 0.73125 0.0234375 0.0140625
1 0.19921875 0.39453125 0.0234375 0.0125
1 0.34765625 0.33984375 0.0234375 0.009375
1 0.43984375 0.25546875 0.021875 0.0109375
1 0.1578125 0.2625 0.0234375 0.009375
1 0.3875 0.86640625 0.025 0.009375
1 0.41484375 0.8671875 0.0234375 0.009375
0 0.146875 0.2734375 0.025 0.0140625
1 0.66328125 0.26484375 0.021875 0.009375
1 0.05625 0.8515625 0.021875 0.0125
1 0.0609375 0.8859375 0.025 0.0140625
1 0.50625 0.26015625 0.021875 0.009375
1 0.89609375 0.3 0.0234375 0.0140625
1 0.94453125 0.41015625 0.025 0.009375
1 0.85390625 0.640625 0.0265625 0.009375
1 0.0125 0.37734375 0.025 0.0140625
1 0.0453125 0.97890625 0.0265625 0.00625
1 0.796875 0.884375 0.0234375 0.0109375
1 0.11328125 0.41875 0.021875 0.009375
1 0.33671875 0.3453125 0.025 0.0125
1 0.56953125 0.34453125 0.0234375 0.0109375
1 0.45546875 0.26171875 0.021875 0.009375
1 0.56953125 0.26171875 0.0234375 0.0078125
1 0.42109375 0.57109375 0.021875 0.009375
4 0.01015625 0.459375 0.0203125 0.06875
1 0.76953125 0.8953125 0.021875 0.0125
1 0.065625 0.85078125 0.021875 0.0078125
1 0.915625 0.31015625 0.0234375 0.009375
1 0.140625 0.31484375 0.021875 0.0078125
1 0.828125 0.27265625 0.021875 0.009375
1 0.08671875 0.8515625 0.021875 0.00625
1 0.93671875 0.32265625 0.0265625 0.0140625
1 0.49609375 0.259375 0.025 0.009375
1 0.53359375 0.99296875 0.03125 0.0109375
1 0.62109375 0.27578125 0.025 0.0109375
1 0.11171875 0.2671875 0.021875 0.009375
1 0.86328125 0.275 0.021875 0.009375
1 0.440625 0.8421875 0.021875 0.0109375
1 0.64453125 0.8703125 0.0203125 0.0078125
0 0.128125 0.36640625 0.0234375 0.0125
1 0.7578125 0.88515625 0.0203125 0.0078125
1 0.8140625 0.8796875 0.021875 0.009375
1 0.08515625 0.8953125 0.025 0.015625
1 0.73828125 0.6 0.0203125 0.009375
1 0.36796875 0.25546875 0.0234375 0.0109375
0 0.1323947140625 0.2689682046875 0.1384307484375 0.269060896875 0.1539892390625 0.26339407812500004 0.155591928125 0.2622375421875 0.1558729734375 0.2586984125 0.154645009375 0.2551361125 0.150399028125 0.251527465625 0.13983596874999998 0.2513652546875 0.1336125734375 0.2536319828125 0.1272018140625 0.258258128125 0.1267334078125 0.264156675 0.1280550546875 0.2665392671875 0.1323947140625 0.2689682046875