0 0.20625 0.134375 0.040625 0.015625
0 0.20546875 0.1125 0.040625 0.0171875
0 0.19453125 0.1609375 0.040625 0.015625
0 0.1859375 0.22890625 0.0390625 0.015625
0 0.2125 0.00859375 0.0421875 0.0140625
0 0.21796875 0.16171875 0.040625 0.015625
3 0.62890625 0.34296875 0.096875 0.08125
0 0.84375 0.73046875 0.0515625 0.0328125
3 0.54765625 0.82578125 0.084375 0.0484375
0 0.20625 0.22109375 0.0390625 0.0125
0 0.26875 0.734375 0.0390625 0.0140625
0 0.23671875 0.15078125 0.0421875 0.015625
0 0.2046875 0.76796875 0.040625 0.0171875
0 0.84609375 0.15703125 0.0453125 0.0203125
0 0.22734375 0.23046875 0.0390625 0.0140625
4 0.18359375 0.8203125 0.0890625 0.0484375
1 0.23203125 0.534375 0.04375 0.0203125
0 0.71953125 0.7765625 0.053125 0.034375
0 0.234375 0.115625 0.0421875 0.0109375
0 0.240625 0.0390625 0.0421875 0.0140625
3 0.67578125 0.43515625 0.1140625 0.1203125
0 0.8453125 0.815625 0.053125 0.05
0 0.9125 0.15 0.046875 0.01875
2 0.240625 0.2109375 0.1109375 0.0578125
1 0.825 0.43125 0.040625 0.0140625
1 0.3359375 0.3890625 0.0390625 0.0125
1 0.4734375 0.4046875 0.0390625 0.015625
1 0.07421875 0.409375 0.040625 0.015625
1 0.3453125 0.49140625 0.0421875 0.0171875
0 0.6078125 0.7453125 0.053125 0.0375
0 0.203125 0.021875 0.0421875 0.0140625
0 0.278125 0.2296875 0.0375 0.009375
1 0.6515625 0.87421875 0.0390625 0.0140625
1 0.53203125 0.90390625 0.0421875 0.015625
1 0.315625 0.85078125 0.0375 0.009375
1 0.45078125 0.3203125 0.0375 0.0109375
1 0.84296875 0.43515625 0.040625 0.0140625
1 0.3296875 0.365625 0.040625 0.0125
1 0.16015625 0.41484375 0.040625 0.0171875
1 0.53828125 0.34453125 0.0375 0.0109375
1 0.60390625 0.45703125 0.040625 0.015625
1 0.8359375 0.4140625 0.0390625 0.0125
0 0.21796875 0.03671875 0.040625 0.0171875
1 0.1140625 0.34609375 0.0375 0.0109375
1 0.10859375 0.3875 0.040625 0.0140625
1 0.371875 0.5359375 0.04375 0.0203125
4 0.58515625 0.546875 0.0921875 0.128125
0 0.27265625 0.69765625 0.0390625 0.015625
1 0.31640625 0.5203125 0.0421875 0.01875
0 0.31171875 0.75390625 0.040625 0.015625
0 0.21015625 0.06953125 0.0375 0.0125
1 0.95703125 0.434375 0.040625 0.0140625
1 0.73046875 0.58125 0.0453125 0.021875
1 0.44765625 0.378125 0.0390625 0.0125
2 0.759375 0.2359375 0.1203125 0.040625
1 0.9703125 0.44296875 0.040625 0.0140625
1 0.403125 0.4890625 0.040625 0.0171875
0 0.1859375 0.0453125 0.0390625 0.009375
1 0.9359375 0.9421875 0.0453125 0.025
1 0.8984375 0.4390625 0.040625 0.0140625
1 0.93046875 0.4359375 0.0421875 0.0171875
1 0.85078125 0.33125 0.0375 0.009375
1 0.12578125 0.3421875 0.0390625 0.0125
1 0.72578125 0.46171875 0.040625 0.015625
0 0.2015625 0.04765625 0.0421875 0.0109375
1 0.91953125 0.59375 0.0421875 0.0171875
1 0.89375 0.396875 0.0375 0.0109375
1 0.0890625 0.3578125 0.040625 0.0109375
1 0.27109375 0.54140625 0.04375 0.0203125
1 0.440625 0.3 0.0390625 0.0125
4 0.24296875 0.83203125 0.0921875 0.059375
1 0.06875 0.353125 0.0390625 0.0109375
1 0.3609375 0.2984375 0.0375 0.0109375
1 0.55859375 0.8515625 0.0390625 0.009375
1 0.79140625 0.8984375 0.0421875 0.0171875
1 0.94296875 0.45390625 0.040625 0.015625
1 0.775 0.59296875 0.0421875 0.0125
1 0.5375 0.35859375 0.0375 0.009375
1 0.9234375 0.6609375 0.04375 0.0140625
1 0.94453125 0.39296875 0.034375 0.0109375
1 0.3921875 0.49453125 0.0421875 0.0203125
1 0.54453125 0.37265625 0.0390625 0.0109375
0 0.196875 0.159375 0.0390625 0.01875
1 0.16015625 0.31171875 0.0390625 0.0140625
1 0.33984375 0.89296875 0.0453125 0.0203125
1 0.92265625 0.41328125 0.0390625 0.0140625
1 0.88828125 0.9359375 0.0421875 0.0171875
1 0.3453125 0.30390625 0.0359375 0.009375
1 0.6015625 0.85859375 0.0390625 0.0140625
1 0.13203125 0.88671875 0.0421875 0.01875
1 0.6984375 0.8796875 0.040625 0.015625
1 0.03203125 0.91328125 0.0453125 0.0171875
3 0.45625 0.8046875 0.0640625 0.0296875
1 0.06875 0.47265625 0.0421875 0.0171875
1 0.1484375 0.30703125 0.0375 0.009375
1 0.378125 0.36484375 0.0375 0.0140625
1 0.80546875 0.89375 0.040625 0.0140625
1 0.0703125 0.3734375 0.0390625 0.0125
1 0.17421875 0.9625 0.0546875 0.040625
1 0.10625 0.88671875 0.04375 0.01875
1 0.0921875 0.875 0.04375 0.01875
0 0.23046875 0.0578125 0.0390625 0.0078125
1 0.79921875 0.4359375 0.040625 0.0125
1 0.06328125 0.875 0.0390625 0.015625
1 0.08125 0.91953125 0.046875 0.021875
1 0.52578125 0.30546875 0.0375 0.009375
1 0.45859375 0.82890625 0.0359375 0.0078125
0 0.24609375 0.24453125 0.040625 0.009375
1 0.11015625 0.60390625 0.0453125 0.0203125
1 0.1265625 0.28828125 0.0390625 0.0109375
1 0.54296875 0.36796875 0.0359375 0.0140625
1 0.0125 0.3765625 0.025 0.0125
1 0.75078125 0.521875 0.0421875 0.0171875
1 0.0484375 0.340625 0.0359375 0.009375
1 0.5640625 0.50078125 0.0421875 0.0140625
1 0.3640625 0.36328125 0.0375 0.0125