4 0.36015625 0.3796875 0.1078125 0.1015625
2 0.77421875 0.22421875 0.1140625 0.0609375
3 0.90234375 0.4015625 0.10625 0.09375
4 0.653125 0.2890625 0.078125 0.0671875
1 0.67421875 0.4109375 0.0359375 0.015625
1 0.29375 0.4640625 0.0375 0.01875
1 0.7109375 0.42421875 0.0375 0.0171875
1 0.0328125 0.4375 0.0375 0.015625
1 0.771875 0.559375 0.0390625 0.021875
1 0.85625 0.44609375 0.0375 0.015625
1 0.309375 0.4359375 0.0375 0.015625
1 0.7453125 0.53828125 0.0390625 0.0203125
1 0.34375 0.4890625 0.0390625 0.01875
1 0.784375 0.59609375 0.040625 0.015625
1 0.79140625 0.62265625 0.040625 0.0171875
1 0.5609375 0.8828125 0.0375 0.0171875
1 0.825 0.47578125 0.0375 0.0171875
1 0.57734375 0.88359375 0.0375 0.01875
1 0.19296875 0.38671875 0.0359375 0.0140625
1 0.0453125 0.4109375 0.0359375 0.0140625
1 0.634375 0.346875 0.0359375 0.0140625
3 0.14765625 0.56796875 0.125 0.1359375
1 0.7359375 0.58359375 0.040625 0.021875
3 0.76328125 0.853125 0.1234375 0.0890625
1 0.65078125 0.33359375 0.0359375 0.0125
2 0.253125 0.221875 0.11875 0.0453125
1 0.68046875 0.3546875 0.034375 0.0125
1 0.821875 0.89921875 0.040625 0.01875
1 0.8296875 0.428125 0.0359375 0.015625
1 0.3671875 0.48671875 0.0375 0.0171875
1 0.30703125 0.41328125 0.0359375 0.0140625
1 0.7640625 0.63125 0.040625 0.01875
1 0.6546875 0.8796875 0.0375 0.0171875
1 0.01796875 0.440625 0.0359375 0.015625
1 0.16953125 0.93125 0.04375 0.0296875
1 0.115625 0.38515625 0.0359375 0.0140625
1 0.53671875 0.575 0.040625 0.0234375
1 0.86015625 0.33671875 0.034375 0.0109375
1 0.12109375 0.3640625 0.034375 0.0125
1 0.8703125 0.359375 0.034375 0.0125
1 0.6171875 0.89296875 0.0390625 0.021875
1 0.95234375 0.42578125 0.0375 0.015625
1 0.84296875 0.89765625 0.0390625 0.0171875
3 0.17734375 0.309375 0.075 0.071875
1 0.8703125 0.90703125 0.040625 0.0203125
1 0.678125 0.87890625 0.0375 0.015625
1 0.1234375 0.9078125 0.0421875 0.0234375
1 0.10859375 0.94921875 0.0453125 0.0328125
1 0.8421875 0.39921875 0.0359375 0.0140625
1 0.06796875 0.4078125 0.0375 0.015625
1 0.4421875 0.88828125 0.0375 0.0203125
1 0.0796875 0.40234375 0.0359375 0.015625
1 0.29296875 0.63984375 0.0375 0.01875
1 0.31171875 0.86328125 0.034375 0.0140625
1 0.975 0.4015625 0.0390625 0.015625
1 0.171875 0.87890625 0.0375 0.0171875
1 0.13671875 0.325 0.0359375 0.0125
1 0.840625 0.87421875 0.0359375 0.0125
1 0.2125 0.89375 0.0390625 0.0203125
1 0.85703125 0.4328125 0.0359375 0.0109375
1 0.15 0.33515625 0.034375 0.0109375
1 0.50546875 0.32734375 0.034375 0.0125
1 0.84296875 0.925 0.040625 0.025
1 0.71015625 0.8453125 0.0328125 0.0109375
1 0.08515625 0.93828125 0.04375 0.03125
1 0.58046875 0.30546875 0.034375 0.0109375
1 0.98359375 0.3984375 0.0328125 0.015625
1 0.14453125 0.925 0.0421875 0.025
1 0.853125 0.39296875 0.0359375 0.0125
1 0.15390625 0.9 0.040625 0.0171875
3 0.21953125 0.83125 0.0828125 0.0484375
1 0.984375 0.41953125 0.03125 0.0171875
1 0.8265625 0.340625 0.0359375 0.015625
1 0.45703125 0.33046875 0.034375 0.0109375
1 0.5640625 0.86171875 0.0375 0.015625
1 0.84453125 0.33515625 0.034375 0.0109375
1 0.86640625 0.96328125 0.0359375 0.0171875
1 0.665625 0.875 0.0359375 0.015625
1 0.8546875 0.37734375 0.034375 0.0109375
1 0.34140625 0.85 0.0359375 0.0109375
1 0.190625 0.9015625 0.040625 0.021875
1 0.98046875 0.434375 0.0390625 0.0140625
1 0.0171875 0.38828125 0.034375 0.0140625
1 0.39609375 0.303125 0.0328125 0.0109375
1 0.21953125 0.86875 0.0375 0.0140625
1 0.86875 0.93515625 0.040625 0.0171875
1 0.06171875 0.984375 0.0453125 0.0140625
1 0.92734375 0.56171875 0.0375 0.0140625
1 0.80703125 0.89296875 0.0390625 0.0171875
1 0.371875 0.28125 0.034375 0.0109375
1 0.834375 0.34921875 0.0390625 0.0140625
1 0.4359375 0.3390625 0.034375 0.0109375
1 0.2765625 0.84921875 0.034375 0.0109375
4 0.44921875 0.8265625 0.046875 0.05
1 0.74453125 0.62890625 0.040625 0.021875
1 0.11328125 0.3421875 0.0359375 0.0125
1 0.159375 0.9859375 0.046875 0.0125
1 0.32421875 0.3140625 0.034375 0.0125
1 0.834375 0.30859375 0.034375 0.0109375
1 0.84296875 0.31328125 0.034375 0.009375
1 0.10078125 0.353125 0.034375 0.0125
1 0.88359375 0.33515625 0.0359375 0.0140625
1 0.109375 0.871875 0.0390625 0.01875
1 0.165625 0.3375 0.0375 0.0140625
1 0.915625 0.92109375 0.040625 0.01875
1 0.453125 0.85 0.034375 0.009375
1 0.453125 0.34765625 0.0359375 0.0125
1 0.5640625 0.30234375 0.0359375 0.0109375
1 0.95 0.36171875 0.0359375 0.0140625
1 0.11875 0.3328125 0.0328125 0.0109375
1 0.18984375 0.859375 0.0359375 0.0125
1 0.8765625 0.95078125 0.034375 0.0125
1 0.15 0.86953125 0.0359375 0.015625
1 0.15 0.3125 0.034375 0.0109375
1 0.290625 0.8421875 0.034375 0.0078125
1 0.271875 0.83828125 0.034375 0.009375
1 0.3921875 0.32734375 0.0359375 0.0109375
1 0.81953125 0.8796875 0.0375 0.0140625
1 0.19765625 0.87578125 0.0359375 0.0140625
1 0.09375 0.36015625 0.0359375 0.0140625
1 0.3515625 0.29453125 0.0359375 0.0109375
1 0.05078125 0.6390625 0.034375 0.015625
1 0.01015625 0.45078125 0.0203125 0.0140625
1 0.96953125 0.3890625 0.034375 0.0125
1 0.3609375 0.3234375 0.034375 0.009375
1 0.2078125 0.87578125 0.0375 0.0125
1 0.50859375 0.89609375 0.034375 0.0140625
1 0.43671875 0.31796875 0.034375 0.0109375
1 0.51171875 0.59609375 0.034375 0.0109375
1 0.07734375 0.37421875 0.0375 0.0125
1 0.553125 0.82421875 0.0328125 0.0078125
1 0.83125 0.98515625 0.0484375 0.028125
1 0.8765625 0.99609375 0.0421875 0.00625
1 0.90234375 0.8875 0.0375 0.015625
1 0.98984375 0.37734375 0.0203125 0.0109375
1 0.95625 0.34921875 0.0359375 0.0125
1 0.07578125 0.3890625 0.0375 0.0109375
1 0.31015625 0.8046875 0.0359375 0.0140625
1 0.8859375 0.8859375 0.0390625 0.015625
1 0.05859375 0.38046875 0.0390625 0.01875
1 0.89453125 0.33828125 0.0359375 0.0140625
1 0.15234375 0.29765625 0.034375 0.009375
1 0.334375 0.29609375 0.0359375 0.0109375