2 0.24609375 0.209375 0.08984375 0.0546875
2 0.76015625 0.21484375 0.08359375 0.0640625
3 0.509375 0.31640625 0.06484375 0.08984375
1 0.2953125 0.45703125 0.0109375 0.01875
1 0.89453125 0.49453125 0.01171875 0.01953125
1 0.159375 0.6 0.0140625 0.0234375
1 0.72109375 0.49453125 0.0109375 0.01796875
1 0.15 0.4046875 0.01015625 0.0171875
1 0.4578125 0.40546875 0.01015625 0.01640625
4 0.9828125 0.49375 0.03359375 0.0953125
1 0.7546875 0.5609375 0.0125 0.0203125
1 0.52109375 0.3703125 0.009375 0.015625
1 0.18984375 0.58828125 0.01328125 0.021875
1 0.51875 0.44765625 0.0109375 0.01875
1 0.31953125 0.9015625 0.0109375 0.01640625
1 0.56953125 0.44296875 0.009375 0.0171875
1 0.290625 0.55625 0.0125 0.02265625
1 0.38046875 0.5984375 0.01328125 0.0234375
1 0.371875 0.3859375 0.009375 0.0171875
1 0.1109375 0.51875 0.0125 0.02109375
1 0.39765625 0.45859375 0.0109375 0.01875
1 0.79375 0.42421875 0.01015625 0.01796875
1 0.3078125 0.88203125 0.0078125 0.015625
1 0.6296875 0.44140625 0.009375 0.015625
1 0.390625 0.50390625 0.0109375 0.0171875
1 0.39375 0.5265625 0.01171875 0.0203125
1 0.4796875 0.43125 0.009375 0.01640625
1 0.2890625 0.60859375 0.0125 0.02109375
1 0.2734375 0.4875 0.0109375 0.01953125
3 0.92109375 0.415625 0.0953125 0.10546875
1 0.41953125 0.41796875 0.00859375 0.01640625
1 0.44921875 0.5296875 0.01015625 0.0171875
1 0.4171875 0.5921875 0.0125 0.02265625
1 0.703125 0.440625 0.01015625 0.0171875
1 0.034375 0.41640625 0.0109375 0.0171875
1 0.3390625 0.521875 0.01171875 0.02109375
1 0.35703125 0.32265625 0.00859375 0.01484375
3 0.4609375 0.85 0.03828125 0.046875
1 0.26640625 0.9015625 0.01171875 0.01796875
1 0.6484375 0.3703125 0.009375 0.01484375
1 0.3 0.5078125 0.01171875 0.0203125
1 0.56015625 0.42734375 0.0109375 0.01640625
1 0.11484375 0.396875 0.01015625 0.0171875
1 0.2921875 0.88359375 0.009375 0.01640625
1 0.3671875 0.48984375 0.01171875 0.01875
1 0.546875 0.60703125 0.01328125 0.02265625
1 0.54375 0.36875 0.00859375 0.01484375
1 0.2828125 0.52109375 0.01171875 0.0203125
1 0.0671875 0.39765625 0.01015625 0.0171875
1 0.94375 0.509375 0.0125 0.01953125
0 0.8109375 0.2015625 0.0125 0.02109375
1 0.121875 0.290625 0.0078125 0.01328125
1 0.81953125 0.40390625 0.00859375 0.015625
1 0.35625 0.5609375 0.01171875 0.02109375
1 0.30703125 0.37890625 0.01015625 0.015625
1 0.91640625 0.57578125 0.0125 0.021875
1 0.675 0.43984375 0.01015625 0.01640625
1 0.88046875 0.321875 0.0078125 0.0140625
1 0.2796875 0.46171875 0.0109375 0.01953125
4 0.57890625 0.5234375 0.10625 0.1296875
1 0.34765625 0.4390625 0.0109375 0.01953125
1 0.44765625 0.50859375 0.0078125 0.01484375
1 0.3453125 0.88984375 0.0125 0.01640625
1 0.86015625 0.384375 0.01015625 0.01640625
1 0.7421875 0.48984375 0.01171875 0.01953125
1 0.228125 0.8921875 0.01015625 0.01640625
1 0.49296875 0.48515625 0.00859375 0.01796875
1 0.35703125 0.446875 0.0109375 0.01953125
1 0.38125 0.328125 0.0078125 0.0140625
1 0.35234375 0.61796875 0.009375 0.015625
1 0.8546875 0.36640625 0.01015625 0.0140625
1 0.7375 0.58984375 0.0125 0.0203125
1 0.4453125 0.34609375 0.00859375 0.015625
1 0.503125 0.3671875 0.00859375 0.01484375
1 0.65 0.46328125 0.01171875 0.021875
1 0.45625 0.48984375 0.01015625 0.01875
1 0.409375 0.36640625 0.009375 0.015625
1 0.11015625 0.30234375 0.00859375 0.0140625
1 0.90078125 0.3546875 0.009375 0.0140625
1 0.5921875 0.38984375 0.009375 0.01640625
1 0.3875 0.471875 0.0109375 0.01875
1 0.56015625 0.48515625 0.01171875 0.01875
1 0.40625 0.30234375 0.0078125 0.01328125
1 0.4625 0.571875 0.01015625 0.0203125
1 0.65078125 0.40546875 0.0109375 0.015625
1 0.46640625 0.465625 0.009375 0.01484375
1 0.5953125 0.41015625 0.01015625 0.0171875
1 0.40625 0.33515625 0.009375 0.01484375
1 0.66484375 0.40859375 0.01015625 0.015625
1 0.884375 0.38515625 0.00859375 0.0140625
1 0.384375 0.2859375 0.00859375 0.0140625
1 0.8296875 0.3234375 0.00859375 0.015625
1 0.45390625 0.38359375 0.009375 0.01484375
1 0.31953125 0.39921875 0.01015625 0.0171875
1 0.63203125 0.384375 0.01015625 0.01796875
1 0.67265625 0.840625 0.0109375 0.0171875
0 0.83828125 0.22265625 0.01171875 0.01796875
1 0.625 0.90078125 0.0109375 0.01484375
1 0.39609375 0.34296875 0.00859375 0.0140625
1 0.459375 0.43828125 0.0109375 0.0171875
1 0.84453125 0.8828125 0.00859375 0.0140625
1 0.33984375 0.3171875 0.0078125 0.0140625
1 0.84296875 0.38125 0.009375 0.0125
1 0.88515625 0.27265625 0.0078125 0.01328125
1 0.55078125 0.40234375 0.01015625 0.01640625
1 0.27734375 0.6015625 0.0125 0.021875
1 0.190625 0.31328125 0.00859375 0.015625
1 0.4671875 0.3234375 0.0078125 0.0140625
1 0.6234375 0.42734375 0.0109375 0.0171875
0 0.8390625 0.18828125 0.0125 0.0203125
1 0.61796875 0.30078125 0.00703125 0.0140625
1 0.4390625 0.45390625 0.01015625 0.01796875
1 0.50078125 0.40390625 0.01015625 0.015625
1 0.41484375 0.5578125 0.01171875 0.02265625
1 0.6671875 0.38984375 0.00859375 0.01484375
1 0.459375 0.34921875 0.009375 0.01484375
4 0.725 0.91796875 0.1484375 0.15625
1 0.4671875 0.3828125 0.009375 0.01484375
1 0.05546875 0.40546875 0.0109375 0.01640625
1 0.04921875 0.97421875 0.01953125 0.03671875
1 0.47890625 0.53125 0.0078125 0.01328125
1 0.071875 0.31875 0.00859375 0.01328125
1 0.93515625 0.8828125 0.01171875 0.021875
1 0.6109375 0.33984375 0.01015625 0.015625
1 0.025 0.3421875 0.009375 0.0140625
1 0.803125 0.3203125 0.01015625 0.01796875
1 0.60703125 0.365625 0.009375 0.01484375
1 0.12421875 0.365625 0.0109375 0.015625
1 0.4609375 0.28671875 0.00703125 0.01328125
1 0.3453125 0.2984375 0.00859375 0.0140625
1 0.83359375 0.3546875 0.009375 0.0140625
1 0.5578125 0.61875 0.01015625 0.0140625
1 0.79765625 0.3828125 0.0109375 0.015625
1 0.58515625 0.26328125 0.0078125 0.0140625
1 0.98984375 0.41875 0.01328125 0.01640625
1 0.14375 0.2703125 0.0078125 0.0125
1 0.65703125 0.29375 0.0078125 0.0140625
1 0.20546875 0.909375 0.01640625 0.0234375
1 0.45078125 0.365625 0.009375 0.01484375
1 0.64140625 0.278125 0.00703125 0.0125
1 0.86484375 0.89921875 0.0109375 0.0171875
1 0.83515625 0.29609375 0.00859375 0.01484375
1 0.3375 0.33515625 0.009375 0.0140625
1 0.91640625 0.28671875 0.00859375 0.0140625
1 0.4390625 0.4078125 0.009375 0.0140625
1 0.3953125 0.33125 0.00859375 0.01171875
1 0.609375 0.61328125 0.01171875 0.01953125
1 0.44609375 0.396875 0.01015625 0.01484375
1 0.68984375 0.4296875 0.0109375 0.015625
1 0.65625 0.2765625 0.0078125 0.01328125
1 0.66953125 0.37265625 0.00859375 0.0125
1 0.39609375 0.26328125 0.0078125 0.01328125
1 0.84453125 0.3953125 0.01015625 0.015625
4 0.9609375 0.34375 0.075 0.08125
1 0.4265625 0.37421875 0.0109375 0.015625
1 0.1921875 0.915625 0.0140625 0.02421875
1 0.425 0.35625 0.009375 0.01171875
1 0.671875 0.35234375 0.009375 0.01953125
1 0.66328125 0.31875 0.01015625 0.01328125
1 0.64375 0.3140625 0.00859375 0.01484375
1 0.22734375 0.8765625 0.00859375 0.0125
0 0.89921875 0.190625 0.0125 0.01953125
1 0.8359375 0.39375 0.01015625 0.01484375
1 0.0640625 0.9328125 0.01484375 0.02890625
1 0.64453125 0.29453125 0.009375 0.015625
1 0.69296875 0.83359375 0.01015625 0.015625
1 0.090625 0.30234375 0.009375 0.01328125
3 0.675 0.5171875 0.07734375 0.1328125
1 0.840625 0.3515625 0.00859375 0.01328125
1 0.7625 0.83046875 0.01015625 0.015625
1 0.4515625 0.33515625 0.00859375 0.01328125
1 0.86328125 0.88359375 0.00625 0.009375
1 0.45078125 0.315625 0.01015625 0.0140625
1 0.26015625 0.86640625 0.00703125 0.01171875
1 0.796875 0.82109375 0.009375 0.0140625
1 0.66328125 0.359375 0.009375 0.0125
1 0.83828125 0.40546875 0.00859375 0.009375
1 0.328125 0.3359375 0.00859375 0.01484375
1 0.4828125 0.52109375 0.00703125 0.01171875
1 0.67578125 0.3828125 0.0078125 0.01328125
1 0.69609375 0.32734375 0.01015625 0.015625
0 0.8046875 0.24453125 0.00703125 0.0109375
1 0.684375 0.3546875 0.01171875 0.0171875
1 0.803125 0.39609375 0.01015625 0.0125
1 0.49765625 0.2546875 0.0078125 0.01328125
1 0.62578125 0.325 0.00859375 0.0140625
1 0.6515625 0.33671875 0.0109375 0.01484375
1 0.4890625 0.37578125 0.01015625 0.0140625
1 0.04453125 0.328125 0.009375 0.0140625
1 0.66015625 0.8125 0.0109375 0.01953125
1 0.8046875 0.36953125 0.00703125 0.01171875
1 0.60234375 0.8859375 0.009375 0.01796875
1 0.71171875 0.825 0.01015625 0.0171875
1 0.625 0.3515625 0.009375 0.01484375
1 0.88359375 0.90546875 0.01171875 0.01953125
1 0.84765625 0.48671875 0.009375 0.01484375
1 0.63359375 0.36484375 0.009375 0.01328125
1 0.4796875 0.3765625 0.00859375 0.0140625
1 0.46015625 0.45390625 0.0109375 0.01484375
0 0.7 0.70234375 0.0109375 0.0234375
1 0.6296875 0.265625 0.0078125 0.01328125
1 0.5421875 0.2625 0.0078125 0.01328125
1 0.871875 0.815625 0.0078125 0.0125
1 0.89609375 0.90625 0.01328125 0.02109375
1 0.6203125 0.26171875 0.00859375 0.01328125
1 0.6015625 0.2859375 0.01015625 0.0140625
1 0.13359375 0.875 0.00859375 0.0140625
1 0.6296875 0.3078125 0.00859375 0.01328125
1 0.4484375 0.26328125 0.009375 0.01328125
1 0.6015625 0.33671875 0.009375 0.015625
0 0.6453125 0.9890625 0.0203125 0.0203125
1 0.67890625 0.32578125 0.009375 0.01484375
0 0.61796875 0.77265625 0.009375 0.0171875
0 0.69609375 0.740625 0.00703125 0.0140625
1 0.88828125 0.8828125 0.00859375 0.0140625
1 0.46953125 0.45078125 0.009375 0.01484375
1 0.825 0.28828125 0.0109375 0.0125
1 0.73984375 0.8171875 0.01015625 0.01796875
1 0.92734375 0.9890625 0.01640625 0.0203125
1 0.12734375 0.26484375 0.00859375 0.0140625
1 0.5125 0.64375 0.0078125 0.01171875
1 0.4828125 0.359375 0.0078125 0.01015625
1 0.52265625 0.25625 0.01015625 0.0125
1 0.0234375 0.99453125 0.01328125 0.01015625
1 0.7296875 0.81640625 0.01015625 0.0171875
1 0.7 0.5046875 0.01171875 0.0171875
1 0.61640625 0.35625 0.00859375 0.01328125
1 0.4859375 0.89453125 0.00625 0.0109375
1 0.68828125 0.33828125 0.0078125 0.0125
1 0.434375 0.25625 0.0078125 0.0125
0 0.7875 0.278125 0.01015625 0.0171875
1 0.11875 0.27265625 0.01015625 0.01171875
1 0.05703125 0.3203125 0.01171875 0.01484375
1 0.8421875 0.3671875 0.009375 0.0125