3 0.45625 0.34921875 0.1109375 0.0890625
1 0.68046875 0.50625 0.05 0.0171875
2 0.7890625 0.2390625 0.1265625 0.059375
3 0.88046875 0.33203125 0.115625 0.0796875
1 0.22734375 0.55 0.0515625 0.0203125
1 0.01640625 0.43359375 0.0328125 0.0140625
1 0.88984375 0.409375 0.046875 0.0109375
1 0.32109375 0.46875 0.046875 0.0109375
1 0.1609375 0.39296875 0.046875 0.0125
1 0.18828125 0.425 0.046875 0.0109375
1 0.9765625 0.4546875 0.046875 0.0125
1 0.6625 0.459375 0.046875 0.0140625
1 0.97109375 0.55546875 0.0515625 0.01875
1 0.7296875 0.51640625 0.0484375 0.0171875
1 0.640625 0.52421875 0.0484375 0.0171875
4 0.14609375 0.30703125 0.0921875 0.059375
1 0.08515625 0.45859375 0.0484375 0.015625
1 0.359375 0.40703125 0.046875 0.0125
1 0.84140625 0.9234375 0.05 0.01875
1 0.1609375 0.5453125 0.05 0.0203125
1 0.66640625 0.50546875 0.0484375 0.015625
3 0.890625 0.8765625 0.1 0.075
1 0.05 0.44609375 0.0484375 0.0125
1 0.33046875 0.8625 0.0484375 0.0140625
1 0.30703125 0.88515625 0.05 0.0171875
1 0.8640625 0.59140625 0.0515625 0.0203125
1 0.6171875 0.39921875 0.046875 0.0125
1 0.7140625 0.44921875 0.046875 0.0125
1 0.80234375 0.91171875 0.0484375 0.015625
1 0.68203125 0.86953125 0.0453125 0.0109375
1 0.24765625 0.85546875 0.046875 0.0125
1 0.70703125 0.47265625 0.046875 0.0140625
1 0.26875 0.4921875 0.0484375 0.015625
2 0.26953125 0.21171875 0.128125 0.046875
1 0.67734375 0.43125 0.0484375 0.0125
1 0.65 0.47578125 0.0484375 0.0140625
1 0.5671875 0.46875 0.046875 0.0140625
1 0.95546875 0.40859375 0.046875 0.0109375
1 0.64609375 0.8859375 0.0484375 0.015625
1 0.70625 0.43359375 0.0484375 0.0125
1 0.06328125 0.41640625 0.046875 0.0140625
1 0.8234375 0.91875 0.05 0.0171875
4 0.6921875 0.5921875 0.159375 0.1265625
1 0.28515625 0.47578125 0.0484375 0.0125
1 0.5046875 0.40234375 0.046875 0.0125
1 0.578125 0.4578125 0.0484375 0.0125
1 0.85234375 0.45703125 0.0484375 0.0125
1 0.43515625 0.584375 0.05 0.0140625
1 0.67109375 0.36484375 0.0453125 0.009375
3 0.97578125 0.3828125 0.0484375 0.096875
1 0.65625 0.37890625 0.046875 0.009375
1 0.45234375 0.41796875 0.046875 0.0109375
1 0.20703125 0.88203125 0.0484375 0.0171875
1 0.58125 0.43046875 0.0484375 0.0125
3 0.81875 0.859375 0.071875 0.0515625
1 0.63046875 0.89765625 0.05 0.01875
1 0.3796875 0.33203125 0.04375 0.009375
1 0.54609375 0.39375 0.046875 0.0109375
1 0.05234375 0.48984375 0.05 0.015625
1 0.65390625 0.44609375 0.046875 0.0125
1 0.515625 0.39140625 0.046875 0.0109375
1 0.76796875 0.88984375 0.046875 0.0109375
1 0.23515625 0.88828125 0.0515625 0.021875
1 0.25703125 0.83984375 0.0453125 0.009375
1 0.471875 0.41328125 0.046875 0.0109375
1 0.31171875 0.4203125 0.046875 0.0125
1 0.59609375 0.328125 0.0453125 0.0078125
1 0.1609375 0.8859375 0.053125 0.021875
1 0.10390625 0.86796875 0.05 0.0171875
1 0.346875 0.89453125 0.046875 0.00625
0 0.7953125 0.21171875 0.046875 0.0125
1 0.49453125 0.4015625 0.046875 0.0109375
1 0.3421875 0.35390625 0.0453125 0.009375
1 0.0515625 0.42734375 0.046875 0.0078125
1 0.59375 0.44609375 0.0484375 0.0125
1 0.63359375 0.4359375 0.046875 0.0125
1 0.63984375 0.6 0.0453125 0.0125
1 0.07578125 0.9046875 0.0546875 0.0265625
1 0.84140625 0.36171875 0.0453125 0.0078125
1 0.57421875 0.9109375 0.05 0.0078125
1 0.58828125 0.403125 0.0484375 0.0125
1 0.2921875 0.45625 0.0484375 0.0125
1 0.046875 0.921875 0.0578125 0.0328125
1 0.0421875 0.55078125 0.046875 0.0078125
1 0.565625 0.38515625 0.046875 0.0125
1 0.675 0.39453125 0.046875 0.0125
1 0.9890625 0.459375 0.021875 0.0125
1 0.30625 0.40625 0.0453125 0.009375
1 0.6078125 0.43984375 0.0484375 0.0125
1 0.73125 0.8703125 0.04375 0.009375
1 0.303125 0.44296875 0.046875 0.0109375
1 0.10390625 0.84609375 0.0484375 0.0140625
1 0.74609375 0.8578125 0.0421875 0.00625
1 0.55 0.3390625 0.0453125 0.0109375
1 0.63828125 0.39765625 0.046875 0.0109375
1 0.659375 0.4046875 0.0453125 0.009375
1 0.08828125 0.36875 0.046875 0.0109375
1 0.4046875 0.36171875 0.04375 0.009375
1 0.1921875 0.94375 0.059375 0.0328125
1 0.4421875 0.41328125 0.0453125 0.00625
1 0.59296875 0.38515625 0.046875 0.0109375
1 0.69921875 0.39765625 0.046875 0.0109375
1 0.0359375 0.86171875 0.0484375 0.01875
1 0.075 0.87578125 0.05 0.0125
1 0.6390625 0.33828125 0.04375 0.009375
1 0.3 0.43203125 0.046875 0.0078125
1 0.19140625 0.87421875 0.05 0.0171875
1 0.03671875 0.36953125 0.046875 0.0109375
1 0.06640625 0.36796875 0.046875 0.009375
1 0.20390625 0.29921875 0.04375 0.0078125
1 0.6140625 0.565625 0.0453125 0.0078125
1 0.56875 0.40234375 0.0484375 0.0109375
1 0.58984375 0.353125 0.0453125 0.0109375
1 0.10078125 0.34375 0.046875 0.009375
1 0.56796875 0.30703125 0.04375 0.00625
0 0.87578125 0.80703125 0.0453125 0.0109375
1 0.071875 0.396875 0.046875 0.0140625
1 0.4921875 0.8953125 0.0515625 0.0203125
1 0.06171875 0.390625 0.0453125 0.0078125
1 0.64375 0.46171875 0.046875 0.0125
1 0.52109375 0.31953125 0.04375 0.0078125
1 0.06171875 0.40234375 0.046875 0.0078125
1 0.715625 0.340625 0.046875 0.0125
1 0.025 0.36875 0.0453125 0.0109375
1 0.475 0.39453125 0.05 0.009375
1 0.5125 0.33359375 0.0484375 0.0109375
1 0.18125 0.86015625 0.046875 0.0125
1 0.08671875 0.39140625 0.046875 0.0125
1 0.675 0.4859375 0.0484375 0.009375
1 0.6359375 0.37890625 0.0453125 0.0125
1 0.01484375 0.4109375 0.0296875 0.009375
1 0.4703125 0.303125 0.0421875 0.0046875
1 0.68515625 0.36015625 0.046875 0.009375
1 0.09609375 0.396875 0.046875 0.0125
1 0.61875 0.4359375 0.046875 0.0140625
1 0.18203125 0.28671875 0.046875 0.0125
1 0.05859375 0.9671875 0.0484375 0.003125
1 0.61328125 0.37578125 0.046875 0.0109375
1 0.540625 0.32265625 0.046875 0.009375
1 0.0859375 0.34609375 0.0453125 0.009375
1 0.91953125 0.57734375 0.046875 0.0109375
1 0.66875 0.41484375 0.0484375 0.009375
0 0.91875 0.25 0.046875 0.0109375
1 0.525 0.63203125 0.0484375 0.0125
1 0.6265625 0.3578125 0.0453125 0.0078125
1 0.771875 0.87109375 0.0453125 0.0078125
1 0.49140625 0.64140625 0.046875 0.0125
1 0.54765625 0.85234375 0.0453125 0.0078125
1 0.2828125 0.44296875 0.0453125 0.0078125
1 0.50625 0.85625 0.046875 0.0109375
1 0.50234375 0.334375 0.0453125 0.0125
1 0.0203125 0.36328125 0.040625 0.0109375
1 0.6390625 0.45078125 0.046875 0.0109375
0 0.8671875 0.76875 0.0453125 0.0140625
1 0.60859375 0.30546875 0.0453125 0.0078125
1 0.29296875 0.44296875 0.0453125 0.009375
1 0.57890625 0.365625 0.046875 0.0125
1 0.61328125 0.42890625 0.0453125 0.00625
1 0.0484375 0.35625 0.0484375 0.009375
1 0.5484375 0.8390625 0.0453125 0.0109375
1 0.0734375 0.37734375 0.0453125 0.0078125
1 0.62421875 0.31015625 0.0453125 0.0078125
1 0.6015625 0.37734375 0.046875 0.009375
1 0.06328125 0.353125 0.0453125 0.0109375
1 0.84765625 0.896875 0.046875 0.0109375
3 0.40078125 0.81796875 0.06875 0.0390625
1 0.65 0.340625 0.0453125 0.0109375
1 0.5796875 0.35234375 0.046875 0.009375
1 0.51640625 0.85078125 0.0453125 0.0078125
1 0.94140625 0.3640625 0.046875 0.0109375
1 0.1703125 0.28359375 0.0453125 0.0078125
1 0.50078125 0.30234375 0.046875 0.009375
1 0.78515625 0.86328125 0.0484375 0.009375
1 0.12734375 0.9578125 0.059375 0.0296875
1 0.0765625 0.36796875 0.0453125 0.009375
1 0.9359375 0.99296875 0.0515625 0.009375
1 0.0796875 0.8453125 0.046875 0.009375
1 0.72265625 0.85625 0.0453125 0.00625
0 0.915625 0.2921875 0.046875 0.009375
1 0.65390625 0.8421875 0.0421875 0.00625
1 0.034375 0.35625 0.046875 0.009375
1 0.19140625 0.5703125 0.0453125 0.0046875
1 0.625 0.64375 0.046875 0.009375
3 0.0140625 0.88359375 0.028125 0.1390625
1 0.54765625 0.8171875 0.0453125 0.0078125
1 0.01171875 0.521875 0.0234375 0.028125
1 0.68671875 0.39140625 0.0453125 0.009375
1 0.159375 0.85859375 0.0484375 0.015625