2 0.7703125 0.21953125 0.08671875 0.059375
3 0.77734375 0.8296875 0.05078125 0.053125
1 0.63125 0.46640625 0.0109375 0.01875
3 0.1703125 0.34296875 0.06328125 0.08671875
1 0.671875 0.4671875 0.0109375 0.01875
1 0.85234375 0.4296875 0.01015625 0.0171875
1 0.38515625 0.4546875 0.0109375 0.01875
3 0.11484375 0.421875 0.08203125 0.09609375
1 0.29453125 0.43359375 0.0109375 0.0171875
1 0.753125 0.559375 0.01328125 0.021875
2 0.24609375 0.2265625 0.09453125 0.05
1 0.19296875 0.4328125 0.01015625 0.0171875
3 0.196875 0.8359375 0.05546875 0.0640625
1 0.6265625 0.553125 0.0125 0.01875
1 0.09375 0.53203125 0.01328125 0.021875
1 0.671875 0.571875 0.0140625 0.02421875
1 0.409375 0.45390625 0.01171875 0.01875
1 0.659375 0.43515625 0.0109375 0.01796875
1 0.94765625 0.48046875 0.0125 0.01875
1 0.99140625 0.46015625 0.01328125 0.01875
1 0.8234375 0.446875 0.0109375 0.01796875
1 0.42421875 0.8984375 0.01328125 0.021875
1 0.61484375 0.39453125 0.009375 0.01640625
1 0.796875 0.85859375 0.00859375 0.015625
1 0.57265625 0.41875 0.01015625 0.01640625
1 0.4828125 0.8921875 0.01171875 0.02265625
1 0.596875 0.4390625 0.0109375 0.01796875
3 0.26171875 0.8578125 0.08359375 0.0921875
1 0.7375 0.49921875 0.01171875 0.02109375
1 0.15703125 0.859375 0.00625 0.0125
1 0.88515625 0.334375 0.00859375 0.01328125
1 0.48671875 0.38828125 0.01015625 0.0171875
1 0.63046875 0.43828125 0.01015625 0.01796875
1 0.73828125 0.84375 0.0078125 0.0125
4 0.73828125 0.8203125 0.03984375 0.04453125
1 0.89765625 0.3515625 0.01015625 0.01640625
1 0.3203125 0.3921875 0.01328125 0.0171875
1 0.7671875 0.9078125 0.01484375 0.0265625
1 0.7359375 0.56015625 0.01328125 0.02265625
1 0.8453125 0.33125 0.00859375 0.0125
1 0.31484375 0.4515625 0.01015625 0.01640625
1 0.33828125 0.87109375 0.01015625 0.0171875
1 0.4875 0.434375 0.01015625 0.0140625
1 0.4640625 0.38359375 0.009375 0.015625
0 0.23125 0.159375 0.01015625 0.01640625
0 0.21953125 0.14296875 0.0109375 0.0171875
1 0.821875 0.88984375 0.0125 0.0203125
1 0.33046875 0.340625 0.0078125 0.0140625
1 0.6328125 0.409375 0.01015625 0.0171875
1 0.39453125 0.346875 0.0078125 0.01328125
0 0.17265625 0.13046875 0.0109375 0.0171875
1 0.82265625 0.87109375 0.01015625 0.0140625
0 0.1625 0.1515625 0.0109375 0.0171875
1 0.33984375 0.36640625 0.0078125 0.0140625
1 0.18984375 0.8671875 0.00859375 0.01328125
1 0.046875 0.52109375 0.00859375 0.01796875
1 0.853125 0.36015625 0.00859375 0.01484375
1 0.53671875 0.315625 0.0078125 0.0140625
1 0.56171875 0.39921875 0.0109375 0.01640625
1 0.9703125 0.42265625 0.0125 0.01875
1 0.915625 0.3859375 0.009375 0.01640625
1 0.4609375 0.54609375 0.01171875 0.02265625
1 0.8234375 0.9328125 0.0171875 0.03046875
1 0.45859375 0.32890625 0.00703125 0.01328125
1 0.40234375 0.42109375 0.00703125 0.0125
1 0.834375 0.85078125 0.0078125 0.01328125
1 0.68359375 0.42734375 0.01015625 0.015625
1 0.4890625 0.45 0.0109375 0.0171875
1 0.42421875 0.3046875 0.0078125 0.0125
1 0.375 0.35234375 0.009375 0.01328125
1 0.67421875 0.43515625 0.0109375 0.01796875
1 0.9359375 0.37578125 0.01015625 0.01640625
1 0.87578125 0.56875 0.01171875 0.015625
1 0.86953125 0.93046875 0.01796875 0.028125
1 0.83515625 0.88828125 0.01171875 0.01875
1 0.99609375 0.425 0.00703125 0.015625
1 0.20859375 0.58515625 0.01171875 0.01484375
1 0.07734375 0.99609375 0.01171875 0.00703125
1 0.065625 0.390625 0.009375 0.0140625
1 0.44921875 0.3703125 0.01015625 0.0140625
1 0.97109375 0.3890625 0.0109375 0.015625
1 0.97109375 0.57578125 0.01171875 0.01796875
1 0.6515625 0.40078125 0.01015625 0.01640625
1 0.49375 0.3640625 0.00859375 0.0140625
1 0.6734375 0.41640625 0.0109375 0.0171875
1 0.11640625 0.97578125 0.0203125 0.04140625
1 0.6609375 0.3828125 0.009375 0.01328125
1 0.63125 0.34921875 0.009375 0.0140625
1 0.37890625 0.371875 0.00859375 0.0140625
1 0.53984375 0.884375 0.0109375 0.0203125
1 0.55390625 0.30625 0.00703125 0.0125
1 0.66640625 0.39609375 0.01015625 0.0140625
1 0.896875 0.8796875 0.01015625 0.01484375
1 0.853125 0.31640625 0.0078125 0.0125
1 0.1 0.865625 0.00859375 0.0140625
1 0.64140625 0.33515625 0.0078125 0.0125
1 0.42421875 0.371875 0.00703125 0.0109375
1 0.8421875 0.3125 0.0078125 0.0125
1 0.94140625 0.46328125 0.0078125 0.01328125
1 0.365625 0.340625 0.00859375 0.0140625
1 0.990625 0.4078125 0.0109375 0.015625
1 0.86640625 0.31484375 0.0078125 0.0125
1 0.88125 0.8984375 0.01328125 0.02109375
1 0.1171875 0.8703125 0.01015625 0.015625
1 0.07578125 0.353125 0.00859375 0.0125
1 0.05390625 0.38125 0.009375 0.0125
1 0.3578125 0.296875 0.00703125 0.0125
1 0.47734375 0.328125 0.01015625 0.0140625
1 0.46796875 0.596875 0.0109375 0.01171875
1 0.69140625 0.38203125 0.00859375 0.0140625
1 0.70078125 0.325 0.01015625 0.01484375
1 0.640625 0.39609375 0.009375 0.01328125
1 0.82578125 0.425 0.0109375 0.0171875
1 0.18125 0.6078125 0.01328125 0.015625
0 0.2640625 0.23203125 0.0109375 0.01640625
1 0.76796875 0.6453125 0.0109375 0.0109375
1 0.4171875 0.4078125 0.0078125 0.01640625
1 0.12578125 0.34609375 0.00859375 0.01328125
1 0.85078125 0.91796875 0.0125 0.0203125
1 0.51796875 0.3078125 0.0078125 0.01328125
1 0.6703125 0.3703125 0.009375 0.015625
1 0.9453125 0.359375 0.01015625 0.01640625
1 0.53828125 0.84609375 0.0078125 0.01328125
0 0.12421875 0.2359375 0.01171875 0.01796875
1 0.66953125 0.3484375 0.0078125 0.0125
1 0.6453125 0.34921875 0.00859375 0.0140625
1 0.85078125 0.86015625 0.0078125 0.015625
1 0.90234375 0.57890625 0.0125 0.01640625
1 0.67890625 0.38828125 0.00859375 0.0140625
0 0.97890625 0.215625 0.0078125 0.01328125
1 0.65390625 0.3578125 0.00703125 0.01484375
1 0.94140625 0.33515625 0.00859375 0.0140625
1 0.8109375 0.43515625 0.009375 0.01640625
1 0.12890625 0.36015625 0.0078125 0.0125
1 0.08125 0.340625 0.0078125 0.0125
1 0.9546875 0.36953125 0.0078125 0.0140625
1 0.9328125 0.34921875 0.01015625 0.0125
1 0.1 0.33828125 0.009375 0.01171875
0 0.25390625 0.9828125 0.02421875 0.034375
1 0.365625 0.90625 0.01015625 0.00859375
1 0.31875 0.43984375 0.0109375 0.01328125
1 0.68046875 0.4046875 0.01015625 0.0140625
1 0.85390625 0.88984375 0.01171875 0.0140625
1 0.384375 0.35625 0.0078125 0.0125
1 0.6859375 0.29140625 0.00703125 0.01171875
1 0.05390625 0.39609375 0.00625 0.0109375
1 0.69765625 0.8296875 0.00625 0.01015625
1 0.67578125 0.29765625 0.009375 0.01171875
1 0.465625 0.84453125 0.00546875 0.0109375
1 0.45625 0.31484375 0.0078125 0.01328125
1 0.1328125 0.85 0.00625 0.01015625
1 0.44453125 0.3015625 0.0078125 0.0125
1 0.4296875 0.8515625 0.00625 0.009375
1 0.88671875 0.309375 0.00625 0.01171875
1 0.90859375 0.3109375 0.0078125 0.01171875
1 0.65546875 0.2953125 0.0078125 0.01328125
1 0.05234375 0.36953125 0.009375 0.01171875
1 0.92578125 0.328125 0.0109375 0.015625
1 0.87734375 0.85078125 0.00859375 0.0140625
1 0.55625 0.8265625 0.00625 0.01015625
1 0.5640625 0.84609375 0.00703125 0.01171875
1 0.8828125 0.32421875 0.00859375 0.01015625
1 0.50390625 0.453125 0.009375 0.0125
1 0.12265625 0.321875 0.00859375 0.01171875
1 0.5171875 0.88984375 0.01015625 0.0203125
1 0.88828125 0.93046875 0.01328125 0.02265625
1 0.9890625 0.62578125 0.015625 0.02109375
1 0.8125 0.84375 0.01015625 0.0125
1 0.33671875 0.99296875 0.02109375 0.01328125
1 0.46875 0.61171875 0.0109375 0.01171875
1 0.553125 0.84453125 0.00703125 0.0125
1 0.96796875 0.37578125 0.0078125 0.01171875
0 0.24609375 0.21015625 0.00859375 0.01171875
1 0.16953125 0.8390625 0.00625 0.009375
1 0.8703125 0.884375 0.009375 0.01484375
1 0.315625 0.86484375 0.00859375 0.0125
1 0.53984375 0.2984375 0.009375 0.0125