3 0.68984375 0.30390625 0.0671875 0.0625
3 0.821875 0.42578125 0.0796875 0.090625
2 0.25546875 0.19765625 0.1125 0.06875
3 0.6125 0.85625 0.096875 0.0828125
4 0.23984375 0.7984375 0.0625 0.0625
2 0.77578125 0.24921875 0.1125 0.059375
3 0.6609375 0.8453125 0.0625 0.046875
3 0.875 0.61875 0.15 0.1359375
4 0.11796875 0.5546875 0.1296875 0.1265625
4 0.0265625 0.53359375 0.053125 0.1359375
1 0.56328125 0.51875 0.0328125 0.0234375
1 0.4265625 0.496875 0.0328125 0.0234375
1 0.5328125 0.521875 0.03125 0.025
4 0.3328125 0.27578125 0.0640625 0.0671875
3 0.42109375 0.77734375 0.0796875 0.0765625