4 0.575 0.39609375 0.08203125 0.10234375
2 0.7703125 0.21875 0.0890625 0.0609375
3 0.74765625 0.83359375 0.0578125 0.06328125
1 0.3578125 0.4046875 0.009375 0.0171875
1 0.25859375 0.53203125 0.01171875 0.02109375
1 0.6984375 0.565625 0.0140625 0.02421875
1 0.64921875 0.49453125 0.01171875 0.0203125
1 0.6453125 0.57109375 0.0125 0.02421875
1 0.1609375 0.45859375 0.01015625 0.01796875
1 0.99140625 0.46484375 0.0125 0.01953125
1 0.63203125 0.39765625 0.009375 0.0171875
4 0.87890625 0.59765625 0.08203125 0.096875
1 0.98046875 0.3890625 0.01015625 0.015625
1 0.26953125 0.50625 0.01171875 0.0203125
1 0.4203125 0.48359375 0.01015625 0.01953125
1 0.08203125 0.41953125 0.009375 0.015625
1 0.34609375 0.35390625 0.009375 0.01484375
1 0.88046875 0.36796875 0.009375 0.01484375
1 0.325 0.4984375 0.0109375 0.0203125
1 0.98203125 0.44765625 0.0125 0.01796875
1 0.67578125 0.46875 0.0109375 0.01953125
1 0.92578125 0.44296875 0.0109375 0.01796875
1 0.7265625 0.88984375 0.0125 0.0203125
2 0.24921875 0.2265625 0.09453125 0.046875
1 0.78515625 0.865625 0.009375 0.01484375
1 0.53671875 0.3359375 0.0078125 0.01484375
1 0.64921875 0.32734375 0.0078125 0.0140625
1 0.965625 0.4171875 0.0109375 0.01640625
1 0.859375 0.37421875 0.01015625 0.01640625
1 0.33515625 0.37109375 0.0078125 0.0140625
1 0.8171875 0.865625 0.00859375 0.015625
1 0.753125 0.91328125 0.0140625 0.02578125
1 0.6078125 0.31796875 0.0078125 0.01328125
1 0.49296875 0.4109375 0.01015625 0.01796875
1 0.36875 0.34453125 0.0078125 0.01484375
1 0.9484375 0.378125 0.01015625 0.015625
1 0.571875 0.8375 0.0078125 0.0125
1 0.1203125 0.51875 0.01015625 0.015625
1 0.79375 0.903125 0.0140625 0.02578125
1 0.409375 0.30390625 0.00859375 0.01171875
1 0.190625 0.38359375 0.00859375 0.0171875
1 0.6390625 0.3125 0.0078125 0.01328125
1 0.434375 0.3046875 0.0078125 0.0125
1 0.72890625 0.85625 0.009375 0.01484375
1 0.11328125 0.39765625 0.01015625 0.015625
1 0.55859375 0.30234375 0.0078125 0.0125
1 0.55625 0.34609375 0.00859375 0.0140625
0 0.92421875 0.18203125 0.01875 0.03125
1 0.496875 0.625 0.01328125 0.02421875
0 0.2625 0.19375 0.00859375 0.015625
1 0.38984375 0.32109375 0.0078125 0.01328125
1 0.86640625 0.90859375 0.0140625 0.02421875
1 0.88671875 0.87890625 0.0109375 0.01640625
4 0.54765625 0.81796875 0.0375 0.05546875
1 0.5046875 0.3234375 0.00703125 0.0125
1 0.51796875 0.6265625 0.01171875 0.021875
1 0.82578125 0.88828125 0.0109375 0.01953125
1 0.5171875 0.315625 0.00703125 0.0125
1 0.31640625 0.3359375 0.00703125 0.0125
1 0.28984375 0.4890625 0.01015625 0.0140625
1 0.14609375 0.3265625 0.009375 0.01484375
1 0.10078125 0.40625 0.0109375 0.015625
1 0.915625 0.35625 0.01015625 0.01875
0 0.1296875 0.10234375 0.01328125 0.02109375
1 0.7828125 0.90078125 0.01171875 0.021875
1 0.5046875 0.34765625 0.0078125 0.0140625
1 0.17734375 0.325 0.00703125 0.0125
1 0.91875 0.90546875 0.01328125 0.02109375
1 0.359375 0.30390625 0.00859375 0.0140625
1 0.16796875 0.31953125 0.00703125 0.01171875
1 0.95546875 0.359375 0.00859375 0.0140625
1 0.728125 0.62421875 0.01328125 0.02109375
1 0.425 0.35625 0.009375 0.0140625
1 0.05859375 0.37890625 0.009375 0.01484375
1 0.5140625 0.3484375 0.0078125 0.0140625
1 0.11953125 0.33359375 0.00859375 0.01328125
1 0.065625 0.39921875 0.009375 0.015625
1 0.83515625 0.29921875 0.00859375 0.0125
1 0.8390625 0.98984375 0.021875 0.01875
1 0.94609375 0.9015625 0.01171875 0.0234375
1 0.08671875 0.3875 0.00859375 0.01640625
1 0.99453125 0.4484375 0.009375 0.01640625
1 0.51796875 0.54609375 0.0109375 0.015625
1 0.18359375 0.3046875 0.00625 0.0109375
1 0.87265625 0.3 0.009375 0.01328125
1 0.778125 0.84140625 0.00625 0.0109375
1 0.92421875 0.3390625 0.01015625 0.0125
1 0.053125 0.39296875 0.00703125 0.01328125
0 0.17421875 0.13046875 0.0109375 0.01796875
1 0.94765625 0.3453125 0.009375 0.01796875
1 0.478125 0.29609375 0.00859375 0.01171875
1 0.8875 0.315625 0.009375 0.015625
1 0.30078125 0.30390625 0.0078125 0.01328125
1 0.2984375 0.48125 0.01171875 0.01640625
1 0.10390625 0.39140625 0.00859375 0.0140625
1 0.93203125 0.346875 0.0140625 0.01640625
1 0.33828125 0.309375 0.00546875 0.01015625
1 0.9203125 0.32109375 0.00859375 0.0140625
1 0.846875 0.3 0.01171875 0.01328125
1 0.859375 0.3 0.01015625 0.01328125
1 0.996875 0.3703125 0.00625 0.0140625
1 0.075 0.4 0.01015625 0.01484375
1 0.96953125 0.37421875 0.009375 0.0171875
1 0.934375 0.90390625 0.01328125 0.021875
1 0.190625 0.46015625 0.00703125 0.0140625
1 0.1640625 0.30546875 0.009375 0.0109375
1 0.9078125 0.3140625 0.00859375 0.01328125
1 0.2890625 0.8421875 0.00625 0.0140625
0 0.08515625 0.046875 0.0140625 0.021875
1 0.896875 0.30546875 0.009375 0.01328125
1 0.678125 0.640625 0.01171875 0.01640625
1 0.4671875 0.8375 0.00546875 0.0109375
1 0.09140625 0.346875 0.00859375 0.01328125
1 0.890625 0.86171875 0.00859375 0.0125
1 0.778125 0.63984375 0.01328125 0.01796875
1 0.46015625 0.853125 0.009375 0.0109375
1 0.90859375 0.8859375 0.009375 0.015625
0 0.25625 0.19296875 0.00625 0.01328125
1 0.32890625 0.296875 0.00625 0.009375