0 0.28359375 0.69765625 0.0453125 0.0171875
0 0.13359375 0.18359375 0.0453125 0.015625
1 0.30234375 0.4859375 0.0453125 0.015625
0 0.2703125 0.72890625 0.0453125 0.01875
1 0.57109375 0.49453125 0.04375 0.0171875
1 0.83203125 0.45703125 0.04375 0.0140625
1 0.59921875 0.87265625 0.04375 0.015625
1 0.38671875 0.47890625 0.04375 0.009375
1 0.9078125 0.39765625 0.0421875 0.0109375
1 0.51640625 0.45546875 0.0421875 0.0125
1 0.93671875 0.41875 0.04375 0.0125
0 0.16640625 0.14296875 0.0484375 0.0234375
1 0.91328125 0.9203125 0.046875 0.0140625
1 0.55859375 0.38359375 0.040625 0.0125
3 0.72578125 0.56796875 0.1546875 0.146875
1 0.053125 0.51328125 0.0453125 0.015625
1 0.346875 0.4484375 0.04375 0.015625
1 0.34375 0.41015625 0.0421875 0.0109375
1 0.28828125 0.48515625 0.04375 0.015625
1 0.95703125 0.4625 0.046875 0.0140625
1 0.34453125 0.34921875 0.0390625 0.009375
1 0.98203125 0.38828125 0.0359375 0.0109375
1 0.359375 0.49609375 0.04375 0.015625
0 0.046875 0.284375 0.046875 0.0171875
0 0.1609375 0.16484375 0.0453125 0.015625
1 0.2046875 0.57109375 0.0453125 0.0109375
1 0.45078125 0.47890625 0.0453125 0.015625
1 0.42578125 0.315625 0.040625 0.0078125
4 0.13125 0.325 0.1171875 0.0921875
1 0.30625 0.54296875 0.0453125 0.0171875
0 0.284375 0.7515625 0.046875 0.0234375
1 0.83359375 0.33203125 0.040625 0.0109375
1 0.85859375 0.940625 0.0484375 0.0203125
1 0.98203125 0.43203125 0.0359375 0.0109375
1 0.68515625 0.39765625 0.0421875 0.0125
1 0.91796875 0.43828125 0.04375 0.0140625
1 0.95390625 0.3859375 0.04375 0.0109375
1 0.55 0.45 0.04375 0.015625
1 0.38828125 0.39375 0.0421875 0.0125
1 0.846875 0.31484375 0.040625 0.009375
1 0.3453125 0.4125 0.0421875 0.0046875
1 0.3328125 0.45 0.04375 0.015625
1 0.6546875 0.85546875 0.0421875 0.009375
0 0.18125 0.13359375 0.0453125 0.0140625
1 0.67265625 0.3140625 0.040625 0.0078125
1 0.33046875 0.49296875 0.0453125 0.015625
1 0.16796875 0.38125 0.04375 0.0125
2 0.78359375 0.23046875 0.121875 0.05625
1 0.5578125 0.49375 0.04375 0.0171875
1 0.72421875 0.9015625 0.046875 0.01875
2 0.26640625 0.21875 0.1171875 0.0390625
1 0.3765625 0.41015625 0.0421875 0.0125
1 0.059375 0.475 0.04375 0.0140625
1 0.32265625 0.4484375 0.04375 0.0140625
1 0.70234375 0.89765625 0.046875 0.01875
1 0.35078125 0.52109375 0.0453125 0.0171875
1 0.34921875 0.42890625 0.0421875 0.0140625
1 0.9265625 0.946875 0.05 0.021875
1 0.01953125 0.4140625 0.0390625 0.009375
1 0.4015625 0.31796875 0.0421875 0.0125
3 0.10703125 0.40859375 0.13125 0.0953125
4 0.4765625 0.41640625 0.1265625 0.1109375
0 0.21609061093749998 0.08729374375 0.2303012125 0.0760195140625 0.19122850625 0.0736913 0.1861216328125 0.0850263625 0.21609061093749998 0.08729374375
0 0.1982999359375 0.11776991249999999 0.18685106093749998 0.11173854218749998 0.15470201249999999 0.1145203421875 0.15925083281250002 0.123489434375 0.1982999359375 0.11776991249999999
0 0.14654095 0.15533795625 0.1344123453125 0.1583348265625 0.13551094531250002 0.168613215625 0.179329459375 0.16686382187499998 0.1751537421875 0.15759110625 0.14654095 0.15533795625