4 0.14609375 0.3578125 0.1078125 0.0984375
4 0.52109375 0.25546875 0.109375 0.0921875
3 0.3546875 0.4703125 0.1421875 0.13125
2 0.2171875 0.23515625 0.1234375 0.075
1 0.225 0.47421875 0.0453125 0.0234375
1 0.884375 0.41640625 0.0453125 0.025
1 0.23828125 0.5109375 0.04375 0.025
1 0.67890625 0.44453125 0.04375 0.0265625
1 0.91171875 0.39140625 0.0453125 0.0234375
1 0.38125 0.38984375 0.04375 0.021875
0 0.7796875 0.14609375 0.04375 0.0234375
1 0.015625 0.51640625 0.03125 0.0265625
1 0.921875 0.3609375 0.0453125 0.021875
3 0.771875 0.84140625 0.1046875 0.06875
1 0.90859375 0.5078125 0.046875 0.028125
1 0.28046875 0.56328125 0.046875 0.0265625
1 0.43671875 0.43203125 0.04375 0.0234375
1 0.90546875 0.34296875 0.04375 0.021875
1 0.5921875 0.315625 0.0421875 0.021875
1 0.28125 0.584375 0.046875 0.0296875
0 0.7578125 0.19140625 0.04375 0.0234375
0 0.13125 0.16796875 0.0453125 0.025
1 0.28359375 0.5078125 0.04375 0.025
1 0.68671875 0.378125 0.04375 0.021875
1 0.60546875 0.4125 0.04375 0.0234375
1 0.6140625 0.31328125 0.0421875 0.021875
1 0.26015625 0.53359375 0.0453125 0.025
1 0.89765625 0.53671875 0.046875 0.0296875
1 0.93125 0.378125 0.04375 0.0234375
1 0.8703125 0.30859375 0.0421875 0.021875
1 0.49453125 0.40703125 0.04375 0.0234375
1 0.58125 0.4625 0.0453125 0.025
1 0.53046875 0.36484375 0.04375 0.021875
1 0.475 0.371875 0.0421875 0.021875
1 0.359375 0.35234375 0.0421875 0.021875
0 0.7671875 0.15625 0.0421875 0.021875
1 0.3125 0.56875 0.046875 0.0296875
1 0.4921875 0.35546875 0.0421875 0.021875
1 0.334375 0.57265625 0.0453125 0.0265625
1 0.92578125 0.39765625 0.0453125 0.0234375
1 0.43125 0.4640625 0.04375 0.025
1 0.60078125 0.4828125 0.0453125 0.0265625
1 0.390625 0.57265625 0.0453125 0.0296875
0 0.190625 0.15390625 0.0453125 0.025
1 0.33671875 0.55546875 0.0453125 0.0234375
1 0.7359375 0.859375 0.040625 0.0203125
1 0.428125 0.3328125 0.0421875 0.0203125
0 0.13828125 0.13828125 0.046875 0.0265625
1 0.48515625 0.390625 0.04375 0.021875
1 0.225 0.4921875 0.04375 0.025
0 0.2125 0.18203125 0.0453125 0.0265625
1 0.8890625 0.36328125 0.04375 0.0234375
1 0.1765625 0.390625 0.04375 0.021875
1 0.446875 0.36875 0.0421875 0.021875
1 0.5578125 0.4296875 0.0453125 0.025
1 0.20234375 0.4421875 0.0390625 0.0203125
1 0.91015625 0.31484375 0.0421875 0.0203125
1 0.96875 0.3859375 0.0453125 0.0234375
1 0.47421875 0.33671875 0.0421875 0.021875
1 0.54453125 0.28984375 0.0421875 0.0203125
1 0.29375 0.5234375 0.0453125 0.0265625
1 0.52109375 0.35390625 0.0421875 0.021875
0 0.75078125 0.009375 0.0453125 0.01875
2 0.73671875 0.19375 0.1296875 0.0703125
1 0.77421875 0.903125 0.0484375 0.028125
1 0.84921875 0.8953125 0.0484375 0.0296875
1 0.81484375 0.28125 0.0421875 0.0203125
1 0.809375 0.89453125 0.046875 0.028125
1 0.07421875 0.3890625 0.0421875 0.021875
1 0.5875 0.3328125 0.04375 0.021875
1 0.45390625 0.3875 0.04375 0.0234375
1 0.496875 0.31953125 0.0421875 0.0203125
1 0.37109375 0.3234375 0.0421875 0.0203125
0 0.2125 0.83125 0.04375 0.025
1 0.41640625 0.39140625 0.04375 0.0234375
1 0.21328125 0.51640625 0.04375 0.021875
1 0.40234375 0.38984375 0.04375 0.021875
1 0.04140625 0.42890625 0.0453125 0.021875
1 0.675 0.88671875 0.0453125 0.025
1 0.046875 0.3890625 0.04375 0.021875
1 0.40625 0.4765625 0.040625 0.021875
1 0.9328125 0.31015625 0.04375 0.0234375
1 0.090625 0.95546875 0.0484375 0.0328125
1 0.425 0.27890625 0.0421875 0.0203125
0 0.1265625 0.18984375 0.046875 0.0296875
0 0.7796875 0.04921875 0.04375 0.0234375
1 0.4359375 0.3640625 0.04375 0.021875
1 0.93984375 0.53515625 0.0453125 0.0265625
1 0.39453125 0.29765625 0.040625 0.0203125
0 0.16875 0.1984375 0.0453125 0.025
0 0.15546875 0.16328125 0.04375 0.0234375
0 0.7625 0.00859375 0.04375 0.0171875
1 0.2765625 0.53515625 0.0453125 0.0265625
1 0.3265625 0.27734375 0.0421875 0.0203125
1 0.8296875 0.88203125 0.0484375 0.025
1 0.80625 0.38125 0.0453125 0.0234375
0 0.2234375 0.7828125 0.04375 0.025
1 0.65078125 0.3421875 0.04375 0.021875
1 0.05390625 0.3734375 0.0421875 0.01875
1 0.559375 0.47265625 0.0453125 0.025
0 0.16875 0.15234375 0.04375 0.021875
1 0.65703125 0.3265625 0.0421875 0.0203125
1 0.2671875 0.475 0.0421875 0.01875
0 0.12578125 0.2421875 0.0453125 0.025
1 0.7890625 0.88125 0.0453125 0.0234375
1 0.0203125 0.39921875 0.040625 0.0234375
1 0.55546875 0.39609375 0.0453125 0.0234375
1 0.40625 0.28828125 0.040625 0.01875
1 0.47578125 0.2890625 0.0421875 0.01875
1 0.85546875 0.27109375 0.0421875 0.0203125
1 0.3375 0.325 0.04375 0.0203125
1 0.86640625 0.6203125 0.0453125 0.021875
1 0.03671875 0.41640625 0.04375 0.01875
1 0.128125 0.30625 0.0421875 0.0203125
1 0.10546875 0.94375 0.046875 0.0265625
1 0.26015625 0.50703125 0.04375 0.021875
0 0.765625 0.1046875 0.04375 0.021875
1 0.3125 0.3765625 0.04375 0.0203125
1 0.84375 0.27265625 0.04375 0.0203125
0 0.23359375 0.7328125 0.04375 0.025
1 0.93046875 0.334375 0.04375 0.0234375
1 0.8453125 0.85859375 0.0421875 0.01875
1 0.8765625 0.86328125 0.04375 0.025
0 0.71953125 0.20390625 0.0421875 0.025
1 0.36953125 0.39765625 0.0421875 0.021875
1 0.38671875 0.40390625 0.04375 0.0203125
1 0.31015625 0.34765625 0.04375 0.0234375
1 0.6484375 0.3140625 0.0421875 0.021875
1 0.82421875 0.2515625 0.0421875 0.01875
0 0.75859375 0.0328125 0.0421875 0.0171875
1 0.0109375 0.41015625 0.021875 0.0234375
1 0.4953125 0.29296875 0.0421875 0.01875
1 0.26875 0.49375 0.04375 0.021875
1 0.24296875 0.496875 0.04375 0.021875
0 0.73359375 0.69765625 0.04375 0.0234375
1 0.62421875 0.284375 0.0421875 0.021875
1 0.12109375 0.89296875 0.0390625 0.0171875
1 0.3984375 0.40234375 0.0421875 0.0203125
1 0.82265625 0.85390625 0.0421875 0.01875
1 0.08515625 0.31796875 0.0421875 0.0203125
1 0.87265625 0.25546875 0.0421875 0.0203125
1 0.32578125 0.3515625 0.04375 0.021875
1 0.146875 0.3 0.0421875 0.01875
1 0.32109375 0.3328125 0.0421875 0.0203125
1 0.1140625 0.97265625 0.0453125 0.0203125
1 0.33046875 0.30234375 0.040625 0.0171875
1 0.61875 0.29609375 0.0421875 0.021875
1 0.8453125 0.871875 0.04375 0.021875
1 0.58515625 0.2515625 0.04375 0.01875
1 0.90546875 0.26484375 0.0421875 0.01875
1 0.6296875 0.30546875 0.04375 0.021875
1 0.03359375 0.38984375 0.0453125 0.0234375
1 0.9046875 0.2796875 0.0421875 0.021875
1 0.67265625 0.2484375 0.04375 0.025
1 0.3234375 0.31484375 0.04375 0.01875
1 0.14296875 0.92109375 0.0421875 0.01875
1 0.08046875 0.9203125 0.04375 0.0234375
1 0.85390625 0.25234375 0.0421875 0.0203125
1 0.3578125 0.27265625 0.0421875 0.01875
1 0.853125 0.84296875 0.040625 0.01875
1 0.090625 0.975 0.0453125 0.01875
0 0.7390625 0.03203125 0.0421875 0.021875
1 0.9234375 0.2953125 0.04375 0.0203125
4 0.2 0.9234375 0.128125 0.153125
1 0.83671875 0.86953125 0.0421875 0.01875
0 0.7421875 0.74609375 0.0453125 0.021875
1 0.490625 0.28046875 0.04375 0.0203125
1 0.13046875 0.921875 0.04375 0.021875
1 0.17734375 0.63046875 0.0421875 0.0203125
1 0.3921875 0.26640625 0.040625 0.01875
1 0.1359375 0.89140625 0.0390625 0.0171875
1 0.90859375 0.86015625 0.0453125 0.025
1 0.4015625 0.2640625 0.040625 0.01875
1 0.09375 0.31015625 0.04375 0.021875
1 0.55703125 0.87109375 0.040625 0.0171875
1 0.4 0.41484375 0.0421875 0.01875
1 0.06015625 0.990625 0.0515625 0.01875
1 0.934375 0.29140625 0.0421875 0.0203125
1 0.86328125 0.25390625 0.0421875 0.0203125
1 0.11015625 0.915625 0.0421875 0.0203125
1 0.88828125 0.25390625 0.04375 0.0203125
1 0.36640625 0.26796875 0.040625 0.01875
1 0.6828125 0.84765625 0.0390625 0.015625
1 0.05 0.36015625 0.04375 0.01875
1 0.41953125 0.86484375 0.0421875 0.01875
1 0.11640625 0.99375 0.0421875 0.0125
1 0.08984375 0.8953125 0.04375 0.01875
1 0.46640625 0.87421875 0.0421875 0.01875
1 0.828125 0.2390625 0.040625 0.0203125
1 0.559375 0.2609375 0.040625 0.0171875
1 0.88203125 0.615625 0.0453125 0.021875
1 0.13203125 0.2890625 0.0421875 0.021875
0 0.6 0.98359375 0.0515625 0.0296875
1 0.5671875 0.2484375 0.0421875 0.01875
1 0.96171875 0.30546875 0.0421875 0.01875
1 0.09921875 0.30078125 0.0421875 0.0203125