2 0.24921875 0.20859375 0.103125 0.0640625
2 0.76484375 0.203125 0.090625 0.0625
4 0.878125 0.371875 0.08125 0.0828125
4 0.49921875 0.5359375 0.1078125 0.1796875
4 0.35390625 0.28828125 0.0671875 0.0859375
3 0.8796875 0.87890625 0.0796875 0.0859375
3 0.96953125 0.36640625 0.0609375 0.0921875
3 0.5328125 0.32734375 0.0796875 0.0953125
3 0.0734375 0.503125 0.1234375 0.1328125
4 0.7375 0.87109375 0.0875 0.0796875
3 0.5328125 0.85546875 0.0359375 0.046875
1 0.787248875 0.60643191875 0.78870701875 0.6203459609374999 0.8016783015625 0.6191618046875 0.8037255828125 0.6025249453125 0.7917243828125 0.598168028125 0.787248875 0.60643191875
1 0.7686817078125 0.5824699015625 0.7708156546875 0.5630556859375 0.7586253296875001 0.5586987703124999 0.756464184375 0.5795016609375 0.7686817078125 0.5824699015625
1 0.7131901218750001 0.4842807890625 0.7095853875 0.4897809578125 0.7102153390625 0.5022926890625 0.7215238796875 0.5052472953125 0.7242816765625 0.49834481249999996 0.7227505421875 0.4872081234375 0.7131901218750001 0.4842807890625
1 0.6262710031250001 0.4730465953125 0.626877221875 0.48694700312499994 0.63649141875 0.489874340625 0.6392101765625 0.4857492125 0.640307359375 0.474653428125 0.636900553125 0.46904418124999997 0.6262710031250001 0.4730465953125
1 0.306694453125 0.58831220625 0.3022392359375 0.593798740625 0.3044698890625 0.6132811296875 0.312268040625 0.6147925187500001 0.31761969843750004 0.6079309390625001 0.3170740046875 0.5912531765625 0.306694453125 0.58831220625
1 0.467017234375 0.464710409375 0.474919584375 0.4703878296875 0.47853611249999994 0.467665015625 0.4797579625 0.451014521875 0.46910177343750004 0.449462228125 0.467017234375 0.464710409375
1 0.36403119687499996 0.4629106296875 0.3629086546875 0.4753950921875 0.36630965312499997 0.4810043390625 0.3760436125 0.4769882890625 0.3771389265625 0.4658925046875 0.373737928125 0.46028325625 0.36403119687499996 0.4629106296875
1 0.2950956921875 0.4658768078125 0.30557985625 0.46881777968750005 0.3092290078125 0.4619289328125 0.3076633296875 0.452180921875 0.296273690625 0.45061499375 0.2950956921875 0.4658768078125
1 0.2699388859375 0.49738007812499996 0.266175075 0.5112123125 0.27212496875 0.51963981875 0.27739133125 0.51833295 0.2809925625 0.5128327796875001 0.28036322187499996 0.5003210499999999 0.2699388859375 0.49738007812499996
1 0.25811095 0.53468348125 0.2696467546875 0.529306021875 0.27071666250000004 0.5195989156249999 0.26730985625 0.5139896671875 0.2566803046875 0.5179920828125 0.25811095 0.53468348125
1 0.24485112031249998 0.5400064 0.24925995625000003 0.54146325 0.2556085390625 0.5346153078125 0.2540817890625 0.5220899421875 0.242547228125 0.521912690625 0.24485112031249998 0.5400064
1 0.337707609375 0.3971655796875 0.34113534375 0.4041635046875 0.348295128125 0.40288390625000003 0.35032714062500003 0.3904130796875 0.340603471875 0.386097065625 0.337707609375 0.3971655796875
1 0.73018905625 0.4484478703125 0.723889690625 0.45112978281249994 0.7211029671875 0.45664358906249997 0.722693209375 0.46639159843750005 0.731585540625 0.46791662343749996 0.7336740203125001 0.452668440625 0.73018905625 0.4484478703125
1 0.736992459375 0.4416135609375 0.7363336578124999 0.42910183125 0.7262503031249999 0.4303405265625 0.7295946453125 0.4456705171875 0.736992459375 0.4416135609375
1 0.72754616875 0.44561597812500003 0.724065303125 0.4372293734375 0.7167070546875001 0.4398976515625 0.7191336109375001 0.45521400625 0.72754616875 0.44561597812500003
1 0.7019504890625 0.43266793750000004 0.7022293953125 0.4187811625 0.6905450531249999 0.41860391249999995 0.6902940375 0.43110200781249997 0.7019504890625 0.43266793750000004
1 0.7155860609375 0.4370793921875 0.7185361890624999 0.42462220000000006 0.711422928125 0.4203470921875 0.70667355 0.43277701406249997 0.7155860609375 0.4370793921875
1 0.71311505625 0.4203607265625 0.7132864265625 0.4120286609375 0.7040821687500001 0.41189231406250004 0.702961809375 0.421599421875 0.71311505625 0.4203607265625
1 0.70530325625 0.40633760625 0.7073524921875001 0.393866778125 0.6975464062500001 0.3895507640625 0.6954413734375 0.404798946875 0.70530325625 0.40633760625
1 0.689216803125 0.403273921875 0.6886214015625 0.3879848359375 0.6777177546875001 0.390598575 0.6801491296875 0.40452625312499996 0.689216803125 0.403273921875
1 0.6923358578125 0.3588771515625 0.6906886078125 0.3477404625 0.683107484375 0.35040873906250003 0.6866062453125 0.362961375 0.6923358578125 0.3588771515625
1 0.6545976718750001 0.354056653125 0.6566947046875 0.3415858265625 0.6475513890625 0.338672125 0.6463458484375 0.35254526406250003 0.6545976718750001 0.354056653125
1 0.6292396765625 0.352231665625 0.62198535 0.3604546515625 0.6253375265625001 0.3702299328125 0.63151319375 0.37171405156250004 0.6351678578125 0.3662138828125 0.6344466828125 0.357868184375 0.6292396765625 0.352231665625
1 0.6306992265625 0.353633978125 0.6272209671875 0.34524737499999997 0.6198116328125 0.35069300625 0.622377875 0.359065975 0.6306992265625 0.353633978125
1 0.4775454359375 0.3898581796875 0.47872349999999997 0.375985040625 0.46888951562500003 0.37305770312500003 0.46681238125 0.3869172078125 0.4775454359375 0.3898581796875
1 0.486995359375 0.3497365171875 0.48633681093750003 0.3372247859375 0.47622896406250004 0.339852159375 0.47871499218749997 0.352391159375 0.486995359375 0.3497365171875
1 0.4530861453125 0.3227517203125 0.4514855015625 0.31161503281249997 0.4423197484375 0.31286736406250004 0.4438920390625 0.3253927296875 0.4530861453125 0.3227517203125
1 0.4638803046875 0.3048898015625 0.466898640625 0.292432609375 0.45680251875 0.29089394999999996 0.45657402343750003 0.30200336875 0.4638803046875 0.3048898015625
1 0.450798765625 0.2907712375 0.4538618078125 0.278314046875 0.446476290625 0.2740389359375 0.44431832031249996 0.287898440625 0.450798765625 0.2907712375
1 0.422295096875 0.32083129062500004 0.42445093125 0.30697178593749996 0.416081665625 0.305460396875 0.414858965625 0.31933353593749997 0.422295096875 0.32083129062500004
1 0.4129818296875 0.337331803125 0.41136288906249996 0.3248064375 0.4037776953125 0.3274747140625 0.40445578437499996 0.3399864453125 0.4129818296875 0.337331803125
1 0.601524146875 0.31284421562500003 0.602718478125 0.3003597546875 0.594345084375 0.298848365625 0.593150753125 0.3113328265625 0.601524146875 0.31284421562500003
1 0.6332892359375 0.29255944375 0.633521940625 0.281450025 0.6241481296875 0.28131367812499997 0.6257320109375 0.295227721875 0.6332892359375 0.29255944375
1 0.661697896875 0.3111167328125 0.6629140453125 0.2986322703125 0.6553088390624999 0.29852319375 0.6541516890625 0.3082303015625 0.661697896875 0.3111167328125
1 0.6755302859375 0.3266376078125 0.6767077687499999 0.31415314687499996 0.6684810609375 0.3112530796875 0.6663831515624999 0.32372390625 0.6755302859375 0.3266376078125
1 0.6711271859375 0.273772425 0.6712828625 0.2668290390625 0.66422820625 0.2681222734375 0.6650136171875001 0.27785665000000004 0.6711271859375 0.273772425
1 0.6526324375 0.260974365625 0.6597870640625 0.26802683125 0.66352003125 0.26391533749999996 0.66274951875 0.2569583171875 0.6545979749999999 0.25405825000000004 0.6526324375 0.260974365625
1 0.648320884375 0.270599665625 0.6495323921875 0.2595038796875 0.6427083171875 0.260797115625 0.641526928125 0.2705042234375 0.648320884375 0.270599665625
1 0.63959018125 0.2676723296875 0.6417453203125 0.2579788578125 0.6349714750000001 0.2564947375 0.6337883359375 0.26620184375 0.63959018125 0.2676723296875
1 0.631151928125 0.2647449921875 0.6332498375 0.252274165625 0.6240455796875 0.25213781874999996 0.6229252203125 0.261844925 0.631151928125 0.2647449921875
1 0.5671846953124999 0.26501562500000003 0.5683432453124999 0.25530851875 0.5617101812499999 0.25382439843750004 0.55962936875 0.2621291921875 0.5671846953124999 0.26501562500000003
1 0.5614616531250001 0.280195634375 0.5626571734375 0.267711171875 0.5551809734375001 0.2676020953125 0.5531379265624999 0.2759068890625 0.5614616531250001 0.280195634375
1 0.5335628625 0.27553875156249996 0.5338038046875 0.2644293328125 0.5260392828125 0.26432025625 0.525798340625 0.275429675 0.5335628625 0.27553875156249996
1 0.543557553125 0.275716003125 0.5445678109375 0.2729522828125 0.5447154000000001 0.26600889687499996 0.5428719875 0.263204271875 0.5390670953125001 0.2631497328125 0.536124871875 0.2672748625 0.5359772828125 0.2742182484375 0.5368989890625 0.2756205609375 0.5387719171875001 0.2770365078125 0.5416255875 0.2770774109375 0.543557553125 0.275716003125
1 0.5151219499999999 0.258547390625 0.5152990546875 0.2502153265625 0.5143773484375 0.248813015625 0.5096212312499999 0.24874484218749998 0.5076892671875 0.25010625000000003 0.506679009375 0.2528699703125 0.5065609390625 0.25842467812500003 0.5074826453125 0.25982699062500003 0.5112580203125 0.2612702078125 0.5151219499999999 0.258547390625
1 0.520989446875 0.2600451453125 0.5229273453125 0.2586837375 0.5231346046875001 0.248962996875 0.5222100671875001 0.247560684375 0.51648519375 0.2474788765625 0.5145176859375 0.2502289625 0.5154126140625 0.2530199515625 0.515323790625 0.2571859828125 0.5162483265625 0.2585882953125 0.5181270109375 0.2600042421875 0.520989446875 0.2600451453125
1 0.5410288921874999 0.263177003125 0.5440074453125 0.2604405515625 0.544128184375 0.25488584375 0.543215825 0.252094853125 0.5413005562500001 0.25067890625 0.54029764375 0.25205394999999997 0.537379459375 0.2520130453125 0.5363765484374999 0.2533880890625 0.5361954390625 0.2617201515625 0.53713798125 0.2631224640625 0.5410288921874999 0.263177003125
1 0.3987152921875 0.314867540625 0.4005878703125 0.3135061328125 0.402517671875 0.3093673703125 0.40260350312500004 0.3052013375 0.4017387375 0.3024103484375 0.39903000624999996 0.2995920890625 0.3943914734375 0.30091259375 0.392490284375 0.3036626796875 0.39237584375 0.3092173875 0.39324060625 0.312008378125 0.3959493390625 0.3148266375 0.3987152921875 0.314867540625
1 0.40152133437500004 0.33575223906249996 0.40339850625 0.333002153125 0.40533217656250004 0.3274747140625 0.4053886734375 0.324697359375 0.40274241093749996 0.3204904234375 0.40094998437499996 0.3190744765625 0.3973086375 0.3190199375 0.395431465625 0.3217700234375 0.39446462968749996 0.32453374375 0.394379884375 0.3286997765625 0.39696965 0.335684065625 0.40152133437500004 0.33575223906249996
1 0.390547571875 0.327229290625 0.39242257187499996 0.3258678828125 0.3953066890625 0.32035407656250003 0.3944694546875 0.3161744109375 0.392680396875 0.3133697859375 0.3871413375 0.31328797812500003 0.38520904218749996 0.31742673906249996 0.3851517484375 0.32020409375000003 0.38688351249999997 0.3257860734375 0.389653040625 0.325826978125 0.390547571875 0.327229290625
1 0.384434715625 0.3354522765625 0.387284078125 0.3313271484375 0.387398421875 0.3257724390625 0.3847205765625 0.321565503125 0.3847491625 0.320176825 0.38198556093749997 0.3201359203125 0.38017174531250003 0.3187199734375 0.37919337343750004 0.32148369374999997 0.3771222828125 0.33256584375 0.378043484375 0.332579478125 0.3798287125 0.335384103125 0.384434715625 0.3354522765625
1 0.3776067625 0.3297748546875 0.3796259234375 0.3228587375 0.37968406875 0.3200813828125 0.3778684203125 0.31727675781250003 0.37318393125 0.317208584375 0.3702860203125 0.3213337125 0.3711066234375 0.32690205781250004 0.37292227499999997 0.3297066796875 0.3757329671875 0.329747584375 0.3766407921875 0.331149896875 0.3776067625 0.3297748546875
1 0.35465736875 0.344668534375 0.35834061875 0.344723071875 0.36118877656250004 0.3405979453125 0.3621667359375 0.33783422500000004 0.36228103125 0.332279515625 0.36138879375 0.330877203125 0.3595757421875 0.32946125625 0.35497168125 0.3293930828125 0.3531014828125 0.330754490625 0.35212352343750003 0.3335182109375 0.3519806546875 0.3404615984375 0.35284431875 0.3432525875 0.35465736875 0.344668534375
1 0.3528628015625 0.365471425 0.354651859375 0.3682760484375 0.3555750359375 0.3682896828125 0.35843050781249997 0.36416455625 0.3594109796875 0.3614008359375 0.35952556874999997 0.35584612656250003 0.35865968593750003 0.3530551375 0.35684198125 0.351639190625 0.351302921875 0.3515573828125 0.3512742734375 0.35294606093750003 0.3493706265625 0.35569614375 0.350236509375 0.358487134375 0.351159684375 0.35850076875000003 0.3528628015625 0.365471425
1 0.3455193265625 0.3736807765625 0.3518963515625 0.3737762203125 0.35283562343749997 0.3724011765625 0.35380316562499997 0.36963745625 0.353887975 0.365471425 0.353005240625 0.3640691140625 0.35309005 0.35990308125000003 0.3522073140625 0.35850076875000003 0.3458302921875 0.3584053265625 0.343980015625 0.359766734375 0.343012471875 0.3625304546875 0.3429276625 0.36669648593750004 0.34375385937499997 0.370876153125 0.3455193265625 0.3736807765625
1 0.3477824515625 0.355655240625 0.349596134375 0.3542938328125 0.3532789203125 0.3487936625 0.3542273265625 0.3460299421875 0.3533897625 0.3432389515625 0.35165921093749997 0.3404343296875 0.3490079640625 0.3390047484375 0.34454303125 0.338936575 0.34175323281250003 0.344450378125 0.34247995625 0.352796078125 0.34421050625 0.3556007015625 0.3477824515625 0.355655240625
1 0.3453353 0.337547896875 0.3472397765625 0.3347978109375 0.3482206734375 0.332034090625 0.347383075 0.327854425 0.34374608125 0.32502253125 0.34195624375 0.32221790625 0.3382332703125 0.3235520453125 0.338089971875 0.33049543125 0.339879809375 0.33330005625000003 0.34071740781250004 0.3374797234375 0.3453353 0.337547896875
1 0.32405844687499996 0.3455254578125 0.32779283124999997 0.345579996875 0.33158515624999996 0.34285718125 0.331816921875 0.3317477625 0.330912296875 0.33034545 0.328140478125 0.32891586875 0.3271779125 0.33029091093749996 0.324377125 0.3302500078125 0.3234145578125 0.33162505000000003 0.32239405 0.3357774484375 0.322249196875 0.342720834375 0.32405844687499996 0.3455254578125
1 0.33241915781250003 0.33037271874999996 0.33340109375 0.3289976765625 0.3335488609375 0.322054290625 0.3326260328125 0.320651978125 0.3269117515625 0.3205701703125 0.324947884375 0.32332025625 0.3248592234375 0.32748628750000003 0.3257820515625 0.32888859843749996 0.329591571875 0.3289431375 0.33051439843749997 0.33034545 0.33241915781250003 0.33037271874999996
1 0.3355956140625 0.335995603125 0.339586134375 0.331884109375 0.339797909375 0.3221633671875 0.338853221875 0.32076105625 0.3340087765625 0.3193042046875 0.33300358281250003 0.320679246875 0.33193788125 0.32483164531250003 0.33288256875 0.32623395781250003 0.3327615546875 0.331788665625 0.3346206734375 0.33598196874999997 0.3355956140625 0.335995603125
1 0.193792084375 0.30711558437500003 0.1947299890625 0.305740540625 0.1948711328125 0.2987971546875 0.1940179109375 0.29600616562500004 0.190435659375 0.293174271875 0.1858590453125 0.2944947765625 0.18395500468749998 0.2986335390625 0.1838138625 0.305576925 0.187396115625 0.30840881875 0.1919445015625 0.3084769921875 0.193792084375 0.30711558437500003
1 0.1785080234375 0.306856525 0.182278584375 0.30274503125 0.182421515625 0.2958016453125 0.18063628437499998 0.29299702031249997 0.1778726828125 0.29295611718750003 0.1760588671875 0.2915401703125 0.17228830625 0.2956516640625 0.1721453765625 0.30259505 0.17300940468749998 0.3053860390625 0.174823221875 0.3068019859375 0.1785080234375 0.306856525
1 0.16899138281249998 0.25945060937500003 0.16634607968749998 0.2552436734375 0.1617960484375 0.2551755 0.1580430671875 0.2606756703125 0.157958353125 0.26484170156250003 0.16060365468749999 0.2690486390625 0.16606369375000002 0.269130446875 0.168850190625 0.26639399531249996 0.16899138281249998 0.25945060937500003
1 0.1465379625 0.2910084171875 0.14670764375 0.282676353125 0.14491324375 0.28126040625000004 0.14220750625 0.279830825 0.1376508109375 0.2797626515625 0.135771571875 0.2825127375 0.1365415109375 0.2894697578125 0.1382793484375 0.293663059375 0.14465872500000002 0.29375850312499996 0.1465379625 0.2910084171875
1 0.1045458625 0.3375280765625 0.1098701859375 0.3389985625 0.1143855515625 0.3362893828125 0.11533291406249999 0.3335256625 0.1154436328125 0.3279709515625 0.11285066875000001 0.3237640171875 0.10841834531250001 0.322307165625 0.1074986640625 0.323682209375 0.10482266093749999 0.3236413046875 0.1039029796875 0.325016346875 0.10295562031250001 0.3277800671875 0.10287257968750001 0.3319460984375 0.1045458625 0.3375280765625
1 0.09926648906249999 0.337419 0.10109594375 0.33605759375 0.1020525984375 0.333293871875 0.10216440468750002 0.3277391625 0.09867320156250001 0.32212991562500004 0.0941694390625 0.3220617421875 0.0914112796875 0.32479819062500004 0.09132742656250001 0.3289642234375 0.0903987234375 0.3303392671875 0.09298917343749999 0.33593488125 0.094762728125 0.3373508265625 0.09926648906249999 0.337419
1 0.083859425 0.3302029203125 0.085736596875 0.327452834375 0.085906090625 0.31912077031249997 0.0841419140625 0.31631614531249996 0.0805288140625 0.3148729296875 0.07776955625000001 0.316220703125 0.0758923828125 0.3189707890625 0.0748973 0.3231231859375 0.075722890625 0.327302853125 0.07748706562499999 0.3301074765625 0.083859425 0.3302029203125
1 0.093062265625 0.33593488125 0.09571425156249999 0.3373644609375 0.09928719375 0.337419 0.1011291 0.334668915625 0.10202233593750001 0.33468255 0.10218864375 0.32635048437499997 0.101323128125 0.32494817343750004 0.1014062828125 0.3207821421875 0.0997029671875 0.3165888390625 0.09166385 0.31646612812499997 0.089794225 0.32060489062499997 0.0897387890625 0.32338224531250004 0.09060430625 0.32478455624999997 0.09046571406250001 0.33172794375 0.093062265625 0.33593488125
1 0.110225878125 0.3028793171875 0.11121790625000001 0.300115596875 0.11136283281249999 0.2931722109375 0.1104577578125 0.2917698984375 0.10488238750000001 0.2902994125 0.10298528437500001 0.2916608203125 0.10202224062500001 0.29303586406250004 0.1018193453125 0.3027566046875 0.1036584796875 0.3041725515625 0.107394715625 0.30422709062500003 0.110225878125 0.3028793171875
1 0.1158554234375 0.2904902984375 0.1204673203125 0.290558471875 0.12236932656249999 0.2878083859375 0.12254106093749999 0.279476321875 0.12075354687499999 0.2766716984375 0.1171212734375 0.27383980625 0.11521927031250001 0.276589890625 0.1151906484375 0.2779785671875 0.112337640625 0.2821036953125 0.1131455296875 0.2876720390625 0.1140392875 0.2890743515625 0.1158554234375 0.2904902984375
1 0.9106323984375001 0.52107225625 0.9114456359374999 0.523863246875 0.9148331093750001 0.528083815625 0.9174342546875 0.5281247203125 0.9182743953125 0.5295270328125 0.922636540625 0.528206528125 0.9262392593750001 0.52131768125 0.92640069375 0.5129856171875 0.924720409375 0.5101809937499999 0.9247473140625001 0.5087923156249999 0.9221999828125 0.50597405625 0.91786474375 0.5059058828125 0.916970790625 0.5072809265625 0.9143696453124999 0.5072400218750001 0.91260864375 0.5086014296875 0.9107938328125 0.51274019375 0.9106323984375001 0.52107225625
1 0.9079199453125 0.497410203125 0.9095466953125 0.50299218125 0.9112272640624999 0.5057968046875 0.918164821875 0.5059058828125 0.920793315625 0.504558109375 0.922581525 0.5018080234375 0.9235025406249999 0.4990443046875 0.9236640015625 0.490712240625 0.921143146875 0.48650530468750003 0.9194356671874999 0.48508935781250007 0.91509969375 0.485021184375 0.9142055890625 0.48639622656250003 0.9116040046875 0.4863553234375 0.908921690625 0.49048045 0.9088140499999999 0.49603516093750005 0.9079199453125 0.497410203125
1 0.9650206953125 0.5386908140625 0.9666312015624999 0.5442727921875 0.971702490625 0.5485206328125 0.9742780953124999 0.5485615359375 0.9794825921875001 0.5458659890625001 0.982138121875 0.5417408609375001 0.9823512531249999 0.5306314421875 0.9815460015624999 0.5278404531249999 0.9806874656250001 0.52782681875 0.979023678125 0.5250221953125 0.9704383218749999 0.5248858484375 0.9686946109375001 0.52624725625 0.9660390796874999 0.5303723828125 0.9651006203125 0.53452478125 0.9650206953125 0.5386908140625
1 0.9649964359375 0.47756173906250005 0.9719012375 0.4776708171875 0.9736542203124999 0.4763094109375 0.9763238703124999 0.47218428125 0.9764845671875 0.46385221874999993 0.9731393 0.45824296875000003 0.9714398828125 0.456827021875 0.96712438125 0.45675884843750003 0.9635916312499999 0.4608703421875 0.96272853125 0.4608567078125 0.9600320999999999 0.4663705125 0.96078806875 0.4719388578125 0.9649964359375 0.47756173906250005
1 0.9556924640625001 0.45656796406250005 0.9573958671874999 0.4593725875 0.960857221875 0.46220448125 0.9680254187499999 0.455370171875 0.9681345218749999 0.4498154625 0.9673100953124999 0.4470244734375 0.9656066921875001 0.4442198484375 0.956816921875 0.4440835015625 0.9541254390624999 0.446819953125 0.9540981640625 0.44820862968749997 0.954949865625 0.44961094218750003 0.9548680390625 0.4537769734375 0.9556924640625001 0.45656796406250005
1 0.9415412312500001 0.46048857187500003 0.9440898625 0.46330683125 0.9466923328125001 0.463347734375 0.9475329046875001 0.46475004531249997 0.949294803125 0.46338863906250005 0.9527647625 0.463443178125 0.9554479890625001 0.4593180484375 0.955636425 0.4495973078125 0.9531147125 0.445390371875 0.9487772640625 0.44532219843750004 0.9479366921875 0.4439198859375 0.9470422828125 0.44529492812499993 0.9444398140624999 0.445254025 0.9426779156249999 0.44661543281249994 0.9399408484375 0.45351791406249997 0.9415412312500001 0.46048857187500003
1 0.8694209015625001 0.46478888906250004 0.8710754062499999 0.46898219062499996 0.8744921124999999 0.47181408437499994 0.8796979421875 0.4718958921875 0.8832492671875001 0.4677843984375 0.8850922390625 0.462256959375 0.884359221875 0.4552999375 0.882677790625 0.45249531249999997 0.8801017999999999 0.45106573125000005 0.8748959703124999 0.4509839234375 0.871344646875 0.4550954171875 0.8704231609375 0.4578591375 0.870315465625 0.46341384531249996 0.8694209015625001 0.46478888906250004
1 0.836169346875 0.4544682203125 0.8388290140624999 0.453120446875 0.84063843125 0.4503703609375 0.84157036875 0.4476066421875 0.8417609734375 0.43788590000000005 0.8392102234375001 0.43367896562499997 0.8366050156249999 0.4322493828125 0.833095096875 0.43219484531249996 0.83043543125 0.43354261875000005 0.8277213046874999 0.43766774531249997 0.8275307015625 0.44738848750000004 0.8309317 0.45299773437499996 0.836169346875 0.4544682203125
1 0.8170215140625 0.3568926703125 0.8188593765625001 0.354142584375 0.8198059640625001 0.3513788640625 0.819999565625 0.341658121875 0.818272334375 0.3388534984375 0.8120334203124999 0.33875805468750003 0.8083853546875 0.3428695484375 0.8074387656249999 0.34563326875 0.80735579375 0.34979930000000004 0.80905536875 0.35399260312499997 0.813456421875 0.35683813125 0.8170215140625 0.3568926703125
1 0.9259176921875 0.38520003125 0.9285448390625 0.3866296125 0.9320843125 0.3866841515625 0.9339089671874999 0.383934065625 0.9347938359375 0.3839477 0.9357336203125 0.3811839796875 0.9349585859375 0.37561563750000004 0.9332712265625001 0.371422334375 0.926192278125 0.3713132578125 0.9225155109375001 0.37820210468750004 0.9224056765625 0.383756815625 0.9232356265625 0.3865478046875 0.9250053640625 0.3865750734375 0.9259176921875 0.38520003125
1 0.9356474640625001 0.357576465625 0.9393914125 0.35068761875 0.938602215625 0.34511927343750004 0.9377011812499999 0.34510563906249997 0.9359550249999999 0.3423010140625 0.9314498406249999 0.34223284062500003 0.9277618109375 0.346344334375 0.9276499703125 0.35189904375 0.9320433140625 0.3575219265625 0.9356474640625001 0.357576465625
1 0.9277492953124999 0.4046687828125 0.9295443421874999 0.40330737499999997 0.92957176875 0.401918696875 0.9323054781250001 0.3977935703125 0.93241518125 0.392238859375 0.9315862218750001 0.3894478703125 0.9281058312500001 0.386615978125 0.9236867765625 0.3865478046875 0.9218917296875 0.3879092125 0.91913059375 0.3934230171875 0.9189660390625001 0.40175508125 0.9215626218749999 0.404573340625 0.9277492953124999 0.4046687828125
1 0.9456951437500001 0.4063710578125 0.9502293203125 0.40088452343750003 0.9502842359375 0.39810716875 0.9485694171875 0.39530254375 0.9468271390625 0.393886596875 0.9406330593750001 0.39379115468750003 0.9370112109375001 0.3979026484375 0.9369562921875 0.400680003125 0.9378411609375 0.40069363750000003 0.940413390625 0.404900571875 0.9456951437500001 0.4063710578125
1 0.9531324421875 0.42317153437500005 0.95496075 0.4218101265625 0.9578289124999999 0.41351896562499996 0.9570404609375001 0.407950621875 0.9561682093750001 0.406548309375 0.9480665296874999 0.406425596875 0.9462382234375 0.40778700468749995 0.9460147515624999 0.4188964234375 0.9468590703125 0.42168741406250004 0.949531696875 0.42311699531249997 0.9531324421875 0.42317153437500005
1 0.9449361156249999 0.42163287499999996 0.9468308390625 0.416105434375 0.9469415578125 0.41055072499999995 0.9452129156250001 0.4077461015625 0.9381045875 0.4062483453125 0.9362652265625 0.40899843125 0.9343705046874999 0.4145258703125 0.9351517859375 0.420094215625 0.9377724296875 0.42291247500000007 0.943124434375 0.4229942828125 0.9449361156249999 0.42163287499999996
1 0.93003880625 0.415832740625 0.9344299171875001 0.41590091406249996 0.9407409890625 0.40766429375 0.938188078125 0.40345735625 0.93730985625 0.403443721875 0.9356079156250001 0.4006390984375 0.9303385828125 0.400557290625 0.9276221578125 0.40468241718750003 0.926743934375 0.4046687828125 0.9266076734375 0.41161217031249997 0.93003880625 0.415832740625
1 0.903650271875 0.32091183125 0.910863159375 0.321020909375 0.9117927484375 0.3196458671875 0.9118766828125 0.315479834375 0.91105900625 0.31130016875 0.909311740625 0.30849554375 0.9093397187500001 0.307106865625 0.9066628640625 0.305677284375 0.9030564203125 0.3056227453125 0.90029563125 0.308359196875 0.9001837187499999 0.31391390625 0.903650271875 0.32091183125
1 0.89603850625 0.3179844953125 0.8969891000000001 0.316609453125 0.8971321515625 0.309666065625 0.8953167921875 0.30825011875 0.889813496875 0.306779634375 0.88794091875 0.3081410421875 0.8869903234375001 0.309516084375 0.8869044921875 0.313682115625 0.8877692546875 0.31647310625 0.8904779875 0.3192913640625 0.89603850625 0.3179844953125
1 0.8391345296875 0.29199297031250004 0.842035440625 0.2878678421875 0.8412139875 0.2822994984375 0.8393964578125 0.2794948734375 0.8356449890625001 0.2794403359375 0.83374015 0.28080174375 0.8326858703125 0.28634281875 0.833536428125 0.290522484375 0.8344451921875 0.291924796875 0.8391345296875 0.29199297031250004
1 0.8494021125 0.29218385625 0.8530900484374999 0.2922383953125 0.855941834375 0.288113265625 0.85686381875 0.2881269015625 0.8569496484375 0.2839608703125 0.8560848859375 0.2811698796875 0.8542981375 0.27836525624999997 0.8506101984375001 0.2783107171875 0.8478156359375 0.27965849062500003 0.8468650406249999 0.2810335328125 0.8467219890625 0.28797691875 0.8475867546875 0.290767909375 0.8494021125 0.29218385625
1 0.858875803125 0.299290859375 0.8625427421874999 0.297956721875 0.8653846859375 0.292442915625 0.865469371875 0.2882768828125 0.864587921875 0.286874571875 0.8618588921875 0.2868336671875 0.8600677640625 0.2854177203125 0.857310503125 0.28676549375 0.854468559375 0.2922792984375 0.8544121015625 0.29505665468750003 0.856175 0.29786127812499996 0.858875803125 0.299290859375
1 0.8746086734375 0.3009522296875 0.8782486984375 0.30100676875 0.8801251875 0.29825668437499997 0.8802381421875 0.292701975 0.8784746078125 0.28989735 0.8766828343749999 0.288481403125 0.8730428078125 0.2884268640625 0.8711945562500001 0.289788271875 0.869261590625 0.2953157125 0.8692051125000001 0.29809306874999997 0.8736704296875001 0.30232727187499997 0.8746086734375 0.3009522296875
1 0.886415090625 0.3108774921875 0.8892288078125 0.3067523640625 0.8902231687500001 0.30259996718750004 0.8893699484375001 0.299808978125 0.8876070515625001 0.297004353125 0.8803578609375 0.2955065984375 0.8802731765624999 0.29967263125 0.879335271875 0.30104767187500003 0.8791659 0.3093797375 0.8809570250000001 0.310795684375 0.886415090625 0.3108774921875
1 0.8969181953125 0.2985702828125 0.9023276765625001 0.30142944374999997 0.9051454968750001 0.2973043171875 0.9052585750000001 0.29174960625 0.90349310625 0.28894498281250003 0.900788365625 0.287515403125 0.8998490921875 0.28889044375 0.8971160812500001 0.2888495390625 0.8970878125 0.2902382171875 0.895209265625 0.292988303125 0.8942982625000001 0.29297466875 0.8969181953125 0.2985702828125
1 0.83098940625 0.27380381875 0.8327452484375 0.2752197640625 0.8363122781250001 0.275274303125 0.8390428953125 0.272537853125 0.8391812562500001 0.265594465625 0.8401283578125 0.2628307453125 0.8392919453125 0.2600397578125 0.8375361046875 0.2586238109375 0.8339690734375 0.258569271875 0.8331049890625 0.257166959375 0.829482615625 0.259889775 0.82764375625 0.262639859375 0.8275330671875001 0.2681945703125 0.83098940625 0.27380381875
1 0.8393879406250001 0.2753424765625 0.8430551968750001 0.2767856921875 0.846808471875 0.27406287812499996 0.847818471875 0.2699104796875 0.8460851953124999 0.2643285 0.843399265625 0.260121565625 0.8405986453125 0.2614693390625 0.8386933359375 0.2642194234375 0.8377120093749999 0.26698314375 0.8386073187499999 0.26838545625 0.8384926296874999 0.273940165625 0.8393879406250001 0.2753424765625
1 0.852602215625 0.264437578125 0.8499209437499999 0.26023064218749997 0.845309046875 0.26016246875000004 0.8434070421875 0.262912553125 0.8423987953125 0.2670649515625 0.8450514421875001 0.27266056562499996 0.8496633421875 0.2727287390625 0.8524877249999999 0.2699922875 0.852602215625 0.264437578125
1 0.851635875 0.2741583203125 0.8525550546874999 0.27278327812500003 0.8561211125 0.2728378171875 0.8579318078125 0.2714764078125 0.8580701328125 0.2645330203125 0.857233946875 0.2617420328125 0.856370096875 0.2603397203125 0.8483464640625 0.2602170078125 0.8465081046874999 0.2629670921875 0.8473442890625 0.2657580828125 0.8454506015625001 0.2712855234375 0.8489613296874999 0.2741174171875 0.851635875 0.2741583203125
1 0.8857789703125001 0.28029932031250004 0.8868023031250001 0.274758246875 0.8850381265625 0.2719536234375 0.883245703125 0.2705376765625 0.8786940171875001 0.2704695015625 0.8758782593750001 0.27459463125 0.8757935124999999 0.2787606625 0.8802322031250001 0.2843835453125 0.8848403843750001 0.2816743640625 0.8857789703125001 0.28029932031250004
1 0.866140059375 0.2674603578125 0.867076 0.2674739921875 0.8690059671875 0.26472390625000003 0.86815715625 0.260544240625 0.864471484375 0.257712346875 0.86069868125 0.2590464859375 0.8597336984374999 0.260421528125 0.8595594375 0.2687535921875 0.861402275 0.27016953906249996 0.86421009375 0.27021044375000003 0.866140059375 0.2674603578125
1 0.9039144671875 0.2792242421875 0.9030876624999999 0.275044575 0.9013208890625 0.27223995156249997 0.8967907953124999 0.2707831 0.8940274734375 0.2721308734375 0.893002634375 0.277671946875 0.8965078890625 0.2846698734375 0.9019779515625 0.28475168281249996 0.9039144671875 0.2792242421875
1 0.8923193171875001 0.26374427031250003 0.89326950625 0.26236922812499996 0.8923765140625 0.26096691562499996 0.8868755625 0.25949643125 0.8840821890624999 0.2608442046875 0.8839677968749999 0.26639891250000003 0.8830176078124999 0.2677739546875 0.8875111718750001 0.2733968390625 0.8921191296875 0.2734650125 0.8923193171875001 0.26374427031250003
1 0.8983856187500001 0.3096933359375 0.9003448671875001 0.3041658953125 0.9004021124999999 0.301388540625 0.8995083546875 0.2999862296875 0.89587608125 0.2971543359375 0.89310894375 0.29711343125 0.8902273140625001 0.3026272359375 0.8901986921875 0.3040159140625 0.89198620625 0.3068205375 0.8947533453125001 0.3068614421875 0.8983856187500001 0.3096933359375
1 0.8896117140625 0.292865590625 0.8878436234375 0.290060965625 0.8878719343749999 0.28867228906250003 0.883366771875 0.2858267625 0.8787483609375 0.2885359421875 0.8795757828124999 0.29271560937499996 0.881343875 0.2955202328125 0.8840809484375001 0.2955611375 0.8885577984375 0.29979534375 0.8896117140625 0.292865590625
1 0.9197146171874999 0.31283882812499997 0.91985766875 0.30589544062499996 0.918935684375 0.3058818046875 0.9171489359375 0.30307718125 0.9116170296874999 0.302995371875 0.9097158406249999 0.3057454578125 0.9096300093749999 0.309911490625 0.911330928125 0.316882146875 0.9168342218750001 0.31835263125 0.9187068015625 0.31699122343749997 0.9197146171874999 0.31283882812499997
1 0.9430594765625001 0.3424237265625 0.945871771875 0.336909921875 0.9459555734375 0.33274388906249996 0.9451112546875 0.3299529 0.9442390015625 0.3285505875 0.938865815625 0.3270801015625 0.9351812687500001 0.33119159531250003 0.9342252140625 0.333955315625 0.9341414125 0.33812134843749997 0.9376583578125001 0.34234191875 0.9430594765625001 0.3424237265625
1 0.933054503125 0.3353030890625 0.934896925 0.332553003125 0.9358735890625001 0.32840060625 0.9350355562500001 0.3256096171875 0.9333040359375 0.32280499375 0.9297300953125 0.3227504546875 0.9288643359375 0.3213481421875 0.9234479734375001 0.3240436890625 0.9250963140625 0.33101434375 0.9285870765625001 0.33523491562499996 0.933054503125 0.3353030890625
1 0.9355200031249999 0.303390778125 0.9355772468750001 0.300613425 0.9346834906250001 0.2992111125 0.9310512171875001 0.29637921875 0.928284078125 0.296338315625 0.9254310718750001 0.30046344375 0.9253738265625 0.303240796875 0.9290061 0.30607269062500003 0.9326956187500001 0.3061272296875 0.9355200031249999 0.303390778125
1 0.9412296328125 0.311831921875 0.94399193125 0.3104841484375 0.944048490625 0.30770679218749997 0.9413993125 0.30349985625000003 0.9396049140624999 0.30208390937499996 0.9359595578125001 0.3020293703125 0.9331689796875 0.304765821875 0.9331124187500001 0.30754317656249996 0.9339671968750001 0.310334165625 0.935761596875 0.3117501125 0.9412296328125 0.311831921875
1 0.9479858765625 0.32861876093750003 0.9480417250000001 0.3258414078125 0.9508252171875 0.321716278125 0.95090899375 0.317550246875 0.9500649390625 0.31475925625 0.9474210718749999 0.3119409984375 0.9420216375000001 0.311859190625 0.940165975 0.314609275 0.9400263499999999 0.3215526625 0.93907059375 0.3243163828125 0.9461022874999999 0.3327575234375 0.9479858765625 0.32861876093750003