2 0.253125 0.2015625 0.1109375 0.0671875
4 0.359375 0.28203125 0.0875 0.0765625
1 0.71328125 0.43125 0.0328125 0.0171875
1 0.596875 0.4859375 0.034375 0.01875
1 0.890625 0.3625 0.03125 0.015625
1 0.6765625 0.3890625 0.03125 0.0140625
1 0.7515625 0.91640625 0.0375 0.021875
4 0.7609375 0.8671875 0.071875 0.05
4 0.51328125 0.3859375 0.10625 0.1
1 0.6796875 0.36015625 0.03125 0.015625
1 0.29375 0.45703125 0.034375 0.01875
1 0.44921875 0.37734375 0.03125 0.015625
1 0.55 0.54296875 0.0359375 0.021875
1 0.59375 0.50859375 0.034375 0.0203125
3 0.18203125 0.32578125 0.0796875 0.0765625
1 0.40078125 0.32578125 0.0296875 0.0140625
1 0.85625 0.30546875 0.0296875 0.0125
1 0.59609375 0.45078125 0.0328125 0.0171875
1 0.471875 0.453125 0.0328125 0.01875
1 0.6546875 0.34921875 0.0296875 0.0140625
1 0.68828125 0.365625 0.0296875 0.0140625
1 0.571875 0.43125 0.0328125 0.015625
1 0.9109375 0.41484375 0.0328125 0.0140625
1 0.76015625 0.58046875 0.0359375 0.021875
1 0.59296875 0.9109375 0.03125 0.0125
1 0.9328125 0.396875 0.0328125 0.0140625
2 0.765625 0.22421875 0.115625 0.05625
1 0.3515625 0.3640625 0.03125 0.0140625
1 0.4515625 0.45234375 0.034375 0.01875
1 0.3890625 0.440625 0.034375 0.0171875
1 0.50234375 0.44453125 0.0328125 0.015625
1 0.91328125 0.34296875 0.03125 0.0125
1 0.61796875 0.33671875 0.03125 0.0125
1 0.83359375 0.3109375 0.03125 0.0125
1 0.6046875 0.309375 0.0296875 0.0125
1 0.4203125 0.4125 0.0328125 0.0171875
1 0.5546875 0.4453125 0.0328125 0.015625
1 0.8359375 0.45546875 0.034375 0.0171875
1 0.87734375 0.47421875 0.034375 0.01875
1 0.525 0.45546875 0.0328125 0.015625
1 0.48515625 0.47578125 0.0328125 0.01875
1 0.4546875 0.421875 0.0328125 0.0171875
1 0.4828125 0.6421875 0.0296875 0.0140625
1 0.62109375 0.475 0.034375 0.015625
1 0.440625 0.36328125 0.03125 0.015625
1 0.9453125 0.403125 0.0296875 0.0125
1 0.85625 0.921875 0.0359375 0.0171875
3 0.2125 0.8453125 0.0796875 0.0671875
1 0.6171875 0.44609375 0.03125 0.0171875
1 0.85390625 0.390625 0.0328125 0.0140625
1 0.7140625 0.88984375 0.03125 0.0078125
1 0.51484375 0.3078125 0.03125 0.0140625
1 0.53984375 0.61015625 0.0359375 0.0234375
1 0.67890625 0.340625 0.0296875 0.0125
1 0.04765625 0.8953125 0.0375 0.025
1 0.171875 0.253125 0.0296875 0.0125
1 0.60546875 0.35703125 0.0296875 0.0125
1 0.95 0.54453125 0.0375 0.01875
1 0.87265625 0.3265625 0.028125 0.0140625
1 0.7046875 0.903125 0.0328125 0.015625
1 0.7453125 0.94609375 0.0375 0.021875
1 0.359375 0.33125 0.0296875 0.0125
1 0.6046875 0.26953125 0.028125 0.0109375
1 0.9515625 0.421875 0.0328125 0.0140625
1 0.88515625 0.92109375 0.034375 0.0171875
1 0.9828125 0.471875 0.034375 0.015625
1 0.60859375 0.45 0.0328125 0.015625
1 0.18359375 0.28671875 0.03125 0.0109375
1 0.91796875 0.3109375 0.0296875 0.009375
1 0.98046875 0.4421875 0.034375 0.015625
1 0.846875 0.584375 0.03125 0.015625
1 0.32421875 0.53125 0.034375 0.0203125
1 0.91796875 0.5328125 0.0359375 0.0203125
1 0.665625 0.89140625 0.0265625 0.0109375
1 0.8015625 0.934375 0.0375 0.0203125
1 0.6265625 0.3359375 0.0296875 0.0125
1 0.90703125 0.32890625 0.0328125 0.0140625
1 0.8703125 0.3078125 0.0328125 0.0109375
1 0.79140625 0.96796875 0.0421875 0.03125
1 0.115625 0.31640625 0.03125 0.0125
1 0.9015625 0.92265625 0.034375 0.01875
1 0.89375 0.9921875 0.046875 0.0140625
1 0.14609375 0.85234375 0.0296875 0.0109375
1 0.58203125 0.38359375 0.0296875 0.0125
1 0.83125 0.27734375 0.0296875 0.0125
1 0.67578125 0.45703125 0.0328125 0.0171875
1 0.89921875 0.6703125 0.034375 0.0109375
1 0.5421875 0.44765625 0.0328125 0.0171875
1 0.24375 0.584375 0.034375 0.0203125
1 0.2515625 0.6328125 0.0296875 0.0109375
1 0.83828125 0.45625 0.0328125 0.0140625
1 0.884375 0.31015625 0.03125 0.0109375
1 0.66640625 0.26875 0.0296875 0.0109375
1 0.1140625 0.2828125 0.03125 0.0109375
1 0.4359375 0.3390625 0.0328125 0.0140625
1 0.38359375 0.32265625 0.03125 0.0125
1 0.084375 0.309375 0.0328125 0.0125
1 0.5921875 0.34765625 0.03125 0.0125
1 0.34453125 0.3453125 0.0328125 0.0140625
1 0.54296875 0.43046875 0.034375 0.0140625
1 0.02421875 0.90078125 0.034375 0.0203125
1 0.421875 0.36015625 0.0328125 0.0125
1 0.88125 0.29609375 0.03125 0.0125
1 0.04296875 0.85234375 0.0328125 0.0125
1 0.990625 0.41796875 0.01875 0.0140625
1 0.33359375 0.33359375 0.0328125 0.0125
3 0.8671875 0.87890625 0.08125 0.0734375
1 0.421875 0.35546875 0.0296875 0.0109375
1 0.4609375 0.31171875 0.0328125 0.0140625
1 0.51875 0.25859375 0.0296875 0.0109375
1 0.08359375 0.85859375 0.0296875 0.0125
1 0.62421875 0.3703125 0.03125 0.0125
1 0.91875 0.3234375 0.03125 0.009375
1 0.97578125 0.484375 0.034375 0.015625
1 0.70859375 0.8796875 0.028125 0.009375
1 0.909375 0.39140625 0.034375 0.0140625
1 0.3875 0.32578125 0.0296875 0.0140625
1 0.88203125 0.3296875 0.034375 0.0140625
1 0.90546875 0.30859375 0.03125 0.0125
1 0.58046875 0.41796875 0.0296875 0.0140625
1 0.33359375 0.52578125 0.034375 0.0203125
1 0.1015625 0.315625 0.0328125 0.0140625
1 0.71640625 0.95234375 0.0375 0.028125
1 0.92578125 0.98515625 0.0421875 0.028125
1 0.10390625 0.296875 0.03125 0.0125
1 0.41015625 0.86953125 0.028125 0.009375
1 0.34375 0.34765625 0.028125 0.0109375
1 0.86953125 0.325 0.0328125 0.0125
1 0.63359375 0.27265625 0.0296875 0.0109375
1 0.259375 0.63203125 0.0328125 0.0125
1 0.62734375 0.46484375 0.0328125 0.015625
1 0.6546875 0.91328125 0.03125 0.0109375
1 0.64921875 0.89453125 0.0296875 0.0125
1 0.56171875 0.26328125 0.0328125 0.0125
1 0.94296875 0.40859375 0.034375 0.015625
1 0.075 0.85703125 0.0296875 0.0140625
1 0.62890625 0.403125 0.0328125 0.015625
1 0.60390625 0.42578125 0.0328125 0.0125
1 0.90234375 0.2890625 0.0296875 0.015625
1 0.8078125 0.8921875 0.028125 0.0109375
1 0.4140625 0.85390625 0.028125 0.0109375
1 0.1390625 0.25703125 0.03125 0.0140625
1 0.07421875 0.30703125 0.03125 0.0140625
1 0.87890625 0.446875 0.034375 0.0171875
1 0.3953125 0.315625 0.03125 0.0078125
1 0.51484375 0.88125 0.0296875 0.0125
1 0.146875 0.27421875 0.0328125 0.0125
1 0.47734375 0.64296875 0.028125 0.0109375
1 0.40390625 0.3046875 0.0296875 0.0109375
1 0.8 0.91171875 0.034375 0.0140625
1 0.8984375 0.95234375 0.03125 0.0125
1 0.8671875 0.9203125 0.034375 0.01875
1 0.05703125 0.85546875 0.0296875 0.0140625
1 0.91328125 0.5375 0.034375 0.0171875
1 0.0859375 0.29375 0.03125 0.0125
1 0.68515625 0.32265625 0.03125 0.0125