2 0.75 0.2015625 0.115625 0.065625
3 0.590625 0.315625 0.0984375 0.08125
3 0.68671875 0.84140625 0.10625 0.103125
1 0.29375 0.49765625 0.0359375 0.0203125
1 0.15546875 0.465625 0.034375 0.0171875
1 0.159375 0.59296875 0.0390625 0.025
1 0.19140625 0.4765625 0.034375 0.0171875
1 0.41015625 0.54921875 0.0390625 0.025
3 0.57734375 0.4375 0.1234375 0.1171875
1 0.43984375 0.39609375 0.0328125 0.015625
1 0.48515625 0.57734375 0.0390625 0.025
1 0.7609375 0.4921875 0.0359375 0.0203125
1 0.15625 0.4484375 0.034375 0.0171875
1 0.6578125 0.440625 0.0359375 0.01875
2 0.23046875 0.2453125 0.1171875 0.053125
1 0.4484375 0.50703125 0.0359375 0.01875
1 0.715625 0.49140625 0.0359375 0.021875
1 0.50625 0.553125 0.0375 0.0234375
1 0.62265625 0.8671875 0.0359375 0.0203125
1 0.27109375 0.584375 0.0375 0.025
1 0.9515625 0.871875 0.0375 0.0234375
1 0.946875 0.371875 0.0359375 0.0171875
1 0.65390625 0.509375 0.0359375 0.021875
1 0.46875 0.46875 0.034375 0.01875
1 0.91796875 0.39765625 0.0375 0.0203125
1 0.65625 0.42109375 0.034375 0.0171875
1 0.496875 0.38515625 0.0328125 0.0171875
1 0.0734375 0.46953125 0.0359375 0.0171875
1 0.790625 0.44765625 0.0375 0.01875
1 0.52421875 0.33671875 0.0328125 0.0140625
1 0.98203125 0.39765625 0.0359375 0.0171875
1 0.97421875 0.8703125 0.0375 0.0234375
1 0.73828125 0.46875 0.0359375 0.01875
1 0.76875 0.5578125 0.0390625 0.025
1 0.33046875 0.3515625 0.0328125 0.0140625
1 0.81796875 0.428125 0.0359375 0.01875
1 0.23515625 0.89140625 0.034375 0.015625
1 0.846875 0.4265625 0.0390625 0.0234375
1 0.8109375 0.4640625 0.0375 0.021875
1 0.45390625 0.3453125 0.03125 0.0140625
1 0.65 0.3703125 0.0328125 0.0140625
1 0.1171875 0.425 0.034375 0.0171875
1 0.17578125 0.42890625 0.0328125 0.015625
1 0.565625 0.36015625 0.0328125 0.015625
1 0.7234375 0.4375 0.0359375 0.0171875
1 0.54765625 0.353125 0.034375 0.0171875
4 0.3734375 0.38046875 0.0953125 0.10625
1 0.85546875 0.31328125 0.0328125 0.0140625
1 0.43671875 0.35078125 0.0328125 0.015625
1 0.49296875 0.3296875 0.03125 0.0125
1 0.20546875 0.97734375 0.0453125 0.0359375
1 0.63203125 0.45859375 0.034375 0.01875
1 0.89765625 0.35078125 0.034375 0.015625
1 0.63984375 0.8625 0.0328125 0.0171875
1 0.928125 0.87109375 0.0390625 0.021875
1 0.93359375 0.353125 0.034375 0.015625
1 0.2515625 0.90546875 0.0375 0.021875
1 0.27734375 0.534375 0.0375 0.021875
1 0.18359375 0.896875 0.03125 0.0171875
1 0.534375 0.3734375 0.0328125 0.015625
1 0.2703125 0.55 0.0359375 0.021875
1 0.49765625 0.64140625 0.0390625 0.0234375
1 0.49453125 0.36796875 0.0328125 0.0140625
1 0.10234375 0.425 0.034375 0.015625
1 0.40390625 0.428125 0.0328125 0.0125
1 0.72890625 0.4546875 0.034375 0.01875
1 0.1234375 0.5453125 0.034375 0.015625
1 0.759375 0.83359375 0.034375 0.015625
1 0.81640625 0.3453125 0.034375 0.015625
1 0.7375 0.60234375 0.0375 0.01875
1 0.20546875 0.93359375 0.0390625 0.025
1 0.10703125 0.44296875 0.034375 0.015625
1 0.08671875 0.4625 0.034375 0.0171875
1 0.340625 0.3140625 0.03125 0.0125
1 0.8515625 0.87265625 0.0359375 0.021875
1 0.85859375 0.61484375 0.0375 0.01875
1 0.92265625 0.32265625 0.0359375 0.0140625
1 0.87734375 0.8765625 0.0375 0.0234375
1 0.93671875 0.3390625 0.034375 0.0125
1 0.90390625 0.85859375 0.0375 0.0234375
1 0.67109375 0.440625 0.0359375 0.01875
1 0.09375 0.946875 0.0390625 0.0296875
1 0.83359375 0.2984375 0.034375 0.0125
1 0.15625 0.89609375 0.034375 0.015625
1 0.7 0.4171875 0.034375 0.0140625
1 0.475 0.3625 0.034375 0.0171875
1 0.88125 0.31796875 0.0328125 0.015625
1 0.68046875 0.43671875 0.034375 0.0203125
1 0.14609375 0.35234375 0.0328125 0.0140625
1 0.14453125 0.89375 0.034375 0.015625
1 0.81953125 0.2703125 0.0375 0.01875
0 0.5546875 0.7703125 0.034375 0.021875
1 0.8609375 0.8578125 0.034375 0.0171875
1 0.1484375 0.33203125 0.0328125 0.015625
1 0.1578125 0.35234375 0.03125 0.0140625
1 0.0765625 0.44765625 0.034375 0.015625
1 0.14453125 0.42265625 0.0359375 0.0171875
1 0.17578125 0.41640625 0.03125 0.0109375
1 0.7359375 0.8375 0.034375 0.0171875
1 0.7484375 0.628125 0.034375 0.0125
1 0.54921875 0.33828125 0.03125 0.0109375
1 0.80546875 0.38515625 0.0359375 0.01875
1 0.6359375 0.37265625 0.0328125 0.015625
1 0.87265625 0.96484375 0.046875 0.0203125
1 0.78515625 0.8375 0.0328125 0.0140625
1 0.1359375 0.3515625 0.0328125 0.0140625
1 0.70078125 0.43984375 0.0359375 0.01875
1 0.71171875 0.41953125 0.034375 0.0171875
1 0.26328125 0.88828125 0.034375 0.015625
1 0.81953125 0.39296875 0.034375 0.0171875
1 0.36171875 0.328125 0.0328125 0.0125
1 0.71171875 0.44140625 0.0359375 0.01875
1 0.1765625 0.32890625 0.03125 0.0125
1 0.9234375 0.3390625 0.0359375 0.015625
1 0.40546875 0.3296875 0.03125 0.0140625
1 0.91171875 0.3375 0.034375 0.015625
1 0.984375 0.95625 0.03125 0.01875
1 0.26171875 0.53125 0.0359375 0.0234375
1 0.8984375 0.32890625 0.034375 0.0140625
1 0.946875 0.84140625 0.034375 0.015625
1 0.67734375 0.38203125 0.034375 0.0140625
1 0.8046875 0.59609375 0.0375 0.01875
1 0.64375 0.62109375 0.0359375 0.0234375
1 0.64921875 0.28671875 0.0328125 0.0125
1 0.0859375 0.43515625 0.034375 0.015625
1 0.9828125 0.37109375 0.034375 0.0171875
1 0.62421875 0.38125 0.034375 0.0140625
1 0.10859375 0.36015625 0.0328125 0.015625
1 0.07734375 0.4171875 0.034375 0.0140625
1 0.93046875 0.30625 0.0328125 0.0140625
1 0.29453125 0.8609375 0.03125 0.0109375
1 0.87734375 0.846875 0.03125 0.0125
1 0.91640625 0.3 0.0328125 0.0125
1 0.2125 0.89921875 0.0390625 0.021875
1 0.75546875 0.5984375 0.0375 0.01875
1 0.88125 0.29453125 0.0328125 0.0140625
1 0.26484375 0.85625 0.0296875 0.0109375
1 0.6296875 0.33671875 0.0328125 0.0140625
1 0.63671875 0.3421875 0.034375 0.0140625
1 0.2078125 0.86171875 0.0296875 0.009375
1 0.6171875 0.3734375 0.0328125 0.0171875
1 0.234375 0.86015625 0.0296875 0.009375
1 0.63125 0.35625 0.034375 0.0140625
1 0.16953125 0.32890625 0.0328125 0.0125
1 0.92265625 0.8421875 0.034375 0.015625
1 0.83515625 0.8203125 0.03125 0.0109375
1 0.96171875 0.3625 0.0359375 0.015625
1 0.825 0.44375 0.03125 0.015625
1 0.640625 0.28671875 0.0328125 0.0125
1 0.1265625 0.89140625 0.034375 0.0140625
1 0.69609375 0.390625 0.0328125 0.0140625
1 0.98203125 0.3421875 0.0359375 0.015625
1 0.053125 0.40703125 0.0328125 0.0109375
1 0.95859375 0.33828125 0.0296875 0.0109375
1 0.64453125 0.3234375 0.03125 0.0109375
1 0.68984375 0.37265625 0.034375 0.015625
1 0.90390625 0.31796875 0.0328125 0.0109375
1 0.946875 0.3 0.034375 0.0140625
1 0.9734375 0.35703125 0.0359375 0.0140625
1 0.86640625 0.82890625 0.03125 0.0125
1 0.55546875 0.475 0.0359375 0.0203125
1 0.853125 0.8453125 0.0359375 0.01875
1 0.671875 0.36796875 0.034375 0.0140625
1 0.6484375 0.34296875 0.034375 0.0140625
1 0.8109375 0.4 0.0328125 0.0125
1 0.62109375 0.446875 0.0359375 0.0171875
1 0.5953125 0.84296875 0.0328125 0.0125
0 0.375 0.27421875 0.0390625 0.0234375
1 0.8359375 0.2796875 0.0359375 0.0140625
1 0.621875 0.359375 0.0328125 0.0125
1 0.0625 0.428125 0.0375 0.01875
1 0.35390625 0.8953125 0.0375 0.015625
1 0.796875 0.609375 0.0375 0.0203125
1 0.2515625 0.859375 0.03125 0.0109375
1 0.87265625 0.284375 0.0328125 0.0125
1 0.21328125 0.8671875 0.0296875 0.0109375
1 0.66328125 0.36171875 0.034375 0.0125
1 0.89609375 0.30078125 0.034375 0.0140625
1 0.6640625 0.284375 0.0296875 0.0109375
1 0.2453125 0.89140625 0.034375 0.0125
1 0.05703125 0.41640625 0.0328125 0.0140625
1 0.00859375 0.503125 0.0171875 0.0125
1 0.4875 0.85546875 0.0328125 0.0109375
1 0.96328125 0.85078125 0.040625 0.021875
1 0.93359375 0.2859375 0.034375 0.0140625
1 0.78203125 0.81953125 0.03125 0.009375
1 0.81484375 0.81953125 0.0328125 0.0109375
1 0.43515625 0.64765625 0.0328125 0.01875
1 0.18203125 0.86484375 0.0296875 0.0109375
1 0.58828125 0.8359375 0.03125 0.0109375
1 0.74765625 0.83046875 0.0359375 0.0140625
1 0.07421875 0.99453125 0.046875 0.0109375
1 0.12265625 0.34140625 0.0328125 0.015625
1 0.18359375 0.63203125 0.0375 0.01875
1 0.78828125 0.81875 0.03125 0.0109375
3 0.88046875 0.40390625 0.1125 0.1296875
4 0.5125 0.46484375 0.134375 0.1421875