2 0.7515625 0.20234375 0.1171875 0.071875
3 0.33828125 0.35078125 0.109375 0.10625
3 0.840625 0.3359375 0.1078125 0.0921875
1 0.85546875 0.54921875 0.040625 0.03125
1 0.3703125 0.46328125 0.0359375 0.025
1 0.45625 0.5171875 0.0375 0.028125
4 0.8359375 0.8703125 0.18125 0.1765625
1 0.93125 0.41328125 0.0375 0.0234375
1 0.30703125 0.4796875 0.0375 0.025
1 0.621875 0.43203125 0.0359375 0.0234375
1 0.690625 0.371875 0.034375 0.0234375
0 0.20546875 0.18359375 0.0390625 0.0265625
1 0.45234375 0.465625 0.0375 0.025
1 0.965625 0.38515625 0.0359375 0.0234375
1 0.4515625 0.41171875 0.0359375 0.0234375
1 0.34765625 0.4953125 0.0375 0.0265625
1 0.27109375 0.4875 0.0375 0.0265625
1 0.35546875 0.46328125 0.0375 0.0234375
1 0.834375 0.38125 0.0375 0.021875
0 0.16953125 0.21015625 0.0359375 0.025
1 0.44296875 0.434375 0.0359375 0.0234375
1 0.16171875 0.4515625 0.0359375 0.0234375
0 0.125 0.45078125 0.040625 0.03125
1 0.30859375 0.5890625 0.0390625 0.028125
1 0.5625 0.36171875 0.034375 0.021875
1 0.85078125 0.39765625 0.0359375 0.0234375
1 0.46484375 0.43828125 0.0359375 0.0234375
1 0.871875 0.3765625 0.034375 0.021875
1 0.26171875 0.89609375 0.0359375 0.021875
1 0.428125 0.46875 0.0359375 0.025
0 0.1390625 0.23515625 0.040625 0.0328125
1 0.89453125 0.34609375 0.0359375 0.021875
1 0.74296875 0.55546875 0.0390625 0.0296875
1 0.025 0.46328125 0.0359375 0.0234375
1 0.72890625 0.53125 0.0390625 0.0296875
1 0.48671875 0.61796875 0.0390625 0.028125
1 0.9359375 0.32734375 0.0359375 0.021875
1 0.38203125 0.43125 0.0359375 0.0234375
1 0.83828125 0.4015625 0.0375 0.0234375
1 0.521875 0.36796875 0.034375 0.0203125
1 0.09453125 0.43515625 0.0359375 0.0234375
1 0.4078125 0.89765625 0.0375 0.028125
1 0.18046875 0.44453125 0.0359375 0.0234375
1 0.459375 0.33671875 0.034375 0.021875
0 0.153125 0.2046875 0.040625 0.0265625
1 0.4765625 0.3828125 0.034375 0.021875
1 0.52578125 0.41953125 0.034375 0.021875
1 0.48828125 0.428125 0.0359375 0.025
1 0.5078125 0.39296875 0.034375 0.021875
1 0.57109375 0.32578125 0.034375 0.0203125
1 0.66953125 0.35390625 0.034375 0.021875
1 0.59609375 0.3734375 0.034375 0.021875
0 0.11484375 0.47578125 0.0390625 0.0296875
1 0.61796875 0.3453125 0.034375 0.0203125
0 0.90625 0.08515625 0.040625 0.028125
1 0.646875 0.3859375 0.034375 0.0234375
1 0.45703125 0.88984375 0.0375 0.028125
1 0.61171875 0.878125 0.0375 0.028125
1 0.11640625 0.496875 0.0359375 0.025
1 0.25390625 0.9671875 0.0453125 0.0390625
0 0.1703125 0.409375 0.0390625 0.0265625
1 0.2984375 0.4203125 0.0359375 0.021875
1 0.18046875 0.365625 0.034375 0.0203125
1 0.5578125 0.43984375 0.0375 0.0234375
1 0.61953125 0.4125 0.0359375 0.021875
1 0.2828125 0.90234375 0.0359375 0.025
1 0.534375 0.38671875 0.0359375 0.021875
1 0.23046875 0.440625 0.040625 0.0296875
1 0.42578125 0.8953125 0.0375 0.025
0 0.22109375 0.18125 0.0375 0.0234375
1 0.63359375 0.39453125 0.0359375 0.0234375
1 0.0859375 0.45625 0.0359375 0.0234375
1 0.62578125 0.371875 0.0359375 0.0203125
0 0.80546875 0.72578125 0.0421875 0.040625
1 0.91796875 0.3046875 0.034375 0.021875
1 0.475 0.89921875 0.040625 0.028125
0 0.17109375 0.1578125 0.0390625 0.028125
1 0.509375 0.45625 0.0375 0.021875
2 0.22890625 0.24296875 0.11875 0.059375
1 0.54453125 0.4015625 0.0359375 0.021875
1 0.3125 0.4671875 0.0375 0.021875
1 0.4375 0.459375 0.0375 0.0234375
0 0.13671875 0.16875 0.0390625 0.025
1 0.26640625 0.86953125 0.0328125 0.01875
4 0.09921875 0.59921875 0.16875 0.15625
1 0.23671875 0.94921875 0.04375 0.034375
1 0.46484375 0.65 0.0375 0.01875
0 0.18828125 0.1640625 0.0375 0.025
1 0.41484375 0.3765625 0.0328125 0.01875
1 0.29296875 0.43984375 0.0359375 0.021875
1 0.34921875 0.4359375 0.0359375 0.0234375
1 0.81171875 0.38515625 0.0375 0.0234375
1 0.98671875 0.39296875 0.0265625 0.0234375
1 0.9484375 0.36875 0.0375 0.0234375
1 0.4828125 0.8796875 0.0328125 0.01875
1 0.30859375 0.40390625 0.0359375 0.0234375
1 0.29609375 0.46875 0.0375 0.0234375
1 0.19609375 0.42265625 0.0359375 0.021875
1 0.546875 0.3875 0.0359375 0.0203125
1 0.49296875 0.371875 0.034375 0.0203125
1 0.6046875 0.3671875 0.034375 0.0203125
1 0.1453125 0.35234375 0.0328125 0.01875
0 0.159375 0.17890625 0.0375 0.0234375
0 0.96796875 0.08046875 0.034375 0.028125
0 0.1046875 0.40546875 0.0375 0.0265625
1 0.9484375 0.9109375 0.0421875 0.0296875
0 0.1171875 0.4140625 0.0390625 0.028125
1 0.37265625 0.88671875 0.0359375 0.0234375
1 0.42265625 0.3328125 0.034375 0.01875
1 0.0125 0.60234375 0.025 0.0234375
1 0.16640625 0.33203125 0.0328125 0.01875
1 0.7453125 0.8703125 0.0390625 0.028125
1 0.41875 0.3109375 0.034375 0.01875
1 0.59609375 0.83203125 0.0359375 0.0234375
1 0.3671875 0.4453125 0.0359375 0.0234375
0 0.146875 0.15390625 0.0390625 0.025
1 0.43203125 0.88125 0.0359375 0.021875
1 0.3125 0.45234375 0.0359375 0.0203125
1 0.34375 0.41953125 0.0359375 0.021875
1 0.196875 0.4421875 0.0375 0.021875
1 0.44375 0.30859375 0.034375 0.01875
1 0.4703125 0.3046875 0.034375 0.01875
1 0.39765625 0.3359375 0.0359375 0.01875
1 0.04140625 0.6828125 0.0390625 0.021875
1 0.1390625 0.953125 0.04375 0.0328125
0 0.7734375 0.24375 0.0359375 0.0234375
1 0.0078125 0.47578125 0.015625 0.0265625
1 0.0703125 0.40078125 0.034375 0.0203125
1 0.81640625 0.27734375 0.0328125 0.01875
1 0.96171875 0.3421875 0.0390625 0.0234375
1 0.153125 0.32890625 0.0328125 0.0171875
1 0.2078125 0.91484375 0.040625 0.03125
1 0.91015625 0.29296875 0.034375 0.0203125
1 0.26796875 0.94296875 0.040625 0.0328125
1 0.5578125 0.83828125 0.034375 0.01875
1 0.2296875 0.87421875 0.0328125 0.01875
1 0.05625 0.4140625 0.0359375 0.021875
0 0.20078125 0.16796875 0.0375 0.0203125
1 0.8328125 0.2796875 0.0359375 0.0203125
0 0.15859375 0.15703125 0.0375 0.0265625
1 0.70859375 0.86015625 0.0375 0.025
0 0.13515625 0.3640625 0.0390625 0.025
1 0.8078125 0.3703125 0.0328125 0.01875
1 0.5765625 0.83671875 0.0328125 0.01875
1 0.54453125 0.375 0.0359375 0.0203125
1 0.29375 0.96953125 0.0390625 0.0390625
1 0.21015625 0.95 0.0359375 0.028125
1 0.29921875 0.86640625 0.034375 0.01875
0 0.13671875 0.30078125 0.0375 0.025
0 0.853125 0.08515625 0.0390625 0.0265625
1 0.19375 0.915625 0.0375 0.0234375
1 0.8265625 0.5921875 0.034375 0.0203125
1 0.96484375 0.3671875 0.0359375 0.0203125
1 0.61484375 0.37890625 0.0359375 0.0203125
0 0.6890625 0.2578125 0.034375 0.021875
1 0.42109375 0.3 0.0328125 0.01875
1 0.89609375 0.29453125 0.0359375 0.0203125
1 0.340625 0.859375 0.034375 0.01875
1 0.76171875 0.85390625 0.0375 0.0234375
1 0.3828125 0.3421875 0.03125 0.01875
1 0.0234375 0.43203125 0.0359375 0.021875
1 0.121875 0.9515625 0.040625 0.03125
1 0.3 0.45078125 0.0359375 0.021875
1 0.14921875 0.50625 0.034375 0.0171875
1 0.37421875 0.44921875 0.034375 0.0203125
1 0.9828125 0.3453125 0.034375 0.021875
1 0.56484375 0.825 0.0328125 0.01875
1 0.175 0.4734375 0.03125 0.0171875
1 0.45 0.3078125 0.0328125 0.0171875
4 0.3703125 0.8328125 0.04375 0.040625
1 0.36875 0.30703125 0.034375 0.01875
1 0.08671875 0.375 0.0359375 0.021875
1 0.91875 0.9046875 0.040625 0.0328125
1 0.103125 0.36953125 0.0375 0.021875
1 0.4875 0.85078125 0.0328125 0.0171875
1 0.94765625 0.35625 0.0359375 0.01875
1 0.13984375 0.37578125 0.034375 0.01875
1 0.17578125 0.97578125 0.0453125 0.034375
1 0.0140625 0.47421875 0.028125 0.0234375
1 0.509375 0.64765625 0.034375 0.0171875
1 0.396875 0.878125 0.040625 0.0265625
1 0.9234375 0.85546875 0.0359375 0.021875
1 0.20078125 0.95859375 0.0421875 0.0296875
1 0.9515625 0.865625 0.0375 0.025
3 0.571875 0.7625 0.0734375 0.0578125
1 0.33515625 0.99375 0.0484375 0.0125
1 0.8703125 0.45859375 0.03125 0.0171875
1 0.96328125 0.86328125 0.0359375 0.0265625
1 0.596875 0.80390625 0.0328125 0.0171875
0 0.21640625 0.19765625 0.034375 0.0234375
1 0.28046875 0.85859375 0.03125 0.0171875
1 0.3203125 0.85390625 0.034375 0.01875
1 0.934375 0.29140625 0.0359375 0.01875
1 0.13046875 0.33125 0.034375 0.0203125
1 0.35546875 0.87578125 0.0328125 0.0203125