2 0.7703125 0.21953125 0.08671875 0.06015625
0 0.184375 0.1578125 0.0125 0.01953125
3 0.7359375 0.8328125 0.0609375 0.0578125
1 0.77265625 0.5546875 0.01328125 0.02265625
1 0.72109375 0.5671875 0.0140625 0.02265625
1 0.43359375 0.88125 0.01015625 0.01953125
1 0.97265625 0.41796875 0.0109375 0.0171875
4 0.253125 0.8296875 0.03984375 0.0421875
1 0.31875 0.43359375 0.009375 0.01796875
1 0.32265625 0.56953125 0.01328125 0.02265625
0 0.1328125 0.13828125 0.01484375 0.0234375
1 0.81796875 0.446875 0.009375 0.01796875
4 0.97890625 0.51171875 0.0421875 0.1296875
1 0.26796875 0.48671875 0.01015625 0.01953125
1 0.33515625 0.48203125 0.0109375 0.01875
1 0.4078125 0.43046875 0.01015625 0.01640625
1 0.35859375 0.36640625 0.00859375 0.01484375
1 0.36875 0.38984375 0.00859375 0.015625
1 0.16875 0.38203125 0.00859375 0.0140625
4 0.49921875 0.3265625 0.06484375 0.07265625
1 0.696875 0.384375 0.009375 0.015625
0 0.1921875 0.11953125 0.01171875 0.01796875
1 0.43125 0.44765625 0.01015625 0.0171875
1 0.92890625 0.371875 0.009375 0.01484375
1 0.54765625 0.3828125 0.009375 0.015625
1 0.59609375 0.4484375 0.0109375 0.01953125
0 0.1171875 0.44765625 0.0140625 0.02265625
2 0.24765625 0.22578125 0.0890625 0.04921875
1 0.040625 0.4515625 0.0109375 0.01640625
0 0.11640625 0.19609375 0.01328125 0.021875
1 0.14921875 0.3984375 0.00859375 0.01640625
0 0.29296875 0.778125 0.0109375 0.0171875
1 0.66796875 0.371875 0.00859375 0.01484375
1 0.62578125 0.5609375 0.01171875 0.02109375
1 0.8578125 0.8953125 0.0125 0.0203125
1 0.45078125 0.52890625 0.01171875 0.021875
1 0.978125 0.3828125 0.0109375 0.01640625
1 0.6046875 0.40546875 0.01015625 0.015625
1 0.36796875 0.4546875 0.0109375 0.01953125
1 0.88203125 0.940625 0.0171875 0.025
1 0.709375 0.42421875 0.01015625 0.01796875
1 0.24140625 0.89765625 0.01328125 0.02421875
0 0.11640625 0.1515625 0.015625 0.025
1 0.5375 0.409375 0.009375 0.015625
3 0.2890625 0.828125 0.0421875 0.04296875
1 0.05234375 0.4421875 0.0109375 0.01640625
1 0.64453125 0.4265625 0.01015625 0.0171875
1 0.5375 0.39375 0.01015625 0.0140625
1 0.61875 0.49921875 0.0109375 0.02109375
0 0.09140625 0.43984375 0.01328125 0.02265625
0 0.15234375 0.21328125 0.0140625 0.0234375
1 0.5609375 0.39765625 0.01015625 0.01640625
1 0.55234375 0.46015625 0.01015625 0.01796875
0 0.1671875 0.14765625 0.0140625 0.01953125
0 0.13359375 0.1578125 0.0140625 0.015625
1 0.35234375 0.4515625 0.01015625 0.01640625
1 0.546875 0.47734375 0.0109375 0.0171875
1 0.60859375 0.38671875 0.009375 0.01640625
0 0.178125 0.13359375 0.0125 0.01953125
1 0.6421875 0.35859375 0.009375 0.01484375
0 0.125 0.24140625 0.01328125 0.0234375
1 0.96796875 0.39921875 0.01015625 0.015625
1 0.3890625 0.3703125 0.009375 0.01484375
1 0.19296875 0.41640625 0.009375 0.01640625
0 0.11015625 0.171875 0.01015625 0.01875
1 0.5765625 0.37890625 0.009375 0.0140625
1 0.5921875 0.409375 0.0109375 0.01640625
1 0.16015625 0.46171875 0.01015625 0.01640625
1 0.69765625 0.42109375 0.01015625 0.01484375
1 0.39609375 0.88515625 0.0109375 0.02109375
1 0.8234375 0.33671875 0.0078125 0.01484375
1 0.06875 0.42109375 0.01015625 0.01484375
0 0.1515625 0.16640625 0.01328125 0.01875
1 0.384375 0.44296875 0.0109375 0.0171875
1 0.48828125 0.4328125 0.0109375 0.0171875
1 0.21953125 0.896875 0.0125 0.01953125
1 0.83671875 0.8890625 0.0109375 0.01953125
1 0.85859375 0.3375 0.009375 0.0140625
1 0.58359375 0.35859375 0.009375 0.0140625
1 0.08125 0.38125 0.009375 0.015625
1 0.47265625 0.4609375 0.0109375 0.01875
1 0.471875 0.89921875 0.01328125 0.01796875
1 0.878125 0.32734375 0.0078125 0.01328125
0 0.8703125 0.02734375 0.01328125 0.0203125
1 0.18125 0.9359375 0.0171875 0.02890625
1 0.996875 0.4234375 0.00625 0.015625
0 0.184375 0.0953125 0.01328125 0.02265625
1 0.09921875 0.36640625 0.00859375 0.01484375
1 0.69140625 0.40390625 0.00859375 0.01484375
1 0.66796875 0.86015625 0.01015625 0.0171875
1 0.43671875 0.3984375 0.009375 0.01328125
1 0.83046875 0.31796875 0.00703125 0.0125
1 0.04140625 0.4203125 0.01015625 0.01484375
1 0.63515625 0.37734375 0.01015625 0.01484375
1 0.16796875 0.90625 0.0140625 0.0203125
1 0.78125 0.83984375 0.00703125 0.01015625
1 0.8421875 0.3015625 0.00703125 0.01171875
1 0.646875 0.3859375 0.009375 0.015625
1 0.08984375 0.40859375 0.0109375 0.015625
1 0.178125 0.884375 0.0109375 0.01796875
1 0.15859375 0.9359375 0.01640625 0.0265625
1 0.209375 0.640625 0.0109375 0.02109375
1 0.6109375 0.425 0.009375 0.01640625
1 0.0578125 0.4203125 0.009375 0.0140625
1 0.903125 0.321875 0.00859375 0.01328125
0 0.10234375 0.50546875 0.0140625 0.025
1 0.67890625 0.35546875 0.0078125 0.01328125
0 0.30625 0.7703125 0.00703125 0.01328125
1 0.31875 0.8671875 0.0078125 0.01484375
1 0.8046875 0.85234375 0.00703125 0.0125
1 0.80859375 0.95 0.01953125 0.03515625
1 0.71640625 0.3453125 0.009375 0.015625
1 0.2109375 0.94453125 0.01796875 0.02109375
1 0.0203125 0.64296875 0.0125 0.02265625
1 0.8984375 0.8765625 0.0109375 0.015625
1 0.85078125 0.8671875 0.00859375 0.01484375
1 0.32734375 0.46953125 0.00859375 0.0171875
1 0.61796875 0.409375 0.009375 0.01484375
1 0.28046875 0.87265625 0.00859375 0.015625
1 0.33359375 0.86875 0.0078125 0.0140625
1 0.3578125 0.8671875 0.00859375 0.0171875
1 0.03671875 0.43671875 0.009375 0.0125
1 0.03359375 0.40234375 0.009375 0.01484375
1 0.1890625 0.3953125 0.00859375 0.015625
1 0.54296875 0.30703125 0.00703125 0.01171875
1 0.071875 0.39609375 0.009375 0.0125
0 0.15390625 0.07421875 0.01328125 0.02109375
1 0.8546875 0.30078125 0.0078125 0.0125
0 0.140625 0.17421875 0.0109375 0.01640625
0 0.3171875 0.73203125 0.00703125 0.0125
1 0.91640625 0.3140625 0.00859375 0.0125
1 0.70546875 0.40625 0.0078125 0.01171875
1 0.84140625 0.9328125 0.01640625 0.0328125
1 0.625 0.4 0.00859375 0.01328125
1 0.9390625 0.33125 0.009375 0.0140625
0 0.30625 0.74453125 0.00859375 0.01796875
1 0.11484375 0.3546875 0.0125 0.01796875
1 0.6734375 0.34296875 0.01015625 0.0125
1 0.23046875 0.9734375 0.02421875 0.03984375
1 0.453125 0.3 0.00625 0.01171875
1 0.82734375 0.95078125 0.01875 0.03046875
1 0.14375 0.65 0.01015625 0.0109375
1 0.46171875 0.346875 0.01015625 0.015625
1 0.94765625 0.6234375 0.0140625 0.0234375
0 0.29765625 0.73125 0.009375 0.0125
1 0.4625 0.8859375 0.01015625 0.015625
1 0.89453125 0.30546875 0.0109375 0.015625
1 0.1078125 0.940625 0.01640625 0.02421875
1 0.153125 0.62734375 0.01328125 0.02109375
1 0.13125 0.34921875 0.0140625 0.01484375
1 0.84140625 0.853125 0.0078125 0.01171875
1 0.3578125 0.32421875 0.0078125 0.0140625
1 0.61171875 0.3015625 0.01015625 0.0125
1 0.11875 0.9890625 0.02109375 0.02109375
1 0.46953125 0.840625 0.0078125 0.0109375
1 0.8703125 0.29921875 0.00859375 0.0125
1 0.2828125 0.846875 0.0078125 0.009375
1 0.19765625 0.88359375 0.01171875 0.01796875
1 0.1328125 0.93125 0.01796875 0.0265625
1 0.6796875 0.83046875 0.00546875 0.01015625
1 0.05859375 0.4046875 0.009375 0.0109375
1 0.3484375 0.86796875 0.0109375 0.015625
1 0.1703125 0.30625 0.009375 0.0140625
1 0.45625 0.85 0.00625 0.01015625
0 0.30625 0.72109375 0.0078125 0.01328125
1 0.3484375 0.32265625 0.0109375 0.01328125
1 0.17578125 0.98984375 0.0203125 0.01875
1 0.95703125 0.93046875 0.015625 0.02421875
1 0.2078125 0.84296875 0.00625 0.01015625
1 0.9078125 0.85234375 0.00703125 0.01171875
3 0.60390625 0.87890625 0.09375 0.1109375
1 0.55234375 0.3 0.00859375 0.0109375
0 0.2734375 0.16015625 0.009375 0.0140625
1 0.203125 0.971875 0.021875 0.02890625
0 0.28515625 0.22421875 0.01015625 0.0171875
1 0.22578125 0.87890625 0.0109375 0.0140625
1 0.90703125 0.990625 0.02421875 0.01875
1 0.40078125 0.29921875 0.009375 0.01171875
1 0.42578125 0.40625 0.0109375 0.0125
1 0.0921875 0.934375 0.0140625 0.021875
1 0.20859375 0.88203125 0.01015625 0.0171875
1 0.80546875 0.84140625 0.00625 0.009375
1 0.93828125 0.925 0.01484375 0.03203125
1 0.25625 0.99375 0.01796875 0.0109375
1 0.10078125 0.9 0.01171875 0.0203125
1 0.82421875 0.303125 0.00859375 0.01015625
1 0.16484375 0.321875 0.00859375 0.0109375
1 0.425 0.33203125 0.009375 0.01171875
1 0.209375 0.9921875 0.01953125 0.01484375
0 0.3234375 0.70546875 0.00703125 0.0125
1 0.0671875 0.3796875 0.0109375 0.0171875
1 0.83203125 0.84296875 0.00703125 0.01015625
1 0.878125 0.85234375 0.00703125 0.0109375
1 0.1515625 0.878125 0.0109375 0.0140625
0 0.29765625 0.75234375 0.01015625 0.0140625
0 0.5671875 0.7578125 0.009375 0.015625
0 0.06484375 0.98125 0.02109375 0.03671875
1 0.928125 0.85546875 0.0078125 0.0125