3 0.13125 0.36484375 0.1015625 0.0703125
3 0.19140625 0.8484375 0.0875 0.0578125
4 0.56640625 0.459375 0.10625 0.1109375
2 0.76484375 0.21640625 0.1140625 0.0515625
4 0.7140625 0.5671875 0.1125 0.146875
4 0.5125 0.340625 0.0828125 0.0765625
2 0.24375 0.23203125 0.1171875 0.04375
1 0.63203125 0.3796875 0.034375 0.0078125
1 0.3828125 0.4859375 0.0375 0.0109375
3 0.45078125 0.3390625 0.0765625 0.0625
1 0.628125 0.4796875 0.0375 0.015625
0 0.77109375 0.190625 0.0375 0.0125
1 0.60234375 0.37265625 0.0328125 0.00625
1 0.64765625 0.3921875 0.034375 0.0078125
1 0.61171875 0.39375 0.0359375 0.009375
1 0.38359375 0.4578125 0.0359375 0.0078125
1 0.440625 0.46171875 0.0359375 0.0109375
1 0.6078125 0.465625 0.0359375 0.0109375
1 0.421875 0.33515625 0.034375 0.0078125
1 0.40703125 0.34765625 0.034375 0.0046875
1 0.63359375 0.39765625 0.0359375 0.0078125
1 0.39921875 0.4890625 0.0375 0.0125
1 0.43046875 0.478125 0.0375 0.009375
1 0.421875 0.3546875 0.034375 0.0046875
1 0.3921875 0.35703125 0.03125 0.0046875
1 0.746875 0.83671875 0.03125 0.0046875
1 0.4828125 0.3640625 0.034375 0.0078125
1 0.38984375 0.384375 0.034375 0.009375
0 0.13671875 0.01796875 0.0390625 0.0125
1 0.6 0.40546875 0.0359375 0.009375
1 0.39609375 0.459375 0.0359375 0.00625
0 0.24140625 0.2140625 0.0328125 0.00625
0 0.97890625 0.209375 0.0328125 0.003125
1 0.409375 0.48203125 0.0359375 0.0109375
1 0.61640625 0.44921875 0.0359375 0.0109375
1 0.4515625 0.384375 0.034375 0.00625
1 0.39765625 0.43046875 0.0375 0.0078125
4 0.5609375 0.81015625 0.0703125 0.03125
1 0.421875 0.371875 0.0328125 0.0046875
1 0.44296875 0.38125 0.0328125 0.0046875
1 0.66953125 0.296875 0.0359375 0.003125
1 0.4078125 0.40546875 0.0359375 0.0078125
1 0.55859375 0.371875 0.034375 0.0046875
1 0.38515625 0.47109375 0.0375 0.00625
1 0.73984375 0.83359375 0.034375 0.0046875
0 0.77734375 0.11953125 0.0375 0.0078125