4 0.26171875 0.4984375 0.11875 0.1296875
2 0.21953125 0.228125 0.0953125 0.0625
4 0.41953125 0.28828125 0.0734375 0.071875
3 0.64296875 0.33203125 0.075 0.090625
3 0.5296875 0.3109375 0.0640625 0.0703125
1 0.13984375 0.46640625 0.01875 0.01875
1 0.65390625 0.4859375 0.01875 0.0203125
1 0.43515625 0.37109375 0.015625 0.0140625
3 0.72421875 0.82109375 0.059375 0.065625
1 0.44375 0.4328125 0.015625 0.0171875
1 0.96640625 0.434375 0.0171875 0.0171875
1 0.61015625 0.5484375 0.0203125 0.021875
1 0.1578125 0.93359375 0.0234375 0.0265625
1 0.334375 0.35703125 0.015625 0.015625
1 0.2609375 0.5890625 0.021875 0.0234375
1 0.04453125 0.42265625 0.0171875 0.0171875
1 0.1 0.38828125 0.0171875 0.0171875
1 0.7265625 0.4796875 0.0171875 0.0171875
1 0.60234375 0.5078125 0.01875 0.021875
1 0.371875 0.88515625 0.01875 0.0203125
1 0.0203125 0.4359375 0.01875 0.0171875
2 0.7421875 0.21796875 0.096875 0.0484375
1 0.26171875 0.565625 0.0203125 0.021875
1 0.74375 0.496875 0.015625 0.0171875
1 0.29921875 0.58359375 0.0203125 0.0234375
1 0.4640625 0.371875 0.0140625 0.015625
1 0.025 0.39765625 0.0171875 0.015625
1 0.15703125 0.90703125 0.01875 0.0171875
1 0.75546875 0.5203125 0.0171875 0.0203125
1 0.7046875 0.5609375 0.01875 0.021875
1 0.45 0.57890625 0.021875 0.0234375
1 0.27578125 0.59765625 0.0203125 0.0203125
1 0.61171875 0.44765625 0.01875 0.0171875
1 0.8484375 0.634375 0.0203125 0.01875
1 0.7796875 0.846875 0.0140625 0.015625
1 0.33828125 0.41328125 0.015625 0.0171875
1 0.6359375 0.53359375 0.01875 0.021875
1 0.303125 0.38046875 0.0140625 0.015625
1 0.07265625 0.91796875 0.0203125 0.0234375
1 0.30546875 0.87890625 0.0171875 0.01875
1 0.46640625 0.58125 0.01875 0.0203125
1 0.4234375 0.39453125 0.0171875 0.0171875
1 0.39453125 0.3203125 0.015625 0.0125
1 0.48046875 0.3890625 0.015625 0.0171875
1 0.6921875 0.41796875 0.0171875 0.01875
1 0.83203125 0.390625 0.015625 0.015625
1 0.38671875 0.403125 0.015625 0.0171875
1 0.825 0.88515625 0.01875 0.021875
1 0.4984375 0.34375 0.015625 0.0140625
1 0.41875 0.37734375 0.015625 0.015625
1 0.68046875 0.3953125 0.015625 0.0171875
1 0.56015625 0.3359375 0.0140625 0.0140625
1 0.0984375 0.33359375 0.015625 0.0125
1 0.11171875 0.3625 0.015625 0.0140625
1 0.709375 0.45703125 0.0171875 0.0171875
1 0.746875 0.859375 0.015625 0.015625
1 0.590625 0.4578125 0.0171875 0.01875
1 0.6875 0.5578125 0.0203125 0.0234375
1 0.45703125 0.5359375 0.01875 0.021875
1 0.36953125 0.371875 0.015625 0.015625
1 0.4015625 0.42890625 0.0171875 0.01875
1 0.096875 0.91796875 0.021875 0.0265625
1 0.31328125 0.4375 0.015625 0.0140625
1 0.484375 0.3421875 0.0140625 0.0125
1 0.40078125 0.34921875 0.0140625 0.0140625
1 0.3234375 0.3796875 0.0140625 0.0140625
1 0.6109375 0.3859375 0.015625 0.015625
1 0.128125 0.3359375 0.015625 0.0125
1 0.63125 0.46640625 0.01875 0.01875
1 0.871875 0.325 0.0140625 0.0140625
1 0.45234375 0.39375 0.015625 0.015625
1 0.62109375 0.4125 0.0171875 0.015625
1 0.45 0.55859375 0.01875 0.015625
1 0.14921875 0.42265625 0.0171875 0.01875
1 0.00546875 0.3859375 0.0109375 0.015625
1 0.69921875 0.44921875 0.0171875 0.0171875
1 0.71875 0.846875 0.015625 0.0140625
1 0.621875 0.63828125 0.0203125 0.01875
1 0.80078125 0.90625 0.021875 0.0265625
1 0.13515625 0.3578125 0.0171875 0.0140625
1 0.228125 0.546875 0.015625 0.021875
1 0.43828125 0.33046875 0.0140625 0.0140625
1 0.3203125 0.428125 0.015625 0.015625
1 0.81640625 0.36484375 0.015625 0.015625
1 0.41015625 0.3328125 0.015625 0.0125
1 0.928125 0.3953125 0.0171875 0.015625
1 0.40546875 0.39140625 0.0171875 0.0171875
1 0.4453125 0.3484375 0.0171875 0.0140625
1 0.9015625 0.35234375 0.0140625 0.0140625
1 0.9171875 0.38515625 0.015625 0.01875
1 0.61171875 0.58984375 0.0171875 0.0109375
1 0.153125 0.31640625 0.0140625 0.0140625
1 0.06015625 0.58125 0.015625 0.0171875
1 0.94140625 0.9125 0.021875 0.0234375
1 0.51328125 0.44375 0.015625 0.0140625
1 0.4796875 0.35703125 0.015625 0.0125
1 0.45703125 0.32734375 0.015625 0.0140625
1 0.8515625 0.8640625 0.0171875 0.0203125
1 0.428125 0.34140625 0.0140625 0.0125
1 0.6703125 0.584375 0.0171875 0.0109375
1 0.29140625 0.4109375 0.0140625 0.015625
1 0.940625 0.38515625 0.015625 0.015625
1 0.65 0.46484375 0.01875 0.0171875
1 0.35390625 0.340625 0.015625 0.015625
1 0.121875 0.88828125 0.015625 0.0171875
1 0.17734375 0.90234375 0.01875 0.0203125
1 0.44453125 0.39765625 0.0171875 0.015625
1 0.67421875 0.37734375 0.015625 0.015625
1 0.70625 0.4359375 0.015625 0.0125
1 0.5953125 0.4234375 0.0171875 0.01875
1 0.38203125 0.38515625 0.0171875 0.015625
1 0.32109375 0.39296875 0.0171875 0.015625
1 0.5703125 0.43203125 0.015625 0.015625
1 0.484375 0.3296875 0.0140625 0.0125
1 0.8859375 0.3171875 0.0140625 0.0140625
1 0.92421875 0.353125 0.015625 0.0125
1 0.1890625 0.8796875 0.015625 0.0140625
1 0.85078125 0.2953125 0.0140625 0.0125
1 0.11328125 0.34609375 0.0171875 0.015625
1 0.48203125 0.575 0.0203125 0.021875
1 0.43671875 0.3875 0.0171875 0.0203125
1 0.08359375 0.32734375 0.015625 0.0140625
1 0.90625 0.9 0.021875 0.0234375
1 0.34375 0.40078125 0.015625 0.015625
1 0.91640625 0.3671875 0.015625 0.0140625
1 0.10390625 0.32109375 0.0125 0.0125
1 0.3703125 0.86953125 0.0171875 0.0125
1 0.1203125 0.36015625 0.0171875 0.015625
1 0.475 0.646875 0.0171875 0.0109375
1 0.28359375 0.859375 0.0140625 0.0140625
1 0.3875 0.365625 0.0140625 0.0140625
1 0.91015625 0.33125 0.015625 0.0125
1 0.64375 0.4390625 0.015625 0.0125
1 0.18828125 0.853125 0.015625 0.0109375
1 0.3 0.3984375 0.015625 0.0125
1 0.471875 0.2953125 0.0140625 0.0109375
1 0.89140625 0.8890625 0.0203125 0.0203125
1 0.4640625 0.5640625 0.01875 0.01875
1 0.32265625 0.3046875 0.0140625 0.0140625
1 0.86953125 0.63515625 0.01875 0.0171875
1 0.60546875 0.41640625 0.0171875 0.015625
1 0.284375 0.42890625 0.0171875 0.0125
1 0.9234375 0.9015625 0.021875 0.028125
1 0.90625 0.85546875 0.015625 0.015625
1 0.9890625 0.465625 0.015625 0.0140625
1 0.359375 0.30234375 0.015625 0.0125
1 0.0921875 0.9625 0.0140625 0.015625
1 0.16875 0.86953125 0.0140625 0.015625
1 0.290625 0.85703125 0.0140625 0.0140625
1 0.01875 0.375 0.0171875 0.0140625
1 0.75859375 0.83984375 0.015625 0.0125
1 0.8828125 0.85625 0.0171875 0.0171875
1 0.428125 0.32890625 0.0140625 0.0125
1 0.265625 0.84609375 0.0140625 0.0109375
1 0.10390625 0.884375 0.0171875 0.015625
1 0.3859375 0.30546875 0.0140625 0.0125
1 0.06953125 0.959375 0.01875 0.0171875
1 0.58125 0.40078125 0.0171875 0.0125
1 0.303125 0.8609375 0.015625 0.0109375
1 0.8625 0.2953125 0.0140625 0.0125
1 0.48515625 0.2984375 0.015625 0.0125
1 0.3375 0.30234375 0.015625 0.0140625
1 0.303125 0.42421875 0.0140625 0.0125
1 0.08125 0.890625 0.0171875 0.015625
1 0.59609375 0.44140625 0.01875 0.015625
1 0.1859375 0.896875 0.015625 0.0203125
1 0.68046875 0.35703125 0.015625 0.0125
1 0.6203125 0.3953125 0.0171875 0.0125
1 0.1109375 0.8640625 0.0140625 0.0125
1 0.9421875 0.88671875 0.01875 0.0125
1 0.8953125 0.85625 0.015625 0.015625
1 0.0640625 0.99609375 0.025 0.0078125
1 0.5953125 0.83984375 0.0140625 0.0125
1 0.184375 0.86484375 0.0140625 0.0109375
1 0.66328125 0.6390625 0.01875 0.0140625
1 0.65078125 0.62421875 0.0203125 0.01875
1 0.496875 0.56875 0.015625 0.015625
1 0.940625 0.36875 0.015625 0.0109375