2 0.7625 0.21640625 0.08671875 0.0609375
3 0.08046875 0.2953125 0.0703125 0.078125
2 0.24609375 0.20859375 0.08984375 0.05546875
3 0.23671875 0.86015625 0.0671875 0.06328125
4 0.89140625 0.4625 0.09296875 0.11796875
3 0.175 0.3046875 0.040625 0.08046875
1 0.29375 0.43046875 0.01015625 0.01640625
3 0.1078125 0.4578125 0.10078125 0.1203125
1 0.61953125 0.48203125 0.0109375 0.01875
1 0.1609375 0.3828125 0.01015625 0.01640625
1 0.43203125 0.54453125 0.0125 0.02265625
1 0.0328125 0.4328125 0.0109375 0.0171875
1 0.271875 0.52890625 0.0125 0.02109375
1 0.2328125 0.60078125 0.0140625 0.02421875
1 0.08359375 0.51484375 0.0125 0.01953125
1 0.3734375 0.3921875 0.0109375 0.0171875
1 0.59609375 0.56875 0.01328125 0.02265625
1 0.2953125 0.5234375 0.0125 0.021875
1 0.59765625 0.496875 0.01171875 0.0203125
1 0.56015625 0.47109375 0.0109375 0.01875
1 0.1171875 0.92578125 0.015625 0.025
1 0.70546875 0.4953125 0.0109375 0.0203125
1 0.65703125 0.52265625 0.0125 0.02109375
1 0.42890625 0.6125 0.0125 0.01953125
1 0.521875 0.4625 0.0109375 0.01796875
1 0.1625 0.42890625 0.0109375 0.01640625
1 0.57265625 0.5046875 0.01171875 0.0203125
1 0.36875 0.48203125 0.0109375 0.0203125
4 0.5265625 0.378125 0.08359375 0.08515625
1 0.425 0.35703125 0.009375 0.01640625
1 0.9484375 0.42421875 0.01015625 0.01796875
1 0.38671875 0.575 0.0125 0.0234375
1 0.4015625 0.50078125 0.01171875 0.01875
1 0.4578125 0.59375 0.0125 0.02265625
1 0.25546875 0.9234375 0.0140625 0.02265625
1 0.4015625 0.5515625 0.0125 0.0203125
1 0.44375 0.409375 0.01015625 0.01796875
1 0.596875 0.478125 0.01015625 0.0140625
1 0.6453125 0.57265625 0.0125 0.0203125
1 0.58125 0.42734375 0.01015625 0.015625
1 0.1953125 0.92734375 0.015625 0.02578125
1 0.59921875 0.36640625 0.01015625 0.01484375
1 0.5828125 0.48515625 0.01171875 0.01875
1 0.2859375 0.896875 0.01171875 0.01953125
1 0.33515625 0.8890625 0.00859375 0.015625
1 0.81875 0.9296875 0.0140625 0.02578125
1 0.95546875 0.471875 0.01171875 0.01953125
4 0.68671875 0.3046875 0.05 0.08828125
1 0.66015625 0.4171875 0.01015625 0.015625
1 0.8578125 0.94375 0.015625 0.0265625
1 0.15234375 0.64453125 0.01328125 0.0203125
1 0.67890625 0.44765625 0.0109375 0.01875
1 0.14296875 0.39375 0.009375 0.01640625
1 0.44765625 0.37265625 0.009375 0.0171875
1 0.62578125 0.59140625 0.0125 0.021875
1 0.415625 0.40859375 0.01015625 0.01796875
1 0.40078125 0.465625 0.0109375 0.01953125
1 0.875 0.34609375 0.01015625 0.01875
1 0.31796875 0.37265625 0.009375 0.015625
1 0.340625 0.39609375 0.01015625 0.015625
1 0.6421875 0.4203125 0.009375 0.01484375
1 0.58046875 0.6203125 0.0109375 0.0140625
1 0.496875 0.33046875 0.009375 0.01484375
1 0.465625 0.340625 0.0078125 0.01484375
1 0.509375 0.4609375 0.01171875 0.01953125
1 0.23828125 0.50546875 0.009375 0.01640625
1 0.43671875 0.3296875 0.009375 0.0140625
0 0.1265625 0.3765625 0.01171875 0.01796875
1 0.57421875 0.5515625 0.0125 0.0203125
1 0.1828125 0.88046875 0.0078125 0.0125
1 0.61328125 0.4328125 0.01015625 0.0171875
1 0.16328125 0.5921875 0.01328125 0.0234375
1 0.58046875 0.38125 0.0078125 0.0140625
1 0.903125 0.30390625 0.0078125 0.01328125
1 0.15234375 0.9015625 0.0109375 0.01953125
1 0.6203125 0.390625 0.009375 0.015625
1 0.66875 0.4328125 0.01015625 0.015625
1 0.59296875 0.409375 0.009375 0.0171875
1 0.32890625 0.4296875 0.009375 0.0171875
1 0.50546875 0.43984375 0.0109375 0.01796875
1 0.83828125 0.90859375 0.0109375 0.01953125
1 0.31875 0.434375 0.009375 0.0171875
0 0.1421875 0.215625 0.0125 0.0203125
1 0.63046875 0.3421875 0.00859375 0.01328125
1 0.0140625 0.37109375 0.009375 0.01484375
1 0.5609375 0.33046875 0.009375 0.01484375
1 0.81796875 0.30390625 0.0078125 0.01328125
1 0.446875 0.3265625 0.00859375 0.0140625
0 0.26484375 0.753125 0.009375 0.0171875
1 0.4640625 0.38203125 0.009375 0.0140625
1 0.3546875 0.4140625 0.01015625 0.0171875
0 0.1828125 0.18046875 0.01015625 0.0171875
0 0.27890625 0.71796875 0.01015625 0.01796875
1 0.209375 0.97890625 0.02109375 0.03515625
0 0.12734375 0.3203125 0.0125 0.0171875
1 0.390625 0.4640625 0.01015625 0.01875
1 0.471875 0.39375 0.009375 0.01484375
1 0.4671875 0.28125 0.00703125 0.01328125
1 0.47265625 0.42890625 0.0109375 0.01640625
1 0.8953125 0.28125 0.00859375 0.01171875
1 0.596875 0.34140625 0.009375 0.0140625
1 0.36875 0.35859375 0.009375 0.0171875
1 0.6109375 0.36875 0.01015625 0.01484375
1 0.35859375 0.325 0.00859375 0.0140625
1 0.0296875 0.346875 0.00703125 0.0140625
1 0.31640625 0.4171875 0.01171875 0.015625
1 0.99140625 0.45 0.01328125 0.01796875
1 0.9765625 0.4578125 0.01171875 0.01796875
1 0.73984375 0.88828125 0.01015625 0.01796875
1 0.42421875 0.28671875 0.0078125 0.01484375
1 0.83046875 0.39140625 0.009375 0.01640625
1 0.83359375 0.8703125 0.0078125 0.0125
3 0.1203125 0.85546875 0.059375 0.0640625
1 0.9671875 0.40703125 0.0078125 0.0171875
1 0.63125 0.3578125 0.009375 0.01484375
1 0.8828125 0.28984375 0.0078125 0.0125
1 0.57265625 0.3953125 0.01015625 0.01640625
1 0.09921875 0.89296875 0.009375 0.015625
1 0.134375 0.2703125 0.00859375 0.0140625
1 0.3453125 0.41484375 0.01015625 0.015625
1 0.35546875 0.34375 0.00859375 0.015625
1 0.75390625 0.9078125 0.01171875 0.0203125
1 0.171875 0.86875 0.00703125 0.01171875
1 0.678125 0.40390625 0.009375 0.015625
1 0.48359375 0.44453125 0.01015625 0.015625
1 0.4828125 0.3109375 0.00625 0.01015625
1 0.40546875 0.296875 0.0078125 0.01328125
1 0.2140625 0.646875 0.01015625 0.01328125
0 0.12734375 0.215625 0.01171875 0.0203125
1 0.2546875 0.98046875 0.021875 0.0359375
0 0.18828125 0.12421875 0.01015625 0.01796875
1 0.3296875 0.38984375 0.009375 0.0125
0 0.8265625 0.1890625 0.01171875 0.02109375
1 0.678125 0.4328125 0.00859375 0.01328125
1 0.6671875 0.365625 0.00859375 0.0125
1 0.309375 0.90390625 0.01015625 0.01015625
1 0.42265625 0.27109375 0.0078125 0.0125
1 0.49296875 0.4390625 0.009375 0.01796875
1 0.87421875 0.5171875 0.009375 0.0140625
1 0.83828125 0.396875 0.009375 0.01796875
1 0.365625 0.34296875 0.009375 0.015625
1 0.3890625 0.3453125 0.009375 0.015625
1 0.7640625 0.9328125 0.01484375 0.02421875
1 0.0953125 0.90859375 0.0109375 0.01484375
1 0.5171875 0.26953125 0.00859375 0.01484375
1 0.16015625 0.2703125 0.00859375 0.01328125
1 0.8671875 0.2828125 0.01015625 0.01640625
1 0.32578125 0.40234375 0.0109375 0.015625
1 0.60546875 0.3515625 0.00859375 0.0125
1 0.57265625 0.35703125 0.009375 0.0125
1 0.3390625 0.3234375 0.01015625 0.015625
1 0.89921875 0.9203125 0.0125 0.025
1 0.86796875 0.29921875 0.0078125 0.01328125
1 0.29453125 0.40703125 0.01171875 0.0203125
1 0.48515625 0.2828125 0.00859375 0.01328125
1 0.8640625 0.33125 0.0109375 0.0171875
1 0.996875 0.42578125 0.00625 0.015625
1 0.553125 0.27109375 0.009375 0.015625
0 0.12734375 0.2359375 0.0125 0.01796875
1 0.79140625 0.9015625 0.01484375 0.021875
1 0.95 0.365625 0.01015625 0.01640625
1 0.18671875 0.6421875 0.01484375 0.02109375
1 0.665625 0.38515625 0.01171875 0.01953125
1 0.47890625 0.32578125 0.0078125 0.01328125
1 0.4 0.33671875 0.01015625 0.01484375
1 0.0734375 0.3328125 0.01015625 0.01328125
1 0.9234375 0.88671875 0.0078125 0.015625
1 0.6421875 0.371875 0.00859375 0.01484375
1 0.62890625 0.26328125 0.00703125 0.0125
1 0.30078125 0.41875 0.009375 0.01484375
1 0.5328125 0.4375 0.0109375 0.01796875
1 0.390625 0.2890625 0.00703125 0.0125
1 0.4046875 0.284375 0.0078125 0.01328125
1 0.3703125 0.315625 0.00859375 0.0140625
1 0.696875 0.3515625 0.009375 0.015625
1 0.025 0.4 0.01015625 0.01640625
1 0.8046875 0.8703125 0.00625 0.0109375
1 0.23046875 0.96171875 0.01796875 0.03046875
1 0.69140625 0.4078125 0.01015625 0.0171875
0 0.86015625 0.24296875 0.0125 0.0171875
1 0.3796875 0.27109375 0.009375 0.0140625
1 0.64140625 0.403125 0.00859375 0.01171875
1 0.38515625 0.28359375 0.0078125 0.01328125
1 0.7015625 0.409375 0.01171875 0.01640625
0 0.40625 0.71484375 0.0109375 0.0234375
1 0.859375 0.2625 0.0109375 0.01953125
1 0.35234375 0.90390625 0.00546875 0.01015625
1 0.88046875 0.9015625 0.0078125 0.0140625
1 0.17265625 0.26171875 0.00859375 0.01328125
1 0.1234375 0.30234375 0.009375 0.01328125
1 0.60859375 0.38984375 0.01015625 0.01796875
1 0.471875 0.3546875 0.00859375 0.0125
1 0.39765625 0.2703125 0.00859375 0.0140625
0 0.64765625 0.721875 0.0109375 0.01796875
1 0.36953125 0.26015625 0.00859375 0.01328125
1 0.48515625 0.2671875 0.0078125 0.0125
1 0.92265625 0.87109375 0.0078125 0.01171875
1 0.88828125 0.87109375 0.009375 0.0125
1 0.49296875 0.27578125 0.0078125 0.0125
0 0.65859375 0.7171875 0.009375 0.0171875
1 0.86796875 0.31796875 0.0109375 0.0125
1 0.6015625 0.90390625 0.01015625 0.0109375
1 0.52890625 0.28671875 0.00859375 0.0140625
1 0.21328125 0.946875 0.01171875 0.01953125
1 0.315625 0.39609375 0.01015625 0.01796875
1 0.3671875 0.2796875 0.00859375 0.01484375
1 0.371875 0.29296875 0.0125 0.01328125
1 0.68359375 0.6484375 0.00859375 0.01015625
1 0.91015625 0.8890625 0.0109375 0.0140625
1 0.7765625 0.91953125 0.0140625 0.0203125
0 0.4 0.784375 0.01171875 0.02421875
1 0.8515625 0.92109375 0.0109375 0.0140625
1 0.9359375 0.9453125 0.009375 0.0140625
1 0.6765625 0.375 0.00859375 0.01484375
1 0.6765625 0.35625 0.0078125 0.0140625
1 0.43671875 0.31953125 0.009375 0.0109375
1 0.3453125 0.28359375 0.009375 0.01640625
1 0.503125 0.51796875 0.00703125 0.0125
1 0.4671875 0.2578125 0.00703125 0.0109375
1 0.934375 0.86640625 0.00625 0.01015625
4 0.665625 0.884375 0.0765625 0.11796875
1 0.5203125 0.42890625 0.01015625 0.01328125
1 0.4546875 0.8453125 0.0078125 0.0125
1 0.12578125 0.9953125 0.01875 0.009375
1 0.571875 0.8703125 0.00859375 0.0125
1 0.79609375 0.85859375 0.0078125 0.01015625
1 0.56953125 0.36953125 0.0109375 0.015625
1 0.11328125 0.26640625 0.0109375 0.01640625
1 0.575 0.259375 0.0078125 0.0125
1 0.65078125 0.371875 0.01171875 0.0140625
1 0.47109375 0.3703125 0.00859375 0.0125
1 0.35390625 0.28125 0.009375 0.0140625
1 0.3765625 0.37734375 0.01015625 0.01328125
1 0.09921875 0.64765625 0.0078125 0.0125
1 0.68203125 0.3890625 0.01171875 0.0140625
1 0.65078125 0.8140625 0.01171875 0.021875
1 0.184375 0.26484375 0.00859375 0.01171875
0 0.17578125 0.22421875 0.01015625 0.01640625
1 0.34296875 0.865625 0.0046875 0.009375
1 0.64453125 0.3578125 0.009375 0.01171875
0 0.18046875 0.0513888890625 0.17421875 0.054166667187499996 0.1734375 0.061111110937500004 0.18203125 0.06944444375 0.18515625 0.05694444375 0.18046875 0.0513888890625
0 0.2234375 0.11805555625 0.23046875 0.13055555624999998 0.23359375 0.1263888890625 0.23203125 0.1166666671875 0.2234375 0.11805555625