4 0.05859375 0.3796875 0.115625 0.1125
2 0.25546875 0.19609375 0.103125 0.06875
4 0.62421875 0.4234375 0.0921875 0.1140625
1 0.6953125 0.5078125 0.028125 0.021875
1 0.31171875 0.378125 0.025 0.0171875
1 0.4828125 0.45546875 0.025 0.0171875
1 0.3359375 0.4046875 0.025 0.01875
1 0.17734375 0.55625 0.0296875 0.021875
1 0.384375 0.4140625 0.025 0.01875
1 0.87109375 0.6125 0.028125 0.01875
1 0.7359375 0.47890625 0.0265625 0.0203125
1 0.3640625 0.359375 0.025 0.015625
1 0.95234375 0.53203125 0.028125 0.0203125
1 0.28828125 0.4015625 0.0265625 0.01875
1 0.53125 0.5328125 0.028125 0.0234375
1 0.7140625 0.578125 0.0296875 0.025
1 0.534375 0.4546875 0.0265625 0.0203125
1 0.37890625 0.43046875 0.0265625 0.01875
1 0.4203125 0.44375 0.0265625 0.0203125
4 0.64765625 0.85859375 0.05625 0.065625
1 0.72890625 0.5203125 0.028125 0.0234375
2 0.775 0.24765625 0.109375 0.0609375
0 0.13828125 0.12109375 0.028125 0.021875
1 0.18125 0.30390625 0.025 0.015625
1 0.24140625 0.51796875 0.028125 0.021875
1 0.40234375 0.4109375 0.025 0.0171875
4 0.20859375 0.8375 0.1359375 0.1234375
3 0.5890625 0.86953125 0.10625 0.096875
3 0.02109375 0.521875 0.0421875 0.090625
3 0.85703125 0.4671875 0.109375 0.11875
1 0.209375 0.61796875 0.028125 0.0171875
0 0.2375 0.70625 0.0296875 0.0265625
1 0.465625 0.365625 0.0234375 0.015625
1 0.31484375 0.31328125 0.025 0.015625
1 0.15859375 0.2984375 0.0234375 0.0140625
1 0.57890625 0.49921875 0.0234375 0.015625
0 0.11953125 0.14765625 0.028125 0.021875
1 0.625 0.4953125 0.0265625 0.021875
1 0.878125 0.38984375 0.025 0.0171875
1 0.9484375 0.56328125 0.0265625 0.021875
1 0.55078125 0.45234375 0.025 0.01875
1 0.628125 0.91640625 0.0265625 0.0140625
1 0.9703125 0.60625 0.025 0.015625
1 0.43203125 0.38359375 0.025 0.015625
1 0.27265625 0.5234375 0.028125 0.0234375
1 0.6546875 0.35859375 0.0234375 0.0140625
1 0.4078125 0.3453125 0.0234375 0.015625
1 0.140625 0.553125 0.025 0.0203125
1 0.153125 0.58671875 0.0296875 0.0203125
1 0.66484375 0.48125 0.0265625 0.01875
1 0.6875 0.421875 0.0234375 0.0140625
1 0.659375 0.4328125 0.0234375 0.0140625
1 0.134375 0.5984375 0.0296875 0.0234375
0 0.178125 0.096875 0.0296875 0.0203125
1 0.78203125 0.9578125 0.0328125 0.028125
1 0.29765625 0.321875 0.0234375 0.015625
1 0.990625 0.4484375 0.01875 0.015625
0 0.7875 0.1953125 0.025 0.0171875
1 0.50703125 0.35859375 0.0234375 0.0140625
4 0.50078125 0.82890625 0.0546875 0.05625
1 0.44375 0.61015625 0.0265625 0.0171875
1 0.41484375 0.41484375 0.025 0.01875
1 0.4125 0.3796875 0.025 0.0171875
1 0.67109375 0.87578125 0.025 0.0171875
1 0.1078125 0.87578125 0.03125 0.028125
0 0.1546875 0.10546875 0.028125 0.021875
1 0.75546875 0.9015625 0.0234375 0.0171875
0 0.08515625 0.24140625 0.028125 0.0203125
1 0.0796875 0.8625 0.028125 0.021875
1 0.5078125 0.32109375 0.0234375 0.0140625
1 0.2625 0.50078125 0.028125 0.021875
1 0.5640625 0.38671875 0.0234375 0.015625
0 0.0984375 0.19375 0.028125 0.021875
1 0.11484375 0.8515625 0.0234375 0.015625
0 0.19375 0.14453125 0.0265625 0.01875
1 0.93203125 0.43984375 0.025 0.0171875
1 0.48203125 0.35390625 0.0234375 0.0140625
1 0.5625 0.5953125 0.025 0.0171875
1 0.67109375 0.36953125 0.0234375 0.0140625
1 0.50546875 0.3453125 0.0234375 0.0125
1 0.134375 0.2703125 0.025 0.0125
1 0.846875 0.4046875 0.025 0.015625
1 0.08984375 0.846875 0.025 0.015625
1 0.5203125 0.30625 0.025 0.0140625
1 0.6796875 0.38359375 0.0234375 0.0125
1 0.49453125 0.35625 0.0234375 0.015625
1 0.65546875 0.328125 0.021875 0.0140625
1 0.678125 0.4625 0.0265625 0.01875
1 0.11796875 0.8203125 0.021875 0.0125
1 0.68515625 0.40234375 0.0234375 0.0140625
1 0.09140625 0.31015625 0.0234375 0.0125
1 0.56953125 0.51875 0.0234375 0.0171875
1 0.63359375 0.33984375 0.0234375 0.0140625
1 0.9453125 0.44375 0.025 0.015625
1 0.58046875 0.640625 0.028125 0.028125
1 0.7640625 0.6453125 0.0296875 0.0234375
1 0.42265625 0.83359375 0.0234375 0.0140625
1 0.80078125 0.45546875 0.0234375 0.015625
1 0.02734375 0.328125 0.025 0.0140625
1 0.01953125 0.8765625 0.0296875 0.025
1 0.8375 0.3359375 0.0234375 0.0125
1 0.92578125 0.415625 0.0265625 0.0171875
1 0.88359375 0.98984375 0.034375 0.0203125
1 0.76796875 0.90390625 0.0265625 0.0171875
1 0.78671875 0.93203125 0.028125 0.01875
1 0.6859375 0.3546875 0.0234375 0.015625
1 0.6203125 0.3578125 0.025 0.0171875
1 0.9875 0.6265625 0.021875 0.0125
1 0.88671875 0.68359375 0.0265625 0.0140625
1 0.0484375 0.903125 0.03125 0.0203125
1 0.8140625 0.446875 0.0234375 0.0140625
1 0.76171875 0.88125 0.021875 0.0140625
1 0.39765625 0.8375 0.025 0.0125
1 0.61875 0.31484375 0.0234375 0.0109375
1 0.9171875 0.4375 0.0265625 0.015625
0 0.59296875 0.75 0.028125 0.0234375
1 0.8421875 0.91015625 0.025 0.0171875
1 0.39140625 0.28671875 0.0234375 0.0125
1 0.53125 0.29921875 0.0234375 0.0125
0 0.06875 0.30703125 0.0265625 0.0171875
1 0.85859375 0.371875 0.0234375 0.0125
1 0.634375 0.3265625 0.0234375 0.015625
0 0.21953125 0.77890625 0.028125 0.021875
1 0.0921875 0.29296875 0.0234375 0.015625
1 0.03515625 0.83515625 0.025 0.0171875
1 0.98046875 0.428125 0.025 0.0171875
1 0.6671875 0.3125 0.0234375 0.0125
1 0.896875 0.38359375 0.0234375 0.0140625
1 0.3765625 0.2859375 0.0234375 0.0125
1 0.828125 0.3375 0.0234375 0.0125
1 0.5546875 0.9125 0.0234375 0.009375
1 0.95703125 0.68984375 0.03125 0.0171875
1 0.79609375 0.90390625 0.028125 0.0171875
1 0.40625 0.83046875 0.021875 0.0109375
1 0.05234375 0.83984375 0.025 0.015625
1 0.8515625 0.3421875 0.025 0.0125
1 0.8296875 0.30625 0.025 0.015625
1 0.95625 0.93671875 0.0234375 0.015625
1 0.01015625 0.575 0.0203125 0.021875
1 0.503125 0.85 0.0234375 0.0140625
1 0.08671875 0.31875 0.025 0.0125
1 0.8671875 0.3375 0.021875 0.0125
1 0.55859375 0.38125 0.0234375 0.0140625
1 0.54140625 0.6515625 0.0265625 0.0125
1 0.77109375 0.8796875 0.025 0.0125
1 0.40390625 0.77421875 0.0234375 0.0140625
1 0.03671875 0.86796875 0.0265625 0.015625
1 0.87890625 0.36484375 0.0234375 0.0125
1 0.0484375 0.884375 0.0265625 0.01875
1 0.934375 0.67890625 0.028125 0.0234375
1 0.5140625 0.296875 0.0234375 0.0125
1 0.95390625 0.43671875 0.0234375 0.015625
1 0.1734375 0.62109375 0.0234375 0.0109375
1 0.68203125 0.36875 0.0234375 0.0109375
0 0.62734375 0.76953125 0.025 0.015625
1 0.125 0.26953125 0.0234375 0.0140625
1 0.43125 0.81875 0.0234375 0.009375
1 0.10390625 0.53125 0.0234375 0.0109375
0 0.640625 0.7796875 0.021875 0.015625
1 0.75 0.8671875 0.0203125 0.009375
1 0.72265625 0.8625 0.025 0.0125
1 0.9625 0.6296875 0.021875 0.0125
1 0.51640625 0.846875 0.025 0.0140625
1 0.80390625 0.43203125 0.0234375 0.0125
1 0.553125 0.29921875 0.0234375 0.0125
1 0.403125 0.80390625 0.0234375 0.0125
1 0.6453125 0.38515625 0.025 0.015625
1 0.9046875 0.384375 0.025 0.0140625