2 0.7734375 0.225 0.11875 0.065625
3 0.175 0.284375 0.0890625 0.0765625
4 0.6328125 0.50078125 0.10625 0.1140625
2 0.25625 0.2 0.11875 0.059375
3 0.503125 0.25234375 0.084375 0.071875
1 0.39375 0.48984375 0.0375 0.0203125
1 0.93515625 0.434375 0.0375 0.0171875
1 0.375 0.46171875 0.0375 0.01875
1 0.27265625 0.51171875 0.0390625 0.0203125
1 0.8078125 0.5859375 0.040625 0.025
1 0.325 0.45078125 0.0375 0.01875
1 0.94765625 0.4984375 0.040625 0.0234375
1 0.05078125 0.39375 0.0375 0.01875
1 0.66171875 0.3984375 0.0359375 0.015625
1 0.41875 0.6 0.0421875 0.025
1 0.57265625 0.51015625 0.0390625 0.0203125
1 0.115625 0.384375 0.0375 0.01875
1 0.7421875 0.54609375 0.0390625 0.0203125
1 0.9296875 0.5625 0.0390625 0.01875
1 0.190625 0.57421875 0.0421875 0.0234375
1 0.24921875 0.89453125 0.0375 0.0203125
4 0.52890625 0.3609375 0.0890625 0.071875
1 0.40390625 0.45625 0.0375 0.01875
3 0.19453125 0.84453125 0.0984375 0.0609375
1 0.31015625 0.44765625 0.0375 0.0171875
1 0.94921875 0.43984375 0.0375 0.01875
1 0.26796875 0.49140625 0.0390625 0.0203125
1 0.73125 0.909375 0.0390625 0.0203125
1 0.9203125 0.54921875 0.040625 0.0203125
1 0.17734375 0.63125 0.0421875 0.0234375
1 0.915625 0.315625 0.034375 0.0140625
1 0.8859375 0.440625 0.0375 0.0171875
1 0.390625 0.34765625 0.0359375 0.015625
1 0.634375 0.39453125 0.0359375 0.0140625
1 0.540625 0.51640625 0.0390625 0.0203125
1 0.3625 0.34921875 0.0359375 0.015625
1 0.70625 0.46953125 0.0375 0.01875
1 0.14765625 0.32734375 0.0359375 0.015625
1 0.7015625 0.43046875 0.0375 0.0171875
1 0.28515625 0.4515625 0.0375 0.0171875
1 0.6265625 0.35 0.0359375 0.015625
1 0.42265625 0.3765625 0.0359375 0.015625
1 0.43828125 0.5359375 0.0390625 0.0203125
1 0.45546875 0.55859375 0.0390625 0.021875
1 0.44140625 0.64140625 0.040625 0.0171875
1 0.59921875 0.465625 0.0359375 0.0171875
1 0.21015625 0.59921875 0.0390625 0.0203125
1 0.18203125 0.9046875 0.0390625 0.021875
1 0.5984375 0.4359375 0.0359375 0.015625
1 0.3890625 0.4203125 0.0375 0.0171875
1 0.640625 0.275 0.034375 0.0125
1 0.6859375 0.88671875 0.0359375 0.015625
1 0.68515625 0.4875 0.0375 0.015625
1 0.44765625 0.37890625 0.0375 0.0140625
1 0.42734375 0.51796875 0.0390625 0.0203125
1 0.2625 0.5375 0.0390625 0.0234375
1 0.81484375 0.946875 0.0421875 0.025
1 0.88125 0.95546875 0.040625 0.0203125
1 0.4515625 0.39375 0.0359375 0.0125
1 0.5625 0.43125 0.0375 0.0171875
1 0.56171875 0.9015625 0.0390625 0.0171875
1 0.58515625 0.32734375 0.0359375 0.015625
1 0.646875 0.36328125 0.0359375 0.015625
1 0.87890625 0.9296875 0.0390625 0.021875
1 0.10078125 0.3328125 0.0359375 0.015625
1 0.353125 0.4546875 0.0375 0.01875
1 0.9234375 0.3828125 0.0359375 0.015625
1 0.8984375 0.34375 0.0375 0.015625
1 0.81875 0.91953125 0.0390625 0.0203125
1 0.68203125 0.35625 0.0359375 0.0140625
1 0.98984375 0.44296875 0.0203125 0.0171875
1 0.45234375 0.31875 0.0359375 0.015625
1 0.57109375 0.46171875 0.0390625 0.0203125
1 0.13125 0.8671875 0.034375 0.0125
1 0.57734375 0.49140625 0.0375 0.01875
1 0.5265625 0.303125 0.034375 0.0140625
1 0.55234375 0.509375 0.0390625 0.0203125
1 0.715625 0.44375 0.0375 0.01875
1 0.6828125 0.503125 0.0390625 0.01875
1 0.40625 0.353125 0.034375 0.0140625
1 0.43828125 0.34609375 0.0359375 0.015625
1 0.4625 0.35546875 0.0359375 0.0125
1 0.209375 0.93984375 0.04375 0.03125
1 0.31171875 0.375 0.0375 0.01875
1 0.48125 0.47109375 0.0375 0.0171875
1 0.01328125 0.34921875 0.0265625 0.0171875
1 0.58203125 0.58359375 0.0390625 0.0234375
1 0.5859375 0.39921875 0.0375 0.015625
1 0.5703125 0.4046875 0.0359375 0.015625
1 0.39921875 0.271875 0.034375 0.0125
1 0.471875 0.4296875 0.0375 0.0171875
1 0.3625 0.43515625 0.0375 0.0171875
1 0.5015625 0.32890625 0.034375 0.0140625
1 0.4515625 0.2953125 0.0359375 0.0140625
1 0.24296875 0.8625 0.0328125 0.0125
1 0.6859375 0.39296875 0.0359375 0.015625
1 0.62109375 0.3078125 0.0359375 0.0140625
1 0.4140625 0.296875 0.0359375 0.0140625
1 0.11484375 0.325 0.0359375 0.0140625
1 0.9890625 0.4796875 0.021875 0.01875
1 0.4828125 0.36640625 0.0359375 0.015625
1 0.30625 0.42890625 0.0375 0.0171875
1 0.3890625 0.33046875 0.0359375 0.015625
1 0.3140625 0.334375 0.0359375 0.0140625
1 0.37734375 0.271875 0.034375 0.0125
1 0.053125 0.3390625 0.034375 0.0140625
1 0.38125 0.40078125 0.0359375 0.015625
1 0.11015625 0.878125 0.0359375 0.0171875
1 0.60078125 0.42265625 0.034375 0.0125
1 0.83046875 0.33046875 0.0375 0.0140625
1 0.28125 0.43671875 0.034375 0.0140625
1 0.51328125 0.28984375 0.034375 0.0140625
1 0.70078125 0.88984375 0.0359375 0.015625
1 0.16015625 0.875 0.0359375 0.015625
1 0.40234375 0.38359375 0.0375 0.015625
1 0.3546875 0.41484375 0.034375 0.0171875
1 0.33984375 0.42734375 0.0375 0.0171875
1 0.30234375 0.32734375 0.0375 0.0171875
1 0.3390625 0.39140625 0.0390625 0.0203125
1 0.37578125 0.4296875 0.0359375 0.01875
1 0.5421875 0.29296875 0.0359375 0.0171875
1 0.51484375 0.47265625 0.0375 0.0171875
1 0.9328125 0.3828125 0.0375 0.015625
1 0.4703125 0.3890625 0.0375 0.0171875
1 0.85390625 0.3328125 0.0375 0.0140625
1 0.7953125 0.9078125 0.0421875 0.025
1 0.36328125 0.39140625 0.0359375 0.0171875
1 0.58515625 0.42578125 0.0359375 0.0171875
1 0.5 0.290625 0.034375 0.0140625
1 0.4109375 0.3375 0.0359375 0.0140625
1 0.453125 0.36640625 0.0359375 0.0125
1 0.38515625 0.640625 0.0359375 0.0171875
1 0.60859375 0.40625 0.0359375 0.0140625
1 0.3328125 0.36015625 0.0359375 0.015625
1 0.2 0.87578125 0.034375 0.0140625
1 0.521875 0.28671875 0.034375 0.015625
1 0.94296875 0.3984375 0.0375 0.0171875
1 0.59609375 0.36328125 0.0359375 0.0140625
1 0.06640625 0.5203125 0.0375 0.015625
1 0.60234375 0.32890625 0.0359375 0.015625
1 0.5328125 0.48671875 0.0375 0.0171875
1 0.88125 0.32734375 0.0359375 0.0140625
1 0.696875 0.32578125 0.0359375 0.0140625
1 0.7 0.49609375 0.0390625 0.0203125
1 0.50625 0.459375 0.0375 0.0171875
1 0.4703125 0.53828125 0.0390625 0.0203125
1 0.61796875 0.4015625 0.034375 0.0140625
1 0.6234375 0.440625 0.0390625 0.0203125
1 0.58671875 0.30078125 0.0359375 0.0140625
1 0.5828125 0.2859375 0.034375 0.0140625
1 0.4578125 0.4375 0.0375 0.015625
1 0.80703125 0.39921875 0.0359375 0.0171875
1 0.63125 0.3796875 0.0390625 0.015625
1 0.48515625 0.3890625 0.034375 0.0140625
1 0.84375 0.28515625 0.0359375 0.0140625
1 0.04296875 0.52421875 0.034375 0.0109375
1 0.4953125 0.4390625 0.0375 0.0171875
1 0.4640625 0.29296875 0.034375 0.0125
1 0.55859375 0.46171875 0.0375 0.0171875
1 0.5421875 0.4921875 0.0375 0.0171875
1 0.85546875 0.9953125 0.046875 0.009375
1 0.38671875 0.378125 0.0359375 0.0140625
1 0.5515625 0.41796875 0.0375 0.0171875
1 0.80703125 0.91796875 0.0375 0.0203125
1 0.56328125 0.33359375 0.0359375 0.0125
1 0.14453125 0.2515625 0.034375 0.0140625
1 0.3 0.44609375 0.0375 0.0171875
1 0.59609375 0.38203125 0.0390625 0.015625
1 0.95546875 0.3578125 0.0375 0.0171875
1 0.821875 0.86953125 0.0328125 0.0109375
1 0.5734375 0.440625 0.0375 0.0140625
1 0.3296875 0.42890625 0.0375 0.0171875
1 0.5515625 0.48046875 0.0375 0.0140625
1 0.69375 0.40703125 0.0359375 0.0171875
1 0.4234375 0.3453125 0.034375 0.0125
1 0.4484375 0.26015625 0.034375 0.0125
1 0.95390625 0.4 0.0375 0.015625
1 0.684375 0.31328125 0.0359375 0.015625
1 0.7 0.9109375 0.0390625 0.0125
1 0.85546875 0.903125 0.0328125 0.0125
0 0.03359375 0.96875 0.046875 0.03125
1 0.53203125 0.465625 0.0375 0.015625
1 0.53046875 0.4390625 0.0375 0.0140625
1 0.4609375 0.4859375 0.0359375 0.0171875
1 0.32421875 0.3609375 0.0359375 0.015625
1 0.60859375 0.39375 0.0359375 0.0125
1 0.92109375 0.896875 0.0375 0.0140625
1 0.478125 0.55546875 0.034375 0.0140625
0 0.7421875 0.98671875 0.0484375 0.0265625
1 0.40234375 0.253125 0.034375 0.0125
1 0.4796875 0.4453125 0.0359375 0.0140625
1 0.4671875 0.3296875 0.034375 0.0125
1 0.540625 0.46796875 0.0375 0.015625
1 0.575 0.4265625 0.0375 0.0171875
1 0.5546875 0.87578125 0.034375 0.0125
1 0.5671875 0.275 0.0375 0.015625
1 0.46640625 0.46796875 0.0359375 0.015625
1 0.46015625 0.34453125 0.0359375 0.0125
1 0.83671875 0.88671875 0.0359375 0.0140625
1 0.265625 0.8625 0.034375 0.0125
1 0.86796875 0.90703125 0.0359375 0.015625
1 0.346875 0.359375 0.0375 0.015625
1 0.61484375 0.33984375 0.0359375 0.0140625
1 0.56640625 0.39140625 0.0375 0.015625
1 0.55234375 0.28828125 0.034375 0.015625
1 0.31796875 0.4234375 0.0375 0.015625
1 0.1140625 0.853125 0.034375 0.0109375
1 0.4515625 0.42578125 0.0375 0.0171875
1 0.4609375 0.3875 0.0359375 0.015625
1 0.61328125 0.36484375 0.0359375 0.015625
1 0.3234375 0.29296875 0.034375 0.0125
1 0.128125 0.25 0.0359375 0.0125
3 0.0953125 0.5015625 0.125 0.1390625
1 0.325 0.38359375 0.0375 0.0125
1 0.54921875 0.271875 0.034375 0.0140625
1 0.49296875 0.28828125 0.034375 0.0140625
1 0.29921875 0.39765625 0.0359375 0.015625
1 0.915625 0.94453125 0.0390625 0.0203125
1 0.59375 0.25859375 0.034375 0.0109375
1 0.4125 0.36953125 0.0359375 0.0125
1 0.5546875 0.32578125 0.0359375 0.0140625
1 0.928125 0.91953125 0.0375 0.0171875
1 0.69296875 0.8890625 0.0359375 0.0171875
1 0.0828125 0.59375 0.0375 0.0140625
1 0.4640625 0.25625 0.034375 0.0125
1 0.540625 0.42265625 0.0375 0.015625
1 0.6203125 0.3859375 0.0359375 0.0140625
1 0.71875 0.32421875 0.0375 0.015625
1 0.80703125 0.9890625 0.046875 0.021875
1 0.48125 0.4046875 0.0359375 0.015625
1 0.10859375 0.30546875 0.0359375 0.0125
1 0.25703125 0.9828125 0.0421875 0.0171875
1 0.91875 0.91171875 0.0359375 0.0109375
1 0.99140625 0.4109375 0.0171875 0.0125
1 0.05078125 0.325 0.0359375 0.015625
1 0.57734375 0.2703125 0.0359375 0.0140625
1 0.540625 0.271875 0.0359375 0.0140625
1 0.58671875 0.87421875 0.0375 0.0109375
1 0.540625 0.45078125 0.0375 0.0140625
1 0.63984375 0.86953125 0.0421875 0.0296875
1 0.03046875 0.33203125 0.0375 0.0140625
1 0.459375 0.30390625 0.0359375 0.0125
1 0.05625 0.97265625 0.0484375 0.025
1 0.915625 0.8859375 0.0328125 0.0125
1 0.5765625 0.3890625 0.0375 0.0171875
1 0.33046875 0.8609375 0.0328125 0.009375
1 0.0984375 0.28671875 0.0359375 0.0125
1 0.31171875 0.3078125 0.0375 0.015625
1 0.4953125 0.4203125 0.0375 0.015625
1 0.5046875 0.4203125 0.0359375 0.015625
1 0.51953125 0.4453125 0.0375 0.0125
1 0.02109375 0.334375 0.0375 0.015625
1 0.525 0.8609375 0.0375 0.01875
1 0.58046875 0.353125 0.0375 0.0109375
1 0.32734375 0.39453125 0.0375 0.015625
1 0.5296875 0.2703125 0.0359375 0.0140625
1 0.47109375 0.315625 0.0359375 0.0125
1 0.48359375 0.33125 0.0375 0.015625
1 0.51484375 0.42734375 0.0390625 0.015625
1 0.92421875 0.3640625 0.0359375 0.015625
1 0.915625 0.36640625 0.0390625 0.0140625