4 0.35 0.29296875 0.0765625 0.0875
0 0.2359375 0.2015625 0.0109375 0.01875
0 0.1828125 0.13671875 0.0125 0.021875
0 0.15859375 0.07265625 0.0125 0.021875
0 0.02890625 0.28828125 0.0140625 0.0203125
0 0.05234375 0.2546875 0.0140625 0.0234375
0 0.15703125 0.03828125 0.0125 0.021875
1 0.63359375 0.4265625 0.0125 0.0171875
2 0.765625 0.221875 0.096875 0.0609375
3 0.7203125 0.85625 0.0640625 0.05
0 0.78203125 0.23203125 0.009375 0.01875
0 0.09140625 0.1375 0.0140625 0.0234375
1 0.6078125 0.59140625 0.0125 0.025
0 0.2234375 0.16484375 0.0125 0.0203125
0 0.753125 0.23671875 0.009375 0.0171875
1 0.71171875 0.5 0.0109375 0.0203125
0 0.19921875 0.10390625 0.0125 0.0171875
1 0.621875 0.4078125 0.009375 0.0171875
1 0.6203125 0.44453125 0.0109375 0.0171875
0 0.20703125 0.80859375 0.0078125 0.0140625
1 0.56953125 0.40625 0.009375 0.01875
0 0.78359375 0.23828125 0.0109375 0.021875
1 0.9 0.2921875 0.0078125 0.0140625
1 0.98984375 0.4515625 0.0125 0.0171875
1 0.534375 0.33828125 0.0078125 0.0140625
1 0.71171875 0.46328125 0.0109375 0.0171875
1 0.64921875 0.42890625 0.0125 0.0171875
1 0.27265625 0.54609375 0.0125 0.021875
1 0.9109375 0.396875 0.0109375 0.0203125
1 0.46015625 0.26640625 0.0078125 0.0140625
1 0.57578125 0.35390625 0.009375 0.0171875
4 0.03046875 0.46015625 0.0609375 0.1296875
1 0.11484375 0.325 0.0078125 0.0140625
1 0.76953125 0.9296875 0.015625 0.0234375
1 0.9421875 0.359375 0.009375 0.015625
1 0.7109375 0.440625 0.0109375 0.0171875
1 0.87578125 0.3078125 0.0078125 0.0140625
1 0.53359375 0.35703125 0.0078125 0.015625
1 0.378125 0.34453125 0.0078125 0.0140625
1 0.60234375 0.3578125 0.009375 0.0140625
1 0.61015625 0.50703125 0.0125 0.021875
1 0.32265625 0.37734375 0.009375 0.0171875
1 0.575 0.33125 0.009375 0.0140625
4 0.17734375 0.4296875 0.0828125 0.115625
1 0.4484375 0.3671875 0.0078125 0.015625
1 0.1734375 0.34296875 0.009375 0.015625
1 0.6671875 0.44765625 0.0109375 0.01875
1 0.321875 0.36171875 0.0078125 0.0125
1 0.4234375 0.85546875 0.0046875 0.0140625
0 0.25546875 0.71953125 0.015625 0.0328125
1 0.90390625 0.53203125 0.0109375 0.0203125
1 0.696875 0.42890625 0.009375 0.01875
1 0.8171875 0.30625 0.003125 0.0078125
1 0.97265625 0.45078125 0.0125 0.0171875
1 0.76875 0.90546875 0.0109375 0.0171875
1 0.671875 0.32265625 0.0078125 0.015625
1 0.59375 0.43203125 0.009375 0.0171875
1 0.4375 0.35 0.0078125 0.015625
1 0.303125 0.33515625 0.009375 0.015625
1 0.58671875 0.36875 0.009375 0.0140625
1 0.9046875 0.52578125 0.0125 0.021875
1 0.68203125 0.50703125 0.0109375 0.0203125
0 0.271875 0.1734375 0.009375 0.0140625
1 0.590625 0.3234375 0.009375 0.0140625
1 0.525 0.32109375 0.009375 0.0203125
1 0.80078125 0.38359375 0.0140625 0.0203125
1 0.40703125 0.35078125 0.0078125 0.015625
1 0.6234375 0.55 0.0140625 0.0234375
1 0.44921875 0.50234375 0.0109375 0.0203125
3 0.846875 0.27265625 0.0515625 0.071875
1 0.728125 0.909375 0.0125 0.021875
0 0.1546875 0.0765625 0.0109375 0.0203125
1 0.62265625 0.3859375 0.009375 0.0140625
1 0.8796875 0.88828125 0.00625 0.0125
1 0.54296875 0.34375 0.00625 0.0109375
1 0.41171875 0.25546875 0.0078125 0.0140625
1 0.928125 0.31875 0.0078125 0.0140625
1 0.68046875 0.46171875 0.0109375 0.0203125
1 0.60859375 0.39453125 0.0109375 0.015625
1 0.421875 0.42109375 0.009375 0.01875
1 0.33046875 0.5765625 0.0125 0.021875
1 0.040625 0.91484375 0.0125 0.0203125
1 0.603125 0.31015625 0.0078125 0.015625
1 0.75703125 0.9375 0.0171875 0.0296875
1 0.78125 0.8828125 0.0078125 0.0109375
1 0.459375 0.553125 0.0140625 0.0234375
1 0.57890625 0.39453125 0.009375 0.0140625
1 0.94453125 0.36015625 0.0046875 0.015625
1 0.43046875 0.25625 0.0078125 0.0140625
1 0.5953125 0.39375 0.009375 0.0140625
1 0.70625 0.4984375 0.00625 0.0171875
1 0.45234375 0.2640625 0.00625 0.0125
1 0.909375 0.39140625 0.0109375 0.0171875
1 0.6171875 0.346875 0.0109375 0.0140625
1 0.06171875 0.9125 0.0125 0.021875
1 0.13125 0.9390625 0.0171875 0.03125
1 0.68671875 0.4046875 0.009375 0.0140625
1 0.2953125 0.5828125 0.0140625 0.025
1 0.95234375 0.4390625 0.0109375 0.01875
1 0.46484375 0.3984375 0.0109375 0.0171875
1 0.634375 0.3390625 0.009375 0.0140625
1 0.4015625 0.8984375 0.0109375 0.0171875
1 0.7015625 0.4703125 0.0109375 0.015625
1 0.5515625 0.43828125 0.0109375 0.0171875
1 0.484375 0.446875 0.0109375 0.01875
1 0.0796875 0.86015625 0.00625 0.0125
1 0.8578125 0.8984375 0.009375 0.0171875
1 0.5703125 0.38671875 0.009375 0.01875
1 0.615625 0.4296875 0.0109375 0.0140625
1 0.15703125 0.30859375 0.0109375 0.015625
1 0.60234375 0.41015625 0.0109375 0.0171875
1 0.70703125 0.32734375 0.0109375 0.015625
1 0.9390625 0.31796875 0.0109375 0.015625
1 0.66875 0.39921875 0.0078125 0.0125
1 0.41953125 0.47734375 0.0109375 0.0171875
1 0.7234375 0.4546875 0.0125 0.0171875
1 0.65234375 0.34765625 0.0109375 0.0109375
1 0.60625 0.2765625 0.0078125 0.0125
1 0.87890625 0.284375 0.0078125 0.0125
1 0.525 0.2640625 0.00625 0.0125
1 0.43203125 0.32890625 0.0109375 0.0140625
1 0.60390625 0.38046875 0.009375 0.0140625
1 0.4546875 0.38515625 0.0109375 0.015625
1 0.096875 0.29375 0.0046875 0.0140625
1 0.4109375 0.465625 0.0078125 0.015625
1 0.33515625 0.3640625 0.0109375 0.009375
1 0.69765625 0.37890625 0.00625 0.0109375
1 0.4890625 0.29765625 0.00625 0.015625
1 0.57890625 0.3828125 0.0109375 0.0140625
1 0.57265625 0.3171875 0.009375 0.0125
1 0.58515625 0.46171875 0.0078125 0.0140625
1 0.70625 0.4109375 0.009375 0.0140625
1 0.49453125 0.29296875 0.0109375 0.0140625
1 0.99765625 0.3890625 0.0046875 0.015625
1 0.865625 0.87734375 0.0078125 0.0109375
1 0.3328125 0.37890625 0.009375 0.0171875
1 0.5171875 0.26015625 0.009375 0.0125
0 0.0125 0.36328125 0.0140625 0.0234375
1 0.409375 0.4640625 0.009375 0.01875
1 0.521875 0.853125 0.0078125 0.0125
1 0.553125 0.29921875 0.009375 0.0171875
1 0.66640625 0.37421875 0.009375 0.0125
4 0.3453125 0.85078125 0.096875 0.1171875
0 0.3328125 0.70234375 0.0078125 0.0140625
1 0.7953125 0.88046875 0.00625 0.0109375
0 0.2015625 0.10703125 0.009375 0.0140625
1 0.06640625 0.93046875 0.0109375 0.0140625
1 0.3125 0.6375 0.0109375 0.0140625
1 0.20234375 0.30390625 0.0109375 0.01875
1 0.7984375 0.93828125 0.015625 0.025
0 0.32109375 0.7 0.0078125 0.015625
1 0.70390625 0.29921875 0.0078125 0.0171875
1 0.6390625 0.3859375 0.0109375 0.0140625
1 0.525 0.890625 0.0046875 0.00625
1 0.60625 0.26328125 0.0078125 0.0125
1 0.10546875 0.30859375 0.009375 0.015625
1 0.65234375 0.36328125 0.0109375 0.0140625
1 0.09453125 0.853125 0.0078125 0.0125
1 0.82109375 0.30078125 0.0109375 0.0125
1 0.875 0.27421875 0.0078125 0.0109375
2 0.24765625 0.20390625 0.0875 0.071875
1 0.06953125 0.3125 0.009375 0.015625
1 0.7890625 0.6421875 0.009375 0.015625
1 0.63828125 0.3734375 0.0109375 0.0125
3 0.81796875 0.8609375 0.0578125 0.0578125
4 0.215625 0.90390625 0.15 0.1640625