2 0.2140625 0.23984375 0.13125 0.06875
4 0.87265625 0.29453125 0.1109375 0.0984375
4 0.5828125 0.25703125 0.10625 0.084375
4 0.34609375 0.8828125 0.13125 0.09375
4 0.83125 0.83671875 0.109375 0.0828125
3 0.28671875 0.87734375 0.0984375 0.0734375
1 0.55703125 0.4875 0.0515625 0.0203125
1 0.8484375 0.41171875 0.05 0.0171875
4 0.14140625 0.4609375 0.13125 0.1140625
1 0.82109375 0.41171875 0.0515625 0.01875
1 0.08515625 0.55546875 0.0515625 0.0203125
1 0.93203125 0.34453125 0.0484375 0.015625
1 0.6953125 0.47890625 0.05 0.0203125
0 0.8734375 0.68046875 0.059375 0.0328125
1 0.47265625 0.4109375 0.05 0.01875
1 0.05078125 0.4796875 0.05 0.0171875
1 0.11796875 0.40078125 0.0484375 0.0140625
1 0.06640625 0.45390625 0.0484375 0.015625
1 0.5578125 0.346875 0.0484375 0.0140625
1 0.01484375 0.49296875 0.0296875 0.0171875
1 0.15390625 0.6234375 0.0515625 0.021875
1 0.4796875 0.34765625 0.0484375 0.0140625
1 0.7140625 0.50078125 0.0515625 0.0203125
3 0.82890625 0.24140625 0.103125 0.0890625
1 0.0734375 0.4765625 0.05 0.015625
0 0.74765625 0.1046875 0.0515625 0.01875
1 0.0234375 0.4625 0.046875 0.015625
0 0.7875 0.01171875 0.05 0.0171875
3 0.921875 0.8609375 0.15625 0.140625
1 0.321875 0.28828125 0.046875 0.0125
1 0.32578125 0.3046875 0.046875 0.0125
2 0.7265625 0.1875 0.1328125 0.065625
1 0.10703125 0.3734375 0.046875 0.0125
0 0.73984375 0.18984375 0.0484375 0.0140625
1 0.96171875 0.375 0.05 0.015625
1 0.70234375 0.50234375 0.0515625 0.0203125
0 0.8078125 0.09140625 0.0515625 0.01875
1 0.7984375 0.3796875 0.05 0.01875
1 0.65390625 0.3265625 0.046875 0.0125
1 0.29609375 0.4140625 0.0484375 0.015625
1 0.96796875 0.58828125 0.0515625 0.015625
1 0.64453125 0.89375 0.0484375 0.0125
1 0.97734375 0.35 0.0453125 0.015625
1 0.3171875 0.37265625 0.0484375 0.015625
0 0.7484375 0.2046875 0.05 0.015625
1 0.23125 0.94375 0.053125 0.0203125
1 0.3734375 0.278125 0.046875 0.0125
1 0.43359375 0.378125 0.046875 0.015625
1 0.03671875 0.45546875 0.0515625 0.0203125
1 0.1921875 0.9578125 0.053125 0.0234375
0 0.753125 0.12734375 0.0515625 0.01875
1 0.2171875 0.93203125 0.0515625 0.01875
1 0.4234375 0.390625 0.046875 0.015625
1 0.734375 0.46875 0.05 0.01875
1 0.6890625 0.37421875 0.0484375 0.015625
1 0.340625 0.33203125 0.046875 0.0109375
1 0.69296875 0.3984375 0.0484375 0.0171875
1 0.66640625 0.88359375 0.0484375 0.0140625
1 0.73828125 0.86484375 0.046875 0.0140625
1 0.3515625 0.30546875 0.0484375 0.0140625
1 0.79296875 0.27734375 0.0453125 0.0125
1 0.97890625 0.9359375 0.0421875 0.034375
1 0.85703125 0.60390625 0.053125 0.0203125
1 0.6859375 0.875 0.0484375 0.015625
0 0.7703125 0.09609375 0.05 0.01875
1 0.09921875 0.3390625 0.046875 0.0125
1 0.41328125 0.36484375 0.0484375 0.015625
1 0.2796875 0.92734375 0.0515625 0.0203125
1 0.746875 0.85390625 0.046875 0.0109375
1 0.6703125 0.33828125 0.0453125 0.0125
1 0.08359375 0.35703125 0.0484375 0.0125
0 0.17109375 0.83984375 0.0546875 0.0234375
1 0.07578125 0.4203125 0.0484375 0.0140625
0 0.84453125 0.78046875 0.0484375 0.015625
1 0.63984375 0.30078125 0.046875 0.0125
1 0.97421875 0.3640625 0.05 0.015625
0 0.21171875 0.83828125 0.05 0.021875
1 0.49765625 0.25625 0.0453125 0.0109375
1 0.81953125 0.271875 0.0484375 0.0125
1 0.62734375 0.28125 0.046875 0.0125
1 0.86015625 0.90390625 0.053125 0.0234375
0 0.6984375 0.17578125 0.0484375 0.0140625
0 0.8015625 0.01171875 0.053125 0.01875
1 0.3515625 0.27421875 0.0453125 0.009375
1 0.24921875 0.9140625 0.05 0.01875
1 0.61171875 0.27109375 0.0453125 0.0109375
1 0.63359375 0.2734375 0.046875 0.009375
1 0.14375 0.31328125 0.046875 0.0125
1 0.6703125 0.37109375 0.0484375 0.015625
1 0.4640625 0.26953125 0.0453125 0.0125
0 0.82265625 0.10546875 0.0484375 0.0140625
1 0.41640625 0.27578125 0.046875 0.0109375
0 0.13046875 0.83671875 0.0484375 0.0171875
1 0.5484375 0.32734375 0.0484375 0.0140625
0 0.82734375 0.7234375 0.05 0.0203125
0 0.6203125 0.6953125 0.0484375 0.015625
1 0.4859375 0.26015625 0.046875 0.0109375
1 0.425 0.275 0.0453125 0.0109375
1 0.309375 0.37421875 0.046875 0.0171875
1 0.9671875 0.34921875 0.05 0.015625
1 0.80859375 0.26875 0.046875 0.0140625
1 0.43203125 0.26171875 0.046875 0.009375
1 0.22109375 0.903125 0.0484375 0.015625
1 0.95859375 0.34140625 0.0484375 0.015625
1 0.39609375 0.26796875 0.046875 0.0109375
1 0.06328125 0.39453125 0.05 0.01875
1 0.4703125 0.26640625 0.046875 0.0125
1 0.1640625 0.90625 0.0515625 0.021875
1 0.05390625 0.41171875 0.0484375 0.015625
1 0.01484375 0.45859375 0.0296875 0.0171875
1 0.3390625 0.315625 0.0453125 0.0109375
1 0.0109375 0.43828125 0.021875 0.0109375
1 0.1578125 0.30546875 0.0484375 0.0125
1 0.63984375 0.26015625 0.0453125 0.0109375
1 0.34765625 0.28984375 0.046875 0.009375
0 0.18359375 0.79921875 0.0515625 0.0203125
1 0.77421875 0.84921875 0.0453125 0.009375
1 0.58515625 0.86953125 0.046875 0.0109375
1 0.98359375 0.396875 0.0328125 0.0125
1 0.06796875 0.375 0.046875 0.0125
1 0.08203125 0.33515625 0.0484375 0.0109375
1 0.53203125 0.253125 0.0453125 0.0109375
1 0.08671875 0.31328125 0.0484375 0.0125
1 0.08515625 0.684375 0.0515625 0.0109375
1 0.09609375 0.31171875 0.0484375 0.0140625
1 0.05859375 0.30703125 0.0484375 0.0125
1 0.97734375 0.89765625 0.0453125 0.0234375
0 0.8140625 0.06015625 0.0515625 0.01875
1 0.26015625 0.91015625 0.05 0.015625
1 0.95625 0.35625 0.0484375 0.0140625
1 0.7890625 0.846875 0.0453125 0.0109375
1 0.09140625 0.33203125 0.0484375 0.0125
1 0.68046875 0.36015625 0.046875 0.0109375
1 0.93828125 0.28984375 0.0484375 0.0125
1 0.1421875 0.97421875 0.053125 0.0203125
1 0.55859375 0.328125 0.05 0.0140625
1 0.4265625 0.8609375 0.04375 0.0078125
1 0.16953125 0.434375 0.046875 0.0125
1 0.11015625 0.30703125 0.0484375 0.0140625
1 0.03046875 0.42265625 0.05 0.0140625
1 0.15234375 0.9703125 0.0515625 0.021875
1 0.5609375 0.865625 0.046875 0.009375
1 0.7609375 0.8453125 0.046875 0.009375
1 0.2 0.9 0.05 0.0171875
1 0.2796875 0.41328125 0.046875 0.0125
1 0.9828125 0.3828125 0.034375 0.0125
1 0.0109375 0.47421875 0.021875 0.0140625
1 0.18125 0.93515625 0.046875 0.015625
1 0.06796875 0.3515625 0.0484375 0.0125
1 0.04453125 0.35546875 0.05 0.0140625
1 0.0546875 0.39453125 0.046875 0.015625
1 0.5828125 0.8484375 0.0453125 0.0078125
1 0.94375 0.34765625 0.0484375 0.0140625
1 0.5859375 0.88125 0.046875 0.009375
1 0.41015625 0.2703125 0.046875 0.0109375
1 0.44765625 0.859375 0.046875 0.009375
1 0.86875 0.24609375 0.046875 0.0109375
0 0.80078125 0.02734375 0.0484375 0.0125
1 0.62890625 0.25234375 0.0484375 0.009375
1 0.85703125 0.8796875 0.05 0.0140625
0 0.82578125 0.0578125 0.0515625 0.01875
1 0.09296875 0.3 0.0484375 0.009375
1 0.63671875 0.2828125 0.046875 0.009375