4 0.88203125 0.4046875 0.08671875 0.0953125
3 0.1421875 0.30625 0.059375 0.0625
3 0.14921875 0.45625 0.09375 0.10859375
3 0.46796875 0.35390625 0.07265625 0.0828125
1 0.15546875 0.5671875 0.0140625 0.0234375
1 0.55625 0.4671875 0.0109375 0.01796875
1 0.671875 0.45546875 0.01015625 0.01875
1 0.70625 0.46640625 0.0109375 0.01875
1 0.65703125 0.5640625 0.01328125 0.02265625
1 0.75703125 0.5296875 0.0125 0.02109375
1 0.57578125 0.5328125 0.01171875 0.01796875
1 0.38671875 0.41875 0.01015625 0.015625
1 0.446875 0.44140625 0.009375 0.01640625
1 0.34609375 0.4328125 0.01015625 0.01796875
1 0.246875 0.44296875 0.01015625 0.01875
1 0.72734375 0.5734375 0.01328125 0.0234375
2 0.24921875 0.225 0.09140625 0.0484375
1 0.03125 0.4515625 0.01171875 0.0171875
1 0.6453125 0.44453125 0.009375 0.0171875
1 0.35859375 0.4140625 0.01015625 0.01796875
3 0.3796875 0.8578125 0.09921875 0.1
1 0.259375 0.58203125 0.0125 0.0171875
1 0.48515625 0.44765625 0.01015625 0.01796875
1 0.715625 0.440625 0.0109375 0.01640625
1 0.66015625 0.38046875 0.01015625 0.0171875
0 0.9828125 0.175 0.0171875 0.021875
0 0.778125 0.21171875 0.0109375 0.01875
1 0.91875 0.35859375 0.00859375 0.015625
1 0.371875 0.3890625 0.01015625 0.015625
1 0.08125 0.43671875 0.01015625 0.0171875
1 0.13203125 0.91796875 0.01484375 0.02578125
1 0.24609375 0.5296875 0.01171875 0.0203125
1 0.375 0.521875 0.0125 0.01953125
1 0.90625 0.896875 0.01328125 0.02109375
1 0.70625 0.59296875 0.0125 0.015625
1 0.8546875 0.92109375 0.015625 0.02578125
1 0.94140625 0.90234375 0.0125 0.02265625
1 0.50390625 0.39140625 0.0078125 0.01484375
1 0.54765625 0.35234375 0.00859375 0.0140625
1 0.5984375 0.47109375 0.0109375 0.01875
1 0.38671875 0.46171875 0.0109375 0.01953125
1 0.11015625 0.53671875 0.01015625 0.0171875
1 0.3296875 0.44296875 0.009375 0.0171875
1 0.509375 0.44921875 0.0109375 0.01796875
1 0.2234375 0.8859375 0.01015625 0.01953125
1 0.28046875 0.49921875 0.01015625 0.01640625
1 0.97734375 0.41875 0.0125 0.01796875
1 0.61953125 0.45703125 0.01171875 0.01640625
1 0.5828125 0.3984375 0.009375 0.01640625
1 0.71171875 0.33828125 0.009375 0.015625
1 0.88515625 0.33203125 0.00859375 0.0140625
1 0.87421875 0.346875 0.009375 0.015625
1 0.07265625 0.40234375 0.009375 0.01484375
1 0.54453125 0.43984375 0.01015625 0.015625
0 0.83515625 0.1265625 0.0125 0.01953125
1 0.18828125 0.896875 0.01171875 0.021875
1 0.3203125 0.5234375 0.01171875 0.021875
1 0.2328125 0.50078125 0.0109375 0.01796875
1 0.08515625 0.51171875 0.01171875 0.02109375
1 0.68125 0.58359375 0.01328125 0.02109375
1 0.4078125 0.4078125 0.009375 0.015625
0 0.66484375 0.75703125 0.01875 0.0328125
1 0.67421875 0.5453125 0.0125 0.021875
1 0.6296875 0.40546875 0.009375 0.01484375
1 0.3171875 0.32890625 0.009375 0.01484375
1 0.96015625 0.3953125 0.0109375 0.015625
1 0.40390625 0.51875 0.0109375 0.02109375
1 0.24375 0.89609375 0.01328125 0.02265625
1 0.0828125 0.92421875 0.01640625 0.028125
1 0.56953125 0.415625 0.009375 0.015625
1 0.56640625 0.49453125 0.009375 0.01796875
1 0.59765625 0.41953125 0.01015625 0.01328125
1 0.365625 0.55703125 0.0125 0.021875
0 0.82265625 0.18125 0.0109375 0.01875
4 0.765625 0.834375 0.046875 0.0515625
1 0.43671875 0.5796875 0.00859375 0.01796875
1 0.38828125 0.5421875 0.0125 0.02109375
1 0.06171875 0.45859375 0.0109375 0.01875
1 0.1890625 0.30390625 0.00703125 0.01171875
1 0.84296875 0.3796875 0.01171875 0.015625
1 0.86484375 0.896875 0.0125 0.01953125
1 0.61953125 0.415625 0.009375 0.015625
1 0.584375 0.5 0.0109375 0.02265625
1 0.5328125 0.42265625 0.009375 0.01484375
1 0.58046875 0.34375 0.0078125 0.0140625
0 0.99453125 0.209375 0.009375 0.021875
1 0.53359375 0.6328125 0.0140625 0.0234375
1 0.340625 0.53671875 0.0125 0.01953125
1 0.0578125 0.390625 0.009375 0.01484375
1 0.6953125 0.378125 0.01015625 0.015625
1 0.603125 0.36953125 0.009375 0.015625
1 0.3484375 0.51875 0.01171875 0.01484375
1 0.5953125 0.43671875 0.0109375 0.0171875
1 0.85625 0.30234375 0.0078125 0.0125
1 0.309375 0.42421875 0.01015625 0.0171875
1 0.54375 0.48046875 0.01015625 0.015625
0 0.95703125 0.1328125 0.015625 0.0234375
1 0.121875 0.33828125 0.0078125 0.01328125
1 0.01328125 0.5734375 0.0140625 0.02109375
1 0.6703125 0.5953125 0.01171875 0.01484375
1 0.94296875 0.3453125 0.009375 0.0140625
1 0.63046875 0.3859375 0.009375 0.0140625
1 0.53359375 0.4390625 0.01015625 0.01640625
0 0.78828125 0.175 0.01171875 0.0203125
1 0.55234375 0.42890625 0.009375 0.01640625
1 0.7390625 0.62109375 0.01328125 0.021875
1 0.8375 0.88984375 0.0109375 0.0203125
1 0.5734375 0.50703125 0.01171875 0.01796875
3 0.11640625 0.83125 0.04375 0.04609375
1 0.6625 0.403125 0.0109375 0.01484375
1 0.70390625 0.40390625 0.009375 0.0140625
1 0.953125 0.3515625 0.00859375 0.01328125
1 0.859375 0.3453125 0.01015625 0.0140625
1 0.81171875 0.62109375 0.01328125 0.0234375
1 0.51640625 0.33671875 0.0078125 0.0140625
1 0.4921875 0.42421875 0.009375 0.01484375
1 0.3828125 0.50703125 0.0109375 0.015625
1 0.60234375 0.34765625 0.0078125 0.01171875
1 0.6421875 0.35546875 0.00703125 0.01484375
1 0.8296875 0.33359375 0.009375 0.01640625
1 0.45 0.89609375 0.0109375 0.0203125
1 0.49921875 0.43515625 0.01015625 0.015625
1 0.09375 0.359375 0.0078125 0.0140625
1 0.6203125 0.39609375 0.009375 0.0125
1 0.3984375 0.89453125 0.01484375 0.02265625
1 0.1078125 0.33125 0.0078125 0.0140625
2 0.77265625 0.22421875 0.0875 0.05234375
1 0.5671875 0.33828125 0.0078125 0.01328125
0 0.8515625 0.13203125 0.0125 0.01796875
1 0.07109375 0.36796875 0.00859375 0.0125
0 0.7671875 0.16171875 0.01015625 0.01875
1 0.359375 0.31484375 0.00703125 0.01328125
1 0.6 0.4546875 0.01015625 0.01484375
1 0.68515625 0.63125 0.0140625 0.0234375
1 0.8359375 0.30078125 0.01015625 0.01328125
1 0.26171875 0.5203125 0.01171875 0.0203125
1 0.30625 0.40390625 0.01015625 0.01640625
1 0.99140625 0.37578125 0.01171875 0.0171875
1 0.83515625 0.36015625 0.00859375 0.015625
1 0.425 0.309375 0.00859375 0.01328125
1 0.1046875 0.91875 0.01796875 0.0265625
1 0.32734375 0.409375 0.009375 0.01640625
1 0.60546875 0.43046875 0.009375 0.0140625
1 0.7125 0.32109375 0.01015625 0.01484375
1 0.34375 0.31484375 0.00625 0.0125
1 0.66953125 0.39921875 0.00859375 0.01640625
1 0.99140625 0.35390625 0.0109375 0.0125
1 0.646875 0.3375 0.009375 0.015625
1 0.53984375 0.4953125 0.00859375 0.0125
1 0.865625 0.45625 0.00859375 0.01328125
1 0.53359375 0.30703125 0.00703125 0.0125
1 0.57734375 0.31796875 0.0078125 0.0125
1 0.9015625 0.8671875 0.0078125 0.0140625
1 0.365625 0.34921875 0.009375 0.0140625
1 0.9734375 0.36796875 0.009375 0.01328125
1 0.9453125 0.3328125 0.00859375 0.0125
1 0.91015625 0.3140625 0.00859375 0.0140625
1 0.35625 0.53984375 0.0125 0.015625
1 0.33984375 0.384375 0.00859375 0.0171875
1 0.45078125 0.40625 0.01015625 0.0140625
1 0.55546875 0.33203125 0.00703125 0.01171875
1 0.61796875 0.46796875 0.01015625 0.01015625
1 0.37265625 0.6296875 0.0125 0.021875
1 0.796875 0.84921875 0.009375 0.0140625
1 0.609375 0.4421875 0.01015625 0.0140625
1 0.6515625 0.3546875 0.0109375 0.0140625
1 0.92109375 0.8734375 0.01015625 0.0140625
1 0.2171875 0.83828125 0.00625 0.009375
1 0.0796875 0.39765625 0.0078125 0.0140625
1 0.55078125 0.88828125 0.01171875 0.02421875
1 0.6953125 0.43203125 0.009375 0.0140625
4 0.68984375 0.9109375 0.09453125 0.1703125
1 0.496875 0.31953125 0.01015625 0.01171875
1 0.6421875 0.378125 0.00859375 0.01484375
1 0.82890625 0.85546875 0.00625 0.01328125
1 0.1578125 0.87578125 0.00546875 0.0125
1 0.64921875 0.3046875 0.00859375 0.0125
1 0.428125 0.49296875 0.0078125 0.01484375
1 0.5640625 0.30859375 0.0078125 0.01328125
1 0.5484375 0.33828125 0.00859375 0.01328125
1 0.82734375 0.36484375 0.01015625 0.0140625
1 0.08359375 0.3453125 0.00859375 0.01171875
1 0.6203125 0.29765625 0.009375 0.01328125
1 0.7046875 0.440625 0.01171875 0.01640625
1 0.3984375 0.30390625 0.01015625 0.0125
1 0.6640625 0.29765625 0.00859375 0.01171875
1 0.10703125 0.86953125 0.009375 0.01484375
1 0.39296875 0.51328125 0.0109375 0.01640625
0 0.759375 0.2359375 0.009375 0.0171875
1 0.4015625 0.39453125 0.00859375 0.0125
1 0.95078125 0.94375 0.0125 0.0171875
1 0.840625 0.86171875 0.00859375 0.0140625
1 0.87578125 0.075 0.01171875 0.0203125
0 0.92578125 0.1171875 0.0140625 0.02265625
1 0.88515625 0.8453125 0.00703125 0.01171875
1 0.11640625 0.86953125 0.00859375 0.01484375
1 0.7796875 0.85703125 0.009375 0.015625
1 0.6953125 0.3953125 0.00859375 0.01328125
1 0.953125 0.98828125 0.01953125 0.021875
1 0.63203125 0.29921875 0.009375 0.0125
1 0.7703125 0.85625 0.00859375 0.0125
1 0.44921875 0.4265625 0.01015625 0.0140625
1 0.32890625 0.35625 0.00625 0.01171875
1 0.590625 0.3046875 0.00859375 0.0109375
1 0.53203125 0.8484375 0.0078125 0.0125
4 0.9921875 0.49453125 0.01484375 0.0828125
1 0.37421875 0.2984375 0.00859375 0.0125
1 0.92109375 0.8421875 0.009375 0.01484375
1 0.6875 0.4109375 0.00859375 0.01171875
1 0.44296875 0.3015625 0.00703125 0.01171875
1 0.0140625 0.4328125 0.00703125 0.01015625
1 0.43515625 0.30078125 0.00859375 0.0125
1 0.584375 0.309375 0.00625 0.0109375
1 0.67734375 0.29921875 0.00625 0.0109375
1 0.203125 0.84296875 0.00859375 0.01015625
1 0.26328125 0.9390625 0.01015625 0.02890625
1 0.31953125 0.4046875 0.00859375 0.01796875
1 0.540625 0.3 0.0078125 0.0109375
1 0.25546875 0.50703125 0.0078125 0.01328125
1 0.7140625 0.42265625 0.01015625 0.0140625
1 0.93125 0.87265625 0.0078125 0.0140625
1 0.003125 0.44609375 0.00625 0.0140625
1 0.56015625 0.8484375 0.00859375 0.0109375
1 0.43671875 0.84765625 0.009375 0.01328125
1 0.33125 0.38515625 0.009375 0.015625
1 0.553125 0.83515625 0.00703125 0.0109375