3 0.78515625 0.815625 0.0828125 0.05
3 0.4765625 0.33046875 0.1078125 0.0875
4 0.63046875 0.28828125 0.0984375 0.0765625
1 0.18046875 0.46171875 0.0453125 0.0171875
1 0.37265625 0.45859375 0.0453125 0.0171875
1 0.06015625 0.5046875 0.046875 0.0203125
1 0.46953125 0.46484375 0.046875 0.01875
1 0.93203125 0.43515625 0.046875 0.021875
1 0.59453125 0.5 0.046875 0.0234375
4 0.25625 0.83984375 0.0828125 0.0453125
1 0.78203125 0.56875 0.0484375 0.0234375
1 0.371875 0.5140625 0.046875 0.0234375
1 0.4015625 0.58046875 0.0484375 0.0265625
1 0.61328125 0.45625 0.046875 0.0203125
1 0.3546875 0.46484375 0.046875 0.0203125
1 0.66171875 0.86015625 0.0453125 0.0203125
1 0.3703125 0.428125 0.046875 0.01875
1 0.43203125 0.51015625 0.0453125 0.021875
1 0.4046875 0.484375 0.046875 0.0203125
1 0.30390625 0.43515625 0.0453125 0.0203125
1 0.67421875 0.409375 0.0453125 0.01875
1 0.52578125 0.45390625 0.0453125 0.01875
2 0.234375 0.240625 0.1265625 0.0515625
1 0.1515625 0.46953125 0.046875 0.0203125
1 0.33046875 0.44609375 0.0453125 0.0203125
1 0.025 0.44921875 0.0453125 0.01875
1 0.96171875 0.8796875 0.0484375 0.025
1 0.52734375 0.38125 0.04375 0.0171875
1 0.16015625 0.4203125 0.0453125 0.0171875
1 0.58671875 0.41328125 0.0453125 0.01875
1 0.28515625 0.88046875 0.04375 0.015625
1 0.89453125 0.42109375 0.046875 0.01875
1 0.76015625 0.83984375 0.0421875 0.015625
1 0.4984375 0.40625 0.04375 0.0171875
1 0.52578125 0.42421875 0.0453125 0.01875
1 0.39140625 0.43046875 0.0453125 0.0203125
1 0.3734375 0.88046875 0.046875 0.0203125
1 0.48984375 0.38203125 0.04375 0.015625
1 0.64296875 0.3796875 0.0453125 0.0171875
1 0.72421875 0.884375 0.0484375 0.021875
1 0.6640625 0.34140625 0.0453125 0.01875
1 0.4453125 0.484375 0.0453125 0.01875
1 0.9671875 0.3578125 0.046875 0.021875
1 0.4078125 0.459375 0.046875 0.0203125
1 0.81796875 0.62578125 0.0484375 0.0203125
2 0.75625 0.21015625 0.128125 0.059375
1 0.21953125 0.96953125 0.05625 0.0390625
1 0.878125 0.90078125 0.05 0.028125
1 0.30703125 0.9109375 0.05 0.01875
1 0.48671875 0.43671875 0.0453125 0.0203125
1 0.6125 0.36640625 0.04375 0.015625
1 0.56875 0.42578125 0.0453125 0.01875
1 0.7375 0.58203125 0.046875 0.015625
1 0.9375 0.88125 0.05 0.0265625
1 0.0921875 0.6671875 0.05 0.0234375
1 0.7 0.328125 0.04375 0.0171875
1 0.85078125 0.86484375 0.0484375 0.0234375
1 0.8421875 0.3921875 0.0453125 0.0203125
0 0.759375 0.19609375 0.046875 0.021875
1 0.546875 0.3265625 0.0421875 0.0140625
1 0.659375 0.55078125 0.0453125 0.0234375
1 0.5890625 0.35546875 0.04375 0.0171875
1 0.41171875 0.5171875 0.046875 0.021875
1 0.23203125 0.5984375 0.0453125 0.0171875
1 0.60703125 0.31875 0.04375 0.015625
1 0.4796875 0.36015625 0.04375 0.0171875
1 0.55859375 0.43671875 0.046875 0.0171875
1 0.34609375 0.38828125 0.0421875 0.015625
1 0.4390625 0.909375 0.0453125 0.0140625
1 0.621875 0.325 0.0421875 0.0140625
1 0.1640625 0.93828125 0.0484375 0.0265625
1 0.33984375 0.375 0.04375 0.0171875
1 0.3578125 0.8875 0.046875 0.021875
1 0.71875 0.87109375 0.0453125 0.0171875
1 0.403125 0.41328125 0.04375 0.015625
1 0.4734375 0.38671875 0.0453125 0.0171875
1 0.37578125 0.35234375 0.04375 0.0171875
1 0.37578125 0.41015625 0.04375 0.0171875
1 0.371875 0.44375 0.0453125 0.015625
1 0.45078125 0.39140625 0.0453125 0.0171875
1 0.47890625 0.64609375 0.046875 0.0171875
1 0.91328125 0.85546875 0.046875 0.0203125
1 0.29296875 0.35078125 0.04375 0.0171875
1 0.72734375 0.86015625 0.0453125 0.01875
1 0.36953125 0.4 0.04375 0.015625
1 0.8859375 0.87578125 0.046875 0.0203125
1 0.59375 0.315625 0.0421875 0.015625
1 0.9078125 0.87890625 0.0484375 0.021875
1 0.946875 0.38125 0.046875 0.021875
1 0.18046875 0.33046875 0.040625 0.0140625
1 0.86171875 0.8828125 0.05 0.0234375
1 0.64296875 0.3625 0.0453125 0.015625
1 0.5734375 0.3140625 0.04375 0.015625
1 0.72109375 0.56953125 0.04375 0.021875
1 0.94765625 0.32421875 0.04375 0.0171875
1 0.5546875 0.39453125 0.04375 0.015625
1 0.44453125 0.45390625 0.0453125 0.01875
1 0.54921875 0.42578125 0.0453125 0.01875
1 0.41484375 0.65 0.04375 0.015625
1 0.44296875 0.4078125 0.04375 0.0171875
1 0.88125 0.3015625 0.04375 0.015625
1 0.69140625 0.38125 0.0421875 0.015625
0 0.82109375 0.76328125 0.04375 0.0171875
1 0.5390625 0.34609375 0.04375 0.015625
1 0.31640625 0.34765625 0.0453125 0.0171875
1 0.03828125 0.6734375 0.0484375 0.015625
1 0.39609375 0.346875 0.0421875 0.015625
1 0.56796875 0.36171875 0.04375 0.015625
1 0.353125 0.37421875 0.04375 0.0171875
1 0.94453125 0.8609375 0.0453125 0.0171875
1 0.61796875 0.35 0.0421875 0.015625
1 0.640625 0.33125 0.04375 0.0140625
1 0.378125 0.3625 0.0421875 0.0125
1 0.46484375 0.43671875 0.0453125 0.01875
1 0.984375 0.34765625 0.03125 0.0171875
1 0.8328125 0.28203125 0.0421875 0.015625
1 0.4265625 0.3515625 0.04375 0.0171875
1 0.45859375 0.3796875 0.0453125 0.0171875
1 0.2203125 0.9953125 0.05625 0.009375
1 0.8796875 0.625 0.0484375 0.0171875
1 0.75703125 0.82890625 0.040625 0.0125
1 0.32890625 0.37265625 0.04375 0.0171875
1 0.840625 0.28359375 0.0421875 0.0140625
1 0.79453125 0.6234375 0.0515625 0.0234375
1 0.9015625 0.32890625 0.0453125 0.015625
1 0.45859375 0.44765625 0.046875 0.0171875
1 0.559375 0.37734375 0.0453125 0.0203125
1 0.1328125 0.32734375 0.0421875 0.015625
1 0.534375 0.30546875 0.0421875 0.0140625
1 0.5421875 0.37265625 0.0453125 0.0171875
1 0.43671875 0.3484375 0.0421875 0.015625
1 0.4265625 0.4390625 0.0453125 0.0140625
1 0.51875 0.321875 0.04375 0.015625
1 0.8953125 0.83984375 0.04375 0.015625
1 0.42421875 0.421875 0.0453125 0.0171875
1 0.72734375 0.8421875 0.04375 0.0125
1 0.359375 0.359375 0.0421875 0.0125
1 0.61015625 0.353125 0.04375 0.0125
1 0.6140625 0.3390625 0.04375 0.0140625
1 0.06484375 0.37890625 0.04375 0.015625
1 0.55625 0.35390625 0.0421875 0.0140625
4 0.740625 0.50390625 0.10625 0.1515625
1 0.178125 0.8578125 0.040625 0.0125
1 0.5515625 0.37421875 0.04375 0.0171875
1 0.88203125 0.28046875 0.046875 0.01875
1 0.1 0.353125 0.0421875 0.0140625
1 0.08046875 0.98125 0.05625 0.034375
1 0.58828125 0.84375 0.04375 0.0125
1 0.68046875 0.38671875 0.0453125 0.0171875
1 0.9296875 0.31171875 0.0453125 0.015625
1 0.9109375 0.8296875 0.04375 0.0140625
1 0.14765625 0.94765625 0.0515625 0.025
1 0.94609375 0.925 0.04375 0.0171875
1 0.43984375 0.38125 0.0453125 0.015625
1 0.434375 0.45234375 0.046875 0.01875
1 0.4375 0.4359375 0.04375 0.015625
1 0.975 0.96328125 0.05 0.0265625
0 0.40703125 0.99140625 0.0578125 0.0171875
1 0.790625 0.60234375 0.0484375 0.01875
1 0.0984375 0.97578125 0.0515625 0.025
1 0.40078125 0.3359375 0.04375 0.0140625
1 0.55078125 0.30546875 0.0421875 0.0140625
1 0.09921875 0.909375 0.0453125 0.021875
0 0.76484375 0.16640625 0.0421875 0.015625
1 0.546875 0.35234375 0.0453125 0.0171875
1 0.28515625 0.32578125 0.04375 0.0171875
1 0.4171875 0.375 0.0421875 0.0140625
1 0.01015625 0.46015625 0.0203125 0.0140625
1 0.56953125 0.84609375 0.04375 0.0125
1 0.70625 0.459375 0.0453125 0.0171875
1 0.46484375 0.42265625 0.0421875 0.0171875
1 0.96875 0.91875 0.046875 0.01875
1 0.9640625 0.32578125 0.04375 0.015625
1 0.45234375 0.36015625 0.0421875 0.0125
1 0.73828125 0.34765625 0.0484375 0.0265625
1 0.9734375 0.32890625 0.0453125 0.0171875
1 0.56484375 0.3046875 0.04375 0.015625
1 0.89609375 0.82421875 0.0421875 0.0125
1 0.65859375 0.3265625 0.0421875 0.0140625
1 0.55390625 0.4125 0.04375 0.015625
1 0.715625 0.41953125 0.04375 0.0171875
1 0.4078125 0.346875 0.0453125 0.015625
1 0.8078125 0.41484375 0.0421875 0.015625
1 0.43046875 0.39921875 0.0421875 0.0109375