3 0.38359375 0.33984375 0.0546875 0.0890625
1 0.01015625 0.45 0.0109375 0.01875
3 0.77109375 0.840625 0.05625 0.05625
1 0.6578125 0.45859375 0.0109375 0.01875
4 0.2171875 0.82734375 0.0515625 0.0625
4 0.17734375 0.34140625 0.0609375 0.0765625
1 0.3109375 0.42421875 0.009375 0.0171875
1 0.39765625 0.5015625 0.0125 0.0203125
1 0.9046875 0.453125 0.0109375 0.01875
1 0.79140625 0.58046875 0.0140625 0.021875
1 0.59375 0.54453125 0.0109375 0.0171875
1 0.4640625 0.39453125 0.009375 0.0171875
1 0.09765625 0.45703125 0.0125 0.01875
1 0.3265625 0.89375 0.0140625 0.01875
1 0.5734375 0.43125 0.0109375 0.0171875
1 0.825 0.46171875 0.0125 0.01875
1 0.08125 0.47734375 0.0125 0.0171875
1 0.50078125 0.3890625 0.009375 0.015625
1 0.60234375 0.8765625 0.0109375 0.01875
1 0.44375 0.49765625 0.0125 0.0203125
1 0.7015625 0.47421875 0.0109375 0.0203125
1 0.565625 0.5125 0.0125 0.021875
4 0.89296875 0.890625 0.09375 0.1375
1 0.71953125 0.51953125 0.0125 0.0203125
1 0.55078125 0.43359375 0.009375 0.0171875
1 0.56796875 0.4046875 0.009375 0.015625
1 0.559375 0.8953125 0.0125 0.0203125
1 0.6578125 0.60234375 0.0125 0.015625
1 0.13359375 0.890625 0.015625 0.025
2 0.2578125 0.2171875 0.09375 0.05
1 0.23671875 0.63515625 0.0140625 0.01875
1 0.3015625 0.88828125 0.0125 0.021875
1 0.125 0.4296875 0.0125 0.0203125
1 0.4859375 0.44296875 0.0109375 0.0171875
1 0.71015625 0.55703125 0.0140625 0.0234375
1 0.515625 0.45078125 0.0109375 0.01875
1 0.7140625 0.36171875 0.009375 0.015625
1 0.46015625 0.64140625 0.0140625 0.0171875
1 0.73515625 0.540625 0.0125 0.021875
1 0.65234375 0.40859375 0.0109375 0.0171875
1 0.27890625 0.53125 0.0125 0.021875
1 0.86171875 0.34453125 0.009375 0.0140625
1 0.053125 0.40234375 0.0109375 0.0171875
1 0.29453125 0.4328125 0.0109375 0.0171875
1 0.6484375 0.8921875 0.0125 0.0234375
1 0.7765625 0.59921875 0.0140625 0.0171875
1 0.11328125 0.36640625 0.0109375 0.0171875
2 0.78046875 0.23125 0.0890625 0.0578125
1 0.48515625 0.4171875 0.009375 0.015625
1 0.5078125 0.421875 0.009375 0.0171875
1 0.5390625 0.37265625 0.009375 0.0140625
1 0.8203125 0.421875 0.0109375 0.01875
1 0.4703125 0.4828125 0.0109375 0.015625
1 0.47890625 0.496875 0.0125 0.01875
1 0.4921875 0.3515625 0.0078125 0.0140625
1 0.540625 0.3984375 0.009375 0.0171875
4 0.84375 0.3046875 0.0390625 0.065625
1 0.47578125 0.3421875 0.0078125 0.0140625
1 0.80390625 0.86328125 0.0078125 0.0140625
1 0.471875 0.45390625 0.0109375 0.0171875
1 0.6375 0.36484375 0.009375 0.015625
1 0.7046875 0.4296875 0.0109375 0.0171875
1 0.615625 0.36953125 0.009375 0.0140625
0 0.80625 0.196875 0.0109375 0.0203125
4 0.8203125 0.83984375 0.0609375 0.059375
1 0.32734375 0.378125 0.009375 0.015625
1 0.5203125 0.40234375 0.009375 0.0140625
1 0.75703125 0.63125 0.0125 0.021875
1 0.246875 0.51015625 0.0109375 0.015625
1 0.5265625 0.33203125 0.0078125 0.0125
1 0.26328125 0.53359375 0.0140625 0.021875
1 0.5734375 0.37265625 0.009375 0.0140625
1 0.68203125 0.4234375 0.0109375 0.0171875
1 0.496875 0.42109375 0.009375 0.0171875
1 0.56171875 0.384375 0.009375 0.015625
1 0.19375 0.9125 0.015625 0.0265625
1 0.2875 0.46953125 0.0109375 0.01875
1 0.01953125 0.41171875 0.009375 0.0171875
1 0.46015625 0.45234375 0.0109375 0.0171875
1 0.69921875 0.89375 0.0109375 0.021875
1 0.43203125 0.46640625 0.0109375 0.0171875
1 0.47265625 0.43671875 0.0109375 0.015625
1 0.5578125 0.43359375 0.009375 0.0171875
1 0.67109375 0.42265625 0.009375 0.015625
1 0.6265625 0.42109375 0.0109375 0.0171875
1 0.840625 0.34921875 0.009375 0.015625
1 0.13125 0.3546875 0.0078125 0.0140625
1 0.6828125 0.3515625 0.009375 0.0140625
1 0.51484375 0.35078125 0.009375 0.0125
1 0.45078125 0.3703125 0.009375 0.015625
1 0.26875 0.875 0.0109375 0.0203125
1 0.66171875 0.8734375 0.0109375 0.0171875
1 0.58671875 0.42421875 0.0109375 0.015625
1 0.5609375 0.35859375 0.009375 0.0140625
1 0.68046875 0.3796875 0.009375 0.0140625
0 0.78359375 0.21328125 0.009375 0.0140625
1 0.60390625 0.36875 0.009375 0.0140625
1 0.615625 0.434375 0.0109375 0.015625
1 0.18359375 0.83984375 0.0078125 0.0140625
1 0.7078125 0.41171875 0.009375 0.0125
1 0.4890625 0.33515625 0.0078125 0.0140625
1 0.46484375 0.3171875 0.0078125 0.0125
1 0.25078125 0.53359375 0.0109375 0.021875
1 0.14765625 0.853125 0.009375 0.015625
1 0.77890625 0.6265625 0.0140625 0.0171875
1 0.90859375 0.31875 0.009375 0.0125
1 0.046875 0.93671875 0.01875 0.034375
1 0.1328125 0.8671875 0.009375 0.0171875
1 0.0828125 0.36796875 0.0109375 0.0171875
1 0.6203125 0.4015625 0.009375 0.0140625
1 0.61796875 0.38671875 0.009375 0.015625
1 0.0453125 0.97578125 0.01875 0.015625
1 0.1375 0.4234375 0.0109375 0.0171875
1 0.88671875 0.3171875 0.0078125 0.0125
1 0.44453125 0.4578125 0.0109375 0.01875
1 0.290625 0.85703125 0.0078125 0.0140625
1 0.6984375 0.403125 0.009375 0.01875
1 0.078125 0.8734375 0.0125 0.01875
1 0.9765625 0.38671875 0.0109375 0.0140625
1 0.434375 0.4515625 0.009375 0.0125
1 0.99765625 0.403125 0.0046875 0.015625
1 0.48671875 0.48125 0.0078125 0.0125
1 0.475 0.303125 0.009375 0.0125
1 0.43828125 0.36953125 0.009375 0.0140625
1 0.6625 0.36015625 0.009375 0.0125
1 0.03046875 0.4046875 0.009375 0.015625
1 0.1328125 0.3390625 0.0078125 0.009375
1 0.453125 0.440625 0.009375 0.015625
1 0.346875 0.3390625 0.0078125 0.0140625
1 0.17890625 0.8953125 0.0140625 0.025
1 0.8984375 0.31875 0.0078125 0.0125
1 0.65703125 0.3859375 0.0078125 0.0140625
1 0.9796875 0.4046875 0.0109375 0.015625
1 0.66875 0.34921875 0.009375 0.015625
1 0.4515625 0.30078125 0.0078125 0.0125
1 0.54921875 0.84296875 0.009375 0.0140625
1 0.73203125 0.63984375 0.0140625 0.025
1 0.45703125 0.6125 0.0125 0.01875
1 0.8625 0.33203125 0.009375 0.0125
1 0.58125 0.32265625 0.009375 0.0140625
1 0.61015625 0.33125 0.0078125 0.0140625
1 0.41484375 0.31484375 0.0078125 0.0125
1 0.44296875 0.85234375 0.00625 0.0109375
1 0.57734375 0.33984375 0.009375 0.0140625
1 0.440625 0.39375 0.009375 0.0109375
1 0.43125 0.29921875 0.009375 0.0125
1 0.815625 0.99453125 0.021875 0.0109375
1 0.5359375 0.31015625 0.009375 0.0171875
1 0.6671875 0.3890625 0.0109375 0.0203125
1 0.52265625 0.39140625 0.0109375 0.0140625
1 0.546875 0.321875 0.009375 0.0125
1 0.1546875 0.8296875 0.00625 0.0109375
1 0.1078125 0.34296875 0.0109375 0.0140625
1 0.5 0.37578125 0.009375 0.0109375
1 0.66640625 0.33125 0.0078125 0.015625
1 0.7265625 0.8328125 0.0078125 0.0125
1 0.4484375 0.40390625 0.0078125 0.0140625
1 0.9953125 0.38984375 0.009375 0.0140625
1 0.06171875 0.36953125 0.0109375 0.015625
1 0.79453125 0.60546875 0.0125 0.0140625
1 0.55546875 0.31171875 0.009375 0.0125
1 0.3609375 0.29765625 0.00625 0.009375
1 0.4046875 0.846875 0.0078125 0.0109375
1 0.1078125 0.86953125 0.0140625 0.01875
1 0.73515625 0.85078125 0.009375 0.0125
1 0.26328125 0.84296875 0.0109375 0.0125
1 0.71796875 0.33046875 0.009375 0.015625
1 0.671875 0.30546875 0.0078125 0.0125
1 0.9421875 0.34609375 0.0109375 0.015625
1 0.9078125 0.96171875 0.0078125 0.015625
1 0.51796875 0.8484375 0.0078125 0.0171875
3 0.08515625 0.54609375 0.103125 0.1359375
1 0.61953125 0.33828125 0.009375 0.015625
1 0.88125 0.63671875 0.015625 0.025
1 0.91953125 0.96171875 0.0078125 0.0171875
1 0.66015625 0.3046875 0.0078125 0.0125
1 0.11953125 0.853125 0.009375 0.0171875
1 0.34375 0.3546875 0.0109375 0.015625
1 0.134375 0.32890625 0.009375 0.0125
1 0.02421875 0.5640625 0.0078125 0.0140625
1 0.665625 0.37109375 0.009375 0.0140625
1 0.0453125 0.36484375 0.009375 0.0125
1 0.328125 0.36484375 0.009375 0.0125
1 0.5171875 0.33828125 0.009375 0.0140625
1 0.28046875 0.87578125 0.0140625 0.0234375
1 0.1171875 0.3421875 0.009375 0.0125
1 0.75703125 0.653125 0.0109375 0.0109375
1 0.50546875 0.29765625 0.009375 0.0125
1 0.8640625 0.315625 0.0078125 0.0125
1 0.63046875 0.33359375 0.0125 0.0140625
1 0.33515625 0.36640625 0.009375 0.0140625
1 0.459375 0.303125 0.0078125 0.0125
1 0.9875 0.38984375 0.0109375 0.0171875
1 0.08828125 0.359375 0.009375 0.0125
1 0.15625 0.296875 0.0078125 0.0109375
1 0.12265625 0.3265625 0.009375 0.0140625
1 0.5625 0.37421875 0.009375 0.0109375
1 0.40859375 0.30234375 0.0078125 0.0125
1 0.5421875 0.65 0.0078125 0.0109375
1 0.55546875 0.7953125 0.00625 0.0125
1 0.74296875 0.80234375 0.009375 0.015625
1 0.82890625 0.65390625 0.0140625 0.0171875
1 0.090625 0.96796875 0.0234375 0.0359375
1 0.40234375 0.64453125 0.0109375 0.0125