4 0.6265625 0.34453125 0.1109375 0.09375
3 0.6625 0.85859375 0.125 0.1140625
1 0.70625 0.48203125 0.04375 0.01875
3 0.56015625 0.30390625 0.103125 0.078125
4 0.77265625 0.85859375 0.1421875 0.1375
3 0.90703125 0.44609375 0.1390625 0.121875
1 0.06953125 0.465625 0.04375 0.015625
1 0.875 0.54609375 0.046875 0.021875
1 0.74609375 0.54453125 0.0453125 0.021875
1 0.1234375 0.44921875 0.0421875 0.015625
1 0.74296875 0.57890625 0.0453125 0.015625
1 0.72421875 0.43125 0.04375 0.0171875
1 0.4421875 0.5359375 0.0453125 0.021875
2 0.75703125 0.2046875 0.125 0.065625
1 0.32890625 0.46015625 0.0421875 0.015625
1 0.77578125 0.5484375 0.046875 0.021875
1 0.353125 0.4671875 0.04375 0.0171875
1 0.53046875 0.3890625 0.0421875 0.015625
1 0.3703125 0.56953125 0.0453125 0.0234375
1 0.12890625 0.41640625 0.0421875 0.0140625
1 0.7375 0.484375 0.04375 0.01875
1 0.93203125 0.35 0.0421875 0.0140625
1 0.52734375 0.37109375 0.0421875 0.0140625
1 0.32109375 0.4421875 0.0421875 0.015625
1 0.4671875 0.42109375 0.04375 0.015625
1 0.53984375 0.4703125 0.04375 0.01875
1 0.5015625 0.46015625 0.0421875 0.0140625
0 0.19140625 0.2078125 0.0421875 0.0140625
1 0.14140625 0.3765625 0.040625 0.0125
1 0.39921875 0.45625 0.04375 0.0171875
0 0.2 0.18046875 0.0421875 0.015625
0 0.953125 0.10390625 0.0484375 0.021875
0 0.77890625 0.20859375 0.0453125 0.01875
1 0.06484375 0.44453125 0.0421875 0.0140625
1 0.4890625 0.371875 0.040625 0.0140625
1 0.340625 0.365625 0.0421875 0.0140625
1 0.3703125 0.3609375 0.040625 0.0140625
1 0.1859375 0.3609375 0.0390625 0.0125
1 0.54609375 0.4296875 0.04375 0.015625
1 0.3578125 0.8859375 0.04375 0.0171875
1 0.90234375 0.36640625 0.04375 0.015625
1 0.840625 0.55546875 0.0453125 0.0203125
2 0.23203125 0.23984375 0.1234375 0.0484375
1 0.8171875 0.40234375 0.04375 0.015625
0 0.76875 0.76484375 0.0453125 0.01875
1 0.8578125 0.57421875 0.04375 0.0125
1 0.86015625 0.328125 0.040625 0.0140625
1 0.29140625 0.50234375 0.04375 0.01875
1 0.0890625 0.41875 0.040625 0.0140625
1 0.4625 0.3546875 0.040625 0.0125
1 0.81640625 0.57265625 0.046875 0.0171875
1 0.1546875 0.8984375 0.04375 0.0171875
1 0.2921875 0.88828125 0.0453125 0.0203125
1 0.121875 0.3859375 0.0390625 0.0125
0 0.9734375 0.1609375 0.0484375 0.0234375
1 0.3125 0.38984375 0.0390625 0.0125
1 0.70390625 0.44609375 0.0421875 0.0171875
0 0.17265625 0.2140625 0.0421875 0.015625
1 0.38671875 0.48359375 0.04375 0.0171875
1 0.0734375 0.4296875 0.0421875 0.0140625
1 0.25390625 0.8640625 0.040625 0.0140625
1 0.67734375 0.38828125 0.0421875 0.015625
0 0.125 0.803125 0.0421875 0.015625
1 0.41640625 0.33828125 0.040625 0.0125
1 0.1578125 0.46796875 0.04375 0.015625
1 0.328125 0.87578125 0.040625 0.0140625
1 0.465625 0.3765625 0.0421875 0.015625
1 0.48359375 0.425 0.04375 0.0171875
1 0.38125 0.41796875 0.0421875 0.0171875
1 0.02421875 0.45078125 0.0421875 0.0140625
1 0.87578125 0.91875 0.0515625 0.03125
1 0.9203125 0.3046875 0.040625 0.0125
1 0.8109375 0.41484375 0.0421875 0.015625
1 0.48203125 0.40546875 0.0421875 0.0125
1 0.32890625 0.4234375 0.0421875 0.015625
1 0.33515625 0.33984375 0.0390625 0.0125
1 0.18203125 0.41015625 0.0421875 0.0140625
1 0.83125 0.85703125 0.040625 0.015625
1 0.3046875 0.409375 0.0421875 0.015625
1 0.8546875 0.878125 0.0453125 0.0203125
1 0.47421875 0.4390625 0.0421875 0.015625
1 0.39453125 0.40546875 0.0421875 0.0140625
1 0.50390625 0.3921875 0.040625 0.0125
1 0.84609375 0.3125 0.0390625 0.0125
1 0.18359375 0.3390625 0.0375 0.0109375
1 0.17109375 0.3609375 0.0390625 0.0109375
1 0.5015625 0.375 0.0421875 0.0140625
1 0.34375 0.40703125 0.0421875 0.015625
1 0.17109375 0.41484375 0.0421875 0.0140625
1 0.0890625 0.4 0.040625 0.0125
1 0.7046875 0.42109375 0.0421875 0.0140625
1 0.4359375 0.3515625 0.0390625 0.0125
1 0.83515625 0.3 0.0390625 0.0109375
1 0.190625 0.89296875 0.04375 0.0171875
1 0.55859375 0.88359375 0.04375 0.0203125
1 0.1640625 0.45546875 0.0421875 0.0171875
0 0.21015625 0.16640625 0.0421875 0.015625
1 0.91875 0.36484375 0.0421875 0.015625
1 0.19296875 0.42265625 0.0421875 0.015625
1 0.59375 0.8796875 0.04375 0.01875
1 0.12890625 0.9046875 0.04375 0.0171875
1 0.44921875 0.371875 0.040625 0.0140625
1 0.3234375 0.40859375 0.0390625 0.0125
1 0.84296875 0.93046875 0.0515625 0.03125
1 0.5015625 0.40625 0.0421875 0.0125
0 0.2484375 0.76953125 0.0421875 0.015625
1 0.7109375 0.4359375 0.0421875 0.015625
1 0.82890625 0.55859375 0.0453125 0.0203125
1 0.55 0.3578125 0.040625 0.0140625
1 0.3265625 0.38828125 0.0390625 0.0125
1 0.559375 0.37265625 0.040625 0.015625
0 0.8390625 0.09140625 0.046875 0.0203125
1 0.4375 0.328125 0.040625 0.0109375
1 0.4484375 0.33203125 0.040625 0.0109375
1 0.84921875 0.85703125 0.040625 0.015625
1 0.4609375 0.340625 0.040625 0.0109375
1 0.48203125 0.353125 0.040625 0.0140625
1 0.5765625 0.8453125 0.0390625 0.009375
1 0.31953125 0.36640625 0.0421875 0.015625
1 0.496875 0.41796875 0.0421875 0.0125
0 0.25 0.71953125 0.0421875 0.01875
1 0.140625 0.35703125 0.0421875 0.0140625
1 0.85625 0.28203125 0.0390625 0.0109375
1 0.015625 0.4375 0.03125 0.015625
1 0.665625 0.3640625 0.0421875 0.015625
1 0.4875 0.2953125 0.040625 0.0109375
1 0.315625 0.865625 0.040625 0.0109375
0 0.11640625 0.75703125 0.0421875 0.015625
0 0.228125 0.8078125 0.0421875 0.015625
1 0.821875 0.62421875 0.0421875 0.0203125
1 0.82890625 0.90078125 0.046875 0.025
0 0.1765625 0.79375 0.0421875 0.0140625
0 0.14921875 0.2203125 0.0421875 0.0140625
1 0.559375 0.84609375 0.0375 0.0109375
1 0.39609375 0.31484375 0.040625 0.0125
1 0.89296875 0.56484375 0.04375 0.01875
1 0.87421875 0.2828125 0.040625 0.0125
1 0.840625 0.2890625 0.0390625 0.0109375
1 0.43515625 0.39765625 0.040625 0.0125
1 0.5703125 0.33828125 0.040625 0.0125
1 0.48671875 0.3375 0.040625 0.0140625
0 0.70703125 0.18203125 0.0421875 0.0140625
0 0.2265625 0.7765625 0.0421875 0.0171875
1 0.16875 0.37734375 0.040625 0.0125
4 0.9625 0.415625 0.075 0.125
1 0.68828125 0.3765625 0.040625 0.0125
0 0.19375 0.74375 0.0421875 0.015625
1 0.12734375 0.3609375 0.0421875 0.015625
1 0.703125 0.40703125 0.040625 0.0125
1 0.02890625 0.409375 0.040625 0.0140625
1 0.84296875 0.89921875 0.0453125 0.0203125
1 0.3453125 0.884375 0.04375 0.0171875
1 0.42578125 0.3 0.040625 0.0109375
1 0.2359375 0.84609375 0.0421875 0.015625
1 0.89921875 0.2953125 0.0421875 0.015625
1 0.52578125 0.29296875 0.040625 0.0109375
1 0.58359375 0.3390625 0.040625 0.0125
1 0.88984375 0.2984375 0.040625 0.0125
1 0.70078125 0.63671875 0.0421875 0.009375
0 0.10078125 0.30390625 0.0421875 0.015625
1 0.69453125 0.36328125 0.0421875 0.0140625
1 0.22578125 0.8796875 0.0421875 0.0140625
1 0.33046875 0.35234375 0.0421875 0.0125
1 0.275 0.99375 0.05625 0.0109375
1 0.27578125 0.85078125 0.0390625 0.009375
1 0.46640625 0.853125 0.040625 0.009375
1 0.03671875 0.6546875 0.0484375 0.0234375
1 0.8484375 0.8375 0.0390625 0.0109375
1 0.73203125 0.63203125 0.04375 0.0140625
4 0.48203125 0.8171875 0.0609375 0.0328125
1 0.234375 0.8671875 0.0390625 0.0125
1 0.34921875 0.30390625 0.040625 0.0109375
4 0.115625 0.32890625 0.1109375 0.0859375
1 0.1453125 0.325 0.040625 0.0109375
1 0.44296875 0.853125 0.0390625 0.0078125
0 0.28203125 0.71328125 0.0421875 0.015625
1 0.74609375 0.628125 0.04375 0.0140625
1 0.95703125 0.9140625 0.046875 0.0234375
0 0.1875 0.78125 0.0421875 0.0140625
1 0.01015625 0.41328125 0.0203125 0.0109375
1 0.40859375 0.3015625 0.0390625 0.0125
1 0.12734375 0.3765625 0.040625 0.0140625
0 0.05 0.3015625 0.040625 0.0125
1 0.41796875 0.32421875 0.040625 0.0109375
1 0.0375 0.42578125 0.0390625 0.009375
0 0.81015625 0.23515625 0.04375 0.0171875
0 0.1359375 0.76328125 0.0390625 0.009375
0 0.7890625 0.77734375 0.0421875 0.0125
1 0.55 0.2375 0.040625 0.009375
1 0.65625 0.29140625 0.0390625 0.009375
1 0.58046875 0.35078125 0.040625 0.009375
0 0.1828125 0.82734375 0.0390625 0.0125
1 0.1859375 0.99140625 0.05625 0.015625
0 0.1734375 0.809375 0.040625 0.0140625
1 0.69453125 0.39765625 0.0421875 0.015625
0 0.23828125 0.7140625 0.0390625 0.0109375
1 0.85625 0.91328125 0.0484375 0.0234375
1 0.82890625 0.82421875 0.0390625 0.009375
1 0.6828125 0.35703125 0.04375 0.015625
1 0.71953125 0.61328125 0.04375 0.0140625
1 0.4171875 0.31015625 0.040625 0.009375
1 0.32109375 0.99609375 0.0515625 0.00625
1 0.190625 0.85859375 0.040625 0.0109375
1 0.86171875 0.83359375 0.0390625 0.009375
1 0.63046875 0.2953125 0.040625 0.0109375
1 0.8640625 0.425 0.0375 0.0125
1 0.67578125 0.36640625 0.040625 0.0140625
1 0.58828125 0.8453125 0.040625 0.009375
0 0.1484375 0.278125 0.0453125 0.0171875
1 0.60546875 0.3015625 0.0375 0.009375
1 0.328125 0.31015625 0.040625 0.009375
1 0.31875 0.30625 0.0375 0.0078125