2 0.746875 0.2015625 0.0921875 0.06875
4 0.5484375 0.25390625 0.0703125 0.0828125
4 0.640625 0.2828125 0.071875 0.084375
0 0.25859375 0.82109375 0.0109375 0.0140625
0 0.1953125 0.8453125 0.0171875 0.021875
1 0.559375 0.4 0.0125 0.0171875
3 0.13359375 0.8921875 0.0734375 0.1015625
3 0.825 0.83203125 0.05 0.0515625
1 0.1140625 0.4390625 0.015625 0.01875
1 0.50234375 0.4171875 0.0140625 0.01875
1 0.44765625 0.3828125 0.0125 0.015625
1 0.46171875 0.396875 0.015625 0.0171875
2 0.234375 0.22265625 0.096875 0.059375
1 0.4171875 0.47265625 0.015625 0.0203125
1 0.10078125 0.3765625 0.0125 0.015625
1 0.73125 0.59296875 0.0171875 0.025
1 0.37109375 0.265625 0.009375 0.009375
1 0.39375 0.27265625 0.0109375 0.0125
1 0.1625 0.4640625 0.015625 0.0203125
1 0.12890625 0.47734375 0.015625 0.01875
1 0.909375 0.31171875 0.0125 0.0140625
1 0.2359375 0.5828125 0.0171875 0.0234375
0 0.21796875 0.778125 0.015625 0.021875
3 0.3203125 0.459375 0.1046875 0.1296875
1 0.48203125 0.309375 0.0109375 0.015625
1 0.39609375 0.45703125 0.0140625 0.0171875
1 0.69609375 0.30703125 0.0140625 0.0171875
1 0.0828125 0.340625 0.0125 0.0125
1 0.16484375 0.40859375 0.0140625 0.0171875
1 0.5234375 0.3390625 0.0109375 0.015625
1 0.51484375 0.453125 0.0140625 0.0140625
1 0.05625 0.4203125 0.0140625 0.0171875
1 0.41328125 0.39609375 0.0140625 0.0171875
1 0.37578125 0.5 0.015625 0.0203125
1 0.4109375 0.284375 0.0109375 0.0140625
1 0.39453125 0.309375 0.0109375 0.0140625
1 0.6203125 0.32734375 0.0125 0.0140625
1 0.62734375 0.36328125 0.0140625 0.0140625
1 0.92578125 0.30234375 0.0140625 0.0171875
1 0.58671875 0.475 0.015625 0.01875
1 0.31015625 0.35625 0.0125 0.015625
1 0.44375 0.3984375 0.0140625 0.015625
1 0.48203125 0.26171875 0.0109375 0.0125
1 0.81484375 0.28828125 0.0140625 0.0140625
1 0.40390625 0.440625 0.015625 0.01875
1 0.828125 0.253125 0.0109375 0.0140625
1 0.49296875 0.33515625 0.0125 0.015625
1 0.884375 0.31640625 0.0125 0.0140625
1 0.6375 0.34609375 0.0109375 0.0140625
1 0.5171875 0.46796875 0.0140625 0.0171875
1 0.95234375 0.8953125 0.0171875 0.0265625
1 0.5171875 0.6421875 0.0109375 0.015625
1 0.09375 0.32265625 0.0125 0.0125
1 0.11328125 0.553125 0.0171875 0.021875
1 0.28359375 0.31953125 0.0109375 0.0125
1 0.06328125 0.3609375 0.0125 0.015625
1 0.4296875 0.3734375 0.0125 0.015625
1 0.6484375 0.38515625 0.0140625 0.01875
1 0.37265625 0.4625 0.0140625 0.0171875
1 0.0828125 0.35546875 0.0140625 0.0140625
1 0.45234375 0.36171875 0.0125 0.015625
1 0.45625 0.42265625 0.0140625 0.01875
1 0.46953125 0.3453125 0.0140625 0.0140625
1 0.209375 0.89609375 0.0109375 0.0140625
1 0.80390625 0.2890625 0.0125 0.0140625
1 0.1109375 0.45859375 0.015625 0.015625
1 0.5125 0.34375 0.0109375 0.015625
1 0.853125 0.85234375 0.0109375 0.0125
1 0.60859375 0.39453125 0.0125 0.015625
1 0.153125 0.584375 0.0125 0.0171875
1 0.59140625 0.41953125 0.0140625 0.0171875
1 0.3375 0.38046875 0.0125 0.0140625
1 0.8015625 0.29140625 0.009375 0.0140625
1 0.521875 0.37734375 0.0140625 0.0171875
1 0.66640625 0.33359375 0.0125 0.015625
1 0.50625 0.27421875 0.0109375 0.0125
1 0.89609375 0.315625 0.0109375 0.0140625
1 0.49140625 0.39609375 0.0125 0.0171875
1 0.4953125 0.38359375 0.0125 0.0140625
1 0.66015625 0.3671875 0.0109375 0.0140625
1 0.17734375 0.91875 0.0125 0.0203125
1 0.9265625 0.31953125 0.0125 0.0140625
1 0.8953125 0.2984375 0.0125 0.0171875
1 0.5078125 0.41640625 0.0125 0.015625
1 0.2046875 0.934375 0.015625 0.0203125
1 0.0625 0.409375 0.0109375 0.0140625
1 0.48359375 0.615625 0.0140625 0.01875
1 0.365625 0.36171875 0.0125 0.0203125
1 0.7125 0.49453125 0.015625 0.021875
1 0.4515625 0.34453125 0.0125 0.015625
1 0.6015625 0.33125 0.0109375 0.0140625
1 0.03359375 0.6703125 0.0140625 0.0171875
1 0.234375 0.975 0.0265625 0.0375
1 0.8859375 0.28203125 0.0125 0.0140625
1 0.5921875 0.31640625 0.0140625 0.0140625
1 0.425 0.45078125 0.0171875 0.01875
1 0.46171875 0.3609375 0.0125 0.015625
1 0.97578125 0.90078125 0.015625 0.0234375
1 0.7046875 0.35625 0.0140625 0.0171875
1 0.91640625 0.85859375 0.0125 0.0140625
1 0.54765625 0.44921875 0.015625 0.01875
1 0.47890625 0.47734375 0.0140625 0.0203125
1 0.1265625 0.346875 0.0140625 0.0140625
1 0.37890625 0.54921875 0.015625 0.021875
1 0.33671875 0.9015625 0.009375 0.0125
1 0.43984375 0.3625 0.0109375 0.015625
1 0.0546875 0.44453125 0.009375 0.0140625
1 0.4125 0.9109375 0.0140625 0.0125
4 0.04140625 0.47421875 0.0828125 0.0890625
1 0.08203125 0.9875 0.0265625 0.025
1 0.3859375 0.38984375 0.0125 0.0171875
1 0.12265625 0.31484375 0.0109375 0.015625
1 0.09609375 0.96875 0.0203125 0.028125
1 0.3953125 0.4265625 0.015625 0.0171875
1 0.7890625 0.83984375 0.009375 0.0109375
1 0.14140625 0.33984375 0.0125 0.0140625
1 0.50390625 0.6109375 0.0140625 0.0234375
1 0.565625 0.378125 0.0140625 0.0171875
1 0.853125 0.27421875 0.0140625 0.0125
4 0.27734375 0.909375 0.115625 0.13125
1 0.43515625 0.278125 0.009375 0.0125
1 0.625 0.8578125 0.009375 0.0125
1 0.91328125 0.29453125 0.0109375 0.0140625
1 0.38828125 0.34296875 0.0109375 0.015625
1 0.83125 0.2921875 0.009375 0.0140625
1 0.6234375 0.82265625 0.009375 0.0109375
1 0.103125 0.31796875 0.0140625 0.0140625
1 0.1140625 0.4390625 0.0125 0.0109375
1 0.14375 0.378125 0.015625 0.015625
1 0.39375 0.3875 0.0140625 0.015625
1 0.946875 0.859375 0.0125 0.0125
1 0.209375 0.9609375 0.01875 0.0296875
1 0.35 0.90625 0.015625 0.0171875
1 0.7015625 0.35546875 0.009375 0.015625
1 0.43984375 0.37421875 0.0125 0.0171875
1 0.60703125 0.3234375 0.0109375 0.0140625
1 0.8609375 0.25703125 0.0109375 0.015625
1 0.35390625 0.384375 0.015625 0.015625
1 0.66015625 0.35 0.009375 0.0109375
1 0.06875 0.39765625 0.0125 0.0140625
1 0.0671875 0.3421875 0.0140625 0.015625
1 0.1328125 0.30859375 0.0109375 0.0125
1 0.5609375 0.4046875 0.0109375 0.015625
1 0.440625 0.45234375 0.0140625 0.0140625
1 0.05 0.3765625 0.0125 0.0140625
1 0.4109375 0.34296875 0.0125 0.0140625
1 0.4296875 0.3484375 0.015625 0.015625
1 0.4109375 0.33828125 0.0140625 0.015625
1 0.8765625 0.8546875 0.0109375 0.0109375