2 0.76484375 0.21484375 0.09140625 0.065625
4 0.58046875 0.26015625 0.05625 0.078125
3 0.80390625 0.85234375 0.05546875 0.0578125
3 0.16171875 0.2578125 0.0671875 0.075
4 0.47578125 0.2828125 0.0703125 0.07890625
0 0.02578125 0.19140625 0.0125 0.01875
1 0.871875 0.4078125 0.01015625 0.0171875
1 0.13359375 0.38359375 0.01015625 0.01640625
3 0.0203125 0.41953125 0.040625 0.1078125
1 0.7921875 0.61015625 0.01328125 0.02265625
1 0.11953125 0.515625 0.0125 0.02109375
1 0.759375 0.46328125 0.0109375 0.01875
1 0.66953125 0.6046875 0.0140625 0.02421875
1 0.81015625 0.575 0.01328125 0.02421875
1 0.38515625 0.5078125 0.01171875 0.0203125
1 0.7171875 0.46484375 0.01015625 0.01796875
1 0.34765625 0.38515625 0.00859375 0.0171875
1 0.38515625 0.35859375 0.01015625 0.0171875
1 0.83984375 0.440625 0.0109375 0.0171875
1 0.44765625 0.33359375 0.0078125 0.01484375
1 0.44453125 0.3546875 0.00859375 0.01484375
1 0.946875 0.42421875 0.0109375 0.01796875
1 0.925 0.44921875 0.0109375 0.0171875
1 0.81328125 0.42890625 0.01015625 0.01640625
1 0.51796875 0.39375 0.009375 0.01640625
1 0.678125 0.37109375 0.00859375 0.01484375
1 0.16875 0.34609375 0.009375 0.015625
1 0.328125 0.43359375 0.009375 0.0171875
1 0.8796875 0.48125 0.01015625 0.0171875
1 0.6609375 0.45 0.0109375 0.01875
1 0.85859375 0.4390625 0.0109375 0.01875
0 0.00625 0.20546875 0.0109375 0.02109375
1 0.65 0.38515625 0.009375 0.01640625
1 0.71796875 0.515625 0.01171875 0.0203125
1 0.9296875 0.428125 0.01015625 0.0171875
1 0.665625 0.52734375 0.01171875 0.01953125
1 0.9546875 0.4859375 0.01171875 0.01875
1 0.75390625 0.57109375 0.0125 0.0203125
1 0.65546875 0.42265625 0.009375 0.0171875
1 0.8546875 0.46015625 0.01171875 0.01875
1 0.07109375 0.34375 0.009375 0.01484375
1 0.75859375 0.89453125 0.01015625 0.015625
1 0.7546875 0.55390625 0.01171875 0.0140625
1 0.83359375 0.9078125 0.0109375 0.01796875
1 0.32265625 0.39609375 0.01015625 0.01640625
1 0.9 0.4421875 0.01015625 0.0171875
1 0.88828125 0.540625 0.0125 0.01875
1 0.6765625 0.48046875 0.0109375 0.01796875
1 0.61171875 0.42890625 0.01015625 0.01640625
1 0.1578125 0.40625 0.009375 0.015625
1 0.84375 0.49453125 0.009375 0.015625
1 0.0984375 0.3296875 0.009375 0.01484375
1 0.903125 0.5 0.0125 0.01953125
0 0.04296875 0.13203125 0.0125 0.01953125
1 0.37734375 0.47890625 0.0109375 0.01875
1 0.07265625 0.4078125 0.0109375 0.0171875
1 0.85546875 0.9515625 0.015625 0.02890625
1 0.14609375 0.33984375 0.00859375 0.0140625
1 0.7234375 0.61875 0.01328125 0.01953125
1 0.53671875 0.33203125 0.00859375 0.01484375
1 0.2890625 0.4515625 0.0109375 0.01640625
1 0.1125 0.40078125 0.0109375 0.0171875
1 0.51484375 0.3078125 0.00703125 0.01484375
1 0.8984375 0.52109375 0.01171875 0.01875
1 0.390625 0.38671875 0.01015625 0.0171875
1 0.8046875 0.90859375 0.01171875 0.01953125
1 0.60859375 0.36875 0.009375 0.01484375
1 0.32890625 0.9015625 0.0109375 0.01640625
1 0.990625 0.4609375 0.01328125 0.01875
1 0.5828125 0.33359375 0.0078125 0.0140625
1 0.72734375 0.48125 0.009375 0.0140625
1 0.3484375 0.5484375 0.01171875 0.021875
1 0.73828125 0.55078125 0.01171875 0.01796875
1 0.86953125 0.9265625 0.0140625 0.0234375
0 0.25703125 0.19375 0.009375 0.015625
0 0.03203125 0.2140625 0.0109375 0.01640625
1 0.609375 0.8984375 0.0109375 0.015625
1 0.3421875 0.32890625 0.0078125 0.0140625
1 0.34453125 0.365625 0.009375 0.01484375
1 0.890625 0.9203125 0.0125 0.021875
0 0.0265625 0.14609375 0.0140625 0.01796875
1 0.925 0.46640625 0.0109375 0.015625
1 0.63203125 0.334375 0.00859375 0.01484375
1 0.73671875 0.50625 0.01171875 0.01640625
2 0.24296875 0.21171875 0.0921875 0.05546875
1 0.396875 0.2828125 0.0078125 0.01328125
1 0.64921875 0.30703125 0.00859375 0.0140625
1 0.6859375 0.4640625 0.01015625 0.02109375
1 0.04765625 0.39921875 0.009375 0.015625
1 0.134375 0.31953125 0.00859375 0.0125
1 0.7578125 0.91796875 0.01328125 0.02109375
1 0.79609375 0.4234375 0.009375 0.0171875
0 0.06484375 0.03671875 0.0140625 0.02421875
1 0.93203125 0.39296875 0.00859375 0.01484375
1 0.353125 0.353125 0.00859375 0.01484375
1 0.67265625 0.32578125 0.00859375 0.01484375
1 0.62265625 0.34140625 0.009375 0.0140625
1 0.09296875 0.40859375 0.01171875 0.0203125
1 0.55078125 0.45078125 0.01015625 0.01875
0 0.21796875 0.2109375 0.009375 0.01640625
0 0.01015625 0.1328125 0.0125 0.02109375
0 0.05078125 0.16640625 0.01171875 0.0203125
1 0.56640625 0.30078125 0.0078125 0.01328125
1 0.80625 0.4078125 0.009375 0.01640625
1 0.2046875 0.29296875 0.0109375 0.01796875
1 0.5296875 0.34921875 0.00859375 0.01484375
1 0.1484375 0.2984375 0.00859375 0.0140625
1 0.740625 0.9078125 0.0109375 0.01796875
1 0.7375 0.53359375 0.01171875 0.0140625
1 0.56640625 0.33359375 0.0078125 0.01484375
1 0.078125 0.9703125 0.01875 0.03203125
1 0.60234375 0.3796875 0.009375 0.01484375
1 0.3359375 0.4046875 0.009375 0.015625
1 0.06640625 0.38359375 0.00859375 0.01171875
1 0.63359375 0.9015625 0.0109375 0.0125
1 0.15078125 0.39296875 0.01015625 0.0140625
1 0.8265625 0.9484375 0.015625 0.02734375
1 0.634375 0.29609375 0.009375 0.0140625
1 0.06484375 0.396875 0.01015625 0.015625
1 0.5609375 0.365625 0.01015625 0.015625
1 0.11171875 0.3484375 0.01015625 0.015625
1 0.60234375 0.33515625 0.0078125 0.0140625
1 0.7234375 0.49375 0.0109375 0.01484375
1 0.73984375 0.934375 0.0140625 0.025
0 0.80859375 0.2328125 0.009375 0.0171875
1 0.2890625 0.43984375 0.0109375 0.0125
1 0.32734375 0.34453125 0.00859375 0.01484375
0 0.234375 0.228125 0.0078125 0.0140625
1 0.57265625 0.37578125 0.01015625 0.01640625
1 0.6125 0.40078125 0.01171875 0.01640625
0 0.21171875 0.7890625 0.0171875 0.0328125
1 0.0453125 0.36640625 0.01015625 0.015625
1 0.65234375 0.371875 0.009375 0.0140625
1 0.33125 0.3875 0.009375 0.01640625
1 0.99609375 0.44375 0.00625 0.0140625
1 0.57421875 0.34296875 0.01015625 0.0140625
1 0.86796875 0.27890625 0.0078125 0.0125
1 0.9421875 0.3953125 0.009375 0.015625
1 0.70390625 0.8984375 0.0109375 0.0171875
0 0.25234375 0.71015625 0.01640625 0.0296875
1 0.12578125 0.2890625 0.00859375 0.01328125
1 0.378125 0.2734375 0.0078125 0.0140625
1 0.89453125 0.28046875 0.00859375 0.0140625
1 0.31953125 0.29609375 0.0078125 0.0140625
1 0.58046875 0.90546875 0.0078125 0.009375
1 0.928125 0.4875 0.0109375 0.0171875
1 0.07265625 0.30234375 0.00859375 0.0140625
1 0.29453125 0.87421875 0.0078125 0.0140625
1 0.9359375 0.340625 0.009375 0.0140625
1 0.41328125 0.25859375 0.00703125 0.01328125
1 0.59921875 0.36484375 0.009375 0.015625
1 0.73984375 0.8734375 0.00703125 0.0125
1 0.85625 0.89921875 0.01484375 0.01875
1 0.30859375 0.30625 0.009375 0.0140625
0 0.0125 0.2265625 0.01171875 0.01796875
1 0.1265625 0.30859375 0.00703125 0.01328125
1 0.35625 0.27265625 0.00859375 0.0140625
1 0.9140625 0.34296875 0.009375 0.01328125
1 0.65703125 0.27578125 0.00859375 0.01484375
1 0.034375 0.38203125 0.01015625 0.01640625
1 0.34140625 0.865625 0.00703125 0.00859375
1 0.303125 0.89921875 0.01015625 0.01640625
0 0.23359375 0.159375 0.00859375 0.0140625
1 0.01328125 0.6078125 0.01171875 0.01328125
1 0.10625 0.28046875 0.0078125 0.01328125
1 0.1171875 0.27265625 0.009375 0.01171875
1 0.36640625 0.2796875 0.0078125 0.01171875
0 0.0171875 0.30078125 0.0109375 0.01875
1 0.859375 0.98828125 0.01953125 0.0234375
1 0.06875 0.3234375 0.009375 0.01328125
4 0.21484375 0.93046875 0.18828125 0.1390625
1 0.0515625 0.35234375 0.009375 0.01328125
1 0.14140625 0.61328125 0.0109375 0.0125
1 0.3265625 0.8828125 0.009375 0.0125
0 0.0046875 0.296875 0.009375 0.01875
0 0.78671875 0.13359375 0.01015625 0.01875
1 0.7265625 0.50703125 0.009375 0.0171875
1 0.66796875 0.2625 0.00703125 0.01171875
1 0.6453125 0.26484375 0.00703125 0.01171875
1 0.09921875 0.2796875 0.00859375 0.0125
1 0.8984375 0.89453125 0.01015625 0.015625
1 0.60234375 0.32265625 0.00859375 0.01015625
1 0.684375 0.3296875 0.01015625 0.0140625
1 0.10625 0.953125 0.0171875 0.02890625
1 0.04453125 0.34296875 0.00859375 0.01328125
1 0.959375 0.38515625 0.009375 0.01640625
1 0.64296875 0.98828125 0.0171875 0.021875
1 0.625 0.2828125 0.00859375 0.0125
1 0.8921875 0.88203125 0.00703125 0.0125
0 0.421875 0.79296875 0.01015625 0.01640625
1 0.5671875 0.35625 0.009375 0.01328125
1 0.9484375 0.37421875 0.0109375 0.015625
1 0.6796875 0.896875 0.0109375 0.01796875
1 0.8390625 0.86484375 0.00625 0.0109375
1 0.12578125 0.275 0.00859375 0.0125
1 0.996875 0.43046875 0.00625 0.01171875
1 0.82734375 0.92578125 0.01328125 0.01328125
1 0.4796875 0.89296875 0.00625 0.01171875
0 0.62109375 0.190625 0.0109375 0.0171875
1 0.64921875 0.90234375 0.01171875 0.0125
1 0.7078125 0.878125 0.01328125 0.015625
0 0.71484375 0.734375 0.009375 0.01328125
1 0.7046875 0.37109375 0.0078125 0.01328125
1 0.46875 0.8921875 0.00625 0.0109375
1 0.62109375 0.25859375 0.0078125 0.0125
1 0.3203125 0.35234375 0.0078125 0.0125
1 0.734375 0.49375 0.00859375 0.0125
1 0.3078125 0.34453125 0.0109375 0.0140625
0 0.703125 0.7203125 0.00859375 0.0109375
1 0.6609375 0.90078125 0.0140625 0.0140625
1 0.46640625 0.6203125 0.00625 0.0109375
1 0.06171875 0.9453125 0.01484375 0.02109375
1 0.85703125 0.64765625 0.01015625 0.0109375
3 0.81640625 0.3015625 0.02890625 0.07890625
1 0.75234375 0.86953125 0.01015625 0.0109375
1 0.0453125 0.32890625 0.009375 0.01328125