2 0.784375 0.23671875 0.1171875 0.0625
3 0.23515625 0.83203125 0.0828125 0.0453125
3 0.5015625 0.3875 0.11875 0.115625
2 0.2703125 0.19453125 0.1171875 0.0578125
1 0.428125 0.46015625 0.0375 0.0140625
1 0.3078125 0.5203125 0.0375 0.0171875
4 0.3953125 0.57734375 0.11875 0.13125
1 0.725 0.446875 0.0375 0.0140625
1 0.6515625 0.4515625 0.0359375 0.0125
4 0.6078125 0.3984375 0.115625 0.115625
1 0.659375 0.48203125 0.0375 0.015625
1 0.97578125 0.38984375 0.0359375 0.0109375
1 0.32578125 0.43359375 0.0375 0.0125
1 0.721875 0.48671875 0.0375 0.015625
1 0.73515625 0.465625 0.0375 0.015625
1 0.5984375 0.559375 0.0375 0.0171875
1 0.7609375 0.45859375 0.0359375 0.0140625
1 0.3984375 0.47578125 0.0375 0.015625
1 0.35 0.5109375 0.0375 0.015625
1 0.61640625 0.4609375 0.0359375 0.0140625
1 0.45234375 0.42265625 0.0359375 0.0125
1 0.64921875 0.54921875 0.0375 0.015625
1 0.271875 0.53515625 0.0375 0.0171875
1 0.33203125 0.459375 0.0375 0.0140625
1 0.3515625 0.48046875 0.0375 0.0140625
1 0.36875 0.3265625 0.034375 0.0109375
1 0.67578125 0.45078125 0.0375 0.0125
1 0.3671875 0.3578125 0.0375 0.0109375
1 0.35546875 0.3578125 0.0359375 0.0109375
1 0.7046875 0.41953125 0.0359375 0.009375
1 0.37109375 0.46953125 0.0375 0.0125
1 0.63671875 0.45 0.0375 0.0140625
1 0.39765625 0.33359375 0.034375 0.0078125
1 0.33515625 0.42109375 0.0359375 0.0109375
0 0.23515625 0.175 0.0375 0.0140625
1 0.31171875 0.37265625 0.034375 0.0125
1 0.85703125 0.8984375 0.0359375 0.0125
1 0.71015625 0.43828125 0.0359375 0.0109375
1 0.69921875 0.4375 0.0359375 0.0109375
1 0.34453125 0.45703125 0.0375 0.0125
1 0.684375 0.42109375 0.0359375 0.0109375
1 0.33671875 0.353125 0.0359375 0.0109375
1 0.38203125 0.34296875 0.0359375 0.0109375
1 0.415625 0.325 0.034375 0.0078125
1 0.34765625 0.37578125 0.034375 0.0125
3 0.53984375 0.84140625 0.08125 0.05625
1 0.66640625 0.43828125 0.0359375 0.0125
1 0.6734375 0.41640625 0.0359375 0.009375
1 0.40625 0.45390625 0.0375 0.0125
3 0.46171875 0.3203125 0.1 0.0859375
1 0.3453125 0.42265625 0.0359375 0.0109375
1 0.653125 0.34140625 0.034375 0.0078125
1 0.346875 0.40859375 0.0359375 0.0078125
1 0.41484375 0.33828125 0.034375 0.009375
1 0.55078125 0.3984375 0.034375 0.009375
0 0.75234375 0.24765625 0.034375 0.0109375
1 0.3890625 0.46484375 0.0359375 0.0125
1 0.453125 0.40078125 0.0359375 0.0109375
1 0.678125 0.390625 0.0375 0.0125
1 0.3984375 0.34765625 0.0359375 0.009375
1 0.98046875 0.0796875 0.0359375 0.0125
1 0.65234375 0.43671875 0.0375 0.0109375
1 0.3578125 0.45390625 0.0375 0.0140625
1 0.5359375 0.871875 0.034375 0.0078125
1 0.66640625 0.38515625 0.034375 0.009375
1 0.39296875 0.44765625 0.0375 0.009375
1 0.4203125 0.44453125 0.0359375 0.0109375
1 0.4375 0.42890625 0.0390625 0.0109375
1 0.65703125 0.35390625 0.034375 0.009375
1 0.38828125 0.434375 0.0390625 0.0140625
1 0.421875 0.878125 0.0359375 0.0125
1 0.55625 0.38828125 0.034375 0.0078125
1 0.35625 0.41953125 0.0359375 0.0109375
1 0.35546875 0.43203125 0.0359375 0.009375
1 0.05703125 0.296875 0.0359375 0.0109375
1 0.434375 0.4140625 0.0359375 0.0109375
1 0.38125 0.4234375 0.0359375 0.0109375
1 0.378125 0.440625 0.0375 0.0125
1 0.5453125 0.384375 0.0359375 0.009375
1 0.3953125 0.37578125 0.0359375 0.009375