2 0.20703125 0.24375 0.109375 0.06875
4 0.359375 0.31171875 0.0859375 0.0796875
3 0.12890625 0.43359375 0.1015625 0.09375
3 0.72109375 0.8234375 0.090625 0.075
1 0.69453125 0.49921875 0.0296875 0.0234375
1 0.609375 0.87421875 0.028125 0.0234375
4 0.4828125 0.484375 0.115625 0.1421875
1 0.55078125 0.47890625 0.028125 0.0234375
1 0.64375 0.4765625 0.028125 0.021875
1 0.6 0.44921875 0.028125 0.021875
1 0.71171875 0.4578125 0.0296875 0.021875
3 0.80546875 0.35234375 0.0640625 0.0671875
1 0.05390625 0.4859375 0.028125 0.021875
2 0.7265625 0.2046875 0.1125 0.0578125
1 0.371875 0.53125 0.0296875 0.0234375
1 0.96171875 0.4046875 0.0265625 0.01875
1 0.7265625 0.49765625 0.0296875 0.0234375
1 0.69296875 0.46171875 0.0296875 0.021875
1 0.2859375 0.51171875 0.0296875 0.021875
1 0.3109375 0.55 0.0296875 0.021875
1 0.9328125 0.39296875 0.0265625 0.0171875
1 0.60390625 0.3734375 0.0265625 0.0171875
1 0.840625 0.54921875 0.0296875 0.021875
1 0.69921875 0.884375 0.0296875 0.0203125
1 0.975 0.40625 0.028125 0.0203125
1 0.35546875 0.60703125 0.028125 0.01875
1 0.275 0.4703125 0.0265625 0.0203125
1 0.16015625 0.465625 0.028125 0.021875
3 0.3375 0.86953125 0.1125 0.1015625
1 0.72265625 0.45078125 0.0296875 0.021875
1 0.5796875 0.48203125 0.028125 0.021875
1 0.925 0.43984375 0.0296875 0.021875
1 0.696875 0.4328125 0.028125 0.021875
1 0.29609375 0.91484375 0.0296875 0.025
1 0.33671875 0.35546875 0.0265625 0.0140625
1 0.325 0.51875 0.0296875 0.0234375
1 0.13671875 0.32734375 0.025 0.0171875
1 0.38125 0.55546875 0.0296875 0.025
1 0.0265625 0.46328125 0.028125 0.01875
1 0.26640625 0.55546875 0.0296875 0.025
1 0.4328125 0.521875 0.0296875 0.021875
1 0.33046875 0.553125 0.0296875 0.025
1 0.9875 0.53125 0.025 0.025
1 0.94765625 0.37890625 0.0265625 0.0171875
1 0.903125 0.88125 0.0328125 0.0265625
1 0.953125 0.4828125 0.0265625 0.021875
1 0.3578125 0.40625 0.0265625 0.0171875
1 0.7359375 0.4796875 0.028125 0.021875
1 0.3859375 0.45390625 0.0265625 0.01875
1 0.1625 0.35625 0.025 0.015625
1 0.340625 0.403125 0.0265625 0.01875
1 0.6875 0.39921875 0.0265625 0.0171875
1 0.66328125 0.39296875 0.0265625 0.01875
1 0.3734375 0.40546875 0.0265625 0.0171875
1 0.18359375 0.45859375 0.025 0.015625
1 0.13203125 0.365625 0.025 0.015625
1 0.29609375 0.4484375 0.0265625 0.01875
1 0.39375 0.4734375 0.025 0.0140625
1 0.921875 0.9203125 0.0375 0.0359375
1 0.5625 0.3484375 0.025 0.015625
1 0.37421875 0.45546875 0.028125 0.01875
1 0.6 0.3328125 0.025 0.015625
1 0.925 0.53828125 0.028125 0.0234375
1 0.3640625 0.49609375 0.028125 0.021875
1 0.82890625 0.31171875 0.025 0.0140625
1 0.91484375 0.37265625 0.028125 0.021875
1 0.1890625 0.91640625 0.0296875 0.0234375
1 0.2203125 0.8984375 0.0265625 0.01875
1 0.33828125 0.43515625 0.0265625 0.0171875
1 0.24296875 0.896875 0.0265625 0.01875
1 0.971875 0.38515625 0.028125 0.01875
1 0.63046875 0.89609375 0.0234375 0.0109375
1 0.66875 0.4265625 0.028125 0.0203125
1 0.10078125 0.3328125 0.025 0.0140625
1 0.06953125 0.38359375 0.025 0.0171875
1 0.1 0.3625 0.0265625 0.015625
1 0.86015625 0.8890625 0.0328125 0.028125
1 0.36484375 0.4515625 0.025 0.01875
1 0.384375 0.3625 0.025 0.015625
1 0.88828125 0.32578125 0.0265625 0.015625
1 0.16640625 0.97421875 0.0359375 0.0328125
1 0.090625 0.41953125 0.025 0.0171875
1 0.88359375 0.89765625 0.0328125 0.0296875
1 0.3171875 0.6328125 0.0296875 0.01875
1 0.3203125 0.45546875 0.028125 0.01875
1 0.0421875 0.41484375 0.0265625 0.0171875
1 0.37421875 0.3625 0.0265625 0.015625
1 0.21015625 0.91640625 0.0296875 0.021875
1 0.4796875 0.3203125 0.0234375 0.0140625
1 0.33359375 0.4625 0.028125 0.0203125
1 0.2953125 0.4796875 0.0265625 0.01875
1 0.36796875 0.35078125 0.025 0.015625
1 0.32890625 0.44375 0.028125 0.0171875
1 0.53203125 0.48359375 0.0265625 0.021875
1 0.1203125 0.365625 0.0234375 0.015625
1 0.9328125 0.86953125 0.0296875 0.0265625
1 0.27578125 0.453125 0.0265625 0.01875
1 0.2890625 0.46640625 0.0265625 0.0171875
1 0.3328125 0.41640625 0.0265625 0.0140625
1 0.171875 0.40078125 0.0234375 0.015625
1 0.44296875 0.31953125 0.025 0.015625
1 0.8453125 0.61796875 0.0265625 0.0140625
1 0.37890625 0.38828125 0.028125 0.01875
1 0.5578125 0.29765625 0.025 0.0140625
1 0.434375 0.303125 0.025 0.0140625
1 0.3859375 0.38359375 0.0234375 0.015625
1 0.1640625 0.9484375 0.03125 0.025
1 0.8609375 0.61484375 0.0296875 0.0203125
1 0.09375 0.9734375 0.03125 0.028125
1 0.09140625 0.34375 0.025 0.0140625
1 0.63359375 0.31328125 0.025 0.0140625
1 0.8734375 0.96171875 0.0359375 0.0171875
1 0.3015625 0.43359375 0.0234375 0.0140625
1 0.47890625 0.63359375 0.0328125 0.0265625
1 0.315625 0.35859375 0.025 0.015625
1 0.92421875 0.37734375 0.0265625 0.01875
1 0.8375 0.8796875 0.03125 0.025
1 0.8234375 0.303125 0.025 0.0140625
1 0.85234375 0.85390625 0.0265625 0.01875
1 0.98984375 0.41640625 0.0203125 0.0171875
1 0.08046875 0.37265625 0.0265625 0.01875
1 0.4234375 0.51171875 0.025 0.0171875
1 0.296875 0.3875 0.025 0.0171875
1 0.3859375 0.41484375 0.025 0.015625
1 0.209375 0.8765625 0.0234375 0.0125
1 0.32734375 0.43203125 0.025 0.0125
1 0.87890625 0.3171875 0.025 0.0140625
1 0.39140625 0.403125 0.0265625 0.015625
1 0.59296875 0.29375 0.025 0.0140625
0 0.175 0.815625 0.0265625 0.0171875
1 0.8140625 0.871875 0.0296875 0.0234375
1 0.1421875 0.47421875 0.0265625 0.0125
1 0.83828125 0.28828125 0.0234375 0.0125
1 0.35703125 0.39453125 0.0265625 0.0140625
1 0.39140625 0.88125 0.0265625 0.01875
1 0.87109375 0.3078125 0.0265625 0.0140625
1 0.56328125 0.846875 0.0234375 0.0125
4 0.565625 0.81015625 0.0515625 0.034375
1 0.065625 0.3609375 0.0265625 0.015625
1 0.19140625 0.88125 0.0234375 0.0125
1 0.1140625 0.29453125 0.0234375 0.0125
1 0.09140625 0.9390625 0.0328125 0.0265625
1 0.4203125 0.4796875 0.0265625 0.0140625
1 0.8328125 0.82421875 0.0265625 0.0140625
1 0.34453125 0.38671875 0.028125 0.015625
1 0.12265625 0.47734375 0.025 0.0125
1 0.28515625 0.45234375 0.028125 0.01875
1 0.03515625 0.378125 0.028125 0.0171875
1 0.05078125 0.37265625 0.0265625 0.015625
1 0.68203125 0.38359375 0.0265625 0.0140625
1 0.30859375 0.3859375 0.025 0.0171875
1 0.35625 0.384375 0.028125 0.015625
1 0.82890625 0.853125 0.0265625 0.01875
1 0.85859375 0.296875 0.0265625 0.0140625
1 0.778125 0.971875 0.0328125 0.0125
1 0.290625 0.875 0.025 0.0140625
1 0.83984375 0.440625 0.0234375 0.0125
1 0.46640625 0.30078125 0.025 0.015625
1 0.38046875 0.43671875 0.0265625 0.015625
1 0.096875 0.309375 0.025 0.0140625
1 0.34765625 0.3703125 0.025 0.0140625
1 0.16484375 0.9109375 0.0234375 0.0140625
0 0.1484375 0.23203125 0.0265625 0.0171875
1 0.178125 0.88515625 0.0234375 0.015625
1 0.0265625 0.43359375 0.0265625 0.0140625
1 0.015625 0.3953125 0.0265625 0.0203125
1 0.29609375 0.36328125 0.0265625 0.015625
1 0.3203125 0.328125 0.0265625 0.015625
1 0.86328125 0.85859375 0.028125 0.021875
1 0.434375 0.50078125 0.0265625 0.0171875
1 0.30703125 0.31171875 0.025 0.0125
1 0.26484375 0.8703125 0.0234375 0.0140625
1 0.02578125 0.4453125 0.0265625 0.0140625
1 0.91328125 0.34453125 0.0265625 0.0140625
1 0.76953125 0.8203125 0.025 0.0125
1 0.0546875 0.3625 0.0265625 0.0140625
1 0.36015625 0.9 0.03125 0.021875
1 0.32265625 0.384375 0.0265625 0.0171875
1 0.4796875 0.30703125 0.0234375 0.0125
1 0.5453125 0.2921875 0.0265625 0.0140625
1 0.60390625 0.615625 0.028125 0.021875
1 0.3328125 0.3921875 0.0265625 0.01875
1 0.3234375 0.37109375 0.025 0.0140625
1 0.3125 0.4390625 0.0265625 0.015625
1 0.30078125 0.53359375 0.028125 0.0171875
1 0.10234375 0.296875 0.025 0.0140625
1 0.0859375 0.3328125 0.0265625 0.0125
1 0.6421875 0.290625 0.025 0.0109375
1 0.30859375 0.36171875 0.025 0.01875
1 0.10390625 0.9640625 0.0296875 0.0265625
1 0.63203125 0.2875 0.0265625 0.0140625
1 0.36796875 0.3890625 0.028125 0.01875
0 0.1 0.85390625 0.025 0.015625
1 0.20234375 0.99140625 0.0390625 0.0171875
1 0.13515625 0.95703125 0.03125 0.025
1 0.36953125 0.4375 0.028125 0.0140625
1 0.4515625 0.30078125 0.0265625 0.0171875
1 0.52890625 0.29453125 0.025 0.0140625
1 0.7171875 0.58515625 0.0234375 0.0140625
1 0.15234375 0.88515625 0.0234375 0.0125
1 0.91796875 0.35546875 0.028125 0.01875
1 0.3921875 0.440625 0.0265625 0.01875
1 0.509375 0.59765625 0.0265625 0.0125