4 0.10546875 0.4421875 0.1046875 0.11875
2 0.253125 0.20234375 0.0953125 0.0671875
4 0.934375 0.4125 0.1 0.1203125
4 0.75 0.8953125 0.09375 0.103125
2 0.76875 0.22265625 0.0953125 0.0609375
4 0.43984375 0.26640625 0.0671875 0.084375
3 0.86015625 0.290625 0.0734375 0.0953125
3 0.86015625 0.91796875 0.1453125 0.1640625
3 0.21015625 0.83515625 0.059375 0.053125
1 0.8296875 0.45703125 0.015625 0.01875
1 0.85625 0.45546875 0.015625 0.01875
1 0.72890625 0.534375 0.015625 0.021875
1 0.48515625 0.4078125 0.0140625 0.01875
1 0.70859375 0.4265625 0.0140625 0.0171875
1 0.13984375 0.57421875 0.0171875 0.021875
1 0.56171875 0.49375 0.015625 0.0203125
1 0.17265625 0.90234375 0.0171875 0.0234375
1 0.578125 0.35625 0.0140625 0.015625
1 0.015625 0.42109375 0.015625 0.01875
1 0.0703125 0.37578125 0.0140625 0.0171875
1 0.33671875 0.3484375 0.0140625 0.0171875
1 0.134375 0.3703125 0.0140625 0.015625
0 0.19140625 0.109375 0.0140625 0.0171875
1 0.71171875 0.53046875 0.015625 0.021875
0 0.8734375 0.13515625 0.0125 0.015625
1 0.47265625 0.31484375 0.0109375 0.0140625
0 0.13125 0.23671875 0.015625 0.01875
0 0.859375 0.1671875 0.0140625 0.015625
1 0.63125 0.8984375 0.015625 0.01875
1 0.125 0.321875 0.0125 0.0140625
1 0.7 0.53046875 0.0171875 0.021875
1 0.6765625 0.35078125 0.0109375 0.0140625
1 0.1109375 0.51484375 0.015625 0.021875
1 0.82734375 0.65 0.0171875 0.01875
1 0.1125 0.33125 0.0125 0.0140625
1 0.7046875 0.40234375 0.0140625 0.015625
1 0.853125 0.3421875 0.0109375 0.015625
0 0.87109375 0.2078125 0.0125 0.0140625
0 0.16796875 0.13984375 0.0140625 0.0171875
0 0.1625 0.1921875 0.0140625 0.01875
1 0.03203125 0.396875 0.0140625 0.015625
1 0.7125 0.4984375 0.015625 0.0203125
0 0.21015625 0.0875 0.015625 0.01875
0 0.13984375 0.21484375 0.0140625 0.01875
1 0.3546875 0.28203125 0.0109375 0.0125
1 0.07578125 0.3328125 0.0125 0.015625
1 0.31015625 0.38671875 0.0140625 0.0171875
1 0.4515625 0.3703125 0.0140625 0.0171875
1 0.43984375 0.38125 0.0125 0.0171875
1 0.13046875 0.90703125 0.0171875 0.021875
1 0.1390625 0.271875 0.0125 0.0125
1 0.046875 0.39140625 0.015625 0.01875
1 0.59296875 0.28359375 0.0109375 0.0125
1 0.6140625 0.90078125 0.0140625 0.015625
0 0.121875 0.19296875 0.015625 0.0203125
1 0.13671875 0.2984375 0.0109375 0.0125
1 0.87734375 0.46328125 0.015625 0.01875
1 0.3953125 0.2625 0.0109375 0.0125
1 0.43359375 0.35390625 0.0140625 0.0171875
0 0.1421875 0.796875 0.0140625 0.0203125
1 0.1578125 0.3265625 0.0125 0.015625
1 0.92109375 0.99140625 0.0234375 0.0171875
0 0.2421875 0.12578125 0.0140625 0.0171875
1 0.8921875 0.35234375 0.0125 0.0140625
1 0.6703125 0.32578125 0.0125 0.0140625
1 0.14765625 0.3609375 0.0140625 0.0140625
0 0.86015625 0.1078125 0.015625 0.01875
1 0.540625 0.27890625 0.0125 0.0140625
0 0.8671875 0.1796875 0.0125 0.015625
1 0.4453125 0.64140625 0.015625 0.015625
1 0.84453125 0.3265625 0.0109375 0.0140625
1 0.58828125 0.91015625 0.0125 0.0125
1 0.690625 0.3640625 0.0109375 0.0140625
0 0.15625 0.76953125 0.0140625 0.01875
0 0.20390625 0.7265625 0.0140625 0.021875
1 0.32109375 0.35390625 0.0125 0.015625
0 0.78125 0.72109375 0.0125 0.0171875
1 0.19375 0.875 0.0140625 0.0171875
1 0.3640625 0.26796875 0.0109375 0.0125
1 0.17265625 0.26796875 0.0109375 0.0140625
1 0.64375 0.2921875 0.0109375 0.0140625
1 0.3671875 0.2984375 0.0109375 0.015625
1 0.9 0.29921875 0.0125 0.0125
1 0.8828125 0.359375 0.0125 0.0140625
0 0.2015625 0.10078125 0.0125 0.015625
0 0.84140625 0.0390625 0.0140625 0.0171875
1 0.3328125 0.37578125 0.0140625 0.015625
0 0.16484375 0.71484375 0.0140625 0.01875
1 0.12109375 0.2953125 0.0109375 0.0140625
0 0.8578125 0.23828125 0.0109375 0.0140625
1 0.15 0.30859375 0.0125 0.0140625
1 0.0390625 0.371875 0.0109375 0.0140625
1 0.62109375 0.275 0.009375 0.0125
1 0.49609375 0.26484375 0.0109375 0.015625
1 0.64296875 0.27578125 0.0109375 0.0125
1 0.109375 0.29921875 0.0125 0.0140625
1 0.18828125 0.26015625 0.0125 0.0125
1 0.378125 0.284375 0.0109375 0.0140625
1 0.9109375 0.3140625 0.0125 0.015625
1 0.9453125 0.65703125 0.015625 0.0171875
0 0.7953125 0.7828125 0.0125 0.0171875
0 0.19375 0.740625 0.0109375 0.0140625
0 0.1921875 0.178125 0.0140625 0.0171875
1 0.15625 0.86328125 0.0125 0.0125
1 0.13671875 0.865625 0.0125 0.0140625
0 0.78203125 0.7515625 0.0125 0.0171875
0 0.125 0.8 0.0140625 0.015625
1 0.6640625 0.29453125 0.0109375 0.0125
1 0.65859375 0.3015625 0.0109375 0.0140625
1 0.51875 0.2609375 0.0109375 0.0125
1 0.571875 0.3359375 0.0125 0.0140625
1 0.01015625 0.36796875 0.0109375 0.0140625
1 0.68671875 0.39609375 0.0140625 0.015625
1 0.01640625 0.38359375 0.015625 0.0171875
1 0.628125 0.26484375 0.0109375 0.0125
1 0.38671875 0.90078125 0.009375 0.009375
1 0.58046875 0.3375 0.0140625 0.0171875
1 0.66796875 0.309375 0.0125 0.0125
0 0.871875 0.79453125 0.0203125 0.025
0 0.871875 0.11171875 0.015625 0.0171875
1 0.37109375 0.25546875 0.0109375 0.0125
1 0.12890625 0.8515625 0.0109375 0.0140625
1 0.671875 0.28203125 0.0109375 0.0125
1 0.3484375 0.26328125 0.0125 0.0125
0 0.86875 0.0640625 0.015625 0.015625
1 0.06328125 0.625 0.015625 0.0125
1 0.00859375 0.40234375 0.0109375 0.0171875
1 0.69609375 0.88515625 0.0109375 0.0125
1 0.8015625 0.9 0.0125 0.015625
1 0.01640625 0.35234375 0.0171875 0.01875
1 0.6078125 0.26484375 0.0109375 0.0125
1 0.11953125 0.27578125 0.0125 0.0140625
1 0.59296875 0.27109375 0.0109375 0.0109375
1 0.15859375 0.84296875 0.0109375 0.0125
1 0.13125 0.88203125 0.0140625 0.0140625
0 0.29375 0.69765625 0.0109375 0.0140625
0 0.8609375 0.05234375 0.0171875 0.0203125
1 0.20625 0.86953125 0.0140625 0.015625
1 0.6984375 0.38671875 0.0109375 0.0125
1 0.565625 0.2609375 0.0109375 0.0125
1 0.05390625 0.3453125 0.0125 0.0140625
1 0.08515625 0.3046875 0.0140625 0.015625
1 0.9109375 0.29921875 0.0125 0.0125
0 0.85546875 0.06953125 0.0125 0.0140625
1 0.2140625 0.98046875 0.015625 0.0109375
1 0.0796875 0.9203125 0.0171875 0.0203125
1 0.409375 0.25625 0.0109375 0.0125
1 0.5328125 0.8796875 0.0125 0.0125
1 0.96328125 0.353125 0.0125 0.0140625
1 0.1078125 0.278125 0.0125 0.0125
1 0.0609375 0.33671875 0.0125 0.0125
1 0.9828125 0.44375 0.0140625 0.0171875
1 0.08984375 0.9171875 0.015625 0.021875
1 0.92265625 0.31875 0.0140625 0.0171875
0 0.23359375 0.68984375 0.0109375 0.0140625
0 0.25546875 0.69453125 0.0125 0.0140625
1 0.0390625 0.34609375 0.015625 0.015625
0 0.8609375 0.13046875 0.015625 0.015625
1 0.39765625 0.84921875 0.0125 0.0109375
1 0.30234375 0.3453125 0.0125 0.0125
1 0.93359375 0.3390625 0.0125 0.015625
1 0.10703125 0.96328125 0.0234375 0.0328125
1 0.15703125 0.97265625 0.0234375 0.0203125
0 0.078125 0.78515625 0.0109375 0.0140625
1 0.51171875 0.2578125 0.0140625 0.0125
0 0.0777223875 0.2429069125 0.08242186875 0.2611830484375 0.091254009375 0.2615510359375 0.0929668125 0.2504960390625 0.0846832609375 0.241806140625 0.0777223875 0.2429069125