4 0.921875 0.3625 0.109375 0.096875
2 0.78359375 0.234375 0.121875 0.0640625
4 0.43828125 0.3171875 0.10625 0.0859375
3 0.2484375 0.8421875 0.103125 0.0671875
1 0.10703125 0.5046875 0.04375 0.0171875
3 0.5765625 0.26015625 0.0921875 0.075
1 0.97578125 0.465625 0.0421875 0.0125
1 0.17421875 0.40703125 0.040625 0.0125
1 0.62421875 0.52421875 0.0421875 0.015625
1 0.203125 0.40078125 0.040625 0.0140625
1 0.79453125 0.46484375 0.040625 0.0125
1 0.73984375 0.60078125 0.04375 0.0171875
1 0.67109375 0.53125 0.0421875 0.015625
1 0.9140625 0.43046875 0.040625 0.0109375
1 0.58828125 0.43515625 0.0390625 0.0109375
1 0.8171875 0.94140625 0.0421875 0.0171875
1 0.63125 0.4671875 0.040625 0.0140625
1 0.5296875 0.39296875 0.040625 0.0109375
0 0.25625 0.15546875 0.0421875 0.015625
1 0.65078125 0.5421875 0.0421875 0.015625
1 0.71015625 0.56953125 0.04375 0.01875
1 0.20234375 0.90078125 0.046875 0.0203125
0 0.23984375 0.15234375 0.040625 0.0125
1 0.72578125 0.44375 0.0421875 0.0140625
1 0.46953125 0.35625 0.0390625 0.0109375
1 0.6921875 0.91015625 0.040625 0.0125
1 0.6671875 0.58828125 0.04375 0.0203125
1 0.7390625 0.58203125 0.04375 0.0125
1 0.13671875 0.91328125 0.0484375 0.0234375
1 0.275 0.49296875 0.0421875 0.0171875
1 0.62734375 0.40078125 0.040625 0.0109375
1 0.66953125 0.39375 0.040625 0.0109375
1 0.9390625 0.45703125 0.0421875 0.0140625
1 0.290625 0.4328125 0.0421875 0.0140625
1 0.6765625 0.5515625 0.0421875 0.015625
3 0.74375 0.86875 0.0921875 0.053125
1 0.61640625 0.38671875 0.0390625 0.009375
1 0.85625 0.640625 0.04375 0.0171875
1 0.46796875 0.390625 0.040625 0.0109375
1 0.540625 0.3609375 0.040625 0.0125
1 0.08203125 0.36484375 0.040625 0.0125
1 0.50390625 0.43671875 0.040625 0.0140625
0 0.92109375 0.1453125 0.040625 0.0109375
1 0.57109375 0.52890625 0.0421875 0.0171875
1 0.54609375 0.309375 0.0390625 0.009375
1 0.6015625 0.48515625 0.0421875 0.0125
1 0.3703125 0.5890625 0.04375 0.01875
1 0.35390625 0.58671875 0.04375 0.01875
1 0.971875 0.42578125 0.040625 0.0125
1 0.859375 0.45078125 0.0421875 0.0125
1 0.8328125 0.36875 0.0390625 0.0109375
1 0.58359375 0.34609375 0.040625 0.009375
1 0.3140625 0.878125 0.0421875 0.0125
1 0.34609375 0.89453125 0.0421875 0.0109375
0 0.8140625 0.75078125 0.040625 0.015625
1 0.5703125 0.46484375 0.0421875 0.0140625
1 0.684375 0.4359375 0.040625 0.0140625
1 0.02265625 0.3859375 0.040625 0.0125
1 0.425 0.59375 0.04375 0.01875
1 0.38984375 0.603125 0.04375 0.01875
0 0.26875 0.771875 0.040625 0.0125
1 0.48984375 0.35625 0.040625 0.0109375
1 0.7109375 0.3609375 0.040625 0.0125
0 0.30546875 0.1703125 0.040625 0.0125
1 0.365625 0.3421875 0.0390625 0.009375
1 0.56875 0.3453125 0.0390625 0.009375
1 0.59765625 0.3 0.0390625 0.009375
0 0.9375 0.271875 0.040625 0.0109375
1 0.8484375 0.4625 0.0421875 0.0125
1 0.5484375 0.47421875 0.0421875 0.015625
1 0.3078125 0.38125 0.040625 0.0125
1 0.56640625 0.321875 0.0390625 0.009375
1 0.521875 0.3296875 0.040625 0.009375
1 0.6484375 0.2890625 0.0390625 0.009375
1 0.6109375 0.31328125 0.040625 0.009375
1 0.11953125 0.9125 0.0484375 0.0234375
1 0.9875 0.44375 0.025 0.0125
1 0.83515625 0.40390625 0.0421875 0.0125
1 0.5125 0.396875 0.040625 0.0125
0 0.26328125 0.80625 0.0390625 0.0125
1 0.81796875 0.61796875 0.04375 0.01875
1 0.80703125 0.9890625 0.05 0.0171875
0 0.23125 0.13125 0.040625 0.0140625
1 0.571875 0.4234375 0.040625 0.0109375
0 0.9125 0.23671875 0.0421875 0.0140625
1 0.67109375 0.89765625 0.0390625 0.0109375
0 0.24453125 0.11328125 0.040625 0.015625
1 0.58359375 0.3828125 0.040625 0.0109375
1 0.06484375 0.39296875 0.0421875 0.0140625
0 0.25859375 0.2390625 0.0390625 0.0109375
0 0.28984375 0.19375 0.0390625 0.009375
1 0.44140625 0.44296875 0.0421875 0.0140625
0 0.30078125 0.196875 0.040625 0.0109375
1 0.46328125 0.37578125 0.040625 0.0109375
1 0.86953125 0.5765625 0.0421875 0.015625
1 0.47890625 0.39375 0.040625 0.0125
1 0.60234375 0.375 0.0390625 0.0109375
0 0.93671875 0.2 0.0421875 0.015625
0 0.91015625 0.1625 0.040625 0.0140625
1 0.65390625 0.36015625 0.040625 0.0109375
1 0.7078125 0.421875 0.0421875 0.0109375
1 0.6640625 0.909375 0.0421875 0.0125
1 0.49765625 0.325 0.0390625 0.0109375
1 0.496875 0.38515625 0.040625 0.0109375
1 0.82109375 0.39296875 0.040625 0.0109375
1 0.0734375 0.353125 0.040625 0.0109375
1 0.55 0.396875 0.040625 0.009375
1 0.340625 0.328125 0.0390625 0.0109375
1 0.8734375 0.9671875 0.046875 0.0203125
1 0.359375 0.8921875 0.0421875 0.0109375
0 0.2171875 0.165625 0.040625 0.0125
1 0.65 0.39140625 0.0390625 0.0109375
0 0.22734375 0.0125 0.0421875 0.0140625
0 0.8734375 0.0359375 0.04375 0.015625
1 0.3703125 0.30859375 0.0390625 0.009375
1 0.70859375 0.309375 0.0390625 0.0109375
0 0.325 0.215625 0.040625 0.0109375
1 0.29921875 0.4015625 0.040625 0.0125
1 0.7609375 0.8984375 0.0390625 0.009375
0 0.2828125 0.178125 0.040625 0.0125
1 0.5703125 0.403125 0.040625 0.0125
1 0.3515625 0.33359375 0.0390625 0.0109375
1 0.42265625 0.56953125 0.0421875 0.0140625
1 0.784375 0.88671875 0.0375 0.0078125
1 0.03984375 0.37109375 0.040625 0.0109375
1 0.6 0.89140625 0.0390625 0.0140625
1 0.115625 0.878125 0.0421875 0.0140625
1 0.7 0.39453125 0.040625 0.0109375
1 0.6609375 0.33515625 0.0390625 0.0109375
1 0.28125 0.6328125 0.0390625 0.0078125
1 0.3109375 0.41015625 0.0421875 0.0109375
1 0.83671875 0.9796875 0.0484375 0.0265625
1 0.609375 0.47109375 0.040625 0.0140625
0 0.81875 0.803125 0.04375 0.0203125
1 0.5671875 0.37109375 0.040625 0.009375
1 0.80390625 0.42265625 0.0421875 0.0109375
1 0.61328125 0.3609375 0.040625 0.009375
1 0.5578125 0.38359375 0.040625 0.0109375
1 0.15234375 0.2359375 0.0375 0.009375
1 0.6359375 0.315625 0.040625 0.009375
1 0.55546875 0.45234375 0.040625 0.0109375
1 0.5296875 0.378125 0.040625 0.009375
1 0.1203125 0.26953125 0.040625 0.0125
0 0.80625 0.734375 0.040625 0.0140625
1 0.528125 0.90703125 0.040625 0.0078125
1 0.63671875 0.36953125 0.0390625 0.009375
1 0.63515625 0.29765625 0.040625 0.009375
1 0.35390625 0.2921875 0.0375 0.009375
1 0.121875 0.24609375 0.0390625 0.0078125
1 0.6875 0.390625 0.0390625 0.0109375
1 0.696875 0.41796875 0.040625 0.0125
1 0.58046875 0.87734375 0.0375 0.0078125
1 0.38984375 0.31484375 0.0390625 0.0109375
1 0.57109375 0.87578125 0.0375 0.0078125
1 0.3328125 0.39765625 0.0421875 0.0140625
1 0.61015625 0.34765625 0.040625 0.0078125
1 0.69453125 0.8875 0.0390625 0.009375
1 0.54453125 0.4296875 0.040625 0.0125
1 0.3703125 0.28359375 0.0375 0.0078125
1 0.165625 0.2359375 0.0390625 0.0078125
1 0.06171875 0.36875 0.040625 0.009375
1 0.1328125 0.24140625 0.0375 0.0078125
1 0.6234375 0.35546875 0.040625 0.0109375
1 0.79296875 0.965625 0.0453125 0.0234375
1 0.784375 0.93046875 0.0421875 0.015625
1 0.85859375 0.3578125 0.040625 0.009375
0 0.9 0.07734375 0.04375 0.015625
1 0.17109375 0.8484375 0.0375 0.00625
1 0.8046875 0.91796875 0.0453125 0.0125
1 0.58671875 0.4140625 0.0390625 0.009375
0 0.2703125 0.73515625 0.040625 0.015625
1 0.62265625 0.3140625 0.040625 0.009375
4 0.846875 0.8921875 0.1015625 0.0765625
1 0.38125 0.31796875 0.0390625 0.009375
1 0.55625 0.42890625 0.0421875 0.0125
1 0.36953125 0.2703125 0.0390625 0.0078125
1 0.07109375 0.8890625 0.04375 0.0203125
1 0.1875 0.89921875 0.04375 0.0171875
1 0.0375 0.3109375 0.0390625 0.009375
1 0.78828125 0.99375 0.05 0.0078125
1 0.65078125 0.32421875 0.0390625 0.009375
1 0.1640625 0.88671875 0.04375 0.0171875
1 0.978125 0.3921875 0.040625 0.0109375
1 0.09609375 0.8578125 0.040625 0.0109375
1 0.65546875 0.31015625 0.0390625 0.0078125
1 0.55703125 0.46796875 0.040625 0.0125
0 0.8890625 0.04609375 0.0421875 0.0140625
1 0.54609375 0.409375 0.040625 0.009375
1 0.03203125 0.9 0.046875 0.025
1 0.071875 0.309375 0.040625 0.0109375
0 0.24765625 0.00625 0.040625 0.0078125
2 0.26796875 0.19375 0.125 0.0546875
1 0.19765625 0.84609375 0.0375 0.00625
1 0.5234375 0.26015625 0.0390625 0.009375
1 0.05234375 0.35625 0.040625 0.0109375
1 0.92265625 0.4171875 0.0390625 0.0078125
1 0.5953125 0.34765625 0.0421875 0.0109375
0 0.91953125 0.159375 0.040625 0.0109375
1 0.6140625 0.28671875 0.0390625 0.009375
1 0.62421875 0.33984375 0.040625 0.009375
1 0.7875 0.915625 0.0390625 0.009375
1 0.66875 0.33515625 0.0390625 0.0109375
1 0.68125 0.3703125 0.040625 0.0109375
1 0.89375 0.30078125 0.0375 0.0078125
1 0.14453125 0.88828125 0.040625 0.0140625
1 0.66796875 0.36015625 0.040625 0.0109375
1 0.359375 0.284375 0.0375 0.00625
1 0.8078125 0.9 0.0390625 0.009375
1 0.03046875 0.3578125 0.040625 0.0078125
1 0.11015625 0.2640625 0.0390625 0.0078125
1 0.96640625 0.39140625 0.040625 0.0109375
1 0.02578125 0.36796875 0.0421875 0.0078125
1 0.6734375 0.36796875 0.0390625 0.009375
1 0.73203125 0.9015625 0.0421875 0.0109375
0 0.39921875 0.71015625 0.0390625 0.0109375
1 0.578125 0.8625 0.0375 0.00625
1 0.74296875 0.8953125 0.0390625 0.009375
1 0.31953125 0.39921875 0.0421875 0.009375
0 0.21640625 0.05703125 0.040625 0.0140625
1 0.60703125 0.28203125 0.0375 0.0078125
1 0.37890625 0.6078125 0.040625 0.0109375
1 0.0921875 0.26484375 0.0390625 0.009375
1 0.89375 0.9625 0.04375 0.0171875
1 0.70859375 0.88671875 0.040625 0.009375
1 0.9875 0.41484375 0.025 0.0203125
1 0.4265625 0.884375 0.0375 0.00625
1 0.865625 0.92578125 0.040625 0.0125
1 0.64609375 0.30546875 0.040625 0.0109375
1 0.58203125 0.42734375 0.0390625 0.009375
1 0.67734375 0.3453125 0.040625 0.0109375
1 0.8296875 0.3921875 0.040625 0.009375
0 0.89765625 0.0578125 0.040625 0.0125
1 0.73671875 0.64296875 0.0390625 0.0046875
0 0.8296875 0.85625 0.0390625 0.0078125
1 0.60859375 0.2671875 0.0375 0.0078125