2 0.23203125 0.2203125 0.1015625 0.0671875
4 0.621875 0.315625 0.0828125 0.090625
4 0.33828125 0.31328125 0.0921875 0.0921875
3 0.23515625 0.8625 0.071875 0.065625
2 0.746875 0.20390625 0.10625 0.0609375
1 0.26875 0.48359375 0.0234375 0.021875
1 0.9515625 0.41328125 0.0234375 0.0203125
4 0.55703125 0.5390625 0.1015625 0.171875
1 0.796875 0.91484375 0.0265625 0.0265625
1 0.2421875 0.56796875 0.0265625 0.025
1 0.09296875 0.40234375 0.021875 0.0203125
1 0.09140625 0.4640625 0.0234375 0.021875
1 0.2578125 0.6078125 0.0265625 0.0265625
1 0.88828125 0.3375 0.021875 0.01875
1 0.265625 0.4578125 0.0234375 0.021875
1 0.01796875 0.52109375 0.0265625 0.0234375
1 0.93828125 0.36640625 0.021875 0.0203125
1 0.640625 0.45859375 0.0234375 0.0234375
1 0.2921875 0.5046875 0.025 0.021875
1 0.675 0.37890625 0.021875 0.01875
1 0.028125 0.46796875 0.025 0.021875
1 0.8078125 0.40078125 0.021875 0.0203125
1 0.0734375 0.628125 0.0265625 0.0234375
1 0.315625 0.35703125 0.021875 0.01875
1 0.07890625 0.53125 0.025 0.025
1 0.31796875 0.48515625 0.0234375 0.021875
1 0.73046875 0.6390625 0.025 0.0234375
1 0.7453125 0.5171875 0.0234375 0.0234375
1 0.025 0.43984375 0.0234375 0.0203125
1 0.6734375 0.4203125 0.0234375 0.021875
1 0.184375 0.903125 0.0234375 0.0234375
1 0.3984375 0.3078125 0.0203125 0.01875
1 0.09609375 0.58984375 0.0265625 0.0265625
1 0.21484375 0.9328125 0.0265625 0.0296875
1 0.23203125 0.50625 0.0234375 0.021875
1 0.39375 0.59609375 0.0265625 0.0265625
1 0.32265625 0.51171875 0.025 0.0234375
0 0.72734375 0.215625 0.021875 0.01875
1 0.71171875 0.51484375 0.025 0.025
1 0.7484375 0.56875 0.025 0.0265625
1 0.88515625 0.55 0.025 0.0234375
1 0.82578125 0.290625 0.021875 0.0171875
1 0.915625 0.54921875 0.0265625 0.025
1 0.6921875 0.38984375 0.0234375 0.01875
1 0.85 0.9265625 0.028125 0.0296875
1 0.64765625 0.38671875 0.0234375 0.0203125
1 0.909375 0.50390625 0.025 0.025
1 0.06484375 0.3421875 0.021875 0.01875
1 0.55859375 0.42578125 0.0234375 0.0203125
1 0.31953125 0.41953125 0.021875 0.0203125
1 0.6765625 0.34296875 0.0203125 0.01875
1 0.2671875 0.52421875 0.0234375 0.021875
1 0.25625 0.52421875 0.0234375 0.0203125
1 0.96875 0.37578125 0.021875 0.01875
1 0.3640625 0.40234375 0.0234375 0.01875
1 0.3796875 0.39609375 0.0234375 0.01875
1 0.19140625 0.42890625 0.0234375 0.021875
1 0.665625 0.8859375 0.0203125 0.01875
1 0.090625 0.30078125 0.021875 0.0171875
1 0.68203125 0.87421875 0.0203125 0.0171875
1 0.54921875 0.40703125 0.0234375 0.0203125
1 0.0375 0.39140625 0.0234375 0.0203125
1 0.82421875 0.259375 0.0203125 0.015625
1 0.2125 0.97578125 0.03125 0.034375
1 0.153125 0.921875 0.025 0.0203125
1 0.88984375 0.31953125 0.021875 0.0171875
1 0.5484375 0.365625 0.0234375 0.01875
1 0.00546875 0.43359375 0.0109375 0.0171875
1 0.85234375 0.628125 0.0265625 0.025
1 0.59921875 0.3734375 0.0234375 0.0203125
1 0.49375 0.3875 0.021875 0.021875
1 0.39765625 0.38203125 0.0234375 0.01875
1 0.3859375 0.3421875 0.021875 0.015625
1 0.35234375 0.38828125 0.0234375 0.01875
1 0.48515625 0.459375 0.021875 0.01875
1 0.81484375 0.86953125 0.0203125 0.0140625
1 0.67734375 0.3 0.0203125 0.015625
1 0.375 0.3796875 0.0234375 0.0171875
1 0.57890625 0.33515625 0.0203125 0.0171875
1 0.3890625 0.38515625 0.021875 0.0203125
1 0.40703125 0.34609375 0.021875 0.01875
1 0.26171875 0.97734375 0.0328125 0.0390625
1 0.53828125 0.44609375 0.0234375 0.021875
1 0.54453125 0.88828125 0.01875 0.015625
1 0.73828125 0.8625 0.01875 0.0140625
1 0.67734375 0.28671875 0.0203125 0.015625
1 0.8609375 0.253125 0.0203125 0.015625
3 0.440625 0.54296875 0.0859375 0.134375
1 0.82109375 0.88359375 0.0234375 0.01875
1 0.98359375 0.3953125 0.0234375 0.015625
1 0.03046875 0.41640625 0.01875 0.0171875
1 0.11875 0.3 0.021875 0.0171875
1 0.94296875 0.334375 0.021875 0.0203125
1 0.1359375 0.296875 0.021875 0.0171875
1 0.48125 0.2640625 0.01875 0.015625
3 0.42578125 0.8265625 0.0765625 0.0515625
1 0.18828125 0.4046875 0.021875 0.01875
1 0.25390625 0.50625 0.0234375 0.0203125
1 0.98515625 0.4109375 0.0234375 0.01875
1 0.71875 0.8671875 0.0234375 0.0171875
1 0.334375 0.36796875 0.0234375 0.0171875
1 0.45390625 0.8734375 0.0203125 0.0140625
1 0.84140625 0.47578125 0.0234375 0.0203125
1 0.165625 0.278125 0.0203125 0.015625
1 0.42265625 0.875 0.021875 0.0125
1 0.3671875 0.3484375 0.021875 0.015625
1 0.92578125 0.3140625 0.021875 0.01875
1 0.540625 0.64453125 0.025 0.01875
1 0.784375 0.8671875 0.021875 0.015625
1 0.13828125 0.28125 0.0203125 0.0140625
1 0.96640625 0.3453125 0.0203125 0.015625
1 0.64140625 0.26171875 0.0203125 0.015625
1 0.31953125 0.40625 0.021875 0.01875
1 0.68828125 0.375 0.021875 0.015625
1 0.2671875 0.88203125 0.0203125 0.0171875
1 0.36953125 0.36328125 0.021875 0.01875
1 0.13828125 0.9765625 0.0265625 0.03125
1 0.39375 0.6234375 0.0234375 0.015625
1 0.40390625 0.871875 0.0203125 0.0140625
1 0.97109375 0.33359375 0.0203125 0.0171875
1 0.6484375 0.89453125 0.025 0.0234375
1 0.02890625 0.36796875 0.021875 0.01875
1 0.86484375 0.88984375 0.0203125 0.0171875
1 0.39375 0.3609375 0.0234375 0.0203125
1 0.440625 0.87578125 0.01875 0.0140625
1 0.671875 0.85625 0.01875 0.0140625
1 0.0140625 0.4 0.021875 0.0171875
1 0.2328125 0.9578125 0.028125 0.03125
1 0.1546875 0.93828125 0.025 0.01875
1 0.35625 0.371875 0.021875 0.01875
1 0.89140625 0.2734375 0.0203125 0.015625
1 0.121875 0.9390625 0.0265625 0.025
1 0.34609375 0.375 0.0234375 0.01875
1 0.89140625 0.8828125 0.0234375 0.0203125
1 0.10703125 0.9328125 0.0265625 0.025
1 0.2609375 0.6484375 0.0234375 0.0125
1 0.12578125 0.9078125 0.0203125 0.015625
1 0.525 0.25625 0.021875 0.015625
1 0.77578125 0.86484375 0.01875 0.015625
1 0.84921875 0.9015625 0.0203125 0.01875
1 0.17890625 0.278125 0.0203125 0.015625
1 0.91796875 0.2875 0.021875 0.0171875
1 0.3296875 0.8921875 0.025 0.021875
1 0.4203125 0.62421875 0.021875 0.0140625
1 0.290625 0.62734375 0.0234375 0.0171875
1 0.275 0.91171875 0.0203125 0.0140625
1 0.15234375 0.959375 0.0265625 0.028125
1 0.39453125 0.2609375 0.0234375 0.015625
1 0.6140625 0.25546875 0.01875 0.015625
1 0.86875 0.25703125 0.0203125 0.015625
1 0.40390625 0.26015625 0.0203125 0.0171875
1 0.8859375 0.25546875 0.021875 0.0171875
1 0.54296875 0.87421875 0.0203125 0.0140625
1 0.415625 0.26484375 0.0203125 0.0171875
1 0.95078125 0.3453125 0.0203125 0.015625
1 0.11796875 0.284375 0.021875 0.0171875
1 0.91171875 0.90234375 0.021875 0.0171875
1 0.51171875 0.2578125 0.021875 0.0171875
1 0.084375 0.88828125 0.0203125 0.0171875
1 0.37734375 0.26484375 0.021875 0.01875
1 0.046875 0.3484375 0.021875 0.0171875
1 0.10546875 0.90390625 0.021875 0.021875
1 0.26875 0.91796875 0.0203125 0.021875
1 0.9046875 0.28046875 0.021875 0.015625
1 0.559375 0.88125 0.0203125 0.015625
1 0.1015625 0.29140625 0.021875 0.01875
1 0.8578125 0.90703125 0.0234375 0.021875
4 0.2625 0.0078125 0.0765625 0.0125
1 0.20078125 0.39921875 0.0234375 0.0171875
1 0.09140625 0.90625 0.021875 0.0203125
1 0.20078125 0.42421875 0.0234375 0.01875
1 0.36796875 0.26796875 0.0203125 0.015625
1 0.58984375 0.48984375 0.0234375 0.0171875
1 0.30390625 0.89140625 0.025 0.0234375
1 0.1265625 0.28046875 0.021875 0.0171875
1 0.1109375 0.87578125 0.01875 0.0140625
1 0.4234375 0.259375 0.0234375 0.015625
1 0.9015625 0.8828125 0.021875 0.01875