2 0.77109375 0.21953125 0.109375 0.0640625
3 0.878125 0.3390625 0.0875 0.0921875
4 0.578125 0.30859375 0.0875 0.0828125
3 0.609375 0.43046875 0.096875 0.1171875
1 0.92109375 0.51484375 0.034375 0.0265625
1 0.76640625 0.46484375 0.0328125 0.0234375
1 0.51796875 0.4546875 0.03125 0.021875
1 0.43125 0.453125 0.0328125 0.0234375
1 0.7 0.46328125 0.0328125 0.0234375
1 0.9078125 0.434375 0.03125 0.0234375
1 0.68125 0.49296875 0.034375 0.0234375
2 0.25 0.2265625 0.109375 0.0546875
1 0.12734375 0.4296875 0.03125 0.0203125
1 0.590625 0.88125 0.0328125 0.0203125
1 0.79140625 0.59296875 0.0328125 0.0203125
1 0.66953125 0.44453125 0.03125 0.021875
1 0.39140625 0.44375 0.03125 0.0234375
1 0.94453125 0.4328125 0.034375 0.021875
1 0.5203125 0.42109375 0.03125 0.0203125
4 0.1046875 0.828125 0.0625 0.0578125
1 0.465625 0.39609375 0.03125 0.0203125
1 0.88046875 0.3984375 0.03125 0.0203125
1 0.63203125 0.35703125 0.03125 0.0203125
1 0.11484375 0.3859375 0.03125 0.0203125
1 0.64921875 0.340625 0.0296875 0.01875
1 0.89609375 0.39765625 0.03125 0.021875
1 0.26875 0.878125 0.03125 0.021875
1 0.1578125 0.3828125 0.03125 0.0203125
1 0.44765625 0.4765625 0.0328125 0.0234375
1 0.4453125 0.39453125 0.03125 0.0203125
1 0.790625 0.496875 0.0328125 0.0234375
1 0.121875 0.359375 0.03125 0.0203125
1 0.971875 0.40390625 0.0328125 0.0203125
3 0.834375 0.83828125 0.071875 0.071875
1 0.57890625 0.36796875 0.0296875 0.01875
1 0.5796875 0.896875 0.034375 0.025
1 0.69921875 0.44453125 0.03125 0.0203125
1 0.68046875 0.3328125 0.03125 0.0203125
4 0.11328125 0.30078125 0.078125 0.0890625
1 0.740625 0.5828125 0.0375 0.0265625
1 0.540625 0.50625 0.03125 0.021875
1 0.9765625 0.43125 0.034375 0.021875
1 0.540625 0.4859375 0.03125 0.0234375
1 0.9234375 0.88828125 0.0328125 0.0234375
1 0.92265625 0.365625 0.03125 0.0203125
1 0.9703125 0.47734375 0.034375 0.0234375
1 0.36796875 0.396875 0.03125 0.021875
1 0.54453125 0.37109375 0.03125 0.0171875
1 0.88984375 0.42265625 0.03125 0.021875
1 0.69765625 0.371875 0.03125 0.0203125
1 0.70546875 0.41875 0.03125 0.01875
1 0.46953125 0.35390625 0.03125 0.01875
1 0.85859375 0.59453125 0.034375 0.0203125
1 0.68359375 0.87109375 0.0296875 0.0203125
1 0.5109375 0.3421875 0.03125 0.0171875
1 0.7671875 0.58359375 0.034375 0.025
1 0.56953125 0.33984375 0.0296875 0.01875
1 0.05546875 0.3796875 0.03125 0.0171875
1 0.69609375 0.56015625 0.034375 0.028125
1 0.3328125 0.38046875 0.03125 0.0203125
1 0.84140625 0.41953125 0.03125 0.021875
1 0.53046875 0.8890625 0.034375 0.028125
1 0.315625 0.86640625 0.03125 0.0203125
1 0.328125 0.40078125 0.03125 0.0203125
1 0.1734375 0.86640625 0.03125 0.0203125
1 0.8125 0.4328125 0.03125 0.0203125
1 0.79375 0.6390625 0.0359375 0.0265625
1 0.5609375 0.39375 0.03125 0.01875
1 0.7125 0.53671875 0.034375 0.0265625
1 0.95703125 0.42265625 0.034375 0.0203125
1 0.034375 0.3875 0.03125 0.0203125
1 0.63515625 0.86953125 0.034375 0.0234375
1 0.571875 0.39296875 0.03125 0.0171875
1 0.09375 0.8671875 0.03125 0.0203125
1 0.47265625 0.41640625 0.0328125 0.0203125
1 0.37734375 0.36015625 0.03125 0.0203125
1 0.309375 0.39921875 0.03125 0.0203125
1 0.35 0.39921875 0.03125 0.0203125
1 0.34140625 0.87578125 0.03125 0.0234375
1 0.7234375 0.56171875 0.034375 0.0265625
1 0.95703125 0.4609375 0.034375 0.0234375
1 0.5046875 0.38828125 0.0296875 0.0203125
1 0.38046875 0.31953125 0.028125 0.0171875
1 0.69609375 0.59765625 0.03125 0.015625
1 0.16640625 0.4484375 0.0328125 0.021875
1 0.71484375 0.3421875 0.03125 0.0203125
1 0.1671875 0.30703125 0.03125 0.0203125
1 0.8984375 0.93046875 0.0375 0.03125
0 0.76328125 0.73515625 0.0390625 0.0390625
1 0.43359375 0.3421875 0.028125 0.0171875
1 0.19765625 0.41484375 0.0328125 0.021875
1 0.54765625 0.40546875 0.0328125 0.0234375
1 0.19140625 0.3078125 0.028125 0.015625
1 0.22109375 0.8640625 0.03125 0.0203125
1 0.76171875 0.5078125 0.03125 0.0171875
1 0.40859375 0.3 0.0296875 0.0171875
1 0.52109375 0.30078125 0.0296875 0.0171875
1 0.39296875 0.321875 0.028125 0.0171875
1 0.91796875 0.38984375 0.03125 0.0203125
0 0.77734375 0.978125 0.0453125 0.0421875
0 0.74609375 0.9703125 0.040625 0.03125
1 0.5515625 0.34375 0.03125 0.01875
1 0.521875 0.359375 0.03125 0.0203125
1 0.45546875 0.3390625 0.0296875 0.015625
1 0.70234375 0.621875 0.034375 0.025
1 0.84921875 0.88515625 0.034375 0.0234375
1 0.44375 0.346875 0.028125 0.0171875
1 0.73515625 0.5453125 0.034375 0.0234375
1 0.9875 0.371875 0.025 0.021875
1 0.3328125 0.875 0.03125 0.0234375
1 0.5671875 0.42109375 0.0296875 0.0203125
1 0.44921875 0.3671875 0.03125 0.01875
1 0.959375 0.4453125 0.0328125 0.0171875
1 0.725 0.62578125 0.0328125 0.0265625
1 0.1734375 0.4375 0.03125 0.0203125
1 0.52890625 0.321875 0.03125 0.0171875
1 0.8203125 0.8953125 0.034375 0.0265625
1 0.70546875 0.434375 0.03125 0.0203125
1 0.9359375 0.91953125 0.0359375 0.03125
1 0.13046875 0.83984375 0.0296875 0.015625
1 0.76015625 0.55625 0.034375 0.025
1 0.68515625 0.39765625 0.0328125 0.021875
1 0.7390625 0.50234375 0.0328125 0.0171875
1 0.72421875 0.5234375 0.034375 0.025
1 0.834375 0.621875 0.0375 0.0265625
1 0.48828125 0.34296875 0.0328125 0.0171875
4 0.74765625 0.88828125 0.159375 0.1703125
1 0.73671875 0.51640625 0.034375 0.021875
1 0.878125 0.61640625 0.0375 0.025
1 0.89453125 0.64453125 0.0359375 0.0203125
1 0.82734375 0.30078125 0.0296875 0.0171875
1 0.84765625 0.30078125 0.03125 0.0171875
1 0.45859375 0.84453125 0.028125 0.0171875
1 0.77265625 0.5625 0.0328125 0.021875
1 0.78359375 0.57109375 0.0328125 0.025
1 0.359375 0.29921875 0.03125 0.0171875
1 0.81640625 0.971875 0.04375 0.0453125
1 0.4953125 0.3359375 0.03125 0.0203125
0 0.72265625 0.98828125 0.0421875 0.0234375
1 0.8359375 0.87421875 0.03125 0.0203125
1 0.5578125 0.409375 0.03125 0.0203125
1 0.90625 0.39375 0.03125 0.0203125
1 0.21953125 0.8390625 0.028125 0.0140625
1 0.20390625 0.83984375 0.0296875 0.0140625
1 0.7078125 0.32421875 0.0296875 0.0203125
1 0.66953125 0.3734375 0.03125 0.0171875
1 0.90625 0.9859375 0.0375 0.0265625
1 0.45703125 0.328125 0.0296875 0.015625
1 0.7421875 0.5671875 0.0375 0.0171875
1 0.8203125 0.87421875 0.034375 0.021875
1 0.42890625 0.3171875 0.028125 0.0171875
1 0.1578125 0.83984375 0.028125 0.0140625
1 0.85625 0.61796875 0.0375 0.0234375
1 0.87578125 0.64375 0.034375 0.0203125
1 0.66875 0.4 0.03125 0.01875
1 0.07734375 0.853125 0.03125 0.01875
1 0.24921875 0.98671875 0.0453125 0.0265625
1 0.25703125 0.8359375 0.028125 0.0140625
1 0.50390625 0.29921875 0.028125 0.0171875
1 0.70390625 0.6453125 0.0328125 0.0171875
1 0.66015625 0.384375 0.03125 0.0203125
1 0.8578125 0.98046875 0.04375 0.0390625
1 0.57265625 0.446875 0.03125 0.0171875
1 0.234375 0.84609375 0.0296875 0.0171875
1 0.53046875 0.8484375 0.0296875 0.0171875
1 0.9453125 0.340625 0.03125 0.0203125
1 0.571875 0.78125 0.03125 0.0171875
1 0.071875 0.35234375 0.0328125 0.0203125
1 0.67109375 0.38359375 0.0328125 0.0203125
1 0.29609375 0.990625 0.0390625 0.01875
1 0.05546875 0.3578125 0.03125 0.0171875
1 0.078125 0.321875 0.03125 0.0171875
1 0.896875 0.85390625 0.03125 0.01875
1 0.56875 0.84765625 0.03125 0.0140625
1 0.65078125 0.3796875 0.0328125 0.01875
1 0.5546875 0.4265625 0.028125 0.0171875
1 0.57109375 0.83359375 0.0296875 0.015625
1 0.75703125 0.53515625 0.03125 0.0203125
1 0.05078125 0.3671875 0.034375 0.0171875