4 0.6015625 0.35625 0.084375 0.096875
2 0.2296875 0.2203125 0.0890625 0.059375
3 0.340625 0.334375 0.06875 0.08125
4 0.82578125 0.359375 0.0578125 0.08125
1 0.22734375 0.5546875 0.0140625 0.021875
1 0.02734375 0.41796875 0.0125 0.0171875
1 0.5703125 0.90078125 0.0140625 0.015625
1 0.35234375 0.484375 0.0140625 0.0203125
1 0.91953125 0.51796875 0.0140625 0.021875
1 0.90546875 0.4515625 0.0125 0.0171875
1 0.9296875 0.57109375 0.0140625 0.0203125
1 0.18203125 0.446875 0.0109375 0.01875
2 0.7515625 0.2265625 0.0921875 0.0484375
1 0.69921875 0.575 0.0140625 0.021875
1 0.540625 0.38515625 0.0109375 0.015625
1 0.6265625 0.428125 0.0109375 0.015625
3 0.609375 0.49453125 0.1171875 0.128125
1 0.86796875 0.39609375 0.0109375 0.015625
1 0.740625 0.5078125 0.0125 0.01875
1 0.70390625 0.4828125 0.0140625 0.01875
1 0.99375 0.56875 0.0125 0.021875
1 0.38125 0.88671875 0.0140625 0.021875
1 0.69375 0.43125 0.0109375 0.015625
1 0.51484375 0.58828125 0.015625 0.01875
1 0.6671875 0.46875 0.0109375 0.0171875
1 0.66953125 0.45078125 0.0109375 0.0171875
1 0.4015625 0.359375 0.0109375 0.015625
1 0.64609375 0.425 0.0109375 0.015625
1 0.6546875 0.4015625 0.0109375 0.015625
1 0.48984375 0.365625 0.0109375 0.015625
1 0.05390625 0.36875 0.0109375 0.015625
1 0.3796875 0.86953125 0.0109375 0.015625
1 0.1421875 0.8953125 0.0140625 0.0203125
1 0.88984375 0.4359375 0.0125 0.01875
1 0.45390625 0.35859375 0.0109375 0.015625
1 0.71484375 0.5609375 0.0140625 0.021875
1 0.8765625 0.425 0.0109375 0.0171875
1 0.89375 0.384375 0.0109375 0.015625
1 0.3328125 0.86015625 0.0109375 0.0171875
1 0.2890625 0.428125 0.0109375 0.0171875
1 0.675 0.4359375 0.0109375 0.015625
1 0.021875 0.3828125 0.0125 0.015625
1 0.29375 0.61875 0.0140625 0.01875
1 0.721875 0.47890625 0.0125 0.0171875
1 0.81875 0.4046875 0.0109375 0.015625
1 0.665625 0.4203125 0.0109375 0.015625
1 0.690625 0.396875 0.0109375 0.015625
1 0.99609375 0.4515625 0.0078125 0.015625
1 0.16328125 0.8890625 0.0125 0.0203125
1 0.3015625 0.42109375 0.0125 0.015625
1 0.4015625 0.34296875 0.0109375 0.0140625
1 0.38828125 0.40703125 0.0125 0.01875
1 0.54296875 0.33359375 0.009375 0.0140625
1 0.50078125 0.3984375 0.0109375 0.015625
1 0.91875 0.38203125 0.0109375 0.015625
1 0.74296875 0.53203125 0.0109375 0.01875
1 0.003125 0.4234375 0.00625 0.015625
1 0.51875 0.4078125 0.0109375 0.015625
1 0.03203125 0.39921875 0.0109375 0.015625
1 0.65625 0.36953125 0.009375 0.0125
1 0.90078125 0.646875 0.0140625 0.01875
1 0.8078125 0.4 0.0140625 0.021875
1 0.43671875 0.35078125 0.0109375 0.015625
1 0.709375 0.4609375 0.0109375 0.015625
1 0.47265625 0.5609375 0.0140625 0.021875
1 0.959375 0.4203125 0.0109375 0.015625
1 0.52109375 0.43671875 0.0109375 0.01875
1 0.03046875 0.36484375 0.0109375 0.0140625
1 0.9484375 0.4296875 0.0125 0.015625
1 0.6921875 0.3390625 0.0109375 0.015625
1 0.53984375 0.6453125 0.0109375 0.015625
1 0.92109375 0.40234375 0.0109375 0.01875
1 0.63984375 0.86640625 0.009375 0.015625
1 0.1578125 0.3015625 0.009375 0.0125
1 0.1203125 0.328125 0.009375 0.0125
1 0.50625 0.35546875 0.0109375 0.0125
1 0.51015625 0.37265625 0.0109375 0.015625
1 0.51015625 0.4265625 0.0109375 0.01875
1 0.096875 0.321875 0.0109375 0.0140625
1 0.47265625 0.62265625 0.0140625 0.025
1 0.16953125 0.31796875 0.0078125 0.0125
1 0.1953125 0.94921875 0.021875 0.0359375
1 0.934375 0.42421875 0.0109375 0.015625
1 0.3921875 0.33671875 0.009375 0.0140625
1 0.4140625 0.3109375 0.009375 0.0125
1 0.21875 0.83984375 0.0078125 0.0109375
1 0.88515625 0.353125 0.009375 0.0125
1 0.08203125 0.8703125 0.0109375 0.015625
1 0.546875 0.865625 0.0109375 0.0171875
0 0.6765625 0.234375 0.009375 0.0140625
1 0.2609375 0.840625 0.0078125 0.0109375
0 0.553125 0.24453125 0.015625 0.0234375
1 0.53359375 0.303125 0.0109375 0.0125
1 0.5578125 0.365625 0.0078125 0.0125
1 0.671875 0.3890625 0.0109375 0.0140625
1 0.19375 0.8421875 0.0078125 0.0109375
1 0.08359375 0.31484375 0.0109375 0.0125
1 0.06328125 0.33125 0.0109375 0.0140625
1 0.72109375 0.45625 0.0109375 0.0125
1 0.30234375 0.4078125 0.0109375 0.0140625
1 0.125 0.94609375 0.01875 0.028125
1 0.465625 0.646875 0.0109375 0.009375
1 0.74765625 0.640625 0.0140625 0.021875
1 0.6703125 0.3578125 0.009375 0.0125
1 0.471875 0.29921875 0.0109375 0.0125
1 0.675 0.41953125 0.0125 0.015625
1 0.67890625 0.37265625 0.009375 0.0125
1 0.14609375 0.30078125 0.009375 0.0125
1 0.575 0.29765625 0.0109375 0.0125
1 0.1734375 0.95 0.0203125 0.034375
1 0.1015625 0.8765625 0.0125 0.015625
1 0.25625 0.8453125 0.0078125 0.0109375
1 0.11171875 0.87265625 0.0109375 0.0140625
1 0.10546875 0.30625 0.0125 0.015625
1 0.85234375 0.61875 0.0140625 0.021875
1 0.04296875 0.93046875 0.0171875 0.025
1 0.646875 0.35234375 0.009375 0.0125
1 0.940625 0.41015625 0.0125 0.015625
1 0.640625 0.31875 0.009375 0.0140625
1 0.23515625 0.8484375 0.0109375 0.0125
1 0.09296875 0.98984375 0.0234375 0.01875
1 0.121875 0.8515625 0.0078125 0.0125
1 0.1296875 0.29921875 0.0109375 0.0125
1 0.06171875 0.925 0.0171875 0.03125
1 0.678125 0.840625 0.0078125 0.0109375
1 0.928125 0.41015625 0.0109375 0.0125
1 0.3890625 0.29453125 0.0109375 0.0125
1 0.87578125 0.62421875 0.0140625 0.01875
1 0.153125 0.9484375 0.0203125 0.028125
1 0.1453125 0.878125 0.0078125 0.009375
1 0.94453125 0.38359375 0.0109375 0.0125
1 0.6140625 0.31796875 0.009375 0.0109375
1 0.946875 0.39453125 0.009375 0.0140625
1 0.6109375 0.29921875 0.0109375 0.0109375
1 0.125 0.3171875 0.0109375 0.0125
1 0.571875 0.2796875 0.0109375 0.0171875
1 0.67265625 0.34375 0.0109375 0.0140625
1 0.67109375 0.375 0.009375 0.0125
1 0.64921875 0.32265625 0.0109375 0.0109375
1 0.65625 0.353125 0.0109375 0.0125
1 0.17578125 0.30390625 0.0109375 0.009375
1 0.93125 0.37890625 0.0109375 0.015625
1 0.653125 0.85859375 0.0109375 0.0125
1 0.99609375 0.43125 0.0078125 0.015625
1 0.66171875 0.34140625 0.0109375 0.0140625
1 0.1671875 0.84296875 0.0078125 0.0109375
1 0.325 0.2546875 0.0109375 0.0171875
1 0.9 0.9890625 0.0171875 0.021875