3 0.88125 0.896875 0.15625 0.146875
4 0.39609375 0.2875 0.090625 0.078125
3 0.17578125 0.8203125 0.0953125 0.0703125
2 0.23984375 0.21171875 0.1234375 0.075
4 0.60703125 0.44765625 0.140625 0.13125
1 0.20390625 0.56484375 0.0484375 0.0359375
1 0.45390625 0.48046875 0.04375 0.03125
1 0.3046875 0.38515625 0.0421875 0.028125
3 0.17109375 0.303125 0.0671875 0.0765625
4 0.765625 0.83359375 0.075 0.0640625
1 0.0859375 0.40546875 0.04375 0.028125
1 0.3453125 0.5234375 0.0453125 0.0328125
1 0.603125 0.9046875 0.046875 0.028125
1 0.3578125 0.36328125 0.0421875 0.025
1 0.86484375 0.57421875 0.046875 0.034375
1 0.65390625 0.49921875 0.0453125 0.0296875
1 0.34140625 0.8625 0.04375 0.0296875
3 0.59921875 0.2953125 0.1046875 0.0828125
1 0.33203125 0.43359375 0.04375 0.028125
1 0.53359375 0.56171875 0.046875 0.034375
1 0.5984375 0.51953125 0.04375 0.03125
1 0.84296875 0.428125 0.04375 0.0265625
1 0.7 0.89609375 0.0453125 0.03125
1 0.0171875 0.3640625 0.034375 0.028125
1 0.42109375 0.365625 0.0421875 0.025
1 0.2734375 0.50625 0.0453125 0.03125
2 0.76484375 0.23671875 0.1265625 0.0609375
1 0.88203125 0.49765625 0.04375 0.0296875
1 0.47265625 0.4046875 0.0421875 0.0265625
1 0.309375 0.4796875 0.04375 0.03125
1 0.95078125 0.58515625 0.046875 0.03125
1 0.66171875 0.88984375 0.04375 0.03125
1 0.83203125 0.40625 0.0421875 0.0265625
1 0.22109375 0.87421875 0.04375 0.03125
1 0.62734375 0.87578125 0.04375 0.0265625
1 0.103125 0.3546875 0.0421875 0.0265625
1 0.88671875 0.415625 0.0421875 0.0265625
1 0.54140625 0.43671875 0.04375 0.03125
1 0.9859375 0.58515625 0.028125 0.0296875
1 0.59453125 0.36015625 0.0421875 0.0265625
1 0.5890625 0.5421875 0.0453125 0.0328125
1 0.81328125 0.390625 0.040625 0.025
1 0.5234375 0.403125 0.0421875 0.028125
1 0.925 0.48515625 0.04375 0.0296875
1 0.14609375 0.85546875 0.040625 0.0265625
1 0.84765625 0.4515625 0.04375 0.028125
1 0.925 0.52734375 0.0453125 0.0296875
1 0.08359375 0.33046875 0.0421875 0.025
1 0.4875 0.371875 0.0421875 0.0265625
1 0.89921875 0.65703125 0.0484375 0.034375
1 0.13203125 0.94140625 0.053125 0.0453125
1 0.8546875 0.38671875 0.04375 0.028125
1 0.84609375 0.409375 0.0421875 0.025
1 0.3859375 0.3703125 0.0421875 0.0234375
1 0.51328125 0.4421875 0.04375 0.028125
1 0.91875 0.44140625 0.04375 0.028125
1 0.671875 0.4078125 0.0421875 0.025
1 0.28515625 0.52265625 0.0453125 0.03125
1 0.6796875 0.459375 0.04375 0.028125
1 0.571875 0.359375 0.040625 0.025
1 0.38125 0.38359375 0.0421875 0.0265625
1 0.61328125 0.59296875 0.0453125 0.025
1 0.3359375 0.41875 0.0421875 0.0265625
1 0.66015625 0.3296875 0.040625 0.025
1 0.45703125 0.8890625 0.046875 0.0359375
1 0.54453125 0.4109375 0.04375 0.028125
1 0.4484375 0.38671875 0.0421875 0.0265625
1 0.50234375 0.6453125 0.0453125 0.025
1 0.66484375 0.375 0.040625 0.0265625
1 0.62734375 0.9046875 0.0484375 0.028125
1 0.93515625 0.94375 0.05 0.040625
1 0.68203125 0.434375 0.0421875 0.0265625
1 0.5078125 0.89375 0.046875 0.034375
1 0.61171875 0.88984375 0.04375 0.028125
1 0.89765625 0.4671875 0.04375 0.028125
1 0.83203125 0.9796875 0.0546875 0.040625
1 0.86796875 0.41953125 0.04375 0.0265625
1 0.3203125 0.61640625 0.046875 0.0328125
1 0.5 0.3234375 0.040625 0.025
1 0.6640625 0.46953125 0.04375 0.028125
1 0.93671875 0.52734375 0.04375 0.0328125
1 0.06015625 0.33046875 0.04375 0.0265625
1 0.45859375 0.33671875 0.0421875 0.025
1 0.63828125 0.378125 0.0421875 0.025
1 0.84609375 0.33046875 0.040625 0.0234375
1 0.39921875 0.39453125 0.0421875 0.028125
1 0.63984375 0.49921875 0.0453125 0.03125
1 0.3390625 0.38828125 0.04375 0.0265625
0 0.82421875 0.24375 0.04375 0.03125
1 0.89453125 0.39453125 0.0421875 0.025
1 0.97109375 0.45546875 0.04375 0.028125
1 0.66796875 0.42734375 0.04375 0.028125
1 0.5015625 0.4 0.0421875 0.0265625
1 0.15078125 0.315625 0.040625 0.0234375
1 0.475 0.30546875 0.040625 0.025
1 0.31484375 0.33984375 0.0421875 0.0265625
1 0.33828125 0.37109375 0.0421875 0.025
1 0.7453125 0.88046875 0.04375 0.028125
1 0.61640625 0.33359375 0.040625 0.0234375
1 0.45078125 0.36328125 0.0421875 0.025
1 0.84453125 0.3921875 0.04375 0.0265625
1 0.95390625 0.43515625 0.04375 0.028125
1 0.6765625 0.3609375 0.0421875 0.025
1 0.9 0.43671875 0.0453125 0.0296875
1 0.1296875 0.29296875 0.0421875 0.0234375
1 0.6796875 0.3984375 0.0421875 0.025
1 0.68984375 0.42109375 0.0421875 0.028125
1 0.64453125 0.39921875 0.04375 0.025
1 0.5421875 0.375 0.0421875 0.0234375
1 0.6265625 0.36875 0.0421875 0.0234375
1 0.540625 0.32578125 0.040625 0.025
1 0.65625 0.39140625 0.04375 0.0265625
1 0.5203125 0.3328125 0.0421875 0.025
1 0.4765625 0.3359375 0.0421875 0.0265625
1 0.53359375 0.390625 0.0421875 0.0265625
1 0.67890625 0.33359375 0.0421875 0.0265625
1 0.07109375 0.8625 0.0421875 0.028125
1 0.21953125 0.6328125 0.0453125 0.025
1 0.23671875 0.625 0.046875 0.0296875
1 0.8765625 0.41015625 0.0421875 0.025
1 0.7046875 0.35546875 0.0421875 0.0265625
1 0.44296875 0.33125 0.0421875 0.025
1 0.93046875 0.41640625 0.04375 0.028125
0 0.59609375 0.77109375 0.04375 0.028125
1 0.55625 0.37421875 0.0421875 0.0234375
1 0.64609375 0.3484375 0.04375 0.0234375
1 0.11796875 0.31328125 0.0421875 0.025
1 0.25703125 0.61796875 0.0484375 0.034375
1 0.52890625 0.88203125 0.0484375 0.034375
1 0.4390625 0.84453125 0.0421875 0.025
1 0.92578125 0.51171875 0.0453125 0.025
1 0.60546875 0.84765625 0.0453125 0.03125
1 0.88671875 0.47421875 0.0421875 0.028125
1 0.24609375 0.8328125 0.0390625 0.0234375
1 0.903125 0.4171875 0.04375 0.025
1 0.92109375 0.41640625 0.04375 0.028125
1 0.86328125 0.33671875 0.040625 0.025
1 0.7140625 0.33515625 0.0421875 0.025
1 0.671875 0.39296875 0.0421875 0.0265625
1 0.653125 0.9125 0.0421875 0.0203125
1 0.05 0.9296875 0.040625 0.028125
1 0.1046875 0.3015625 0.040625 0.025
1 0.54140625 0.3078125 0.040625 0.021875
1 0.1609375 0.634375 0.0453125 0.025
1 0.79453125 0.88828125 0.04375 0.0296875
1 0.52734375 0.35234375 0.0421875 0.0265625
1 0.5421875 0.38828125 0.0421875 0.028125
1 0.94140625 0.41640625 0.04375 0.028125
1 0.68125 0.384375 0.04375 0.0265625
1 0.4921875 0.3859375 0.04375 0.025
1 0.5515625 0.38515625 0.0421875 0.0265625
1 0.90625 0.40390625 0.0421875 0.025
1 0.0328125 0.33203125 0.040625 0.0265625
1 0.62734375 0.3953125 0.04375 0.025
1 0.1171875 0.2921875 0.0421875 0.0234375
1 0.09765625 0.8453125 0.040625 0.025
1 0.05 0.86171875 0.0421875 0.025
1 0.7640625 0.86953125 0.0421875 0.0234375
1 0.74453125 0.53828125 0.0421875 0.0296875
1 0.13671875 0.840625 0.040625 0.021875
1 0.77890625 0.89375 0.04375 0.0296875
1 0.05625 0.91953125 0.04375 0.0234375
1 0.76953125 0.8875 0.040625 0.0265625
1 0.709375 0.88046875 0.0421875 0.025
1 0.81328125 0.88125 0.0421875 0.0265625
1 0.5078125 0.30625 0.0421875 0.0234375
1 0.69140625 0.86015625 0.04375 0.025
1 0.06015625 0.93203125 0.0421875 0.0296875
0 0.57265625 0.73828125 0.0421875 0.028125
1 0.7046875 0.8625 0.04375 0.028125
0 0.22734375 0.23515625 0.040625 0.0234375
1 0.5140625 0.32578125 0.040625 0.0234375
1 0.95390625 0.553125 0.0390625 0.0234375
1 0.815625 0.8515625 0.040625 0.021875
1 0.85234375 0.31875 0.040625 0.0234375
1 0.0765625 0.84765625 0.0421875 0.0234375
1 0.97890625 0.44453125 0.0421875 0.0265625
1 0.53046875 0.4328125 0.04375 0.03125
1 0.62734375 0.8890625 0.0453125 0.025
1 0.90234375 0.35859375 0.0421875 0.025
1 0.071875 0.3140625 0.0453125 0.0296875
1 0.96875 0.43671875 0.046875 0.0296875
1 0.15703125 0.29140625 0.0421875 0.021875
1 0.90546875 0.34375 0.0421875 0.025
1 0.7203125 0.99140625 0.046875 0.0171875
1 0.94453125 0.60078125 0.0453125 0.025
1 0.01328125 0.97890625 0.0265625 0.0171875
1 0.103125 0.8390625 0.040625 0.021875
1 0.59609375 0.33046875 0.0421875 0.0234375
1 0.9890625 0.4671875 0.021875 0.021875
1 0.88515625 0.34140625 0.04375 0.025
1 0.628125 0.35390625 0.04375 0.0234375
1 0.084375 0.303125 0.0421875 0.025