4 0.3484375 0.3875 0.0625 0.0953125
4 0.73046875 0.53671875 0.10390625 0.128125
2 0.771875 0.2203125 0.08515625 0.05625
1 0.30625 0.4546875 0.01015625 0.01796875
1 0.84453125 0.56484375 0.01484375 0.02421875
3 0.5921875 0.31640625 0.0703125 0.075
1 0.28828125 0.49375 0.0109375 0.01953125
2 0.24921875 0.22578125 0.09375 0.0484375
3 0.5890625 0.40546875 0.0796875 0.10390625
1 0.98515625 0.37265625 0.01015625 0.01640625
4 0.078125 0.496875 0.0796875 0.109375
1 0.409375 0.45078125 0.0109375 0.01796875
1 0.91875 0.9234375 0.01484375 0.02734375
1 0.66484375 0.50625 0.01171875 0.01875
1 0.99375 0.46640625 0.0109375 0.01796875
1 0.30703125 0.896875 0.0125 0.0203125
1 0.36875 0.56953125 0.0125 0.021875
1 0.24453125 0.48984375 0.01171875 0.02109375
1 0.25625 0.88984375 0.01171875 0.0203125
1 0.19609375 0.37109375 0.00859375 0.01484375
1 0.6234375 0.4515625 0.01171875 0.0171875
1 0.73359375 0.89921875 0.01484375 0.02421875
1 0.571875 0.4984375 0.01171875 0.01953125
1 0.68515625 0.45859375 0.0109375 0.01640625
1 0.85234375 0.91640625 0.01484375 0.0234375
1 0.51875 0.409375 0.01015625 0.0171875
1 0.49453125 0.38203125 0.00859375 0.01484375
1 0.64140625 0.44140625 0.0125 0.0171875
1 0.92421875 0.89296875 0.0125 0.0203125
1 0.33671875 0.4875 0.0109375 0.02109375
1 0.625 0.540625 0.0125 0.01796875
1 0.15546875 0.465625 0.009375 0.01640625
1 0.66015625 0.3984375 0.00859375 0.0140625
1 0.26484375 0.540625 0.01171875 0.021875
1 0.55859375 0.509375 0.0125 0.02109375
1 0.68046875 0.4046875 0.009375 0.01484375
1 0.53828125 0.446875 0.0109375 0.01875
1 0.20390625 0.40234375 0.0078125 0.015625
1 0.696875 0.43515625 0.01015625 0.01484375
1 0.4625 0.36796875 0.009375 0.01484375
1 0.7015625 0.4515625 0.01328125 0.01875
1 0.6484375 0.4703125 0.01015625 0.015625
1 0.98125 0.45 0.01171875 0.0171875
1 0.87734375 0.34375 0.00859375 0.0140625
1 0.7421875 0.94609375 0.01953125 0.034375
1 0.63203125 0.52109375 0.01171875 0.01796875
1 0.67109375 0.371875 0.00859375 0.01328125
1 0.5328125 0.35859375 0.00859375 0.01484375
1 0.82890625 0.93203125 0.01640625 0.03203125
1 0.6734375 0.86796875 0.0125 0.0203125
1 0.2703125 0.628125 0.01328125 0.021875
1 0.22109375 0.8765625 0.01015625 0.01796875
1 0.1671875 0.4546875 0.0078125 0.01328125
1 0.44453125 0.36640625 0.00859375 0.0140625
1 0.85078125 0.8921875 0.0109375 0.0140625
1 0.509375 0.34375 0.00859375 0.01328125
1 0.58984375 0.4796875 0.009375 0.01640625
1 0.4453125 0.3359375 0.00859375 0.0140625
1 0.63203125 0.49921875 0.0109375 0.01875
1 0.61015625 0.45234375 0.01171875 0.0171875
1 0.78828125 0.88828125 0.0125 0.0203125
1 0.59140625 0.4546875 0.0109375 0.01640625
1 0.54765625 0.37265625 0.00859375 0.015625
1 0.7078125 0.42578125 0.01015625 0.01796875
1 0.72578125 0.446875 0.009375 0.0140625
1 0.65234375 0.61875 0.009375 0.01640625
3 0.64453125 0.8671875 0.07109375 0.10234375
1 0.5359375 0.896875 0.0125 0.021875
1 0.52265625 0.3921875 0.0109375 0.01640625
1 0.05078125 0.434375 0.0109375 0.0171875
1 0.70390625 0.3546875 0.01015625 0.0140625
1 0.95 0.91796875 0.01328125 0.025
1 0.38828125 0.64453125 0.01328125 0.0171875
1 0.41015625 0.3296875 0.009375 0.01328125
1 0.478125 0.39375 0.00859375 0.01328125
1 0.00390625 0.45859375 0.00703125 0.0125
1 0.94296875 0.35234375 0.00859375 0.01484375
1 0.846875 0.85546875 0.00859375 0.01328125
1 0.16015625 0.88203125 0.0109375 0.01796875
1 0.2234375 0.98984375 0.021875 0.0203125
1 0.1015625 0.890625 0.01171875 0.02109375
1 0.103125 0.46328125 0.01171875 0.0171875
1 0.034375 0.3796875 0.009375 0.01328125
1 0.04609375 0.41875 0.0140625 0.01796875
1 0.50234375 0.365625 0.0078125 0.01328125
1 0.54921875 0.3546875 0.01015625 0.01328125
1 0.44609375 0.384375 0.01015625 0.0171875
1 0.65859375 0.3421875 0.00859375 0.0140625
1 0.5125 0.3703125 0.01015625 0.01640625
1 0.85390625 0.45703125 0.01015625 0.01484375
1 0.77578125 0.9046875 0.0140625 0.02421875
1 0.696875 0.4078125 0.0125 0.01640625
1 0.64375 0.39296875 0.01015625 0.0140625
1 0.65078125 0.41875 0.01171875 0.015625
1 0.64609375 0.56796875 0.00859375 0.01484375
1 0.64453125 0.4875 0.0109375 0.015625
1 0.45078125 0.44921875 0.009375 0.01640625
1 0.640625 0.36640625 0.009375 0.0140625
1 0.51875 0.890625 0.0125 0.02265625
1 0.5375 0.39296875 0.01015625 0.015625
1 0.8796875 0.315625 0.0078125 0.01328125
1 0.025 0.434375 0.01171875 0.0171875
1 0.6453125 0.3296875 0.00703125 0.0125
1 0.45390625 0.39296875 0.0078125 0.0125
1 0.18984375 0.8796875 0.0140625 0.02109375
1 0.78984375 0.56484375 0.0078125 0.015625
1 0.071875 0.396875 0.00859375 0.0140625
1 0.66484375 0.3578125 0.00703125 0.0125
1 0.2984375 0.42421875 0.0109375 0.01640625
1 0.39296875 0.38828125 0.0078125 0.015625
1 0.51875 0.33671875 0.00859375 0.0140625
0 0.33515625 0.80703125 0.01484375 0.021875
1 0.97109375 0.37578125 0.01015625 0.01796875
1 0.59375 0.54921875 0.00703125 0.0140625
1 0.0703125 0.38203125 0.0109375 0.0140625
1 0.23828125 0.8625 0.01171875 0.0203125
1 0.784375 0.84140625 0.0078125 0.0109375
1 0.92734375 0.54140625 0.0109375 0.0140625
1 0.0796875 0.93359375 0.01484375 0.03125
1 0.86796875 0.459375 0.0078125 0.0125
1 0.56015625 0.3484375 0.01015625 0.0171875
1 0.840625 0.99453125 0.0171875 0.0109375
4 0.3765625 0.86953125 0.128125 0.1015625
1 0.29453125 0.8671875 0.01640625 0.02578125
1 0.409375 0.35390625 0.009375 0.01484375
1 0.159375 0.30859375 0.0078125 0.0125
1 0.7421875 0.83984375 0.00703125 0.0125
1 0.1859375 0.64140625 0.015625 0.0234375
1 0.09921875 0.33515625 0.0078125 0.0140625
1 0.9328125 0.328125 0.0078125 0.01328125
1 0.6609375 0.3796875 0.0078125 0.01328125
1 0.6921875 0.3265625 0.009375 0.015625
1 0.9515625 0.35 0.00859375 0.0140625
1 0.88828125 0.87421875 0.009375 0.015625
1 0.403125 0.3953125 0.00625 0.01171875
1 0.69140625 0.3765625 0.00859375 0.0125
1 0.4234375 0.35859375 0.0078125 0.01328125
1 0.65 0.3421875 0.01015625 0.0140625
1 0.54375 0.40078125 0.00859375 0.0140625
1 0.87890625 0.29921875 0.0078125 0.01171875
1 0.25703125 0.85 0.00703125 0.01171875
1 0.09921875 0.95390625 0.01875 0.0390625
1 0.659375 0.32578125 0.00859375 0.015625
1 0.14921875 0.31796875 0.009375 0.01328125
1 0.61328125 0.35546875 0.01015625 0.0140625
1 0.48671875 0.2984375 0.00859375 0.01328125
1 0.53984375 0.30234375 0.009375 0.0125
1 0.6859375 0.3875 0.00859375 0.015625
1 0.63515625 0.41875 0.01171875 0.0171875
1 0.92109375 0.87265625 0.0109375 0.0171875
1 0.1265625 0.996875 0.01171875 0.00625
1 0.3953125 0.35625 0.00859375 0.01484375
1 0.27421875 0.84765625 0.009375 0.0109375
1 0.0796875 0.4046875 0.00859375 0.01328125
1 0.015625 0.39921875 0.01171875 0.01640625
1 0.13515625 0.321875 0.009375 0.01328125
1 0.05625 0.38046875 0.0109375 0.0140625
1 0.7609375 0.99453125 0.01875 0.009375
1 0.890625 0.8484375 0.00625 0.01171875
1 0.65234375 0.31015625 0.00859375 0.01171875
1 0.1890625 0.99609375 0.0125 0.00703125
1 0.95078125 0.4234375 0.00859375 0.0109375
1 0.11953125 0.3296875 0.00859375 0.0140625
1 0.12890625 0.88671875 0.0125 0.02109375
1 0.6984375 0.38984375 0.01015625 0.01484375
1 0.70390625 0.32734375 0.009375 0.01640625
1 0.1203125 0.8640625 0.009375 0.01328125
1 0.31640625 0.409375 0.00859375 0.01328125
1 0.19453125 0.6046875 0.009375 0.0109375
1 0.09375 0.44765625 0.00703125 0.01328125
1 0.078125 0.4328125 0.009375 0.0140625
1 0.88984375 0.3015625 0.009375 0.0140625
1 0.14375 0.878125 0.00625 0.01328125
1 0.76484375 0.84765625 0.00703125 0.01328125
3 0.9265625 0.478125 0.06015625 0.12265625
1 0.11171875 0.3296875 0.009375 0.01328125
1 0.0625 0.359375 0.009375 0.0140625
1 0.42265625 0.34375 0.0078125 0.0125
1 0.06796875 0.42734375 0.0109375 0.01796875
1 0.365625 0.58984375 0.00859375 0.01171875
1 0.30390625 0.4078125 0.00859375 0.01328125
1 0.9 0.87265625 0.0109375 0.01640625