4 0.94296875 0.41015625 0.1140625 0.1078125
2 0.765625 0.2140625 0.1140625 0.0625
4 0.38125 0.415625 0.0984375 0.109375
1 0.3046875 0.49375 0.040625 0.0203125
1 0.696875 0.3921875 0.0375 0.0171875
1 0.5203125 0.45703125 0.0390625 0.0171875
1 0.6703125 0.41640625 0.0390625 0.0171875
1 0.81796875 0.57890625 0.0421875 0.021875
1 0.62109375 0.421875 0.0390625 0.01875
1 0.121875 0.5859375 0.040625 0.01875
1 0.265625 0.4625 0.0390625 0.01875
1 0.6453125 0.36953125 0.0375 0.015625
1 0.046875 0.5 0.040625 0.01875
1 0.71796875 0.41640625 0.040625 0.01875
1 0.4671875 0.53046875 0.040625 0.0234375
1 0.28046875 0.56328125 0.0421875 0.0234375
1 0.46875 0.45234375 0.0390625 0.01875
1 0.62578125 0.4390625 0.0390625 0.0171875
1 0.58359375 0.44921875 0.0390625 0.01875
4 0.328125 0.84765625 0.065625 0.0640625
1 0.2703125 0.50390625 0.040625 0.021875
2 0.24296875 0.2296875 0.1203125 0.05625
0 0.8875 0.146875 0.040625 0.021875
1 0.83125 0.3265625 0.0375 0.015625
1 0.75703125 0.5359375 0.040625 0.021875
1 0.603125 0.41796875 0.0390625 0.0171875
4 0.7671875 0.85703125 0.1421875 0.1171875
3 0.38515625 0.8625 0.1140625 0.0921875
3 0.975 0.5546875 0.05 0.0875
3 0.14609375 0.4421875 0.115625 0.1140625
1 0.78125 0.63828125 0.040625 0.015625
0 0.74765625 0.72421875 0.0421875 0.025
1 0.54375 0.36875 0.0375 0.015625
1 0.69765625 0.32734375 0.0375 0.015625
1 0.8546875 0.32265625 0.0359375 0.0140625
1 0.42109375 0.49375 0.0359375 0.015625
0 0.90390625 0.175 0.040625 0.0203125
1 0.37578125 0.48671875 0.0390625 0.0203125
1 0.13046875 0.36328125 0.0375 0.0171875
1 0.0484375 0.53203125 0.0390625 0.021875
1 0.453125 0.44921875 0.0375 0.01875
1 0.34296875 0.90703125 0.0390625 0.0125
1 0.0234375 0.5734375 0.0390625 0.0140625
1 0.5765625 0.38828125 0.0375 0.015625
1 0.725 0.5390625 0.040625 0.021875
1 0.35625 0.34765625 0.0375 0.0140625
1 0.603125 0.35234375 0.0359375 0.015625
1 0.8546875 0.578125 0.0375 0.0203125
1 0.840625 0.61015625 0.0421875 0.01875
1 0.33671875 0.4703125 0.0390625 0.01875
1 0.31875 0.40859375 0.0375 0.0140625
1 0.3453125 0.421875 0.0359375 0.0140625
1 0.8578125 0.6234375 0.0421875 0.021875
0 0.84921875 0.1203125 0.0421875 0.0203125
1 0.18671875 0.93671875 0.0453125 0.0265625
1 0.7140625 0.3359375 0.0375 0.015625
1 0.0140625 0.4140625 0.028125 0.015625
0 0.234375 0.17578125 0.0375 0.0171875
1 0.503125 0.35859375 0.0359375 0.0140625
4 0.47578125 0.828125 0.065625 0.053125
1 0.5484375 0.6140625 0.0390625 0.015625
1 0.590625 0.42109375 0.0390625 0.0171875
1 0.5953125 0.3859375 0.0375 0.0171875
1 0.303125 0.8625 0.0375 0.0171875
1 0.86484375 0.90234375 0.04375 0.028125
0 0.871875 0.13046875 0.040625 0.0203125
1 0.2171875 0.8828125 0.0375 0.0171875
0 0.93203125 0.27109375 0.040625 0.01875
1 0.89453125 0.890625 0.040625 0.0203125
1 0.5046875 0.32109375 0.0359375 0.0140625
1 0.73671875 0.51796875 0.040625 0.0203125
1 0.44375 0.38203125 0.0375 0.015625
0 0.921875 0.22265625 0.040625 0.0203125
1 0.86015625 0.87734375 0.0359375 0.015625
0 0.83046875 0.1671875 0.0390625 0.01875
1 0.0734375 0.41015625 0.0390625 0.015625
1 0.528125 0.35546875 0.0375 0.0140625
1 0.43125 0.59140625 0.0375 0.0171875
1 0.33828125 0.35859375 0.0375 0.0140625
1 0.50546875 0.3453125 0.0375 0.0125
1 0.88125 0.29609375 0.0375 0.0125
1 0.16015625 0.38125 0.0390625 0.0140625
1 0.884375 0.87421875 0.0375 0.015625
1 0.49375 0.30546875 0.0375 0.0140625
1 0.32890625 0.371875 0.0375 0.0125
1 0.515625 0.35703125 0.0375 0.015625
1 0.35703125 0.3171875 0.034375 0.0140625
1 0.325 0.45 0.040625 0.0171875
1 0.85859375 0.84609375 0.034375 0.0125
1 0.32265625 0.38984375 0.0375 0.0140625
1 0.9203125 0.3390625 0.0375 0.0125
1 0.42890625 0.5140625 0.0359375 0.0171875
1 0.378125 0.33125 0.0359375 0.0140625
1 0.059375 0.41328125 0.0390625 0.0140625
1 0.41015625 0.634375 0.040625 0.0265625
1 0.2265625 0.6265625 0.0421875 0.021875
1 0.55390625 0.83828125 0.0375 0.0140625
1 0.20234375 0.43515625 0.0375 0.015625
1 0.98203125 0.36171875 0.0359375 0.0140625
1 0.953125 0.909375 0.0421875 0.0234375
1 0.175 0.3125 0.0359375 0.0125
1 0.08046875 0.3859375 0.040625 0.015625
1 0.08203125 0.97265625 0.0453125 0.040625
1 0.2046875 0.884375 0.0390625 0.015625
1 0.18359375 0.9109375 0.0421875 0.0171875
1 0.32421875 0.3421875 0.0375 0.015625
1 0.38984375 0.34921875 0.0375 0.0171875
1 0.0109375 0.5921875 0.021875 0.0125
1 0.10078125 0.65625 0.040625 0.0140625
1 0.19296875 0.996875 0.0453125 0.00625
1 0.92265625 0.93359375 0.04375 0.0203125
1 0.18984375 0.425 0.0375 0.0140625
1 0.2125 0.86171875 0.0359375 0.0140625
1 0.57890625 0.84375 0.0375 0.0125
1 0.39453125 0.30703125 0.0359375 0.0109375
1 0.08828125 0.40859375 0.040625 0.015625
0 0.38984375 0.74296875 0.040625 0.021875
1 0.13046875 0.88515625 0.0390625 0.015625
1 0.62265625 0.29453125 0.0359375 0.0125
1 0.4828125 0.29765625 0.0375 0.0125
0 0.94296875 0.3375 0.0390625 0.0171875
1 0.1515625 0.34765625 0.0359375 0.0125
1 0.378125 0.31796875 0.0375 0.015625
0 0.7609375 0.79765625 0.040625 0.021875
1 0.92109375 0.321875 0.0375 0.015625
1 0.93984375 0.86640625 0.0375 0.0171875
1 0.02578125 0.3953125 0.0390625 0.0171875
1 0.346875 0.30078125 0.0375 0.0125
1 0.1125 0.35625 0.0375 0.0140625
1 0.6375 0.2953125 0.0359375 0.0125
1 0.184375 0.31484375 0.0375 0.0125
1 0.41640625 0.9078125 0.0375 0.009375
1 0.03046875 0.6578125 0.0453125 0.0171875
1 0.17578125 0.88203125 0.040625 0.0171875
1 0.57109375 0.8359375 0.0359375 0.0109375
1 0.92265625 0.8703125 0.0375 0.015625
1 0.16015625 0.31875 0.0375 0.0125
1 0.184375 0.28359375 0.0375 0.015625
1 0.01640625 0.903125 0.0328125 0.015625
1 0.9828125 0.609375 0.034375 0.021875
1 0.47265625 0.84921875 0.0375 0.0140625
1 0.925 0.34765625 0.0375 0.0125
1 0.1453125 0.3125 0.0359375 0.0125
1 0.45 0.37734375 0.0375 0.0140625
1 0.44765625 0.6484375 0.040625 0.0125
1 0.203125 0.86015625 0.0375 0.0125
1 0.5765625 0.7796875 0.0375 0.0140625
1 0.93671875 0.89921875 0.040625 0.015625
1 0.13125 0.33828125 0.0375 0.0125
1 0.9234375 0.915625 0.0390625 0.0171875
1 0.05390625 0.6484375 0.040625 0.0234375
1 0.5 0.29609375 0.0359375 0.0125
1 0.0515625 0.40546875 0.0359375 0.015625
1 0.8171875 0.64375 0.0375 0.0109375
1 0.328125 0.35625 0.0375 0.0109375
0 0.3546875 0.76015625 0.0375 0.015625
1 0.890625 0.29609375 0.0375 0.0140625
1 0.54609375 0.82265625 0.0359375 0.009375
1 0.89296875 0.55859375 0.0375 0.0109375
0 0.33984375 0.76953125 0.0359375 0.015625
1 0.225 0.8484375 0.034375 0.009375
1 0.253125 0.84609375 0.0375 0.0125
1 0.0296875 0.59765625 0.034375 0.0125
1 0.459375 0.84453125 0.0390625 0.0140625
1 0.2015625 0.4109375 0.0375 0.0125
1 0.4609375 0.29609375 0.0359375 0.0125
1 0.57578125 0.809375 0.0359375 0.0125
1 0.36328125 0.375 0.0375 0.015625
1 0.1046875 0.35625 0.0375 0.0140625