2 0.7703125 0.21953125 0.08671875 0.059375
4 0.54609375 0.35859375 0.07265625 0.08515625
4 0.24921875 0.8359375 0.071875 0.0625
3 0.63984375 0.3265625 0.0703125 0.075
1 0.6328125 0.48359375 0.0109375 0.01953125
1 0.1109375 0.425 0.01015625 0.0171875
3 0.67578125 0.86796875 0.10703125 0.10546875
1 0.571875 0.3984375 0.01015625 0.01640625
4 0.44765625 0.81796875 0.0359375 0.0390625
2 0.24921875 0.228125 0.0921875 0.046875
1 0.29140625 0.49765625 0.0109375 0.0203125
1 0.35703125 0.38359375 0.00859375 0.015625
1 0.90234375 0.41796875 0.009375 0.01640625
1 0.23359375 0.87890625 0.01015625 0.01796875
1 0.27265625 0.51640625 0.0109375 0.01875
1 0.57109375 0.46171875 0.0109375 0.01875
1 0.7625 0.53125 0.01171875 0.02109375
1 0.19140625 0.95234375 0.0203125 0.03515625
1 0.88046875 0.425 0.01015625 0.01796875
1 0.315625 0.4703125 0.0109375 0.01875
1 0.5578125 0.54921875 0.01328125 0.0234375
1 0.7625 0.88046875 0.01015625 0.01796875
1 0.65078125 0.4515625 0.0109375 0.01796875
1 0.14765625 0.35859375 0.00859375 0.0140625
1 0.3015625 0.41875 0.00859375 0.01484375
1 0.29765625 0.53671875 0.01171875 0.02109375
1 0.6 0.39609375 0.01015625 0.0171875
1 0.859375 0.38046875 0.01015625 0.015625
1 0.67109375 0.359375 0.00859375 0.01640625
1 0.7 0.3921875 0.009375 0.0171875
1 0.07890625 0.93984375 0.01875 0.03125
1 0.62265625 0.36484375 0.009375 0.01484375
1 0.30234375 0.4546875 0.009375 0.0171875
1 0.78515625 0.8875 0.01171875 0.02109375
1 0.69296875 0.409375 0.01015625 0.0171875
1 0.9515625 0.92734375 0.01328125 0.025
1 0.4796875 0.90390625 0.0109375 0.0125
1 0.04453125 0.44453125 0.01015625 0.01640625
1 0.45078125 0.896875 0.0109375 0.02109375
1 0.41875 0.43359375 0.00703125 0.01328125
1 0.9921875 0.39609375 0.01015625 0.0171875
1 0.1046875 0.38515625 0.0078125 0.01484375
1 0.11015625 0.36796875 0.00859375 0.0140625
1 0.175 0.928125 0.01484375 0.02734375
1 0.325 0.43828125 0.01015625 0.01796875
1 0.75625 0.6328125 0.01328125 0.0203125
1 0.3484375 0.9 0.0140625 0.0171875
1 0.82265625 0.34765625 0.0078125 0.01484375
1 0.2953125 0.4375 0.01171875 0.01875
1 0.2421875 0.92734375 0.01640625 0.02890625
1 0.89765625 0.93203125 0.015625 0.0265625
3 0.946875 0.46328125 0.09453125 0.09921875
1 0.1 0.9171875 0.0140625 0.02265625
1 0.3453125 0.321875 0.00859375 0.0125
1 0.75625 0.85390625 0.0078125 0.01328125
1 0.18359375 0.30390625 0.00703125 0.0125
1 0.7734375 0.86640625 0.009375 0.01484375
1 0.65234375 0.375 0.009375 0.01640625
1 0.675 0.38046875 0.009375 0.01484375
1 0.68515625 0.39375 0.01015625 0.01484375
1 0.3578125 0.33125 0.0078125 0.0125
4 0.2296875 0.56328125 0.0640625 0.0796875
1 0.4 0.42109375 0.01015625 0.01484375
1 0.95234375 0.38203125 0.00703125 0.0140625
1 0.0546875 0.43671875 0.01015625 0.01640625
1 0.2625 0.53125 0.009375 0.01640625
1 0.41640625 0.30703125 0.0078125 0.01171875
1 0.39375 0.33125 0.0078125 0.0140625
1 0.33125 0.35390625 0.00703125 0.0125
1 0.8484375 0.97734375 0.0234375 0.040625
1 0.25546875 0.93828125 0.01875 0.03359375
1 0.18671875 0.89453125 0.0125 0.01875
1 0.34140625 0.35859375 0.00859375 0.015625
1 0.01875 0.43046875 0.0109375 0.0140625
1 0.7828125 0.853125 0.0078125 0.0125
1 0.5546875 0.6453125 0.01171875 0.0125
1 0.165625 0.30546875 0.00703125 0.0125
1 0.45703125 0.85234375 0.00703125 0.01015625
1 0.94296875 0.35078125 0.01015625 0.01796875
1 0.8703125 0.96328125 0.0140625 0.0296875
1 0.1 0.3703125 0.01015625 0.0140625
1 0.56171875 0.84140625 0.00703125 0.01015625
1 0.38515625 0.303125 0.0078125 0.0125
1 0.865625 0.30234375 0.00859375 0.01328125
1 0.3859375 0.3234375 0.00859375 0.01328125
1 0.83828125 0.9390625 0.01484375 0.02578125
1 0.51015625 0.3390625 0.00859375 0.0125
4 0.190625 0.35859375 0.0421875 0.06796875
1 0.3921875 0.64765625 0.00859375 0.01171875
1 0.54375 0.2984375 0.00703125 0.0125
1 0.134375 0.3078125 0.00859375 0.015625
1 0.40859375 0.62734375 0.0109375 0.0140625
1 0.52890625 0.84296875 0.00859375 0.01328125
1 0.44453125 0.309375 0.0078125 0.0125
4 0.55859375 0.81484375 0.04140625 0.0484375
1 0.76953125 0.840625 0.00703125 0.01015625
1 0.184375 0.846875 0.00703125 0.01171875
1 0.06328125 0.928125 0.0140625 0.025
1 0.225 0.98671875 0.02109375 0.0265625
1 0.45390625 0.303125 0.0078125 0.01171875
1 0.9046875 0.4375 0.0078125 0.0109375
1 0.1734375 0.8546875 0.00859375 0.0125
1 0.0734375 0.88984375 0.01171875 0.01953125
1 0.90390625 0.8984375 0.01328125 0.02109375
1 0.16953125 0.88359375 0.0109375 0.01796875
1 0.9 0.321875 0.009375 0.0140625
1 0.16640625 0.36484375 0.00625 0.0125
1 0.4796875 0.29765625 0.00703125 0.01171875
1 0.96796875 0.38046875 0.0078125 0.0125
1 0.42890625 0.85078125 0.00703125 0.009375
1 0.03359375 0.39921875 0.009375 0.0125
1 0.9296875 0.328125 0.01015625 0.0140625
1 0.43828125 0.84609375 0.00703125 0.0109375
1 0.8765625 0.875 0.009375 0.015625
1 0.06015625 0.39765625 0.00859375 0.0109375
1 0.41953125 0.6453125 0.009375 0.0125
1 0.8765625 0.3015625 0.009375 0.01328125
1 0.08359375 0.37265625 0.009375 0.015625
1 0.34765625 0.33828125 0.009375 0.01328125
1 0.090625 0.3875 0.009375 0.01328125
1 0.0484375 0.41875 0.0109375 0.01640625
1 0.33828125 0.30859375 0.00703125 0.01171875
1 0.19765625 0.85234375 0.01015625 0.0140625
1 0.02109375 0.60703125 0.0125 0.0140625
1 0.26015625 0.51484375 0.01171875 0.0140625
1 0.5203125 0.81640625 0.00625 0.00859375
1 0.9296875 0.9078125 0.01640625 0.02109375
1 0.05703125 0.421875 0.00859375 0.01328125
1 0.03359375 0.421875 0.01015625 0.01640625
1 0.1421875 0.88203125 0.009375 0.01640625
1 0.95 0.98984375 0.01796875 0.01875
1 0.003125 0.43203125 0.00625 0.0140625
1 0.7828125 0.83984375 0.0078125 0.01015625
1 0.45390625 0.8421875 0.00703125 0.01015625
1 0.446875 0.29453125 0.0078125 0.0109375
1 0.8921875 0.3015625 0.01015625 0.01484375
1 0.984375 0.371875 0.01015625 0.01484375
1 0.41015625 0.64296875 0.0125 0.0140625
1 0.9953125 0.375 0.00859375 0.01484375
1 0.80859375 0.8421875 0.00703125 0.0109375
1 0.003125 0.48984375 0.00625 0.009375
1 0.4703125 0.8296875 0.00625 0.01015625
3 0.0140625 0.51640625 0.028125 0.0796875
1 0.39296875 0.3078125 0.0078125 0.01328125
3 0.15625 0.58046875 0.084375 0.13515625