2 0.2515625 0.20234375 0.109375 0.0625
4 0.61328125 0.28828125 0.0796875 0.0796875
3 0.853125 0.353125 0.1 0.09375
3 0.4375 0.27265625 0.075 0.075
2 0.76875 0.22109375 0.109375 0.0609375
1 0.78984375 0.58359375 0.03125 0.01875
4 0.71640625 0.47265625 0.1140625 0.1234375
1 0.11796875 0.4234375 0.0296875 0.0140625
1 0.578125 0.54453125 0.03125 0.0171875
1 0.73828125 0.55625 0.03125 0.015625
1 0.14921875 0.3875 0.028125 0.0125
1 0.26953125 0.50390625 0.0296875 0.015625
1 0.62421875 0.359375 0.0265625 0.0109375
1 0.171875 0.35 0.0265625 0.0109375
1 0.58203125 0.39609375 0.028125 0.0109375
1 0.184375 0.42265625 0.0296875 0.0140625
1 0.89921875 0.41171875 0.028125 0.0125
1 0.59609375 0.3765625 0.0265625 0.0109375
1 0.55859375 0.39765625 0.028125 0.0125
1 0.80859375 0.46171875 0.028125 0.0125
1 0.28671875 0.4796875 0.0296875 0.0125
4 0.965625 0.459375 0.06875 0.109375
1 0.28984375 0.4578125 0.0296875 0.0125
1 0.25859375 0.890625 0.028125 0.0109375
1 0.62421875 0.5171875 0.0296875 0.0171875
0 0.70625 0.82578125 0.0328125 0.0234375
1 0.57890625 0.4296875 0.0296875 0.0140625
0 0.8359375 0.171875 0.028125 0.0125
1 0.1921875 0.3859375 0.028125 0.0125
1 0.0828125 0.36015625 0.028125 0.0109375
1 0.01796875 0.4640625 0.03125 0.015625
1 0.134375 0.3390625 0.028125 0.0109375
1 0.815625 0.4078125 0.028125 0.0109375
1 0.925 0.365625 0.0265625 0.0109375
1 0.5421875 0.48125 0.028125 0.015625
1 0.359375 0.8953125 0.028125 0.009375
1 0.47109375 0.34140625 0.0265625 0.0109375
1 0.4484375 0.4515625 0.0296875 0.0125
1 0.01171875 0.4078125 0.0234375 0.0125
1 0.1515625 0.60390625 0.03125 0.0125
1 0.503125 0.4609375 0.028125 0.015625
1 0.41015625 0.365625 0.028125 0.0109375
1 0.22109375 0.92734375 0.034375 0.025
1 0.3421875 0.38359375 0.028125 0.0125
0 0.81484375 0.15703125 0.0296875 0.0140625
1 0.68828125 0.5484375 0.03125 0.015625
1 0.4296875 0.89921875 0.0265625 0.0078125
1 0.10859375 0.36640625 0.028125 0.0109375
1 0.87421875 0.4375 0.028125 0.0109375
0 0.77421875 0.17734375 0.028125 0.0125
1 0.78203125 0.94296875 0.0328125 0.0203125
1 0.00703125 0.521875 0.0140625 0.015625
1 0.553125 0.90625 0.028125 0.009375
1 0.08984375 0.34765625 0.025 0.009375
1 0.1859375 0.35390625 0.0265625 0.0109375
1 0.23359375 0.88046875 0.0296875 0.0125
1 0.4375 0.33203125 0.028125 0.009375
1 0.2203125 0.86875 0.028125 0.0109375
1 0.08203125 0.39296875 0.0296875 0.0125
1 0.39765625 0.36875 0.028125 0.0109375
1 0.28125 0.4515625 0.028125 0.0140625
4 0.68671875 0.91640625 0.1484375 0.1328125
1 0.0515625 0.4734375 0.0296875 0.015625
1 0.2921875 0.42109375 0.028125 0.0140625
1 0.12109375 0.3015625 0.0265625 0.009375
1 0.321875 0.384375 0.028125 0.0125
1 0.91953125 0.459375 0.028125 0.0125
1 0.0921875 0.5546875 0.03125 0.015625
1 0.12109375 0.91328125 0.0328125 0.0203125
1 0.93984375 0.50390625 0.0296875 0.0140625
1 0.0984375 0.9015625 0.03125 0.0171875
1 0.56484375 0.353125 0.0265625 0.0109375
1 0.9078125 0.9671875 0.034375 0.021875
1 0.6046875 0.4046875 0.028125 0.0125
1 0.64140625 0.3609375 0.028125 0.0109375
1 0.63125 0.3359375 0.0265625 0.009375
1 0.30390625 0.42734375 0.0296875 0.015625
1 0.34140625 0.309375 0.0265625 0.0109375
1 0.35859375 0.32734375 0.0265625 0.009375
1 0.796875 0.896875 0.025 0.009375
1 0.1125 0.33203125 0.0265625 0.009375
1 0.59453125 0.90546875 0.03125 0.0125
1 0.6578125 0.36015625 0.028125 0.0109375
1 0.38203125 0.27734375 0.025 0.009375
0 0.859375 0.1265625 0.0296875 0.015625
1 0.4296875 0.34921875 0.0265625 0.0109375
1 0.6765625 0.38671875 0.0265625 0.009375
1 0.37421875 0.34296875 0.0265625 0.009375
0 0.05078125 0.165625 0.0265625 0.0109375
1 0.03828125 0.38203125 0.028125 0.0109375
0 0.70625 0.79609375 0.028125 0.0140625
0 0.7359375 0.17421875 0.028125 0.0125
1 0.94921875 0.51484375 0.0296875 0.0125
1 0.30703125 0.88203125 0.028125 0.0140625
1 0.86328125 0.9375 0.0328125 0.01875
4 0.0828125 0.29296875 0.06875 0.0828125
1 0.3171875 0.88203125 0.0296875 0.0125
1 0.90546875 0.35703125 0.0265625 0.009375
1 0.28671875 0.55 0.0296875 0.01875
1 0.31953125 0.409375 0.028125 0.0109375
1 0.53671875 0.33046875 0.028125 0.0109375
1 0.0703125 0.38203125 0.028125 0.0109375
0 0.734375 0.1890625 0.0265625 0.009375
1 0.9625 0.36875 0.025 0.009375
1 0.46953125 0.31484375 0.0265625 0.0109375
1 0.9234375 0.41328125 0.028125 0.0125
1 0.52421875 0.29375 0.0265625 0.009375
1 0.85546875 0.4125 0.0265625 0.0078125
0 0.840625 0.2015625 0.028125 0.0125
0 0.84140625 0.07890625 0.0296875 0.015625
1 0.453125 0.43828125 0.028125 0.0109375
1 0.34765625 0.2578125 0.025 0.0078125
1 0.98515625 0.36953125 0.0265625 0.0109375
1 0.81640625 0.43984375 0.028125 0.0140625
1 0.2015625 0.86875 0.0265625 0.0109375
1 0.51953125 0.325 0.0265625 0.009375
0 0.853125 0.1765625 0.028125 0.0109375
1 0.30078125 0.4046875 0.0265625 0.0109375
1 0.12109375 0.26171875 0.025 0.0078125
0 0.6921875 0.73984375 0.028125 0.0140625
1 0.978125 0.52421875 0.03125 0.015625
1 0.13359375 0.8859375 0.03125 0.0140625
1 0.4015625 0.34765625 0.0265625 0.009375
1 0.85078125 0.42578125 0.028125 0.0109375
1 0.2921875 0.4421875 0.028125 0.0109375
1 0.6640625 0.3015625 0.0265625 0.0078125
0 0.8046875 0.14296875 0.0296875 0.0125
1 0.01484375 0.434375 0.0296875 0.0140625
0 0.84765625 0.209375 0.028125 0.0125
1 0.50546875 0.2609375 0.0265625 0.009375
1 0.559375 0.3125 0.0265625 0.0109375
1 0.12578125 0.3296875 0.0265625 0.0109375
1 0.23828125 0.8640625 0.0265625 0.009375
0 0.85390625 0.2296875 0.028125 0.0125
1 0.66875 0.2625 0.028125 0.0109375
1 0.3640625 0.3703125 0.028125 0.0109375
1 0.38359375 0.32578125 0.0265625 0.009375
1 0.18828125 0.9765625 0.0359375 0.0109375
1 0.896875 0.33125 0.0234375 0.00625
1 0.4125 0.328125 0.0265625 0.009375
1 0.37265625 0.36171875 0.0265625 0.009375
1 0.10625 0.96875 0.0375 0.01875
1 0.059375 0.384375 0.03125 0.0140625
1 0.93125 0.4203125 0.028125 0.0125
1 0.47734375 0.25703125 0.0265625 0.009375
1 0.66484375 0.34375 0.028125 0.0109375
1 0.27421875 0.8765625 0.0265625 0.0109375
1 0.1546875 0.4828125 0.0265625 0.0125
1 0.690625 0.35078125 0.028125 0.0109375
1 0.67734375 0.353125 0.0265625 0.0078125
1 0.19921875 0.36953125 0.0265625 0.0109375
1 0.9015625 0.31640625 0.0265625 0.009375
1 0.11015625 0.528125 0.03125 0.015625
3 0.75 0.8828125 0.0578125 0.0640625
0 0.83046875 0.10625 0.0296875 0.015625
1 0.66484375 0.32734375 0.0265625 0.009375
1 0.6890625 0.30234375 0.025 0.0078125
1 0.51796875 0.34453125 0.0265625 0.0109375
1 0.3546875 0.33828125 0.025 0.009375
1 0.69140625 0.3921875 0.03125 0.0140625
1 0.828125 0.41171875 0.0265625 0.0109375
1 0.16640625 0.89140625 0.03125 0.01875
1 0.04453125 0.90703125 0.0328125 0.0234375
1 0.80234375 0.434375 0.0296875 0.0109375
1 0.99375 0.3953125 0.0125 0.0125
1 0.575 0.28515625 0.0265625 0.0078125
1 0.39609375 0.28203125 0.025 0.009375
1 0.10703125 0.353125 0.0265625 0.00625
1 0.878125 0.91640625 0.0296875 0.0125
1 0.3890625 0.3546875 0.028125 0.0109375
1 0.9890625 0.39765625 0.021875 0.0109375
1 0.66953125 0.3625 0.028125 0.0109375
1 0.878125 0.28046875 0.025 0.0078125
1 0.93828125 0.4796875 0.0265625 0.009375
1 0.21484375 0.8546875 0.0234375 0.00625
1 0.39765625 0.33671875 0.0265625 0.009375
1 0.334375 0.35625 0.0265625 0.0109375
1 0.26328125 0.87265625 0.0296875 0.0125
1 0.06953125 0.9671875 0.03125 0.015625
1 0.86328125 0.42421875 0.0265625 0.009375
1 0.71328125 0.30703125 0.0265625 0.0125
1 0.3875 0.31484375 0.025 0.0078125
1 0.075 0.3578125 0.025 0.0078125
1 0.34453125 0.35625 0.028125 0.0109375
1 0.54765625 0.3296875 0.028125 0.0109375
1 0.0171875 0.34609375 0.0265625 0.0078125
1 0.759375 0.9375 0.03125 0.015625
0 0.79140625 0.13984375 0.0296875 0.0109375
0 0.7390625 0.20390625 0.028125 0.0109375
1 0.6875 0.36484375 0.0265625 0.009375
1 0.9171875 0.32578125 0.025 0.0078125
0 0.69921875 0.7546875 0.0296875 0.015625
1 0.4296875 0.33203125 0.0265625 0.009375
1 0.83125 0.89609375 0.028125 0.0125
1 0.67578125 0.3296875 0.0265625 0.0078125
1 0.41015625 0.34140625 0.028125 0.0109375
1 0.65546875 0.31328125 0.0265625 0.009375
1 0.8375 0.40703125 0.028125 0.009375
1 0.09140625 0.53828125 0.0296875 0.0109375
1 0.84140625 0.4203125 0.0296875 0.0109375
1 0.378125 0.86484375 0.0265625 0.0078125
1 0.1359375 0.96640625 0.0375 0.025
1 0.94375 0.3515625 0.0265625 0.0078125
1 0.68828125 0.26796875 0.0265625 0.00625
1 0.378125 0.89375 0.0296875 0.009375
1 0.18671875 0.84140625 0.0265625 0.0078125
1 0.54453125 0.88515625 0.0265625 0.009375
1 0.41640625 0.86953125 0.025 0.00625
1 0.41640625 0.896875 0.03125 0.009375
1 0.3421875 0.28984375 0.0265625 0.0078125
1 0.3984375 0.3203125 0.0265625 0.0078125
1 0.02109375 0.36875 0.0265625 0.009375
1 0.15625 0.8765625 0.028125 0.0109375
0 0.41484375 0.9859375 0.05625 0.0171875
0 0.5265625 0.7671875 0.0265625 0.0109375
1 0.340625 0.98359375 0.0375 0.0125
1 0.64609375 0.26953125 0.025 0.0078125
1 0.04921875 0.971875 0.034375 0.00625
1 0.025 0.9015625 0.0296875 0.0171875
1 0.921875 0.44609375 0.028125 0.0078125
1 0.890625 0.2984375 0.0265625 0.0078125
1 0.4046875 0.86796875 0.0265625 0.00625
1 0.07421875 0.346875 0.025 0.009375
1 0.70390625 0.4109375 0.025 0.009375
1 0.13515625 0.84609375 0.025 0.00625
1 0.95546875 0.3609375 0.0265625 0.0078125
1 0.1375 0.25546875 0.028125 0.0078125
1 0.3890625 0.86484375 0.025 0.0078125
1 0.40546875 0.271875 0.025 0.0078125
1 0.39609375 0.8953125 0.03125 0.009375
1 0.1234375 0.5265625 0.0296875 0.015625
1 0.88671875 0.28984375 0.0265625 0.00625
1 0.03203125 0.35703125 0.0265625 0.009375
1 0.6890625 0.31484375 0.0265625 0.0078125
1 0.5203125 0.890625 0.025 0.009375
1 0.9296875 0.328125 0.0265625 0.0078125
1 0.27734375 0.84140625 0.0234375 0.0046875
1 0.0125 0.36953125 0.025 0.0109375
1 0.9203125 0.996875 0.0359375 0.0015625
1 0.67265625 0.3421875 0.0265625 0.009375
1 0.00859375 0.96171875 0.0171875 0.0171875
4 0.06796875 0.83984375 0.084375 0.0625
1 0.3984375 0.253125 0.025 0.0078125
1 0.140625 0.86953125 0.025 0.0078125
1 0.9375 0.3375 0.0265625 0.009375
1 0.9265625 0.30703125 0.028125 0.009375
1 0.3265625 0.37109375 0.0265625 0.0078125
1 0.04140625 0.36875 0.028125 0.0078125
1 0.89921875 0.99375 0.0375 0.0078125