2 0.21640625 0.23515625 0.115625 0.065625
4 0.93984375 0.41171875 0.1203125 0.1046875
4 0.34921875 0.8578125 0.140625 0.128125
4 0.21015625 0.85078125 0.0828125 0.065625
3 0.88671875 0.87109375 0.1640625 0.1421875
4 0.1515625 0.3453125 0.0671875 0.0671875
4 0.7734375 0.8453125 0.1203125 0.109375
3 0.27109375 0.84765625 0.090625 0.06875
1 0.98125 0.5515625 0.0375 0.021875
1 0.2109375 0.5984375 0.0375 0.025
1 0.23828125 0.5078125 0.0375 0.021875
1 0.79296875 0.428125 0.034375 0.01875
1 0.33046875 0.51171875 0.0375 0.0203125
1 0.82578125 0.38671875 0.034375 0.0171875
1 0.63828125 0.89296875 0.0390625 0.0203125
1 0.68046875 0.49453125 0.0359375 0.0234375
1 0.20078125 0.4515625 0.0359375 0.0203125
1 0.15 0.4609375 0.0359375 0.01875
1 0.55390625 0.4625 0.0359375 0.0203125
1 0.94609375 0.4671875 0.0359375 0.0203125
1 0.8453125 0.4078125 0.034375 0.01875
1 0.9203125 0.4890625 0.0375 0.021875
1 0.6078125 0.38984375 0.034375 0.01875
1 0.69375 0.54609375 0.0375 0.0234375
1 0.51171875 0.428125 0.034375 0.01875
1 0.65078125 0.8625 0.034375 0.01875
1 0.1796875 0.5828125 0.0375 0.0265625
1 0.02578125 0.4296875 0.034375 0.01875
1 0.42578125 0.89453125 0.0375 0.0234375
1 0.7671875 0.45625 0.0359375 0.021875
1 0.6921875 0.8828125 0.0359375 0.021875
1 0.33203125 0.53203125 0.0375 0.0234375
1 0.178125 0.421875 0.0328125 0.0171875
1 0.24140625 0.94765625 0.0421875 0.034375
1 0.4546875 0.44140625 0.0359375 0.0203125
1 0.8671875 0.4046875 0.034375 0.0203125
1 0.63515625 0.3875 0.034375 0.0171875
1 0.2796875 0.52421875 0.0359375 0.0234375
1 0.60234375 0.8734375 0.034375 0.0203125
1 0.153125 0.4 0.0328125 0.0171875
1 0.43203125 0.371875 0.0328125 0.0171875
1 0.68828125 0.39375 0.034375 0.01875
1 0.9640625 0.45625 0.0359375 0.0171875
4 0.09140625 0.46328125 0.1265625 0.1328125
1 0.65234375 0.3859375 0.0328125 0.0171875
1 0.4359375 0.41328125 0.0328125 0.01875
1 0.89296875 0.45 0.034375 0.0203125
1 0.325 0.47109375 0.0359375 0.021875
1 0.375 0.3625 0.0328125 0.0171875
0 0.76875 0.18125 0.0359375 0.0203125
1 0.490625 0.45 0.034375 0.0203125
1 0.3171875 0.38125 0.0328125 0.0171875
1 0.2625 0.509375 0.0375 0.0203125
1 0.64921875 0.4515625 0.0359375 0.021875
1 0.56328125 0.5390625 0.0359375 0.0234375
1 0.165625 0.9390625 0.040625 0.028125
1 0.8734375 0.62421875 0.0375 0.0234375
1 0.2640625 0.49453125 0.034375 0.015625
1 0.47734375 0.42421875 0.0359375 0.01875
1 0.696875 0.84609375 0.0328125 0.0171875
1 0.49375 0.3546875 0.03125 0.015625
1 0.90390625 0.4484375 0.0359375 0.0203125
1 0.50078125 0.45 0.0359375 0.0203125
1 0.55859375 0.4015625 0.034375 0.01875
1 0.4828125 0.8875 0.0359375 0.0234375
1 0.35 0.33828125 0.03125 0.0140625
1 0.02578125 0.40390625 0.0328125 0.0171875
1 0.45078125 0.3765625 0.0328125 0.0171875
1 0.890625 0.35703125 0.034375 0.015625
1 0.08359375 0.36875 0.0328125 0.0171875
1 0.1796875 0.91875 0.0390625 0.0234375
1 0.3359375 0.3171875 0.03125 0.015625
1 0.27578125 0.93359375 0.0390625 0.03125
1 0.98828125 0.4265625 0.0234375 0.01875
1 0.9 0.52109375 0.0375 0.021875
0 0.72421875 0.1828125 0.034375 0.01875
1 0.5125 0.64609375 0.034375 0.0140625
0 0.153125 0.16796875 0.034375 0.0171875
1 0.0125 0.4375 0.025 0.021875
3 0.7984375 0.55390625 0.153125 0.14375
1 0.66953125 0.38671875 0.034375 0.0140625
1 0.54375 0.36875 0.034375 0.015625
1 0.915625 0.3703125 0.0328125 0.0203125
1 0.7890625 0.90859375 0.0421875 0.03125
1 0.3359375 0.35 0.03125 0.015625
1 0.9890625 0.540625 0.021875 0.021875
2 0.73515625 0.215625 0.1171875 0.0546875
1 0.56015625 0.446875 0.0359375 0.01875
1 0.14296875 0.91875 0.0375 0.0234375
1 0.04375 0.40078125 0.0328125 0.0171875
1 0.26640625 0.878125 0.034375 0.01875
1 0.5328125 0.38984375 0.034375 0.015625
1 0.171875 0.90078125 0.034375 0.0171875
1 0.33984375 0.39296875 0.0328125 0.01875
1 0.04765625 0.37265625 0.0359375 0.01875
1 0.66875 0.37265625 0.034375 0.0171875
1 0.29296875 0.3671875 0.0328125 0.0171875
1 0.57109375 0.89453125 0.0359375 0.021875
1 0.4109375 0.859375 0.0359375 0.01875
1 0.34765625 0.39609375 0.034375 0.0171875
0 0.68359375 0.24609375 0.0328125 0.0171875
1 0.290625 0.346875 0.034375 0.0171875
1 0.3671875 0.30703125 0.0328125 0.0140625
1 0.11328125 0.36171875 0.03125 0.015625
1 0.6734375 0.32734375 0.0328125 0.0171875
1 0.3265625 0.35234375 0.034375 0.01875
1 0.86875 0.325 0.0328125 0.015625
1 0.62421875 0.34609375 0.03125 0.0140625
0 0.1578125 0.13671875 0.034375 0.0171875
1 0.54453125 0.38671875 0.034375 0.0171875
1 0.8 0.29921875 0.0296875 0.0140625
1 0.4390625 0.32578125 0.0328125 0.015625
1 0.984375 0.45234375 0.03125 0.0171875
1 0.3671875 0.3515625 0.0328125 0.015625
1 0.596875 0.3953125 0.0328125 0.015625
1 0.84609375 0.31328125 0.03125 0.0140625
1 0.6109375 0.29453125 0.03125 0.0140625
1 0.6171875 0.33828125 0.0328125 0.0140625
1 0.61640625 0.36484375 0.034375 0.0171875
1 0.80546875 0.28984375 0.03125 0.0140625
1 0.45 0.35703125 0.034375 0.0171875
1 0.7046875 0.8921875 0.0375 0.015625
1 0.6421875 0.37421875 0.0328125 0.0171875
1 0.68984375 0.32578125 0.034375 0.0171875
1 0.50234375 0.34609375 0.0328125 0.015625
1 0.05703125 0.36328125 0.0328125 0.015625
1 0.46875 0.81953125 0.03125 0.0125
1 0.76171875 0.4859375 0.0328125 0.0140625
1 0.4734375 0.409375 0.0328125 0.0140625
1 0.09921875 0.9484375 0.0375 0.0234375
1 0.53671875 0.37578125 0.0328125 0.015625
1 0.16484375 0.659375 0.0390625 0.01875
1 0.11796875 0.353125 0.0328125 0.015625
1 0.571875 0.8453125 0.0328125 0.015625
1 0.33203125 0.3390625 0.0328125 0.0140625
0 0.925 0.128125 0.0390625 0.0296875
1 0.8796875 0.3171875 0.0328125 0.015625
1 0.8578125 0.31640625 0.0328125 0.015625
1 0.7609375 0.91796875 0.0390625 0.0296875
1 0.11171875 0.92265625 0.0359375 0.0203125
1 0.61015625 0.33125 0.03125 0.015625
0 0.69453125 0.17421875 0.034375 0.01875
1 0.86953125 0.31171875 0.034375 0.0171875
1 0.5796875 0.83828125 0.0328125 0.015625
1 0.16796875 0.8734375 0.0328125 0.0140625
0 0.75 0.11484375 0.0328125 0.01875
1 0.84765625 0.2875 0.0328125 0.0140625
1 0.08125 0.9546875 0.0390625 0.0234375
0 0.73984375 0.23203125 0.034375 0.015625
1 0.01328125 0.39921875 0.0265625 0.0203125
1 0.18046875 0.86953125 0.0328125 0.015625
1 0.13046875 0.90859375 0.0359375 0.0203125
0 0.15546875 0.14921875 0.034375 0.0171875
1 0.48125 0.8375 0.03125 0.0140625
1 0.02421875 0.38984375 0.03125 0.0125
1 0.13984375 0.8921875 0.034375 0.0171875
1 0.76875 0.97578125 0.046875 0.021875
1 0.1609375 0.91171875 0.0375 0.0171875
1 0.45078125 0.83203125 0.03125 0.0140625
1 0.6921875 0.3078125 0.034375 0.0171875
0 0.80390625 0.03828125 0.0375 0.0171875
1 0.46875 0.83828125 0.0328125 0.0140625
1 0.4375 0.3046875 0.03125 0.0140625
1 0.08125 0.93046875 0.0375 0.0171875
1 0.60078125 0.84296875 0.03125 0.015625
1 0.06875 0.36328125 0.0359375 0.01875
1 0.12109375 0.85234375 0.0328125 0.015625
1 0.11875 0.32421875 0.034375 0.0171875