2 0.22421875 0.228125 0.109375 0.0671875
0 0.7703125 0.77890625 0.0328125 0.0203125
0 0.7625 0.01953125 0.03125 0.01875
0 0.821875 0.178125 0.03125 0.01875
3 0.42421875 0.31796875 0.0859375 0.084375
0 0.8359375 0.11484375 0.0328125 0.0203125
0 0.84140625 0.19140625 0.03125 0.0171875
2 0.7375 0.1984375 0.1109375 0.0578125
4 0.1625 0.896875 0.1125 0.121875
0 0.8078125 0.7 0.0328125 0.0203125
0 0.8671875 0.8 0.0296875 0.0171875
3 0.1046875 0.43671875 0.121875 0.103125
4 0.334375 0.296875 0.096875 0.0828125
1 0.36796875 0.40078125 0.03125 0.0171875
0 0.79140625 0.80390625 0.0328125 0.0203125
0 0.81328125 0.09453125 0.0328125 0.01875
0 0.8609375 0.17265625 0.03125 0.0171875
0 0.796875 0.76875 0.0296875 0.0171875
4 0.03359375 0.43203125 0.0671875 0.1203125
1 0.778125 0.62890625 0.0359375 0.021875
1 0.4296875 0.409375 0.0296875 0.0171875
0 0.75234375 0.1375 0.0296875 0.015625
3 0.325 0.34921875 0.08125 0.0890625
3 0.25625 0.88984375 0.0953125 0.0921875
1 0.5375 0.33828125 0.0296875 0.015625
1 0.93671875 0.35703125 0.03125 0.0171875
0 0.828125 0.759375 0.0328125 0.0203125
1 0.13984375 0.33671875 0.028125 0.015625
0 0.78671875 0.759375 0.03125 0.0171875
1 0.45625 0.4203125 0.03125 0.0171875
1 0.334375 0.55 0.0328125 0.0234375
1 0.31796875 0.39765625 0.03125 0.015625
1 0.80234375 0.36796875 0.03125 0.0171875
1 0.51015625 0.32890625 0.028125 0.0140625
1 0.84921875 0.30859375 0.0296875 0.0140625
0 0.8046875 0.21171875 0.03125 0.015625
1 0.48125 0.32109375 0.028125 0.0125
1 0.66328125 0.5875 0.03125 0.0234375
1 0.71640625 0.8828125 0.03125 0.0171875
1 0.72421875 0.45390625 0.03125 0.01875
0 0.8328125 0.21328125 0.03125 0.015625
1 0.496875 0.4171875 0.03125 0.01875
0 0.84921875 0.1140625 0.03125 0.0171875
1 0.82578125 0.865625 0.028125 0.0140625
1 0.6921875 0.884375 0.03125 0.015625
0 0.753125 0.75625 0.0265625 0.0109375
1 0.984375 0.36640625 0.03125 0.015625
0 0.7828125 0.76875 0.0328125 0.0171875
1 0.4 0.378125 0.03125 0.015625
1 0.66875 0.41328125 0.03125 0.0171875
0 0.725 0.7109375 0.0328125 0.0171875
0 0.81640625 0.096875 0.03125 0.0171875
1 0.3984375 0.55546875 0.034375 0.0234375
1 0.83203125 0.91015625 0.0375 0.0265625
1 0.4703125 0.321875 0.028125 0.0125
4 0.75546875 0.8359375 0.0734375 0.046875
1 0.11875 0.35078125 0.028125 0.0140625
1 0.32734375 0.44453125 0.03125 0.01875
0 0.9015625 0.77734375 0.0328125 0.0171875
1 0.440625 0.26953125 0.0265625 0.0125
1 0.28203125 0.45 0.03125 0.0171875
1 0.871875 0.28359375 0.0296875 0.0140625
1 0.49453125 0.296875 0.028125 0.0140625
1 0.971875 0.3234375 0.0296875 0.0125
1 0.73828125 0.85859375 0.028125 0.0125
1 0.29296875 0.43984375 0.03125 0.015625
1 0.51484375 0.3546875 0.03125 0.015625
1 0.54765625 0.2671875 0.028125 0.0140625
1 0.47109375 0.259375 0.028125 0.0125
1 0.61953125 0.39765625 0.03125 0.0171875
1 0.95 0.9265625 0.0390625 0.0328125
1 0.465625 0.40234375 0.0296875 0.015625
1 0.40625 0.4203125 0.03125 0.0171875
1 0.7296875 0.50390625 0.03125 0.0171875
1 0.65 0.2921875 0.0296875 0.0171875
1 0.95234375 0.36875 0.0328125 0.0171875
1 0.384375 0.30390625 0.028125 0.0125
1 0.92890625 0.89375 0.0328125 0.0203125
1 0.7140625 0.86640625 0.028125 0.0125
1 0.60234375 0.315625 0.0296875 0.0140625
1 0.15390625 0.29921875 0.028125 0.0125
1 0.384375 0.365625 0.0296875 0.0140625
1 0.86328125 0.27421875 0.0296875 0.0125
1 0.81796875 0.26640625 0.028125 0.015625
1 0.4421875 0.3890625 0.03125 0.0171875
1 0.08828125 0.33671875 0.028125 0.0140625
1 0.60859375 0.53203125 0.0328125 0.021875
1 0.4734375 0.3484375 0.0296875 0.015625
0 0.45625 0.98984375 0.0390625 0.0203125
1 0.8953125 0.91328125 0.0375 0.028125
1 0.06171875 0.36796875 0.0296875 0.015625
1 0.2734375 0.48203125 0.0328125 0.01875
1 0.58671875 0.2640625 0.0296875 0.0125
1 0.68203125 0.37109375 0.0296875 0.015625
1 0.4609375 0.38203125 0.03125 0.015625
1 0.7046875 0.47421875 0.03125 0.01875
1 0.90703125 0.31640625 0.0296875 0.0140625
1 0.81875 0.36328125 0.03125 0.015625
1 0.55625 0.88515625 0.0265625 0.00625
1 0.41484375 0.87578125 0.03125 0.0109375
1 0.6859375 0.37578125 0.0296875 0.015625
1 0.8953125 0.3296875 0.0296875 0.0140625
1 0.88046875 0.2578125 0.0296875 0.0140625
1 0.4828125 0.29921875 0.0296875 0.0140625
1 0.08671875 0.39453125 0.025 0.009375
1 0.14609375 0.303125 0.028125 0.0140625
1 0.89140625 0.29375 0.028125 0.0125
0 0.76484375 0.6859375 0.028125 0.0125
1 0.1046875 0.37578125 0.03125 0.0125
1 0.0734375 0.94375 0.0328125 0.025
1 0.9828125 0.4078125 0.034375 0.0234375
1 0.57109375 0.2609375 0.0296875 0.0125
1 0.08203125 0.3515625 0.03125 0.0140625
1 0.8703125 0.26328125 0.0296875 0.0140625
0 0.4875 0.18828125 0.0296875 0.0171875
1 0.4375 0.87421875 0.028125 0.0125
1 0.5171875 0.26015625 0.028125 0.015625
0 0.4812740625 0.212202109375 0.48197259375 0.2010653390625 0.46251493593750004 0.199964565625 0.45358694374999997 0.2112239984375 0.4812740625 0.212202109375
0 0.470275959375 0.17140710625 0.473808109375 0.178301146875 0.5003140562499999 0.1778513859375 0.498518025 0.16675550156250002 0.4790164703125 0.165695615625 0.470275959375 0.17140710625
0 0.5067862265625 0.16349088125 0.509855478125 0.1509262375 0.48103369531249995 0.152762984375 0.482757125 0.1624718828125 0.5067862265625 0.16349088125