3 0.17421875 0.35234375 0.0953125 0.0859375
4 0.578125 0.31796875 0.103125 0.0828125
2 0.7890625 0.23828125 0.1203125 0.0640625
3 0.21875 0.8234375 0.10625 0.075
4 0.603125 0.56796875 0.1578125 0.165625
3 0.47578125 0.29296875 0.0828125 0.071875
3 0.39453125 0.54375 0.125 0.1640625
2 0.26875 0.209375 0.1203125 0.0515625
1 0.4375 0.46640625 0.040625 0.0140625
1 0.44609375 0.5015625 0.0390625 0.015625
1 0.43671875 0.49296875 0.0390625 0.0125
1 0.56796875 0.4 0.0390625 0.0140625
1 0.45546875 0.50234375 0.040625 0.0171875
1 0.71171875 0.84609375 0.0390625 0.0109375