4 0.503125 0.365625 0.09375 0.0953125
4 0.22890625 0.83359375 0.084375 0.078125
3 0.37734375 0.42578125 0.0921875 0.1109375
2 0.78046875 0.2296875 0.1 0.059375
4 0.15390625 0.36953125 0.0875 0.0796875
1 0.43203125 0.57578125 0.0234375 0.0203125
3 0.69765625 0.84609375 0.075 0.0703125
3 0.509375 0.484375 0.1015625 0.1328125
1 0.05625 0.52890625 0.025 0.0234375
1 0.184375 0.434375 0.021875 0.015625
1 0.04609375 0.4046875 0.021875 0.0171875
1 0.4484375 0.4453125 0.021875 0.01875
1 0.28125 0.8734375 0.021875 0.01875
1 0.55703125 0.53359375 0.025 0.0234375
1 0.6109375 0.4515625 0.021875 0.01875
1 0.95234375 0.48125 0.0234375 0.01875
1 0.6296875 0.87265625 0.021875 0.01875
1 0.72265625 0.4625 0.021875 0.01875
4 0.5265625 0.81484375 0.04375 0.0453125
1 0.74375 0.59921875 0.025 0.01875
1 0.77578125 0.93515625 0.028125 0.0296875
1 0.37890625 0.484375 0.0234375 0.01875
0 0.940625 0.171875 0.021875 0.0171875
1 0.72265625 0.4890625 0.0234375 0.0171875
1 0.340625 0.87421875 0.025 0.0265625
2 0.25546875 0.21796875 0.103125 0.0484375
1 0.69375 0.90625 0.025 0.01875
1 0.43046875 0.44609375 0.021875 0.01875
1 0.390625 0.346875 0.0203125 0.0171875
1 0.3484375 0.4828125 0.0234375 0.0203125
1 0.5 0.5703125 0.0234375 0.0234375
1 0.46171875 0.3875 0.0203125 0.0171875
1 0.1375 0.42265625 0.0203125 0.015625
1 0.18359375 0.55546875 0.025 0.0234375
1 0.540625 0.55078125 0.0234375 0.021875
1 0.39921875 0.48046875 0.021875 0.01875
1 0.265625 0.47109375 0.021875 0.0171875
0 0.7375 0.25234375 0.025 0.0234375
1 0.65859375 0.490625 0.025 0.025
1 0.41015625 0.90078125 0.0234375 0.0140625
1 0.396875 0.57578125 0.0234375 0.021875
4 0.66328125 0.57421875 0.0859375 0.146875
1 0.7109375 0.51484375 0.0234375 0.01875
1 0.84140625 0.93359375 0.028125 0.0265625
1 0.86171875 0.428125 0.021875 0.0171875
1 0.33359375 0.478125 0.025 0.0234375
1 0.3109375 0.41796875 0.021875 0.01875
1 0.16171875 0.63046875 0.025 0.0203125
1 0.41484375 0.34921875 0.0203125 0.0140625
1 0.29375 0.4625 0.021875 0.01875
1 0.73671875 0.49609375 0.0234375 0.0203125
1 0.4875 0.6453125 0.0234375 0.015625
0 0.93984375 0.22890625 0.021875 0.021875
0 0.94453125 0.140625 0.0234375 0.01875
1 0.371875 0.35 0.01875 0.0140625
1 0.15234375 0.45078125 0.021875 0.01875
1 0.68125 0.42421875 0.0203125 0.0171875
3 0.8265625 0.38515625 0.05 0.0734375
1 0.621875 0.36953125 0.0203125 0.015625
1 0.5140625 0.3078125 0.01875 0.0140625
1 0.5484375 0.425 0.0203125 0.015625
1 0.70234375 0.534375 0.0234375 0.01875
1 0.90390625 0.91796875 0.0265625 0.0265625
1 0.3625 0.3734375 0.01875 0.0125
1 0.56875 0.36796875 0.0203125 0.015625
1 0.68671875 0.89140625 0.0234375 0.0203125
1 0.30546875 0.48359375 0.021875 0.015625
1 0.90078125 0.45625 0.021875 0.0171875
0 0.8953125 0.82109375 0.0203125 0.0140625
1 0.8171875 0.89375 0.025 0.0203125
1 0.41015625 0.46640625 0.0234375 0.01875
1 0.87890625 0.28046875 0.0203125 0.0125
1 0.65078125 0.35625 0.0203125 0.015625
1 0.721875 0.6015625 0.0234375 0.0171875
1 0.1265625 0.90859375 0.025 0.0234375
1 0.34609375 0.36796875 0.01875 0.015625
1 0.6609375 0.88046875 0.021875 0.01875
1 0.63671875 0.31015625 0.01875 0.0125
0 0.825 0.06484375 0.0265625 0.0265625
1 0.5828125 0.34609375 0.0203125 0.0125
1 0.196875 0.303125 0.0171875 0.0125
1 0.88671875 0.32109375 0.01875 0.0125
1 0.92734375 0.91796875 0.025 0.025
1 0.6578125 0.35859375 0.01875 0.015625
0 0.92421875 0.29765625 0.0203125 0.0140625
1 0.1296875 0.8671875 0.021875 0.01875
1 0.33671875 0.4234375 0.0203125 0.0140625
1 0.46328125 0.3046875 0.01875 0.0140625
1 0.9953125 0.39765625 0.009375 0.0140625
1 0.321875 0.44609375 0.021875 0.0125
1 0.346875 0.35078125 0.01875 0.0109375
1 0.73359375 0.85 0.01875 0.0109375
1 0.71875 0.43828125 0.021875 0.0171875
1 0.2765625 0.45234375 0.021875 0.01875
1 0.95546875 0.42109375 0.0234375 0.0203125
1 0.828125 0.91328125 0.025 0.021875
1 0.7171875 0.50234375 0.021875 0.0140625
1 0.55859375 0.3390625 0.01875 0.0140625
1 0.5484375 0.3484375 0.0203125 0.0140625
1 0.32109375 0.46171875 0.021875 0.015625
1 0.98046875 0.39921875 0.0234375 0.015625
0 0.87890625 0.80546875 0.0203125 0.015625
1 0.70859375 0.44140625 0.021875 0.0203125
1 0.8765625 0.91484375 0.0265625 0.021875
1 0.9203125 0.36484375 0.0203125 0.0140625
1 0.303125 0.4703125 0.021875 0.0140625
1 0.41015625 0.29765625 0.01875 0.0125
1 0.609375 0.37421875 0.0203125 0.0140625
1 0.48515625 0.4171875 0.0203125 0.0125
0 0.884375 0.8453125 0.01875 0.0140625
1 0.55859375 0.47109375 0.021875 0.0171875
1 0.85859375 0.3140625 0.01875 0.0125
1 0.69609375 0.384375 0.0234375 0.0203125
1 0.971875 0.3984375 0.01875 0.015625
1 0.60859375 0.35703125 0.0203125 0.0109375
1 0.85078125 0.3125 0.01875 0.0140625
1 0.5984375 0.3609375 0.0203125 0.015625
1 0.1484375 0.82890625 0.0171875 0.0109375
1 0.92109375 0.35078125 0.0203125 0.0125
1 0.05859375 0.94609375 0.028125 0.0265625
1 0.5546875 0.4953125 0.0203125 0.01875
0 0.91015625 0.80546875 0.0203125 0.015625
1 0.59140625 0.34453125 0.0203125 0.015625
1 0.33671875 0.40546875 0.0203125 0.0171875
1 0.55703125 0.85 0.0203125 0.0109375
1 0.9578125 0.3625 0.021875 0.01875
1 0.52421875 0.296875 0.01875 0.0125
0 0.87109375 0.74921875 0.0203125 0.0203125
1 0.45390625 0.34296875 0.0203125 0.0140625
1 0.04140625 0.9484375 0.0296875 0.03125
1 0.53984375 0.8515625 0.01875 0.009375
1 0.5546875 0.4359375 0.01875 0.015625
1 0.56015625 0.45390625 0.021875 0.0140625
1 0.17109375 0.6078125 0.0234375 0.01875
0 0.7796875 0.190625 0.01875 0.0125
1 0.8515625 0.9078125 0.0234375 0.01875
1 0.48125 0.403125 0.0203125 0.0140625
1 0.7 0.88125 0.0234375 0.0171875
1 0.6 0.328125 0.0203125 0.015625
1 0.69140625 0.428125 0.0203125 0.0171875
1 0.88125 0.88984375 0.0234375 0.0171875
0 0.93203125 0.27578125 0.021875 0.021875
1 0.3859375 0.29375 0.0171875 0.0109375
1 0.9078125 0.9625 0.0203125 0.015625
1 0.07734375 0.34140625 0.0203125 0.0140625
0 0.95546875 0.0578125 0.0234375 0.01875
1 0.87109375 0.8875 0.0203125 0.0140625
1 0.934375 0.99609375 0.0296875 0.0078125
1 0.90234375 0.3328125 0.021875 0.0140625
1 0.415625 0.32734375 0.0203125 0.0125
0 0.24609375 0.1703125 0.021875 0.0171875
1 0.11484375 0.31875 0.0203125 0.0125
1 0.54375 0.32265625 0.0203125 0.0125
1 0.98828125 0.65859375 0.0234375 0.025
1 0.128125 0.9390625 0.0296875 0.025
0 0.7828125 0.15625 0.0203125 0.01875
1 0.14921875 0.296875 0.01875 0.0140625
1 0.61171875 0.31328125 0.0203125 0.0171875
0 0.8703125 0.82109375 0.01875 0.0125
1 0.9109375 0.8921875 0.0203125 0.0171875
1 0.621875 0.3015625 0.01875 0.0125
1 0.7078125 0.4078125 0.0203125 0.0109375
1 0.51328125 0.2796875 0.0203125 0.015625
1 0.57421875 0.34140625 0.01875 0.0140625
0 0.7859375 0.04375 0.01875 0.015625
1 0.93046875 0.959375 0.021875 0.0171875
1 0.565625 0.325 0.01875 0.0140625
1 0.18515625 0.9765625 0.0359375 0.025
1 0.58125 0.31875 0.0203125 0.0125
1 0.13046875 0.97734375 0.0234375 0.01875
1 0.328125 0.4375 0.021875 0.0140625
1 0.8140625 0.44140625 0.01875 0.0140625
1 0.06484375 0.87265625 0.021875 0.0203125
1 0.32890625 0.4109375 0.0234375 0.015625
1 0.4078125 0.33671875 0.0171875 0.0125
1 0.2640625 0.453125 0.0203125 0.0140625
4 0.434375 0.82109375 0.0484375 0.04375
1 0.00703125 0.4171875 0.0140625 0.0125
1 0.509375 0.85234375 0.0203125 0.0109375
1 0.109375 0.91484375 0.028125 0.025
0 0.95234375 0.02890625 0.0234375 0.0203125
1 0.56640625 0.3390625 0.01875 0.0140625
1 0.98359375 0.37109375 0.021875 0.015625
1 0.5484375 0.44765625 0.021875 0.0140625
1 0.89609375 0.3171875 0.01875 0.0125
0 0.23046875 0.16875 0.01875 0.015625
0 0.36328125 0.984375 0.034375 0.0203125
1 0.8640625 0.9109375 0.025 0.021875
1 0.4609375 0.64609375 0.0203125 0.0109375
1 0.015625 0.41640625 0.0203125 0.0109375
1 0.54921875 0.30078125 0.01875 0.0125
1 0.9484375 0.3546875 0.0203125 0.0140625
1 0.5515625 0.325 0.0203125 0.0140625
1 0.28984375 0.50625 0.0171875 0.009375
1 0.31015625 0.45390625 0.0203125 0.0109375