4 0.30859375 0.84609375 0.1265625 0.1109375
4 0.57734375 0.31484375 0.10625 0.0890625
3 0.31953125 0.459375 0.1265625 0.1328125
2 0.7890625 0.2390625 0.121875 0.071875
4 0.1078125 0.40390625 0.1078125 0.103125
3 0.70625 0.8453125 0.096875 0.071875
1 0.4515625 0.57265625 0.0453125 0.0328125
1 0.97421875 0.4734375 0.0421875 0.0234375
1 0.31171875 0.56484375 0.04375 0.0296875
4 0.6640625 0.33828125 0.1015625 0.0859375
1 0.609375 0.35234375 0.0390625 0.021875
2 0.26796875 0.20859375 0.1234375 0.059375
1 0.7 0.575 0.04375 0.0296875
1 0.40859375 0.878125 0.040625 0.0265625
1 0.59140625 0.89375 0.04375 0.0296875
1 0.7828125 0.91171875 0.0421875 0.028125
1 0.0640625 0.390625 0.040625 0.021875
1 0.44765625 0.61796875 0.0453125 0.03125
1 0.38203125 0.36484375 0.040625 0.0234375
1 0.8171875 0.46484375 0.0421875 0.025
1 0.95 0.4703125 0.0421875 0.025
1 0.9484375 0.453125 0.0421875 0.0234375
1 0.7140625 0.89375 0.0421875 0.0234375
1 0.68515625 0.64296875 0.0453125 0.0296875
1 0.96328125 0.4578125 0.0421875 0.025
1 0.72421875 0.9453125 0.0484375 0.0359375
1 0.59765625 0.87734375 0.0421875 0.021875
1 0.05390625 0.40625 0.0421875 0.0265625
1 0.88125 0.61796875 0.04375 0.0234375
1 0.62421875 0.38515625 0.0390625 0.0234375
1 0.4921875 0.34296875 0.0390625 0.0203125
1 0.671875 0.42109375 0.040625 0.025
1 0.69375 0.46796875 0.0421875 0.025
1 0.4 0.89765625 0.040625 0.01875
1 0.05859375 0.49375 0.0421875 0.028125
1 0.26875 0.4703125 0.040625 0.025
1 0.36796875 0.35703125 0.0390625 0.021875
1 0.43515625 0.3421875 0.0390625 0.021875
1 0.05078125 0.46328125 0.040625 0.021875
1 0.73359375 0.9109375 0.0421875 0.028125
1 0.3578125 0.38359375 0.040625 0.021875
1 0.90234375 0.43125 0.040625 0.0234375
1 0.88359375 0.66953125 0.0453125 0.028125
1 0.13203125 0.5375 0.04375 0.03125
1 0.7453125 0.89375 0.040625 0.025
1 0.14921875 0.91328125 0.05 0.0375
1 0.7140625 0.43984375 0.040625 0.025
1 0.4703125 0.3171875 0.0390625 0.01875
1 0.16328125 0.43828125 0.040625 0.0234375
1 0.70234375 0.43515625 0.040625 0.021875
1 0.89296875 0.44609375 0.040625 0.0234375
1 0.990625 0.4578125 0.01875 0.021875
1 0.2 0.875 0.0421875 0.025
1 0.140625 0.8828125 0.0453125 0.0296875
1 0.75703125 0.9171875 0.04375 0.0296875
1 0.13125 0.34453125 0.0359375 0.0171875
1 0.8171875 0.90546875 0.04375 0.0265625
1 0.6421875 0.87109375 0.040625 0.0234375
1 0.384375 0.3265625 0.0390625 0.0203125
1 0.15078125 0.86171875 0.0421875 0.025
1 0.05703125 0.553125 0.040625 0.021875
1 0.36328125 0.3703125 0.040625 0.01875
1 0.37421875 0.87578125 0.04375 0.0296875
1 0.97265625 0.434375 0.0421875 0.0234375
1 0.18515625 0.28359375 0.0390625 0.0203125
1 0.659375 0.865625 0.040625 0.0203125
0 0.8671875 0.9515625 0.053125 0.04375
1 0.046875 0.38828125 0.040625 0.0234375
1 0.9859375 0.421875 0.028125 0.021875
1 0.128125 0.91171875 0.0484375 0.034375
1 0.9046875 0.33125 0.0390625 0.01875
1 0.86875 0.34453125 0.0390625 0.0203125
1 0.0875 0.61484375 0.0453125 0.0296875
1 0.85078125 0.34375 0.0390625 0.0203125
1 0.9828125 0.40703125 0.034375 0.0203125
1 0.91484375 0.35078125 0.0390625 0.0203125
1 0.45703125 0.3421875 0.040625 0.021875
1 0.209375 0.38828125 0.0421875 0.021875
1 0.76875 0.9078125 0.0421875 0.028125
1 0.69765625 0.4171875 0.0390625 0.021875
1 0.1484375 0.84453125 0.040625 0.021875
1 0.10390625 0.3453125 0.0390625 0.0203125
1 0.853125 0.3234375 0.0390625 0.01875
1 0.0828125 0.92265625 0.05 0.0375
1 0.89609375 0.33046875 0.0390625 0.0203125
1 0.37109375 0.315625 0.0390625 0.01875
1 0.13515625 0.96484375 0.053125 0.028125
1 0.153125 0.4359375 0.0390625 0.021875
1 0.1203125 0.621875 0.0421875 0.01875
1 0.72109375 0.871875 0.0421875 0.01875
1 0.928125 0.34453125 0.0390625 0.01875
4 0.44140625 0.81484375 0.06875 0.04375
1 0.84140625 0.3265625 0.0390625 0.0203125
1 0.10234375 0.9109375 0.05 0.03125
1 0.14609375 0.30859375 0.0390625 0.0203125
1 0.36015625 0.2984375 0.0359375 0.015625
1 0.77109375 0.8625 0.0375 0.0171875
1 0.9578125 0.43203125 0.040625 0.021875
1 0.17421875 0.5828125 0.0421875 0.0203125
1 0.13515625 0.31015625 0.040625 0.0203125
1 0.1875 0.82109375 0.0375 0.0171875
1 0.7109375 0.42109375 0.0390625 0.01875
1 0.190625 0.87265625 0.0421875 0.025
1 0.81640625 0.96484375 0.0484375 0.0359375
1 0.17734375 0.29921875 0.040625 0.01875
1 0.2109375 0.8234375 0.0375 0.015625
1 0.09140625 0.353125 0.040625 0.0203125
1 0.78203125 0.959375 0.046875 0.0390625
1 0.196875 0.3640625 0.0390625 0.0203125
1 0.628125 0.31640625 0.0375 0.01875
1 0.79921875 0.97109375 0.0515625 0.0359375
1 0.3546875 0.31015625 0.034375 0.015625
1 0.24453125 0.6109375 0.0453125 0.03125
1 0.171875 0.8625 0.0421875 0.025
1 0.27421875 0.44453125 0.0390625 0.0234375
1 0.440625 0.31015625 0.040625 0.01875
1 0.19765625 0.37578125 0.0421875 0.0203125
1 0.4984375 0.81875 0.0359375 0.015625
1 0.209375 0.978125 0.0421875 0.0140625
1 0.071875 0.35078125 0.0421875 0.0234375
1 0.83828125 0.98984375 0.0546875 0.0203125
1 0.86640625 0.33125 0.0375 0.0171875
1 0.07421875 0.87109375 0.0421875 0.0265625
1 0.171875 0.83828125 0.0390625 0.01875
1 0.103125 0.8734375 0.04375 0.0234375
1 0.434375 0.8484375 0.0375 0.015625
1 0.1078125 0.315625 0.040625 0.0203125
1 0.08203125 0.346875 0.0390625 0.0203125
1 0.0890625 0.86328125 0.0421875 0.021875
1 0.059375 0.346875 0.040625 0.0203125
1 0.2640625 0.83828125 0.040625 0.01875
1 0.075 0.59375 0.0421875 0.0234375