1 0.9015625 0.446875 0.040625 0.0140625
3 0.4046875 0.84296875 0.1015625 0.096875
4 0.634375 0.32421875 0.1 0.075
3 0.746875 0.84609375 0.0796875 0.04375
4 0.33125 0.8484375 0.121875 0.096875
1 0.4328125 0.50078125 0.040625 0.0171875
1 0.31015625 0.44921875 0.040625 0.015625
1 0.71328125 0.45703125 0.040625 0.0140625
2 0.78828125 0.240625 0.1203125 0.059375
1 0.71953125 0.8953125 0.040625 0.015625
1 0.72734375 0.496875 0.040625 0.015625
1 0.69453125 0.89140625 0.040625 0.015625
1 0.9734375 0.48125 0.040625 0.015625
1 0.30078125 0.4328125 0.040625 0.0140625
1 0.05625 0.546875 0.0421875 0.0171875
1 0.6171875 0.87734375 0.0390625 0.015625
1 0.390625 0.4796875 0.040625 0.0171875
4 0.5421875 0.4125 0.1171875 0.1015625
2 0.265625 0.209375 0.121875 0.05
1 0.23046875 0.5578125 0.0421875 0.0203125
1 0.165625 0.34765625 0.0375 0.0109375
1 0.5078125 0.35390625 0.0375 0.0125
1 0.7703125 0.8875 0.0375 0.0125
1 0.04921875 0.3875 0.0390625 0.0140625
1 0.50234375 0.45859375 0.0390625 0.0125
1 0.94921875 0.49375 0.0421875 0.015625
1 0.84921875 0.92578125 0.0421875 0.01875
1 0.2890625 0.45078125 0.0390625 0.0140625
1 0.8828125 0.44765625 0.0390625 0.0140625
1 0.1953125 0.865625 0.040625 0.0171875
1 0.09140625 0.4984375 0.0421875 0.01875
1 0.29296875 0.46953125 0.040625 0.015625
1 0.8859375 0.40390625 0.0390625 0.0125
1 0.6078125 0.35546875 0.0390625 0.0125
1 0.72578125 0.47578125 0.0390625 0.0140625
1 0.346875 0.384375 0.0390625 0.0140625
1 0.45859375 0.45390625 0.040625 0.015625
1 0.06015625 0.40234375 0.0390625 0.0140625
1 0.70546875 0.509375 0.0390625 0.015625
1 0.73984375 0.91796875 0.04375 0.021875
1 0.09921875 0.37734375 0.0390625 0.0125
0 0.74921875 0.80078125 0.0390625 0.0125
1 0.68203125 0.91171875 0.0421875 0.01875
1 0.9765625 0.43203125 0.040625 0.0140625
3 0.196875 0.42734375 0.1140625 0.1
1 0.48203125 0.33984375 0.0375 0.0109375
0 0.8015625 0.22578125 0.0375 0.009375
1 0.659375 0.36328125 0.0375 0.0109375
1 0.63671875 0.38203125 0.0375 0.0125
1 0.6390625 0.3625 0.0375 0.0109375
1 0.3640625 0.3421875 0.0375 0.0109375
1 0.32421875 0.3921875 0.0375 0.0140625
1 0.86484375 0.371875 0.0375 0.0109375
1 0.66015625 0.85703125 0.0375 0.0109375
1 0.8265625 0.94453125 0.0453125 0.0234375
1 0.40390625 0.35234375 0.0375 0.0125
1 0.69921875 0.478125 0.0390625 0.0140625
1 0.9453125 0.38515625 0.0390625 0.0125
1 0.90234375 0.3671875 0.0375 0.0109375
1 0.6234375 0.359375 0.0375 0.009375
1 0.16953125 0.8328125 0.0359375 0.0109375
1 0.56015625 0.475 0.0390625 0.015625
1 0.72421875 0.5984375 0.0421875 0.0171875
1 0.95703125 0.38828125 0.0390625 0.0125
0 0.8265625 0.24609375 0.0390625 0.0125
1 0.803125 0.90546875 0.0421875 0.01875
1 0.3140625 0.41953125 0.040625 0.0140625
1 0.77265625 0.63515625 0.04375 0.0140625
1 0.3546875 0.4 0.0390625 0.0140625
1 0.97734375 0.50390625 0.0421875 0.01875
1 0.3265625 0.415625 0.0390625 0.0140625
1 0.41953125 0.31796875 0.0375 0.0109375
1 0.396875 0.3296875 0.0375 0.0125
1 0.98671875 0.3921875 0.0265625 0.0125
1 0.34375 0.35390625 0.0375 0.0109375
1 0.1578125 0.3125 0.0375 0.0109375
1 0.27421875 0.86328125 0.040625 0.0140625
1 0.6875 0.37734375 0.0375 0.0109375
1 0.1140625 0.8953125 0.04375 0.021875
1 0.46796875 0.33671875 0.0375 0.0109375
1 0.6015625 0.50703125 0.0421875 0.01875
1 0.38828125 0.8921875 0.0421875 0.0171875
1 0.68828125 0.35703125 0.0375 0.0109375
1 0.7203125 0.86171875 0.0375 0.0109375
0 0.77109375 0.73203125 0.0375 0.0125
1 0.153125 0.8640625 0.040625 0.0171875
0 0.7671875 0.778125 0.0390625 0.0109375
1 0.74921875 0.63359375 0.0421875 0.0140625
1 0.78203125 0.66328125 0.0421875 0.0125
1 0.81328125 0.92421875 0.04375 0.0203125
1 0.6953125 0.9171875 0.0421875 0.0125
1 0.525 0.3453125 0.0390625 0.0125
0 0.74609375 0.76015625 0.0375 0.0140625
4 0.11328125 0.43203125 0.1046875 0.1015625
1 0.51171875 0.4609375 0.0390625 0.0125
1 0.203125 0.29375 0.034375 0.009375
1 0.9328125 0.36328125 0.0390625 0.0109375
1 0.696875 0.41328125 0.0390625 0.0140625
1 0.88671875 0.3703125 0.0390625 0.0125
0 0.825 0.19453125 0.0390625 0.0125
1 0.95703125 0.43671875 0.040625 0.015625
1 0.1171875 0.85390625 0.040625 0.015625
1 0.784375 0.8703125 0.0375 0.0109375
1 0.7671875 0.65234375 0.0421875 0.01875
1 0.01328125 0.53359375 0.0265625 0.0203125
1 0.67421875 0.353125 0.0390625 0.0109375
1 0.48359375 0.32578125 0.0375 0.009375
1 0.6765625 0.39765625 0.0359375 0.00625
1 0.51484375 0.33515625 0.0359375 0.009375
1 0.15390625 0.8484375 0.0375 0.009375
1 0.0203125 0.55078125 0.040625 0.0140625
1 0.1109375 0.81796875 0.0375 0.009375
1 0.1375 0.81640625 0.034375 0.0078125
1 0.91171875 0.96171875 0.0453125 0.021875
1 0.521875 0.85234375 0.0359375 0.0078125
1 0.88125 0.3546875 0.0375 0.0109375
1 0.6984375 0.54453125 0.0390625 0.0109375
1 0.84609375 0.3234375 0.0390625 0.0109375
1 0.85703125 0.34375 0.0390625 0.009375
1 0.11484375 0.9625 0.0421875 0.01875
1 0.484375 0.3140625 0.0375 0.0078125
1 0.04296875 0.93125 0.046875 0.025
1 0.8546875 0.9 0.0390625 0.0140625
1 0.82421875 0.87890625 0.0375 0.0109375
1 0.91328125 0.93203125 0.0421875 0.0203125
3 0.60546875 0.44921875 0.1015625 0.109375
1 0.45546875 0.321875 0.0359375 0.009375
1 0.15625 0.284375 0.0375 0.0109375
1 0.0828125 0.3265625 0.0375 0.0125
1 0.09609375 0.90078125 0.0453125 0.021875
1 0.5328125 0.83359375 0.0359375 0.009375
1 0.228125 0.971875 0.04375 0.015625
1 0.98203125 0.38671875 0.0359375 0.0109375
1 0.89375 0.359375 0.0375 0.009375
1 0.81640625 0.865625 0.0375 0.009375
1 0.39140625 0.29921875 0.0390625 0.009375
1 0.83671875 0.9203125 0.0390625 0.015625
1 0.16875 0.96484375 0.053125 0.0234375
1 0.50546875 0.8515625 0.0375 0.0109375
1 0.52890625 0.84765625 0.0359375 0.0109375
1 0.01484375 0.578125 0.0296875 0.015625
1 0.12109375 0.30546875 0.0375 0.0109375
1 0.89140625 0.9375 0.04375 0.01875
1 0.015625 0.94765625 0.03125 0.0328125
1 0.871875 0.8984375 0.040625 0.0140625
1 0.79921875 0.84765625 0.0375 0.009375
1 0.80078125 0.865625 0.040625 0.009375
1 0.94453125 0.3625 0.0375 0.009375
1 0.28828125 0.97578125 0.05 0.01875
1 0.01328125 0.40078125 0.0265625 0.0109375
1 0.51015625 0.82109375 0.034375 0.0078125
1 0.9828125 0.6765625 0.034375 0.021875
1 0.5359375 0.85234375 0.0375 0.009375
1 0.49375 0.846875 0.0375 0.0109375
1 0.053125 0.85703125 0.0390625 0.0171875
0 0.90859375 0.82734375 0.0375 0.015625
0 0.90078125 0.83359375 0.040625 0.0171875
1 0.43984375 0.85 0.0359375 0.0078125