3 0.35390625 0.3359375 0.1046875 0.0796875
2 0.7828125 0.23125 0.121875 0.0609375
4 0.959375 0.415625 0.08125 0.109375
0 0.22578125 0.221875 0.05 0.0203125
0 0.1984375 0.228125 0.0515625 0.021875
0 0.11640625 0.16171875 0.0484375 0.0203125
4 0.76953125 0.86953125 0.121875 0.1078125
0 0.88671875 0.11328125 0.046875 0.0171875
0 0.24765625 0.271875 0.046875 0.0171875
0 0.6984375 0.778125 0.04375 0.0140625
0 0.1328125 0.16875 0.05 0.01875
0 0.9796875 0.29453125 0.040625 0.0171875
0 0.1734375 0.14609375 0.0484375 0.01875
0 0.16640625 0.184375 0.046875 0.0171875
0 0.84375 0.0671875 0.0453125 0.009375
0 0.8921875 0.05078125 0.05 0.021875
0 0.86015625 0.04765625 0.046875 0.0203125
0 0.9609375 0.14296875 0.0484375 0.0203125
1 0.13046875 0.42109375 0.04375 0.0140625
0 0.71796875 0.26796875 0.0421875 0.0140625
0 0.790625 0.1703125 0.046875 0.015625
0 0.15625 0.16953125 0.05 0.01875
1 0.4375 0.58515625 0.040625 0.00625
1 0.66953125 0.36953125 0.0421875 0.009375
0 0.80390625 0.171875 0.046875 0.0171875
1 0.646875 0.4484375 0.0453125 0.0171875
0 0.1203125 0.128125 0.05 0.021875
0 0.75390625 0.73984375 0.0484375 0.0234375
1 0.86796875 0.4765625 0.0453125 0.015625
0 0.96484375 0.28984375 0.0453125 0.015625
0 0.22109375 0.278125 0.046875 0.0125
1 0.90546875 0.40625 0.0453125 0.0140625
3 0.3234375 0.5125 0.140625 0.1453125
1 0.62734375 0.33671875 0.0421875 0.0109375
1 0.63359375 0.34921875 0.0421875 0.0109375
0 0.9125 0.0671875 0.046875 0.015625
1 0.5984375 0.33515625 0.0421875 0.0125
1 0.6328125 0.52109375 0.0484375 0.01875
0 0.1828125 0.1796875 0.0515625 0.021875
0 0.19296875 0.1734375 0.0484375 0.01875
1 0.43671875 0.46171875 0.04375 0.015625
1 0.85390625 0.3890625 0.04375 0.0125
1 0.834375 0.93046875 0.0484375 0.021875
1 0.89375 0.409375 0.0453125 0.0140625
1 0.93125 0.43671875 0.046875 0.015625
1 0.565625 0.3359375 0.0421875 0.0109375
1 0.615625 0.3296875 0.0421875 0.0109375
1 0.61484375 0.309375 0.04375 0.0125
1 0.1453125 0.87109375 0.04375 0.0125
1 0.8625 0.33046875 0.0453125 0.0125
1 0.85390625 0.87890625 0.0421875 0.0125
0 0.98125 0.1953125 0.0375 0.01875
1 0.153125 0.33671875 0.0421875 0.009375
1 0.2546875 0.484375 0.0453125 0.0171875
1 0.81953125 0.43828125 0.0484375 0.0203125
1 0.13828125 0.63203125 0.0484375 0.015625
1 0.6734375 0.4625 0.04375 0.015625
1 0.89609375 0.37421875 0.0421875 0.0125
1 0.21484375 0.859375 0.0421875 0.0109375
1 0.38671875 0.41328125 0.04375 0.0140625
1 0.15546875 0.865625 0.04375 0.015625
1 0.84296875 0.9046875 0.04375 0.015625
4 0.07734375 0.46953125 0.1453125 0.121875
4 0.36640625 0.8640625 0.184375 0.11875
0 0.9402409265625 0.19815795625 0.9362720828125 0.20639275 0.9468231234375001 0.21002457031250002 0.969127465625 0.20903024375 0.9841626 0.20088814375 0.9742985750000001 0.192537484375 0.949399409375 0.192328928125 0.9402409265625 0.19815795625
0 0.9420302453125 0.2041724828125 0.95603486875 0.20309820312500002 0.9743518375000001 0.19132579375 0.9613777328124999 0.1852523890625 0.9304301593750001 0.188568828125 0.926461321875 0.19688439375 0.9420302453125 0.2041724828125
0 0.9219785296874999 0.150385046875 0.9372632359375 0.155345596875 0.9693174328125 0.15442490625 0.9688047031250001 0.13874088281250002 0.934752975 0.13481933906250002 0.9206409125 0.140724240625 0.9219785296874999 0.150385046875
0 0.162622571875 0.14200979062500002 0.1324731125 0.14289737656249998 0.1235779765625 0.15328090625 0.13295537500000001 0.1580174703125 0.17356845781250002 0.15373714375 0.162622571875 0.14200979062500002
0 0.151089090625 0.1443223671875 0.11271694375 0.1484524578125 0.11181789375 0.1539671265625 0.1433184171875 0.15641130625 0.1588791640625 0.1499020296875 0.151089090625 0.1443223671875
0 0.8398006484374999 0.12517662499999999 0.8314219515625 0.1125214046875 0.7982042953125 0.1157521328125 0.7959594171875 0.127195575 0.8398006484374999 0.12517662499999999
0 0.23772935 0.2588012109375 0.20895085781249997 0.262068640625 0.21832244531249997 0.27498019687499997 0.24092429375000002 0.275163340625 0.25645360156249997 0.2659541796875 0.23772935 0.2588012109375