4 0.41953125 0.4 0.109375 0.10625
2 0.215625 0.23359375 0.1140625 0.065625
3 0.2703125 0.84609375 0.0828125 0.065625
1 0.63671875 0.39765625 0.0328125 0.0171875
1 0.74296875 0.51953125 0.034375 0.021875
1 0.30546875 0.57578125 0.0375 0.025
1 0.35078125 0.50234375 0.034375 0.0203125
1 0.35859375 0.57890625 0.0359375 0.025
1 0.83671875 0.440625 0.0328125 0.01875
1 0.0125 0.48984375 0.025 0.0203125
1 0.3625 0.4046875 0.0328125 0.0171875
4 0.1265625 0.6171875 0.109375 0.1015625
1 0.01484375 0.4140625 0.0296875 0.015625
1 0.73046875 0.49453125 0.034375 0.0203125
1 0.57890625 0.4796875 0.0328125 0.0203125
1 0.91328125 0.39765625 0.0328125 0.015625
1 0.64609375 0.34609375 0.03125 0.015625
1 0.11328125 0.38828125 0.03125 0.015625
1 0.675 0.4890625 0.034375 0.0203125
1 0.01640625 0.471875 0.0328125 0.01875
1 0.32265625 0.478125 0.034375 0.0203125
1 0.071875 0.465625 0.034375 0.01875
1 0.29453125 0.90078125 0.0359375 0.0203125
2 0.7359375 0.2140625 0.11875 0.0515625
1 0.234375 0.8796875 0.03125 0.015625
1 0.4546875 0.33828125 0.0296875 0.015625
1 0.3421875 0.33515625 0.0296875 0.0140625
1 0.03046875 0.44140625 0.034375 0.0171875
1 0.134375 0.39296875 0.0328125 0.0171875
1 0.6578125 0.3625 0.0296875 0.0140625
1 0.20234375 0.88203125 0.03125 0.015625
1 0.26875 0.92578125 0.0375 0.0265625
1 0.3828125 0.32421875 0.0296875 0.0140625
1 0.50234375 0.4109375 0.0328125 0.01875
1 0.62265625 0.3375 0.0296875 0.015625
1 0.04609375 0.4015625 0.0328125 0.015625
1 0.44609375 0.840625 0.0296875 0.0125
1 0.88046875 0.49921875 0.0328125 0.015625
1 0.228125 0.91796875 0.0375 0.0265625
1 0.58046875 0.29921875 0.03125 0.0125
1 0.803125 0.3671875 0.03125 0.0171875
1 0.3515625 0.3203125 0.0296875 0.0140625
1 0.55546875 0.3015625 0.0296875 0.0125
1 0.28984375 0.86796875 0.03125 0.015625
1 0.88046875 0.37734375 0.0328125 0.015625
1 0.43125 0.30546875 0.0296875 0.0125
1 0.4359375 0.34921875 0.03125 0.0140625
0 0.059375 0.2046875 0.0421875 0.0328125
1 0.509375 0.625 0.0359375 0.025
0 0.72109375 0.18203125 0.03125 0.015625
1 0.60078125 0.315625 0.0296875 0.0140625
1 0.15546875 0.92734375 0.0375 0.025
1 0.13359375 0.8984375 0.034375 0.0171875
4 0.46875 0.8203125 0.0625 0.0578125
1 0.4859375 0.32421875 0.0296875 0.0125
1 0.4890625 0.62734375 0.034375 0.021875
1 0.1953125 0.9046875 0.034375 0.0203125
1 0.4734375 0.31640625 0.0296875 0.0125
1 0.675 0.3265625 0.0296875 0.0125
1 0.709375 0.478125 0.0328125 0.0140625
1 0.84453125 0.30859375 0.03125 0.015625
1 0.89375 0.38515625 0.034375 0.015625
1 0.07734375 0.378125 0.0328125 0.01875
0 0.84921875 0.08359375 0.0359375 0.021875
1 0.23828125 0.91484375 0.034375 0.021875
1 0.4875 0.3484375 0.0296875 0.0140625
1 0.81328125 0.30859375 0.0296875 0.0125
1 0.103125 0.9265625 0.0359375 0.021875
1 0.63046875 0.296875 0.03125 0.0140625
1 0.821875 0.30234375 0.0296875 0.0125
1 0.0375 0.38359375 0.03125 0.0140625
1 0.27890625 0.6359375 0.0359375 0.021875
1 0.5671875 0.35234375 0.03125 0.0140625
1 0.934375 0.35625 0.03125 0.015625
1 0.478125 0.34921875 0.0296875 0.0140625
1 0.87109375 0.3140625 0.03125 0.0140625
1 0.928125 0.3765625 0.0328125 0.015625
1 0.1546875 0.3171875 0.03125 0.0125
1 0.07578125 0.92421875 0.034375 0.0234375
1 0.90703125 0.36640625 0.03125 0.0171875
1 0.009375 0.47421875 0.01875 0.0171875
1 0.484375 0.546875 0.034375 0.015625
1 0.80546875 0.28828125 0.028125 0.0109375
1 0.1171875 0.31953125 0.03125 0.0140625
1 0.23984375 0.85546875 0.028125 0.0109375
1 0.06796875 0.36171875 0.0328125 0.0125
1 0.940625 0.36953125 0.0296875 0.0140625
0 0.80625 0.1140625 0.034375 0.01875
1 0.04453125 0.36875 0.0328125 0.01875
1 0.5109375 0.2953125 0.03125 0.0125
1 0.103125 0.3359375 0.0328125 0.015625
1 0.6890625 0.29375 0.0296875 0.0140625
1 0.7 0.47109375 0.034375 0.0171875
1 0.88984375 0.37109375 0.03125 0.0140625
1 0.0609375 0.36953125 0.0375 0.0171875
1 0.6515625 0.3015625 0.028125 0.0109375
1 0.07109375 0.34296875 0.03125 0.0140625
1 0.14296875 0.31875 0.034375 0.0140625
1 0.13046875 0.31875 0.0328125 0.0140625
1 0.91953125 0.378125 0.0328125 0.015625
1 0.02421875 0.39921875 0.0328125 0.0171875
1 0.0875 0.92578125 0.0359375 0.021875
1 0.80703125 0.44375 0.0296875 0.0140625
1 0.825 0.28828125 0.03125 0.0109375
1 0.0828125 0.3359375 0.03125 0.0140625
1 0.72890625 0.83046875 0.028125 0.0140625
0 0.890625 0.02578125 0.0375 0.021875
1 0.09375 0.3265625 0.03125 0.0140625
1 0.3296875 0.65 0.034375 0.0171875
1 0.55078125 0.83515625 0.028125 0.0109375
1 0.9 0.32578125 0.03125 0.0140625
1 0.12890625 0.88203125 0.03125 0.0125
1 0.2296875 0.65390625 0.0359375 0.01875
1 0.55859375 0.85078125 0.03125 0.0109375
1 0.1125 0.90703125 0.0328125 0.015625
0 0.72734375 0.18046875 0.028125 0.0140625
1 0.66015625 0.28828125 0.028125 0.009375