4 0.61640625 0.3515625 0.0875 0.090625
3 0.42265625 0.2875 0.0703125 0.0640625
1 0.39609375 0.48984375 0.01875 0.0203125
1 0.4484375 0.46328125 0.0171875 0.01875
1 0.8140625 0.5953125 0.0203125 0.021875
1 0.30546875 0.48203125 0.01875 0.021875
1 0.11953125 0.56640625 0.0171875 0.01875
1 0.28125 0.55703125 0.0203125 0.0234375
1 0.6 0.42421875 0.0171875 0.0171875
1 0.6734375 0.49765625 0.01875 0.0203125
0 0.94296875 0.2453125 0.021875 0.0234375
1 0.465625 0.528125 0.0203125 0.0234375
1 0.39140625 0.46015625 0.0171875 0.01875
2 0.25703125 0.2171875 0.103125 0.05
1 0.96328125 0.409375 0.0171875 0.0171875
1 0.8375 0.590625 0.0234375 0.025
1 0.57109375 0.43671875 0.015625 0.0140625
1 0.73203125 0.55703125 0.0203125 0.021875
1 0.746875 0.46015625 0.0171875 0.0171875
1 0.18515625 0.55546875 0.0203125 0.0234375
1 0.26953125 0.4921875 0.01875 0.021875
1 0.7609375 0.521875 0.01875 0.021875
1 0.4734375 0.3546875 0.015625 0.015625
1 0.46015625 0.43359375 0.0171875 0.01875
2 0.77890625 0.2296875 0.0921875 0.0625
1 0.05625 0.4671875 0.0171875 0.01875
1 0.70546875 0.3265625 0.0171875 0.015625
1 0.4890625 0.43515625 0.0171875 0.01875
1 0.309375 0.409375 0.015625 0.0171875
0 0.9515625 0.29765625 0.021875 0.025
1 0.7265625 0.51015625 0.01875 0.0203125
4 0.63984375 0.87109375 0.13125 0.1265625
1 0.271875 0.5484375 0.01875 0.0203125
1 0.49453125 0.421875 0.015625 0.015625
1 0.44609375 0.5609375 0.0203125 0.0234375
1 0.61328125 0.446875 0.0171875 0.0171875
1 0.75546875 0.5484375 0.01875 0.021875
1 0.6125 0.53359375 0.01875 0.021875
1 0.328125 0.3796875 0.015625 0.0171875
0 0.934375 0.2125 0.0203125 0.0234375
1 0.64609375 0.43203125 0.0171875 0.0171875
1 0.48984375 0.38125 0.015625 0.015625
1 0.40234375 0.42734375 0.0171875 0.0171875
1 0.41875 0.90078125 0.01875 0.0125
1 0.5140625 0.32109375 0.0140625 0.0140625
1 0.22890625 0.61953125 0.0203125 0.0234375
0 0.8890625 0.15703125 0.0203125 0.0203125
1 0.01484375 0.38828125 0.015625 0.015625
0 0.85234375 0.15 0.01875 0.021875
4 0.23203125 0.903125 0.1625 0.175
0 0.821875 0.19609375 0.01875 0.01875
0 0.9140625 0.17421875 0.0203125 0.021875
1 0.43828125 0.4265625 0.015625 0.0140625
1 0.85078125 0.64375 0.021875 0.0234375
1 0.45546875 0.4171875 0.015625 0.0140625
1 0.559375 0.3578125 0.0140625 0.015625
1 0.675 0.471875 0.01875 0.01875
1 0.9046875 0.365625 0.015625 0.015625
3 0.1203125 0.87890625 0.1203125 0.146875
1 0.37578125 0.88125 0.0171875 0.0203125
1 0.6875 0.3390625 0.015625 0.015625
1 0.84296875 0.92109375 0.0234375 0.028125
1 0.2546875 0.60390625 0.0203125 0.0234375
1 0.12734375 0.62890625 0.0203125 0.0234375
1 0.36796875 0.86484375 0.015625 0.015625
1 0.3953125 0.4421875 0.0171875 0.0171875
1 0.19140625 0.38671875 0.015625 0.0171875
1 0.3953125 0.32109375 0.015625 0.0140625
1 0.67734375 0.3640625 0.0140625 0.015625
0 0.83359375 0.18515625 0.01875 0.0203125
1 0.64453125 0.39296875 0.0171875 0.015625
1 0.503125 0.38515625 0.0171875 0.0171875
0 0.871875 0.13046875 0.01875 0.0203125
1 0.6953125 0.41328125 0.01875 0.015625
1 0.06328125 0.38984375 0.0171875 0.0171875
1 0.4609375 0.59375 0.0171875 0.0125
1 0.3359375 0.34453125 0.0140625 0.0140625
1 0.62265625 0.43046875 0.0171875 0.0171875
1 0.2078125 0.41640625 0.0140625 0.015625
1 0.41640625 0.88515625 0.0203125 0.0234375
1 0.19140625 0.2953125 0.015625 0.0140625
1 0.371875 0.37109375 0.015625 0.015625
1 0.0859375 0.38515625 0.015625 0.015625
1 0.40234375 0.89140625 0.0203125 0.0203125
1 0.5734375 0.3390625 0.0140625 0.0140625
1 0.59609375 0.4609375 0.0140625 0.0171875
1 0.15859375 0.328125 0.015625 0.015625
0 0.78515625 0.19609375 0.0171875 0.01875
1 0.35234375 0.38359375 0.0171875 0.015625
1 0.8734375 0.9109375 0.01875 0.0203125
1 0.83984375 0.8953125 0.0140625 0.0171875
1 0.65859375 0.37109375 0.0140625 0.0140625
1 0.05625 0.6328125 0.015625 0.0171875
1 0.928125 0.36328125 0.0171875 0.0140625
1 0.6265625 0.4015625 0.0171875 0.0171875
1 0.73515625 0.53046875 0.01875 0.0203125
1 0.92890625 0.34453125 0.0171875 0.015625
1 0.671875 0.39921875 0.015625 0.015625
1 0.00625 0.4640625 0.0125 0.015625
1 0.0765625 0.38828125 0.015625 0.015625
1 0.80703125 0.646875 0.0203125 0.025
1 0.13828125 0.3453125 0.0171875 0.0171875
1 0.15078125 0.3375 0.0140625 0.0125
1 0.6484375 0.41484375 0.015625 0.0109375
1 0.99375 0.3921875 0.0125 0.015625
1 0.8703125 0.89375 0.0171875 0.0140625
0 0.653125 0.79296875 0.021875 0.028125
1 0.36328125 0.30546875 0.0140625 0.0140625
1 0.08671875 0.3640625 0.01875 0.015625
1 0.45546875 0.4 0.015625 0.0125
1 0.853125 0.6015625 0.0203125 0.0203125
1 0.346875 0.3 0.0125 0.0125
1 0.46640625 0.8953125 0.01875 0.021875
1 0.859375 0.34921875 0.015625 0.015625
1 0.61328125 0.41328125 0.01875 0.01875
1 0.69921875 0.4 0.01875 0.015625
1 0.6578125 0.39609375 0.01875 0.0171875
1 0.05703125 0.9765625 0.025 0.015625
1 0.11015625 0.4828125 0.015625 0.015625
1 0.5875 0.3078125 0.0140625 0.0125
1 0.403125 0.63046875 0.0203125 0.028125
1 0.0296875 0.63203125 0.0171875 0.01875
1 0.1203125 0.33671875 0.015625 0.0140625
1 0.55390625 0.3125 0.0140625 0.0140625
1 0.9375 0.3578125 0.015625 0.015625
0 0.959375 0.35859375 0.0203125 0.0203125
1 0.89921875 0.95390625 0.021875 0.0203125
1 0.03046875 0.471875 0.0171875 0.0140625
1 0.1515625 0.44921875 0.015625 0.015625
1 0.93046875 0.93359375 0.0203125 0.0234375
1 0.63359375 0.30078125 0.0140625 0.0125
1 0.79765625 0.859375 0.0140625 0.0125
1 0.14921875 0.8078125 0.01875 0.015625
1 0.99296875 0.41796875 0.0140625 0.0171875
1 0.82109375 0.8609375 0.0140625 0.0125
1 0.678125 0.40546875 0.0171875 0.0171875
1 0.82734375 0.8640625 0.0140625 0.0125
1 0.54453125 0.32265625 0.0171875 0.0125
1 0.8015625 0.62578125 0.0171875 0.015625
1 0.76171875 0.85 0.0140625 0.0109375
1 0.8765625 0.87265625 0.0140625 0.0140625
1 0.690625 0.38515625 0.0140625 0.0125
1 0.840625 0.8640625 0.0140625 0.0125
1 0.9859375 0.6375 0.0140625 0.0171875
1 0.16875 0.30078125 0.0140625 0.0125
1 0.35859375 0.37421875 0.015625 0.0140625
1 0.85703125 0.89140625 0.0140625 0.0125
1 0.78125 0.8546875 0.0140625 0.0125
1 0.496875 0.303125 0.015625 0.0125
0 0.7671875 0.24375 0.01875 0.0203125
1 0.48828125 0.3 0.0125 0.0125
1 0.03046875 0.3703125 0.0171875 0.015625
1 0.15546875 0.29375 0.0140625 0.0140625
3 0.953125 0.47578125 0.09375 0.1296875
1 0.77265625 0.84921875 0.0140625 0.0109375
1 0.6484375 0.30234375 0.0140625 0.0109375
1 0.1125 0.33671875 0.015625 0.0140625
1 0.0140625 0.46953125 0.015625 0.0109375
1 0.459375 0.296875 0.0140625 0.0125
1 0.5125 0.296875 0.0140625 0.0140625
1 0.00234375 0.63203125 0.0046875 0.0140625
1 0.1828125 0.62890625 0.0203125 0.0234375
1 0.45625 0.8828125 0.0140625 0.0140625
1 0.3140625 0.8953125 0.01875 0.0140625
1 0.97890625 0.41875 0.0171875 0.0140625
1 0.9015625 0.93671875 0.0171875 0.0171875
1 0.01328125 0.59296875 0.0171875 0.01875
1 0.16796875 0.63046875 0.0203125 0.0203125
1 0.91484375 0.92265625 0.01875 0.015625
1 0.89609375 0.321875 0.015625 0.0140625
1 0.89296875 0.8734375 0.015625 0.0140625
1 0.14609375 0.31796875 0.0171875 0.0125
1 0.91484375 0.340625 0.015625 0.0125
1 0.98203125 0.665625 0.01875 0.0125
1 0.421875 0.3453125 0.015625 0.0125
1 0.721875 0.4015625 0.0140625 0.0140625