2 0.77265625 0.225 0.0921875 0.065625
3 0.5640625 0.2578125 0.0640625 0.078125
2 0.25625 0.2 0.0921875 0.059375
3 0.03984375 0.421875 0.078125 0.1140625
1 0.0859375 0.40546875 0.0109375 0.0171875
1 0.66484375 0.37265625 0.009375 0.015625
1 0.20390625 0.5578125 0.0140625 0.0234375
1 0.3734375 0.43828125 0.0109375 0.01875
3 0.11953125 0.27265625 0.0484375 0.065625
1 0.72890625 0.52265625 0.0109375 0.0203125
4 0.409375 0.528125 0.1078125 0.134375
1 0.1359375 0.39296875 0.0109375 0.0171875
1 0.25859375 0.53828125 0.0125 0.021875
1 0.69609375 0.896875 0.0109375 0.0171875
1 0.11484375 0.4109375 0.0109375 0.01875
4 0.6453125 0.4640625 0.09375 0.1265625
1 0.3 0.42734375 0.0109375 0.01875
1 0.8390625 0.378125 0.009375 0.015625
1 0.565625 0.5359375 0.0109375 0.021875
1 0.47421875 0.3890625 0.009375 0.015625
1 0.31328125 0.38671875 0.009375 0.0171875
1 0.1796875 0.57421875 0.0140625 0.0234375
1 0.42578125 0.38203125 0.009375 0.0171875
1 0.51328125 0.3734375 0.0109375 0.0171875
1 0.92265625 0.38359375 0.009375 0.015625
1 0.58046875 0.44296875 0.0109375 0.01875
1 0.33828125 0.36953125 0.009375 0.015625
1 0.5875 0.34296875 0.009375 0.015625
1 0.40390625 0.4453125 0.0109375 0.01875
1 0.41015625 0.3515625 0.0078125 0.0140625
1 0.53515625 0.9046875 0.0109375 0.0140625
1 0.66015625 0.3515625 0.009375 0.0171875
1 0.74765625 0.89140625 0.009375 0.015625
1 0.46796875 0.446875 0.0109375 0.01875
1 0.9890625 0.55546875 0.0140625 0.0203125
1 0.5640625 0.33359375 0.009375 0.0140625
1 0.68515625 0.37890625 0.009375 0.0171875
1 0.709375 0.37734375 0.0125 0.0203125
1 0.82734375 0.4203125 0.0109375 0.01875
1 0.46171875 0.3390625 0.009375 0.015625
0 0.99140625 0.27265625 0.0140625 0.0203125
1 0.878125 0.371875 0.009375 0.015625
1 0.11328125 0.359375 0.009375 0.015625
1 0.8265625 0.38125 0.0109375 0.015625
0 0.97734375 0.22421875 0.0140625 0.021875
1 0.5 0.41484375 0.0109375 0.01875
1 0.390625 0.31875 0.009375 0.015625
1 0.540625 0.43359375 0.0109375 0.01875
1 0.89296875 0.94453125 0.0140625 0.025
3 0.2390625 0.88828125 0.140625 0.1421875
1 0.3078125 0.53125 0.0125 0.021875
1 0.6359375 0.3203125 0.0078125 0.015625
0 0.95859375 0.7953125 0.0171875 0.028125
1 0.90078125 0.3671875 0.009375 0.015625
1 0.16875 0.38359375 0.009375 0.015625
1 0.940625 0.46484375 0.0109375 0.01875
1 0.37890625 0.34375 0.0109375 0.0171875
1 0.0765625 0.35390625 0.0109375 0.015625
1 0.38359375 0.36796875 0.0109375 0.0203125
1 0.43671875 0.35703125 0.009375 0.015625
1 0.5671875 0.303125 0.0078125 0.0140625
1 0.76484375 0.93125 0.0140625 0.0234375
1 0.35546875 0.43125 0.0109375 0.01875
1 0.34296875 0.29375 0.009375 0.0140625
1 0.61640625 0.34375 0.009375 0.0140625
1 0.34609375 0.3390625 0.0078125 0.015625
1 0.9015625 0.58984375 0.0140625 0.0203125
1 0.36484375 0.3046875 0.009375 0.0140625
1 0.78984375 0.93515625 0.0171875 0.0265625
1 0.18671875 0.2703125 0.0078125 0.0125
1 0.1875 0.29921875 0.009375 0.0140625
1 0.5171875 0.29375 0.009375 0.0140625
1 0.32109375 0.36875 0.0109375 0.0171875
1 0.121875 0.3296875 0.009375 0.0140625
1 0.134375 0.30703125 0.009375 0.0140625
1 0.428125 0.42109375 0.0109375 0.01875
1 0.04375 0.95859375 0.0203125 0.0375
1 0.471875 0.3140625 0.0078125 0.0140625
0 0.71171875 0.7953125 0.01875 0.028125
1 0.18828125 0.3921875 0.0109375 0.0171875
1 0.18671875 0.24609375 0.009375 0.015625
1 0.765625 0.89296875 0.009375 0.015625
1 0.89609375 0.3390625 0.0109375 0.0171875
1 0.5828125 0.359375 0.009375 0.0171875
1 0.1578125 0.39765625 0.009375 0.01875
1 0.7109375 0.346875 0.0140625 0.021875
1 0.16171875 0.3140625 0.0078125 0.015625
1 0.3421875 0.38359375 0.009375 0.015625
1 0.7109375 0.56796875 0.0125 0.021875
1 0.728125 0.8859375 0.0078125 0.0140625
1 0.8875 0.36171875 0.009375 0.0140625
1 0.94140625 0.4359375 0.0109375 0.015625
1 0.40546875 0.390625 0.009375 0.01875
3 0.12578125 0.84296875 0.0375 0.053125
0 0.8453125 0.81953125 0.015625 0.025
1 0.46171875 0.278125 0.0078125 0.0125
1 0.234375 0.965625 0.021875 0.0375
1 0.89765625 0.2953125 0.0078125 0.0125
1 0.53671875 0.33984375 0.009375 0.0171875
1 0.80703125 0.853125 0.0109375 0.0171875
1 0.409375 0.43046875 0.0109375 0.015625
1 0.92421875 0.94140625 0.0125 0.0203125
1 0.50390625 0.3359375 0.009375 0.0140625
1 0.71796875 0.87734375 0.0078125 0.0125
1 0.93125 0.40703125 0.009375 0.015625
1 0.503125 0.36953125 0.009375 0.0140625
1 0.1609375 0.2796875 0.009375 0.0125
1 0.5671875 0.35390625 0.0125 0.015625
1 0.4453125 0.325 0.009375 0.0140625
1 0.33828125 0.8921875 0.009375 0.0171875
1 0.35 0.27890625 0.0078125 0.0125
1 0.603125 0.275 0.0078125 0.0125
1 0.81328125 0.896875 0.009375 0.015625
1 0.1078125 0.31484375 0.0109375 0.0140625
1 0.1140625 0.94609375 0.015625 0.0234375
1 0.16171875 0.90234375 0.0125 0.0203125
1 0.61328125 0.30078125 0.0078125 0.0140625
1 0.0609375 0.91953125 0.0171875 0.028125
1 0.54453125 0.30859375 0.009375 0.0140625
1 0.07421875 0.32578125 0.009375 0.015625
1 0.52421875 0.2796875 0.0078125 0.0140625
1 0.165625 0.88125 0.0109375 0.015625
1 0.29296875 0.31640625 0.0109375 0.01875
1 0.6109375 0.31015625 0.0078125 0.0125
1 0.99375 0.38828125 0.009375 0.0125
1 0.0890625 0.3515625 0.0109375 0.015625
1 0.125 0.3171875 0.009375 0.0125
0 0.13125 0.1484375 0.009375 0.015625
1 0.8859375 0.56171875 0.0125 0.0203125
1 0.10546875 0.3453125 0.009375 0.015625
1 0.053125 0.325 0.0109375 0.01875
1 0.52890625 0.3203125 0.0109375 0.0125
1 0.40859375 0.28828125 0.0078125 0.0140625
1 0.49296875 0.37578125 0.0109375 0.015625
1 0.5875 0.90546875 0.0109375 0.0140625
1 0.15 0.28515625 0.0078125 0.0140625
1 0.353125 0.3765625 0.0125 0.015625
1 0.446875 0.2890625 0.009375 0.015625
1 0.096875 0.31484375 0.009375 0.015625
1 0.4546875 0.32265625 0.009375 0.015625
1 0.0140625 0.35390625 0.0109375 0.015625
1 0.96875 0.41171875 0.0109375 0.015625
1 0.14921875 0.3828125 0.009375 0.0125
0 0.87578125 0.815625 0.0203125 0.040625
0 0.53671875 0.74375 0.009375 0.0171875
1 0.515625 0.34921875 0.009375 0.015625
1 0.43671875 0.34453125 0.0078125 0.0109375
1 0.41328125 0.39921875 0.0109375 0.015625
0 0.5515625 0.7265625 0.009375 0.0203125
1 0.425 0.28359375 0.0078125 0.0140625
1 0.61640625 0.33203125 0.0078125 0.0109375
1 0.48984375 0.26875 0.009375 0.0140625
1 0.84375 0.915625 0.0109375 0.01875
1 0.3796875 0.2765625 0.009375 0.0140625
1 0.378125 0.2921875 0.009375 0.0171875
1 0.9046875 0.5734375 0.0125 0.015625
1 0.9375 0.41796875 0.0109375 0.015625
1 0.54765625 0.90390625 0.0125 0.0140625
1 0.053125 0.340625 0.0078125 0.0140625
1 0.94453125 0.39765625 0.0109375 0.0171875
1 0.9875 0.4109375 0.009375 0.0140625
1 0.3078125 0.29375 0.0078125 0.0140625
1 0.70078125 0.8828125 0.009375 0.0125
0 0.09921875 0.228125 0.0078125 0.0125
1 0.11015625 0.97421875 0.0234375 0.025
4 0.93203125 0.32890625 0.05 0.0890625
1 0.8328125 0.8765625 0.00625 0.0109375
1 0.09375 0.95234375 0.01875 0.0328125
1 0.39609375 0.29453125 0.009375 0.0140625
1 0.075 0.97109375 0.0203125 0.028125
1 0.13359375 0.871875 0.0109375 0.0140625
0 0.94765625 0.72265625 0.01875 0.0265625
1 0.89609375 0.915625 0.0109375 0.0203125
1 0.978125 0.3984375 0.009375 0.0125
1 0.87421875 0.5578125 0.0125 0.0234375
1 0.065625 0.3234375 0.0109375 0.015625
1 0.3640625 0.28984375 0.0109375 0.0140625
1 0.8828125 0.2875 0.0109375 0.0125
1 0.51640625 0.26171875 0.009375 0.0140625
1 0.14375 0.24375 0.00625 0.0109375
1 0.95234375 0.4203125 0.0125 0.015625
1 0.478125 0.26875 0.0078125 0.0140625
1 0.0296875 0.3390625 0.0109375 0.0140625
1 0.0828125 0.3421875 0.0078125 0.015625
1 0.45234375 0.88828125 0.0078125 0.0125
1 0.959375 0.396875 0.0109375 0.0125
1 0.99609375 0.4125 0.0078125 0.015625
1 0.00078125 0.615625 0.0015625 0.01875
1 0.8375 0.89609375 0.0078125 0.0140625
1 0.4546875 0.26171875 0.009375 0.0125
1 0.03046875 0.32734375 0.009375 0.0140625
1 0.17890625 0.39375 0.0125 0.0140625
1 0.38984375 0.26484375 0.009375 0.0140625
1 0.34765625 0.26484375 0.0078125 0.0125
1 0.11796875 0.8734375 0.009375 0.015625
1 0.42578125 0.26640625 0.0078125 0.0125
0 0.05703125 0.259375 0.009375 0.015625
1 0.41796875 0.2625 0.009375 0.0125
1 0.41015625 0.25546875 0.0078125 0.0125
1 0.40234375 0.27890625 0.009375 0.0140625