2 0.78515625 0.23515625 0.0953125 0.0625
1 0.67109375 0.5234375 0.015625 0.0203125
3 0.44296875 0.29375 0.0734375 0.075
1 0.65390625 0.40390625 0.0140625 0.0171875
1 0.66328125 0.4640625 0.015625 0.0203125
1 0.59765625 0.44453125 0.0140625 0.0171875
1 0.38515625 0.4859375 0.015625 0.0203125
1 0.66328125 0.44375 0.015625 0.01875
1 0.09375 0.521875 0.0171875 0.021875
1 0.83515625 0.46484375 0.015625 0.0171875
1 0.63046875 0.54609375 0.0171875 0.0234375
2 0.2625 0.21328125 0.0984375 0.053125
1 0.62109375 0.415625 0.0140625 0.0171875
1 0.51484375 0.409375 0.0125 0.0171875
1 0.696875 0.44375 0.0140625 0.0171875
1 0.56640625 0.4453125 0.0140625 0.01875
1 0.9671875 0.534375 0.01875 0.021875
1 0.55546875 0.89921875 0.0171875 0.021875
1 0.40859375 0.46015625 0.015625 0.01875
1 0.37890625 0.39765625 0.0140625 0.015625
1 0.5578125 0.42109375 0.0140625 0.0171875
1 0.65234375 0.54609375 0.0171875 0.021875
4 0.2390625 0.81484375 0.0703125 0.05625
1 0.98984375 0.45234375 0.015625 0.01875
1 0.8140625 0.9109375 0.015625 0.021875
1 0.61484375 0.40234375 0.0140625 0.015625
1 0.2703125 0.50859375 0.01875 0.021875
1 0.0328125 0.41015625 0.0140625 0.0171875
1 0.825 0.59140625 0.015625 0.021875
1 0.39453125 0.43984375 0.0140625 0.0171875
1 0.60625 0.88125 0.015625 0.01875
1 0.7109375 0.5125 0.015625 0.0203125
1 0.696875 0.40390625 0.0125 0.015625
1 0.0890625 0.3625 0.0140625 0.01875
1 0.7296875 0.51796875 0.015625 0.0171875
1 0.528125 0.33125 0.0109375 0.0140625
1 0.94375 0.35 0.0140625 0.0140625
1 0.60078125 0.42890625 0.0140625 0.015625
1 0.4390625 0.40703125 0.0140625 0.0171875
1 0.61796875 0.35625 0.0125 0.0140625
1 0.39765625 0.878125 0.0140625 0.0203125
3 0.30546875 0.45234375 0.1125 0.121875
1 0.546875 0.37734375 0.0125 0.015625
1 0.37578125 0.4390625 0.0140625 0.0171875
1 0.9140625 0.33984375 0.0109375 0.0125
1 0.9890625 0.5109375 0.0171875 0.021875
1 0.5515625 0.35 0.0109375 0.0140625
1 0.61953125 0.3375 0.0125 0.0140625
1 0.67265625 0.5078125 0.0125 0.0125
1 0.16953125 0.28828125 0.0109375 0.0125
1 0.40703125 0.4 0.0140625 0.0140625
1 0.6765625 0.3625 0.0109375 0.0125
1 0.39296875 0.4203125 0.0140625 0.0171875
1 0.359375 0.47578125 0.015625 0.01875
1 0.71171875 0.86328125 0.0109375 0.0125
1 0.71953125 0.5484375 0.015625 0.021875
1 0.43046875 0.4984375 0.0125 0.01875
1 0.3890625 0.33125 0.0109375 0.0140625
1 0.19140625 0.290625 0.0125 0.0140625
1 0.16015625 0.62578125 0.01875 0.0171875
1 0.55390625 0.3171875 0.0109375 0.0140625
1 0.58125 0.39296875 0.0140625 0.015625
1 0.5984375 0.3734375 0.0125 0.0140625
1 0.35625 0.3109375 0.0125 0.0125
1 0.4203125 0.884375 0.021875 0.03125
1 0.46640625 0.3265625 0.0109375 0.0125
1 0.4546875 0.3625 0.0125 0.0125
1 0.61328125 0.49296875 0.015625 0.0203125
1 0.36640625 0.3640625 0.0140625 0.015625
1 0.68984375 0.91484375 0.015625 0.0125
1 0.32265625 0.38671875 0.0109375 0.0140625
1 0.646875 0.384375 0.0125 0.015625
1 0.478125 0.3796875 0.0140625 0.0140625
1 0.4390625 0.621875 0.01875 0.025
1 0.6046875 0.91015625 0.015625 0.0125
1 0.353125 0.434375 0.0125 0.0140625
1 0.58125 0.328125 0.0125 0.0140625
1 0.515625 0.3203125 0.009375 0.0125
1 0.36171875 0.38359375 0.0140625 0.0140625
1 0.9015625 0.32109375 0.0109375 0.0125
1 0.603125 0.41015625 0.0140625 0.0140625
1 0.39453125 0.4640625 0.015625 0.01875
1 0.140625 0.30234375 0.0125 0.0140625
1 0.41875 0.32734375 0.0125 0.0140625
1 0.35078125 0.3921875 0.0125 0.0140625
1 0.6203125 0.32421875 0.0125 0.0125
1 0.33515625 0.40625 0.0125 0.0171875
1 0.91640625 0.89765625 0.0140625 0.0171875
1 0.0765625 0.35859375 0.0125 0.015625
1 0.50703125 0.35546875 0.0140625 0.0140625
1 0.3265625 0.4 0.0140625 0.015625
0 0.590625 0.22109375 0.0140625 0.015625
1 0.8328125 0.940625 0.01875 0.028125
1 0.3875 0.384375 0.0125 0.0140625
4 0.421875 0.81796875 0.078125 0.0703125
1 0.62890625 0.3390625 0.0109375 0.0140625
1 0.6640625 0.33671875 0.0109375 0.0140625
1 0.321875 0.33046875 0.009375 0.0140625
1 0.49140625 0.3046875 0.0109375 0.0140625
1 0.5 0.8953125 0.01875 0.0234375
1 0.9328125 0.95703125 0.01875 0.028125
1 0.1515625 0.5171875 0.01875 0.025
1 0.24765625 0.4953125 0.0140625 0.01875
1 0.14453125 0.29140625 0.009375 0.0109375
1 0.33671875 0.32109375 0.0109375 0.0125
1 0.65 0.32421875 0.0140625 0.015625
1 0.61484375 0.2875 0.0109375 0.0140625
1 0.32734375 0.37578125 0.0140625 0.0125
1 0.57890625 0.29921875 0.0109375 0.0125
1 0.59765625 0.4 0.0171875 0.0171875
1 0.19765625 0.82265625 0.0125 0.0109375
1 0.66953125 0.35390625 0.0125 0.0140625
1 0.7359375 0.8609375 0.009375 0.0125
1 0.36953125 0.88125 0.0109375 0.01875
1 0.42265625 0.3546875 0.0109375 0.0125
1 0.58828125 0.328125 0.0109375 0.0140625
1 0.19921875 0.5734375 0.0125 0.0125
1 0.34765625 0.459375 0.0140625 0.015625
1 0.39453125 0.39296875 0.0140625 0.015625
0 0.565625 0.25 0.0109375 0.0140625
1 0.440625 0.8515625 0.0109375 0.009375
1 0.3328125 0.33671875 0.0125 0.015625
1 0.53828125 0.30234375 0.0125 0.0125
1 0.8203125 0.646875 0.0125 0.0171875
1 0.3234375 0.34140625 0.0109375 0.0140625
1 0.3625 0.29140625 0.0109375 0.0140625
1 0.396875 0.29375 0.0125 0.0125
1 0.3765625 0.47109375 0.0140625 0.0171875
1 0.38203125 0.29765625 0.0109375 0.0125
0 0.42578125 0.76015625 0.009375 0.0109375
1 0.6328125 0.35546875 0.0140625 0.0140625
1 0.71953125 0.51796875 0.0140625 0.021875
1 0.7203125 0.85546875 0.0109375 0.0125
1 0.7265625 0.53359375 0.0140625 0.0171875
1 0.54765625 0.85 0.0109375 0.0109375
1 0.3859375 0.453125 0.0140625 0.0171875
0 0.57890625 0.15390625 0.0140625 0.0171875
1 0.86875 0.95078125 0.0171875 0.025
1 0.909375 0.321875 0.0140625 0.0140625
1 0.675 0.3296875 0.009375 0.0125
4 0.08125 0.91171875 0.1171875 0.1390625
0 0.42109375 0.72109375 0.009375 0.0109375
1 0.659375 0.8421875 0.009375 0.009375
1 0.5109375 0.8453125 0.0125 0.0140625
1 0.559375 0.30078125 0.0125 0.0109375
1 0.47265625 0.3171875 0.0109375 0.0109375
1 0.29453125 0.828125 0.0109375 0.0109375
1 0.45859375 0.3484375 0.0125 0.0109375
1 0.021875 0.3671875 0.0140625 0.015625
1 0.7234375 0.40234375 0.0109375 0.0125
1 0.53125 0.84609375 0.0125 0.0125
1 0.67109375 0.34140625 0.0109375 0.0125
0 0.41328125 0.7046875 0.0109375 0.0109375
1 0.896875 0.95 0.015625 0.0265625
1 0.909375 0.87578125 0.0109375 0.0109375
1 0.16328125 0.971875 0.0171875 0.01875
1 0.88203125 0.95859375 0.0203125 0.025
1 0.4390625 0.36875 0.009375 0.0109375
1 0.6125 0.2578125 0.0125 0.0125
1 0.3625 0.61875 0.0140625 0.01875
1 0.440625 0.84140625 0.0125 0.015625
1 0.52421875 0.8421875 0.0109375 0.0140625
1 0.0015625 0.5765625 0.003125 0.009375