4 0.5421875 0.3890625 0.1 0.1125
2 0.77265625 0.225 0.109375 0.0703125
4 0.503125 0.32421875 0.0953125 0.0890625
3 0.12421875 0.24296875 0.0890625 0.084375
1 0.16171875 0.4078125 0.0296875 0.021875
1 0.4265625 0.4390625 0.0296875 0.0234375
2 0.25625 0.20078125 0.1109375 0.0640625
1 0.734375 0.5046875 0.0296875 0.025
1 0.31875 0.5609375 0.0328125 0.028125
1 0.34375 0.53984375 0.03125 0.0265625
1 0.64765625 0.88828125 0.0296875 0.0234375
1 0.88515625 0.45703125 0.0296875 0.021875
1 0.11484375 0.38359375 0.028125 0.021875
1 0.125 0.41484375 0.0296875 0.021875
1 0.19375 0.3953125 0.028125 0.021875
1 0.678125 0.471875 0.0296875 0.0234375
1 0.9859375 0.4453125 0.028125 0.021875
1 0.45859375 0.4265625 0.0296875 0.021875
1 0.37265625 0.4546875 0.0296875 0.0234375
1 0.3515625 0.5125 0.03125 0.025
1 0.33515625 0.44296875 0.0296875 0.025
1 0.39296875 0.48359375 0.0296875 0.025
1 0.2625 0.49765625 0.03125 0.025
1 0.62890625 0.49375 0.0296875 0.025
1 0.4203125 0.4578125 0.0296875 0.0234375
1 0.48828125 0.40078125 0.0296875 0.021875
1 0.06953125 0.39375 0.028125 0.021875
1 0.97734375 0.4453125 0.0296875 0.021875
1 0.4046875 0.32890625 0.028125 0.01875
0 0.278125 0.2125 0.028125 0.0203125
1 0.34296875 0.41875 0.0296875 0.0234375
1 0.978125 0.37578125 0.0296875 0.0203125
1 0.3875 0.4109375 0.0296875 0.021875
1 0.33046875 0.89765625 0.0296875 0.01875
1 0.1375 0.36015625 0.028125 0.0203125
1 0.03671875 0.428125 0.0296875 0.0234375
1 0.1 0.36015625 0.028125 0.0203125
1 0.8921875 0.946875 0.0328125 0.0296875
1 0.58671875 0.3609375 0.028125 0.0203125
1 0.24765625 0.8953125 0.0296875 0.021875
1 0.95703125 0.3609375 0.0296875 0.0234375
1 0.69609375 0.42421875 0.028125 0.021875
1 0.16015625 0.35703125 0.028125 0.01875
1 0.44765625 0.5140625 0.028125 0.0234375
3 0.77890625 0.8578125 0.06875 0.0578125
1 0.6890625 0.36484375 0.028125 0.0203125
1 0.1890625 0.6 0.03125 0.021875
1 0.15703125 0.29765625 0.028125 0.0203125
1 0.27578125 0.63359375 0.0328125 0.025
1 0.62734375 0.39453125 0.0296875 0.0203125
1 0.48359375 0.51953125 0.0265625 0.0171875
1 0.68984375 0.53359375 0.0296875 0.025
1 0.93046875 0.31953125 0.028125 0.01875
1 0.05234375 0.4375 0.03125 0.021875
1 0.42890625 0.31328125 0.028125 0.01875
1 0.275 0.4890625 0.03125 0.0265625
1 0.8125 0.42734375 0.028125 0.0234375
1 0.50390625 0.421875 0.0296875 0.021875
1 0.14453125 0.93515625 0.0375 0.03125
1 0.3234375 0.38046875 0.028125 0.021875
1 0.8953125 0.34765625 0.028125 0.01875
1 0.9421875 0.35078125 0.028125 0.01875
1 0.84296875 0.9296875 0.03125 0.0265625
1 0.04921875 0.39765625 0.03125 0.0234375
1 0.3609375 0.34296875 0.028125 0.01875
1 0.37734375 0.34296875 0.028125 0.0203125
1 0.61484375 0.353125 0.028125 0.0203125
1 0.415625 0.32734375 0.028125 0.01875
1 0.35390625 0.38046875 0.0296875 0.021875
1 0.225 0.92265625 0.034375 0.03125
1 0.67578125 0.32421875 0.0265625 0.01875
1 0.675 0.45625 0.028125 0.021875
1 0.86875 0.921875 0.0296875 0.0265625
1 0.3078125 0.89921875 0.028125 0.015625
1 0.46640625 0.25625 0.0265625 0.0171875
1 0.6765625 0.42421875 0.0296875 0.0203125
1 0.209375 0.89921875 0.03125 0.025
1 0.646875 0.39140625 0.0296875 0.021875
1 0.65390625 0.303125 0.028125 0.01875
1 0.59375 0.41328125 0.028125 0.021875
1 0.65 0.34453125 0.0265625 0.01875
1 0.3546875 0.35859375 0.028125 0.01875
1 0.67109375 0.35625 0.028125 0.0203125
1 0.1859375 0.2609375 0.0265625 0.0171875
1 0.32890625 0.3390625 0.028125 0.0203125
1 0.1171875 0.3375 0.028125 0.01875
1 0.98203125 0.42734375 0.0265625 0.0171875
4 0.546875 0.8390625 0.0578125 0.05
1 0.546875 0.29609375 0.0265625 0.0203125
1 0.2109375 0.878125 0.0296875 0.0203125
1 0.26640625 0.875 0.028125 0.01875
1 0.80703125 0.4078125 0.028125 0.0203125
1 0.93671875 0.3375 0.028125 0.0171875
1 0.3390625 0.340625 0.028125 0.021875
1 0.671875 0.340625 0.028125 0.0171875
1 0.196875 0.29140625 0.025 0.0171875
1 0.159375 0.4703125 0.0296875 0.021875
1 0.0734375 0.4828125 0.03125 0.021875
1 0.06328125 0.5 0.0296875 0.0265625
1 0.8578125 0.93046875 0.03125 0.0265625
1 0.49375 0.4265625 0.0296875 0.021875
1 0.8375 0.284375 0.0265625 0.01875
1 0.46484375 0.38125 0.0265625 0.021875
1 0.30546875 0.8734375 0.025 0.0171875
1 0.18046875 0.25234375 0.0265625 0.0171875
1 0.32890625 0.88359375 0.028125 0.01875
1 0.42734375 0.328125 0.028125 0.01875
1 0.028125 0.48984375 0.0296875 0.01875
1 0.4890625 0.26484375 0.0265625 0.01875
1 0.98671875 0.41015625 0.0265625 0.0171875
1 0.25546875 0.8828125 0.028125 0.01875
1 0.54453125 0.8734375 0.028125 0.01875
1 0.35546875 0.2609375 0.0265625 0.0171875
1 0.134375 0.86953125 0.0296875 0.021875
1 0.70625 0.3609375 0.0296875 0.021875
1 0.50078125 0.25703125 0.0265625 0.0171875
1 0.66796875 0.3796875 0.0296875 0.021875
1 0.234375 0.88359375 0.0296875 0.0203125
1 0.33515625 0.36953125 0.028125 0.01875
1 0.3671875 0.26328125 0.028125 0.0171875
1 0.178125 0.87734375 0.028125 0.01875
1 0.63046875 0.3484375 0.028125 0.0203125
1 0.19765625 0.25234375 0.0265625 0.0171875
1 0.11875 0.28515625 0.028125 0.01875
1 0.18359375 0.90703125 0.034375 0.025
1 0.65546875 0.35625 0.0296875 0.01875
1 0.109375 0.3078125 0.0265625 0.0171875
1 0.209375 0.8640625 0.0265625 0.0171875
1 0.87890625 0.28671875 0.028125 0.01875
1 0.38359375 0.328125 0.028125 0.01875
1 0.47265625 0.36875 0.0265625 0.0171875
1 0.55859375 0.3046875 0.028125 0.0171875
1 0.1 0.8796875 0.0296875 0.021875
1 0.34453125 0.359375 0.028125 0.01875
1 0.14609375 0.33671875 0.0296875 0.0171875
1 0.1609375 0.34296875 0.0265625 0.015625
3 0.103125 0.83046875 0.0625 0.0640625
1 0.5578125 0.3328125 0.0265625 0.01875
1 0.10078125 0.315625 0.028125 0.0171875
1 0.79921875 0.4203125 0.0265625 0.0203125
1 0.828125 0.29140625 0.0265625 0.0171875
1 0.49140625 0.378125 0.0296875 0.0203125
1 0.35078125 0.89453125 0.0296875 0.0203125
1 0.8765625 0.89453125 0.0265625 0.0171875
1 0.83125 0.31015625 0.028125 0.01875
1 0.89609375 0.9140625 0.0296875 0.021875
0 0.0265625 0.9640625 0.0390625 0.040625
1 0.7578125 0.87734375 0.0265625 0.0171875
1 0.9078125 0.3515625 0.0265625 0.01875
1 0.03515625 0.3421875 0.0296875 0.021875
1 0.265625 0.86015625 0.025 0.015625
1 0.6953125 0.40234375 0.028125 0.0203125
1 0.7484375 0.88046875 0.028125 0.01875
1 0.171875 0.90390625 0.0296875 0.0265625
1 0.83359375 0.88203125 0.0265625 0.0171875
1 0.9109375 0.3046875 0.0265625 0.0171875
1 0.44765625 0.25234375 0.025 0.0171875
1 0.13359375 0.3453125 0.0265625 0.0171875
1 0.8203125 0.28046875 0.028125 0.0171875
1 0.165625 0.2515625 0.0265625 0.0171875
1 0.55390625 0.8734375 0.0265625 0.01875
1 0.0484375 0.91875 0.034375 0.0328125
1 0.03125 0.32578125 0.028125 0.0171875
1 0.66953125 0.89140625 0.0296875 0.0234375
1 0.6578125 0.3328125 0.0296875 0.0171875
1 0.340625 0.25859375 0.0265625 0.0171875
1 0.1625 0.875 0.0296875 0.0203125
1 0.8875 0.89296875 0.028125 0.0171875
1 0.071875 0.3109375 0.028125 0.01875
1 0.6921875 0.01484375 0.0296875 0.0171875
1 0.11328125 0.32578125 0.0265625 0.0171875
1 0.19375 0.8828125 0.028125 0.01875
1 0.33203125 0.353125 0.028125 0.0171875
1 0.82734375 0.9890625 0.0390625 0.021875
1 0.80390625 0.87578125 0.025 0.015625
1 0.8890625 0.29375 0.028125 0.01875
1 0.16015625 0.85390625 0.0265625 0.0171875
1 0.6859375 0.40625 0.028125 0.0203125
1 0.71015625 0.8875 0.028125 0.01875
1 0.5859375 0.87265625 0.028125 0.015625
1 0.92109375 0.9234375 0.0296875 0.01875
1 0.72421875 0.334375 0.028125 0.0203125
1 0.05390625 0.3125 0.028125 0.01875
1 0.55 0.3328125 0.0265625 0.01875
1 0.85234375 0.87734375 0.028125 0.015625
1 0.69765625 0.6546875 0.028125 0.015625
4 0.446875 0.85546875 0.04375 0.04375
0 0.0453125 0.96875 0.0390625 0.0359375
1 0.0625 0.3796875 0.0296875 0.0171875
1 0.1890625 0.25078125 0.0265625 0.0171875
1 0.82890625 0.28203125 0.0265625 0.0171875
1 0.1953125 0.85625 0.0265625 0.015625
1 0.684375 0.2703125 0.0265625 0.0171875
1 0.87265625 0.878125 0.025 0.015625
1 0.38828125 0.25703125 0.028125 0.0171875
0 0.315625 0.9828125 0.0390625 0.0265625
1 0.11640625 0.86796875 0.0296875 0.021875
1 0.73125 0.88515625 0.0296875 0.01875
1 0.71171875 0.3984375 0.0265625 0.0203125
1 0.21171875 0.98671875 0.0328125 0.0125
1 0.3515625 0.9890625 0.0328125 0.0171875
1 0.1359375 0.9671875 0.040625 0.040625
1 0.090625 0.31328125 0.0296875 0.0203125