4 0.11875 0.4 0.121875 0.1046875
3 0.55625 0.2515625 0.0921875 0.0859375
2 0.22265625 0.23046875 0.115625 0.0734375
2 0.73828125 0.196875 0.1171875 0.0671875
1 0.265625 0.4984375 0.0359375 0.028125
1 0.82421875 0.42578125 0.0375 0.0265625
1 0.38515625 0.4015625 0.0359375 0.025
1 0.1171875 0.55859375 0.0390625 0.0296875
1 0.671875 0.434375 0.0359375 0.0265625
1 0.6078125 0.35 0.034375 0.0234375
4 0.25703125 0.8828125 0.1140625 0.096875
1 0.91640625 0.4796875 0.0390625 0.028125
1 0.98359375 0.41015625 0.0328125 0.0265625
1 0.49765625 0.4171875 0.0359375 0.025
4 0.4140625 0.3671875 0.096875 0.10625
1 0.59921875 0.43359375 0.0375 0.0265625
1 0.64609375 0.49296875 0.0375 0.028125
1 0.44765625 0.41875 0.0359375 0.025
1 0.98359375 0.44140625 0.0328125 0.0265625
4 0.1953125 0.5984375 0.1234375 0.14375
1 0.6953125 0.55234375 0.0390625 0.03125
1 0.61796875 0.46015625 0.0359375 0.0265625
1 0.6078125 0.50390625 0.0375 0.028125
1 0.07109375 0.6078125 0.040625 0.03125
1 0.93984375 0.4359375 0.0375 0.0265625
1 0.29375 0.45703125 0.0359375 0.0265625
1 0.6765625 0.88203125 0.034375 0.0234375
1 0.34921875 0.9046875 0.0375 0.0265625
1 0.865625 0.40703125 0.0359375 0.0265625
1 0.46015625 0.50390625 0.0375 0.0265625
1 0.39296875 0.90234375 0.0359375 0.025
1 0.07265625 0.475 0.0375 0.025
1 0.32890625 0.57109375 0.0375 0.0296875
1 0.9109375 0.40859375 0.0359375 0.025
1 0.53046875 0.30703125 0.034375 0.0234375
1 0.54140625 0.42734375 0.0359375 0.0265625
1 0.28671875 0.56171875 0.0390625 0.028125
1 0.28828125 0.5171875 0.0375 0.028125
0 0.14453125 0.14609375 0.0390625 0.0265625
1 0.89765625 0.396875 0.0375 0.025
1 0.6359375 0.4203125 0.0359375 0.0265625
1 0.34453125 0.45078125 0.0359375 0.0265625
1 0.4921875 0.90546875 0.034375 0.0203125
1 0.65390625 0.3703125 0.0359375 0.0234375
1 0.28984375 0.54453125 0.0375 0.0265625
1 0.86640625 0.91015625 0.0421875 0.034375
0 0.278125 0.81484375 0.0359375 0.028125
1 0.5484375 0.3453125 0.0359375 0.0234375
1 0.146875 0.45859375 0.0359375 0.025
1 0.025 0.44609375 0.0359375 0.0234375
1 0.9625 0.4453125 0.0375 0.0265625
1 0.70390625 0.42578125 0.0359375 0.0234375
1 0.24765625 0.625 0.0359375 0.0296875
1 0.73671875 0.5203125 0.0375 0.028125
1 0.20078125 0.4828125 0.0375 0.028125
0 0.12890625 0.2328125 0.0375 0.03125
1 0.84609375 0.32109375 0.034375 0.021875
1 0.30859375 0.4875 0.0359375 0.0265625
1 0.790625 0.62578125 0.0390625 0.03125
1 0.03828125 0.4328125 0.0359375 0.0234375
1 0.64140625 0.359375 0.0359375 0.0234375
1 0.33203125 0.3875 0.0359375 0.0234375
1 0.16953125 0.9640625 0.040625 0.03125
1 0.58515625 0.31484375 0.034375 0.0234375
1 0.625 0.8984375 0.0359375 0.021875
1 0.69296875 0.8953125 0.034375 0.0203125
1 0.9578125 0.91875 0.0421875 0.0375
1 0.36875 0.4828125 0.0375 0.0265625
1 0.88515625 0.28203125 0.0328125 0.021875
1 0.021875 0.521875 0.0390625 0.0265625
1 0.3453125 0.2984375 0.0328125 0.021875
1 0.0578125 0.4328125 0.0359375 0.025
1 0.31875 0.33515625 0.034375 0.0234375
1 0.059375 0.41953125 0.034375 0.021875
1 0.8265625 0.24296875 0.034375 0.021875
1 0.58046875 0.2921875 0.0328125 0.021875
1 0.16640625 0.9875 0.0453125 0.025
1 0.440625 0.909375 0.0328125 0.01875
1 0.38515625 0.3234375 0.034375 0.0234375
1 0.6984375 0.45234375 0.0375 0.0234375
1 0.55390625 0.4234375 0.0359375 0.0265625
1 0.90234375 0.91015625 0.040625 0.0296875
1 0.0125 0.4921875 0.025 0.021875
0 0.2859375 0.73828125 0.0375 0.028125
1 0.4265625 0.29375 0.034375 0.021875
1 0.95546875 0.4171875 0.0359375 0.025
1 0.7265625 0.48359375 0.0375 0.0234375
1 0.35546875 0.46640625 0.0359375 0.0265625
1 0.71796875 0.43359375 0.0359375 0.0234375
0 0.13828125 0.2328125 0.0375 0.0265625
1 0.09375 0.31875 0.0328125 0.021875
1 0.59140625 0.6125 0.0375 0.0234375
1 0.73046875 0.4671875 0.0359375 0.025
1 0.71328125 0.50078125 0.0375 0.0265625
1 0.43046875 0.4171875 0.0375 0.0265625
1 0.01015625 0.53828125 0.0203125 0.0265625
0 0.1765625 0.16640625 0.0359375 0.0265625
0 0.17421875 0.140625 0.0375 0.028125
1 0.00859375 0.45234375 0.0171875 0.0234375
1 0.8765625 0.97265625 0.046875 0.025
1 0.07109375 0.32578125 0.0328125 0.021875
1 0.8046875 0.86953125 0.0359375 0.0234375
1 0.30703125 0.3734375 0.034375 0.0234375
1 0.0125 0.51171875 0.025 0.0265625
1 0.1578125 0.46640625 0.0375 0.025
1 0.265625 0.93125 0.0390625 0.0296875
0 0.13125 0.3078125 0.0359375 0.0234375
1 0.0890625 0.64609375 0.0375 0.0234375
1 0.325 0.90625 0.0375 0.028125
1 0.7859375 0.915625 0.040625 0.0328125
1 0.7265625 0.5 0.0390625 0.0265625
1 0.62890625 0.390625 0.0359375 0.025
0 0.13671875 0.3515625 0.034375 0.0234375
1 0.43671875 0.87578125 0.0328125 0.01875
1 0.94296875 0.41953125 0.034375 0.0234375
1 0.93828125 0.328125 0.0375 0.025
1 0.66171875 0.3328125 0.0328125 0.021875
0 0.27578125 0.75859375 0.0359375 0.025
1 0.41875 0.2734375 0.0328125 0.0203125
1 0.63984375 0.3015625 0.034375 0.0234375
1 0.91015625 0.93671875 0.0453125 0.040625
1 0.740625 0.85625 0.03125 0.0203125
1 0.625 0.4359375 0.0359375 0.025
1 0.40546875 0.51796875 0.0359375 0.0234375
1 0.76015625 0.915625 0.0390625 0.028125
1 0.2046875 0.95 0.0390625 0.028125
0 0.88359375 0.82265625 0.0390625 0.03125
1 0.4046875 0.271875 0.034375 0.0203125
1 0.709375 0.48515625 0.0359375 0.021875
1 0.7203125 0.346875 0.0359375 0.0265625
1 0.646875 0.32109375 0.0328125 0.021875
0 0.14140625 0.1875 0.0390625 0.0265625
1 0.171875 0.4828125 0.034375 0.021875
0 0.275 0.7421875 0.0359375 0.0234375
1 0.9640625 0.32421875 0.0359375 0.0234375
0 0.2609375 0.81171875 0.0359375 0.028125
1 0.97421875 0.34375 0.0359375 0.0234375
1 0.15 0.303125 0.0328125 0.0203125
1 0.65390625 0.33359375 0.0359375 0.021875
1 0.98125 0.3671875 0.0375 0.025
1 0.65234375 0.25234375 0.0328125 0.0203125
1 0.7375 0.49453125 0.0359375 0.021875
1 0.3625 0.28671875 0.034375 0.0203125
1 0.7515625 0.8921875 0.0328125 0.0203125
1 0.01328125 0.4359375 0.0265625 0.025
1 0.92578125 0.325 0.0359375 0.021875
1 0.77890625 0.96015625 0.04375 0.040625
1 0.575 0.31484375 0.034375 0.021875
0 0.1296875 0.29140625 0.0359375 0.0234375
1 0.19921875 0.903125 0.0359375 0.025
1 0.71953125 0.46484375 0.0375 0.025
1 0.69375 0.4375 0.034375 0.021875
1 0.6046875 0.63828125 0.0359375 0.0234375
1 0.2078125 0.97578125 0.0421875 0.0375
1 0.028125 0.41953125 0.0328125 0.0203125
4 0.4328125 0.84140625 0.078125 0.065625
1 0.50859375 0.2609375 0.0328125 0.0203125
1 0.15546875 0.4515625 0.034375 0.0203125
1 0.18046875 0.921875 0.0359375 0.028125
0 0.1640625 0.159375 0.040625 0.0265625
1 0.68984375 0.60703125 0.0328125 0.0203125
1 0.37890625 0.27109375 0.034375 0.0203125
1 0.97109375 0.3671875 0.0375 0.025
1 0.0640625 0.3515625 0.034375 0.021875
1 0.71015625 0.47109375 0.0359375 0.0203125
1 0.14375 0.3078125 0.034375 0.0203125
1 0.5875 0.27265625 0.034375 0.0203125
1 0.47421875 0.26171875 0.0328125 0.0203125
1 0.33671875 0.27734375 0.0359375 0.0203125
1 0.6171875 0.44375 0.0359375 0.021875
1 0.38828125 0.27109375 0.034375 0.021875
1 0.61015625 0.25859375 0.034375 0.0203125
1 0.23203125 0.959375 0.0421875 0.0375
1 0.87890625 0.88515625 0.0390625 0.0265625
1 0.57890625 0.6453125 0.0328125 0.0171875
1 0.74609375 0.50625 0.034375 0.0234375
1 0.62421875 0.37890625 0.034375 0.0203125
1 0.83515625 0.915625 0.0359375 0.025
1 0.15546875 0.928125 0.0375 0.028125
1 0.54140625 0.89140625 0.0328125 0.01875
1 0.7984375 0.8515625 0.03125 0.0171875
1 0.98125 0.96875 0.0375 0.021875
1 0.9109375 0.2734375 0.0328125 0.0203125
1 0.79609375 0.2453125 0.03125 0.0203125
1 0.32890625 0.2703125 0.0328125 0.0203125
1 0.04765625 0.38359375 0.0328125 0.021875
1 0.28203125 0.9734375 0.0453125 0.040625
1 0.921875 0.29375 0.0359375 0.021875
1 0.09609375 0.3 0.0328125 0.0234375
1 0.775 0.928125 0.0421875 0.025
1 0.11171875 0.29765625 0.0359375 0.0234375
1 0.7609375 0.96875 0.04375 0.040625
1 0.0078125 0.41875 0.015625 0.021875
1 0.16484375 0.9046875 0.0359375 0.0234375
1 0.85859375 0.25 0.034375 0.021875
1 0.3375 0.90390625 0.0359375 0.0234375
1 0.8671875 0.25078125 0.0328125 0.021875
1 0.03984375 0.39296875 0.034375 0.0234375
1 0.58984375 0.2609375 0.0328125 0.01875
1 0.0109375 0.396875 0.021875 0.021875
1 0.65234375 0.26328125 0.0328125 0.015625
1 0.465625 0.87421875 0.03125 0.0203125
1 0.921875 0.89296875 0.040625 0.03125
1 0.346875 0.2765625 0.034375 0.021875
1 0.11015625 0.93828125 0.0421875 0.0328125
1 0.1359375 0.95859375 0.0390625 0.028125
0 0.2875 0.7109375 0.034375 0.0203125
1 0.9859375 0.340625 0.028125 0.025
0 0.155449015625 0.2889649515625 0.1532162078125 0.2705052453125 0.13116971093750002 0.2648357265625 0.1200886171875 0.28359775625 0.155449015625 0.2889649515625
0 0.105526975 0.37800744218750004 0.1224960078125 0.38597534843750003 0.1408873734375 0.38346114062500003 0.1384064765625 0.3626197953125 0.109115909375 0.363295625 0.105526975 0.37800744218750004