2 0.75546875 0.20546875 0.11875 0.059375
4 0.596875 0.28828125 0.0890625 0.071875
3 0.0796875 0.41640625 0.1171875 0.0921875
3 0.2140625 0.86640625 0.109375 0.0890625
3 0.1640625 0.3609375 0.0953125 0.0828125
1 0.60625 0.45078125 0.0421875 0.0140625
1 0.29140625 0.44453125 0.0421875 0.0125
1 0.6140625 0.4015625 0.040625 0.0125
1 0.5640625 0.4265625 0.040625 0.0125
1 0.09609375 0.553125 0.04375 0.0171875
1 0.85546875 0.55078125 0.040625 0.0109375
1 0.8203125 0.4296875 0.0421875 0.0140625
1 0.17109375 0.44609375 0.040625 0.0125
1 0.584375 0.33046875 0.0390625 0.009375
1 0.70625 0.55625 0.04375 0.01875
1 0.8765625 0.3140625 0.0390625 0.009375
1 0.52421875 0.5890625 0.0453125 0.0171875
1 0.4453125 0.9015625 0.04375 0.0171875
1 0.94609375 0.4578125 0.04375 0.015625
1 0.9828125 0.43359375 0.034375 0.0140625
1 0.67890625 0.4625 0.0421875 0.015625
1 0.35078125 0.8921875 0.0421875 0.015625
1 0.36640625 0.4453125 0.040625 0.0140625
1 0.83515625 0.403125 0.040625 0.0125
1 0.63125 0.42109375 0.040625 0.0125
0 0.15859375 0.1515625 0.0421875 0.015625
1 0.6546875 0.37578125 0.0390625 0.0109375
1 0.3484375 0.33984375 0.0375 0.009375
1 0.5703125 0.44609375 0.040625 0.0125
1 0.6796875 0.4171875 0.040625 0.0125
1 0.40703125 0.45390625 0.0421875 0.015625
0 0.0796875 0.21171875 0.0421875 0.0140625
1 0.88828125 0.33125 0.040625 0.0125
1 0.503125 0.8921875 0.0421875 0.01875
1 0.3125 0.4609375 0.040625 0.0125
1 0.74453125 0.53828125 0.0453125 0.0171875
1 0.1359375 0.4109375 0.0390625 0.0109375
1 0.66875 0.4078125 0.040625 0.0125
1 0.59921875 0.37421875 0.0390625 0.009375
1 0.81484375 0.84296875 0.0390625 0.0109375
1 0.328125 0.8625 0.0390625 0.009375
1 0.32578125 0.41171875 0.0390625 0.0109375
1 0.63125 0.54609375 0.040625 0.0125
1 0.365625 0.378125 0.0390625 0.009375
1 0.8453125 0.34140625 0.0390625 0.0109375
1 0.4421875 0.40625 0.0375 0.009375
1 0.0484375 0.54453125 0.0390625 0.0140625
1 0.62421875 0.3421875 0.0390625 0.0109375
1 0.7671875 0.5453125 0.04375 0.0171875
1 0.4796875 0.44453125 0.040625 0.0109375
1 0.3484375 0.4015625 0.0390625 0.009375
1 0.8359375 0.3125 0.0390625 0.009375
1 0.45859375 0.34296875 0.0375 0.009375
1 0.909375 0.3640625 0.040625 0.0125
1 0.965625 0.3984375 0.04375 0.0140625
1 0.1421875 0.8890625 0.0421875 0.0140625
1 0.59296875 0.3625 0.040625 0.009375
1 0.36171875 0.4125 0.0390625 0.0109375
1 0.5078125 0.40625 0.040625 0.0125
1 0.92890625 0.353125 0.040625 0.0125
1 0.690625 0.5125 0.04375 0.0171875
1 0.5375 0.634375 0.04375 0.0171875
1 0.690625 0.38125 0.040625 0.0125
1 0.5671875 0.396875 0.040625 0.0109375
1 0.84140625 0.853125 0.0390625 0.0078125
1 0.4546875 0.38515625 0.0390625 0.0109375
1 0.9859375 0.39921875 0.028125 0.0109375
1 0.11953125 0.8859375 0.040625 0.0109375
2 0.234375 0.23984375 0.1296875 0.0546875
1 0.47734375 0.4171875 0.0390625 0.0125
0 0.0609375 0.26640625 0.040625 0.0125
3 0.78671875 0.8203125 0.08125 0.0515625
1 0.825 0.3015625 0.0390625 0.0078125
1 0.3109375 0.40859375 0.040625 0.0125
1 0.63984375 0.340625 0.040625 0.0109375
1 0.21328125 0.6 0.0421875 0.0109375
1 0.73359375 0.43359375 0.0421875 0.0140625
1 0.56640625 0.8390625 0.0375 0.0078125
1 0.96484375 0.36484375 0.0421875 0.0109375
1 0.334375 0.88203125 0.040625 0.0125
0 0.21015625 0.7734375 0.04375 0.01875
1 0.85546875 0.29609375 0.0390625 0.009375
1 0.65703125 0.31484375 0.0375 0.009375
1 0.44140625 0.3734375 0.040625 0.009375
1 0.63984375 0.3125 0.0390625 0.0078125
1 0.91640625 0.85859375 0.040625 0.0109375
0 0.10703125 0.16328125 0.0421875 0.0140625
1 0.775 0.63125 0.040625 0.00625
1 0.55546875 0.390625 0.040625 0.0109375
1 0.4078125 0.30859375 0.0359375 0.0078125
1 0.56171875 0.38203125 0.0390625 0.009375
0 0.24765625 0.22421875 0.040625 0.0109375
1 0.4859375 0.30703125 0.0390625 0.009375
1 0.490625 0.42578125 0.040625 0.0125
1 0.828125 0.28203125 0.0375 0.0078125
1 0.98203125 0.38203125 0.0359375 0.0109375
1 0.84296875 0.29921875 0.0375 0.0078125
1 0.42734375 0.31328125 0.0359375 0.00625
1 0.67421875 0.3765625 0.040625 0.0109375
1 0.1234375 0.384375 0.0375 0.009375
0 0.22421875 0.2421875 0.0390625 0.0109375
1 0.6328125 0.328125 0.0375 0.0078125
1 0.9390625 0.440625 0.0375 0.009375
1 0.853125 0.8328125 0.0390625 0.009375
1 0.65546875 0.3515625 0.0390625 0.009375
1 0.44140625 0.32421875 0.0390625 0.009375
1 0.5375 0.29375 0.0390625 0.0078125
1 0.27421875 0.8578125 0.0359375 0.00625
1 0.45625 0.328125 0.0375 0.009375
1 0.1875 0.62421875 0.04375 0.0125
1 0.9375 0.3359375 0.040625 0.0125
1 0.67734375 0.39375 0.0390625 0.0109375
1 0.80703125 0.41796875 0.040625 0.0140625
1 0.07421875 0.36171875 0.0390625 0.0078125
1 0.41796875 0.37578125 0.0375 0.00625
1 0.821875 0.40390625 0.0421875 0.015625
1 0.6875 0.4 0.0390625 0.0109375
1 0.05234375 0.36953125 0.0390625 0.0109375
1 0.83984375 0.82578125 0.0375 0.00625
1 0.86953125 0.8453125 0.0375 0.009375
1 0.9015625 0.878125 0.04375 0.0171875
0 0.16640625 0.1203125 0.0421875 0.0140625
1 0.31484375 0.44921875 0.040625 0.009375
1 0.12734375 0.9875 0.053125 0.0203125
1 0.58828125 0.840625 0.040625 0.0078125
1 0.359375 0.38828125 0.0390625 0.009375
1 0.93203125 0.3125 0.0390625 0.009375
1 0.38671875 0.9125 0.0390625 0.0046875
1 0.09140625 0.36171875 0.0390625 0.0078125
1 0.4484375 0.85390625 0.0359375 0.00625
1 0.92421875 0.3265625 0.040625 0.0078125
1 0.946875 0.34609375 0.0375 0.009375
1 0.43515625 0.39140625 0.0359375 0.0078125
1 0.4640625 0.84921875 0.0375 0.0078125
1 0.87734375 0.2890625 0.0375 0.0078125
1 0.5796875 0.8375 0.0375 0.009375
1 0.44375 0.3015625 0.0375 0.0078125
1 0.9453125 0.61875 0.0421875 0.015625
1 0.89375 0.9046875 0.04375 0.0171875
1 0.8265625 0.825 0.0390625 0.00625
1 0.58203125 0.81875 0.0359375 0.0046875
1 0.53515625 0.84375 0.0375 0.00625
1 0.253125 0.85390625 0.0359375 0.00625
1 0.46875 0.315625 0.0390625 0.0078125
1 0.5234375 0.29765625 0.0375 0.009375
1 0.8984375 0.28984375 0.0390625 0.0078125
1 0.51015625 0.296875 0.0390625 0.009375
1 0.91640625 0.30625 0.0421875 0.0109375
1 0.42578125 0.37421875 0.0359375 0.0078125
1 0.1140625 0.3421875 0.0390625 0.0078125
1 0.425 0.3484375 0.0375 0.0078125
1 0.75625 0.83125 0.0375 0.00625
1 0.0984375 0.878125 0.0375 0.00625
3 0.3171875 0.3046875 0.071875 0.0484375
1 0.425 0.3 0.0375 0.0078125
1 0.4578125 0.853125 0.0390625 0.00625
1 0.3625 0.996875 0.0515625 0.0015625
1 0.6359375 0.29609375 0.0390625 0.0078125
1 0.87578125 0.871875 0.0421875 0.0109375
1 0.446875 0.840625 0.0375 0.0078125
1 0.89609375 0.82734375 0.0375 0.00625
4 0.284375 0.834375 0.0703125 0.0390625
0 0.28203125 0.9875 0.053125 0.0203125
1 0.86171875 0.8296875 0.0375 0.0078125
1 0.42734375 0.85546875 0.0375 0.0046875
4 0.43984375 0.81875 0.059375 0.0265625
1 0.7046875 0.3609375 0.0390625 0.0078125
1 0.67890625 0.6375 0.0390625 0.00625
1 0.9609375 0.3515625 0.0375 0.0078125
1 0.55859375 0.8203125 0.0359375 0.0046875