4 0.65703125 0.29375 0.07421875 0.07890625
2 0.76171875 0.21484375 0.0859375 0.06328125
3 0.403125 0.32578125 0.0625 0.08828125
4 0.47109375 0.3921875 0.07421875 0.10234375
3 0.815625 0.85078125 0.06796875 0.0578125
3 0.2515625 0.85078125 0.06953125 0.07421875
1 0.3515625 0.39140625 0.01015625 0.015625
1 0.6546875 0.390625 0.00859375 0.0171875
2 0.25 0.21015625 0.08984375 0.053125
1 0.36796875 0.4421875 0.009375 0.01875
1 0.28984375 0.46640625 0.0109375 0.01796875
1 0.89140625 0.3671875 0.0078125 0.01640625
1 0.34140625 0.403125 0.01015625 0.0171875
1 0.27890625 0.515625 0.0125 0.02109375
1 0.09375 0.38359375 0.00859375 0.015625
1 0.9359375 0.32734375 0.00859375 0.0125
1 0.33046875 0.4046875 0.0125 0.0171875
1 0.290625 0.89375 0.01015625 0.0171875
1 0.065625 0.32734375 0.0078125 0.01328125
1 0.4375 0.55390625 0.0125 0.02265625
1 0.58984375 0.340625 0.01015625 0.01640625
1 0.41640625 0.64609375 0.0125 0.01328125
1 0.39609375 0.4625 0.0109375 0.01875
1 0.95703125 0.4171875 0.01015625 0.0171875
1 0.0125 0.43515625 0.01171875 0.01796875
1 0.88828125 0.2921875 0.00703125 0.00859375
1 0.5109375 0.378125 0.01015625 0.0171875
1 0.52109375 0.4984375 0.01171875 0.021875
1 0.74453125 0.534375 0.0125 0.01953125
1 0.0546875 0.4171875 0.009375 0.01484375
1 0.0265625 0.3453125 0.009375 0.01484375
1 0.2640625 0.4921875 0.01171875 0.01875
1 0.484375 0.89296875 0.00703125 0.01171875
1 0.60859375 0.86796875 0.00625 0.01328125
1 0.07109375 0.4015625 0.0109375 0.01796875
1 0.096875 0.89296875 0.009375 0.015625
1 0.3359375 0.509375 0.009375 0.01640625
1 0.70390625 0.521875 0.01171875 0.01953125
1 0.93125 0.3453125 0.01015625 0.015625
1 0.6734375 0.40703125 0.01015625 0.01640625
1 0.840625 0.2828125 0.0078125 0.01015625
1 0.34921875 0.48828125 0.0109375 0.01875
1 0.4421875 0.27890625 0.00703125 0.01328125
1 0.378125 0.26953125 0.0078125 0.01328125
1 0.35234375 0.2953125 0.00859375 0.0140625
1 0.115625 0.3015625 0.0109375 0.01484375
1 0.40390625 0.3984375 0.00859375 0.015625
1 0.42734375 0.4015625 0.009375 0.01640625
1 0.43046875 0.28046875 0.00703125 0.01328125
1 0.26484375 0.54765625 0.01328125 0.0203125
1 0.1875 0.92734375 0.01484375 0.02578125
1 0.21875 0.91953125 0.0109375 0.0203125
1 0.05 0.43125 0.01015625 0.01640625
1 0.6765625 0.5125 0.0109375 0.02109375
1 0.10390625 0.30234375 0.009375 0.0140625
1 0.74140625 0.5125 0.0109375 0.0140625
1 0.9265625 0.91953125 0.01171875 0.02109375
1 0.5921875 0.30390625 0.00703125 0.01328125
1 0.39375 0.559375 0.01171875 0.0203125
1 0.24765625 0.53359375 0.0109375 0.01953125
1 0.12890625 0.2703125 0.0078125 0.01171875
1 0.36640625 0.29296875 0.01015625 0.0140625
1 0.38515625 0.43671875 0.009375 0.0171875
4 0.07109375 0.478125 0.0828125 0.109375
1 0.6046875 0.2921875 0.0078125 0.0140625
1 0.23203125 0.92421875 0.01484375 0.0265625
1 0.1015625 0.328125 0.01015625 0.01328125
1 0.0109375 0.3703125 0.01015625 0.01484375
1 0.121875 0.37421875 0.009375 0.01640625
1 0.30859375 0.45859375 0.00859375 0.01484375
3 0.5609375 0.834375 0.04140625 0.0390625
1 0.9 0.3171875 0.009375 0.0140625
1 0.3171875 0.409375 0.0109375 0.01484375
1 0.61484375 0.2953125 0.0078125 0.0125
1 0.1 0.91796875 0.0125 0.0234375
1 0.8703125 0.29453125 0.00703125 0.01484375
1 0.903125 0.296875 0.0078125 0.0125
1 0.6421875 0.35390625 0.0078125 0.01328125
1 0.86875 0.271875 0.00703125 0.0125
1 0.46328125 0.8828125 0.00546875 0.0109375
1 0.5875 0.3421875 0.0046875 0.0109375
1 0.840625 0.31171875 0.0046875 0.009375
1 0.7234375 0.55859375 0.0109375 0.021875
1 0.1078125 0.27734375 0.0078125 0.0125
1 0.3859375 0.5109375 0.009375 0.01953125
1 0.41875 0.390625 0.01015625 0.01640625
1 0.86640625 0.86953125 0.00859375 0.0140625
1 0.68046875 0.3671875 0.0109375 0.01875
1 0.07265625 0.94921875 0.01640625 0.03359375
1 0.82890625 0.26953125 0.00625 0.01015625
1 0.3359375 0.34453125 0.00859375 0.009375
1 0.09453125 0.378125 0.01015625 0.015625
1 0.2640625 0.52734375 0.0125 0.01484375
1 0.29609375 0.45 0.00859375 0.01328125
1 0.37578125 0.396875 0.01171875 0.01796875
1 0.6109375 0.31875 0.009375 0.0140625
1 0.2265625 0.89609375 0.009375 0.0171875
1 0.6671875 0.37578125 0.009375 0.0140625
1 0.92109375 0.33515625 0.00859375 0.01484375
1 0.384375 0.54453125 0.01171875 0.021875
1 0.7359375 0.56484375 0.0125 0.021875
1 0.29765625 0.4 0.01015625 0.01640625
1 0.29609375 0.46796875 0.009375 0.01484375
1 0.4296875 0.50859375 0.0109375 0.01796875
1 0.73046875 0.52109375 0.01171875 0.01875
1 0.9421875 0.98984375 0.01640625 0.01875
1 0.13359375 0.2609375 0.00703125 0.01171875
1 0.9484375 0.9296875 0.01171875 0.0203125
1 0.59921875 0.2828125 0.00859375 0.01171875
1 0.31875 0.29375 0.00703125 0.0140625
1 0.93671875 0.91328125 0.00703125 0.01328125
1 0.0765625 0.303125 0.00859375 0.01328125
1 0.47890625 0.88046875 0.00859375 0.0125
1 0.83203125 0.28046875 0.00625 0.01171875
1 0.84765625 0.88671875 0.01015625 0.0140625
1 0.3125 0.45703125 0.00859375 0.0125
1 0.3984375 0.540625 0.0109375 0.01796875
1 0.37109375 0.28046875 0.00859375 0.01015625
1 0.421875 0.496875 0.009375 0.0171875
1 0.34140625 0.35625 0.00859375 0.01484375
1 0.365625 0.44453125 0.009375 0.015625
1 0.44609375 0.496875 0.009375 0.0171875
1 0.85234375 0.29375 0.01171875 0.01328125
1 0.8671875 0.865625 0.00546875 0.00703125
1 0.9125 0.88125 0.00390625 0.0140625
1 0.084375 0.6453125 0.01484375 0.0203125
1 0.49921875 0.6125 0.01015625 0.02578125
1 0.090625 0.3015625 0.01015625 0.0125
1 0.171875 0.2625 0.00703125 0.01171875
1 0.37109375 0.2609375 0.00625 0.01171875
1 0.153125 0.26171875 0.009375 0.01171875
1 0.25546875 0.5046875 0.0109375 0.01171875
1 0.659375 0.34921875 0.00703125 0.0140625
1 0.10546875 0.2921875 0.00859375 0.01015625
1 0.91484375 0.88125 0.0109375 0.01953125
1 0.83515625 0.309375 0.00859375 0.01328125
1 0.4578125 0.496875 0.009375 0.015625