2 0.75234375 0.20546875 0.090625 0.0671875
4 0.64375 0.284375 0.06875 0.0765625
1 0.28828125 0.42734375 0.0125 0.01875
1 0.403125 0.484375 0.0140625 0.0203125
1 0.11171875 0.35546875 0.0125 0.0171875
1 0.32578125 0.3859375 0.0109375 0.015625
1 0.24140625 0.91171875 0.01875 0.0234375
4 0.2328125 0.8625 0.053125 0.0515625
4 0.4890625 0.38515625 0.0859375 0.1
1 0.32265625 0.35703125 0.0125 0.0171875
1 0.70703125 0.4609375 0.0140625 0.0203125
1 0.553125 0.37890625 0.0125 0.0171875
1 0.44921875 0.5421875 0.0171875 0.0234375
1 0.40625 0.50703125 0.0140625 0.021875
3 0.82109375 0.33203125 0.059375 0.0765625
1 0.6015625 0.32734375 0.0109375 0.015625
1 0.14765625 0.29921875 0.0109375 0.0140625
1 0.4046875 0.44921875 0.0140625 0.01875
1 0.52890625 0.45390625 0.0140625 0.0203125
1 0.34765625 0.346875 0.0109375 0.015625
1 0.3140625 0.3625 0.0109375 0.015625
1 0.4296875 0.4296875 0.0125 0.0171875
1 0.090625 0.4078125 0.0140625 0.015625
1 0.23828125 0.57578125 0.0171875 0.0234375
1 0.4 0.909375 0.0125 0.0140625
1 0.06953125 0.3890625 0.0140625 0.015625
2 0.2390625 0.21953125 0.096875 0.05625
1 0.65078125 0.36640625 0.0125 0.015625
1 0.54921875 0.453125 0.0140625 0.0203125
1 0.6125 0.44296875 0.0140625 0.01875
1 0.49921875 0.44453125 0.0140625 0.0171875
1 0.0890625 0.3359375 0.0125 0.0140625
1 0.38515625 0.334375 0.0125 0.0140625
1 0.16953125 0.30546875 0.0125 0.0140625
1 0.3984375 0.30703125 0.0109375 0.0140625
1 0.58125 0.4140625 0.0125 0.01875
1 0.44609375 0.44375 0.0140625 0.0171875
1 0.165625 0.45 0.0140625 0.01875
1 0.12265625 0.46796875 0.0140625 0.0203125
1 0.47578125 0.4546875 0.0140625 0.0171875
1 0.515625 0.47578125 0.0140625 0.0203125
1 0.546875 0.42265625 0.0140625 0.01875
1 0.5140625 0.6421875 0.0109375 0.015625
1 0.3796875 0.47265625 0.015625 0.0171875
1 0.56171875 0.3640625 0.0109375 0.0171875
1 0.05625 0.3953125 0.0109375 0.0140625
1 0.1359375 0.915625 0.015625 0.01875
3 0.78125 0.85078125 0.059375 0.06875
1 0.38359375 0.44375 0.0125 0.01875
1 0.1484375 0.384375 0.0140625 0.015625
1 0.27890625 0.8859375 0.0125 0.009375
1 0.48828125 0.30703125 0.0125 0.015625
1 0.45859375 0.609375 0.0171875 0.025
1 0.32421875 0.3375 0.0109375 0.0140625
1 0.9453125 0.903125 0.01875 0.0265625
1 0.83203125 0.25859375 0.0109375 0.0140625
1 0.396875 0.3546875 0.0109375 0.0140625
1 0.04921875 0.53671875 0.0171875 0.0203125
1 0.13046875 0.31953125 0.0078125 0.015625
1 0.28828125 0.9 0.0140625 0.0171875
1 0.24765625 0.9421875 0.01875 0.0234375
1 0.64375 0.33359375 0.0109375 0.0140625
1 0.4 0.2671875 0.009375 0.0125
1 0.05 0.4140625 0.0140625 0.015625
1 0.10703125 0.9140625 0.015625 0.01875
1 0.01796875 0.4640625 0.0140625 0.0171875
1 0.39296875 0.4484375 0.0125 0.0171875
1 0.8203125 0.29296875 0.0125 0.0125
1 0.08515625 0.303125 0.0109375 0.0109375
1 0.02109375 0.43359375 0.015625 0.0171875
1 0.1515625 0.57890625 0.0109375 0.0171875
1 0.67578125 0.534375 0.015625 0.021875
1 0.08203125 0.52578125 0.015625 0.021875
1 0.32734375 0.88828125 0.0078125 0.0125
1 0.190625 0.92890625 0.0171875 0.021875
1 0.37578125 0.33359375 0.0109375 0.0140625
1 0.09609375 0.321875 0.0125 0.015625
1 0.13359375 0.3015625 0.0140625 0.0125
1 0.2 0.96328125 0.021875 0.0328125
1 0.8875 0.3234375 0.0125 0.0140625
1 0.090625 0.915625 0.015625 0.0203125
1 0.09609375 0.9890625 0.0265625 0.021875
1 0.84765625 0.85859375 0.0109375 0.0125
1 0.4203125 0.38203125 0.0109375 0.0140625
1 0.1734375 0.27109375 0.0109375 0.0140625
1 0.325 0.45390625 0.0140625 0.01875
1 0.09765625 0.66328125 0.015625 0.0125
1 0.459375 0.446875 0.0140625 0.01875
1 0.7546875 0.5890625 0.015625 0.021875
1 0.74609375 0.63671875 0.0109375 0.0125
1 0.16328125 0.45 0.0140625 0.015625
1 0.11875 0.30390625 0.0125 0.0125
1 0.3375 0.265625 0.0109375 0.0125
1 0.88984375 0.2890625 0.0125 0.0125
1 0.5671875 0.340625 0.0125 0.015625
1 0.61953125 0.325 0.0125 0.0140625
1 0.91875 0.31640625 0.0140625 0.0140625
1 0.41015625 0.34609375 0.0125 0.0140625
1 0.6578125 0.3484375 0.0140625 0.015625
1 0.45859375 0.4296875 0.015625 0.015625
1 0.96875 0.90859375 0.0140625 0.021875
1 0.58046875 0.3609375 0.0140625 0.0140625
1 0.121875 0.28984375 0.0125 0.0140625
1 0.95078125 0.86015625 0.0140625 0.0140625
1 0.0046875 0.409375 0.009375 0.015625
1 0.66953125 0.3359375 0.0140625 0.0140625
3 0.12578125 0.87265625 0.0609375 0.0734375
1 0.58125 0.35703125 0.0109375 0.0125
1 0.54296875 0.3125 0.0140625 0.015625
1 0.48515625 0.2578125 0.0109375 0.0125
1 0.91015625 0.865625 0.0109375 0.0140625
1 0.378125 0.36796875 0.0125 0.0140625
1 0.084375 0.315625 0.0125 0.0109375
1 0.025 0.47578125 0.015625 0.0171875
1 0.28515625 0.87578125 0.009375 0.0109375
1 0.09296875 0.384375 0.015625 0.015625
1 0.61484375 0.328125 0.0109375 0.015625
1 0.12109375 0.3234375 0.015625 0.015625
1 0.0984375 0.3015625 0.0125 0.0140625
1 0.42109375 0.41640625 0.0109375 0.015625
1 0.665625 0.52890625 0.015625 0.021875
1 0.9015625 0.32265625 0.0125 0.015625
1 0.27578125 0.9484375 0.01875 0.0296875
1 0.06484375 0.98203125 0.0234375 0.0359375
1 0.9 0.30390625 0.0125 0.0140625
1 0.58359375 0.87109375 0.009375 0.0109375
1 0.65859375 0.35078125 0.009375 0.0125
1 0.13359375 0.31875 0.0140625 0.0140625
1 0.3703125 0.2703125 0.0109375 0.0125
1 0.73828125 0.6359375 0.0140625 0.0140625
1 0.3734375 0.46328125 0.0125 0.0171875
1 0.33828125 0.9109375 0.0125 0.0125
1 0.34375 0.89140625 0.0109375 0.0140625
1 0.4421875 0.26171875 0.0140625 0.0140625
1 0.05859375 0.40078125 0.015625 0.0171875
1 0.91875 0.86484375 0.009375 0.015625
1 0.37265625 0.4015625 0.0140625 0.0171875
1 0.39765625 0.42421875 0.0140625 0.0140625
1 0.1015625 0.28203125 0.0109375 0.0171875
1 0.18515625 0.88671875 0.009375 0.0125
1 0.5796875 0.85546875 0.009375 0.0125
1 0.865625 0.26328125 0.0109375 0.015625
1 0.92890625 0.31484375 0.0125 0.015625
1 0.121875 0.440625 0.015625 0.01875
1 0.6078125 0.3171875 0.0125 0.009375
1 0.47890625 0.88046875 0.0109375 0.0140625
1 0.85703125 0.28046875 0.0140625 0.0140625
1 0.51953125 0.64296875 0.009375 0.0125
1 0.59921875 0.30625 0.0109375 0.0125
1 0.19296875 0.90625 0.0140625 0.015625
1 0.09375 0.9453125 0.0125 0.0140625
1 0.125 0.9140625 0.015625 0.0203125
1 0.93671875 0.86328125 0.0109375 0.015625
1 0.0859375 0.53046875 0.015625 0.01875
1 0.9171875 0.30078125 0.0125 0.0140625
1 0.31796875 0.31953125 0.0125 0.0140625