2 0.7625 0.215625 0.08828125 0.0625
4 0.49296875 0.42734375 0.090625 0.10078125
2 0.246875 0.20859375 0.08984375 0.05546875
4 0.3734375 0.2671875 0.06875 0.0734375
3 0.37421875 0.36875 0.07578125 0.10234375
1 0.303125 0.4453125 0.01015625 0.01953125
1 0.278125 0.45390625 0.01015625 0.01796875
1 0.72265625 0.61640625 0.01328125 0.0203125
1 0.62734375 0.54921875 0.0125 0.02109375
1 0.703125 0.43203125 0.01015625 0.0171875
1 0.95859375 0.46328125 0.01171875 0.01796875
1 0.35078125 0.4546875 0.0109375 0.01875
1 0.59765625 0.37109375 0.009375 0.01484375
1 0.684375 0.88203125 0.009375 0.01640625
1 0.00546875 0.48828125 0.01015625 0.0203125
1 0.78515625 0.58359375 0.0125 0.02265625
1 0.45703125 0.5859375 0.01328125 0.02421875
3 0.56796875 0.27578125 0.053125 0.08046875
1 0.6578125 0.371875 0.009375 0.015625
1 0.57578125 0.596875 0.01328125 0.0234375
1 0.79375 0.9609375 0.01796875 0.03125
1 0.87421875 0.41640625 0.01015625 0.01640625
1 0.034375 0.41640625 0.0109375 0.0171875
1 0.38671875 0.41953125 0.01015625 0.01640625
1 0.87265625 0.38984375 0.01015625 0.01640625
1 0.2453125 0.43671875 0.01015625 0.0203125
3 0.27890625 0.58046875 0.07890625 0.08046875
1 0.1546875 0.35859375 0.009375 0.01640625
1 0.0671875 0.39765625 0.0109375 0.0171875
1 0.7703125 0.87109375 0.00703125 0.01328125
1 0.16171875 0.30703125 0.00859375 0.0140625
1 0.13515625 0.446875 0.0109375 0.01875
1 0.346875 0.8890625 0.00859375 0.01484375
1 0.3734375 0.903125 0.0109375 0.01484375
1 0.2734375 0.878125 0.00859375 0.0140625
1 0.94453125 0.440625 0.0109375 0.0171875
1 0.61484375 0.60546875 0.01171875 0.0234375
1 0.25625 0.890625 0.00859375 0.015625
1 0.2953125 0.8828125 0.0078125 0.01484375
1 0.65546875 0.40703125 0.00859375 0.0171875
1 0.75625 0.896875 0.01015625 0.01875
1 0.1296875 0.3296875 0.0078125 0.01328125
1 0.5515625 0.4171875 0.01015625 0.0171875
1 0.42421875 0.3296875 0.0078125 0.01328125
1 0.634375 0.38671875 0.009375 0.0171875
1 0.19296875 0.3296875 0.00625 0.0140625
1 0.56484375 0.37421875 0.009375 0.01640625
1 0.56328125 0.5578125 0.01171875 0.02265625
1 0.9015625 0.40703125 0.01015625 0.01640625
1 0.66328125 0.46484375 0.0109375 0.01875
1 0.5484375 0.34140625 0.00859375 0.0140625
1 0.93671875 0.41875 0.0109375 0.0140625
1 0.1140625 0.50078125 0.0109375 0.01875
1 0.1171875 0.34140625 0.00859375 0.01484375
1 0.06484375 0.35625 0.009375 0.01640625
1 0.3359375 0.33125 0.00859375 0.0140625
1 0.98046875 0.43984375 0.0109375 0.0171875
1 0.57578125 0.34375 0.00859375 0.01484375
1 0.48125 0.28125 0.00703125 0.01328125
1 0.14921875 0.890625 0.009375 0.0171875
1 0.59921875 0.31640625 0.009375 0.0140625
1 0.78203125 0.928125 0.0140625 0.02421875
1 0.53125 0.340625 0.00859375 0.01484375
1 0.67109375 0.4046875 0.01015625 0.0140625
1 0.90078125 0.378125 0.009375 0.015625
1 0.33515625 0.36015625 0.0078125 0.015625
1 0.93359375 0.43359375 0.0109375 0.015625
1 0.546875 0.64453125 0.01171875 0.01328125
1 0.5296875 0.28046875 0.00625 0.0125
1 0.5171875 0.29765625 0.0078125 0.0140625
1 0.10859375 0.2890625 0.0078125 0.01328125
1 0.0546875 0.40546875 0.0109375 0.01640625
1 0.54765625 0.32734375 0.00859375 0.0125
1 0.1046875 0.33671875 0.00859375 0.01484375
1 0.17421875 0.42578125 0.0109375 0.01796875
1 0.65625 0.31796875 0.0078125 0.01328125
1 0.259375 0.64921875 0.0109375 0.01171875
1 0.5109375 0.61875 0.0109375 0.01484375
1 0.6078125 0.30546875 0.0078125 0.0140625
1 0.1640625 0.3328125 0.009375 0.0140625
1 0.42734375 0.39296875 0.01015625 0.01640625
1 0.06484375 0.975 0.01953125 0.0359375
1 0.7859375 0.8921875 0.01015625 0.01640625
1 0.43515625 0.25625 0.00703125 0.0125
1 0.67265625 0.3890625 0.009375 0.01328125
1 0.64921875 0.28125 0.00859375 0.01171875
1 0.315625 0.3859375 0.01015625 0.01640625
1 0.2296875 0.88359375 0.00859375 0.0140625
1 0.55390625 0.35859375 0.0109375 0.0171875
1 0.83125 0.6484375 0.00859375 0.01015625
1 0.79765625 0.91796875 0.01328125 0.02265625
1 0.65546875 0.28984375 0.00703125 0.0125
1 0.6171875 0.275 0.00703125 0.01328125
1 0.3359375 0.31640625 0.009375 0.0140625
1 0.1921875 0.915625 0.0140625 0.0234375
1 0.83515625 0.99140625 0.01875 0.01640625
1 0.1234375 0.30625 0.01015625 0.01328125
1 0.3375 0.88671875 0.00859375 0.0171875
1 0.92734375 0.3890625 0.01015625 0.01640625
1 0.85234375 0.28125 0.00703125 0.0125
1 0.90234375 0.28984375 0.00859375 0.01484375
1 0.83046875 0.90546875 0.0109375 0.01875
1 0.20546875 0.909375 0.01640625 0.02109375
1 0.803125 0.8953125 0.009375 0.0125
1 0.34609375 0.30078125 0.01015625 0.0171875
1 0.8234375 0.95390625 0.01484375 0.0265625
1 0.05 0.990625 0.01796875 0.01640625
1 0.0578125 0.3421875 0.00859375 0.0140625
1 0.45078125 0.88359375 0.01015625 0.01640625
1 0.06328125 0.93359375 0.01484375 0.02890625
4 0.3609375 0.56328125 0.075 0.16640625
1 0.69296875 0.41796875 0.01015625 0.0171875
0 0.57421875 0.98984375 0.0171875 0.01953125
1 0.653125 0.27109375 0.0078125 0.01171875
1 0.93984375 0.390625 0.009375 0.015625
1 0.52109375 0.32265625 0.00859375 0.01328125
4 0.58359375 0.8265625 0.0375 0.03203125
1 0.6015625 0.35546875 0.009375 0.0125
1 0.5328125 0.32578125 0.0078125 0.0125
1 0.990625 0.43125 0.0109375 0.01484375
1 0.6703125 0.36796875 0.009375 0.0125
1 0.8578125 0.975 0.01953125 0.0375
1 0.68046875 0.40859375 0.01015625 0.015625
1 0.0953125 0.29140625 0.00859375 0.01640625
1 0.4796875 0.8921875 0.00703125 0.0109375
1 0.8265625 0.26875 0.009375 0.0125
1 0.67734375 0.378125 0.00859375 0.0125
1 0.1734375 0.2609375 0.009375 0.01171875
1 0.6640625 0.32578125 0.00859375 0.01328125
1 0.946875 0.403125 0.01171875 0.0140625
0 0.55078125 0.98984375 0.0203125 0.01953125
1 0.190625 0.88671875 0.01015625 0.01640625
1 0.9671875 0.4265625 0.01328125 0.0203125
1 0.53671875 0.25859375 0.00703125 0.0125
1 0.1203125 0.8859375 0.009375 0.01640625
1 0.9484375 0.4203125 0.0125 0.015625
1 0.7046875 0.85078125 0.00546875 0.00859375
1 0.86484375 0.2765625 0.01015625 0.0140625
1 0.76171875 0.99453125 0.01640625 0.009375
1 0.21015625 0.86796875 0.00703125 0.01015625
1 0.69375 0.40546875 0.009375 0.01171875
1 0.69296875 0.38046875 0.01015625 0.01328125
1 0.94296875 0.3765625 0.0109375 0.01328125
1 0.88125 0.28046875 0.0078125 0.01328125
1 0.959375 0.403125 0.0109375 0.01484375
1 0.93515625 0.40234375 0.0109375 0.0140625
1 0.8328125 0.934375 0.01328125 0.01875
1 0.46953125 0.89140625 0.00859375 0.01171875
1 0.0296875 0.35078125 0.00703125 0.0125
1 0.81328125 0.6453125 0.01171875 0.01171875
1 0.81328125 0.62578125 0.01015625 0.009375
1 0.6703125 0.34140625 0.009375 0.0125
1 0.48203125 0.88203125 0.0078125 0.0125
1 0.99609375 0.4671875 0.0078125 0.0125
1 0.5984375 0.87109375 0.0078125 0.01015625
1 0.35703125 0.321875 0.009375 0.01484375
1 0.88203125 0.9390625 0.015625 0.02265625
1 0.678125 0.365625 0.00859375 0.0125
1 0.6921875 0.3921875 0.0109375 0.0140625
1 0.3453125 0.32421875 0.01015625 0.0140625
1 0.55234375 0.86875 0.00703125 0.0109375
1 0.9296875 0.88203125 0.00703125 0.0125
1 0.04375 0.32890625 0.009375 0.0140625
1 0.35546875 0.48671875 0.0109375 0.01640625
4 0.72890625 0.0046875 0.0640625 0.009375
1 0.89453125 0.86640625 0.00625 0.01015625
1 0.959375 0.38203125 0.0109375 0.0140625
1 0.2375 0.87578125 0.01015625 0.0125
1 0.634375 0.27578125 0.01015625 0.01328125
1 0.12578125 0.2625 0.00859375 0.0125