4 0.60625 0.2796875 0.0828125 0.0703125
4 0.828125 0.34765625 0.0859375 0.08125
2 0.21015625 0.2390625 0.1078125 0.0671875
3 0.446875 0.34296875 0.0953125 0.090625
4 0.78671875 0.821875 0.0890625 0.075
1 0.56484375 0.475 0.028125 0.021875
1 0.615625 0.48359375 0.028125 0.021875
1 0.3375 0.47734375 0.028125 0.0203125
1 0.53046875 0.35 0.025 0.015625
2 0.73203125 0.209375 0.1109375 0.0578125
1 0.1640625 0.47109375 0.028125 0.0203125
1 0.178125 0.59609375 0.0296875 0.025
1 0.28046875 0.446875 0.028125 0.01875
1 0.58515625 0.878125 0.0265625 0.021875
1 0.61796875 0.39453125 0.0265625 0.01875
1 0.2640625 0.5484375 0.0296875 0.025
1 0.8078125 0.8578125 0.0265625 0.01875
1 0.58671875 0.42421875 0.0265625 0.01875
1 0.334375 0.4453125 0.0265625 0.01875
1 0.63515625 0.87890625 0.028125 0.0234375
1 0.37265625 0.4171875 0.0265625 0.01875
1 0.36796875 0.453125 0.0265625 0.0203125
1 0.4515625 0.90078125 0.0296875 0.025
3 0.6890625 0.45703125 0.1234375 0.1078125
1 0.19296875 0.91640625 0.028125 0.0234375
1 0.38515625 0.4953125 0.028125 0.021875
1 0.01171875 0.46015625 0.0234375 0.0203125
1 0.39375 0.38984375 0.0265625 0.0171875
1 0.61015625 0.43984375 0.0265625 0.01875
1 0.63359375 0.39140625 0.0265625 0.0171875
1 0.375 0.3671875 0.025 0.0171875
0 0.9640625 0.7640625 0.0375 0.0421875
1 0.7421875 0.49140625 0.028125 0.021875
1 0.0328125 0.54375 0.0296875 0.025
1 0.39375 0.40859375 0.0265625 0.0171875
1 0.3015625 0.53671875 0.028125 0.0234375
1 0.96640625 0.4015625 0.0265625 0.01875
1 0.15546875 0.3546875 0.025 0.015625
1 0.3328125 0.5546875 0.028125 0.021875
1 0.2828125 0.55390625 0.0296875 0.0234375
1 0.40078125 0.8828125 0.028125 0.0203125
1 0.05390625 0.3578125 0.0265625 0.015625
1 0.3015625 0.40703125 0.025 0.01875
1 0.34453125 0.5640625 0.0296875 0.025
1 0.41171875 0.384375 0.0265625 0.015625
1 0.6421875 0.34765625 0.0265625 0.0171875
1 0.5875 0.475 0.028125 0.021875
1 0.4359375 0.41953125 0.0265625 0.01875
1 0.840625 0.6203125 0.03125 0.0203125
1 0.609375 0.3484375 0.025 0.0171875
0 0.2515625 0.24375 0.025 0.015625
1 0.540625 0.3875 0.0265625 0.0171875
1 0.328125 0.41953125 0.0265625 0.01875
1 0.01328125 0.51953125 0.0265625 0.0234375
1 0.50703125 0.32890625 0.0234375 0.0140625
1 0.328125 0.35390625 0.0265625 0.015625
1 0.6703125 0.396875 0.0265625 0.0171875
1 0.0828125 0.34765625 0.025 0.0140625
1 0.5109375 0.353125 0.025 0.015625
1 0.7390625 0.840625 0.025 0.015625
1 0.4296875 0.44296875 0.0265625 0.01875
1 0.68125 0.3203125 0.0265625 0.0171875
1 0.42890625 0.38671875 0.025 0.0171875
1 0.48203125 0.4 0.0265625 0.0171875
1 0.42109375 0.43046875 0.0265625 0.01875
1 0.88125 0.38828125 0.0265625 0.01875
1 0.71640625 0.50390625 0.0265625 0.0171875
1 0.29453125 0.86640625 0.0234375 0.0140625
1 0.48515625 0.371875 0.025 0.015625
1 0.315625 0.30390625 0.025 0.0140625
1 0.82734375 0.2828125 0.0234375 0.0140625
1 0.53203125 0.321875 0.0234375 0.015625
1 0.2671875 0.5203125 0.028125 0.01875
1 0.60859375 0.46015625 0.028125 0.01875
1 0.36875 0.38828125 0.028125 0.0171875
1 0.3453125 0.4078125 0.0265625 0.0203125
1 0.675 0.38359375 0.025 0.015625
1 0.78828125 0.9515625 0.040625 0.040625
1 0.31796875 0.91875 0.028125 0.0140625
1 0.56328125 0.296875 0.025 0.0140625
1 0.6578125 0.35859375 0.025 0.015625
1 0.8453125 0.29765625 0.025 0.0140625
1 0.90859375 0.35546875 0.028125 0.0203125
1 0.56328125 0.62109375 0.03125 0.0265625
1 0.80859375 0.94375 0.0375 0.0390625
1 0.40234375 0.91171875 0.0296875 0.0140625
1 0.25078125 0.85703125 0.0265625 0.015625
1 0.3125 0.36171875 0.025 0.015625
1 0.0953125 0.328125 0.0234375 0.015625
1 0.66015625 0.4078125 0.0265625 0.0140625
1 0.290625 0.52890625 0.028125 0.021875
1 0.4625 0.38515625 0.025 0.015625
1 0.63359375 0.46953125 0.0265625 0.0171875
1 0.32890625 0.33984375 0.025 0.0140625
1 0.28046875 0.51796875 0.028125 0.01875
1 0.175 0.94609375 0.0328125 0.03125
1 0.090625 0.9046875 0.0265625 0.01875
1 0.50703125 0.8953125 0.03125 0.025
1 0.565625 0.33046875 0.0234375 0.015625
1 0.54453125 0.36484375 0.0234375 0.0125
1 0.628125 0.33359375 0.0265625 0.01875
1 0.075 0.9640625 0.0328125 0.03125
1 0.36796875 0.2890625 0.0234375 0.0140625
1 0.5765625 0.3015625 0.0265625 0.0140625
1 0.6734375 0.37109375 0.0234375 0.015625
1 0.38046875 0.4015625 0.028125 0.0171875
1 0.40625 0.3359375 0.0234375 0.0140625
1 0.45234375 0.84140625 0.0265625 0.0171875
1 0.56484375 0.85 0.0234375 0.0125
1 0.92109375 0.3515625 0.025 0.015625
1 0.35546875 0.33125 0.025 0.0171875
1 0.31171875 0.346875 0.025 0.015625
1 0.471875 0.3921875 0.025 0.015625
1 0.41875 0.30078125 0.0234375 0.0140625
1 0.54609375 0.3765625 0.025 0.0140625
1 0.63984375 0.3109375 0.0265625 0.015625
1 0.18125 0.86640625 0.025 0.0140625
1 0.31875 0.33984375 0.025 0.0140625
4 0.5875 0.81484375 0.08125 0.075
1 0.4796875 0.3859375 0.0265625 0.015625
1 0.39609375 0.32734375 0.025 0.015625
1 0.61875 0.46015625 0.0265625 0.0203125
1 0.5046875 0.29453125 0.0234375 0.0140625
1 0.59375 0.44921875 0.0265625 0.015625
1 0.8640625 0.815625 0.021875 0.0125
1 0.35859375 0.315625 0.0234375 0.0125
1 0.79609375 0.28828125 0.0234375 0.015625
1 0.553125 0.31796875 0.021875 0.0125
1 0.80234375 0.56796875 0.0265625 0.0140625
1 0.2703125 0.865625 0.0234375 0.0140625
1 0.565625 0.8390625 0.0265625 0.0171875
1 0.334375 0.32578125 0.025 0.0140625
1 0.54375 0.2921875 0.0234375 0.0140625
1 0.83828125 0.82578125 0.0265625 0.0140625
1 0.303125 0.353125 0.025 0.015625
1 0.86171875 0.29453125 0.028125 0.015625
1 0.665625 0.3671875 0.028125 0.015625
1 0.28515625 0.8578125 0.025 0.015625
1 0.34453125 0.33203125 0.025 0.0140625
1 0.0875 0.32890625 0.028125 0.015625
1 0.1390625 0.95703125 0.03125 0.028125
1 0.85 0.284375 0.025 0.0140625
1 0.8421875 0.95703125 0.040625 0.0375
1 0.534375 0.29453125 0.025 0.0125
1 0.63203125 0.24296875 0.025 0.0140625
1 0.43828125 0.2734375 0.025 0.0140625
1 0.11171875 0.95703125 0.0296875 0.028125
1 0.3453125 0.8453125 0.021875 0.0125
1 0.09765625 0.8828125 0.0234375 0.0125
1 0.3875 0.33203125 0.028125 0.015625
1 0.63984375 0.61640625 0.0265625 0.0203125
1 0.65703125 0.28515625 0.021875 0.0109375
1 0.12578125 0.965625 0.034375 0.0265625
1 0.465625 0.8484375 0.0265625 0.0171875
1 0.646875 0.44296875 0.0265625 0.0171875