3 0.89921875 0.29296875 0.0609375 0.07578125
2 0.7703125 0.21875 0.0875 0.06015625
3 0.79140625 0.83671875 0.05546875 0.0578125
3 0.55 0.33125 0.065625 0.08046875
1 0.94296875 0.421875 0.01015625 0.0171875
4 0.125 0.30390625 0.05859375 0.06640625
1 0.44375 0.553125 0.0125 0.0234375
1 0.12734375 0.4296875 0.01015625 0.01640625
1 0.87109375 0.41015625 0.01015625 0.01640625
1 0.51875 0.89140625 0.0125 0.021875
2 0.25 0.22578125 0.08984375 0.0484375
1 0.6453125 0.575 0.0140625 0.02421875
1 0.39609375 0.43203125 0.009375 0.0171875
1 0.61796875 0.43125 0.01015625 0.0171875
1 0.771875 0.5765625 0.0140625 0.0203125
1 0.63203125 0.54609375 0.01328125 0.02265625
1 0.60625 0.88828125 0.01171875 0.0234375
1 0.790625 0.5921875 0.01171875 0.015625
1 0.93125 0.39453125 0.01015625 0.015625
1 0.64765625 0.4390625 0.0109375 0.01796875
1 0.67734375 0.4515625 0.01015625 0.0171875
1 0.471875 0.446875 0.01015625 0.01875
1 0.12109375 0.359375 0.00859375 0.01484375
1 0.86875 0.37890625 0.009375 0.01484375
1 0.30078125 0.44921875 0.0109375 0.01875
1 0.3515625 0.4734375 0.0109375 0.01953125
1 0.74453125 0.5703125 0.0109375 0.01796875
1 0.6828125 0.54375 0.01015625 0.02109375
1 0.44765625 0.47734375 0.0109375 0.01953125
1 0.26953125 0.878125 0.01015625 0.0171875
4 0.10703125 0.8265625 0.04375 0.04921875
1 0.54375 0.47109375 0.0109375 0.01953125
1 0.60703125 0.34140625 0.0078125 0.01328125
1 0.68125 0.8828125 0.01171875 0.01796875
1 0.07109375 0.390625 0.009375 0.01484375
1 0.36796875 0.396875 0.00859375 0.01640625
1 0.3375 0.87734375 0.0109375 0.0171875
1 0.9265625 0.44453125 0.0109375 0.01796875
1 0.66796875 0.421875 0.01015625 0.0171875
1 0.2125 0.88203125 0.0109375 0.01953125
1 0.6671875 0.3296875 0.00703125 0.0125
0 0.8421875 0.11484375 0.0125 0.01953125
1 0.3328125 0.38046875 0.00859375 0.01484375
1 0.38125 0.37421875 0.009375 0.015625
1 0.309375 0.865625 0.009375 0.015625
1 0.8359375 0.42265625 0.01015625 0.0171875
1 0.184375 0.584375 0.0109375 0.0140625
3 0.784375 0.92734375 0.109375 0.12578125
1 0.503125 0.46015625 0.009375 0.0140625
1 0.8609375 0.31328125 0.0078125 0.0140625
1 0.16171875 0.45 0.0109375 0.0171875
1 0.75625 0.540625 0.01171875 0.01796875
1 0.328125 0.4 0.009375 0.015625
1 0.8125 0.4328125 0.009375 0.015625
1 0.55078125 0.4015625 0.0109375 0.01640625
1 0.35 0.39921875 0.01015625 0.015625
1 0.70234375 0.45078125 0.01015625 0.0140625
1 0.4578125 0.33046875 0.0078125 0.01328125
1 0.89765625 0.4390625 0.01171875 0.01796875
1 0.70078125 0.35234375 0.01015625 0.01484375
1 0.64375 0.8859375 0.01171875 0.01875
1 0.5765625 0.39453125 0.00703125 0.015625
1 0.309375 0.39921875 0.009375 0.01640625
1 0.8578125 0.59453125 0.0125 0.015625
0 0.91640625 0.03125 0.01484375 0.0234375
1 0.61328125 0.40546875 0.009375 0.01484375
1 0.40625 0.34921875 0.00859375 0.0140625
1 0.090625 0.4265625 0.01015625 0.01640625
1 0.8828125 0.42734375 0.01171875 0.01796875
1 0.6328125 0.63359375 0.0140625 0.0203125
1 0.378125 0.3546875 0.00859375 0.0140625
1 0.59296875 0.3421875 0.0078125 0.0125
1 0.68359375 0.37421875 0.00703125 0.0140625
1 0.70078125 0.41796875 0.0109375 0.015625
1 0.74453125 0.61640625 0.01015625 0.01640625
1 0.6546875 0.39375 0.01015625 0.015625
1 0.4015625 0.39375 0.0078125 0.0109375
1 0.98828125 0.40859375 0.0109375 0.01640625
1 0.71953125 0.34375 0.00859375 0.01484375
1 0.5828125 0.38515625 0.00859375 0.01640625
1 0.19765625 0.40703125 0.01015625 0.015625
1 0.38203125 0.3171875 0.00703125 0.0125
1 0.10625 0.86875 0.009375 0.015625
1 0.53828125 0.4078125 0.0109375 0.0171875
1 0.42890625 0.43046875 0.00859375 0.0140625
1 0.7765625 0.56171875 0.01171875 0.01640625
1 0.42421875 0.340625 0.00703125 0.01328125
1 0.13125 0.86953125 0.01015625 0.015625
1 0.834375 0.6453125 0.0125 0.01328125
1 0.62578125 0.35390625 0.00859375 0.01328125
1 0.1328125 0.83984375 0.00703125 0.0109375
1 0.63984375 0.86875 0.0109375 0.01796875
1 0.165625 0.4375 0.00859375 0.0140625
1 0.6765625 0.86875 0.0078125 0.0125
1 0.62890625 0.3828125 0.00859375 0.01171875
1 0.0765625 0.375 0.00703125 0.0140625
1 0.6984375 0.37734375 0.01015625 0.01328125
1 0.171875 0.31875 0.00859375 0.01328125
1 0.74453125 0.51796875 0.00859375 0.0140625
4 0.4421875 0.821875 0.0453125 0.046875
1 0.32578125 0.87578125 0.0109375 0.01796875
1 0.11953125 0.8671875 0.009375 0.015625
1 0.6296875 0.3984375 0.00859375 0.015625
1 0.61484375 0.38984375 0.00859375 0.01328125
1 0.75703125 0.51875 0.009375 0.01484375
1 0.67890625 0.41484375 0.0109375 0.01640625
1 0.70625 0.32578125 0.0078125 0.0140625
1 0.66640625 0.39609375 0.01015625 0.01484375
1 0.70703125 0.44140625 0.00703125 0.01015625
1 0.61328125 0.37734375 0.009375 0.01328125
1 0.6578125 0.37578125 0.009375 0.01640625
1 0.64921875 0.37109375 0.00859375 0.0140625
1 0.6328125 0.37109375 0.01015625 0.01328125
1 0.459375 0.84140625 0.0078125 0.01171875
1 0.49375 0.3046875 0.00703125 0.01171875
1 0.0921875 0.33984375 0.0078125 0.01171875
1 0.49609375 0.3375 0.00859375 0.0140625
1 0.62265625 0.34140625 0.009375 0.01328125
1 0.6796875 0.3875 0.00859375 0.0125
1 0.6171875 0.35390625 0.0078125 0.0125
1 0.06640625 0.38125 0.0078125 0.01171875
1 0.81484375 0.640625 0.0109375 0.02109375
1 0.359375 0.29921875 0.009375 0.01171875
1 0.93359375 0.33125 0.01015625 0.01640625
1 0.83515625 0.62109375 0.0140625 0.02109375
1 0.74140625 0.8375 0.00546875 0.0109375
1 0.4796875 0.3390625 0.00625 0.009375
1 0.69453125 0.4 0.009375 0.01484375
1 0.4328125 0.85078125 0.00625 0.009375
1 0.67734375 0.83125 0.00625 0.0109375
1 0.05 0.36796875 0.01015625 0.01328125
3 0.83046875 0.33515625 0.02578125 0.034375
1 0.43515625 0.31640625 0.0078125 0.01484375
1 0.55859375 0.8484375 0.0078125 0.01171875
1 0.24921875 0.9875 0.02421875 0.0234375
1 0.7859375 0.8640625 0.0046875 0.0109375
1 0.5390625 0.51484375 0.00546875 0.0125
1 0.1875 0.30703125 0.00859375 0.01328125
1 0.47890625 0.29765625 0.00703125 0.01171875
1 0.97890625 0.3640625 0.01171875 0.01875
1 0.9953125 0.37109375 0.00859375 0.01640625
1 0.22109375 0.83984375 0.0078125 0.01015625
1 0.571875 0.7796875 0.0078125 0.0140625
1 0.1578125 0.83984375 0.00546875 0.01015625
1 0.20390625 0.83984375 0.0078125 0.00859375
1 0.42890625 0.31640625 0.0078125 0.0125
1 0.46875 0.84140625 0.00703125 0.01171875
1 0.8453125 0.30546875 0.009375 0.01484375
1 0.4296875 0.8390625 0.00546875 0.009375
1 0.51640625 0.33984375 0.00703125 0.0109375
1 0.415625 0.84609375 0.00625 0.01171875
1 0.75859375 0.846875 0.00546875 0.01015625
1 0.5453125 0.8484375 0.00703125 0.01171875
1 0.53984375 0.3921875 0.00859375 0.0109375
1 0.2328125 0.8421875 0.0078125 0.01171875
1 0.5375 0.84609375 0.009375 0.0140625
1 0.5625 0.54140625 0.00625 0.01171875
0 0.8125 0.7484375 0.0609375 0.0890625
1 0.94296875 0.33671875 0.00859375 0.0140625
1 0.3984375 0.30625 0.0109375 0.01171875
1 0.4078125 0.3015625 0.00859375 0.0140625
1 0.859375 0.615625 0.0140625 0.02109375
1 0.09375 0.85 0.01015625 0.0140625
1 0.09296875 0.32890625 0.00703125 0.0109375
1 0.63984375 0.39375 0.0109375 0.015625
1 0.64921875 0.35703125 0.009375 0.01171875
1 0.53125 0.8140625 0.00703125 0.01171875
1 0.07734375 0.85390625 0.00859375 0.01328125
1 0.6140625 0.36640625 0.00859375 0.0109375
0 0.82265625 0.246875 0.0078125 0.01484375
1 0.56796875 0.84921875 0.00625 0.01015625
4 0.4671875 0.3859375 0.06953125 0.09453125