2 0.74375 0.196875 0.0953125 0.0671875
4 0.5859375 0.303125 0.078125 0.0828125
3 0.7921875 0.80390625 0.0578125 0.0546875
3 0.3125 0.85078125 0.0546875 0.0625
1 0.6546875 0.86015625 0.015625 0.0203125
1 0.28984375 0.4515625 0.015625 0.01875
1 0.7078125 0.475 0.0171875 0.021875
3 0.034375 0.484375 0.06875 0.103125
1 0.75625 0.51171875 0.0171875 0.0234375
1 0.78359375 0.5359375 0.01875 0.0234375
1 0.62109375 0.409375 0.0140625 0.0171875
3 0.24921875 0.896875 0.134375 0.134375
0 0.20625 0.2546875 0.0125 0.015625
1 0.0984375 0.5671875 0.01875 0.0234375
1 0.33515625 0.43203125 0.0125 0.0171875
1 0.8171875 0.41875 0.015625 0.0203125
1 0.39765625 0.45 0.0140625 0.01875
0 0.209375 0.23203125 0.0140625 0.0171875
1 0.74453125 0.53203125 0.01875 0.0234375
1 0.603125 0.44453125 0.0140625 0.0125
1 0.86953125 0.3015625 0.0125 0.0140625
1 0.3328125 0.9171875 0.0171875 0.0171875
1 0.94453125 0.4421875 0.0171875 0.0203125
1 0.9859375 0.4171875 0.01875 0.0203125
1 0.459375 0.90390625 0.01875 0.0234375
1 0.8265625 0.83125 0.0125 0.015625
1 0.05703125 0.5265625 0.0171875 0.021875
0 0.003125 0.2953125 0.00625 0.021875
1 0.5171875 0.8921875 0.0171875 0.0234375
1 0.4796875 0.43984375 0.015625 0.0203125
1 0.35078125 0.40625 0.0140625 0.0140625
1 0.59921875 0.4234375 0.0125 0.0171875
1 0.69765625 0.8546875 0.0140625 0.01875
1 0.15859375 0.4109375 0.0125 0.015625
1 0.31484375 0.4140625 0.0125 0.015625
1 0.07109375 0.49921875 0.015625 0.0203125
1 0.7265625 0.88046875 0.01875 0.0203125
1 0.8546875 0.8609375 0.0171875 0.021875
0 0.140625 0.14453125 0.015625 0.01875
1 0.3109375 0.46796875 0.0140625 0.0171875
1 0.8015625 0.8828125 0.0203125 0.0265625
1 0.88359375 0.3171875 0.0140625 0.0171875
1 0.71484375 0.853125 0.0140625 0.01875
1 0.36484375 0.4109375 0.0140625 0.015625
1 0.82890625 0.3015625 0.0125 0.0140625
0 0.16484375 0.1765625 0.015625 0.01875
1 0.54296875 0.31796875 0.0125 0.0140625
1 0.6875 0.38828125 0.0140625 0.0171875
1 0.85390625 0.84140625 0.015625 0.015625
1 0.05 0.559375 0.0125 0.0171875
4 0.4578125 0.82109375 0.0375 0.034375
1 0.36875 0.39765625 0.0140625 0.0171875
3 0.32734375 0.30546875 0.0640625 0.0640625
1 0.58125 0.38046875 0.0140625 0.0171875
1 0.54296875 0.40078125 0.0140625 0.01875
1 0.9046875 0.896875 0.0234375 0.0296875
1 0.1078125 0.471875 0.0140625 0.01875
1 0.46953125 0.4 0.0140625 0.0171875
1 0.671875 0.40625 0.0140625 0.015625
1 0.6640625 0.39375 0.0125 0.015625
1 0.86796875 0.8578125 0.0171875 0.0203125
1 0.96171875 0.38203125 0.0171875 0.0203125
1 0.8640625 0.82109375 0.0125 0.0125
1 0.83984375 0.3296875 0.0125 0.015625
1 0.61875 0.33828125 0.0125 0.015625
1 0.5734375 0.88046875 0.015625 0.021875
1 0.90390625 0.35 0.0140625 0.01875
1 0.2921875 0.32578125 0.0125 0.015625
1 0.9234375 0.33828125 0.015625 0.0171875
1 0.9875 0.38203125 0.0109375 0.015625
1 0.73359375 0.8390625 0.0125 0.0140625
1 0.11953125 0.39765625 0.0125 0.0140625
1 0.67421875 0.85703125 0.0171875 0.0203125
1 0.45 0.3296875 0.0109375 0.0140625
1 0.928125 0.84375 0.0140625 0.0171875
1 0.34296875 0.39609375 0.0109375 0.0140625
1 0.08671875 0.43203125 0.0125 0.0140625
1 0.65078125 0.3703125 0.0140625 0.015625
1 0.2171875 0.609375 0.015625 0.015625
1 0.5015625 0.33515625 0.0125 0.0140625
1 0.959375 0.3484375 0.015625 0.0171875
1 0.50078125 0.35859375 0.0140625 0.0140625
1 0.83203125 0.38984375 0.0140625 0.01875
1 0.43828125 0.375 0.0140625 0.015625
0 0.19453125 0.18046875 0.015625 0.01875
1 0.4953125 0.3875 0.0125 0.015625
1 0.8484375 0.28359375 0.0125 0.0140625
1 0.17421875 0.33671875 0.0109375 0.0125
1 0.70859375 0.8828125 0.0171875 0.01875
1 0.63359375 0.33515625 0.0140625 0.0171875
1 0.74453125 0.625 0.015625 0.0140625
1 0.43203125 0.44296875 0.0140625 0.01875
1 0.63203125 0.5390625 0.0140625 0.0140625
1 0.15703125 0.89921875 0.015625 0.0171875
1 0.13359375 0.89921875 0.0140625 0.015625
1 0.99375 0.60078125 0.0125 0.0203125
1 0.3921875 0.31484375 0.0140625 0.0140625
1 0.8359375 0.28671875 0.0125 0.0140625
0 0.0390625 0.1609375 0.01875 0.021875
1 0.8203125 0.2703125 0.0125 0.0125
1 0.084375 0.45703125 0.015625 0.0171875
1 0.83984375 0.81328125 0.0109375 0.0109375
1 0.98046875 0.365625 0.015625 0.0171875
0 0.24921875 0.240625 0.0125 0.015625
1 0.56328125 0.625 0.0140625 0.0171875
1 0.51640625 0.3734375 0.015625 0.0171875
1 0.7640625 0.81953125 0.0140625 0.0125
1 0.91484375 0.8640625 0.01875 0.0234375
1 0.0453125 0.4203125 0.0140625 0.0140625
1 0.93671875 0.42578125 0.0125 0.0140625
1 0.81953125 0.3921875 0.0125 0.0171875
1 0.6671875 0.36484375 0.0125 0.015625
1 0.36796875 0.3 0.0125 0.0125
1 0.05703125 0.42734375 0.0140625 0.015625
1 0.1921875 0.634375 0.0171875 0.015625
1 0.09609375 0.45859375 0.015625 0.015625
1 0.60078125 0.8390625 0.0125 0.0109375
1 0.68125 0.3765625 0.0125 0.0125
1 0.41328125 0.37890625 0.0109375 0.0109375
1 0.6265625 0.3234375 0.0125 0.0140625
0 0.18671875 0.82109375 0.0140625 0.01875
1 0.88125 0.83203125 0.0125 0.0140625
1 0.4515625 0.3953125 0.0140625 0.0140625
1 0.26328125 0.565625 0.0109375 0.0140625
1 0.6515625 0.3453125 0.0140625 0.0140625
1 0.93125 0.32109375 0.015625 0.01875
1 0.8859375 0.8859375 0.0171875 0.021875
1 0.55 0.88671875 0.015625 0.021875
1 0.134375 0.34140625 0.0109375 0.0125
1 0.06875 0.3765625 0.0125 0.0125
1 0.5828125 0.834375 0.0109375 0.0125
1 0.925 0.29765625 0.0125 0.0140625
1 0.80390625 0.4078125 0.0140625 0.0171875
0 0.9515625 0.17578125 0.0125 0.0140625
1 0.88671875 0.85703125 0.015625 0.0140625
1 0.5546875 0.640625 0.015625 0.0140625
1 0.81171875 0.52890625 0.0125 0.0140625
1 0.76953125 0.8234375 0.0109375 0.0125
2 0.22890625 0.2453125 0.0921875 0.0609375
1 0.52265625 0.296875 0.0125 0.0125
1 0.8171875 0.40390625 0.015625 0.015625
1 0.91796875 0.31171875 0.0140625 0.0140625
1 0.46875 0.296875 0.0125 0.0125
1 0.45 0.384375 0.0140625 0.0125
1 0.64765625 0.3078125 0.0140625 0.0140625
1 0.31328125 0.45703125 0.015625 0.0140625
1 0.68203125 0.36484375 0.0140625 0.015625
1 0.9421875 0.3296875 0.0125 0.0140625
1 0.4609375 0.85546875 0.0109375 0.009375
1 0.10859375 0.35546875 0.0140625 0.0125
1 0.46171875 0.31328125 0.0140625 0.0140625
1 0.0875 0.3734375 0.0140625 0.0125
1 0.09296875 0.44375 0.0125 0.0125
1 0.4015625 0.91640625 0.0140625 0.009375
1 0.86875 0.2765625 0.0109375 0.0125
1 0.096875 0.36171875 0.0125 0.0125
0 0.2234375 0.26796875 0.0109375 0.0109375
1 0.771875 0.6203125 0.0171875 0.0109375
1 0.909375 0.29140625 0.015625 0.0171875
1 0.0421875 0.409375 0.0140625 0.0125
1 0.890625 0.27578125 0.0125 0.0125
1 0.3015625 0.9890625 0.025 0.021875
1 0.4203125 0.3265625 0.0125 0.0109375
1 0.64765625 0.290625 0.0109375 0.0125
1 0.41953125 0.3171875 0.0109375 0.0125
1 0.49140625 0.3 0.0140625 0.0140625
1 0.42734375 0.30625 0.0125 0.0140625
1 0.59921875 0.828125 0.0125 0.0109375
1 0.06640625 0.459375 0.0171875 0.01875
0 0.128125 0.13125 0.015625 0.01875
1 0.45859375 0.8421875 0.0125 0.0125
1 0.1625 0.33515625 0.0125 0.0140625
1 0.5640625 0.8328125 0.0109375 0.0140625
1 0.68046875 0.97578125 0.028125 0.021875
1 0.90234375 0.8515625 0.0140625 0.015625
1 0.15390625 0.33515625 0.0125 0.0140625
1 0.1421875 0.3375 0.0125 0.0125
1 0.0890625 0.353125 0.0125 0.0140625
1 0.11171875 0.89140625 0.0109375 0.0109375
1 0.8203125 0.81328125 0.0109375 0.0109375
1 0.90703125 0.81328125 0.0109375 0.0109375
1 0.684375 0.63125 0.0125 0.0109375
1 0.3796875 0.9984375 0.025 0.003125
1 0.665625 0.35234375 0.0125 0.009375
1 0.95546875 0.3359375 0.0125 0.0125
1 0.06015625 0.6453125 0.0140625 0.015625
4 0.5828125 0.79609375 0.0375 0.0328125
1 0.4703125 0.85546875 0.0140625 0.0109375
1 0.925 0.8953125 0.01875 0.025