4 0.440625 0.30703125 0.06640625 0.07578125
2 0.7703125 0.21953125 0.0890625 0.06015625
4 0.2265625 0.82890625 0.05390625 0.0515625
3 0.70625 0.8578125 0.09921875 0.10078125
1 0.7703125 0.55703125 0.01328125 0.02265625
3 0.90625 0.4203125 0.103125 0.09609375
2 0.24921875 0.2265625 0.08984375 0.04921875
1 0.16015625 0.4296875 0.01015625 0.015625
1 0.57109375 0.35625 0.00859375 0.01484375
1 0.828125 0.5734375 0.0125 0.02265625
1 0.76796875 0.4671875 0.0109375 0.01875
3 0.5015625 0.5765625 0.1015625 0.13359375
1 0.26875 0.50859375 0.01171875 0.0203125
1 0.6734375 0.50390625 0.0125 0.021875
4 0.9828125 0.4015625 0.03359375 0.1265625
1 0.27734375 0.5375 0.01171875 0.0203125
1 0.73125 0.45078125 0.0109375 0.01796875
1 0.55546875 0.4703125 0.0109375 0.01953125
1 0.4875 0.46328125 0.01015625 0.01796875
1 0.28984375 0.484375 0.01171875 0.01796875
1 0.89765625 0.35625 0.009375 0.01484375
1 0.3359375 0.39296875 0.009375 0.015625
1 0.30625 0.43671875 0.01015625 0.0171875
1 0.84609375 0.35859375 0.00859375 0.015625
4 0.8359375 0.8703125 0.084375 0.12421875
1 0.640625 0.4046875 0.009375 0.01640625
1 0.471875 0.35625 0.009375 0.015625
1 0.38671875 0.534375 0.01015625 0.021875
1 0.6109375 0.36875 0.009375 0.0140625
1 0.29921875 0.4546875 0.01171875 0.0171875
1 0.6203125 0.3796875 0.00859375 0.0140625
1 0.09296875 0.44921875 0.01015625 0.01796875
1 0.39609375 0.43125 0.009375 0.01484375
1 0.86953125 0.375 0.009375 0.01640625
1 0.3 0.42109375 0.009375 0.015625
1 0.11484375 0.425 0.01015625 0.0171875
1 0.678125 0.428125 0.01015625 0.01640625
1 0.09921875 0.38203125 0.00859375 0.01484375
1 0.28515625 0.85625 0.00859375 0.01328125
1 0.634375 0.3296875 0.009375 0.01328125
1 0.17734375 0.34375 0.0078125 0.0140625
1 0.346875 0.375 0.009375 0.015625
1 0.925 0.88984375 0.0109375 0.01953125
1 0.94296875 0.46171875 0.009375 0.01328125
1 0.059375 0.40078125 0.009375 0.01484375
1 0.2046875 0.90703125 0.01484375 0.025
1 0.31015625 0.4765625 0.01171875 0.01796875
1 0.278125 0.4828125 0.0109375 0.01796875
1 0.3 0.875 0.01015625 0.0171875
1 0.8546875 0.334375 0.00859375 0.01328125
1 0.26484375 0.8890625 0.0109375 0.01953125
1 0.61640625 0.35 0.00859375 0.01328125
1 0.3609375 0.33515625 0.0078125 0.0125
1 0.4671875 0.64375 0.01171875 0.015625
1 0.3375 0.5109375 0.01171875 0.02109375
1 0.22421875 0.9640625 0.01953125 0.03671875
1 0.803125 0.6171875 0.0140625 0.01953125
1 0.10546875 0.42890625 0.009375 0.01640625
1 0.35390625 0.3234375 0.0078125 0.01328125
1 0.1109375 0.934375 0.01796875 0.03125
1 0.2203125 0.8828125 0.01015625 0.01796875
1 0.8359375 0.3171875 0.009375 0.0140625
1 0.1015625 0.90625 0.0140625 0.02109375
1 0.15546875 0.34765625 0.0078125 0.0140625
1 0.59453125 0.36015625 0.00859375 0.015625
1 0.6640625 0.37578125 0.009375 0.015625
1 0.15234375 0.4 0.01015625 0.015625
1 0.90546875 0.353125 0.00859375 0.0140625
1 0.17578125 0.975 0.021875 0.03984375
1 0.23828125 0.88203125 0.0125 0.01875
1 0.628125 0.309375 0.00703125 0.01328125
1 0.0578125 0.4375 0.00859375 0.01640625
1 0.13359375 0.8734375 0.0078125 0.01640625
1 0.27890625 0.4546875 0.00859375 0.0140625
1 0.903125 0.3359375 0.00859375 0.01328125
1 0.84453125 0.34296875 0.00859375 0.01328125
1 0.18203125 0.88046875 0.0109375 0.01875
1 0.7015625 0.89375 0.01171875 0.0171875
1 0.709375 0.42265625 0.01171875 0.01953125
1 0.0828125 0.4265625 0.0109375 0.01640625
1 0.1046875 0.36484375 0.0078125 0.01328125
1 0.1734375 0.32890625 0.009375 0.01328125
1 0.08203125 0.40859375 0.01015625 0.0125
1 0.6734375 0.4171875 0.009375 0.0140625
1 0.790625 0.86484375 0.00859375 0.01796875
1 0.871875 0.3015625 0.0078125 0.0125
1 0.1609375 0.87421875 0.0109375 0.01640625
1 0.81953125 0.99453125 0.01484375 0.01015625
1 0.840625 0.3 0.00703125 0.01171875
1 0.51953125 0.89453125 0.0140625 0.02265625
1 0.8921875 0.32578125 0.00703125 0.0125
1 0.37421875 0.321875 0.0078125 0.0125
1 0.071875 0.42421875 0.0109375 0.01953125
1 0.48984375 0.64765625 0.0125 0.01171875
1 0.0703125 0.40078125 0.01015625 0.015625
1 0.1875 0.315625 0.01015625 0.0140625
1 0.01328125 0.465625 0.00859375 0.01484375
1 0.13046875 0.85390625 0.0078125 0.0125
1 0.32734375 0.334375 0.0078125 0.0125
1 0.6046875 0.325 0.0078125 0.0140625
1 0.21015625 0.8828125 0.0109375 0.0171875
1 0.93984375 0.340625 0.009375 0.015625
1 0.33984375 0.346875 0.0078125 0.01484375
1 0.121875 0.871875 0.009375 0.01484375
1 0.7625 0.45 0.01015625 0.01796875
1 0.675 0.346875 0.01015625 0.0140625
1 0.39375 0.31796875 0.00703125 0.0125
1 0.55546875 0.29765625 0.00703125 0.0125
1 0.31640625 0.3546875 0.0078125 0.0140625
1 0.15546875 0.33046875 0.00859375 0.0125
1 0.61953125 0.29609375 0.0078125 0.01171875
1 0.54609375 0.8484375 0.0078125 0.01171875
1 0.33203125 0.37734375 0.00859375 0.0140625
1 0.7140625 0.896875 0.0140625 0.01796875
1 0.05625 0.3875 0.009375 0.0125
1 0.81484375 0.63125 0.0125 0.01953125
1 0.259375 0.8421875 0.00703125 0.0125
1 0.90625 0.98984375 0.015625 0.01875
1 0.490625 0.2953125 0.0078125 0.0125
4 0.971875 0.89296875 0.05625 0.178125
1 0.0953125 0.42734375 0.01015625 0.01640625
1 0.178125 0.315625 0.00703125 0.01328125
1 0.93125 0.46171875 0.00859375 0.0125
1 0.16796875 0.8515625 0.00703125 0.0109375
1 0.38203125 0.62578125 0.01171875 0.01484375
4 0.56171875 0.80703125 0.0359375 0.03671875
1 0.10859375 0.33515625 0.009375 0.01328125
1 0.2453125 0.86640625 0.00703125 0.0109375
1 0.1875 0.8484375 0.009375 0.01171875
1 0.3828125 0.309375 0.00859375 0.01328125
1 0.33125 0.35078125 0.009375 0.01484375
1 0.096875 0.87109375 0.00859375 0.01640625
1 0.07890625 0.39765625 0.00859375 0.01328125
1 0.8109375 0.96953125 0.02109375 0.03828125
1 0.28984375 0.4671875 0.01171875 0.0109375
1 0.27734375 0.465625 0.01015625 0.01171875
1 0.6765625 0.64765625 0.009375 0.01015625
1 0.928125 0.32734375 0.01015625 0.0140625
1 0.28828125 0.45546875 0.01015625 0.015625
1 0.86953125 0.55703125 0.0078125 0.009375
1 0.903125 0.94453125 0.0140625 0.01875
1 0.24921875 0.98203125 0.02265625 0.0328125
1 0.1234375 0.33046875 0.01015625 0.0140625
1 0.95546875 0.646875 0.0109375 0.01328125
1 0.4234375 0.85 0.00703125 0.009375
1 0.07265625 0.37578125 0.009375 0.0140625
1 0.19296875 0.88359375 0.0109375 0.01953125
1 0.88671875 0.30234375 0.01171875 0.0125
1 0.4515625 0.84296875 0.0078125 0.0109375
1 0.5609375 0.84453125 0.009375 0.01171875
1 0.16875 0.30625 0.0078125 0.0125
1 0.91640625 0.31875 0.009375 0.0125
1 0.33828125 0.3625 0.00859375 0.0125
1 0.78359375 0.84609375 0.0078125 0.0125