3 0.54609375 0.35390625 0.0953125 0.084375
1 0.89609375 0.48046875 0.046875 0.0234375
3 0.62734375 0.35625 0.1078125 0.0890625
1 0.646875 0.48984375 0.0484375 0.0234375
1 0.61328125 0.39140625 0.046875 0.0203125
1 0.71015625 0.5046875 0.046875 0.0203125
1 0.3625 0.37265625 0.046875 0.0203125
1 0.959375 0.45078125 0.046875 0.021875
1 0.084375 0.30859375 0.0453125 0.01875
1 0.98671875 0.49765625 0.0265625 0.0234375
1 0.70703125 0.4546875 0.046875 0.0234375
2 0.2515625 0.20078125 0.1265625 0.06875
1 0.253125 0.54921875 0.0515625 0.0296875
1 0.55703125 0.54609375 0.05 0.028125
1 0.6171875 0.58671875 0.0515625 0.0296875
1 0.38359375 0.375 0.046875 0.01875
1 0.88359375 0.46953125 0.046875 0.021875
1 0.12578125 0.88984375 0.053125 0.03125
1 0.94453125 0.45234375 0.046875 0.021875
1 0.61328125 0.5 0.0484375 0.025
1 0.91953125 0.95625 0.053125 0.0359375
4 0.26640625 0.4765625 0.103125 0.09375
1 0.02421875 0.8828125 0.0484375 0.03125
1 0.80859375 0.90390625 0.046875 0.021875
1 0.66171875 0.403125 0.0453125 0.0203125
1 0.8609375 0.6703125 0.0515625 0.0234375
1 0.02265625 0.3734375 0.0453125 0.021875
1 0.34609375 0.559375 0.0515625 0.03125
1 0.1609375 0.84296875 0.0453125 0.0140625
1 0.628125 0.50546875 0.0484375 0.025
1 0.4765625 0.36953125 0.04375 0.01875
1 0.36640625 0.3359375 0.04375 0.01875
3 0.55078125 0.82578125 0.078125 0.05
1 0.159375 0.8421875 0.0453125 0.0203125
1 0.609375 0.47734375 0.0484375 0.0234375
2 0.77109375 0.2453125 0.128125 0.053125
1 0.3953125 0.33125 0.0453125 0.0171875
1 0.90390625 0.4578125 0.046875 0.0203125
1 0.44140625 0.48671875 0.0453125 0.0203125
1 0.353125 0.396875 0.046875 0.01875
1 0.37890625 0.5421875 0.05 0.028125
1 0.5984375 0.47734375 0.046875 0.0234375
1 0.39296875 0.51015625 0.0484375 0.0265625
1 0.79453125 0.928125 0.0515625 0.03125
1 0.3125 0.371875 0.046875 0.0203125
1 0.34609375 0.50546875 0.05 0.0265625
1 0.89140625 0.90390625 0.0453125 0.0234375
1 0.33359375 0.36015625 0.0453125 0.01875
1 0.34453125 0.62265625 0.05 0.0234375
1 0.74609375 0.86328125 0.04375 0.015625
1 0.34609375 0.4328125 0.0453125 0.01875
1 0.83203125 0.9046875 0.0484375 0.0234375
1 0.94140625 0.4140625 0.046875 0.01875
4 0.47109375 0.325 0.0921875 0.08125
1 0.12421875 0.309375 0.04375 0.015625
1 0.32578125 0.5328125 0.0515625 0.0265625
1 0.52109375 0.3859375 0.0453125 0.0171875
1 0.11484375 0.328125 0.04375 0.0171875
1 0.15546875 0.81953125 0.0421875 0.015625
1 0.07421875 0.88203125 0.0515625 0.0296875
1 0.90078125 0.35703125 0.04375 0.01875
1 0.40390625 0.53359375 0.04375 0.0171875
1 0.68125 0.90390625 0.0515625 0.0296875
1 0.7046875 0.503125 0.0453125 0.015625
1 0.38671875 0.33125 0.0453125 0.015625
1 0.01328125 0.57890625 0.0265625 0.0265625
1 0.365625 0.47890625 0.0484375 0.0234375
1 0.03125 0.33125 0.046875 0.01875
1 0.65078125 0.87578125 0.0453125 0.01875
1 0.10859375 0.33203125 0.0453125 0.0203125
1 0.13671875 0.29375 0.046875 0.0171875
1 0.9 0.98515625 0.059375 0.0296875
1 0.3109375 0.39140625 0.046875 0.0203125
1 0.93203125 0.41171875 0.046875 0.0171875
1 0.4046875 0.51015625 0.046875 0.0203125
1 0.93203125 0.4265625 0.0484375 0.0203125
1 0.0703125 0.3453125 0.046875 0.0203125
1 0.3921875 0.4796875 0.0484375 0.021875
1 0.0953125 0.821875 0.04375 0.0171875
1 0.746875 0.9 0.0484375 0.0265625
1 0.89296875 0.44765625 0.046875 0.01875
1 0.46875 0.36875 0.0453125 0.01875
1 0.68671875 0.90234375 0.053125 0.0296875
1 0.3375 0.4375 0.046875 0.0203125
1 0.5046875 0.3765625 0.04375 0.01875
1 0.1109375 0.2765625 0.0453125 0.0171875
1 0.73359375 0.55 0.0484375 0.025
1 0.840625 0.67265625 0.0484375 0.0171875
1 0.384375 0.4734375 0.046875 0.0203125
0 0.1375 0.9640625 0.059375 0.0296875
1 0.9265625 0.3859375 0.0453125 0.0171875
1 0.234375 0.578125 0.0484375 0.0171875
1 0.38671875 0.34296875 0.046875 0.015625
1 0.053125 0.81796875 0.0453125 0.0171875
1 0.328125 0.43671875 0.046875 0.0203125
1 0.85703125 0.89375 0.0453125 0.0203125
1 0.234375 0.6125 0.0515625 0.028125
3 0.5140625 0.4546875 0.140625 0.1421875