3 0.3265625 0.45625 0.125 0.1296875
2 0.784375 0.23359375 0.125 0.0625
4 0.6078125 0.30390625 0.090625 0.075
4 0.659375 0.3 0.09375 0.065625
1 0.76953125 0.56796875 0.05 0.0203125
1 0.3125 0.56953125 0.05 0.01875
1 0.41484375 0.8796875 0.046875 0.0171875
1 0.8203125 0.46328125 0.046875 0.015625
1 0.9734375 0.465625 0.0484375 0.0140625
1 0.6796875 0.865625 0.0453125 0.0109375
1 0.365625 0.359375 0.0453125 0.0109375
1 0.97578125 0.6078125 0.0484375 0.015625
1 0.5890625 0.40703125 0.046875 0.0140625
1 0.3828125 0.87578125 0.046875 0.0171875
2 0.2625 0.21328125 0.13125 0.0484375
1 0.60078125 0.875 0.046875 0.0125
1 0.44140625 0.55625 0.05 0.0203125
1 0.5984375 0.8921875 0.05 0.01875
1 0.90390625 0.6140625 0.046875 0.0109375
1 0.903125 0.42734375 0.0484375 0.0140625
1 0.646875 0.40546875 0.046875 0.015625
1 0.45 0.61875 0.0515625 0.021875
1 0.63515625 0.32890625 0.04375 0.0109375
1 0.05234375 0.4140625 0.0484375 0.0171875
1 0.12578125 0.35 0.04375 0.0109375
1 0.38671875 0.36640625 0.0453125 0.0125
1 0.0453125 0.39609375 0.046875 0.0140625
3 0.74453125 0.85078125 0.0796875 0.0515625
1 0.184375 0.375 0.0453125 0.0125
1 0.9796875 0.40625 0.040625 0.0125
1 0.38359375 0.39375 0.046875 0.0140625
1 0.88671875 0.6625 0.0515625 0.01875
1 0.88203125 0.61171875 0.05 0.0140625
1 0.946875 0.44375 0.046875 0.0125
1 0.6703125 0.41875 0.046875 0.015625
1 0.70234375 0.43125 0.046875 0.0125
1 0.64921875 0.86796875 0.046875 0.0140625
1 0.4890625 0.34375 0.04375 0.0109375
1 0.1328125 0.54453125 0.05 0.0203125
1 0.71328125 0.4359375 0.046875 0.015625
1 0.94140625 0.45859375 0.0484375 0.015625
1 0.74140625 0.90390625 0.0484375 0.0171875
1 0.15625 0.91953125 0.0546875 0.028125
1 0.1625 0.44296875 0.046875 0.0140625
1 0.96328125 0.44921875 0.046875 0.0140625
1 0.88203125 0.403125 0.046875 0.0125
1 0.26875 0.47421875 0.046875 0.015625
1 0.9890625 0.45 0.021875 0.0125
1 0.20625 0.88046875 0.0484375 0.015625
4 0.44375 0.81328125 0.0703125 0.0296875
1 0.0734375 0.3984375 0.046875 0.0125
1 0.55390625 0.30859375 0.04375 0.0109375
1 0.146875 0.8890625 0.0515625 0.01875
1 0.46953125 0.32578125 0.0453125 0.0109375
1 0.15859375 0.86796875 0.0484375 0.015625
1 0.0625 0.39765625 0.046875 0.0125
1 0.4234375 0.33359375 0.04375 0.0109375
1 0.18203125 0.2890625 0.0453125 0.0109375
1 0.69609375 0.4140625 0.0453125 0.0125
1 0.12265625 0.62890625 0.046875 0.0078125
1 0.10078125 0.353125 0.0453125 0.0109375
1 0.9015625 0.32421875 0.04375 0.009375
1 0.97109375 0.425 0.05 0.015625
1 0.91171875 0.34296875 0.04375 0.0109375
1 0.86640625 0.3390625 0.04375 0.009375
1 0.13515625 0.91796875 0.0546875 0.025
1 0.0953125 0.3875 0.0484375 0.0125
1 0.3 0.85703125 0.04375 0.0109375
1 0.025 0.6203125 0.05 0.01875
1 0.1546875 0.85 0.046875 0.0125
1 0.0625 0.62421875 0.046875 0.0125
1 0.89375 0.3234375 0.0453125 0.0109375
1 0.27890625 0.46953125 0.0453125 0.0125
1 0.04921875 0.61953125 0.0484375 0.0171875
1 0.45390625 0.34453125 0.046875 0.015625
1 0.12109375 0.31796875 0.0453125 0.0109375
1 0.08984375 0.93046875 0.0546875 0.028125
1 0.2078125 0.39296875 0.0484375 0.0140625
1 0.71015625 0.4171875 0.0453125 0.009375
1 0.14375 0.97109375 0.059375 0.01875
1 0.0890625 0.359375 0.0453125 0.0109375
1 0.92578125 0.33671875 0.04375 0.009375
1 0.33046875 0.85859375 0.0484375 0.0140625
1 0.44453125 0.31484375 0.04375 0.009375
1 0.14296875 0.315625 0.0453125 0.009375
1 0.85 0.3171875 0.04375 0.009375
1 0.31328125 0.85859375 0.04375 0.0109375
1 0.109375 0.91796875 0.0546875 0.021875
1 0.190625 0.82734375 0.0421875 0.00625
1 0.25078125 0.975 0.053125 0.0171875
1 0.09453125 0.62890625 0.046875 0.009375
1 0.17421875 0.3046875 0.0453125 0.009375
1 0.36796875 0.31796875 0.04375 0.0109375
1 0.21640625 0.8296875 0.0421875 0.00625
1 0.2765625 0.4515625 0.0453125 0.0125
1 0.27890625 0.85703125 0.0453125 0.0109375
1 0.95625 0.4234375 0.046875 0.0125
1 0.178125 0.86796875 0.0484375 0.015625
1 0.75078125 0.890625 0.046875 0.0125
1 0.21796875 0.9828125 0.0484375 0.003125
1 0.06953125 0.35859375 0.0484375 0.0140625
1 0.246875 0.6140625 0.05 0.0203125
1 0.196875 0.37890625 0.046875 0.0125
1 0.278125 0.83515625 0.04375 0.009375
1 0.13203125 0.3171875 0.0453125 0.0109375
1 0.53515625 0.83828125 0.0421875 0.0078125
1 0.1171875 0.5984375 0.05 0.015625
1 0.10546875 0.3234375 0.046875 0.0109375
1 0.2671875 0.8390625 0.0453125 0.0109375
1 0.86328125 0.325 0.04375 0.0078125
1 0.01328125 0.4546875 0.0265625 0.015625
1 0.08046875 0.87890625 0.0484375 0.0171875
1 0.621875 0.9921875 0.0546875 0.0125
1 0.4328125 0.84140625 0.0453125 0.009375
1 0.50390625 0.8203125 0.0421875 0.0078125
1 0.46328125 0.8515625 0.0453125 0.0078125
1 0.17734375 0.84375 0.04375 0.009375
1 0.11015625 0.88046875 0.05 0.0125
1 0.09609375 0.871875 0.046875 0.0125
3 0.83359375 0.359375 0.071875 0.0453125
1 0.0796875 0.3546875 0.0453125 0.0109375
1 0.53984375 0.825 0.0421875 0.00625
1 0.05703125 0.3546875 0.046875 0.0109375
3 0.81796875 0.9234375 0.20625 0.15
1 0.29296875 0.9796875 0.0515625 0.015625
1 0.8765625 0.32734375 0.04375 0.009375