2 0.7625 0.215625 0.08828125 0.0625
4 0.4421875 0.253125 0.0671875 0.07421875
2 0.246875 0.209375 0.0921875 0.05703125
4 0.76484375 0.853125 0.05390625 0.05859375
1 0.5828125 0.38203125 0.009375 0.0171875
3 0.11171875 0.86953125 0.075 0.103125
1 0.27890625 0.46640625 0.0109375 0.01875
4 0.24765625 0.84921875 0.0546875 0.04609375
1 0.425 0.4046875 0.009375 0.01640625
1 0.171875 0.41953125 0.01015625 0.0171875
1 0.93984375 0.41640625 0.0109375 0.01640625
1 0.3953125 0.32265625 0.00859375 0.01484375
1 0.94609375 0.359375 0.01015625 0.01640625
1 0.446875 0.34140625 0.01015625 0.01484375
1 0.0703125 0.39140625 0.01015625 0.01484375
1 0.665625 0.453125 0.01015625 0.01796875
1 0.67109375 0.559375 0.01328125 0.021875
1 0.30546875 0.39140625 0.009375 0.015625
1 0.465625 0.4 0.009375 0.0171875
1 0.37890625 0.371875 0.009375 0.015625
1 0.91875 0.403125 0.009375 0.015625
1 0.62578125 0.4015625 0.01015625 0.0171875
1 0.08203125 0.3671875 0.009375 0.01484375
1 0.1078125 0.375 0.01015625 0.01640625
1 0.40625 0.3046875 0.0078125 0.01328125
1 0.09921875 0.33359375 0.00859375 0.01484375
1 0.3453125 0.38046875 0.01015625 0.01484375
1 0.67109375 0.409375 0.01015625 0.01796875
1 0.35703125 0.34609375 0.00859375 0.01484375
1 0.221875 0.8953125 0.01015625 0.0171875
1 0.36796875 0.39140625 0.009375 0.01640625
0 0.29375 0.7671875 0.0078125 0.01484375
1 0.01015625 0.53984375 0.01328125 0.02265625
1 0.2546875 0.90546875 0.01328125 0.01953125
1 0.2578125 0.8796875 0.0078125 0.01328125
1 0.5453125 0.39921875 0.01015625 0.01875
1 0.3859375 0.38671875 0.00859375 0.015625
1 0.69453125 0.3921875 0.009375 0.01640625
1 0.34765625 0.32109375 0.009375 0.0140625
1 0.14765625 0.2796875 0.0078125 0.0125
1 0.14140625 0.334375 0.00859375 0.01484375
1 0.565625 0.384375 0.009375 0.01796875
1 0.36875 0.321875 0.0078125 0.01484375
1 0.89609375 0.28828125 0.00859375 0.0140625
1 0.6578125 0.26796875 0.0078125 0.0125
1 0.1015625 0.40078125 0.0109375 0.015625
1 0.9171875 0.359375 0.009375 0.015625
1 0.44765625 0.39453125 0.0125 0.01640625
1 0.8296875 0.6125 0.0125 0.025
1 0.12734375 0.95390625 0.0171875 0.0328125
1 0.97109375 0.35859375 0.01171875 0.01796875
1 0.33359375 0.371875 0.009375 0.0140625
1 0.07109375 0.928125 0.01640625 0.0296875
1 0.69453125 0.4453125 0.009375 0.015625
1 0.84375 0.303125 0.0078125 0.0125
1 0.18984375 0.39921875 0.009375 0.0171875
1 0.06328125 0.565625 0.01015625 0.0203125
1 0.95234375 0.396875 0.0109375 0.015625
1 0.87421875 0.30546875 0.009375 0.01328125
1 0.4671875 0.3203125 0.0078125 0.01328125
1 0.70546875 0.4375 0.009375 0.01796875
1 0.92421875 0.3265625 0.00859375 0.01328125
1 0.909375 0.3046875 0.009375 0.01328125
1 0.12109375 0.3140625 0.0078125 0.0140625
1 0.2890625 0.88046875 0.0078125 0.01328125
1 0.88828125 0.33984375 0.00859375 0.015625
0 0.296875 0.73046875 0.00859375 0.0140625
1 0.40703125 0.34296875 0.00859375 0.01328125
1 0.50546875 0.3921875 0.009375 0.01328125
1 0.621875 0.28984375 0.0078125 0.0140625
1 0.43984375 0.35703125 0.009375 0.015625
1 0.6671875 0.35703125 0.0078125 0.015625
1 0.3359375 0.353125 0.01015625 0.0140625
1 0.5046875 0.40859375 0.009375 0.01640625
1 0.559375 0.275 0.00859375 0.0140625
0 0.30546875 0.74765625 0.0078125 0.0140625
1 0.03359375 0.4078125 0.0125 0.01640625
0 0.29296875 0.7109375 0.009375 0.0171875
1 0.45390625 0.325 0.0078125 0.01328125
1 0.61328125 0.37578125 0.01015625 0.01640625
1 0.18203125 0.26484375 0.0078125 0.01171875
1 0.20703125 0.8828125 0.00703125 0.0125
1 0.540625 0.34375 0.0078125 0.015625
1 0.69375 0.43046875 0.00859375 0.01328125
1 0.10859375 0.3140625 0.0078125 0.01328125
0 0.2953125 0.78359375 0.0078125 0.01328125
1 0.42734375 0.36875 0.009375 0.0140625
1 0.14140625 0.646875 0.0125 0.01640625
1 0.55078125 0.34453125 0.01015625 0.015625
1 0.4953125 0.37265625 0.009375 0.015625
1 0.5859375 0.309375 0.00859375 0.015625
1 0.35859375 0.90078125 0.0109375 0.015625
1 0.92421875 0.30859375 0.00859375 0.01328125
1 0.42734375 0.34609375 0.01015625 0.0140625
1 0.6390625 0.2640625 0.0078125 0.0125
1 0.28828125 0.3265625 0.009375 0.01484375
3 0.0203125 0.36796875 0.03984375 0.12109375
1 0.5703125 0.265625 0.0078125 0.0125
1 0.16796875 0.2734375 0.0078125 0.01484375
1 0.41875 0.35078125 0.00859375 0.0140625
1 0.48359375 0.28671875 0.00703125 0.01171875
1 0.51953125 0.2640625 0.0078125 0.0125
1 0.50234375 0.36953125 0.00859375 0.015625
1 0.853125 0.284375 0.0078125 0.01171875
1 0.34765625 0.35546875 0.01015625 0.01484375
1 0.38671875 0.2703125 0.009375 0.0125
1 0.83828125 0.31953125 0.00859375 0.01328125
1 0.396875 0.28125 0.0078125 0.01171875
0 0.278125 0.8078125 0.00625 0.0125
1 0.61328125 0.278125 0.00859375 0.0140625
1 0.19765625 0.9046875 0.0125 0.01796875
1 0.35234375 0.26171875 0.00625 0.01171875
1 0.46796875 0.2921875 0.00703125 0.0125
1 0.67578125 0.38046875 0.009375 0.01484375
1 0.3296875 0.2625 0.00703125 0.0125
0 0.28828125 0.74296875 0.009375 0.01328125
1 0.3328125 0.32109375 0.009375 0.01328125
1 0.1875 0.890625 0.0109375 0.0140625
1 0.1546875 0.2625 0.00703125 0.01171875
0 0.28515625 0.81640625 0.00859375 0.01171875
1 0.84609375 0.87109375 0.00703125 0.0109375
1 0.04375 0.3953125 0.009375 0.0125
1 0.56640625 0.86953125 0.0078125 0.0125
1 0.33046875 0.33828125 0.00859375 0.0140625
1 0.17421875 0.90390625 0.0109375 0.015625
1 0.90859375 0.865625 0.00625 0.0125
1 0.9921875 0.3765625 0.01015625 0.015625
1 0.82734375 0.27265625 0.0078125 0.0125
1 0.45390625 0.28671875 0.00703125 0.0125
1 0.8890625 0.275 0.00859375 0.01171875
1 0.85625 0.27421875 0.0078125 0.01015625
1 0.88671875 0.2875 0.0109375 0.01328125
1 0.1828125 0.91484375 0.01015625 0.0171875
1 0.9390625 0.32890625 0.009375 0.01171875
1 0.09296875 0.32109375 0.00703125 0.01171875
1 0.58359375 0.871875 0.00859375 0.0109375
1 0.11796875 0.2796875 0.00859375 0.0125
1 0.87109375 0.8703125 0.0078125 0.0125
1 0.6828125 0.37109375 0.0078125 0.01328125
1 0.89453125 0.87265625 0.0078125 0.01171875
0 0.31484375 0.7203125 0.009375 0.0140625
1 0.23828125 0.90234375 0.01171875 0.01796875
1 0.071875 0.37734375 0.01015625 0.0125
1 0.328125 0.30546875 0.00703125 0.01171875
1 0.1890625 0.865625 0.00703125 0.01015625
1 0.459375 0.30703125 0.009375 0.0125
1 0.0640625 0.35390625 0.00859375 0.01328125
0 0.2859375 0.78046875 0.01015625 0.0125
1 0.10859375 0.29140625 0.009375 0.01484375
1 0.121875 0.26640625 0.00859375 0.0140625
1 0.5921875 0.259375 0.00703125 0.01171875
1 0.48203125 0.2578125 0.00703125 0.01171875
1 0.96484375 0.38671875 0.0109375 0.0140625
1 0.70703125 0.3921875 0.0109375 0.015625
1 0.0546875 0.37578125 0.01015625 0.0140625
1 0.4546875 0.88203125 0.00703125 0.0125
1 0.28515625 0.35234375 0.00859375 0.01328125
1 0.834375 0.85703125 0.0078125 0.01015625
1 0.1078125 0.271875 0.00859375 0.01171875
1 0.1734375 0.88828125 0.01015625 0.0125
1 0.12578125 0.5453125 0.009375 0.01328125
1 0.35 0.8921875 0.009375 0.0171875
1 0.7125 0.87578125 0.01015625 0.0140625
3 0.29140625 0.85078125 0.04765625 0.05546875
1 0.3421875 0.859375 0.00546875 0.01015625
1 0.1328125 0.26953125 0.00859375 0.0125
1 0.4984375 0.384375 0.009375 0.01171875
1 0.3984375 0.26015625 0.009375 0.0125
1 0.6078125 0.86875 0.00703125 0.01171875
1 0.0484375 0.6515625 0.0109375 0.01015625
1 0.17109375 0.865625 0.00546875 0.01015625
1 0.7 0.98984375 0.01953125 0.01953125
1 0.59921875 0.87109375 0.009375 0.009375
1 0.81796875 0.86796875 0.00546875 0.0109375
1 0.478125 0.88125 0.0078125 0.01015625
1 0.159375 0.90234375 0.00703125 0.01484375
0 0.28359375 0.2140625 0.0078125 0.01171875
1 0.58203125 0.25859375 0.00703125 0.01171875
1 0.1421875 0.26484375 0.00703125 0.01171875