2 0.76328125 0.215625 0.08828125 0.06171875
4 0.48203125 0.4140625 0.06484375 0.115625
3 0.1671875 0.29453125 0.059375 0.0796875
4 0.6515625 0.5203125 0.08203125 0.12578125
1 0.384375 0.51640625 0.01171875 0.0203125
3 0.85546875 0.33046875 0.0703125 0.08828125
1 0.259375 0.50546875 0.01171875 0.01953125
1 0.15859375 0.41953125 0.01015625 0.01640625
3 0.2125 0.8546875 0.0609375 0.0625
2 0.24765625 0.20859375 0.09140625 0.05625
1 0.09765625 0.46796875 0.0109375 0.01875
1 0.54609375 0.39140625 0.009375 0.015625
1 0.271875 0.5296875 0.01171875 0.02109375
1 0.82265625 0.40703125 0.009375 0.01640625
1 0.384375 0.43125 0.01015625 0.01796875
3 0.821875 0.8625 0.06171875 0.0625
1 0.321875 0.5421875 0.01328125 0.02265625
1 0.70703125 0.44296875 0.009375 0.0171875
1 0.85703125 0.43046875 0.01015625 0.01640625
1 0.190625 0.40625 0.00859375 0.0171875
1 0.1109375 0.396875 0.009375 0.0171875
1 0.4234375 0.465625 0.01171875 0.01796875
1 0.98515625 0.42890625 0.01015625 0.01640625
1 0.63125 0.41953125 0.009375 0.015625
1 0.43515625 0.4171875 0.009375 0.015625
1 0.121875 0.428125 0.0109375 0.01796875
1 0.6109375 0.409375 0.01015625 0.01640625
1 0.26171875 0.90390625 0.01171875 0.01796875
1 0.5984375 0.440625 0.0109375 0.0171875
1 0.1 0.50546875 0.01171875 0.01796875
1 0.39765625 0.340625 0.00859375 0.01484375
1 0.64765625 0.375 0.009375 0.01640625
1 0.975 0.42890625 0.0109375 0.01640625
0 0.26796875 0.2203125 0.00859375 0.015625
1 0.4171875 0.49296875 0.0109375 0.0203125
1 0.065625 0.5203125 0.01171875 0.0203125
1 0.76953125 0.9328125 0.015625 0.0265625
1 0.0953125 0.37421875 0.009375 0.01640625
1 0.6734375 0.41796875 0.01015625 0.01640625
1 0.06640625 0.4078125 0.009375 0.0171875
1 0.60703125 0.45859375 0.0109375 0.01796875
1 0.071875 0.5015625 0.0125 0.01875
1 0.521875 0.35859375 0.00859375 0.015625
1 0.4359375 0.48203125 0.0109375 0.01875
1 0.69296875 0.41640625 0.009375 0.0171875
1 0.634375 0.3296875 0.00859375 0.0140625
1 0.98984375 0.48984375 0.0125 0.01875
1 0.4578125 0.33125 0.009375 0.0140625
1 0.4421875 0.37109375 0.0078125 0.0140625
1 0.9078125 0.9328125 0.0140625 0.02421875
1 0.034375 0.44453125 0.0109375 0.01796875
1 0.11015625 0.51875 0.01171875 0.0203125
1 0.6203125 0.384375 0.01015625 0.01640625
1 0.0609375 0.5953125 0.0109375 0.02109375
1 0.54140625 0.371875 0.00859375 0.015625
1 0.625 0.6140625 0.01328125 0.021875
1 0.865625 0.38359375 0.009375 0.01640625
1 0.6078125 0.36875 0.009375 0.015625
1 0.3984375 0.59296875 0.0125 0.0203125
1 0.38046875 0.35546875 0.0078125 0.015625
1 0.12265625 0.32421875 0.00859375 0.01484375
1 0.56796875 0.4265625 0.01015625 0.01796875
1 0.55546875 0.5515625 0.0125 0.01875
1 0.28359375 0.8828125 0.00859375 0.01484375
1 0.41640625 0.41640625 0.009375 0.0171875
1 0.596875 0.35546875 0.009375 0.01484375
1 0.51640625 0.303125 0.00703125 0.0140625
1 0.55859375 0.35390625 0.01015625 0.01484375
1 0.1109375 0.3421875 0.0109375 0.0171875
1 0.67109375 0.29921875 0.009375 0.01328125
1 0.490625 0.3328125 0.00859375 0.01484375
1 0.5671875 0.34375 0.009375 0.01484375
1 0.52265625 0.4171875 0.01015625 0.01640625
1 0.34453125 0.903125 0.0109375 0.01328125
1 0.33359375 0.3453125 0.009375 0.01484375
1 0.81015625 0.37890625 0.009375 0.0140625
1 0.69296875 0.51328125 0.00859375 0.015625
1 0.58046875 0.3828125 0.009375 0.0140625
1 0.128125 0.36484375 0.009375 0.01484375
1 0.05078125 0.45234375 0.01171875 0.01796875
1 0.16015625 0.94765625 0.0171875 0.0265625
1 0.5765625 0.40625 0.009375 0.015625
1 0.92421875 0.3234375 0.00859375 0.01484375
1 0.1546875 0.36796875 0.009375 0.0140625
1 0.69765625 0.49296875 0.01015625 0.01796875
1 0.8578125 0.9171875 0.01171875 0.021875
1 0.8046875 0.40703125 0.01015625 0.01640625
1 0.3234375 0.3453125 0.00859375 0.01484375
1 0.34765625 0.36484375 0.009375 0.015625
1 0.69140625 0.3953125 0.009375 0.01484375
1 0.31953125 0.38671875 0.009375 0.01640625
1 0.07890625 0.6453125 0.0140625 0.0203125
1 0.22421875 0.91328125 0.01171875 0.0203125
1 0.88359375 0.90859375 0.0109375 0.02109375
1 0.9703125 0.3578125 0.0109375 0.015625
1 0.97890625 0.4109375 0.00703125 0.01328125
1 0.23984375 0.93203125 0.01484375 0.0265625
1 0.73359375 0.88203125 0.00859375 0.0140625
1 0.15859375 0.48203125 0.0109375 0.0171875
1 0.7140625 0.896875 0.01015625 0.01953125
1 0.20546875 0.8921875 0.009375 0.01328125
1 0.64453125 0.33984375 0.0078125 0.0140625
1 0.04609375 0.41328125 0.01171875 0.01953125
1 0.42421875 0.37734375 0.00859375 0.01640625
1 0.36484375 0.3546875 0.0109375 0.01484375
1 0.17890625 0.33671875 0.0078125 0.01328125
1 0.596875 0.421875 0.0109375 0.015625
1 0.115625 0.30234375 0.00703125 0.0140625
1 0.68515625 0.3578125 0.0109375 0.0171875
1 0.909375 0.9 0.01015625 0.0171875
1 0.1453125 0.36953125 0.009375 0.01484375
1 0.4921875 0.25703125 0.00703125 0.0125
1 0.61328125 0.33125 0.009375 0.0140625
1 0.66640625 0.334375 0.00703125 0.01171875
1 0.4578125 0.2578125 0.0078125 0.0125
3 0.2265625 0.58984375 0.07890625 0.1203125
1 0.43125 0.3828125 0.009375 0.01484375
1 0.81640625 0.34453125 0.00859375 0.01328125
1 0.12890625 0.29140625 0.0078125 0.0125
1 0.87265625 0.91796875 0.01171875 0.021875
1 0.80859375 0.36328125 0.00703125 0.01328125
1 0.64375 0.30859375 0.00859375 0.0140625
1 0.65546875 0.32890625 0.00859375 0.01328125
1 0.65078125 0.39765625 0.0109375 0.0171875
1 0.3421875 0.8890625 0.00859375 0.01328125
1 0.51328125 0.39375 0.009375 0.01484375
1 0.45078125 0.35 0.00859375 0.01171875
1 0.33046875 0.37578125 0.00859375 0.0140625
1 0.10703125 0.32421875 0.009375 0.01484375
1 0.609375 0.3484375 0.009375 0.01484375
1 0.1640625 0.35390625 0.009375 0.01328125
1 0.025 0.3421875 0.00859375 0.0140625
1 0.346875 0.26640625 0.0078125 0.0125
1 0.90625 0.29140625 0.00859375 0.01328125
1 0.625 0.45546875 0.01015625 0.01640625
1 0.50703125 0.37109375 0.00859375 0.01484375
1 0.33046875 0.3578125 0.009375 0.01171875
1 0.6125 0.440625 0.01171875 0.01640625
1 0.32109375 0.90546875 0.00859375 0.0109375
1 0.24765625 0.88125 0.01015625 0.0140625
1 0.92734375 0.35234375 0.009375 0.01484375
1 0.17578125 0.8875 0.01015625 0.0171875
1 0.08125 0.3375 0.00859375 0.0125
1 0.9828125 0.39375 0.0078125 0.0125
1 0.13203125 0.30390625 0.0078125 0.01328125
1 0.95078125 0.34765625 0.009375 0.01484375
1 0.77734375 0.875 0.0078125 0.01328125
1 0.359375 0.26796875 0.009375 0.01171875
1 0.36484375 0.89921875 0.0109375 0.015625
1 0.9 0.884375 0.01015625 0.0140625
4 0.78125 0.8453125 0.04140625 0.0484375
1 0.82421875 0.28359375 0.009375 0.0109375
1 0.86640625 0.8671875 0.00703125 0.0125
1 0.19765625 0.91796875 0.01484375 0.01875
1 0.82734375 0.271875 0.0078125 0.0125
1 0.04296875 0.98046875 0.01875 0.034375
1 0.1859375 0.91484375 0.0109375 0.01953125
1 0.440625 0.2578125 0.00703125 0.01171875
1 0.0921875 0.3265625 0.00703125 0.01328125
1 0.04765625 0.328125 0.009375 0.01328125
1 0.6609375 0.346875 0.009375 0.01484375
1 0.14609375 0.33984375 0.00859375 0.0125
1 0.43515625 0.40078125 0.009375 0.01171875
1 0.58203125 0.3953125 0.0078125 0.0109375
1 0.665625 0.79140625 0.01015625 0.01640625
1 0.9359375 0.9078125 0.01015625 0.0140625
1 0.6046875 0.428125 0.00859375 0.0125
1 0.821875 0.321875 0.00859375 0.01328125
1 0.6734375 0.35703125 0.01015625 0.01484375
1 0.15234375 0.9796875 0.0203125 0.0359375
1 0.065625 0.325 0.009375 0.01328125
1 0.15234375 0.6078125 0.0140625 0.01875
1 0.8109375 0.31640625 0.00703125 0.0140625
1 0.1328125 0.27265625 0.0078125 0.01171875
1 0.33203125 0.2640625 0.0078125 0.01171875
1 0.06328125 0.934375 0.0140625 0.028125
1 0.140625 0.35 0.009375 0.0125
1 0.58359375 0.871875 0.00859375 0.01015625
1 0.684375 0.8828125 0.00859375 0.01484375
1 0.815625 0.27265625 0.00859375 0.0125
1 0.9 0.334375 0.01015625 0.0140625
1 0.60703125 0.8703125 0.00546875 0.0109375
1 0.23125 0.89140625 0.009375 0.015625
1 0.59453125 0.40625 0.009375 0.01328125
1 0.1640625 0.56953125 0.01015625 0.01875
1 0.75234375 0.8796875 0.0109375 0.015625
1 0.35234375 0.35390625 0.0078125 0.0140625
1 0.06171875 0.984375 0.01875 0.03125
1 0.1109375 0.2859375 0.009375 0.01640625
1 0.9375 0.99453125 0.0125 0.009375
1 0.2671875 0.8890625 0.00703125 0.0125
1 0.88828125 0.88125 0.009375 0.01328125
1 0.05859375 0.39453125 0.0109375 0.01171875
1 0.06953125 0.3078125 0.0109375 0.0171875
1 0.1734375 0.86953125 0.009375 0.01328125
1 0.65625 0.31640625 0.00703125 0.01015625
1 0.96640625 0.3484375 0.00859375 0.01171875
1 0.925 0.87890625 0.009375 0.0109375
1 0.21484375 0.88671875 0.009375 0.01484375
1 0.69375 0.88515625 0.01171875 0.01796875
1 0.45 0.9921875 0.01796875 0.0140625
1 0.09140625 0.2953125 0.00859375 0.01171875
1 0.14140625 0.88046875 0.01171875 0.015625
1 0.55859375 0.87109375 0.00859375 0.0125
1 0.51015625 0.38203125 0.00859375 0.0109375
1 0.70859375 0.39140625 0.0078125 0.01484375
1 0.59921875 0.8703125 0.009375 0.0109375
1 0.22890625 0.99609375 0.0140625 0.00703125
1 0.296875 0.34296875 0.00859375 0.0109375
1 0.3796875 0.2609375 0.0078125 0.0125
1 0.503125 0.359375 0.00625 0.01328125
1 0.36875 0.99453125 0.015625 0.01015625
1 0.87421875 0.27578125 0.009375 0.01484375