4 0.3453125 0.4265625 0.1125 0.1015625
1 0.17734375 0.57890625 0.0453125 0.015625
2 0.76796875 0.21875 0.11875 0.05625
4 0.5890625 0.290625 0.09375 0.065625
1 0.4578125 0.46640625 0.0421875 0.0125
3 0.7046875 0.45546875 0.11875 0.10625
1 0.77265625 0.55390625 0.04375 0.015625
1 0.93125 0.4921875 0.04375 0.0125
1 0.94296875 0.446875 0.0421875 0.0125
1 0.07109375 0.428125 0.040625 0.009375
1 0.79375 0.61796875 0.0453125 0.0140625
4 0.2671875 0.8328125 0.078125 0.040625
1 0.91875 0.4046875 0.040625 0.009375
1 0.0328125 0.4453125 0.0421875 0.009375
1 0.9796875 0.47265625 0.040625 0.0140625
1 0.5671875 0.88125 0.040625 0.0109375
1 0.48359375 0.37265625 0.040625 0.009375
1 0.3984375 0.44140625 0.040625 0.0109375
1 0.61171875 0.40703125 0.040625 0.0109375
1 0.9234375 0.42890625 0.0421875 0.0109375
1 0.45546875 0.51171875 0.04375 0.0140625
2 0.2484375 0.2265625 0.1234375 0.040625
1 0.85625 0.3453125 0.040625 0.00625
1 0.040625 0.56484375 0.04375 0.0140625
1 0.7859375 0.5921875 0.04375 0.0125
1 0.8953125 0.90546875 0.04375 0.015625
1 0.6265625 0.8984375 0.0453125 0.0140625
1 0.73515625 0.57890625 0.04375 0.0171875
1 0.94765625 0.41640625 0.0421875 0.009375
1 0.88359375 0.34296875 0.040625 0.0078125
1 0.92109375 0.48046875 0.04375 0.0125
1 0.07109375 0.47734375 0.04375 0.0125
1 0.66796875 0.5265625 0.04375 0.0140625
1 0.33515625 0.89921875 0.04375 0.0125
0 0.275 0.7875 0.04375 0.0109375
1 0.91875 0.37265625 0.040625 0.009375
1 0.17734375 0.93671875 0.0484375 0.025
1 0.54765625 0.33828125 0.0390625 0.0078125
1 0.01875 0.44921875 0.0375 0.0109375
1 0.0171875 0.5734375 0.034375 0.015625
1 0.82890625 0.89453125 0.04375 0.0125
1 0.65390625 0.53359375 0.04375 0.015625
1 0.8375 0.4390625 0.0421875 0.0125
1 0.86640625 0.8953125 0.04375 0.0125
1 0.7921875 0.9203125 0.046875 0.021875
1 0.6546875 0.303125 0.0375 0.00625
1 0.15703125 0.30859375 0.0390625 0.00625
1 0.04375 0.41796875 0.040625 0.009375
1 0.15546875 0.34140625 0.0375 0.00625
1 0.7390625 0.63515625 0.04375 0.015625
1 0.83515625 0.3421875 0.040625 0.009375
1 0.1640625 0.57734375 0.04375 0.015625
1 0.49296875 0.3390625 0.0390625 0.0078125
1 0.11640625 0.95625 0.05 0.028125
1 0.13046875 0.9140625 0.046875 0.01875
1 0.2328125 0.88671875 0.0421875 0.0125
1 0.975 0.39375 0.04375 0.0109375
1 0.078125 0.409375 0.040625 0.009375
1 0.9078125 0.346875 0.040625 0.009375
1 0.81171875 0.8859375 0.04375 0.0140625
1 0.1328125 0.33203125 0.040625 0.00625
1 0.17890625 0.884375 0.0421875 0.0125
1 0.7640625 0.6265625 0.04375 0.0140625
1 0.353125 0.340625 0.0375 0.00625
1 0.76015625 0.48671875 0.04375 0.015625
1 0.684375 0.30625 0.040625 0.00625
1 0.93671875 0.396875 0.040625 0.009375
1 0.93984375 0.37265625 0.040625 0.0078125
1 0.9453125 0.3859375 0.040625 0.009375
1 0.978125 0.4265625 0.04375 0.009375
1 0.5421875 0.64609375 0.040625 0.00625
4 0.46640625 0.83046875 0.071875 0.040625
1 0.85 0.91875 0.0453125 0.01875
1 0.3359375 0.33515625 0.0421875 0.009375
1 0.09296875 0.9453125 0.0484375 0.0265625
1 0.790625 0.88125 0.0421875 0.0125
1 0.55859375 0.8390625 0.0375 0.00625
1 0.859375 0.37578125 0.040625 0.009375
1 0.603125 0.35234375 0.0390625 0.009375
1 0.06640625 0.41015625 0.040625 0.00625
1 0.88046875 0.32890625 0.040625 0.0078125
1 0.15234375 0.93046875 0.046875 0.021875
1 0.09765625 0.36015625 0.040625 0.0078125
1 0.6140625 0.33046875 0.040625 0.00625
1 0.5046875 0.32890625 0.0375 0.00625
1 0.05 0.4328125 0.0421875 0.009375
1 0.9828125 0.4109375 0.034375 0.0125
1 0.5859375 0.3390625 0.040625 0.009375
1 0.38203125 0.6140625 0.04375 0.015625
1 0.303125 0.41796875 0.0375 0.0078125
1 0.51875 0.3375 0.0390625 0.00625
1 0.8234375 0.33671875 0.040625 0.009375
1 0.06953125 0.9921875 0.05 0.009375
1 0.64296875 0.27890625 0.0390625 0.00625
1 0.61484375 0.31484375 0.040625 0.0078125
1 0.19765625 0.90703125 0.0453125 0.015625
1 0.8359375 0.9421875 0.053125 0.0265625
1 0.62890625 0.3203125 0.0375 0.00625
1 0.11015625 0.35 0.040625 0.00625
1 0.45078125 0.34765625 0.040625 0.0078125
1 0.16796875 0.9921875 0.05 0.0078125
1 0.6640625 0.29609375 0.0375 0.00625
1 0.04453125 0.51953125 0.0375 0.009375
1 0.2203125 0.89921875 0.04375 0.0125
1 0.7828125 0.8640625 0.040625 0.00625
1 0.8296875 0.8765625 0.040625 0.00625
1 0.14609375 0.31875 0.0375 0.0046875
1 0.98125 0.36953125 0.0375 0.0109375
1 0.54375 0.29609375 0.0390625 0.00625
1 0.196875 0.853125 0.040625 0.00625
1 0.11640625 0.33984375 0.0375 0.00625
1 0.90703125 0.940625 0.046875 0.015625
0 0.45234375 0.7515625 0.040625 0.009375
1 0.9359375 0.92109375 0.04375 0.0125
1 0.8765625 0.93359375 0.046875 0.0203125
1 0.86953125 0.315625 0.040625 0.009375
1 0.20390625 0.88046875 0.040625 0.009375
1 0.10234375 0.646875 0.040625 0.009375
1 0.8484375 0.89140625 0.04375 0.0109375
1 0.8546875 0.29140625 0.0390625 0.0046875
1 0.0109375 0.459375 0.021875 0.009375
3 0.53515625 0.82578125 0.06875 0.05625
1 0.5546875 0.29609375 0.0390625 0.00625
0 0.6703125 0.190625 0.040625 0.0078125
1 0.8890625 0.33125 0.040625 0.0078125
1 0.9671875 0.38125 0.040625 0.00625
1 0.9546875 0.353125 0.040625 0.009375
1 0.075 0.38203125 0.040625 0.00625
1 0.9734375 0.353125 0.040625 0.009375
0 0.44453125 0.78203125 0.0390625 0.009375
1 0.2640625 0.99453125 0.046875 0.003125
1 0.98828125 0.371875 0.0234375 0.009375
1 0.32109375 0.30546875 0.040625 0.009375
1 0.85234375 0.3046875 0.040625 0.0078125
1 0.79453125 0.84140625 0.0390625 0.0046875
1 0.12421875 0.62734375 0.04375 0.0125
1 0.80703125 0.85390625 0.0375 0.0046875
1 0.5578125 0.82265625 0.0375 0.003125
1 0.82421875 0.3234375 0.040625 0.0046875
1 0.92109375 0.890625 0.040625 0.0125
1 0.36640625 0.37421875 0.040625 0.0125
1 0.53359375 0.8515625 0.0375 0.0046875
0 0.23671875 0.3640625 0.0421875 0.0125
1 0.3421875 0.37265625 0.0375 0.003125
1 0.32890625 0.82890625 0.0375 0.0046875
1 0.8484375 0.87109375 0.0421875 0.00625
1 0.30625 0.43984375 0.0375 0.00625
1 0.571875 0.82265625 0.040625 0.003125
1 0.77421875 0.821875 0.040625 0.00625
1 0.40234375 0.39375 0.0375 0.003125
1 0.3078125 0.3984375 0.0375 0.003125
1 0.2265625 0.84296875 0.040625 0.003125
1 0.3390625 0.29765625 0.040625 0.003125
1 0.9234375 0.94453125 0.0390625 0.009375
1 0.88046875 0.8796875 0.046875 0.0140625
1 0.071875 0.39453125 0.04375 0.0078125
1 0.9453125 0.346875 0.040625 0.009375
0 0.28828125 0.79609375 0.040625 0.009375
1 0.15546875 0.8765625 0.040625 0.009375
1 0.83984375 0.84609375 0.0375 0.0046875
0 0.3984375 0.990625 0.05 0.0109375
0 0.78359375 0.78515625 0.0375 0.00625
1 0.521875 0.85234375 0.040625 0.003125
1 0.6765625 0.29609375 0.040625 0.0078125