4 0.34296875 0.2921875 0.075 0.0890625
1 0.62421875 0.4140625 0.015625 0.0140625
1 0.60859375 0.40703125 0.0140625 0.01875
1 0.30625 0.4640625 0.015625 0.0203125
1 0.72265625 0.52578125 0.0171875 0.0203125
1 0.82578125 0.33359375 0.0125 0.0140625
2 0.75078125 0.20234375 0.0953125 0.05625
1 0.490625 0.4203125 0.0140625 0.015625
1 0.49375 0.284375 0.0125 0.0140625
1 0.4921875 0.375 0.0140625 0.015625
1 0.95703125 0.41953125 0.0140625 0.0171875
1 0.39140625 0.40234375 0.015625 0.0171875
1 0.9171875 0.38984375 0.0140625 0.0171875
2 0.23828125 0.21796875 0.0984375 0.0671875
1 0.8546875 0.31640625 0.0140625 0.0140625
1 0.16875 0.31015625 0.0125 0.0125
1 0.3328125 0.5171875 0.0171875 0.021875
1 0.91953125 0.3234375 0.0140625 0.0140625
1 0.18046875 0.3109375 0.0140625 0.0125
1 0.4484375 0.26171875 0.0125 0.0140625
1 0.50390625 0.4078125 0.015625 0.01875
1 0.4421875 0.32578125 0.0125 0.015625
1 0.57265625 0.3859375 0.015625 0.0171875
4 0.7921875 0.40078125 0.0875 0.1265625
3 0.728125 0.43125 0.103125 0.13125
3 0.88515625 0.90703125 0.153125 0.1609375
3 0.6828125 0.84609375 0.0609375 0.0734375
4 0.72890625 0.85546875 0.0578125 0.0671875
4 0.58203125 0.8640625 0.1 0.1234375
1 0.2665572 0.555430565625 0.2782081453125 0.5636126484374999 0.2853050578125 0.5551851421875 0.284037265625 0.5454780343750001 0.272450959375 0.5400733062499999 0.2665572 0.555430565625
1 0.26660049531249996 0.5207545359375 0.25922818593749997 0.52223865625 0.255160815625 0.52923658125 0.25753918750000004 0.54031873125 0.271324409375 0.5415301578125 0.2730790640625 0.5262274375 0.26660049531249996 0.5207545359375
1 0.8552852218749999 0.352069315625 0.8587833203124999 0.35758312187499997 0.8688606609375 0.357460409375 0.870787359375 0.34493504375 0.858401115625 0.3423076703125 0.8552852218749999 0.352069315625
1 0.9122684968750001 0.5150606234375 0.8989058609375 0.5138491968750001 0.894931353125 0.519458446875 0.8962431890625 0.5319429078125 0.9055994984375 0.5373749046875 0.9116885421875001 0.5345157421875 0.9146057796875 0.52753145 0.9122684968750001 0.5150606234375
1 0.7575195453125 0.57047549375 0.77134423125 0.5730755984375 0.7754135546875001 0.566077671875 0.774059584375 0.553593209375 0.7591436703125 0.5496180640625 0.7575195453125 0.57047549375
1 0.5950535796875001 0.3052967796875 0.59359270625 0.2955896734375 0.581628203125 0.2971146984375 0.5843637390625 0.30958552500000003 0.5950535796875001 0.3052967796875
1 0.659087553125 0.25833874843750004 0.6587652265624999 0.24722932968750003 0.6496764453125 0.24732477187500002 0.64732139375 0.25568410468749997 0.659087553125 0.25833874843750004
1 0.138773665625 0.3063024203125 0.14090134999999998 0.29516573125 0.128679925 0.2925247234375 0.1277668453125 0.30364777656249997 0.138773665625 0.3063024203125
1 0.46544143125000004 0.4449982921875 0.47013510781249995 0.45327581875 0.4801913765625 0.45176442968749997 0.4808950890625 0.435086665625 0.4663191078125 0.4352639171875 0.46544143125000004 0.4449982921875
1 0.54480168125 0.42555475 0.5473486484375 0.43802557656249996 0.5585577578125 0.43927790624999996 0.5603765375 0.42258650937500003 0.548015309375 0.4199591359375 0.54480168125 0.42555475
1 0.5242427609375 0.277361678125 0.5226350359375 0.2662658953125 0.512331165625 0.26637497187500003 0.514018828125 0.2802481109375 0.5242427609375 0.277361678125
1 0.5438253265624999 0.2575656921875 0.544848509375 0.2492199953125 0.5334940765625 0.24795402968750002 0.532470896875 0.256299728125 0.5438253265624999 0.2575656921875
1 0.3451237296875 0.4457911671875 0.3424331625 0.42915430781249997 0.330063371875 0.43347032187499995 0.332683553125 0.447329825 0.3451237296875 0.4457911671875
1 0.6488239171875 0.27518012812500003 0.6498109375000001 0.26405707500000003 0.6392664609375001 0.262777475 0.6382386953125 0.27251185 0.6488239171875 0.27518012812500003
1 0.621762940625 0.26871395468750003 0.6189282578124999 0.2604091609375 0.6099725421875 0.2646706359375 0.6115105921875 0.2729890640625 0.621762940625 0.26871395468750003
1 0.5788249734375001 0.270852540625 0.5785313875 0.2611317984375 0.5677187499999999 0.2612408765625 0.569405859375 0.27233666093750003 0.5788249734375001 0.270852540625
1 0.6396937765625 0.3559143 0.6381613734375 0.3434298375 0.6262199203125001 0.34495486249999996 0.62778949375 0.3588280015625 0.6396937765625 0.3559143
1 0.516067859375 0.25666786406250003 0.5144938265625 0.24696075781250001 0.5042289828125 0.249847190625 0.5057628859375 0.25816561875 0.516067859375 0.25666786406250003
1 0.6408009578125 0.28505085 0.6370440296875 0.2753710140625 0.626642928125 0.27965975625 0.6303636203125 0.28795091875 0.6408009578125 0.28505085
1 0.8484848484375 0.2758693125 0.8469910734375 0.2689395609375 0.8366459734375 0.2690486390625 0.8382601296875001 0.280144421875 0.8484848484375 0.2758693125
1 0.9276136875000001 0.38137946093749997 0.9396096921874999 0.379840803125 0.9415254609374999 0.3687041140625 0.9381427562500001 0.36457898593750004 0.9251209953125 0.368908634375 0.9276136875000001 0.38137946093749997
1 0.5766584156250001 0.36811449375 0.5787170796875001 0.3542004515625 0.567676146875 0.351545809375 0.56565529375 0.36684852968750004 0.5766584156250001 0.36811449375
1 0.45534648437499997 0.35356374375 0.4573751375 0.34103837812500004 0.4455123953125 0.3383973703125 0.4434837421875 0.3509227359375 0.45534648437499997 0.35356374375
1 0.368551478125 0.48975162812499995 0.3720631984375 0.496654109375 0.3842717703125 0.49511545312500005 0.3838573140625 0.47845132343749996 0.3716832796875 0.4813786609375 0.368551478125 0.48975162812499995