3 0.09140625 0.34609375 0.09375 0.0734375
2 0.76640625 0.215625 0.1046875 0.05625
1 0.284375 0.58125 0.0328125 0.0171875
3 0.328125 0.3484375 0.0703125 0.0859375
1 0.3140625 0.89375 0.03125 0.0171875
1 0.94296875 0.39765625 0.0296875 0.0140625
4 0.7046875 0.81171875 0.0734375 0.0640625
3 0.31328125 0.465625 0.1234375 0.1171875
1 0.865625 0.4125 0.0296875 0.0140625
3 0.11796875 0.84375 0.0703125 0.0578125
1 0.784375 0.56015625 0.0328125 0.021875
1 0.32578125 0.584375 0.03125 0.0171875
1 0.9703125 0.43046875 0.03125 0.015625
2 0.24453125 0.23125 0.1140625 0.046875
1 0.559375 0.4859375 0.0296875 0.0171875
1 0.58125 0.4 0.0296875 0.0140625
1 0.26015625 0.56875 0.0328125 0.0203125
1 0.06796875 0.5171875 0.03125 0.0171875
1 0.2046875 0.4390625 0.0265625 0.0140625
1 0.50703125 0.36875 0.028125 0.0125
1 0.3 0.896875 0.03125 0.0171875
1 0.103125 0.4484375 0.0296875 0.0140625
1 0.3796875 0.425 0.028125 0.0140625
1 0.6765625 0.38828125 0.028125 0.0125
1 0.25625 0.446875 0.028125 0.0140625
1 0.6546875 0.540625 0.0328125 0.0203125
1 0.6203125 0.484375 0.0296875 0.015625
1 0.4328125 0.5421875 0.0296875 0.01875
4 0.7859375 0.44375 0.1171875 0.13125
1 0.3828125 0.44609375 0.0296875 0.0140625
1 0.10703125 0.46875 0.03125 0.015625
1 0.6265625 0.5 0.03125 0.015625
1 0.64453125 0.37109375 0.028125 0.0125
1 0.41796875 0.4578125 0.028125 0.015625
1 0.5671875 0.43125 0.0296875 0.0140625
1 0.69453125 0.4421875 0.0296875 0.0140625
1 0.6953125 0.36328125 0.03125 0.0125
1 0.0953125 0.46875 0.03125 0.015625
1 0.265625 0.890625 0.0296875 0.0171875
1 0.69765625 0.415625 0.0296875 0.0125
1 0.63125 0.52578125 0.03125 0.0171875
1 0.5375 0.38359375 0.028125 0.0125
1 0.2890625 0.55 0.03125 0.01875
1 0.46171875 0.61484375 0.03125 0.015625
1 0.6078125 0.3734375 0.028125 0.0109375
1 0.6546875 0.440625 0.0296875 0.015625
1 0.3671875 0.90390625 0.0328125 0.0125
1 0.58125 0.3671875 0.028125 0.0109375
1 0.15625 0.31171875 0.0265625 0.009375
1 0.55859375 0.58203125 0.0328125 0.021875
1 0.5328125 0.33046875 0.0265625 0.0109375
1 0.4671875 0.64609375 0.03125 0.0109375
1 0.91171875 0.8984375 0.0375 0.0296875
4 0.55546875 0.82890625 0.09375 0.084375
1 0.3296875 0.62734375 0.0328125 0.0203125
1 0.01953125 0.409375 0.0296875 0.0125
1 0.54140625 0.43359375 0.0296875 0.015625
1 0.5125 0.35 0.0265625 0.0109375
1 0.41171875 0.64140625 0.0328125 0.0203125
1 0.63984375 0.4828125 0.03125 0.0171875
1 0.353125 0.44609375 0.0296875 0.0140625
1 0.8421875 0.30078125 0.028125 0.0109375
1 0.61953125 0.55234375 0.028125 0.0140625
1 0.8390625 0.32421875 0.0265625 0.0109375
1 0.61796875 0.403125 0.028125 0.0109375
1 0.58828125 0.38203125 0.028125 0.0125
1 0.09921875 0.0609375 0.0296875 0.0140625
1 0.5515625 0.42890625 0.0296875 0.0140625
1 0.89140625 0.29375 0.028125 0.0109375
1 0.60390625 0.3390625 0.0265625 0.0109375
1 0.1859375 0.34609375 0.0265625 0.0109375
1 0.40234375 0.45390625 0.0296875 0.0140625
1 0.190625 0.39296875 0.028125 0.0125
1 0.43125 0.35703125 0.028125 0.0109375
1 0.24765625 0.85703125 0.0265625 0.009375
1 0.19609375 0.84921875 0.025 0.0078125
1 0.72890625 0.84140625 0.0265625 0.009375
1 0.825 0.31015625 0.028125 0.0109375
1 0.63203125 0.3828125 0.028125 0.0125
1 0.3703125 0.37578125 0.0296875 0.015625
1 0.61796875 0.4234375 0.0296875 0.0140625
1 0.709375 0.428125 0.0296875 0.0140625
1 0.390625 0.36640625 0.028125 0.0140625
1 0.55859375 0.396875 0.0296875 0.015625
1 0.2671875 0.525 0.03125 0.015625
1 0.9125 0.31171875 0.028125 0.0109375
1 0.46875 0.37578125 0.028125 0.0140625
1 0.28984375 0.86171875 0.028125 0.0125
1 0.58046875 0.31484375 0.028125 0.0109375
1 0.4578125 0.3703125 0.028125 0.0109375
1 0.7234375 0.44453125 0.0296875 0.015625
1 0.6109375 0.38671875 0.028125 0.0140625
1 0.275 0.86328125 0.028125 0.0125
1 0.4890625 0.32265625 0.0265625 0.0109375
1 0.35 0.41875 0.028125 0.0125
1 0.35546875 0.3515625 0.0265625 0.0125
1 0.6296875 0.43359375 0.03125 0.015625
1 0.29453125 0.35 0.028125 0.0140625
1 0.25546875 0.51484375 0.0296875 0.015625
1 0.6734375 0.40546875 0.0296875 0.0125
1 0.3546875 0.871875 0.0296875 0.0140625
1 0.378125 0.3453125 0.028125 0.009375
1 0.8390625 0.84453125 0.0265625 0.0109375
1 0.66328125 0.4375 0.0296875 0.0125
1 0.74296875 0.43046875 0.028125 0.009375
1 0.4 0.40234375 0.0328125 0.0140625
1 0.3375 0.4015625 0.028125 0.0109375
0 0.0890625 0.19765625 0.028125 0.0140625
1 0.71875 0.43046875 0.0296875 0.0109375
1 0.69921875 0.84609375 0.028125 0.0109375
1 0.690625 0.32421875 0.0265625 0.009375
1 0.14921875 0.2984375 0.028125 0.0109375
1 0.11640625 0.1046875 0.0296875 0.015625
1 0.528125 0.43046875 0.028125 0.0109375
1 0.4453125 0.35390625 0.0296875 0.0125
0 0.8859375 0.0109375 0.03125 0.015625
1 0.421875 0.3515625 0.028125 0.0125
1 0.37890625 0.36015625 0.028125 0.0125
1 0.01171875 0.4109375 0.0234375 0.0125
1 0.2578125 0.49921875 0.028125 0.0109375
1 0.92734375 0.84140625 0.0265625 0.0125
1 0.14375 0.32734375 0.028125 0.0109375
1 0.540625 0.41640625 0.03125 0.015625
1 0.38671875 0.334375 0.028125 0.015625
1 0.2703125 0.50625 0.0296875 0.0125
1 0.6734375 0.43203125 0.03125 0.015625
1 0.73359375 0.4421875 0.028125 0.015625
1 0.0890625 0.87890625 0.0328125 0.015625
1 0.6640625 0.3765625 0.028125 0.009375
1 0.63515625 0.4125 0.028125 0.0109375
1 0.60078125 0.3265625 0.025 0.009375
1 0.03828125 0.38671875 0.028125 0.0109375
1 0.50078125 0.35546875 0.0265625 0.0109375
1 0.6453125 0.296875 0.028125 0.009375
1 0.6421875 0.42578125 0.028125 0.0125
1 0.56171875 0.31484375 0.028125 0.0125
1 0.69921875 0.42890625 0.0296875 0.0125
1 0.65234375 0.31640625 0.028125 0.0109375
1 0.28125 0.84765625 0.0296875 0.009375
1 0.63984375 0.34296875 0.03125 0.0140625
1 0.4078125 0.353125 0.0296875 0.0125
1 0.05546875 0.37578125 0.028125 0.0125
1 0.91328125 0.98203125 0.034375 0.0171875
1 0.48671875 0.303125 0.028125 0.009375
1 0.50546875 0.296875 0.028125 0.0125
1 0.36640625 0.33359375 0.028125 0.0109375
1 0.60859375 0.321875 0.0296875 0.0109375
1 0.55078125 0.903125 0.0328125 0.009375
1 0.66484375 0.39296875 0.0296875 0.015625
1 0.38828125 0.3109375 0.0265625 0.009375
1 0.61875 0.33046875 0.0296875 0.0125
1 0.8375 0.6203125 0.0328125 0.0125
1 0.5296875 0.41875 0.028125 0.009375
1 0.40390625 0.32265625 0.028125 0.009375
3 0.46875 0.8296875 0.0578125 0.0515625
1 0.52734375 0.403125 0.028125 0.009375
1 0.26171875 0.4703125 0.028125 0.009375
1 0.28984375 0.840625 0.0265625 0.009375
1 0.0078125 0.4984375 0.015625 0.009375
1 0.0984375 0.8625 0.0265625 0.0109375
1 0.34765625 0.3078125 0.0265625 0.009375
1 0.046875 0.38515625 0.028125 0.0125
1 0.66640625 0.334375 0.0296875 0.0171875
1 0.53046875 0.30703125 0.028125 0.015625
1 0.4203125 0.32734375 0.0265625 0.009375
1 0.29453125 0.32109375 0.0296875 0.0125
1 0.128125 0.32890625 0.0265625 0.009375
1 0.42109375 0.81171875 0.0265625 0.009375
1 0.84609375 0.83984375 0.0265625 0.009375
1 0.4328125 0.32890625 0.0265625 0.0109375
1 0.253125 0.85 0.028125 0.0078125
1 0.65234375 0.33828125 0.0296875 0.0125
1 0.3921875 0.44609375 0.028125 0.0140625
1 0.56953125 0.41640625 0.03125 0.0140625
1 0.63046875 0.31875 0.0265625 0.0078125
1 0.4953125 0.29609375 0.0296875 0.0125