4 0.38671875 0.35859375 0.07890625 0.0953125
2 0.7703125 0.21953125 0.08828125 0.06015625
3 0.70546875 0.51015625 0.1 0.1125
4 0.8734375 0.88046875 0.0859375 0.12890625
3 0.2265625 0.82578125 0.0390625 0.04375
1 0.16015625 0.4296875 0.01015625 0.015625
1 0.01484375 0.4671875 0.0109375 0.01875
1 0.89453125 0.403125 0.01015625 0.01640625
1 0.61875 0.53125 0.01328125 0.021875
1 0.6265625 0.4515625 0.01015625 0.0171875
1 0.828125 0.5734375 0.01328125 0.0234375
2 0.24921875 0.2265625 0.09140625 0.05
1 0.896875 0.35625 0.00859375 0.015625
1 0.71015625 0.4234375 0.01015625 0.0171875
1 0.925 0.39609375 0.01015625 0.01640625
1 0.15 0.390625 0.00859375 0.01484375
4 0.18671875 0.82890625 0.046875 0.0484375
1 0.65703125 0.39296875 0.00859375 0.01640625
1 0.5453125 0.3921875 0.00859375 0.015625
1 0.72890625 0.58203125 0.0140625 0.021875
1 0.86953125 0.56484375 0.0140625 0.021875
1 0.48984375 0.453125 0.0109375 0.01875
1 0.26796875 0.50859375 0.01171875 0.01953125
1 0.84609375 0.35859375 0.009375 0.01640625
1 0.86875 0.5890625 0.01484375 0.01875
1 0.73046875 0.4484375 0.009375 0.0171875
1 0.6828125 0.384375 0.009375 0.01640625
1 0.55546875 0.45859375 0.01015625 0.01953125
1 0.384375 0.56484375 0.0125 0.02421875
1 0.44609375 0.36953125 0.0078125 0.01484375
1 0.29921875 0.45546875 0.01171875 0.01796875
1 0.075 0.44765625 0.0109375 0.01796875
1 0.975 0.4234375 0.01171875 0.01796875
1 0.10859375 0.428125 0.01015625 0.0171875
1 0.784375 0.56328125 0.01328125 0.0234375
1 0.3359375 0.39296875 0.009375 0.015625
1 0.28515625 0.85625 0.0078125 0.01328125
1 0.30625 0.434375 0.01015625 0.01640625
1 0.59921875 0.35859375 0.00859375 0.015625
1 0.2390625 0.89140625 0.0125 0.01953125
1 0.1234375 0.41640625 0.01015625 0.01640625
1 0.69453125 0.428125 0.01015625 0.0171875
1 0.31015625 0.47734375 0.01171875 0.01796875
1 0.86953125 0.375 0.009375 0.01640625
1 0.28984375 0.484375 0.0125 0.01953125
1 0.3484375 0.5359375 0.0125 0.02265625
1 0.17578125 0.38984375 0.009375 0.015625
1 0.9890625 0.42734375 0.01328125 0.01796875
1 0.15390625 0.36953125 0.0078125 0.01328125
1 0.33203125 0.4953125 0.00859375 0.01484375
1 0.6796875 0.4171875 0.009375 0.01484375
1 0.25625 0.8640625 0.0078125 0.01328125
1 0.5359375 0.640625 0.0109375 0.01953125
1 0.61640625 0.35078125 0.0078125 0.01484375
1 0.64140625 0.5953125 0.01171875 0.015625
1 0.2046875 0.90703125 0.01484375 0.025
1 0.19140625 0.85546875 0.0078125 0.01328125
1 0.178125 0.34375 0.0078125 0.0140625
1 0.46875 0.64296875 0.01328125 0.0171875
1 0.75859375 0.5734375 0.01328125 0.0203125
1 0.278125 0.4828125 0.0109375 0.01796875
1 0.70546875 0.57734375 0.01328125 0.02265625
1 0.90703125 0.35390625 0.00859375 0.01484375
1 0.05703125 0.4015625 0.009375 0.01484375
1 0.678125 0.615625 0.0109375 0.0140625
1 0.3 0.875 0.01015625 0.0171875
1 0.53125 0.3703125 0.00859375 0.01484375
1 0.54296875 0.37265625 0.00859375 0.01484375
1 0.30078125 0.41953125 0.00859375 0.0140625
1 0.84453125 0.34296875 0.00859375 0.01328125
1 0.02890625 0.40078125 0.0109375 0.01796875
1 0.77265625 0.8765625 0.01015625 0.01875
1 0.0578125 0.43828125 0.0109375 0.0171875
1 0.2171875 0.88203125 0.01015625 0.0171875
1 0.22421875 0.9640625 0.0203125 0.03671875
1 0.15546875 0.34765625 0.0078125 0.01328125
1 0.634375 0.3296875 0.009375 0.01328125
1 0.94296875 0.928125 0.0171875 0.0265625
1 0.27890625 0.4546875 0.00859375 0.01484375
1 0.0734375 0.42421875 0.0109375 0.0203125
1 0.1109375 0.934375 0.01796875 0.03125
1 0.17578125 0.975 0.021875 0.03984375
1 0.1015625 0.90625 0.0140625 0.02109375
1 0.575 0.33671875 0.00859375 0.01484375
1 0.73046875 0.8515625 0.00703125 0.0125
1 0.66328125 0.59375 0.0125 0.01640625
1 0.090625 0.403125 0.01015625 0.015625
1 0.48984375 0.646875 0.01171875 0.01328125
1 0.840625 0.31875 0.00859375 0.01484375
1 0.1046875 0.36484375 0.0078125 0.0140625
1 0.67265625 0.5796875 0.0140625 0.01796875
1 0.09296875 0.42578125 0.01015625 0.015625
1 0.62734375 0.3078125 0.00625 0.0125
1 0.22265625 0.86640625 0.0078125 0.0140625
1 0.41875 0.30859375 0.00703125 0.01171875
1 0.8828125 0.9390625 0.01875 0.021875
1 0.63125 0.575 0.009375 0.01796875
1 0.79140625 0.86484375 0.009375 0.0171875
1 0.7734375 0.52890625 0.009375 0.0140625
1 0.1671875 0.85078125 0.0078125 0.01171875
1 0.87109375 0.3015625 0.00859375 0.0125
1 0.6921875 0.5796875 0.01328125 0.0234375
1 0.8890625 0.33671875 0.0078125 0.01328125
1 0.06953125 0.4015625 0.01015625 0.01640625
1 0.66953125 0.5640625 0.0125 0.015625
1 0.15859375 0.8734375 0.00703125 0.01484375
1 0.7453125 0.55859375 0.01171875 0.0203125
1 0.8265625 0.890625 0.01171875 0.01875
1 0.1734375 0.32890625 0.009375 0.01328125
1 0.83984375 0.3 0.00703125 0.0109375
1 0.69453125 0.646875 0.01015625 0.01015625
1 0.93984375 0.340625 0.01015625 0.015625
1 0.1828125 0.88203125 0.01015625 0.0171875
1 0.1734375 0.87421875 0.009375 0.015625
1 0.815625 0.85390625 0.0078125 0.0125
1 0.4203125 0.85 0.00625 0.009375
1 0.76953125 0.55546875 0.0140625 0.02109375
1 0.675 0.346875 0.01015625 0.0140625
1 0.15546875 0.33046875 0.00859375 0.0125
1 0.05546875 0.3875 0.009375 0.01328125
1 0.89140625 0.32421875 0.00703125 0.01015625
1 0.81484375 0.87734375 0.01015625 0.01640625
1 0.4796875 0.30234375 0.0078125 0.0125
1 0.61953125 0.296875 0.0078125 0.0125
1 0.8421875 0.33203125 0.0078125 0.0109375
1 0.46640625 0.3015625 0.0078125 0.01171875
1 0.9875 0.37890625 0.0109375 0.01484375
1 0.13125 0.8734375 0.009375 0.01640625
1 0.13125 0.853125 0.00859375 0.01171875
1 0.55546875 0.29765625 0.0078125 0.01171875
1 0.08359375 0.425 0.009375 0.01796875
1 0.234375 0.871875 0.00859375 0.0125
1 0.28984375 0.46796875 0.01171875 0.0125
1 0.109375 0.33515625 0.00859375 0.01328125
1 0.3375 0.34140625 0.00703125 0.01171875
1 0.20703125 0.88046875 0.009375 0.0171875
1 0.096875 0.87109375 0.00859375 0.01640625
1 0.8296875 0.853125 0.0078125 0.01171875
1 0.17734375 0.315625 0.00703125 0.0109375
1 0.490625 0.2953125 0.0078125 0.0125
1 0.12265625 0.871875 0.01015625 0.01484375
1 0.16015625 0.84296875 0.00703125 0.0125
1 0.0796875 0.40078125 0.01171875 0.01796875
1 0.33125 0.353125 0.0078125 0.01171875
4 0.98359375 0.503125 0.0328125 0.05859375
1 0.7546875 0.8484375 0.00703125 0.0125
1 0.24921875 0.98203125 0.02265625 0.0328125
1 0.290625 0.45625 0.0078125 0.0125
1 0.8078125 0.8421875 0.00703125 0.0109375
1 0.27734375 0.465625 0.01015625 0.01171875
1 0.928125 0.32734375 0.01015625 0.0140625
1 0.1234375 0.3296875 0.01015625 0.0140625
1 0.3390625 0.37578125 0.00859375 0.01328125
1 0.4328125 0.85234375 0.0078125 0.00859375
1 0.88671875 0.30234375 0.0109375 0.0125
1 0.928125 0.996875 0.01015625 0.00625
1 0.29296875 0.51328125 0.00546875 0.0125
1 0.3703125 0.62578125 0.0125 0.02109375
1 0.78359375 0.84609375 0.0078125 0.01171875
1 0.7390625 0.84296875 0.00703125 0.01171875
1 0.915625 0.31875 0.01015625 0.01328125
1 0.9546875 0.9828125 0.015625 0.02265625
4 0.98203125 0.88515625 0.0359375 0.1609375
1 0.4625 0.853125 0.009375 0.01015625
1 0.35546875 0.32890625 0.009375 0.0125
1 0.0734375 0.37578125 0.01015625 0.0140625