4 0.68046875 0.51796875 0.1453125 0.159375
3 0.6484375 0.36640625 0.1046875 0.0921875
2 0.7546875 0.20546875 0.11875 0.06875
4 0.29375 0.840625 0.078125 0.053125
1 0.775 0.540625 0.0421875 0.0265625
1 0.08046875 0.50390625 0.0421875 0.0234375
1 0.96796875 0.39296875 0.040625 0.0203125
1 0.38046875 0.39765625 0.0375 0.0171875
1 0.678125 0.4125 0.040625 0.0203125
1 0.6015625 0.45 0.0390625 0.0203125
1 0.81484375 0.43046875 0.0390625 0.021875
1 0.7015625 0.33515625 0.0390625 0.0203125
1 0.33984375 0.47421875 0.0390625 0.021875
1 0.84140625 0.62578125 0.04375 0.0203125
1 0.5265625 0.4421875 0.040625 0.021875
0 0.109375 0.28671875 0.04375 0.0265625
1 0.440625 0.50703125 0.040625 0.021875
1 0.3546875 0.55546875 0.0421875 0.0265625
1 0.025 0.59140625 0.040625 0.0203125
0 0.221875 0.17890625 0.040625 0.021875
1 0.4671875 0.44375 0.0359375 0.01875
1 0.6390625 0.8796875 0.0421875 0.025
1 0.54296875 0.46875 0.040625 0.0234375
0 0.12734375 0.18984375 0.0421875 0.025
4 0.28359375 0.490625 0.1265625 0.1234375
1 0.15390625 0.45390625 0.0390625 0.0203125
1 0.63984375 0.8625 0.0390625 0.01875
1 0.40625 0.89609375 0.0421875 0.0265625
1 0.3203125 0.44453125 0.0375 0.0203125
1 0.375 0.90546875 0.0421875 0.021875
0 0.13828125 0.14375 0.04375 0.028125
1 0.0484375 0.52734375 0.040625 0.0203125
1 0.6078125 0.43203125 0.0390625 0.021875
1 0.69453125 0.41015625 0.0390625 0.0203125
1 0.7859375 0.62578125 0.04375 0.021875
1 0.40078125 0.41171875 0.0375 0.01875
0 0.090625 0.2453125 0.04375 0.0265625
1 0.878125 0.87578125 0.0421875 0.0234375
1 0.50234375 0.434375 0.0390625 0.0203125
1 0.40703125 0.44453125 0.040625 0.0203125
1 0.1171875 0.46484375 0.0390625 0.0203125
1 0.43515625 0.43359375 0.0390625 0.0203125
1 0.04296875 0.46171875 0.04375 0.025
1 0.265625 0.56171875 0.0421875 0.0265625
1 0.53671875 0.33203125 0.0359375 0.0171875
1 0.68671875 0.85 0.0390625 0.0203125
0 0.16953125 0.1296875 0.0421875 0.025
0 0.209375 0.24453125 0.0390625 0.01875
1 0.30390625 0.40703125 0.0390625 0.0203125
1 0.3171875 0.89765625 0.040625 0.0234375
1 0.21171875 0.4578125 0.0390625 0.0203125
0 0.11328125 0.18984375 0.0390625 0.0234375
0 0.4203125 0.8015625 0.05 0.0421875
1 0.70546875 0.41328125 0.040625 0.0234375
1 0.18359375 0.37265625 0.040625 0.021875
0 0.1765625 0.2515625 0.040625 0.0234375
1 0.0375 0.44375 0.0390625 0.0203125
1 0.3671875 0.88671875 0.0390625 0.0203125
1 0.56953125 0.4 0.0390625 0.01875
1 0.96171875 0.375 0.0390625 0.01875
1 0.971875 0.3578125 0.040625 0.01875
1 0.85625 0.87109375 0.040625 0.0234375
1 0.3453125 0.40546875 0.0390625 0.0203125
1 0.34609375 0.3890625 0.0375 0.0171875
1 0.290625 0.428125 0.040625 0.0203125
1 0.3671875 0.39296875 0.0390625 0.01875
1 0.1890625 0.4328125 0.0390625 0.01875
1 0.55 0.40390625 0.0390625 0.01875
1 0.47890625 0.3921875 0.0375 0.0171875
1 0.33046875 0.4109375 0.0390625 0.0171875
1 0.103125 0.46171875 0.0390625 0.01875
1 0.11796875 0.40078125 0.0390625 0.01875
1 0.4234375 0.88671875 0.0390625 0.0234375
1 0.62890625 0.55390625 0.040625 0.0234375
1 0.3328125 0.3890625 0.0375 0.0171875
1 0.50234375 0.5828125 0.0421875 0.0265625
1 0.38125 0.44765625 0.0390625 0.0203125
1 0.2421875 0.43984375 0.040625 0.0234375
1 0.98671875 0.396875 0.0265625 0.01875
1 0.23125 0.946875 0.0453125 0.0328125
1 0.1484375 0.4171875 0.0375 0.01875
1 0.103125 0.6703125 0.0421875 0.0171875
1 0.53515625 0.403125 0.0390625 0.0203125
1 0.05 0.54609375 0.0421875 0.025
1 0.10234375 0.4453125 0.040625 0.021875
1 0.3125 0.384375 0.0359375 0.01875
1 0.215625 0.52578125 0.040625 0.0234375
1 0.42421875 0.4078125 0.0359375 0.015625
1 0.43671875 0.46953125 0.040625 0.021875
1 0.15859375 0.47890625 0.0390625 0.01875
0 0.21640625 0.2546875 0.0375 0.0171875
1 0.1046875 0.37421875 0.0375 0.0171875
1 0.5625 0.3875 0.0375 0.01875
1 0.3234375 0.34765625 0.0359375 0.0171875
1 0.353125 0.87734375 0.0359375 0.0171875
1 0.0640625 0.44375 0.0390625 0.01875
1 0.2765625 0.4140625 0.040625 0.0203125
0 0.23203125 0.2296875 0.0375 0.01875
1 0.5453125 0.3625 0.0375 0.0171875
1 0.17109375 0.41796875 0.0390625 0.01875
1 0.8703125 0.30859375 0.0359375 0.0171875
1 0.25859375 0.97109375 0.0484375 0.0359375
1 0.1984375 0.9015625 0.040625 0.021875
1 0.05390625 0.44296875 0.040625 0.021875
0 0.24140625 0.19921875 0.0390625 0.0203125
0 0.121875 0.13203125 0.0421875 0.0234375
0 0.125 0.096875 0.04375 0.0265625
1 0.55078125 0.38984375 0.0375 0.0171875
1 0.075 0.40390625 0.0375 0.01875
1 0.2859375 0.98203125 0.046875 0.0359375
1 0.83203125 0.2828125 0.0359375 0.015625
1 0.5328125 0.30390625 0.0359375 0.015625
1 0.39609375 0.36015625 0.0359375 0.0171875
1 0.45625 0.38828125 0.0390625 0.0203125
1 0.203125 0.95390625 0.046875 0.0328125
1 0.30546875 0.8828125 0.0390625 0.01875
1 0.61953125 0.390625 0.0390625 0.0203125
1 0.89296875 0.30078125 0.0375 0.0171875
1 0.528125 0.38203125 0.0375 0.0171875
1 0.70234375 0.309375 0.0390625 0.01875
1 0.33828125 0.4234375 0.0375 0.0171875
1 0.346875 0.8953125 0.040625 0.0234375
1 0.57578125 0.30625 0.0359375 0.0171875
1 0.140625 0.45703125 0.040625 0.01875
1 0.47890625 0.9046875 0.0390625 0.015625
1 0.515625 0.36953125 0.0390625 0.01875
1 0.8203125 0.3015625 0.0359375 0.015625
1 0.75625 0.8265625 0.034375 0.0140625
1 0.828125 0.9328125 0.05 0.040625
1 0.7 0.3921875 0.0359375 0.015625
1 0.38984375 0.43515625 0.0375 0.0171875
1 0.44375 0.30703125 0.0359375 0.015625
1 0.1546875 0.36640625 0.0390625 0.0203125
1 0.91875 0.33828125 0.0390625 0.01875
1 0.028125 0.66875 0.040625 0.0265625
1 0.296875 0.3359375 0.0375 0.01875
1 0.1828125 0.953125 0.0453125 0.03125
1 0.7984375 0.825 0.0359375 0.0140625
1 0.184375 0.4109375 0.0375 0.01875
1 0.33828125 0.8765625 0.0375 0.0171875
1 0.959375 0.59453125 0.04375 0.0234375
1 0.91796875 0.85546875 0.040625 0.01875
1 0.49609375 0.39921875 0.0390625 0.0203125
1 0.97265625 0.34140625 0.0390625 0.015625
1 0.90625 0.29296875 0.0375 0.015625
1 0.92734375 0.30859375 0.0390625 0.0171875
2 0.23203125 0.2375 0.121875 0.0609375
1 0.3765625 0.87421875 0.0390625 0.01875
1 0.8234375 0.82578125 0.034375 0.0140625
1 0.84296875 0.2828125 0.0359375 0.015625
1 0.13125 0.96015625 0.046875 0.0296875
1 0.22265625 0.98671875 0.0515625 0.0265625
1 0.15390625 0.6375 0.0421875 0.025
1 0.89765625 0.92578125 0.046875 0.0328125
1 0.78125 0.82734375 0.034375 0.015625
0 0.4796875 0.76328125 0.0390625 0.0234375
1 0.465625 0.38125 0.0390625 0.01875
1 0.28125 0.8625 0.0375 0.0140625
1 0.85 0.93203125 0.05 0.0390625
1 0.50078125 0.90546875 0.0375 0.0140625
1 0.5546875 0.3484375 0.0390625 0.0171875
0 0.1046875 0.09296875 0.0421875 0.0265625
1 0.76171875 0.83203125 0.0359375 0.015625
1 0.2421875 0.88046875 0.0359375 0.0140625
1 0.88359375 0.2859375 0.040625 0.0203125
3 0.1046875 0.5828125 0.1640625 0.14375
1 0.78671875 0.834375 0.034375 0.015625
1 0.1890625 0.9234375 0.0421875 0.021875
1 0.24453125 0.6625 0.040625 0.0171875
1 0.15625 0.95 0.046875 0.0296875
1 0.3375 0.859375 0.0359375 0.0171875
1 0.33125 0.31640625 0.0375 0.021875
1 0.2265625 0.8578125 0.034375 0.0140625
1 0.19296875 0.884375 0.0390625 0.01875
1 0.59296875 0.84140625 0.0375 0.015625
1 0.89609375 0.8484375 0.0375 0.0171875
1 0.125 0.353125 0.0375 0.015625
0 0.4734375 0.79296875 0.0375 0.0171875
1 0.38203125 0.3828125 0.0390625 0.015625
1 0.2671875 0.4 0.040625 0.025
0 0.25 0.19609375 0.0375 0.0203125
1 0.2453125 0.89609375 0.040625 0.01875
0 0.2296875 0.24375 0.0390625 0.0171875
1 0.978125 0.90546875 0.04375 0.0296875
0 0.45078125 0.80703125 0.0421875 0.0265625
1 0.859375 0.28046875 0.0375 0.015625
0 0.4828125 0.81640625 0.040625 0.0234375
1 0.06796875 0.41796875 0.040625 0.0171875
1 0.93125 0.96796875 0.05 0.0234375
1 0.04921875 0.40703125 0.0375 0.0171875
1 0.4453125 0.52578125 0.0390625 0.021875
1 0.0859375 0.434375 0.0375 0.01875
1 0.253125 0.85546875 0.0375 0.0140625
1 0.1609375 0.3234375 0.0375 0.0171875
1 0.94375 0.84921875 0.0390625 0.01875
1 0.86484375 0.29765625 0.0390625 0.0171875
0 0.41015625 0.81484375 0.0390625 0.0234375
1 0.21796875 0.9 0.040625 0.021875
1 0.86953125 0.9296875 0.0484375 0.03125
1 0.340625 0.33125 0.0375 0.0171875
1 0.96015625 0.9015625 0.0453125 0.034375
1 0.115625 0.9546875 0.04375 0.025
1 0.459375 0.853125 0.0375 0.0171875
1 0.2296875 0.8984375 0.0390625 0.021875
0 0.73828125 0.165625 0.0390625 0.01875
0 0.39609375 0.7765625 0.0390625 0.0203125
1 0.87421875 0.86015625 0.034375 0.0140625
1 0.92578125 0.8296875 0.0359375 0.015625
1 0.42890625 0.31171875 0.0359375 0.015625
1 0.12265625 0.921875 0.040625 0.0203125
1 0.81328125 0.2875 0.0375 0.0140625
1 0.10703125 0.35859375 0.0359375 0.0171875
1 0.446875 0.86015625 0.0375 0.0171875
1 0.3578125 0.3328125 0.0375 0.0171875
1 0.15546875 0.3390625 0.0390625 0.015625