3 0.21796875 0.82734375 0.0484375 0.04375
3 0.090625 0.37265625 0.0703125 0.08046875
4 0.83671875 0.3265625 0.03828125 0.06796875
1 0.9546875 0.40390625 0.01015625 0.01640625
3 0.05234375 0.50546875 0.10390625 0.109375
4 0.80234375 0.83359375 0.06171875 0.0578125
1 0.67890625 0.5953125 0.0125 0.01484375
1 0.846875 0.38359375 0.009375 0.01640625
1 0.878125 0.4203125 0.01015625 0.01640625
2 0.77265625 0.2203125 0.08515625 0.0578125
1 0.5765625 0.53046875 0.01328125 0.021875
1 0.5921875 0.55078125 0.01328125 0.02109375
0 0.80703125 0.16640625 0.01171875 0.0203125
0 0.78828125 0.18828125 0.0125 0.0203125
1 0.45703125 0.4234375 0.009375 0.01640625
1 0.23359375 0.41953125 0.0125 0.0203125
1 0.6765625 0.528125 0.01171875 0.0203125
1 0.26640625 0.50390625 0.01171875 0.0203125
0 0.21875 0.1421875 0.0125 0.0203125
1 0.59765625 0.409375 0.01015625 0.0171875
1 0.628125 0.415625 0.01015625 0.015625
1 0.5953125 0.57421875 0.01484375 0.0234375
0 0.2046875 0.22578125 0.01171875 0.0203125
1 0.16875 0.89453125 0.01484375 0.02734375
1 0.5546875 0.5078125 0.0109375 0.0203125
1 0.5515625 0.43203125 0.01015625 0.01796875
1 0.19375 0.35703125 0.00859375 0.01484375
1 0.378125 0.47734375 0.01171875 0.01875
1 0.45078125 0.4421875 0.0109375 0.0203125
0 0.24375 0.1796875 0.01015625 0.01875
1 0.54453125 0.36796875 0.00859375 0.0140625
1 0.64296875 0.4359375 0.01015625 0.01875
1 0.28046875 0.49375 0.0109375 0.01875
1 0.65546875 0.53671875 0.0125 0.021875
1 0.38359375 0.44453125 0.009375 0.015625
1 0.609375 0.3828125 0.009375 0.01484375
1 0.5703125 0.3453125 0.00859375 0.0140625
1 0.7265625 0.4421875 0.0109375 0.0171875
1 0.515625 0.37265625 0.00859375 0.015625
1 0.06171875 0.571875 0.01328125 0.021875
1 0.54375 0.39765625 0.009375 0.015625
1 0.35546875 0.45 0.0109375 0.01875
1 0.83515625 0.8828125 0.01015625 0.01953125
1 0.7125 0.46171875 0.0109375 0.01796875
1 0.58359375 0.359375 0.00859375 0.015625
1 0.7 0.3203125 0.009375 0.015625
0 0.21015625 0.1984375 0.01015625 0.01875
1 0.8953125 0.30078125 0.00859375 0.01328125
1 0.3328125 0.4484375 0.0109375 0.01875
1 0.65 0.39921875 0.009375 0.01640625
1 0.86953125 0.328125 0.0078125 0.01328125
1 0.61171875 0.58359375 0.0140625 0.02265625
1 0.61875 0.34453125 0.00859375 0.01484375
1 0.4859375 0.36953125 0.009375 0.01328125
1 0.89765625 0.3390625 0.00859375 0.01328125
1 0.53359375 0.4078125 0.01015625 0.015625
1 0.4953125 0.3703125 0.00859375 0.0140625
1 0.646875 0.3734375 0.00859375 0.01328125
1 0.61640625 0.41640625 0.01015625 0.01640625
1 0.2984375 0.8921875 0.0125 0.021875
1 0.590625 0.3828125 0.00859375 0.01484375
1 0.415625 0.44765625 0.0109375 0.0171875
0 0.22734375 0.203125 0.00859375 0.0140625
1 0.1234375 0.44609375 0.01015625 0.015625
1 0.3984375 0.4203125 0.01015625 0.01484375
1 0.4546875 0.3671875 0.00859375 0.0140625
1 0.66640625 0.35234375 0.00859375 0.01484375
1 0.57421875 0.415625 0.01015625 0.01640625
1 0.659375 0.30078125 0.0078125 0.01171875
1 0.66484375 0.4390625 0.009375 0.01796875
1 0.38125 0.38828125 0.00859375 0.01484375
1 0.61484375 0.37109375 0.0078125 0.0140625
1 0.471875 0.903125 0.0109375 0.01328125
1 0.3359375 0.334375 0.00859375 0.0140625
1 0.634375 0.39765625 0.01015625 0.015625
1 0.28515625 0.8453125 0.0078125 0.01640625
1 0.1734375 0.3171875 0.009375 0.01171875
1 0.1015625 0.46171875 0.01015625 0.01796875
1 0.14375 0.315625 0.00703125 0.0125
1 0.61875 0.32734375 0.00859375 0.0140625
1 0.35625 0.425 0.01015625 0.01640625
1 0.3859375 0.33203125 0.00859375 0.01328125
1 0.33359375 0.43203125 0.01015625 0.0140625
1 0.42265625 0.30390625 0.00859375 0.0125
1 0.39140625 0.64609375 0.009375 0.01328125
1 0.72265625 0.478125 0.0109375 0.01640625
1 0.665625 0.40625 0.01015625 0.01328125
1 0.459375 0.3828125 0.00859375 0.01484375
1 0.38515625 0.40703125 0.0109375 0.01796875
1 0.66640625 0.38125 0.00859375 0.01171875
4 0.78203125 0.9328125 0.10859375 0.134375
1 0.6765625 0.44140625 0.01171875 0.01640625
1 0.41015625 0.4296875 0.01015625 0.01484375
1 0.63359375 0.34375 0.00859375 0.01484375
1 0.6171875 0.39609375 0.0078125 0.0140625
1 0.59609375 0.3078125 0.00859375 0.0140625
1 0.66171875 0.334375 0.01015625 0.0171875
0 0.246875 0.221875 0.00859375 0.0125
1 0.73125 0.4703125 0.00859375 0.01796875
1 0.378125 0.4296875 0.0109375 0.01796875
1 0.52890625 0.33671875 0.00859375 0.01484375
1 0.671875 0.3359375 0.00859375 0.01640625
1 0.3046875 0.35234375 0.00859375 0.01484375
1 0.48125 0.31953125 0.00703125 0.0125
1 0.4703125 0.30234375 0.0078125 0.0125
1 0.296875 0.48125 0.009375 0.0171875
1 0.6203125 0.3046875 0.00859375 0.0125
4 0.91171875 0.5859375 0.096875 0.11953125
3 0.3953125 0.89453125 0.11875 0.15234375
1 0.66796875 0.39296875 0.009375 0.01171875
1 0.03203125 0.38515625 0.009375 0.015625
1 0.36875 0.409375 0.009375 0.01640625
1 0.1875 0.64609375 0.01328125 0.01640625
0 0.21796875 0.75546875 0.0078125 0.0140625
1 0.446875 0.3828125 0.0109375 0.0140625
1 0.3515625 0.39375 0.009375 0.01484375
1 0.44765625 0.3953125 0.01015625 0.0140625
1 0.65 0.325 0.01015625 0.0125
1 0.29609375 0.44453125 0.009375 0.0140625
0 0.22421875 0.17578125 0.01015625 0.01484375
1 0.39296875 0.35546875 0.00859375 0.01328125
2 0.24453125 0.225 0.0953125 0.05078125
1 0.31640625 0.3328125 0.009375 0.01484375
1 0.3171875 0.42890625 0.00859375 0.01640625
1 0.35234375 0.3015625 0.00625 0.0109375
1 0.40625 0.3703125 0.0078125 0.01484375
1 0.4859375 0.35390625 0.00859375 0.0109375
1 0.50078125 0.34140625 0.01015625 0.0125
1 0.3390625 0.4203125 0.00859375 0.01328125
1 0.2953125 0.4328125 0.01015625 0.0140625
1 0.44453125 0.35 0.00703125 0.01328125
1 0.39296875 0.3875 0.00859375 0.0140625
1 0.4375 0.396875 0.01015625 0.01171875
1 0.69140625 0.35546875 0.009375 0.01484375
1 0.865625 0.3046875 0.00859375 0.01171875
1 0.30859375 0.44375 0.01015625 0.0140625
1 0.4078125 0.32109375 0.00859375 0.01328125
1 0.69140625 0.43984375 0.01015625 0.015625
1 0.50625 0.33359375 0.0078125 0.0125
1 0.0203125 0.3890625 0.01015625 0.015625
1 0.63984375 0.35625 0.009375 0.0140625
1 0.4875 0.3421875 0.01015625 0.0125
1 0.40078125 0.2953125 0.00859375 0.0125
1 0.675 0.28671875 0.01015625 0.015625
1 0.76171875 0.83828125 0.0078125 0.01015625
1 0.40234375 0.33203125 0.00625 0.0109375
1 0.69140625 0.8359375 0.009375 0.01640625
1 0.996875 0.44375 0.00625 0.0125
1 0.675 0.37109375 0.0109375 0.0140625
1 0.33828125 0.39765625 0.01015625 0.01484375
1 0.41640625 0.40703125 0.009375 0.015625
1 0.434375 0.35390625 0.00859375 0.0140625
0 0.47109375 0.778125 0.00859375 0.0140625
1 0.67578125 0.40625 0.009375 0.0140625
1 0.31484375 0.31640625 0.01015625 0.015625
1 0.92109375 0.84609375 0.0078125 0.0125
1 0.90078125 0.32734375 0.0078125 0.009375
1 0.39140625 0.3734375 0.0109375 0.01484375
1 0.57109375 0.78515625 0.0078125 0.01484375
1 0.70546875 0.44453125 0.01328125 0.015625
1 0.365625 0.37890625 0.01015625 0.01328125
1 0.32421875 0.44375 0.009375 0.0140625
1 0.465625 0.37734375 0.0078125 0.01328125
1 0.3546875 0.38125 0.00859375 0.0125
1 0.3640625 0.43984375 0.0125 0.0125
1 0.8796875 0.84609375 0.009375 0.01328125
1 0.603125 0.3 0.0078125 0.0109375
1 0.425 0.35625 0.009375 0.01171875
1 0.33359375 0.384375 0.01015625 0.015625
1 0.53046875 0.85078125 0.00625 0.0109375
1 0.296875 0.328125 0.009375 0.01640625
1 0.71796875 0.44453125 0.01015625 0.01484375
0 0.22421875 0.7203125 0.01015625 0.0140625
1 0.34375 0.38203125 0.009375 0.01484375
1 0.70859375 0.34140625 0.01015625 0.01640625
1 0.39453125 0.334375 0.00703125 0.01328125
1 0.07265625 0.8734375 0.01015625 0.01875
1 0.33125 0.3671875 0.0078125 0.0125
1 0.45078125 0.29921875 0.009375 0.0125
1 0.6640625 0.4234375 0.009375 0.01171875
1 0.571875 0.90546875 0.0125 0.0109375
1 0.28671875 0.4515625 0.0109375 0.0125
1 0.08359375 0.334375 0.00859375 0.0140625
1 0.44375 0.29921875 0.0078125 0.0125
1 0.43125 0.415625 0.01484375 0.01953125
1 0.4015625 0.4046875 0.009375 0.015625