4 0.8953125 0.35078125 0.08984375 0.10390625
4 0.49453125 0.39375 0.08203125 0.1
4 0.2359375 0.83125 0.04765625 0.05
1 0.77265625 0.5546875 0.0125 0.02265625
1 0.08359375 0.4828125 0.01171875 0.01953125
1 0.37265625 0.44609375 0.0109375 0.01875
1 0.93125 0.490625 0.0125 0.01953125
1 0.9359375 0.421875 0.01171875 0.01796875
1 0.37890625 0.48125 0.0109375 0.01796875
1 0.74453125 0.534375 0.0125 0.021875
1 0.04765625 0.49765625 0.0109375 0.01953125
1 0.98125 0.42421875 0.01171875 0.01796875
1 0.29609375 0.43515625 0.0109375 0.0171875
1 0.3359375 0.40859375 0.009375 0.0171875
1 0.96796875 0.53125 0.01484375 0.02265625
1 0.46796875 0.48125 0.0109375 0.01640625
4 0.80390625 0.8421875 0.08125 0.07578125
2 0.7703125 0.22265625 0.084375 0.05546875
2 0.2484375 0.2265625 0.0921875 0.04609375
1 0.08125 0.4390625 0.01015625 0.0171875
1 0.69921875 0.43203125 0.01015625 0.0171875
1 0.38515625 0.3796875 0.00859375 0.01484375
1 0.83359375 0.64296875 0.01328125 0.01953125
1 0.271875 0.88984375 0.0109375 0.01875
1 0.71640625 0.4390625 0.01015625 0.01796875
1 0.059375 0.528125 0.0125 0.02109375
1 0.546875 0.44609375 0.01015625 0.0171875
1 0.871875 0.4 0.01015625 0.01484375
1 0.4828125 0.53046875 0.0109375 0.0203125
1 0.965625 0.4015625 0.01328125 0.0171875
1 0.5078125 0.45390625 0.01015625 0.01640625
1 0.14453125 0.3921875 0.00859375 0.015625
1 0.11015625 0.4 0.01015625 0.01484375
1 0.78203125 0.8859375 0.01171875 0.0203125
1 0.58203125 0.3453125 0.00859375 0.015625
1 0.57265625 0.43046875 0.01015625 0.01640625
1 0.3078125 0.4609375 0.0109375 0.01953125
1 0.32421875 0.38125 0.00859375 0.01484375
1 0.64765625 0.34296875 0.00859375 0.0140625
1 0.4703125 0.5 0.01171875 0.02109375
1 0.128125 0.4046875 0.009375 0.01484375
1 0.09765625 0.64296875 0.0140625 0.02265625
1 0.59296875 0.403125 0.00859375 0.01640625
1 0.41015625 0.43828125 0.0109375 0.01796875
1 0.5515625 0.42734375 0.009375 0.0171875
1 0.2921875 0.47109375 0.0109375 0.01796875
1 0.54296875 0.40078125 0.009375 0.015625
1 0.0578125 0.4203125 0.0109375 0.01484375
1 0.18125 0.34765625 0.00859375 0.0140625
1 0.43125 0.4828125 0.01015625 0.01796875
1 0.43671875 0.44296875 0.01015625 0.01640625
1 0.6265625 0.409375 0.01015625 0.01796875
1 0.18828125 0.39453125 0.009375 0.01484375
1 0.365625 0.8984375 0.0125 0.01953125
3 0.984375 0.490625 0.03046875 0.09140625
1 0.81875 0.384375 0.009375 0.01640625
1 0.078125 0.40703125 0.01015625 0.01796875
0 0.578125 0.728125 0.0109375 0.0203125
1 0.59375 0.43359375 0.0109375 0.01640625
1 0.49765625 0.44375 0.01015625 0.01640625
1 0.5828125 0.42265625 0.01015625 0.01640625
1 0.34375 0.3828125 0.00859375 0.015625
1 0.60859375 0.31171875 0.0078125 0.0140625
1 0.66796875 0.3890625 0.00859375 0.015625
1 0.446875 0.5 0.01171875 0.02109375
1 0.28671875 0.45546875 0.01015625 0.0171875
1 0.4421875 0.471875 0.01171875 0.01953125
1 0.1953125 0.97421875 0.0203125 0.03828125
1 0.17890625 0.93671875 0.01796875 0.0296875
1 0.70078125 0.31796875 0.0109375 0.0140625
1 0.31875 0.86796875 0.0078125 0.0140625
1 0.03984375 0.440625 0.0109375 0.01640625
1 0.140625 0.56328125 0.01328125 0.02265625
1 0.45859375 0.49765625 0.0109375 0.0203125
1 0.30625 0.42734375 0.01015625 0.01640625
1 0.5609375 0.88671875 0.01015625 0.02109375
1 0.17578125 0.38671875 0.009375 0.015625
1 0.57890625 0.3859375 0.01015625 0.01953125
1 0.5625 0.4078125 0.01015625 0.01640625
1 0.428125 0.9046875 0.0109375 0.01171875
0 0.78984375 0.2234375 0.0109375 0.01796875
1 0.94765625 0.46484375 0.01640625 0.021875
1 0.125 0.37734375 0.01015625 0.0140625
1 0.94921875 0.40234375 0.01171875 0.01875
1 0.58515625 0.903125 0.01328125 0.0125
1 0.3921875 0.34375 0.0078125 0.0140625
1 0.4296875 0.45703125 0.0109375 0.0171875
1 0.025 0.4265625 0.01015625 0.01640625
1 0.16796875 0.90703125 0.01484375 0.02109375
1 0.665625 0.3078125 0.00625 0.01171875
1 0.54140625 0.88984375 0.01171875 0.0234375
0 0.83203125 0.7921875 0.01328125 0.02265625
1 0.15546875 0.890625 0.01171875 0.01953125
0 0.7828125 0.2140625 0.0109375 0.02109375
1 0.2359375 0.8765625 0.01015625 0.015625
1 0.36796875 0.30390625 0.00625 0.01171875
1 0.28984375 0.8671875 0.0078125 0.0140625
1 0.5421875 0.62578125 0.01484375 0.0234375
1 0.58984375 0.8859375 0.01328125 0.02421875
1 0.29609375 0.45546875 0.01171875 0.015625
1 0.53203125 0.303125 0.00703125 0.0109375
1 0.2140625 0.925 0.01484375 0.0265625
1 0.10078125 0.37734375 0.0109375 0.01484375
1 0.825 0.4265625 0.0109375 0.0171875
1 0.1578125 0.93671875 0.0171875 0.02734375
1 0.4078125 0.36953125 0.01015625 0.0140625
1 0.11953125 0.578125 0.00859375 0.01484375
1 0.615625 0.4 0.01015625 0.0140625
1 0.17421875 0.8859375 0.01015625 0.01953125
1 0.18125 0.3171875 0.00859375 0.01328125
1 0.97890625 0.3453125 0.0109375 0.0140625
1 0.6109375 0.3875 0.00859375 0.015625
1 0.1234375 0.36015625 0.009375 0.01171875
0 0.62890625 0.784375 0.01171875 0.02109375
1 0.640625 0.31484375 0.0078125 0.01484375
1 0.1140625 0.95078125 0.01875 0.0296875
1 0.21875 0.89453125 0.0109375 0.01875
1 0.33671875 0.36171875 0.00859375 0.0171875
1 0.67890625 0.39609375 0.00859375 0.01640625
1 0.62265625 0.33671875 0.009375 0.0140625
1 0.4046875 0.35 0.0078125 0.0125
1 0.34765625 0.9046875 0.01015625 0.0109375
1 0.996875 0.42421875 0.00625 0.015625
1 0.16796875 0.98984375 0.021875 0.01953125
1 0.3421875 0.3 0.0078125 0.0140625
1 0.34921875 0.3515625 0.01015625 0.0140625
1 0.003125 0.43515625 0.00625 0.01640625
1 0.04453125 0.43046875 0.0109375 0.01328125
1 0.0703125 0.37890625 0.0109375 0.01875
3 0.903125 0.85625 0.06953125 0.08125
1 0.85078125 0.353125 0.01171875 0.01796875
1 0.4328125 0.32890625 0.00703125 0.0125
1 0.26015625 0.84921875 0.0078125 0.01171875
1 0.83359375 0.89375 0.0109375 0.01875
1 0.13125 0.9375 0.01796875 0.02578125
1 0.69140625 0.39921875 0.00859375 0.01640625
1 0.7140625 0.33046875 0.01015625 0.01640625
1 0.39296875 0.32734375 0.00625 0.0125
1 0.2671875 0.87265625 0.01015625 0.0140625
1 0.96640625 0.38515625 0.00859375 0.01484375
1 0.546875 0.38046875 0.00859375 0.01484375
1 0.14765625 0.625 0.0140625 0.025
1 0.32109375 0.85078125 0.00625 0.01015625
1 0.96953125 0.36953125 0.0078125 0.0109375
1 0.27421875 0.8453125 0.009375 0.01171875
1 0.840625 0.29921875 0.00703125 0.01171875
1 0.21796875 0.86640625 0.0078125 0.01171875
3 0.696875 0.890625 0.13203125 0.14375
1 0.05390625 0.3828125 0.01171875 0.01640625
1 0.75546875 0.8390625 0.00625 0.0109375
1 0.20546875 0.84453125 0.00546875 0.01015625
1 0.0671875 0.40390625 0.01015625 0.01953125
1 0.62578125 0.31484375 0.00859375 0.01171875
1 0.8578125 0.89453125 0.01171875 0.0203125
1 0.10078125 0.89921875 0.01171875 0.0203125
1 0.871875 0.303125 0.01171875 0.015625
1 0.14921875 0.3234375 0.00859375 0.0140625
1 0.97890625 0.37109375 0.00703125 0.009375
3 0.47421875 0.81953125 0.02890625 0.0359375
1 0.121875 0.328125 0.01015625 0.0140625
1 0.13046875 0.9 0.0125 0.01640625
1 0.8484375 0.9421875 0.01484375 0.0265625
3 0.55703125 0.81171875 0.03828125 0.0390625
1 0.884375 0.38671875 0.01171875 0.025
1 0.95234375 0.35703125 0.01171875 0.01640625
1 0.82265625 0.88359375 0.0125 0.0234375
1 0.16953125 0.30546875 0.0078125 0.0125
1 0.5703125 0.8484375 0.009375 0.0109375
1 0.11640625 0.89140625 0.0109375 0.0140625
1 0.82734375 0.30546875 0.00859375 0.0125
1 0.5359375 0.84140625 0.0078125 0.0140625
1 0.86796875 0.934375 0.0171875 0.03203125
1 0.85 0.303125 0.00859375 0.0140625
1 0.1953125 0.86015625 0.00703125 0.0109375
1 0.1640625 0.32578125 0.009375 0.01328125
1 0.99140625 0.409375 0.00703125 0.0125
1 0.45078125 0.8515625 0.00859375 0.00859375
1 0.51953125 0.83046875 0.01015625 0.0140625
1 0.23671875 0.859375 0.0078125 0.0109375
1 0.20859375 0.88984375 0.01015625 0.015625
1 0.73359375 0.8421875 0.00703125 0.01015625
1 0.15625 0.871875 0.0125 0.0171875