3 0.11484375 0.3421875 0.0984375 0.0734375
1 0.45546875 0.446875 0.04375 0.01875
1 0.29375 0.51171875 0.046875 0.021875
1 0.86875 0.34296875 0.0421875 0.0140625
1 0.6 0.45546875 0.0453125 0.01875
1 0.56875 0.47734375 0.0453125 0.01875
4 0.8640625 0.4078125 0.1203125 0.1140625
1 0.56484375 0.4125 0.04375 0.015625
1 0.01875 0.49609375 0.0375 0.0171875
1 0.6890625 0.57734375 0.0484375 0.0203125
1 0.625 0.41953125 0.04375 0.0171875
1 0.715625 0.45390625 0.04375 0.01875
1 0.42734375 0.4625 0.0453125 0.01875
1 0.64453125 0.5421875 0.046875 0.0234375
0 0.73359375 0.69140625 0.0515625 0.028125
1 0.67734375 0.61328125 0.0484375 0.021875
1 0.4015625 0.4578125 0.0453125 0.01875
3 0.17890625 0.86171875 0.084375 0.046875
1 0.97109375 0.35703125 0.04375 0.0171875
1 0.425 0.43671875 0.04375 0.015625
1 0.61171875 0.34765625 0.0421875 0.0140625
1 0.596875 0.4171875 0.04375 0.01875
0 0.96328125 0.18984375 0.05 0.0265625
1 0.83984375 0.34296875 0.0421875 0.015625
1 0.859375 0.31328125 0.0421875 0.0140625
1 0.453125 0.39921875 0.04375 0.0171875
1 0.11328125 0.428125 0.04375 0.015625
1 0.57109375 0.534375 0.046875 0.0234375
1 0.24296875 0.90078125 0.04375 0.0171875
1 0.0296875 0.48515625 0.0453125 0.01875
1 0.703125 0.41875 0.04375 0.015625
1 0.6 0.3640625 0.04375 0.015625
1 0.7046875 0.60859375 0.0484375 0.0234375
1 0.58203125 0.884375 0.046875 0.0234375
0 0.16015625 0.1921875 0.046875 0.0203125
1 0.5546875 0.46640625 0.04375 0.01875
1 0.92265625 0.31484375 0.04375 0.0140625
1 0.9140625 0.8515625 0.04375 0.01875
1 0.33046875 0.4875 0.0453125 0.01875
1 0.53671875 0.44765625 0.0453125 0.01875
1 0.5359375 0.37109375 0.0421875 0.015625
1 0.26875 0.92578125 0.0484375 0.0234375
1 0.63828125 0.3609375 0.04375 0.0140625
1 0.896875 0.86171875 0.0515625 0.028125
3 0.13515625 0.60859375 0.1765625 0.1296875
1 0.69296875 0.353125 0.04375 0.015625
0 0.77109375 0.11015625 0.0453125 0.01875
0 0.74453125 0.1546875 0.0421875 0.01875
1 0.0703125 0.44453125 0.04375 0.0171875
0 0.8140625 0.09140625 0.046875 0.01875
0 0.9296875 0.10234375 0.05 0.0265625
1 0.346875 0.46171875 0.04375 0.01875
1 0.33515625 0.33984375 0.0421875 0.0140625
0 0.73828125 0.21328125 0.04375 0.0140625
2 0.23046875 0.2453125 0.1296875 0.059375
1 0.36953125 0.35234375 0.0421875 0.0140625
1 0.36875 0.41015625 0.04375 0.0140625
1 0.54765625 0.31640625 0.0421875 0.015625
1 0.6578125 0.4140625 0.04375 0.0171875
1 0.328125 0.46953125 0.04375 0.0140625
1 0.5875 0.375 0.0421875 0.0140625
1 0.49453125 0.3984375 0.04375 0.0171875
1 0.6859375 0.38828125 0.04375 0.015625
0 0.76015625 0.77578125 0.0515625 0.034375
1 0.6890625 0.41015625 0.04375 0.0171875
1 0.3625 0.4421875 0.04375 0.0171875
1 0.6203125 0.3921875 0.04375 0.0171875
1 0.6640625 0.35703125 0.04375 0.0140625
1 0.8171875 0.35859375 0.04375 0.015625
1 0.66484375 0.38671875 0.04375 0.0171875
2 0.75078125 0.2015625 0.121875 0.0671875
1 0.32265625 0.43671875 0.04375 0.0171875
1 0.56953125 0.3953125 0.04375 0.015625
1 0.3765625 0.384375 0.04375 0.015625
0 0.7203125 0.19765625 0.0453125 0.01875
1 0.521875 0.4265625 0.04375 0.015625
1 0.3125 0.340625 0.04375 0.0140625
0 0.24375 0.24140625 0.04375 0.015625
1 0.28828125 0.44765625 0.0421875 0.015625
1 0.3734375 0.44375 0.04375 0.0171875
1 0.3453125 0.3828125 0.0453125 0.015625
1 0.58203125 0.36328125 0.040625 0.0125
0 0.74375 0.115625 0.04375 0.01875
1 0.3234375 0.41640625 0.04375 0.0140625
1 0.59765625 0.3234375 0.0421875 0.0140625
1 0.18203125 0.89453125 0.0421875 0.0140625
1 0.9421875 0.8265625 0.0421875 0.0125
4 0.67734375 0.8390625 0.090625 0.0953125
1 0.0578125 0.41328125 0.04375 0.0140625
1 0.41015625 0.33984375 0.040625 0.0140625
1 0.5375 0.32734375 0.04375 0.0140625
1 0.309375 0.8640625 0.04375 0.015625
1 0.1453125 0.3609375 0.0421875 0.015625
1 0.34296875 0.40078125 0.04375 0.015625
1 0.559375 0.846875 0.0421875 0.0125
1 0.5453125 0.3921875 0.0421875 0.0171875
1 0.471875 0.4171875 0.04375 0.0171875
1 0.740625 0.6140625 0.0484375 0.025
1 0.15703125 0.34609375 0.040625 0.0140625
1 0.53203125 0.39765625 0.0453125 0.015625
1 0.6734375 0.36953125 0.0421875 0.0140625
0 0.76875 0.6859375 0.0421875 0.015625
1 0.65 0.32109375 0.0421875 0.0140625
1 0.44609375 0.3765625 0.0421875 0.0171875
1 0.57890625 0.3109375 0.040625 0.0140625
0 0.7765625 0.7171875 0.0421875 0.0140625
1 0.31328125 0.44296875 0.04375 0.015625
1 0.334375 0.40625 0.0421875 0.0140625
1 0.2703125 0.85859375 0.040625 0.0109375
1 0.91640625 0.30234375 0.040625 0.0125
1 0.87265625 0.9359375 0.0578125 0.0390625
1 0.0453125 0.4125 0.04375 0.0140625
1 0.625 0.55546875 0.046875 0.0171875
1 0.1765625 0.3328125 0.040625 0.0125
4 0.975 0.4125 0.05 0.121875
1 0.42265625 0.35078125 0.0421875 0.0140625
1 0.52109375 0.3984375 0.04375 0.015625
0 0.8421875 0.06953125 0.046875 0.0203125
1 0.16484375 0.3453125 0.0421875 0.0125
1 0.653125 0.38984375 0.0421875 0.0171875
1 0.615625 0.3109375 0.0421875 0.0125
1 0.13046875 0.9125 0.0453125 0.0203125
1 0.3125 0.36875 0.0421875 0.0140625
3 0.31171875 0.84140625 0.084375 0.0515625
1 0.33203125 0.36640625 0.0421875 0.0125
1 0.29921875 0.44921875 0.04375 0.015625
1 0.60703125 0.31171875 0.0421875 0.0125
1 0.36015625 0.31953125 0.0421875 0.0125
0 0.79453125 0.08984375 0.0453125 0.0171875
1 0.40625 0.30625 0.040625 0.0125
1 0.43671875 0.334375 0.04375 0.0125
1 0.634375 0.346875 0.040625 0.0109375
1 0.3234375 0.35859375 0.0421875 0.0140625
1 0.3421875 0.31328125 0.040625 0.0109375
1 0.40390625 0.37265625 0.0421875 0.015625
1 0.90234375 0.30078125 0.04375 0.0140625
0 0.07890625 0.075 0.0484375 0.021875
1 0.334375 0.38359375 0.04375 0.0140625
1 0.67421875 0.38671875 0.04375 0.015625
1 0.6953125 0.3125 0.0453125 0.01875
1 0.39296875 0.4078125 0.04375 0.01875
1 0.97265625 0.87265625 0.046875 0.0234375
1 0.3796875 0.4078125 0.04375 0.015625
1 0.92890625 0.83046875 0.0421875 0.0140625
1 0.64453125 0.38515625 0.0453125 0.0203125
1 0.63203125 0.31796875 0.040625 0.0125
0 0.75703125 0.02890625 0.04375 0.01875
1 0.428125 0.31171875 0.0390625 0.0109375
1 0.8765625 0.90390625 0.0484375 0.0171875
1 0.4875 0.29375 0.0421875 0.0125
1 0.26640625 0.9078125 0.0453125 0.015625
1 0.65859375 0.28515625 0.04375 0.0125
1 0.63984375 0.28671875 0.040625 0.0125
1 0.95703125 0.87890625 0.0484375 0.025
1 0.44140625 0.3015625 0.0421875 0.0125
1 0.3703125 0.31171875 0.0421875 0.0125
1 0.38828125 0.30703125 0.040625 0.0125
1 0.58828125 0.3125 0.0453125 0.0125
1 0.32578125 0.39296875 0.04375 0.0125
1 0.53125 0.2953125 0.0421875 0.0140625
1 0.3125 0.39375 0.0421875 0.0140625
1 0.39453125 0.3625 0.040625 0.0140625
1 0.540625 0.29453125 0.0421875 0.0140625
1 0.4421875 0.35390625 0.0421875 0.015625
1 0.1609375 0.33125 0.0421875 0.0109375
1 0.428125 0.4015625 0.040625 0.009375
4 0.77734375 0.875 0.196875 0.1625
1 0.69921875 0.40625 0.0421875 0.015625
1 0.61875 0.296875 0.040625 0.0109375
1 0.07265625 0.37578125 0.0421875 0.0125
0 0.7375 0.19609375 0.04375 0.0140625
1 0.5921875 0.28828125 0.0421875 0.0125
1 0.0671875 0.39453125 0.0421875 0.0140625
1 0.9171875 0.82109375 0.040625 0.0125
1 0.56875 0.8359375 0.04375 0.0140625
1 0.053125 0.3890625 0.04375 0.015625
0 0.67734375 0.978125 0.0546875 0.021875
1 0.32578125 0.38203125 0.0453125 0.0125
1 0.640625 0.3265625 0.04375 0.0140625
1 0.0671875 0.3640625 0.0421875 0.0140625
1 0.434375 0.38671875 0.0390625 0.0125
1 0.328125 0.309375 0.0421875 0.0125
1 0.5859375 0.840625 0.0421875 0.0125
1 0.1546875 0.89375 0.0421875 0.0140625
0 0.95078125 0.18125 0.0421875 0.0125
1 0.49453125 0.45 0.040625 0.0171875
1 0.3953125 0.42578125 0.040625 0.009375