4 0.659375 0.3984375 0.0796875 0.103125
4 0.2671875 0.5203125 0.1234375 0.1375
2 0.2484375 0.20234375 0.1 0.065625
1 0.69609375 0.46796875 0.021875 0.021875
1 0.1515625 0.540625 0.028125 0.028125
3 0.42109375 0.31015625 0.0859375 0.0828125
1 0.71171875 0.50859375 0.0234375 0.0234375
2 0.76953125 0.24375 0.1078125 0.0578125
3 0.41796875 0.39921875 0.0984375 0.1125
1 0.025 0.3390625 0.021875 0.0203125
4 0.92109375 0.5265625 0.0984375 0.1171875
1 0.59375 0.45703125 0.0234375 0.021875
1 0.05234375 0.89296875 0.028125 0.03125
1 0.33515625 0.49453125 0.0234375 0.021875
1 0.0109375 0.43125 0.021875 0.021875
1 0.66484375 0.909375 0.025 0.025
1 0.62578125 0.57890625 0.025 0.0265625
1 0.75546875 0.5078125 0.0234375 0.025
1 0.715625 0.90625 0.0234375 0.0234375
1 0.8125 0.39296875 0.0203125 0.01875
1 0.38046875 0.44296875 0.0234375 0.0203125
1 0.2390625 0.88203125 0.028125 0.028125
1 0.428125 0.49375 0.0234375 0.0234375
1 0.31796875 0.44609375 0.0234375 0.0203125
1 0.11953125 0.890625 0.028125 0.028125
1 0.4875 0.40859375 0.021875 0.0203125
1 0.5140625 0.3828125 0.0203125 0.01875
1 0.36328125 0.43203125 0.025 0.021875
1 0.04921875 0.8625 0.025 0.025
1 0.6640625 0.49921875 0.0234375 0.025
1 0.37265625 0.53203125 0.025 0.021875
1 0.84609375 0.48984375 0.021875 0.0203125
1 0.34765625 0.3875 0.0203125 0.0171875
1 0.73203125 0.55703125 0.0234375 0.025
1 0.440625 0.50546875 0.025 0.025
1 0.3265625 0.3921875 0.021875 0.01875
1 0.465625 0.44453125 0.0234375 0.021875
1 0.80234375 0.4234375 0.0203125 0.01875
1 0.3078125 0.421875 0.021875 0.01875
1 0.546875 0.37109375 0.021875 0.01875
1 0.30234375 0.4375 0.025 0.0234375
1 0.35390625 0.46015625 0.021875 0.01875
1 0.0234375 0.41640625 0.0234375 0.0203125
1 0.134375 0.31796875 0.0203125 0.0171875
1 0.22734375 0.928125 0.0328125 0.0390625
1 0.3671875 0.51171875 0.0234375 0.021875
1 0.33828125 0.36015625 0.0203125 0.0171875
1 0.47734375 0.35703125 0.0203125 0.01875
1 0.14140625 0.9078125 0.0296875 0.0359375
1 0.3015625 0.8546875 0.025 0.025
1 0.7203125 0.64375 0.025 0.0265625
1 0.75234375 0.8953125 0.021875 0.021875
1 0.83515625 0.478125 0.0203125 0.0171875
1 0.56484375 0.3703125 0.0203125 0.0171875
1 0.12265625 0.86640625 0.0234375 0.0171875
1 0.5015625 0.34375 0.0203125 0.0171875
1 0.41171875 0.4734375 0.021875 0.0203125
1 0.565625 0.33984375 0.0203125 0.0171875
1 0.36796875 0.48984375 0.0234375 0.021875
1 0.39375 0.44453125 0.0234375 0.0203125
1 0.18515625 0.8671875 0.025 0.025
1 0.41171875 0.4484375 0.0234375 0.0203125
1 0.46171875 0.36953125 0.0203125 0.01875
1 0.29765625 0.41171875 0.021875 0.021875
1 0.278125 0.43125 0.021875 0.0171875
1 0.33984375 0.6078125 0.021875 0.0203125
3 0.33046875 0.85625 0.0890625 0.1109375
1 0.43671875 0.89375 0.025 0.0265625
1 0.48515625 0.390625 0.0234375 0.0203125
1 0.95234375 0.465625 0.0234375 0.0203125
1 0.30703125 0.340625 0.021875 0.0171875
1 0.021875 0.8859375 0.0265625 0.0296875
1 0.6015625 0.65234375 0.025 0.021875
1 0.6015625 0.33671875 0.021875 0.0171875
1 0.52890625 0.3953125 0.0203125 0.0171875
1 0.99375 0.4921875 0.0125 0.015625
1 0.06875 0.321875 0.0203125 0.01875
1 0.12890625 0.83046875 0.0203125 0.0171875
1 0.8125 0.9046875 0.0234375 0.021875
1 0.8703125 0.9171875 0.0234375 0.025
1 0.8984375 0.49140625 0.0234375 0.0203125
1 0.97265625 0.4125 0.021875 0.0171875
1 0.95859375 0.45078125 0.0265625 0.021875
1 0.50703125 0.365625 0.0203125 0.0171875
1 0.4609375 0.3515625 0.021875 0.0171875
1 0.56171875 0.38828125 0.021875 0.0203125
1 0.353125 0.33125 0.0203125 0.0171875
1 0.496875 0.36953125 0.021875 0.0203125
1 0.15 0.4328125 0.021875 0.01875
1 0.196875 0.884375 0.0265625 0.028125
1 0.31015625 0.39453125 0.025 0.0203125
1 0.3640625 0.3828125 0.021875 0.0171875
1 0.35546875 0.40859375 0.0234375 0.01875
1 0.34921875 0.5578125 0.0203125 0.01875
1 0.35703125 0.47734375 0.0234375 0.01875
1 0.55234375 0.453125 0.021875 0.0203125
1 0.36875 0.35703125 0.021875 0.0171875
1 0.45390625 0.88828125 0.025 0.0265625
1 0.4703125 0.390625 0.021875 0.01875
1 0.134375 0.28984375 0.0203125 0.0171875
1 0.978125 0.46796875 0.0234375 0.0203125
1 0.3671875 0.3203125 0.01875 0.015625
1 0.553125 0.39609375 0.0203125 0.015625
1 0.7828125 0.90078125 0.0265625 0.025
1 0.20625 0.54453125 0.0203125 0.01875
1 0.934375 0.42734375 0.0203125 0.0171875
1 0.3453125 0.346875 0.01875 0.015625
1 0.70625 0.43828125 0.0234375 0.0203125
1 0.61484375 0.39609375 0.0203125 0.01875
1 0.49296875 0.3359375 0.0203125 0.0171875
0 0.64296875 0.81796875 0.0265625 0.0265625
1 0.0390625 0.34296875 0.021875 0.021875
1 0.403125 0.5421875 0.01875 0.0171875
1 0.93671875 0.4125 0.0234375 0.0171875
1 0.7359375 0.8796875 0.0234375 0.0234375
1 0.1921875 0.82109375 0.01875 0.0140625
1 0.07109375 0.51171875 0.0234375 0.0171875
1 0.8890625 0.96171875 0.028125 0.0359375
1 0.1359375 0.43359375 0.0203125 0.015625
1 0.45078125 0.34453125 0.021875 0.0203125
1 0.12578125 0.96953125 0.028125 0.015625
4 0.59765625 0.87734375 0.1453125 0.1140625
1 0.6796875 0.88046875 0.0296875 0.0296875
1 0.60078125 0.3609375 0.021875 0.01875
1 0.853125 0.3328125 0.0203125 0.015625
1 0.234375 0.821875 0.01875 0.015625
1 0.803125 0.66328125 0.028125 0.028125
1 0.9109375 0.36328125 0.0203125 0.0171875
1 0.08046875 0.2984375 0.0203125 0.0171875
1 0.34765625 0.36875 0.0203125 0.0171875
1 0.3203125 0.31328125 0.021875 0.01875
1 0.06015625 0.31875 0.0203125 0.0171875
1 0.08671875 0.84609375 0.021875 0.01875
1 0.60390625 0.40234375 0.01875 0.015625
1 0.31796875 0.36328125 0.0203125 0.015625
1 0.5859375 0.3640625 0.0203125 0.0171875
1 0.36171875 0.33203125 0.021875 0.0171875
1 0.46328125 0.39765625 0.0203125 0.0171875
1 0.1359375 0.2734375 0.0203125 0.015625
1 0.71796875 0.86640625 0.01875 0.015625
1 0.86640625 0.97890625 0.0328125 0.0421875
1 0.353125 0.31484375 0.0203125 0.01875
1 0.8625 0.34296875 0.021875 0.0171875
1 0.396875 0.34765625 0.021875 0.0171875
1 0.52734375 0.3 0.0203125 0.0171875
1 0.47421875 0.3 0.021875 0.015625
1 0.32265625 0.375 0.0203125 0.01875
1 0.37109375 0.409375 0.0234375 0.0203125
1 0.05390625 0.8421875 0.0234375 0.0203125
1 0.61484375 0.3640625 0.0203125 0.01875
1 0.70078125 0.8625 0.0203125 0.0140625
1 0.92578125 0.434375 0.0203125 0.0171875
1 0.9890625 0.43359375 0.021875 0.0203125
1 0.8765625 0.34765625 0.021875 0.0171875
1 0.95078125 0.41171875 0.0234375 0.0171875
1 0.20546875 0.975 0.0296875 0.0140625
1 0.0859375 0.8203125 0.01875 0.015625
1 0.3609375 0.3 0.0203125 0.015625
1 0.05546875 0.3921875 0.0203125 0.0140625
1 0.89140625 0.35703125 0.0203125 0.0171875
1 0.84296875 0.91171875 0.025 0.025
1 0.309375 0.3765625 0.021875 0.01875
1 0.30859375 0.31328125 0.021875 0.0203125
1 0.853125 0.88984375 0.021875 0.0171875
1 0.68984375 0.42265625 0.0203125 0.0171875
1 0.79765625 0.62578125 0.0203125 0.0140625
1 0.90859375 0.47578125 0.01875 0.0171875
1 0.92578125 0.4625 0.021875 0.0171875
1 0.125 0.275 0.021875 0.0171875
1 0.82890625 0.90234375 0.01875 0.0171875
1 0.21171875 0.828125 0.01875 0.0171875
3 0.07578125 0.4484375 0.0796875 0.1296875
1 0.89921875 0.35703125 0.021875 0.0171875
1 0.94609375 0.390625 0.021875 0.0171875
1 0.58828125 0.34921875 0.0203125 0.015625
1 0.9359375 0.4578125 0.0234375 0.021875
1 0.628125 0.59921875 0.0203125 0.015625
1 0.70234375 0.421875 0.0203125 0.0171875
1 0.075 0.84375 0.0234375 0.0203125