4 0.15 0.44296875 0.09375 0.121875
2 0.23671875 0.21640625 0.090625 0.0625
2 0.75390625 0.20859375 0.09375 0.05625
1 0.67890625 0.53046875 0.015625 0.021875
4 0.33515625 0.86953125 0.078125 0.0890625
1 0.31796875 0.4984375 0.0140625 0.0203125
3 0.63828125 0.31953125 0.075 0.084375
1 0.98203125 0.47890625 0.015625 0.01875
1 0.6921875 0.46640625 0.0140625 0.01875
1 0.60390625 0.3953125 0.0125 0.015625
1 0.575 0.43046875 0.0125 0.015625
1 0.95703125 0.39765625 0.0125 0.0171875
3 0.77734375 0.9171875 0.16875 0.159375
1 0.48125 0.353125 0.0125 0.015625
1 0.93984375 0.459375 0.015625 0.01875
1 0.82734375 0.44296875 0.015625 0.01875
1 0.34453125 0.5 0.0140625 0.021875
1 0.365625 0.42109375 0.0125 0.01875
1 0.61328125 0.54609375 0.015625 0.021875
1 0.709375 0.453125 0.0125 0.015625
1 0.31640625 0.4234375 0.0125 0.0171875
1 0.97109375 0.41875 0.0140625 0.0171875
1 0.990625 0.43515625 0.0140625 0.01875
1 0.628125 0.5765625 0.015625 0.021875
1 0.26015625 0.8890625 0.0125 0.01875
1 0.6015625 0.4703125 0.0140625 0.01875
1 0.24765625 0.53515625 0.015625 0.0203125
1 0.73046875 0.5109375 0.015625 0.0203125
1 0.53515625 0.403125 0.0125 0.015625
1 0.28984375 0.44609375 0.0125 0.01875
1 0.5515625 0.40234375 0.0125 0.015625
1 0.11640625 0.35078125 0.0125 0.015625
1 0.38828125 0.46484375 0.0125 0.01875
1 0.5640625 0.43359375 0.0125 0.01875
1 0.9296875 0.44609375 0.0140625 0.01875
1 0.29921875 0.44765625 0.0140625 0.01875
1 0.046875 0.39375 0.0125 0.015625
1 0.65625 0.890625 0.0125 0.015625
1 0.51328125 0.36875 0.0125 0.015625
1 0.5828125 0.453125 0.0140625 0.0171875
1 0.09765625 0.41640625 0.0125 0.015625
1 0.27421875 0.5 0.015625 0.0203125
1 0.58046875 0.49765625 0.0125 0.01875
1 0.5015625 0.3734375 0.0125 0.0171875
1 0.615625 0.40078125 0.0125 0.015625
1 0.4171875 0.3296875 0.0125 0.0140625
1 0.26875 0.5375 0.015625 0.0203125
1 0.653125 0.40390625 0.0125 0.015625
1 0.06328125 0.43671875 0.0125 0.01875
1 0.396875 0.40234375 0.0125 0.015625
1 0.2046875 0.95234375 0.01875 0.0296875
1 0.103125 0.93984375 0.015625 0.021875
1 0.58125 0.396875 0.0125 0.0171875
1 0.5296875 0.34375 0.0125 0.0140625
1 0.6421875 0.38125 0.0125 0.015625
1 0.7203125 0.46875 0.0125 0.01875
1 0.84609375 0.4625 0.0140625 0.01875
1 0.5953125 0.34453125 0.0109375 0.015625
1 0.14140625 0.97890625 0.021875 0.034375
1 0.559375 0.378125 0.0125 0.015625
1 0.4953125 0.40625 0.0125 0.015625
3 0.2109375 0.84765625 0.053125 0.065625
1 0.4484375 0.45078125 0.0125 0.01875
0 0.65859375 0.19453125 0.0125 0.0171875
1 0.42734375 0.39140625 0.0125 0.01875
4 0.51953125 0.5125 0.096875 0.128125
1 0.38359375 0.35859375 0.0125 0.015625
1 0.446875 0.35234375 0.0125 0.015625
1 0.33125 0.38671875 0.0125 0.015625
1 0.19140625 0.9125 0.015625 0.021875
1 0.59765625 0.6421875 0.015625 0.015625
1 0.86640625 0.9171875 0.015625 0.025
1 0.71328125 0.51015625 0.0140625 0.0203125
1 0.5734375 0.546875 0.015625 0.021875
1 0.70078125 0.4828125 0.015625 0.0171875
1 0.634375 0.42578125 0.0125 0.0171875
1 0.42109375 0.35 0.0109375 0.015625
1 0.62265625 0.3828125 0.0125 0.015625
1 0.92421875 0.928125 0.0171875 0.025
1 0.42109375 0.4109375 0.0125 0.0171875
1 0.571875 0.3546875 0.0125 0.0140625
1 0.92890625 0.43125 0.0125 0.0125
1 0.696875 0.39921875 0.0125 0.015625
1 0.1421875 0.94296875 0.01875 0.028125
1 0.06796875 0.34609375 0.0125 0.015625
1 0.89609375 0.30234375 0.0109375 0.0140625
1 0.515625 0.31796875 0.0125 0.0125
1 0.3796875 0.29765625 0.0125 0.015625
1 0.91015625 0.41875 0.0140625 0.015625
1 0.63515625 0.4015625 0.0140625 0.015625
1 0.57578125 0.27734375 0.009375 0.0125
1 0.35390625 0.33828125 0.0125 0.0140625
1 0.365625 0.36875 0.0125 0.015625
1 0.66328125 0.38984375 0.0125 0.015625
1 0.42578125 0.44375 0.0140625 0.0171875
1 0.625 0.36875 0.0125 0.0125
0 0.66875 0.17890625 0.0125 0.0140625
1 0.571875 0.33828125 0.0125 0.0140625
1 0.84921875 0.43671875 0.0140625 0.01875
1 0.1109375 0.296875 0.0125 0.0125
1 0.446875 0.390625 0.0109375 0.015625
1 0.43671875 0.434375 0.0125 0.0171875
1 0.53203125 0.3671875 0.0125 0.015625
1 0.015625 0.4234375 0.0140625 0.015625
1 0.45390625 0.4 0.0125 0.015625
1 0.45546875 0.26875 0.009375 0.0125
1 0.5171875 0.89375 0.009375 0.0109375
1 0.5515625 0.3046875 0.0125 0.0140625
1 0.60234375 0.45 0.015625 0.01875
1 0.3078125 0.3875 0.0125 0.015625
1 0.55703125 0.35078125 0.0109375 0.015625
1 0.45703125 0.3796875 0.0125 0.0125
1 0.503125 0.346875 0.0125 0.015625
1 0.13515625 0.28828125 0.0109375 0.0125
1 0.540625 0.325 0.0109375 0.015625
1 0.9828125 0.36875 0.0125 0.015625
1 0.33359375 0.35390625 0.0125 0.0140625
1 0.50546875 0.41953125 0.0125 0.015625
1 0.35625 0.29140625 0.0109375 0.0125
1 0.58359375 0.3203125 0.0125 0.0140625
1 0.49609375 0.3078125 0.0109375 0.0140625
1 0.7109375 0.46953125 0.015625 0.0171875
1 0.29296875 0.890625 0.015625 0.015625
1 0.6046875 0.9046875 0.0125 0.0125
1 0.2234375 0.953125 0.01875 0.0296875
1 0.15234375 0.88359375 0.0125 0.015625
1 0.3171875 0.3578125 0.0125 0.015625
1 0.39765625 0.4421875 0.0125 0.0125
1 0.3828125 0.38046875 0.0125 0.0140625
1 0.68984375 0.6453125 0.0140625 0.015625
1 0.39921875 0.4578125 0.015625 0.01875
1 0.628125 0.26796875 0.009375 0.0125
1 0.00390625 0.428125 0.0078125 0.015625
1 0.61015625 0.44296875 0.0125 0.015625
1 0.2109375 0.9015625 0.0140625 0.01875
1 0.41328125 0.29140625 0.0109375 0.015625
1 0.97265625 0.3484375 0.0125 0.015625
1 0.93359375 0.3484375 0.0125 0.015625
1 0.53671875 0.4265625 0.015625 0.0171875
1 0.94765625 0.35078125 0.0125 0.015625
1 0.296875 0.3375 0.0125 0.015625
1 0.9203125 0.40703125 0.0125 0.015625
1 0.50625 0.3296875 0.0125 0.0125
1 0.8984375 0.9234375 0.0171875 0.025
1 0.68671875 0.3796875 0.0140625 0.01875
1 0.3484375 0.3640625 0.0125 0.0140625
1 0.0203125 0.40546875 0.009375 0.0125
1 0.684375 0.3328125 0.0125 0.0140625
1 0.9890625 0.4109375 0.0125 0.015625
0 0.678125 0.1671875 0.0125 0.0140625
1 0.4375 0.340625 0.0140625 0.015625
1 0.9015625 0.2828125 0.009375 0.0125
1 0.0890625 0.91875 0.0171875 0.021875
1 0.5546875 0.44453125 0.0125 0.0125
1 0.49765625 0.35546875 0.0109375 0.0125
1 0.540625 0.36484375 0.0125 0.0140625
1 0.49765625 0.29140625 0.0109375 0.0125
1 0.65859375 0.35625 0.0125 0.0140625
1 0.25625 0.865625 0.009375 0.009375
1 0.559375 0.4890625 0.0109375 0.01875
1 0.659375 0.3765625 0.0125 0.0140625
1 0.5171875 0.43359375 0.01875 0.0203125
1 0.634375 0.90546875 0.0125 0.009375
1 0.07421875 0.328125 0.0125 0.0125
1 0.5484375 0.34609375 0.0109375 0.0140625
1 0.54453125 0.41796875 0.0125 0.0125
1 0.890625 0.98515625 0.025 0.028125
1 0.66953125 0.375 0.0140625 0.015625
1 0.70234375 0.3 0.0125 0.015625
1 0.8453125 0.26171875 0.0109375 0.0125
1 0.33828125 0.340625 0.0140625 0.0140625
1 0.3453125 0.29921875 0.009375 0.0109375
1 0.93203125 0.3171875 0.0125 0.0125
1 0.065625 0.33046875 0.0125 0.0140625
1 0.49921875 0.45 0.015625 0.01875
1 0.43828125 0.38515625 0.0140625 0.015625
1 0.04609375 0.34453125 0.0125 0.015625
1 0.446875 0.3375 0.0125 0.015625
1 0.909375 0.29375 0.0125 0.0125
1 0.01015625 0.37265625 0.0125 0.015625
1 0.35703125 0.31953125 0.0125 0.015625
1 0.5328125 0.453125 0.0140625 0.021875
1 0.03046875 0.36953125 0.015625 0.0171875
1 0.1171875 0.27578125 0.0125 0.0140625
1 0.109375 0.28125 0.0125 0.0125
1 0.2890625 0.31640625 0.0140625 0.01875
1 0.3859375 0.390625 0.0109375 0.0109375
1 0.678125 0.32265625 0.0125 0.0140625
1 0.04375 0.9296875 0.015625 0.021875
1 0.12578125 0.2796875 0.0125 0.0125
1 0.54140625 0.88125 0.0109375 0.0125
1 0.06796875 0.3171875 0.0125 0.0125
1 0.9328125 0.3375 0.0125 0.0109375
0 0.66015625 0.759375 0.0109375 0.0125
1 0.07109375 0.91953125 0.015625 0.021875
1 0.05390625 0.36015625 0.0125 0.015625
0 0.64140625 0.2328125 0.0125 0.0125
1 0.86640625 0.88828125 0.0125 0.015625
1 0.11875 0.89375 0.009375 0.0109375
1 0.4015625 0.86953125 0.0109375 0.0125
1 0.04609375 0.36875 0.0125 0.015625
1 0.896875 0.271875 0.0125 0.0125
0 0.65390625 0.2375 0.0125 0.0125
1 0.9953125 0.36640625 0.009375 0.0171875
1 0.30859375 0.375 0.0125 0.0109375
1 0.325 0.33515625 0.0125 0.015625
1 0.00703125 0.4109375 0.0125 0.0125
1 0.878125 0.26640625 0.0125 0.0140625
1 0.86484375 0.259375 0.0125 0.015625
1 0.9203125 0.89453125 0.015625 0.01875