0 0.23046875 0.21171875 0.009375 0.01875
3 0.340625 0.2921875 0.05078125 0.06484375
0 0.76875 0.1546875 0.0078125 0.01875
4 0.9640625 0.44140625 0.071875 0.0984375
2 0.76875 0.21875 0.084375 0.0609375
1 0.41796875 0.440625 0.01171875 0.01796875
1 0.5953125 0.36484375 0.0078125 0.01328125
1 0.609375 0.51796875 0.01328125 0.02109375
3 0.4625 0.31875 0.06484375 0.07890625
3 0.534375 0.425 0.5296875 0.42222222187499997 0.53046875 0.39444444375 0.5203125 0.3888888890625 0.51171875 0.3888888890625 0.51328125 0.40972222187499996 0.5328125 0.427777778125 0.534375 0.425
3 0.44609375 0.490277778125 0.4578125 0.49444444374999996 0.4640625 0.46805555625000006 0.4828125 0.44444444375 0.484375 0.38055555625 0.46640625 0.38333333281250004 0.44609375 0.397222221875 0.4390625 0.41111111093749997 0.44140625 0.4388888890625 0.43671875 0.459722221875 0.4375 0.48055555625 0.44609375 0.490277778125
4 0.52109375 0.4875 0.0859375 0.1625
4 0.52265625 0.3234375 0.0515625 0.0734375
4 0.74375 0.87265625 0.14296875 0.1421875