4 0.55703125 0.3640625 0.115625 0.0953125
2 0.77421875 0.22421875 0.125 0.0671875
3 0.7328125 0.871875 0.1109375 0.08125
3 0.84453125 0.39296875 0.1109375 0.0984375
3 0.2484375 0.45625 0.1484375 0.1421875
4 0.5875 0.4828125 0.1234375 0.115625
1 0.80078125 0.625 0.046875 0.021875
1 0.42109375 0.46171875 0.04375 0.01875
1 0.1375 0.371875 0.04375 0.0171875
1 0.70078125 0.61015625 0.0484375 0.0234375
1 0.37578125 0.465625 0.04375 0.0203125
1 0.62890625 0.59765625 0.0484375 0.025
1 0.38984375 0.60703125 0.0453125 0.0203125
1 0.96796875 0.51796875 0.0453125 0.01875
1 0.06796875 0.534375 0.046875 0.021875
1 0.08359375 0.48203125 0.0453125 0.0203125
1 0.1171875 0.51484375 0.046875 0.021875
1 0.91953125 0.61640625 0.0484375 0.0234375
1 0.93359375 0.496875 0.04375 0.01875
1 0.3140625 0.89453125 0.0453125 0.0171875
1 0.7375 0.52890625 0.0453125 0.0171875
1 0.121875 0.3296875 0.0421875 0.015625
1 0.47421875 0.3671875 0.0421875 0.015625
1 0.92578125 0.48203125 0.04375 0.0171875
1 0.80703125 0.5859375 0.046875 0.0234375
1 0.97265625 0.47109375 0.0453125 0.01875
1 0.753125 0.5671875 0.04375 0.0171875
1 0.93203125 0.44296875 0.04375 0.0171875
1 0.47578125 0.39375 0.04375 0.0171875
1 0.84296875 0.93984375 0.046875 0.01875
1 0.33046875 0.42734375 0.04375 0.01875
1 0.63984375 0.3453125 0.0421875 0.015625
1 0.45625 0.3921875 0.04375 0.0171875
1 0.45234375 0.3734375 0.0421875 0.015625
1 0.5953125 0.90234375 0.04375 0.015625
1 0.3828125 0.42109375 0.0421875 0.0171875
1 0.98203125 0.43515625 0.0359375 0.0171875
1 0.5140625 0.359375 0.040625 0.015625
1 0.815625 0.96015625 0.0515625 0.028125
1 0.90234375 0.3203125 0.0421875 0.0140625
1 0.1609375 0.39453125 0.0421875 0.015625
1 0.790625 0.60234375 0.046875 0.021875
1 0.05234375 0.41015625 0.04375 0.01875
1 0.74375 0.92578125 0.046875 0.0234375
1 0.16015625 0.90703125 0.04375 0.0203125
1 0.9265625 0.4640625 0.04375 0.01875
1 0.11640625 0.3875 0.04375 0.0171875
1 0.921875 0.57578125 0.046875 0.021875
1 0.07109375 0.4046875 0.04375 0.0171875
1 0.98515625 0.565625 0.0296875 0.021875
1 0.98359375 0.4765625 0.0328125 0.01875
1 0.66484375 0.34921875 0.04375 0.015625
1 0.76015625 0.58671875 0.0453125 0.021875
1 0.50625 0.90546875 0.0421875 0.0125
1 0.84375 0.50703125 0.0421875 0.0171875
1 0.3859375 0.3828125 0.0421875 0.015625
1 0.053125 0.390625 0.04375 0.015625
1 0.9203125 0.44296875 0.04375 0.0171875
1 0.42421875 0.58828125 0.046875 0.0234375
3 0.034375 0.359375 0.06875 0.1
1 0.415625 0.31640625 0.0421875 0.0140625
1 0.31953125 0.38125 0.0421875 0.0171875
0 0.184375 0.1328125 0.0421875 0.015625
1 0.15078125 0.32890625 0.0421875 0.0140625
1 0.15234375 0.278125 0.040625 0.0140625
1 0.7484375 0.61328125 0.046875 0.0234375
1 0.2890625 0.8921875 0.04375 0.0171875
1 0.1734375 0.33515625 0.0421875 0.015625
1 0.49765625 0.428125 0.0421875 0.0171875
1 0.36484375 0.33125 0.0421875 0.0171875
1 0.61484375 0.29296875 0.040625 0.0140625
1 0.38671875 0.30234375 0.040625 0.0140625
1 0.09453125 0.9421875 0.0515625 0.03125
1 0.91875 0.55859375 0.0453125 0.0171875
0 0.24921875 0.18046875 0.0421875 0.0140625
1 0.43359375 0.38515625 0.04375 0.015625
4 0.3328125 0.57109375 0.115625 0.1375
1 0.196875 0.31953125 0.040625 0.0125
1 0.496875 0.40703125 0.0421875 0.015625
1 0.74375 0.54921875 0.04375 0.01875
1 0.4140625 0.33515625 0.0421875 0.0140625
1 0.86796875 0.92109375 0.04375 0.01875
1 0.7140625 0.50859375 0.04375 0.0203125
1 0.45390625 0.353125 0.0421875 0.0125
1 0.83984375 0.965625 0.05 0.028125
1 0.01953125 0.403125 0.0390625 0.015625
1 0.53125 0.41015625 0.04375 0.0171875
1 0.30234375 0.3953125 0.04375 0.0171875
1 0.6390625 0.2921875 0.0421875 0.0140625
1 0.06171875 0.95625 0.053125 0.03125
1 0.778125 0.91640625 0.04375 0.0203125
2 0.25625 0.20078125 0.1234375 0.059375
1 0.5140625 0.3796875 0.0421875 0.0140625
1 0.50234375 0.30234375 0.040625 0.0140625
1 0.94921875 0.43984375 0.04375 0.01875
4 0.559375 0.8375 0.075 0.0546875
1 0.66875 0.2765625 0.0421875 0.0125
1 0.73359375 0.565625 0.0453125 0.0203125
1 0.5421875 0.446875 0.040625 0.0171875
1 0.3828125 0.3671875 0.0421875 0.015625
1 0.978125 0.4546875 0.04375 0.015625
1 0.89140625 0.3796875 0.04375 0.015625
1 0.81015625 0.91640625 0.0453125 0.0171875
1 0.49921875 0.37890625 0.040625 0.015625
1 0.340625 0.38125 0.04375 0.0171875
1 0.36171875 0.278125 0.040625 0.0140625
1 0.19296875 0.90625 0.046875 0.021875
1 0.4328125 0.353125 0.0421875 0.0140625
1 0.67265625 0.36328125 0.0421875 0.0171875
1 0.1640625 0.24921875 0.040625 0.0125
1 0.33515625 0.31484375 0.040625 0.0140625
1 0.6171875 0.34609375 0.04375 0.015625
1 0.44921875 0.2875 0.040625 0.0140625
1 0.1546875 0.38046875 0.04375 0.0140625
1 0.0953125 0.3953125 0.0453125 0.01875
1 0.43671875 0.3375 0.0421875 0.015625
1 0.49375 0.32265625 0.04375 0.015625
1 0.65859375 0.3265625 0.0421875 0.0140625
1 0.4875 0.409375 0.0421875 0.015625
1 0.509375 0.3421875 0.040625 0.0140625
1 0.68359375 0.35859375 0.0421875 0.015625
1 0.33828125 0.3328125 0.04375 0.0171875
1 0.79765625 0.93984375 0.046875 0.0234375
1 0.37421875 0.3609375 0.0421875 0.015625
1 0.8765625 0.55078125 0.0453125 0.0203125
1 0.925 0.334375 0.040625 0.0125
1 0.07109375 0.36953125 0.0421875 0.0125
1 0.06875 0.3828125 0.04375 0.0171875
1 0.40234375 0.384375 0.04375 0.015625
1 0.19765625 0.28203125 0.040625 0.015625
1 0.1609375 0.3234375 0.040625 0.0140625
1 0.1796875 0.31171875 0.0421875 0.0171875
1 0.9 0.55625 0.046875 0.01875
1 0.87578125 0.2921875 0.040625 0.0125
1 0.93125 0.40234375 0.0421875 0.0140625
1 0.20703125 0.87578125 0.04375 0.015625
1 0.4796875 0.478125 0.0421875 0.0171875
1 0.9015625 0.29453125 0.0421875 0.0140625
1 0.07890625 0.38984375 0.04375 0.015625
1 0.22265625 0.915625 0.0484375 0.0234375
1 0.959375 0.4328125 0.0421875 0.015625
1 0.52109375 0.32578125 0.040625 0.015625
1 0.33046875 0.86015625 0.0390625 0.009375
1 0.68046875 0.88671875 0.0421875 0.0171875
1 0.56640625 0.90703125 0.0421875 0.0109375
1 0.1171875 0.25859375 0.0421875 0.0125
1 0.1921875 0.8625 0.0390625 0.0109375
1 0.93984375 0.3578125 0.04375 0.0171875
1 0.65625 0.3109375 0.0421875 0.0125
1 0.63984375 0.2703125 0.0421875 0.0140625
1 0.4546875 0.33203125 0.04375 0.0140625
1 0.9046875 0.5375 0.0453125 0.015625
1 0.825 0.934375 0.0453125 0.0203125
1 0.73203125 0.5484375 0.0453125 0.015625
1 0.91953125 0.35859375 0.04375 0.015625
0 0.24921875 0.7515625 0.0421875 0.0140625
1 0.8390625 0.9171875 0.04375 0.015625
1 0.93125 0.38984375 0.0421875 0.0125
1 0.24296875 0.878125 0.0421875 0.0140625
1 0.36875 0.25546875 0.040625 0.0140625
1 0.2671875 0.86640625 0.0421875 0.0140625
1 0.67578125 0.3453125 0.04375 0.0171875
1 0.33046875 0.34453125 0.04375 0.0140625
1 0.31171875 0.87578125 0.04375 0.0140625
1 0.09375 0.915625 0.0484375 0.0203125
1 0.96171875 0.403125 0.04375 0.0171875
1 0.17421875 0.87421875 0.0421875 0.0125
1 0.55078125 0.90078125 0.0453125 0.0203125
1 0.725 0.53046875 0.04375 0.01875
1 0.46953125 0.3484375 0.040625 0.0140625
1 0.9859375 0.415625 0.028125 0.015625
1 0.82578125 0.8765625 0.0390625 0.0125
1 0.68984375 0.6328125 0.0421875 0.0109375
1 0.78984375 0.91640625 0.046875 0.01875
3 0.1078125 0.88046875 0.1203125 0.0953125
1 0.3828125 0.27890625 0.0421875 0.0125
1 0.9359375 0.42578125 0.0453125 0.0125
1 0.87109375 0.95390625 0.046875 0.0203125
1 0.25703125 0.8953125 0.0421875 0.015625
1 0.1859375 0.23203125 0.040625 0.0125
1 0.5484375 0.421875 0.040625 0.0140625
1 0.24765625 0.90703125 0.0453125 0.01875
1 0.85234375 0.90078125 0.0421875 0.0140625
1 0.3890625 0.2546875 0.040625 0.0125
1 0.4921875 0.4671875 0.0390625 0.0125
1 0.3859375 0.2671875 0.040625 0.0109375
1 0.25390625 0.98125 0.0546875 0.01875
1 0.8109375 0.8953125 0.0421875 0.015625
1 0.98515625 0.66640625 0.0296875 0.0140625
1 0.62734375 0.26328125 0.0421875 0.0140625
1 0.2171875 0.871875 0.040625 0.0140625
1 0.60859375 0.26328125 0.04375 0.0125
1 0.2796875 0.86796875 0.040625 0.0125
1 0.43203125 0.3734375 0.0421875 0.0125
1 0.46640625 0.89296875 0.040625 0.0109375
1 0.1734375 0.890625 0.04375 0.0171875
1 0.75546875 0.5421875 0.0421875 0.0171875
0 0.4125 0.7109375 0.0421875 0.0171875
1 0.0421875 0.92421875 0.0515625 0.028125
1 0.9046875 0.6609375 0.04375 0.0109375
0 0.21796875 0.7125 0.0421875 0.0140625
1 0.6875 0.65234375 0.0390625 0.0109375
1 0.44453125 0.8796875 0.040625 0.0125
1 0.9515625 0.38984375 0.0421875 0.0140625
0 0.27890625 0.184375 0.0390625 0.0125
1 0.82265625 0.87109375 0.040625 0.0109375
0 0.31328125 0.23515625 0.0421875 0.015625
1 0.8125 0.9375 0.04375 0.0171875
1 0.8890625 0.5546875 0.046875 0.01875
1 0.6765625 0.27109375 0.040625 0.0125
1 0.8390625 0.90390625 0.0421875 0.0125
1 0.85234375 0.66015625 0.0421875 0.0109375
1 0.10546875 0.91640625 0.0453125 0.0203125
1 0.43046875 0.34296875 0.0421875 0.0140625
1 0.5890625 0.853125 0.0421875 0.0109375
1 0.2328125 0.86953125 0.040625 0.0125
1 0.63203125 0.99140625 0.053125 0.0171875
1 0.1234375 0.25234375 0.040625 0.0125
1 0.9765625 0.3921875 0.04375 0.0125
0 0.19921875 0.2125 0.0390625 0.0109375
1 0.97890625 0.37265625 0.0421875 0.0140625