2 0.759375 0.21015625 0.0875 0.0625
4 0.39765625 0.296875 0.065625 0.0734375
1 0.74375 0.5328125 0.0125 0.021875
1 0.6703125 0.4484375 0.0109375 0.01875
3 0.16953125 0.31484375 0.05 0.065625
1 0.7203125 0.8828125 0.0140625 0.0234375
1 0.3953125 0.5796875 0.0140625 0.025
1 0.81640625 0.4359375 0.0109375 0.01875
1 0.4484375 0.5828125 0.0140625 0.021875
1 0.06640625 0.47734375 0.0125 0.01875
1 0.63671875 0.8734375 0.0140625 0.0265625
1 0.85625 0.446875 0.0109375 0.0171875
1 0.40390625 0.4859375 0.0109375 0.0171875
1 0.675 0.88671875 0.0125 0.021875
1 0.553125 0.4390625 0.0109375 0.0171875
1 0.6515625 0.58828125 0.0125 0.0171875
0 0.9109375 0.2140625 0.01875 0.0265625
1 0.40078125 0.45078125 0.0109375 0.01875
0 0.87890625 0.1359375 0.0171875 0.028125
0 0.909375 0.13984375 0.0171875 0.0265625
1 0.4578125 0.44296875 0.0109375 0.0171875
1 0.4359375 0.5078125 0.0125 0.01875
1 0.70546875 0.52734375 0.0125 0.021875
1 0.36796875 0.4875 0.0109375 0.01875
1 0.6453125 0.378125 0.009375 0.015625
1 0.096875 0.5359375 0.0125 0.021875
0 0.89609375 0.2609375 0.0171875 0.0265625
1 0.8765625 0.36484375 0.009375 0.015625
1 0.66953125 0.515625 0.0125 0.021875
1 0.16875 0.4546875 0.009375 0.0171875
1 0.9046875 0.88515625 0.0125 0.021875
1 0.50234375 0.3953125 0.009375 0.015625
1 0.44609375 0.4359375 0.0109375 0.0171875
1 0.3796875 0.45078125 0.0109375 0.0171875
0 0.86484375 0.01484375 0.0171875 0.025
1 0.54140625 0.40546875 0.009375 0.0171875
1 0.275 0.51640625 0.0109375 0.0203125
1 0.44375 0.37421875 0.009375 0.015625
1 0.7296875 0.45078125 0.0109375 0.01875
1 0.08828125 0.43203125 0.009375 0.0171875
1 0.5484375 0.5890625 0.0140625 0.01875
1 0.28125 0.4890625 0.0109375 0.01875
1 0.4921875 0.36796875 0.009375 0.0140625
1 0.20234375 0.4390625 0.009375 0.0171875
1 0.44609375 0.49140625 0.0125 0.0203125
1 0.484375 0.40625 0.0109375 0.0171875
1 0.46953125 0.44375 0.0109375 0.01875
1 0.29140625 0.4421875 0.009375 0.0171875
1 0.4359375 0.45078125 0.0109375 0.0171875
0 0.21640625 0.2046875 0.0125 0.0203125
1 0.9765625 0.38046875 0.009375 0.0171875
1 0.02421875 0.4390625 0.0109375 0.0171875
0 0.87734375 0.2078125 0.015625 0.0296875
1 0.4046875 0.5484375 0.0125 0.021875
1 0.9046875 0.37265625 0.009375 0.015625
1 0.30390625 0.415625 0.0109375 0.0171875
1 0.31875 0.49609375 0.0109375 0.01875
1 0.18671875 0.43515625 0.0109375 0.0171875
1 0.3984375 0.503125 0.0125 0.01875
1 0.50390625 0.33046875 0.009375 0.0140625
1 0.54375 0.54453125 0.009375 0.0203125
0 0.92578125 0.40625 0.015625 0.0234375
1 0.39921875 0.40078125 0.0109375 0.0171875
1 0.05546875 0.39453125 0.009375 0.015625
1 0.690625 0.51015625 0.0125 0.0203125
1 0.3234375 0.453125 0.0109375 0.0171875
1 0.71328125 0.47734375 0.0109375 0.0203125
1 0.33671875 0.45703125 0.0109375 0.0171875
1 0.45859375 0.3734375 0.009375 0.015625
1 0.41171875 0.36875 0.009375 0.015625
0 0.8765625 0.103125 0.015625 0.021875
1 0.43828125 0.46953125 0.0109375 0.0171875
1 0.59140625 0.31796875 0.0078125 0.0140625
2 0.2375 0.23515625 0.0921875 0.053125
1 0.359375 0.8859375 0.0140625 0.0203125
1 0.9359375 0.87421875 0.0109375 0.0203125
1 0.38671875 0.48984375 0.0125 0.015625
1 0.52421875 0.55390625 0.0125 0.021875
1 0.4484375 0.353125 0.0078125 0.0140625
1 0.08203125 0.66171875 0.0140625 0.0171875
1 0.45546875 0.64296875 0.0140625 0.021875
1 0.98125 0.35625 0.0125 0.015625
1 0.62890625 0.57109375 0.0109375 0.015625
0 0.91484375 0.45 0.015625 0.0265625
1 0.71953125 0.45390625 0.0109375 0.01875
1 0.91796875 0.371875 0.009375 0.0171875
1 0.57578125 0.296875 0.0078125 0.0125
1 0.4765625 0.47265625 0.0109375 0.0203125
1 0.66953125 0.43203125 0.0109375 0.0140625
0 0.146875 0.1796875 0.0125 0.01875
1 0.378125 0.47109375 0.0109375 0.0171875
1 0.85625 0.85859375 0.009375 0.015625
1 0.7015625 0.44296875 0.0109375 0.01875
0 0.078125 0.06953125 0.0140625 0.015625
1 0.6984375 0.42265625 0.0109375 0.0171875
1 0.340625 0.48671875 0.0109375 0.0140625
1 0.884375 0.334375 0.009375 0.0140625
1 0.2953125 0.459375 0.0125 0.0171875
1 0.54140625 0.32421875 0.0078125 0.0140625
1 0.3609375 0.40078125 0.0109375 0.0171875
1 0.33828125 0.39921875 0.009375 0.0140625
1 0.02578125 0.40703125 0.009375 0.015625
1 0.31953125 0.41328125 0.009375 0.0140625
0 0.8625 0.11796875 0.0140625 0.021875
1 0.66796875 0.6234375 0.015625 0.0234375
1 0.66484375 0.38203125 0.009375 0.0171875
1 0.4734375 0.33203125 0.0078125 0.0125
1 0.6765625 0.85859375 0.0109375 0.0171875
1 0.34765625 0.40859375 0.009375 0.015625
1 0.67109375 0.36015625 0.009375 0.0140625
1 0.91484375 0.35859375 0.0078125 0.0109375
1 0.83984375 0.8625 0.0109375 0.0171875
1 0.321875 0.8796875 0.009375 0.015625
1 0.559375 0.5796875 0.0125 0.021875
1 0.37734375 0.43671875 0.009375 0.0140625
1 0.32421875 0.43203125 0.0109375 0.015625
1 0.29140625 0.4765625 0.0109375 0.015625
1 0.87421875 0.3421875 0.009375 0.0140625
1 0.3703125 0.36015625 0.0109375 0.015625
1 0.828125 0.8625 0.0109375 0.0171875
1 0.36171875 0.38046875 0.009375 0.0140625
1 0.32890625 0.4890625 0.0109375 0.0171875
1 0.840625 0.30703125 0.009375 0.0140625
0 0.20078125 0.72265625 0.009375 0.0171875
1 0.8625 0.32109375 0.009375 0.0140625
1 0.3125 0.4671875 0.0125 0.0203125
1 0.4125 0.6359375 0.0125 0.025
1 0.67109375 0.4203125 0.0109375 0.0140625
1 0.6296875 0.58984375 0.0125 0.015625
1 0.33359375 0.35390625 0.009375 0.0140625
1 0.6015625 0.29140625 0.0078125 0.0125
1 0.346875 0.38515625 0.0125 0.015625
1 0.41484375 0.41328125 0.0109375 0.0171875
1 0.83828125 0.55625 0.009375 0.015625
1 0.346875 0.30390625 0.0078125 0.0109375
1 0.334375 0.8765625 0.009375 0.015625
1 0.34609375 0.8828125 0.0109375 0.0171875
1 0.3484375 0.3203125 0.0078125 0.0125
1 0.740625 0.5890625 0.0109375 0.0125
1 0.91484375 0.30625 0.0109375 0.015625
1 0.68984375 0.39296875 0.009375 0.015625
1 0.50703125 0.54609375 0.009375 0.0125
0 0.17734375 0.20703125 0.0109375 0.015625
1 0.18046875 0.36328125 0.0109375 0.0125
1 0.33359375 0.47109375 0.0125 0.0125
1 0.75390625 0.8375 0.00625 0.0109375
1 0.65859375 0.35 0.009375 0.0140625
1 0.81015625 0.85703125 0.0109375 0.015625
1 0.99140625 0.35859375 0.0078125 0.0171875
1 0.525 0.315625 0.009375 0.0140625
1 0.31484375 0.40078125 0.009375 0.0140625
1 0.43125 0.36796875 0.009375 0.015625
1 0.43984375 0.32890625 0.009375 0.0125
1 0.85234375 0.31796875 0.009375 0.0125
1 0.29921875 0.4453125 0.009375 0.0125
0 0.18125 0.26640625 0.0078125 0.0125
1 0.27734375 0.8625 0.009375 0.0140625
1 0.4875 0.3515625 0.0078125 0.0109375
1 0.86484375 0.29296875 0.009375 0.0125
1 0.33046875 0.8609375 0.0078125 0.0109375
1 0.421875 0.3359375 0.009375 0.0140625
1 0.58359375 0.84375 0.0078125 0.0125
1 0.68046875 0.38359375 0.009375 0.015625
1 0.16171875 0.44296875 0.009375 0.015625
1 0.80078125 0.83125 0.0078125 0.0109375
1 0.921875 0.43515625 0.009375 0.0171875
1 0.93203125 0.85703125 0.009375 0.015625
1 0.1390625 0.66171875 0.0109375 0.0125
1 0.84296875 0.84453125 0.0078125 0.0125
1 0.3671875 0.3046875 0.0078125 0.0109375
0 0.90078125 0.09765625 0.0140625 0.01875
1 0.43203125 0.49296875 0.0078125 0.0140625
1 0.83203125 0.29375 0.0078125 0.0125
1 0.45703125 0.3296875 0.009375 0.015625
1 0.1046875 0.3484375 0.009375 0.0125
1 0.5078125 0.31640625 0.0078125 0.0140625
1 0.659375 0.36796875 0.009375 0.0125
1 0.315625 0.38671875 0.009375 0.015625
1 0.8640625 0.84375 0.0078125 0.015625
1 0.73203125 0.9765625 0.015625 0.01875
1 0.54453125 0.8421875 0.0078125 0.0140625
1 0.76796875 0.82890625 0.00625 0.0109375
1 0.88984375 0.8671875 0.0109375 0.01875
1 0.93125 0.3328125 0.009375 0.015625
1 0.44765625 0.3296875 0.009375 0.015625
1 0.896875 0.30390625 0.009375 0.015625
1 0.0859375 0.3609375 0.009375 0.0125
1 0.9140625 0.84921875 0.009375 0.0140625
1 0.759375 0.63515625 0.0109375 0.009375
1 0.84375 0.8328125 0.0078125 0.0109375
1 0.9171875 0.9765625 0.0140625 0.0171875
1 0.2890625 0.65625 0.0125 0.0125
1 0.06796875 0.36484375 0.009375 0.0125
1 0.478125 0.30390625 0.009375 0.0140625
1 0.62734375 0.61328125 0.0125 0.01875
1 0.4859375 0.3046875 0.0109375 0.015625
1 0.57265625 0.84296875 0.0109375 0.0125
1 0.32734375 0.30546875 0.00625 0.0109375
1 0.35 0.490625 0.0078125 0.0140625
1 0.8515625 0.29375 0.009375 0.0125
1 0.15234375 0.334375 0.0078125 0.0125
1 0.55859375 0.84375 0.009375 0.0140625
1 0.77890625 0.83359375 0.0078125 0.0109375
1 0.14296875 0.33828125 0.009375 0.0140625
1 0.55234375 0.82109375 0.0078125 0.0109375
1 0.2203125 0.85 0.0078125 0.0109375
3 0.16953125 0.8359375 0.04375 0.0578125