4 0.87578125 0.38046875 0.09140625 0.09296875
3 0.43046875 0.2546875 0.06328125 0.075
2 0.7625 0.21640625 0.08828125 0.06171875
2 0.24609375 0.209375 0.0890625 0.05546875
1 0.73359375 0.4859375 0.01015625 0.01953125
1 0.17265625 0.44296875 0.01171875 0.01875
1 0.609375 0.3953125 0.01015625 0.01640625
1 0.88515625 0.53828125 0.0125 0.02109375
1 0.325 0.44375 0.01015625 0.01796875
1 0.384375 0.35546875 0.00859375 0.01484375
4 0.7625 0.86953125 0.08515625 0.084375
1 0.0828125 0.5015625 0.0125 0.0203125
1 0.009375 0.4359375 0.0109375 0.01875
1 0.49765625 0.4171875 0.01015625 0.0171875
4 0.57890625 0.3625 0.0671875 0.0953125
1 0.39765625 0.4390625 0.0109375 0.01875
1 0.35390625 0.50078125 0.01171875 0.01953125
1 0.54765625 0.41640625 0.01015625 0.01640625
1 0.0109375 0.46796875 0.01171875 0.01875
4 0.809375 0.58203125 0.0921875 0.13203125
1 0.3078125 0.5625 0.0125 0.0234375
1 0.38046875 0.46640625 0.01015625 0.01796875
1 0.3921875 0.509375 0.0109375 0.0203125
1 0.93359375 0.58515625 0.0140625 0.02265625
1 0.0578125 0.459375 0.01171875 0.01875
1 0.70390625 0.44609375 0.01015625 0.01796875
1 0.34375 0.890625 0.00859375 0.015625
1 0.671875 0.89609375 0.01171875 0.01796875
1 0.1296875 0.4265625 0.01015625 0.01796875
1 0.53984375 0.5015625 0.0109375 0.01875
1 0.628125 0.89609375 0.009375 0.01640625
1 0.92578125 0.45234375 0.0109375 0.0171875
1 0.67421875 0.56171875 0.01171875 0.021875
1 0.08515625 0.43046875 0.01015625 0.01640625
1 0.459375 0.30859375 0.0078125 0.015625
1 0.4546875 0.4296875 0.01015625 0.01796875
1 0.71640625 0.55078125 0.0125 0.0203125
1 0.7125 0.50625 0.0109375 0.01953125
0 0.83671875 0.128125 0.0125 0.01875
1 0.09765625 0.41796875 0.0109375 0.0171875
1 0.36015625 0.42734375 0.01015625 0.01796875
1 0.65234375 0.44296875 0.01015625 0.01796875
1 0.52890625 0.9046875 0.009375 0.01171875
1 0.33984375 0.37890625 0.009375 0.015625
1 0.7125 0.53359375 0.0109375 0.01796875
1 0.15546875 0.92890625 0.015625 0.02578125
0 0.73828125 0.803125 0.01015625 0.0203125
1 0.44375 0.3484375 0.009375 0.015625
1 0.85078125 0.43984375 0.01015625 0.01640625
1 0.971875 0.42109375 0.01015625 0.015625
1 0.03515625 0.46953125 0.01171875 0.01875
1 0.2921875 0.43671875 0.01015625 0.015625
1 0.75859375 0.61171875 0.009375 0.02109375
1 0.26484375 0.5328125 0.01171875 0.01953125
1 0.79765625 0.4671875 0.01171875 0.0203125
0 0.85625 0.2140625 0.0109375 0.02265625
1 0.1453125 0.3390625 0.00859375 0.0140625
1 0.690625 0.47734375 0.01015625 0.01875
1 0.21640625 0.640625 0.01328125 0.02265625
1 0.9578125 0.40859375 0.01015625 0.015625
1 0.3515625 0.3671875 0.009375 0.015625
1 0.66171875 0.37890625 0.01015625 0.015625
1 0.8546875 0.94609375 0.01484375 0.0234375
1 0.40546875 0.31953125 0.00859375 0.01484375
1 0.39609375 0.9046875 0.01015625 0.01328125
1 0.328125 0.9046875 0.009375 0.01171875
1 0.06484375 0.9421875 0.015625 0.0296875
1 0.63046875 0.47578125 0.0109375 0.01875
1 0.10390625 0.30234375 0.0078125 0.01328125
1 0.97890625 0.496875 0.0125 0.01875
1 0.64375 0.290625 0.00703125 0.01328125
1 0.93828125 0.409375 0.01015625 0.0171875
1 0.67265625 0.32578125 0.00859375 0.01484375
1 0.9359375 0.396875 0.009375 0.01328125
1 0.16015625 0.26015625 0.00859375 0.01328125
1 0.40859375 0.296875 0.0078125 0.01328125
1 0.85859375 0.9796875 0.01875 0.0328125
1 0.58046875 0.90546875 0.0078125 0.01015625
1 0.60546875 0.31796875 0.00859375 0.01484375
1 0.29921875 0.4625 0.0109375 0.015625
1 0.4421875 0.4265625 0.01015625 0.01796875
1 0.11953125 0.93046875 0.0140625 0.021875
1 0.9921875 0.46640625 0.01015625 0.01328125
0 0.7265625 0.7265625 0.0109375 0.01953125
1 0.5625 0.28984375 0.00859375 0.0140625
1 0.040625 0.44140625 0.01015625 0.0171875
1 0.27265625 0.4953125 0.0125 0.01484375
1 0.6421875 0.45859375 0.01015625 0.01796875
1 0.27890625 0.4453125 0.01015625 0.015625
0 0.846875 0.2140625 0.0109375 0.01796875
1 0.89609375 0.29765625 0.0078125 0.0140625
1 0.41484375 0.6171875 0.01171875 0.015625
1 0.26796875 0.4796875 0.009375 0.0171875
1 0.28671875 0.51171875 0.01171875 0.01796875
1 0.56484375 0.4140625 0.0109375 0.01796875
1 0.996875 0.51328125 0.00625 0.01796875
0 0.80546875 0.15 0.01015625 0.01875
0 0.80625 0.12421875 0.0109375 0.01953125
1 0.99609375 0.428125 0.00703125 0.015625
1 0.1484375 0.99140625 0.02109375 0.01640625
1 0.91953125 0.30390625 0.0078125 0.01328125
1 0.21484375 0.88515625 0.009375 0.015625
1 0.6859375 0.36328125 0.00859375 0.015625
1 0.99296875 0.48671875 0.01171875 0.01796875
1 0.83984375 0.4484375 0.0109375 0.0171875
1 0.75703125 0.91875 0.0125 0.021875
0 0.8578125 0.2890625 0.01015625 0.01484375
1 0.91796875 0.62421875 0.01171875 0.015625
1 0.69609375 0.896875 0.01171875 0.01953125
1 0.2359375 0.9296875 0.0140625 0.025
1 0.2734375 0.51171875 0.0125 0.01796875
1 0.365625 0.39765625 0.01015625 0.01640625
0 0.8546875 0.3328125 0.009375 0.01484375
1 0.5828125 0.871875 0.00703125 0.0109375
1 0.053125 0.44296875 0.009375 0.01484375
1 0.053125 0.3515625 0.0109375 0.01640625
1 0.3296875 0.34140625 0.00703125 0.0140625
0 0.7375 0.746875 0.01015625 0.0171875
1 0.56953125 0.26953125 0.0078125 0.0125
1 0.35 0.309375 0.009375 0.01484375
1 0.11328125 0.9578125 0.01796875 0.03203125
1 0.278125 0.86875 0.00625 0.01171875
1 0.371875 0.4421875 0.009375 0.01640625
1 0.5953125 0.51328125 0.009375 0.015625
1 0.26171875 0.92890625 0.0125 0.0203125
1 0.81875 0.93359375 0.01328125 0.0203125
0 0.13359375 0.8421875 0.0125 0.02265625
1 0.58359375 0.2671875 0.00859375 0.01171875
1 0.28984375 0.49609375 0.0109375 0.0140625
1 0.271875 0.35859375 0.01015625 0.01875
1 0.34375 0.32890625 0.0078125 0.01328125
0 0.84140625 0.16953125 0.01328125 0.01796875
1 0.8265625 0.465625 0.009375 0.0140625
0 0.7375 0.7296875 0.009375 0.015625
1 0.02734375 0.3484375 0.009375 0.015625
0 0.7546875 0.7984375 0.01015625 0.01953125
1 0.01796875 0.36875 0.01015625 0.01484375
1 0.8390625 0.28515625 0.00703125 0.0125
1 0.3375 0.3421875 0.0109375 0.0140625
1 0.01171875 0.39296875 0.0109375 0.01640625
1 0.33515625 0.2609375 0.0078125 0.01171875
1 0.81640625 0.990625 0.01875 0.0171875
1 0.2625 0.50703125 0.0109375 0.0140625
1 0.62578125 0.2796875 0.00859375 0.0125
1 0.26953125 0.9046875 0.0078125 0.0125
1 0.98828125 0.41015625 0.01171875 0.01640625
1 0.065625 0.34765625 0.01015625 0.0140625
1 0.2453125 0.97421875 0.01640625 0.03203125
1 0.415625 0.31875 0.009375 0.01328125
0 0.85859375 0.27265625 0.01015625 0.015625
1 0.82109375 0.88671875 0.009375 0.01640625
1 0.27890625 0.4765625 0.0109375 0.01640625
1 0.303125 0.44765625 0.009375 0.0140625
1 0.40234375 0.64375 0.009375 0.015625
1 0.81640625 0.96015625 0.015625 0.0296875
1 0.9671875 0.3953125 0.0078125 0.0125
4 0.58515625 0.8375 0.05 0.05546875
1 0.47890625 0.26171875 0.00703125 0.01171875
1 0.84140625 0.43359375 0.00859375 0.0125
1 0.84140625 0.9046875 0.01015625 0.01953125
0 0.81796875 0.1421875 0.01484375 0.01796875
1 0.31640625 0.6171875 0.0078125 0.0125
1 0.60859375 0.26484375 0.00859375 0.0125
1 0.02265625 0.3921875 0.0109375 0.0171875
1 0.92734375 0.32890625 0.00859375 0.0140625
1 0.28828125 0.48203125 0.01015625 0.0125
1 0.8453125 0.2890625 0.00859375 0.01171875
1 0.40078125 0.27734375 0.009375 0.0125
1 0.51328125 0.2609375 0.0078125 0.01171875
1 0.6515625 0.26875 0.0109375 0.01171875
1 0.3796875 0.45 0.01015625 0.01328125
1 0.59921875 0.265625 0.009375 0.01328125
1 0.37734375 0.26484375 0.009375 0.01171875
1 0.79140625 0.94453125 0.01640625 0.028125
1 0.14140625 0.9046875 0.01328125 0.01875
1 0.42890625 0.64921875 0.0078125 0.009375
1 0.2546875 0.51875 0.00859375 0.015625
1 0.36953125 0.3859375 0.00859375 0.0125
1 0.18671875 0.9328125 0.01015625 0.0171875
1 0.86640625 0.909375 0.01171875 0.01953125
1 0.47890625 0.89296875 0.0078125 0.0109375
1 0.2203125 0.86640625 0.00625 0.009375
1 0.040625 0.99375 0.01640625 0.0125
1 0.078125 0.2953125 0.0078125 0.0125
1 0.190625 0.2609375 0.00546875 0.01171875
1 0.65859375 0.26171875 0.00703125 0.01171875
1 0.9453125 0.36015625 0.0078125 0.01328125
1 0.7421875 0.96171875 0.01875 0.03203125
1 0.06796875 0.31640625 0.01015625 0.0140625
1 0.89296875 0.27890625 0.0078125 0.01484375
1 0.24765625 0.9421875 0.015625 0.01640625
1 0.87734375 0.27734375 0.009375 0.015625
1 0.2640625 0.98203125 0.0171875 0.03203125
1 0.99609375 0.39375 0.00703125 0.0140625
1 0.85625 0.88671875 0.009375 0.015625
1 0.12890625 0.26875 0.00859375 0.01328125
1 0.68359375 0.89453125 0.009375 0.015625
1 0.1203125 0.2703125 0.0078125 0.01328125
1 0.95390625 0.36875 0.00859375 0.01484375
1 0.39765625 0.265625 0.0078125 0.0109375
1 0.98984375 0.37265625 0.01015625 0.0140625
1 0.33515625 0.271875 0.00703125 0.0078125
1 0.55390625 0.871875 0.00625 0.01171875
1 0.09921875 0.91484375 0.0140625 0.02265625
1 0.64140625 0.26875 0.009375 0.01328125
1 0.9125 0.9171875 0.01640625 0.02421875
1 0.8875 0.9390625 0.0125 0.0203125
0 0.7234375 0.69921875 0.009375 0.0125
1 0.00390625 0.3671875 0.00703125 0.0171875
0 0.8453125 0.2541666671875 0.8453125 0.2666666671875 0.85546875 0.2625 0.8515625 0.25 0.8453125 0.2541666671875
0 0.8734375 0.34722222187499996 0.86484375 0.34722222187499996 0.86484375 0.3611111109375 0.8703125 0.3625 0.875 0.35694444375 0.8734375 0.34722222187499996