4 0.36953125 0.43359375 0.109375 0.115625
2 0.78359375 0.234375 0.10625 0.0609375
4 0.21953125 0.82421875 0.0890625 0.06875
4 0.078125 0.3296875 0.0796875 0.09375
1 0.81796875 0.58203125 0.0328125 0.0203125
1 0.6875 0.88984375 0.0296875 0.0171875
1 0.77890625 0.578125 0.03125 0.021875
1 0.8859375 0.45 0.0296875 0.0140625
1 0.68046875 0.50390625 0.0296875 0.0171875
2 0.26328125 0.2140625 0.115625 0.05
3 0.4078125 0.82265625 0.05625 0.0484375
1 0.6453125 0.459375 0.028125 0.0140625
1 0.66328125 0.5515625 0.03125 0.0203125
0 0.98515625 0.4765625 0.0296875 0.015625
0 0.80859375 0.17265625 0.0359375 0.021875
1 0.28125 0.45625 0.028125 0.015625
1 0.66015625 0.4390625 0.028125 0.0140625
1 0.6109375 0.459375 0.0265625 0.0109375
1 0.7296875 0.509375 0.0296875 0.0171875
1 0.528125 0.59375 0.03125 0.0140625
1 0.80390625 0.61171875 0.0296875 0.0125
1 0.26640625 0.54296875 0.03125 0.01875
4 0.18125 0.33984375 0.0828125 0.0765625
1 0.0625 0.4171875 0.028125 0.0140625
1 0.4625 0.890625 0.0296875 0.0203125
1 0.690625 0.58828125 0.03125 0.01875
1 0.6265625 0.5359375 0.03125 0.0171875
1 0.8921875 0.3640625 0.0265625 0.0109375
1 0.94140625 0.4171875 0.028125 0.0125
1 0.740625 0.56015625 0.03125 0.01875
1 0.4046875 0.884375 0.0296875 0.01875
1 0.84453125 0.44453125 0.028125 0.015625
1 0.20703125 0.87109375 0.0296875 0.0171875
1 0.703125 0.54296875 0.028125 0.0140625
3 0.49453125 0.4265625 0.0890625 0.09375
1 0.11015625 0.3703125 0.0265625 0.0125
1 0.7140625 0.43046875 0.028125 0.0140625
1 0.69375 0.55703125 0.03125 0.01875
1 0.6703125 0.33671875 0.028125 0.0109375
1 0.759375 0.53515625 0.0296875 0.0171875
1 0.65703125 0.35390625 0.025 0.0125
1 0.3671875 0.3390625 0.0265625 0.0125
1 0.9125 0.4 0.0265625 0.0125
1 0.7 0.44140625 0.0296875 0.0140625
0 0.97890625 0.425 0.0296875 0.015625
1 0.13671875 0.88046875 0.0328125 0.021875
1 0.54921875 0.3703125 0.025 0.0125
1 0.73828125 0.54140625 0.0296875 0.015625
1 0.771875 0.45390625 0.0296875 0.01875
0 0.8625 0.81484375 0.03125 0.0203125
1 0.6671875 0.39140625 0.0265625 0.0125
1 0.59921875 0.37890625 0.0265625 0.0140625
0 0.8203125 0.79921875 0.03125 0.0203125
1 0.675 0.41875 0.028125 0.0140625
1 0.09375 0.41484375 0.0296875 0.0140625
1 0.20546875 0.909375 0.034375 0.025
1 0.7140625 0.60546875 0.0296875 0.0109375
1 0.0953125 0.39765625 0.028125 0.0125
1 0.65703125 0.40859375 0.028125 0.0140625
1 0.71171875 0.55859375 0.03125 0.0171875
1 0.73359375 0.6359375 0.0328125 0.0203125
1 0.19375 0.93828125 0.0390625 0.0328125
1 0.76796875 0.55234375 0.03125 0.01875
1 0.60390625 0.4234375 0.0296875 0.0140625
0 0.771875 0.75703125 0.03125 0.0203125
1 0.3421875 0.37421875 0.0265625 0.0125
1 0.41953125 0.46640625 0.0296875 0.0171875
0 0.8953125 0.75625 0.0328125 0.0234375
1 0.87734375 0.3390625 0.025 0.009375
1 0.48828125 0.36640625 0.025 0.0109375
1 0.6734375 0.3625 0.0265625 0.0109375
1 0.09375 0.5203125 0.03125 0.01875
1 0.675 0.575 0.03125 0.0203125
1 0.6859375 0.42421875 0.028125 0.0125
1 0.01015625 0.4265625 0.0203125 0.0125
1 0.54375 0.87265625 0.028125 0.0171875
1 0.5609375 0.34921875 0.025 0.0125
1 0.43828125 0.47734375 0.0296875 0.015625
1 0.34296875 0.34921875 0.025 0.009375
0 0.74375 0.77578125 0.03125 0.0203125
1 0.26015625 0.84609375 0.025 0.0109375
1 0.721875 0.58671875 0.03125 0.01875
1 0.50078125 0.34765625 0.025 0.0109375
1 0.68046875 0.35 0.025 0.0109375
1 0.8515625 0.3171875 0.025 0.0109375
1 0.68828125 0.40625 0.0265625 0.0078125
0 0.88203125 0.84765625 0.03125 0.021875
1 0.17421875 0.87890625 0.03125 0.021875
0 0.86015625 0.77890625 0.03125 0.01875
1 0.63203125 0.3828125 0.0265625 0.0125
1 0.9328125 0.36015625 0.0265625 0.0109375
0 0.95234375 0.42890625 0.03125 0.015625
1 0.11796875 0.31875 0.0265625 0.009375
1 0.9328125 0.40078125 0.0265625 0.0125
1 0.6546875 0.88125 0.0296875 0.015625
1 0.69921875 0.390625 0.0265625 0.0109375
1 0.609375 0.31171875 0.0265625 0.0109375
1 0.4796875 0.35 0.028125 0.0109375
1 0.55234375 0.8453125 0.028125 0.0140625
1 0.1375 0.3453125 0.025 0.0109375
1 0.3984375 0.3109375 0.028125 0.0125
1 0.17890625 0.37109375 0.028125 0.0140625
1 0.6390625 0.3328125 0.025 0.0109375
1 0.13828125 0.32734375 0.025 0.009375
1 0.44609375 0.440625 0.028125 0.0125
0 0.8125 0.77734375 0.03125 0.0203125
1 0.3796875 0.30859375 0.025 0.0109375
1 0.359375 0.32421875 0.0265625 0.0109375
1 0.1046875 0.38515625 0.028125 0.0140625
1 0.43046875 0.8921875 0.0296875 0.015625
1 0.26171875 0.52890625 0.028125 0.0140625
1 0.3953125 0.3328125 0.028125 0.009375
1 0.159375 0.30625 0.025 0.009375
1 0.6265625 0.509375 0.03125 0.015625
1 0.5765625 0.35546875 0.025 0.0125
1 0.434375 0.3046875 0.0265625 0.0125
1 0.97578125 0.3984375 0.0265625 0.0125
1 0.12734375 0.29921875 0.025 0.009375
1 0.95 0.3625 0.025 0.0109375
1 0.95625 0.39140625 0.028125 0.0109375
1 0.07421875 0.3984375 0.03125 0.0140625
1 0.534375 0.8453125 0.025 0.0109375
1 0.9375 0.3890625 0.0265625 0.0078125
1 0.1125 0.33984375 0.025 0.0109375
1 0.9375 0.34765625 0.0265625 0.0125
3 0.4203125 0.36640625 0.1171875 0.103125
1 0.6625 0.31953125 0.025 0.009375
1 0.68125 0.3859375 0.0265625 0.0109375
1 0.1546875 0.8296875 0.025 0.009375
1 0.0546875 0.840625 0.0296875 0.0140625
1 0.3078125 0.30625 0.028125 0.0125
1 0.678125 0.315625 0.025 0.0078125
1 0.50390625 0.8421875 0.0265625 0.009375
1 0.5 0.3171875 0.025 0.0109375
4 0.0890625 0.815625 0.0703125 0.0734375
1 0.48671875 0.33671875 0.0265625 0.009375
1 0.14375 0.8375 0.0265625 0.0109375
1 0.69921875 0.42578125 0.028125 0.0109375
1 0.453125 0.3 0.025 0.0109375
1 0.68984375 0.371875 0.025 0.0109375
1 0.3609375 0.37265625 0.0234375 0.00625
1 0.4203125 0.44609375 0.028125 0.0125
1 0.1359375 0.3140625 0.025 0.0109375
1 0.51328125 0.3 0.0234375 0.009375
1 0.34296875 0.33984375 0.025 0.0078125
1 0.915625 0.32890625 0.028125 0.0125
1 0.56796875 0.3015625 0.0265625 0.009375
1 0.42265625 0.8484375 0.025 0.0078125
1 0.1765625 0.6140625 0.03125 0.015625
1 0.43203125 0.44375 0.0265625 0.0125
1 0.1046875 0.51953125 0.028125 0.015625
1 0.3609375 0.29375 0.0265625 0.009375
1 0.45546875 0.35234375 0.028125 0.0125
1 0.896875 0.3296875 0.025 0.009375
1 0.43203125 0.29140625 0.0265625 0.0078125
1 0.4359375 0.2671875 0.03125 0.015625
1 0.5828125 0.303125 0.0265625 0.009375
1 0.421875 0.43046875 0.025 0.0109375
1 0.14921875 0.84921875 0.025 0.009375
1 0.48828125 0.30859375 0.0265625 0.0109375
1 0.62421875 0.3046875 0.0265625 0.009375
1 0.44765625 0.42890625 0.0265625 0.009375
1 0.528125 0.83828125 0.025 0.009375
1 0.68203125 0.3046875 0.025 0.009375
1 0.16328125 0.87421875 0.0296875 0.0171875
1 0.55078125 0.29765625 0.0265625 0.009375
1 0.65 0.33125 0.0265625 0.0125
1 0.35 0.290625 0.0265625 0.009375
1 0.4296875 0.46796875 0.028125 0.015625
1 0.46484375 0.303125 0.0265625 0.0109375
1 0.18125 0.28828125 0.028125 0.0109375
1 0.13671875 0.30078125 0.025 0.0078125
1 0.40078125 0.2921875 0.025 0.0078125
4 0.4375 0.83359375 0.059375 0.05
1 0.19140625 0.29296875 0.025 0.009375
3 0.79375 0.92109375 0.1984375 0.1546875
1 0.56953125 0.35234375 0.028125 0.0125
1 0.4734375 0.3078125 0.025 0.0125
1 0.10625 0.31640625 0.0265625 0.009375
1 0.4515625 0.37421875 0.025 0.009375
1 0.9796875 0.37734375 0.025 0.0109375
1 0.309375 0.33359375 0.025 0.009375
1 0.61484375 0.5375 0.0234375 0.0140625
1 0.15390625 0.63125 0.028125 0.0078125
1 0.49921875 0.33671875 0.025 0.0078125
0 0.97890625 0.34765625 0.0296875 0.0140625
1 0.1578125 0.59765625 0.03125 0.015625
1 0.159375 0.290625 0.025 0.0078125
1 0.16875 0.28828125 0.028125 0.009375