3 0.1390625 0.3796875 0.0859375 0.0875
0 0.7296875 0.2296875 0.01015625 0.01640625
0 0.78671875 0.2140625 0.01171875 0.01640625
4 0.84375 0.31484375 0.0484375 0.0640625
0 0.809375 0.046875 0.0109375 0.0203125
3 0.2234375 0.84609375 0.06484375 0.071875
0 0.1015625 0.2578125 0.01328125 0.0203125
2 0.7703125 0.21796875 0.0859375 0.06328125
1 0.5671875 0.51484375 0.01171875 0.01875
4 0.81875 0.83125 0.04609375 0.05546875
1 0.28984375 0.49296875 0.0109375 0.0203125
1 0.29609375 0.440625 0.009375 0.0171875
1 0.53046875 0.36875 0.00859375 0.01328125
1 0.35390625 0.47890625 0.01015625 0.01875
1 0.03125 0.43046875 0.0109375 0.01640625
1 0.9171875 0.36640625 0.00859375 0.015625
1 0.42890625 0.4046875 0.0078125 0.0140625
1 0.440625 0.50390625 0.01328125 0.0203125
1 0.39140625 0.39453125 0.0109375 0.01484375
1 0.74296875 0.56640625 0.01328125 0.0234375
1 0.54453125 0.36484375 0.0078125 0.0140625
1 0.64921875 0.57109375 0.0140625 0.02421875
3 0.11796875 0.5609375 0.128125 0.13828125
1 0.515625 0.36953125 0.00859375 0.0125
1 0.1 0.4296875 0.009375 0.015625
1 0.590625 0.5421875 0.01328125 0.0203125
1 0.66953125 0.34296875 0.0078125 0.0140625
1 0.48515625 0.4078125 0.01015625 0.0171875
1 0.62890625 0.35546875 0.00859375 0.01328125
1 0.42109375 0.45546875 0.0078125 0.01484375
1 0.6671875 0.37734375 0.01015625 0.01484375
1 0.9484375 0.915625 0.01328125 0.02578125
1 0.4625 0.3671875 0.009375 0.0171875
1 0.0578125 0.42265625 0.009375 0.01640625
1 0.6984375 0.4984375 0.0109375 0.0203125
1 0.5640625 0.5421875 0.0125 0.02109375
1 0.5046875 0.36953125 0.009375 0.0125
1 0.48125 0.4328125 0.009375 0.01328125
1 0.39296875 0.41484375 0.009375 0.01484375
1 0.615625 0.5328125 0.01328125 0.02109375
1 0.365625 0.415625 0.01015625 0.0140625
1 0.896875 0.3546875 0.0078125 0.0140625
2 0.25078125 0.22734375 0.09140625 0.04375
1 0.6328125 0.31640625 0.00625 0.0125
1 0.6203125 0.33984375 0.00703125 0.0125
1 0.515625 0.3171875 0.00625 0.01015625
1 0.1171875 0.8671875 0.0078125 0.01484375
1 0.8546875 0.91953125 0.015625 0.028125
1 0.9859375 0.4078125 0.01171875 0.0171875
1 0.68203125 0.4953125 0.01015625 0.01875
1 0.53359375 0.40625 0.0046875 0.01171875
1 0.590625 0.39296875 0.009375 0.01484375
1 0.60546875 0.3046875 0.00703125 0.01171875
1 0.93515625 0.5578125 0.00625 0.0109375
1 0.48515625 0.31953125 0.00625 0.0125
1 0.89765625 0.86484375 0.009375 0.0140625
1 0.42734375 0.33984375 0.009375 0.01484375
1 0.48671875 0.384375 0.00859375 0.01328125
1 0.4703125 0.4078125 0.0078125 0.0171875
1 0.4984375 0.3890625 0.00859375 0.015625
1 0.37890625 0.33828125 0.0078125 0.0125
1 0.50546875 0.38203125 0.0078125 0.01171875
1 0.93984375 0.3515625 0.01015625 0.0140625
1 0.05234375 0.92265625 0.015625 0.03046875
1 0.45859375 0.38125 0.00703125 0.0125
1 0.3421875 0.39609375 0.01015625 0.0125
1 0.575 0.3328125 0.01015625 0.0125
1 0.671875 0.54453125 0.0140625 0.0203125
4 0.759375 0.48359375 0.08984375 0.1171875
1 0.65234375 0.51640625 0.0125 0.0203125
1 0.44921875 0.43515625 0.01015625 0.0171875
1 0.67890625 0.38046875 0.01015625 0.0140625
1 0.5703125 0.4765625 0.01015625 0.01328125
1 0.0421875 0.52734375 0.00859375 0.01875
1 0.64375 0.346875 0.00859375 0.0140625
1 0.6140625 0.32109375 0.00859375 0.0125
1 0.08125 0.87578125 0.00859375 0.01796875
1 0.57421875 0.49375 0.0109375 0.0171875
1 0.646875 0.6328125 0.01328125 0.01796875
1 0.85 0.86640625 0.009375 0.01640625
1 0.40234375 0.39609375 0.0109375 0.01484375
1 0.9796875 0.3640625 0.009375 0.01484375
1 0.4375 0.54609375 0.01171875 0.02265625
1 0.61328125 0.39140625 0.009375 0.0140625
1 0.40625 0.42109375 0.0109375 0.0125
0 0.26875 0.21953125 0.009375 0.0171875
1 0.75703125 0.596875 0.0109375 0.01171875
1 0.36015625 0.3953125 0.0109375 0.0140625
1 0.609375 0.37734375 0.0078125 0.0140625
4 0.5453125 0.84609375 0.06171875 0.10078125
1 0.8984375 0.91328125 0.0140625 0.025
1 0.7046875 0.4078125 0.00859375 0.0109375
1 0.06484375 0.96640625 0.0203125 0.03984375
1 0.37578125 0.496875 0.01171875 0.0203125
1 0.06640625 0.38359375 0.009375 0.01328125
1 0.62890625 0.4046875 0.009375 0.0109375
1 0.590625 0.365625 0.009375 0.0140625
1 0.93984375 0.37578125 0.0109375 0.01484375
1 0.703125 0.340625 0.00859375 0.01484375
1 0.57421875 0.36875 0.0109375 0.015625
1 0.271875 0.51484375 0.0078125 0.0140625
1 0.13125 0.646875 0.01171875 0.0125
1 0.71875 0.4234375 0.0125 0.01640625
1 0.3265625 0.3859375 0.01015625 0.0140625
1 0.64609375 0.4046875 0.009375 0.0125
1 0.16328125 0.8828125 0.0109375 0.0171875
1 0.55859375 0.371875 0.0078125 0.0140625
1 0.6734375 0.4671875 0.01015625 0.01875
1 0.7578125 0.63046875 0.0140625 0.021875
1 0.61796875 0.40546875 0.01015625 0.01171875
1 0.46328125 0.3640625 0.00546875 0.009375
1 0.71015625 0.621875 0.015625 0.025
1 0.1515625 0.9203125 0.01484375 0.02890625
1 0.565625 0.44765625 0.0109375 0.01640625
1 0.3734375 0.33359375 0.00625 0.01328125
1 0.6015625 0.3953125 0.009375 0.01328125
1 0.37421875 0.359375 0.0078125 0.01484375
1 0.1609375 0.88203125 0.00703125 0.01484375
1 0.56953125 0.30625 0.00703125 0.01015625
1 0.64921875 0.3828125 0.00859375 0.01484375
1 0.4171875 0.3203125 0.00859375 0.0125
1 0.13359375 0.871875 0.0078125 0.0140625
1 0.64921875 0.36875 0.00859375 0.0109375
1 0.71015625 0.37421875 0.01015625 0.01875
1 0.321875 0.86328125 0.0109375 0.01640625
1 0.61015625 0.4890625 0.009375 0.0171875
1 0.9234375 0.8484375 0.0078125 0.01171875
1 0.35078125 0.36875 0.0078125 0.0125
1 0.57578125 0.29609375 0.0078125 0.01171875
1 0.09921875 0.9578125 0.01875 0.0359375
0 0.76171875 0.2125 0.75546875 0.215277778125 0.7546875 0.222222221875 0.7578125 0.22777777812500002 0.76328125 0.22638888906250001 0.76171875 0.2125