4 0.96953125 0.42109375 0.0609375 0.103125
4 0.8515625 0.434375 0.0875 0.10546875
2 0.24609375 0.209375 0.09140625 0.0546875
2 0.7609375 0.21484375 0.0875 0.06640625
4 0.9234375 0.3375 0.06875 0.08828125
3 0.0875 0.31640625 0.071875 0.07890625
1 0.64921875 0.4921875 0.01171875 0.01875
3 0.85078125 0.3359375 0.0796875 0.090625
4 0.68203125 0.86796875 0.06953125 0.09140625
1 0.615625 0.503125 0.01171875 0.0203125
1 0.3515625 0.51796875 0.01171875 0.02109375
1 0.95546875 0.5359375 0.01328125 0.021875
1 0.1578125 0.39296875 0.009375 0.01640625
1 0.38515625 0.35703125 0.009375 0.01640625
1 0.60859375 0.32890625 0.00859375 0.01484375
1 0.453125 0.4328125 0.009375 0.01796875
1 0.28359375 0.5125 0.01171875 0.021875
1 0.32890625 0.5328125 0.01171875 0.02109375
1 0.4984375 0.43984375 0.01015625 0.0171875
1 0.06796875 0.5 0.01171875 0.01953125
1 0.66171875 0.378125 0.01015625 0.015625
1 0.71171875 0.50234375 0.01171875 0.01796875
0 0.84375 0.02734375 0.0125 0.01953125
0 0.8296875 0.08046875 0.01171875 0.0171875
1 0.4453125 0.55859375 0.0125 0.02265625
1 0.6796875 0.55234375 0.01171875 0.021875
1 0.5609375 0.45546875 0.01015625 0.01796875
1 0.30859375 0.38203125 0.009375 0.01640625
1 0.66875 0.4984375 0.01171875 0.0203125
1 0.39296875 0.45859375 0.0109375 0.01953125
1 0.5578125 0.50078125 0.01171875 0.02109375
1 0.59453125 0.4578125 0.0109375 0.01953125
0 0.934375 0.203125 0.01171875 0.01953125
1 0.11484375 0.396875 0.01015625 0.0171875
1 0.5953125 0.43203125 0.01015625 0.0171875
1 0.37734375 0.4171875 0.009375 0.01640625
1 0.371875 0.3859375 0.009375 0.0171875
0 0.94453125 0.16484375 0.01328125 0.02265625
1 0.228125 0.8921875 0.009375 0.0171875
1 0.265625 0.9015625 0.0109375 0.01875
1 0.0671875 0.39765625 0.01015625 0.0171875
1 0.740625 0.4578125 0.009375 0.0171875
1 0.70546875 0.4359375 0.01015625 0.01875
1 0.50625 0.390625 0.009375 0.015625
3 0.13515625 0.859375 0.05390625 0.06796875
1 0.91640625 0.575 0.0125 0.02109375
1 0.71484375 0.58125 0.0125 0.0234375
1 0.034375 0.41640625 0.0109375 0.0171875
1 0.74609375 0.44140625 0.009375 0.015625
1 0.53125 0.396875 0.009375 0.0171875
0 0.8375 0.05546875 0.01171875 0.01796875
1 0.29140625 0.88359375 0.01015625 0.015625
1 0.3453125 0.88984375 0.0125 0.015625
0 0.825 0.028125 0.01015625 0.01640625
0 0.9453125 0.23828125 0.01171875 0.0171875
1 0.6609375 0.303125 0.00859375 0.01328125
1 0.5828125 0.34921875 0.009375 0.015625
1 0.9015625 0.38046875 0.009375 0.01484375
1 0.57421875 0.43984375 0.01015625 0.0171875
1 0.0109375 0.5203125 0.0125 0.02109375
1 0.30625 0.88203125 0.00859375 0.01484375
1 0.9359375 0.4046875 0.01015625 0.015625
1 0.6484375 0.30390625 0.0078125 0.01328125
0 0.78359375 0.040625 0.0125 0.021875
1 0.6703125 0.41875 0.01015625 0.015625
1 0.6296875 0.3296875 0.0078125 0.0140625
1 0.653125 0.52265625 0.01171875 0.01953125
1 0.5609375 0.3671875 0.01015625 0.01640625
1 0.62109375 0.41484375 0.01015625 0.0171875
1 0.64140625 0.37890625 0.009375 0.01640625
1 0.64453125 0.40078125 0.009375 0.015625
0 0.79453125 0.0125 0.01171875 0.02265625
0 0.82421875 0.115625 0.0125 0.01875
0 0.1890625 0.7171875 0.01015625 0.01953125
0 0.13125 0.05078125 0.0109375 0.01875
1 0.6640625 0.56875 0.01171875 0.02265625
1 0.43046875 0.33828125 0.00859375 0.015625
0 0.809375 0.0765625 0.0109375 0.01875
1 0.484375 0.89375 0.0078125 0.01171875
1 0.5625 0.390625 0.01015625 0.015625
1 0.2875 0.45625 0.0109375 0.01953125
1 0.30703125 0.89765625 0.01015625 0.01796875
1 0.4625 0.37109375 0.009375 0.01640625
1 0.5953125 0.334375 0.00859375 0.01484375
1 0.59609375 0.2921875 0.0078125 0.0125
0 0.83125 0.1015625 0.0109375 0.01796875
1 0.51484375 0.3234375 0.00859375 0.015625
0 0.10703125 0.13046875 0.01015625 0.0171875
1 0.65234375 0.3234375 0.009375 0.0140625
1 0.15625 0.30625 0.0078125 0.0140625
1 0.51640625 0.37890625 0.009375 0.0140625
0 0.8171875 0.05703125 0.01015625 0.0171875
0 0.89921875 0.13203125 0.0125 0.01953125
1 0.35390625 0.28984375 0.00703125 0.01328125
1 0.05546875 0.40546875 0.0109375 0.015625
1 0.3953125 0.26640625 0.0078125 0.0125
1 0.678125 0.29375 0.00859375 0.01484375
0 0.79375 0.7125 0.01328125 0.02421875
1 0.12421875 0.365625 0.0109375 0.01484375
1 0.515625 0.29375 0.0078125 0.01484375
0 0.68125 0.77421875 0.01171875 0.02109375
1 0.62578125 0.2890625 0.00859375 0.0140625
1 0.3671875 0.2765625 0.00625 0.01171875
1 0.8890625 0.3859375 0.00859375 0.015625
1 0.44921875 0.34921875 0.01015625 0.01875
0 0.86875 0.0265625 0.01484375 0.02734375
1 0.55 0.3703125 0.0109375 0.01484375
0 0.91796875 0.1671875 0.0125 0.0171875
1 0.18828125 0.8765625 0.0078125 0.01328125
1 0.025 0.3421875 0.009375 0.0140625
1 0.15390625 0.29375 0.00703125 0.0125
1 0.43203125 0.25625 0.00703125 0.0125
0 0.69375 0.7125 0.009375 0.01796875
1 0.54921875 0.3875 0.009375 0.015625
1 0.1921875 0.915625 0.01328125 0.0234375
1 0.5328125 0.36796875 0.00859375 0.0140625
0 0.659375 0.709375 0.01015625 0.01640625
1 0.21796875 0.871875 0.00625 0.01015625
0 0.17890625 0.753125 0.009375 0.01796875
1 0.20546875 0.909375 0.01640625 0.021875
0 0.82734375 0.81015625 0.01328125 0.02421875
1 0.48359375 0.88359375 0.00703125 0.0109375
1 0.04921875 0.97421875 0.01953125 0.03671875
0 0.88203125 0.23203125 0.01171875 0.0203125
0 0.83203125 0.00703125 0.0109375 0.0140625
0 0.87734375 0.11015625 0.01171875 0.01875
0 0.85078125 0.0953125 0.01171875 0.01875
1 0.37109375 0.259375 0.0078125 0.01171875
0 0.79453125 0.05234375 0.009375 0.0109375
1 0.68125 0.41015625 0.0109375 0.0171875
1 0.6140625 0.39453125 0.009375 0.015625
1 0.69453125 0.42421875 0.01015625 0.015625
1 0.584375 0.30859375 0.009375 0.015625
1 0.06328125 0.934375 0.0140625 0.028125
1 0.7140625 0.490625 0.01015625 0.01328125
1 0.57265625 0.33671875 0.01015625 0.0140625
1 0.14453125 0.26328125 0.0078125 0.0125
1 0.11796875 0.29296875 0.0078125 0.0125
0 0.67578125 0.7234375 0.009375 0.0171875
1 0.6734375 0.32265625 0.01015625 0.01484375
1 0.35 0.3140625 0.009375 0.01328125
0 0.73515625 0.215625 0.01015625 0.015625
1 0.54453125 0.25859375 0.00703125 0.0125
1 0.0453125 0.32890625 0.00859375 0.01328125
1 0.67265625 0.3453125 0.00859375 0.01171875
0 0.1015625 0.11484375 0.0109375 0.01640625
1 0.59140625 0.30703125 0.00859375 0.015625
1 0.4515625 0.88359375 0.0078125 0.01171875
0 0.865625 0.1015625 0.01171875 0.01953125
0 0.9109375 0.153125 0.01328125 0.01796875
1 0.61484375 0.27578125 0.0078125 0.0125
1 0.084375 0.8859375 0.009375 0.01640625
1 0.87265625 0.3875 0.00859375 0.0140625
1 0.58125 0.871875 0.0078125 0.0109375
1 0.70390625 0.415625 0.01015625 0.01640625
1 0.6703125 0.3765625 0.009375 0.01640625
1 0.52890625 0.35390625 0.00859375 0.01171875
1 0.684375 0.39140625 0.01015625 0.01640625
0 0.1328125 0.02734375 0.0140625 0.0203125
1 0.2921875 0.38125 0.00703125 0.0140625
1 0.63203125 0.815625 0.0125 0.02109375
1 0.20546875 0.86875 0.00625 0.01015625
1 0.9390625 0.3921875 0.009375 0.0125
1 0.521875 0.25625 0.009375 0.01171875
1 0.6953125 0.3890625 0.00859375 0.0171875
1 0.9671875 0.32265625 0.0109375 0.01796875
1 0.40078125 0.2578125 0.00859375 0.0109375
1 0.6640625 0.3578125 0.0078125 0.0125
1 0.12734375 0.26484375 0.0078125 0.01328125
1 0.36640625 0.9875 0.01640625 0.0203125
1 0.97109375 0.3671875 0.01015625 0.01328125
1 0.8421875 0.2734375 0.01015625 0.0125
1 0.6703125 0.403125 0.01015625 0.0109375
1 0.34140625 0.859375 0.00546875 0.0109375
1 0.04609375 0.40625 0.01015625 0.01484375
1 0.9421875 0.38125 0.00859375 0.01171875
1 0.95859375 0.3671875 0.00859375 0.0109375
1 0.89609375 0.82734375 0.0140625 0.01640625
1 0.8421875 0.259375 0.01171875 0.01484375
1 0.88125 0.38671875 0.01015625 0.01640625