2 0.7703125 0.21953125 0.0859375 0.06015625
4 0.78046875 0.82890625 0.06328125 0.05390625
3 0.228125 0.84140625 0.0578125 0.05859375
3 0.15703125 0.3421875 0.06953125 0.0734375
1 0.6796875 0.59296875 0.0125 0.0171875
1 0.96875 0.421875 0.0109375 0.0171875
1 0.375 0.421875 0.01015625 0.0171875
1 0.45625 0.4828125 0.01171875 0.01875
1 0.30703125 0.409375 0.009375 0.01640625
1 0.85703125 0.9484375 0.01796875 0.034375
1 0.89609375 0.91796875 0.01484375 0.025
1 0.18515625 0.446875 0.01015625 0.01640625
1 0.3078125 0.44765625 0.01015625 0.0171875
1 0.35625 0.403125 0.009375 0.01484375
1 0.34453125 0.4625 0.0109375 0.01796875
4 0.32578125 0.840625 0.059375 0.0734375
1 0.0578125 0.44375 0.01015625 0.01640625
1 0.9546875 0.39609375 0.009375 0.01640625
1 0.28203125 0.48203125 0.0109375 0.01875
1 0.446875 0.53125 0.01171875 0.02109375
1 0.5375 0.39609375 0.009375 0.01640625
1 0.2453125 0.89296875 0.0109375 0.01875
1 0.5546875 0.903125 0.0125 0.0140625
1 0.45390625 0.5578125 0.01328125 0.02265625
1 0.36875 0.5734375 0.01171875 0.02109375
1 0.4359375 0.55078125 0.0125 0.0203125
1 0.740625 0.57578125 0.01484375 0.021875
1 0.2984375 0.4796875 0.01171875 0.01875
1 0.2859375 0.53515625 0.01171875 0.021875
1 0.35546875 0.375 0.00859375 0.015625
1 0.83125 0.4015625 0.009375 0.015625
1 0.30078125 0.4328125 0.00859375 0.01484375
1 0.4625 0.4359375 0.01015625 0.01796875
1 0.25859375 0.51875 0.01171875 0.01875
1 0.9453125 0.903125 0.01640625 0.0265625
0 0.21171875 0.18984375 0.0109375 0.0171875
1 0.8515625 0.88125 0.009375 0.0171875
1 0.3984375 0.87578125 0.009375 0.01875
1 0.15234375 0.9296875 0.01484375 0.028125
1 0.671875 0.40546875 0.0109375 0.015625
1 0.16484375 0.89453125 0.0125 0.0203125
1 0.2765625 0.459375 0.01015625 0.01796875
1 0.72421875 0.54765625 0.0125 0.02109375
1 0.634375 0.39921875 0.01015625 0.015625
1 0.871875 0.31640625 0.00859375 0.01328125
1 0.70546875 0.86875 0.00859375 0.01484375
1 0.409375 0.4875 0.0109375 0.01875
1 0.4421875 0.50546875 0.01015625 0.01796875
1 0.46484375 0.5109375 0.0125 0.0234375
1 0.64296875 0.36015625 0.00859375 0.01484375
1 0.496875 0.3203125 0.00859375 0.0140625
0 0.2265625 0.23671875 0.01015625 0.015625
1 0.43515625 0.5234375 0.0125 0.02109375
1 0.44296875 0.484375 0.01015625 0.01796875
1 0.209375 0.8796875 0.009375 0.015625
1 0.61015625 0.365625 0.009375 0.01640625
1 0.72109375 0.4859375 0.0109375 0.01796875
1 0.33984375 0.415625 0.009375 0.015625
1 0.3671875 0.54609375 0.01015625 0.02109375
1 0.46015625 0.3296875 0.00859375 0.01328125
1 0.290625 0.45 0.0109375 0.01796875
1 0.615625 0.30390625 0.009375 0.015625
1 0.12265625 0.8828125 0.009375 0.0171875
1 0.10390625 0.89921875 0.01328125 0.02265625
1 0.075 0.40703125 0.0109375 0.01640625
1 0.9515625 0.43203125 0.015625 0.0234375
1 0.26875 0.5078125 0.0109375 0.01796875
1 0.17109375 0.62890625 0.01328125 0.0203125
1 0.84296875 0.31640625 0.0078125 0.0140625
1 0.203125 0.90859375 0.01328125 0.0234375
1 0.9234375 0.340625 0.0109375 0.0171875
1 0.98125 0.36796875 0.009375 0.0140625
1 0.825 0.890625 0.01171875 0.0203125
1 0.515625 0.90390625 0.00859375 0.0125
1 0.92265625 0.88125 0.01015625 0.01484375
1 0.84921875 0.6328125 0.0140625 0.021875
1 0.059375 0.42890625 0.009375 0.0125
3 0.2640625 0.8296875 0.03203125 0.0390625
1 0.51875 0.31875 0.00703125 0.01328125
1 0.334375 0.3421875 0.0078125 0.0140625
1 0.853125 0.33203125 0.00703125 0.01328125
1 0.6546875 0.4 0.01015625 0.0140625
1 0.26796875 0.4890625 0.0109375 0.0171875
1 0.35703125 0.32578125 0.00859375 0.0125
1 0.72109375 0.51328125 0.0109375 0.01796875
1 0.75234375 0.4890625 0.01015625 0.0125
1 0.11015625 0.9515625 0.0234375 0.040625
2 0.24453125 0.22421875 0.0953125 0.0484375
1 0.653125 0.31640625 0.0078125 0.01328125
1 0.971875 0.35625 0.00859375 0.0140625
1 0.28203125 0.853125 0.0078125 0.01328125
1 0.51015625 0.321875 0.009375 0.0125
1 0.7390625 0.84453125 0.00625 0.01015625
1 0.815625 0.4015625 0.0078125 0.01484375
1 0.003125 0.4609375 0.00625 0.0171875
1 0.225 0.88984375 0.0109375 0.0171875
1 0.45703125 0.30546875 0.0078125 0.0125
1 0.7109375 0.46171875 0.009375 0.0171875
1 0.69296875 0.43515625 0.0109375 0.01640625
1 0.34453125 0.3203125 0.0078125 0.01328125
1 0.65546875 0.3328125 0.00859375 0.0140625
1 0.06484375 0.38984375 0.01015625 0.015625
1 0.9375 0.35234375 0.015625 0.02265625
1 0.68671875 0.865625 0.00859375 0.015625
1 0.42109375 0.4921875 0.0078125 0.01640625
1 0.07734375 0.390625 0.009375 0.0140625
1 0.67265625 0.35703125 0.009375 0.01484375
1 0.1640625 0.8734375 0.01015625 0.01640625
1 0.415625 0.46875 0.01015625 0.0140625
1 0.8875 0.86953125 0.009375 0.01328125
1 0.828125 0.84609375 0.00625 0.01015625
1 0.84375 0.853125 0.00703125 0.0109375
1 0.36328125 0.3140625 0.00703125 0.01171875
1 0.68359375 0.40625 0.00859375 0.0125
1 0.76171875 0.5515625 0.0125 0.01953125
1 0.78125 0.990625 0.01796875 0.0171875
1 0.77109375 0.546875 0.01015625 0.0171875
1 0.65390625 0.2953125 0.00625 0.0109375
1 0.3453125 0.3390625 0.0109375 0.01484375
1 0.43359375 0.49609375 0.0109375 0.015625
1 0.65859375 0.35 0.01015625 0.01484375
1 0.66328125 0.33203125 0.01015625 0.0140625
1 0.54375 0.83125 0.00546875 0.01015625
1 0.2609375 0.85 0.00625 0.01015625
1 0.171875 0.30390625 0.00625 0.00859375
1 0.903125 0.321875 0.00859375 0.01484375
1 0.09453125 0.33359375 0.0078125 0.0125
1 0.91640625 0.940625 0.01484375 0.0234375
1 0.67578125 0.34296875 0.01015625 0.0140625
1 0.12265625 0.321875 0.00859375 0.01171875
1 0.0265625 0.64140625 0.01484375 0.02265625
1 0.003125 0.43984375 0.00625 0.0203125
1 0.65234375 0.28203125 0.00859375 0.01171875
1 0.65234375 0.3734375 0.00859375 0.015625
1 0.678125 0.39453125 0.00859375 0.0140625
1 0.68359375 0.425 0.0078125 0.01328125
1 0.9078125 0.30546875 0.00859375 0.0125
1 0.0828125 0.3484375 0.009375 0.0171875
1 0.73984375 0.54453125 0.01484375 0.02109375
1 0.94296875 0.3328125 0.0078125 0.0125
1 0.884375 0.84921875 0.0078125 0.0109375
1 0.76953125 0.51640625 0.009375 0.0125
1 0.05703125 0.38046875 0.00859375 0.0125
1 0.8984375 0.30234375 0.01015625 0.0125
1 0.465625 0.8515625 0.0078125 0.01015625
1 0.93046875 0.98984375 0.0171875 0.01796875
1 0.7203125 0.43671875 0.009375 0.015625
1 0.4484375 0.30078125 0.009375 0.01171875
1 0.728125 0.4671875 0.01015625 0.01484375
1 0.078125 0.334375 0.0078125 0.0125
1 0.6671875 0.29921875 0.0078125 0.01171875
1 0.6546875 0.98828125 0.01875 0.021875
4 0.00703125 0.95 0.0140625 0.09140625
1 0.70234375 0.85 0.009375 0.01171875
1 0.14375 0.8703125 0.0078125 0.01484375
1 0.8515625 0.8484375 0.00625 0.0109375
1 0.915625 0.32421875 0.009375 0.0125
1 0.54140625 0.99453125 0.01328125 0.009375
1 0.77109375 0.52890625 0.01015625 0.015625
1 0.30625 0.80390625 0.01015625 0.01484375
1 0.66484375 0.3171875 0.0078125 0.01171875
1 0.7296875 0.51953125 0.009375 0.0171875
1 0.73671875 0.4734375 0.01171875 0.0140625