3 0.1421875 0.30546875 0.059375 0.0640625
2 0.771875 0.2203125 0.0859375 0.05859375
1 0.646875 0.88046875 0.01171875 0.01953125
3 0.22421875 0.82734375 0.0421875 0.0390625
2 0.24921875 0.22578125 0.08984375 0.053125
4 0.7515625 0.825 0.04921875 0.04921875
1 0.34140625 0.48125 0.0109375 0.01875
1 0.953125 0.40625 0.01015625 0.01640625
4 0.55 0.84140625 0.07265625 0.10859375
1 0.5796875 0.465625 0.01171875 0.01875
1 0.18515625 0.3921875 0.00859375 0.015625
1 0.89609375 0.37421875 0.009375 0.01640625
1 0.03125 0.45078125 0.01171875 0.0171875
1 0.85703125 0.92109375 0.015625 0.02578125
1 0.5703125 0.53984375 0.0125 0.02109375
1 0.63125 0.4328125 0.009375 0.015625
1 0.328125 0.5625 0.0125 0.02109375
1 0.70859375 0.4671875 0.01015625 0.01640625
3 0.2359375 0.5703125 0.07265625 0.13203125
1 0.6296875 0.45078125 0.0109375 0.0171875
1 0.97734375 0.41953125 0.0125 0.01640625
1 0.54921875 0.3921875 0.009375 0.015625
1 0.0078125 0.4796875 0.0125 0.02109375
1 0.3296875 0.52109375 0.01015625 0.01796875
1 0.13046875 0.371875 0.00859375 0.01484375
1 0.5359375 0.43515625 0.01015625 0.01796875
1 0.59921875 0.8734375 0.01015625 0.01796875
1 0.36640625 0.4171875 0.009375 0.015625
1 0.396875 0.44921875 0.0109375 0.01875
1 0.440625 0.44609375 0.01171875 0.01875
1 0.51796875 0.44921875 0.01015625 0.0140625
1 0.94140625 0.903125 0.01328125 0.0234375
1 0.29609375 0.4375 0.01015625 0.01640625
1 0.85703125 0.89453125 0.01328125 0.01640625
1 0.6578125 0.46171875 0.0109375 0.01953125
1 0.328125 0.54296875 0.01171875 0.015625
1 0.57109375 0.40390625 0.009375 0.01640625
1 0.3078125 0.4203125 0.01015625 0.01640625
1 0.696875 0.54609375 0.0125 0.01796875
1 0.40390625 0.5203125 0.01328125 0.0203125
1 0.97109375 0.38125 0.01015625 0.01484375
1 0.315625 0.48046875 0.0109375 0.015625
1 0.6765625 0.45625 0.01015625 0.01875
1 0.18828125 0.89609375 0.01171875 0.02109375
1 0.09296875 0.4265625 0.01015625 0.01640625
1 0.375 0.44296875 0.01015625 0.01796875
1 0.5484375 0.496875 0.01171875 0.01796875
1 0.60859375 0.41875 0.009375 0.015625
1 0.6484375 0.3578125 0.009375 0.015625
1 0.715625 0.440625 0.0109375 0.01640625
1 0.6640625 0.56796875 0.0125 0.0234375
1 0.3890625 0.5453125 0.01328125 0.02265625
1 0.6828125 0.58359375 0.0125 0.0203125
1 0.49296875 0.43671875 0.009375 0.01875
1 0.521875 0.328125 0.0078125 0.01328125
1 0.53125 0.39453125 0.009375 0.01484375
1 0.52109375 0.4296875 0.0109375 0.0171875
1 0.52109375 0.36015625 0.00859375 0.01640625
1 0.3484375 0.446875 0.01171875 0.01640625
1 0.9171875 0.90390625 0.0140625 0.02578125
1 0.29765625 0.421875 0.009375 0.0140625
1 0.36953125 0.546875 0.01171875 0.02109375
1 0.296875 0.45625 0.0109375 0.01796875
1 0.8953125 0.3203125 0.00859375 0.01328125
1 0.56484375 0.34609375 0.0078125 0.01484375
1 0.121875 0.33828125 0.0078125 0.01328125
1 0.6671875 0.40078125 0.01015625 0.01640625
1 0.59375 0.34609375 0.0078125 0.015625
1 0.6109375 0.35078125 0.009375 0.01328125
1 0.6765625 0.41796875 0.009375 0.015625
1 0.05390625 0.95078125 0.01796875 0.03671875
1 0.1890625 0.30390625 0.00703125 0.01171875
1 0.38203125 0.509375 0.0125 0.01953125
1 0.53984375 0.540625 0.01171875 0.021875
1 0.67109375 0.59453125 0.0125 0.015625
1 0.315625 0.49921875 0.0109375 0.01796875
1 0.5171875 0.41015625 0.009375 0.01484375
1 0.6578125 0.35234375 0.0078125 0.0140625
1 0.88359375 0.34921875 0.009375 0.01484375
1 0.59453125 0.45234375 0.009375 0.015625
3 0.11640625 0.83046875 0.04375 0.04453125
1 0.57890625 0.32734375 0.00703125 0.01328125
1 0.3671875 0.5921875 0.01015625 0.01171875
1 0.71015625 0.8578125 0.009375 0.015625
1 0.06875 0.409375 0.01015625 0.015625
1 0.24765625 0.8515625 0.0109375 0.01640625
1 0.7015625 0.4859375 0.01171875 0.01953125
1 0.36484375 0.4546875 0.01015625 0.01640625
1 0.2125 0.91640625 0.0140625 0.02578125
1 0.61640625 0.4078125 0.00859375 0.01484375
1 0.44453125 0.3671875 0.0078125 0.01484375
1 0.54296875 0.4828125 0.00859375 0.0140625
1 0.52109375 0.4609375 0.00859375 0.01171875
1 0.865625 0.3234375 0.0078125 0.0125
4 0.796875 0.58125 0.096875 0.13046875
1 0.078125 0.396875 0.00859375 0.01484375
1 0.16171875 0.8765625 0.01015625 0.01796875
1 0.49140625 0.32265625 0.00703125 0.0125
1 0.38359375 0.471875 0.0109375 0.01953125
1 0.68515625 0.63203125 0.0140625 0.02421875
1 0.26953125 0.8640625 0.00859375 0.01484375
1 0.7078125 0.5953125 0.01328125 0.0125
1 0.4203125 0.44765625 0.0078125 0.015625
1 0.1078125 0.33046875 0.0078125 0.0140625
1 0.390625 0.37265625 0.009375 0.01484375
1 0.44609375 0.43203125 0.00859375 0.0125
1 0.35703125 0.36953125 0.01015625 0.01484375
1 0.69296875 0.3796875 0.00703125 0.01328125
1 0.70390625 0.56171875 0.0125 0.0203125
1 0.28671875 0.45859375 0.0109375 0.01875
1 0.15390625 0.94375 0.021875 0.03828125
1 0.625 0.384375 0.01015625 0.01640625
1 0.5015625 0.37109375 0.009375 0.0140625
1 0.7125 0.57734375 0.0109375 0.01640625
1 0.4546875 0.37109375 0.00859375 0.01328125
1 0.859375 0.3453125 0.01015625 0.01484375
1 0.3234375 0.4078125 0.01015625 0.0171875
1 0.43203125 0.51171875 0.0109375 0.02109375
1 0.99296875 0.36953125 0.009375 0.01484375
1 0.3359375 0.4609375 0.01015625 0.0171875
1 0.53671875 0.41171875 0.0078125 0.01171875
1 0.89140625 0.87578125 0.00859375 0.01640625
1 0.45703125 0.3359375 0.009375 0.01484375
1 0.58125 0.434375 0.0109375 0.01640625
1 0.39453125 0.46875 0.009375 0.01484375
1 0.87421875 0.346875 0.01015625 0.01484375
1 0.55625 0.4796875 0.009375 0.0125
1 0.48046875 0.37421875 0.009375 0.01796875
1 0.34609375 0.38046875 0.01015625 0.0140625
1 0.62890625 0.36015625 0.00859375 0.01328125
1 0.840625 0.30546875 0.00703125 0.0125
1 0.7234375 0.85 0.009375 0.01484375
1 0.10859375 0.98984375 0.0203125 0.01796875
1 0.05859375 0.38984375 0.01015625 0.01484375
1 0.31640625 0.45078125 0.009375 0.01328125
1 0.46875 0.33203125 0.00859375 0.0140625
1 0.384375 0.33984375 0.0078125 0.0140625
1 0.30859375 0.39921875 0.009375 0.01640625
1 0.6078125 0.32578125 0.00859375 0.01328125
1 0.43671875 0.39609375 0.009375 0.01171875
1 0.275 0.49609375 0.01015625 0.0140625
1 0.6828125 0.3375 0.009375 0.0140625
1 0.34765625 0.34609375 0.009375 0.0125
1 0.07890625 0.925 0.015625 0.02578125
1 0.48125 0.353125 0.00859375 0.0125
1 0.434375 0.334375 0.0078125 0.0140625
1 0.83671875 0.88984375 0.01171875 0.01875
1 0.59375 0.39921875 0.01171875 0.01875
1 0.37734375 0.375 0.009375 0.0140625
1 0.0828125 0.3765625 0.01015625 0.01328125
1 0.07109375 0.38125 0.01015625 0.01328125
1 0.88359375 0.33125 0.0078125 0.01328125
1 0.59609375 0.30078125 0.00703125 0.0125
1 0.54921875 0.32578125 0.009375 0.0140625
1 0.61640625 0.38125 0.009375 0.01484375
1 0.9109375 0.31328125 0.00859375 0.01328125
1 0.58046875 0.40546875 0.009375 0.01484375
1 0.36015625 0.43984375 0.01015625 0.0171875
1 0.33671875 0.3703125 0.01015625 0.01328125
1 0.17578125 0.8578125 0.009375 0.01328125
1 0.359375 0.31484375 0.00703125 0.0125
1 0.88984375 0.30703125 0.00625 0.0109375
1 0.69453125 0.34765625 0.00859375 0.0140625
1 0.6953125 0.43203125 0.00859375 0.0140625
1 0.37265625 0.6296875 0.0125 0.021875
1 0.08359375 0.3453125 0.00859375 0.0125
1 0.5046875 0.30390625 0.00703125 0.01171875
1 0.56953125 0.3 0.0078125 0.0125
1 0.4203125 0.4796875 0.0078125 0.0109375
1 0.378125 0.53203125 0.01171875 0.01484375
1 0.33515625 0.39609375 0.0109375 0.01640625
1 0.64921875 0.30234375 0.009375 0.0125
1 0.4609375 0.3125 0.0078125 0.01171875
1 0.57421875 0.50625 0.01171875 0.01875
1 0.47109375 0.34375 0.00859375 0.0109375
1 0.61796875 0.45234375 0.009375 0.01328125
1 0.49375 0.3875 0.00859375 0.015625
1 0.03984375 0.98671875 0.02109375 0.0265625
1 0.659375 0.30078125 0.00859375 0.0140625
1 0.309375 0.35390625 0.01015625 0.0140625
1 0.33828125 0.33828125 0.00703125 0.0125
1 0.12265625 0.9 0.01328125 0.02109375
1 0.60234375 0.38125 0.01171875 0.015625
1 0.7046875 0.43984375 0.0109375 0.01640625
1 0.35078125 0.32734375 0.00859375 0.01171875
1 0.875 0.3328125 0.01015625 0.01171875
1 0.36640625 0.39375 0.01015625 0.01796875
1 0.134375 0.6484375 0.01328125 0.015625
1 0.9515625 0.98828125 0.0171875 0.0234375
1 0.0984375 0.921875 0.01484375 0.02421875
1 0.5 0.4 0.0109375 0.0140625
1 0.403125 0.42578125 0.009375 0.015625
1 0.46015625 0.36171875 0.00859375 0.015625
1 0.64375 0.8640625 0.0078125 0.0125
1 0.58359375 0.4828125 0.009375 0.0140625
1 0.596875 0.46796875 0.01015625 0.01640625
1 0.32890625 0.44765625 0.00859375 0.0140625
1 0.33671875 0.3828125 0.01015625 0.01171875
1 0.5609375 0.31484375 0.00859375 0.0140625
1 0.6078125 0.29453125 0.0078125 0.01171875
1 0.709375 0.35 0.00703125 0.0109375
1 0.346875 0.36875 0.01015625 0.01328125
1 0.50546875 0.4359375 0.0140625 0.01875
1 0.41796875 0.50390625 0.0125 0.01796875
1 0.40390625 0.48359375 0.01015625 0.015625
1 0.70546875 0.403125 0.0078125 0.0140625
1 0.321875 0.39375 0.009375 0.01328125
1 0.315625 0.3203125 0.009375 0.01484375
1 0.93203125 0.87578125 0.01015625 0.01484375
1 0.7140625 0.33046875 0.009375 0.01328125
1 0.3828125 0.41640625 0.01015625 0.01484375
1 0.44375 0.33046875 0.00625 0.01171875
1 0.9234375 0.94765625 0.00859375 0.015625
1 0.421875 0.3140625 0.009375 0.01484375
1 0.09296875 0.365625 0.00703125 0.01328125
1 0.97734375 0.3578125 0.01015625 0.01328125
1 0.39296875 0.3890625 0.00859375 0.0140625
1 0.82421875 0.84140625 0.009375 0.0109375
1 0.909375 0.8703125 0.009375 0.01484375
1 0.825 0.86875 0.01015625 0.01328125
1 0.42421875 0.36953125 0.0078125 0.0109375
1 0.51328125 0.3046875 0.00859375 0.01171875
1 0.38359375 0.39921875 0.0109375 0.01171875
1 0.3984375 0.30390625 0.01015625 0.0125
1 0.82734375 0.88515625 0.00859375 0.01796875
1 0.5640625 0.49765625 0.01328125 0.01875
1 0.94609375 0.94296875 0.0109375 0.01640625
1 0.84375 0.85859375 0.0078125 0.01484375
1 0.3953125 0.4859375 0.009375 0.015625
1 0.7140625 0.4234375 0.01015625 0.01484375
1 0.6703125 0.29921875 0.0078125 0.0140625
1 0.10703125 0.86953125 0.009375 0.0140625
1 0.19375 0.30859375 0.00703125 0.0125
1 0.38203125 0.49453125 0.0109375 0.0109375
1 0.07109375 0.36796875 0.009375 0.01328125
1 0.6046875 0.4546875 0.00859375 0.01328125
1 0.90078125 0.85 0.0078125 0.0125
1 0.37421875 0.2984375 0.0078125 0.01171875
1 0.4359375 0.3015625 0.00859375 0.01171875
1 0.3921875 0.425 0.01015625 0.01640625
1 0.696875 0.3921875 0.00859375 0.0109375
1 0.109375 0.909375 0.0109375 0.02109375
1 0.5890625 0.50078125 0.01171875 0.01484375
1 0.1765625 0.8375 0.00859375 0.0109375
1 0.60625 0.46640625 0.009375 0.01484375
1 0.246875 0.65 0.009375 0.0109375
1 0.55078125 0.3078125 0.01015625 0.01328125
1 0.25625 0.83984375 0.0078125 0.009375
1 0.12734375 0.85625 0.00625 0.01171875
1 0.69453125 0.41796875 0.00859375 0.01328125
1 0.0140625 0.434375 0.0078125 0.0109375
1 0.44296875 0.30234375 0.0078125 0.0125
1 0.06953125 0.33359375 0.01015625 0.01484375
1 0.40078125 0.39375 0.009375 0.0109375
1 0.828125 0.85390625 0.00703125 0.0109375