4 0.45390625 0.378125 0.1171875 0.115625
2 0.78203125 0.234375 0.11875 0.075
3 0.34609375 0.23671875 0.0828125 0.078125
3 0.14296875 0.87890625 0.175 0.1578125
4 0.45703125 0.2515625 0.096875 0.0859375
1 0.01484375 0.44921875 0.0296875 0.0265625
2 0.26796875 0.1921875 0.121875 0.0671875
1 0.42890625 0.42890625 0.0390625 0.025
1 0.98515625 0.45703125 0.0296875 0.0234375
1 0.07578125 0.5765625 0.040625 0.0265625
1 0.26796875 0.52734375 0.040625 0.028125
1 0.190625 0.41953125 0.0390625 0.025
1 0.28203125 0.45078125 0.0390625 0.025
1 0.9546875 0.4109375 0.0375 0.0234375
1 0.62890625 0.415625 0.0375 0.0234375
1 0.2921875 0.503125 0.0390625 0.028125
1 0.71796875 0.4734375 0.0390625 0.025
1 0.3703125 0.32421875 0.0359375 0.0203125
1 0.6125 0.46796875 0.0390625 0.0265625
1 0.7359375 0.53125 0.0390625 0.0265625
1 0.66875 0.46484375 0.0375 0.025
1 0.5671875 0.45625 0.0375 0.0234375
1 0.48359375 0.43984375 0.0375 0.0234375
1 0.06875 0.36171875 0.0390625 0.0234375
1 0.125 0.346875 0.0375 0.0234375
1 0.69765625 0.459375 0.0375 0.0234375
1 0.29921875 0.4140625 0.0375 0.021875
1 0.5671875 0.35703125 0.0359375 0.021875
1 0.95546875 0.390625 0.0375 0.021875
3 0.79375 0.93203125 0.1875 0.1359375
1 0.44296875 0.4734375 0.0390625 0.0265625
1 0.103125 0.53046875 0.040625 0.0296875
1 0.315625 0.40390625 0.0375 0.0234375
1 0.67734375 0.421875 0.0375 0.0234375
1 0.11171875 0.30625 0.0359375 0.021875
1 0.05 0.390625 0.0375 0.0234375
1 0.0140625 0.50546875 0.028125 0.0296875
1 0.946875 0.3609375 0.0375 0.0203125
1 0.5609375 0.29765625 0.0359375 0.0203125
1 0.3453125 0.390625 0.0375 0.0234375
1 0.15390625 0.309375 0.0359375 0.021875
1 0.6109375 0.3375 0.0375 0.0203125
1 0.1640625 0.25625 0.0359375 0.01875
1 0.3234375 0.88359375 0.0390625 0.028125
1 0.68046875 0.34296875 0.0359375 0.0203125
1 0.46640625 0.3203125 0.0359375 0.0203125
1 0.6734375 0.27890625 0.0359375 0.01875
1 0.34296875 0.31796875 0.0359375 0.0203125
1 0.2421875 0.88671875 0.0375 0.021875
1 0.603125 0.3828125 0.0375 0.0234375
1 0.68671875 0.43828125 0.0375 0.025
1 0.28359375 0.54375 0.040625 0.0296875
1 0.5734375 0.30390625 0.0359375 0.0203125
1 0.32421875 0.37734375 0.0375 0.021875
1 0.09375 0.365625 0.0390625 0.0234375
1 0.3484375 0.428125 0.0375 0.021875
1 0.3484375 0.2984375 0.034375 0.0203125
1 0.94375 0.44140625 0.0375 0.0234375
1 0.921875 0.33359375 0.0375 0.0203125
1 0.196875 0.378125 0.0375 0.0234375
1 0.378125 0.8953125 0.0375 0.0203125
4 0.2421875 0.82890625 0.0890625 0.0578125
1 0.15625 0.6140625 0.040625 0.0296875
1 0.23359375 0.62890625 0.040625 0.0234375
1 0.97890625 0.396875 0.0375 0.021875
1 0.85703125 0.32734375 0.0359375 0.01875
1 0.89609375 0.33671875 0.0359375 0.0203125
1 0.35390625 0.32578125 0.0359375 0.0234375
1 0.38359375 0.33828125 0.0359375 0.0203125
1 0.1390625 0.62265625 0.040625 0.0234375
1 0.4796875 0.31875 0.034375 0.0203125
1 0.12265625 0.2875 0.0359375 0.0203125
1 0.2609375 0.61640625 0.0390625 0.0203125
1 0.93125 0.3765625 0.0375 0.0203125
1 0.99140625 0.43203125 0.0171875 0.0234375
1 0.9265625 0.38984375 0.0359375 0.021875
1 0.20234375 0.88515625 0.0359375 0.021875
1 0.93671875 0.33828125 0.0359375 0.0203125
1 0.68203125 0.38125 0.0375 0.021875
1 0.6265625 0.33828125 0.0359375 0.021875
1 0.6609375 0.353125 0.0375 0.021875
1 0.10859375 0.378125 0.0390625 0.0234375
1 0.4 0.25390625 0.034375 0.0203125
1 0.65546875 0.27421875 0.0359375 0.0203125
1 0.21796875 0.62109375 0.040625 0.028125
1 0.19921875 0.24296875 0.034375 0.01875
1 0.690625 0.38515625 0.0359375 0.021875
1 0.45078125 0.88828125 0.0375 0.0203125
1 0.8671875 0.309375 0.0359375 0.01875
1 0.184375 0.25 0.0359375 0.021875
1 0.37421875 0.30234375 0.0359375 0.01875
1 0.4828125 0.29140625 0.034375 0.01875
1 0.4984375 0.2859375 0.034375 0.01875
1 0.42734375 0.88359375 0.034375 0.01875
1 0.85 0.34453125 0.0359375 0.0203125
1 0.0734375 0.34140625 0.0375 0.0203125
1 0.03359375 0.91015625 0.04375 0.034375
1 0.3078125 0.38125 0.0375 0.021875
1 0.2609375 0.6015625 0.0375 0.01875
3 0.02421875 0.396875 0.0484375 0.090625
1 0.17734375 0.5921875 0.0375 0.0171875
1 0.25078125 0.8640625 0.0375 0.0203125
0 0.4546875 0.1703125 0.0359375 0.021875
1 0.90390625 0.30234375 0.0359375 0.01875
1 0.47421875 0.3015625 0.0375 0.0203125
1 0.3421875 0.4171875 0.0390625 0.0234375
1 0.171875 0.2390625 0.034375 0.01875
1 0.9 0.31875 0.034375 0.01875
1 0.8421875 0.29609375 0.0359375 0.01875
1 0.540625 0.87421875 0.034375 0.01875
1 0.87109375 0.3 0.034375 0.0171875
1 0.921875 0.97734375 0.0390625 0.021875
1 0.9859375 0.4125 0.028125 0.01875
1 0.13359375 0.25390625 0.0359375 0.01875
1 0.00859375 0.596875 0.0171875 0.025
1 0.5546875 0.87734375 0.0359375 0.0171875
1 0.0265625 0.3765625 0.0375 0.01875
1 0.8375 0.2921875 0.034375 0.0203125
1 0.38984375 0.3296875 0.0359375 0.0203125
1 0.1390625 0.240625 0.0359375 0.0203125
1 0.5984375 0.26484375 0.0359375 0.0203125
1 0.909375 0.959375 0.040625 0.028125
1 0.5 0.25703125 0.034375 0.01875
1 0.04765625 0.36875 0.0375 0.021875
1 0.7453125 0.88359375 0.0328125 0.0171875
1 0.12421875 0.26484375 0.0375 0.0203125
1 0.69453125 0.36875 0.0359375 0.01875
1 0.46796875 0.28359375 0.034375 0.01875
1 0.6078125 0.26640625 0.034375 0.01875
3 0.571875 0.83359375 0.0640625 0.0390625
1 0.125 0.2453125 0.0359375 0.01875
1 0.10703125 0.29375 0.0359375 0.01875
1 0.2296875 0.85078125 0.034375 0.01875
1 0.15 0.24453125 0.0359375 0.01875
1 0.03671875 0.36328125 0.0359375 0.0203125
1 0.3171875 0.84765625 0.0328125 0.0171875
1 0.17578125 0.60703125 0.0359375 0.0171875
1 0.41484375 0.2640625 0.0390625 0.0234375
1 0.88671875 0.93515625 0.0390625 0.0265625
1 0.04453125 0.89296875 0.040625 0.025
1 0.021875 0.94921875 0.04375 0.0453125
1 0.4890625 0.25859375 0.0375 0.0203125
1 0.58046875 0.875 0.0359375 0.01875
1 0.88203125 0.8921875 0.034375 0.01875
1 0.2984375 0.83125 0.0359375 0.01875
0 0.32578125 0.97890625 0.046875 0.0265625
1 0.0765625 0.31015625 0.0375 0.0234375
1 0.890625 0.91484375 0.0359375 0.0203125
1 0.0640625 0.3359375 0.0375 0.021875
1 0.05 0.3546875 0.0359375 0.0171875
1 0.028125 0.359375 0.0375 0.021875
1 0.61640625 0.740625 0.034375 0.0203125
1 0.896875 0.946875 0.040625 0.025