0 0.18828125 0.84609375 0.0234375 0.015625
1 0.82265625 0.3734375 0.0234375 0.0171875
1 0.59375 0.45703125 0.0265625 0.0203125
2 0.2078125 0.24453125 0.10625 0.065625
1 0.69609375 0.4484375 0.0265625 0.0203125
1 0.70078125 0.42265625 0.025 0.01875
1 0.67734375 0.40078125 0.025 0.0171875
4 0.58046875 0.528125 0.1 0.1234375
1 0.50859375 0.3703125 0.0234375 0.0171875
1 0.7734375 0.55625 0.0296875 0.021875
1 0.70703125 0.4984375 0.028125 0.0234375
1 0.63359375 0.33828125 0.021875 0.015625
3 0.03046875 0.47265625 0.0609375 0.0984375
1 0.61640625 0.3796875 0.0234375 0.0171875
1 0.684375 0.51796875 0.0296875 0.0234375
1 0.39296875 0.44296875 0.025 0.01875
1 0.63203125 0.4671875 0.0265625 0.0203125
1 0.87421875 0.35078125 0.025 0.0140625
1 0.6125 0.4453125 0.025 0.01875
1 0.48828125 0.33046875 0.021875 0.0140625
1 0.809375 0.35625 0.0234375 0.015625
1 0.34765625 0.36796875 0.025 0.0140625
1 0.3296875 0.35546875 0.0234375 0.015625
1 0.1296875 0.3296875 0.021875 0.0125
1 0.28203125 0.53671875 0.028125 0.0234375
4 0.07734375 0.6203125 0.153125 0.1265625
1 0.94609375 0.37890625 0.025 0.0171875
1 0.73671875 0.5625 0.0265625 0.01875
1 0.4703125 0.40390625 0.0234375 0.0171875
1 0.16171875 0.4546875 0.0265625 0.0203125
1 0.659375 0.3828125 0.0234375 0.0171875
1 0.634375 0.57109375 0.0296875 0.0203125
1 0.646875 0.409375 0.0234375 0.0140625
1 0.68125 0.89140625 0.025 0.0140625
1 0.45390625 0.40625 0.025 0.0171875
1 0.58984375 0.34609375 0.021875 0.0140625
1 0.9734375 0.3984375 0.0265625 0.01875
1 0.72421875 0.54140625 0.0296875 0.021875
1 0.68984375 0.3984375 0.025 0.015625
1 0.8 0.55546875 0.028125 0.0171875
1 0.6640625 0.44375 0.0265625 0.01875
1 0.665625 0.62734375 0.0296875 0.0203125
1 0.65625 0.46328125 0.0265625 0.0203125
1 0.103125 0.33515625 0.0234375 0.0125
1 0.0375 0.3828125 0.025 0.0140625
1 0.91875 0.61171875 0.0265625 0.0140625
1 0.71640625 0.59765625 0.0265625 0.021875
1 0.6484375 0.54375 0.028125 0.025
1 0.80078125 0.31484375 0.0234375 0.015625
1 0.9734375 0.44375 0.0265625 0.0140625
1 0.7046875 0.86953125 0.028125 0.0234375
4 0.1875 0.9171875 0.13125 0.115625
4 0.1625 0.92734375 0.109375 0.09375
1 0.78515625 0.553125 0.0296875 0.021875
1 0.89765625 0.3875 0.025 0.0171875
1 0.88828125 0.390625 0.0265625 0.0171875
1 0.67578125 0.40234375 0.0203125 0.0109375
1 0.77265625 0.53671875 0.028125 0.0203125
1 0.0375 0.41171875 0.0234375 0.0140625
1 0.4125 0.43203125 0.025 0.0171875
1 0.80625 0.85625 0.0265625 0.01875
1 0.1109375 0.35546875 0.025 0.0140625
1 0.8140625 0.2796875 0.021875 0.0125
1 0.72578125 0.6265625 0.0265625 0.0140625
1 0.66484375 0.60546875 0.028125 0.01875
1 0.5421875 0.45625 0.0265625 0.021875
1 0.9484375 0.47578125 0.028125 0.021875
1 0.35078125 0.39765625 0.025 0.0171875
1 0.65 0.4234375 0.025 0.0171875
1 0.371875 0.91875 0.025 0.0109375
1 0.93984375 0.86484375 0.0296875 0.0234375
1 0.69296875 0.60859375 0.0296875 0.021875
1 0.49921875 0.840625 0.021875 0.009375
1 0.84765625 0.28984375 0.025 0.0125
1 0.83828125 0.27734375 0.021875 0.0125
2 0.7234375 0.20703125 0.1046875 0.0484375
1 0.48203125 0.84375 0.021875 0.0140625
1 0.36484375 0.43671875 0.025 0.01875
1 0.90859375 0.36171875 0.0234375 0.015625
1 0.9171875 0.384375 0.028125 0.01875
1 0.615625 0.58203125 0.0265625 0.0125
1 0.88671875 0.3484375 0.0265625 0.015625
1 0.14609375 0.29375 0.021875 0.0125
1 0.65859375 0.56484375 0.0296875 0.0265625
1 0.834375 0.33515625 0.025 0.0140625
1 0.91015625 0.8921875 0.03125 0.028125
1 0.95625 0.53984375 0.0296875 0.01875
1 0.34921875 0.90546875 0.0265625 0.021875
1 0.71484375 0.846875 0.0234375 0.015625
1 0.825 0.853125 0.025 0.0171875
1 0.90078125 0.33984375 0.0234375 0.0140625
1 0.6703125 0.5484375 0.0265625 0.01875
1 0.86875 0.61328125 0.0265625 0.0171875
1 0.86796875 0.28359375 0.0234375 0.0109375
1 0.05625 0.36640625 0.0265625 0.0171875
1 0.56484375 0.84140625 0.021875 0.0109375
1 0.94296875 0.4109375 0.028125 0.0203125
1 0.6984375 0.84921875 0.0265625 0.0171875
3 0.7296875 0.79921875 0.0984375 0.0828125
3 0.40546875 0.859375 0.1421875 0.134375
3 0.2703125 0.89296875 0.1390625 0.1328125
3 0.10546875 0.4765625 0.1453125 0.1390625