4 0.3984375 0.35625 0.0828125 0.09609375
2 0.7703125 0.2203125 0.0875 0.05859375
3 0.659375 0.334375 0.0671875 0.08125
4 0.17421875 0.359375 0.05625 0.08046875
1 0.77265625 0.5546875 0.01328125 0.02265625
1 0.97265625 0.41796875 0.0109375 0.0171875
1 0.4296875 0.90078125 0.01328125 0.01640625
1 0.64765625 0.484375 0.01171875 0.0203125
1 0.08046875 0.51796875 0.0125 0.02109375
1 0.09453125 0.4515625 0.0109375 0.0171875
1 0.0703125 0.57109375 0.01328125 0.0203125
1 0.81796875 0.446875 0.009375 0.01796875
2 0.2484375 0.2265625 0.09140625 0.0484375
1 0.30078125 0.575 0.01328125 0.021875
1 0.459375 0.38515625 0.00859375 0.01640625
1 0.3734375 0.428125 0.009375 0.01640625
3 0.390625 0.49453125 0.11640625 0.12734375
1 0.13203125 0.39609375 0.00859375 0.015625
1 0.259375 0.5078125 0.0109375 0.01796875
1 0.29609375 0.4828125 0.0125 0.01875
1 0.00546875 0.56953125 0.0109375 0.02109375
1 0.61875 0.88671875 0.0125 0.021875
1 0.30625 0.43125 0.009375 0.015625
1 0.48515625 0.58828125 0.0140625 0.01953125
1 0.3328125 0.46875 0.01015625 0.0171875
1 0.33046875 0.45078125 0.01015625 0.0171875
1 0.5984375 0.359375 0.00859375 0.015625
1 0.35390625 0.425 0.009375 0.01640625
1 0.3453125 0.4015625 0.009375 0.015625
1 0.51015625 0.365625 0.009375 0.01484375
1 0.94609375 0.36875 0.01015625 0.01484375
1 0.6203125 0.86953125 0.01015625 0.01484375
1 0.8578125 0.8953125 0.0125 0.0203125
1 0.11015625 0.4359375 0.0109375 0.01796875
1 0.54609375 0.35859375 0.009375 0.015625
1 0.28515625 0.5609375 0.01328125 0.021875
1 0.1234375 0.425 0.01015625 0.0171875
1 0.10625 0.384375 0.00859375 0.01484375
1 0.6671875 0.86015625 0.01015625 0.0171875
1 0.7109375 0.428125 0.01015625 0.0171875
1 0.325 0.4359375 0.009375 0.015625
1 0.978125 0.3828125 0.0109375 0.01640625
1 0.70625 0.61875 0.01328125 0.01953125
1 0.278125 0.47890625 0.0109375 0.0171875
1 0.18125 0.4046875 0.009375 0.01640625
1 0.334375 0.4203125 0.01015625 0.01484375
1 0.309375 0.396875 0.01015625 0.01640625
1 0.003125 0.4515625 0.00625 0.01640625
1 0.83671875 0.8890625 0.0109375 0.0203125
1 0.6984375 0.42109375 0.0109375 0.015625
1 0.5984375 0.34296875 0.00859375 0.0140625
1 0.61171875 0.40703125 0.0109375 0.01875
1 0.45703125 0.33359375 0.0078125 0.0140625
1 0.49921875 0.3984375 0.01015625 0.01640625
1 0.08125 0.38203125 0.009375 0.01484375
1 0.25703125 0.53203125 0.01015625 0.01796875
1 0.996875 0.4234375 0.00625 0.015625
1 0.48125 0.4078125 0.009375 0.01640625
1 0.96796875 0.39921875 0.01015625 0.015625
1 0.34375 0.36953125 0.0078125 0.01328125
1 0.09921875 0.646875 0.01328125 0.01875
1 0.1921875 0.4 0.0125 0.021875
1 0.56328125 0.35078125 0.009375 0.015625
1 0.290625 0.4609375 0.01015625 0.01640625
1 0.52734375 0.5609375 0.0125 0.02265625
1 0.040625 0.4203125 0.009375 0.01640625
1 0.47890625 0.43671875 0.01015625 0.01875
1 0.96953125 0.36484375 0.009375 0.0140625
1 0.0515625 0.4296875 0.0109375 0.01640625
1 0.3078125 0.3390625 0.009375 0.01484375
1 0.46015625 0.6453125 0.01015625 0.01484375
1 0.07890625 0.40234375 0.009375 0.01796875
1 0.36015625 0.86640625 0.0078125 0.01640625
1 0.8421875 0.3015625 0.0078125 0.01171875
1 0.8796875 0.328125 0.0078125 0.01328125
1 0.49375 0.35546875 0.00859375 0.01328125
1 0.48984375 0.37265625 0.00859375 0.01484375
1 0.48984375 0.4265625 0.01015625 0.01796875
1 0.903125 0.321875 0.00859375 0.0140625
1 0.52734375 0.62265625 0.01328125 0.02578125
1 0.83046875 0.31796875 0.00703125 0.0125
1 0.8046875 0.94921875 0.0203125 0.0359375
1 0.065625 0.42421875 0.009375 0.015625
1 0.6078125 0.33671875 0.0078125 0.0140625
1 0.5859375 0.3109375 0.0078125 0.0125
1 0.78125 0.83984375 0.00703125 0.0109375
1 0.11484375 0.353125 0.0078125 0.01328125
1 0.91796875 0.8703125 0.00859375 0.01484375
1 0.453125 0.865625 0.01015625 0.0171875
0 0.3234375 0.234375 0.0078125 0.0140625
1 0.7390625 0.840625 0.00625 0.0109375
0 0.446875 0.24453125 0.0140625 0.0234375
1 0.46640625 0.303125 0.009375 0.01328125
1 0.4421875 0.365625 0.00546875 0.01328125
1 0.328125 0.3890625 0.01015625 0.0140625
1 0.80625 0.8421875 0.00625 0.0109375
1 0.91640625 0.31484375 0.00859375 0.0125
1 0.93671875 0.33125 0.01015625 0.0140625
1 0.27890625 0.45625 0.01015625 0.0125
1 0.69765625 0.4078125 0.01015625 0.0140625
1 0.875 0.94609375 0.0171875 0.02890625
1 0.534375 0.646875 0.009375 0.01015625
1 0.25234375 0.640625 0.01328125 0.02265625
1 0.3296875 0.3578125 0.0078125 0.01328125
1 0.528125 0.29921875 0.00859375 0.01171875
1 0.325 0.41953125 0.0109375 0.01484375
1 0.32109375 0.37265625 0.0078125 0.0125
1 0.85390625 0.30078125 0.0078125 0.0125
1 0.425 0.29765625 0.00859375 0.0125
1 0.8265625 0.95 0.01953125 0.034375
1 0.8984375 0.8765625 0.0109375 0.01484375
1 0.74375 0.8453125 0.00703125 0.0109375
1 0.88828125 0.87265625 0.009375 0.0140625
1 0.89453125 0.30625 0.0109375 0.015625
1 0.14765625 0.61875 0.01328125 0.02109375
1 0.95703125 0.93046875 0.015625 0.025
1 0.353125 0.35234375 0.0078125 0.0125
1 0.059375 0.41015625 0.0109375 0.01484375
1 0.359375 0.31875 0.0078125 0.0140625
1 0.76484375 0.8484375 0.00859375 0.01171875
1 0.90703125 0.98984375 0.021875 0.01875
1 0.878125 0.8515625 0.00703125 0.01171875
1 0.8703125 0.29921875 0.01015625 0.0125
1 0.93828125 0.925 0.01484375 0.03125
1 0.321875 0.840625 0.00703125 0.0109375
1 0.071875 0.41015625 0.00859375 0.0125
1 0.6109375 0.29453125 0.009375 0.01171875
1 0.12421875 0.62421875 0.0125 0.01875
1 0.846875 0.9484375 0.01875 0.02734375
1 0.8546875 0.878125 0.00703125 0.01015625
1 0.05546875 0.38359375 0.009375 0.0125
1 0.3859375 0.31796875 0.0078125 0.0109375
1 0.053125 0.39453125 0.0078125 0.0140625
1 0.3890625 0.29921875 0.00859375 0.0109375
1 0.875 0.3171875 0.01015625 0.0125
1 0.428125 0.2796875 0.01015625 0.0171875
1 0.32734375 0.34375 0.00859375 0.0140625
1 0.32890625 0.375 0.0078125 0.0125
1 0.35078125 0.32265625 0.00859375 0.0109375
1 0.34375 0.353125 0.00859375 0.01171875
1 0.82421875 0.30390625 0.009375 0.01015625
1 0.06875 0.37890625 0.01015625 0.015625
1 0.346875 0.85859375 0.00859375 0.01171875
1 0.003125 0.43125 0.00625 0.015625
1 0.33828125 0.34140625 0.00859375 0.0140625
1 0.8328125 0.84296875 0.00703125 0.0109375
1 0.675 0.2546875 0.01015625 0.0171875
1 0.1 0.9890625 0.015625 0.02109375