4 0.6484375 0.33671875 0.0953125 0.090625
2 0.765625 0.21484375 0.1171875 0.065625
3 0.46953125 0.3421875 0.0984375 0.09375
4 0.234375 0.83359375 0.0734375 0.05
1 0.14765625 0.4375 0.0375 0.0234375
1 0.64921875 0.490625 0.0390625 0.025
1 0.8296875 0.56796875 0.040625 0.028125
1 0.56953125 0.40390625 0.0359375 0.021875
1 0.77421875 0.55234375 0.0390625 0.0265625
1 0.72734375 0.4796875 0.0375 0.025
1 0.66015625 0.4296875 0.0375 0.0234375
0 0.2109375 0.2125 0.0375 0.021875
1 0.50703125 0.421875 0.0359375 0.021875
1 0.153125 0.91015625 0.0421875 0.0296875
1 0.67890625 0.58515625 0.040625 0.025
1 0.96875 0.50234375 0.040625 0.0265625
1 0.3734375 0.4265625 0.0359375 0.0234375
1 0.83203125 0.4421875 0.0375 0.0234375
1 0.74140625 0.528125 0.040625 0.025
1 0.115625 0.4875 0.0375 0.0234375
1 0.58359375 0.89453125 0.040625 0.0265625
1 0.3375 0.4390625 0.0375 0.021875
1 0.62890625 0.56484375 0.0375 0.0265625
1 0.6796875 0.48671875 0.0390625 0.0234375
1 0.8421875 0.8875 0.0390625 0.0265625
1 0.4859375 0.5859375 0.040625 0.0265625
1 0.87421875 0.56171875 0.0359375 0.021875
1 0.63203125 0.87265625 0.0375 0.025
0 0.18828125 0.13984375 0.0390625 0.025
1 0.35859375 0.865625 0.040625 0.028125
1 0.64609375 0.3796875 0.0359375 0.01875
0 0.240625 0.17734375 0.0359375 0.021875
1 0.5140625 0.39375 0.0359375 0.0203125
1 0.6046875 0.34375 0.0359375 0.01875
1 0.3234375 0.41875 0.0375 0.021875
1 0.11640625 0.36484375 0.034375 0.0171875
1 0.65625 0.27578125 0.0359375 0.0203125
1 0.7 0.46953125 0.0375 0.025
1 0.984375 0.4765625 0.03125 0.025
1 0.35078125 0.37421875 0.0359375 0.0203125
1 0.653125 0.4078125 0.0359375 0.021875
1 0.7125 0.4234375 0.0375 0.021875
0 0.19609375 0.7859375 0.0359375 0.0203125
1 0.325 0.43671875 0.0375 0.021875
1 0.696875 0.390625 0.0359375 0.0203125
1 0.9828125 0.41796875 0.034375 0.0234375
1 0.29140625 0.859375 0.0359375 0.01875
1 0.61015625 0.40078125 0.0375 0.0203125
1 0.06796875 0.384375 0.0359375 0.01875
1 0.73671875 0.84765625 0.034375 0.0171875
1 0.7359375 0.559375 0.040625 0.0265625
1 0.38125 0.33671875 0.034375 0.01875
1 0.70390625 0.51171875 0.0390625 0.0234375
1 0.69375 0.56640625 0.040625 0.0265625
0 0.27421875 0.2265625 0.0375 0.0234375
1 0.2609375 0.49140625 0.0390625 0.025
1 0.88203125 0.32734375 0.0359375 0.01875
1 0.034375 0.39453125 0.0359375 0.0203125
1 0.6421875 0.3953125 0.0375 0.0203125
1 0.32578125 0.39765625 0.0359375 0.01875
1 0.93125 0.3484375 0.0375 0.0203125
1 0.59453125 0.38515625 0.0359375 0.0203125
0 0.23125 0.22578125 0.0375 0.0203125
1 0.31953125 0.38515625 0.034375 0.01875
1 0.8875 0.3140625 0.034375 0.0171875
1 0.14296875 0.8859375 0.0375 0.025
0 0.2234375 0.30546875 0.0375 0.021875
1 0.48359375 0.64609375 0.0375 0.0171875
0 0.17421875 0.2421875 0.0359375 0.021875
1 0.103125 0.36015625 0.034375 0.0171875
0 0.81015625 0.73125 0.0359375 0.0234375
1 0.96953125 0.3609375 0.0375 0.01875
0 0.25 0.01171875 0.0375 0.0203125
1 0.68125 0.4046875 0.0375 0.0203125
1 0.721875 0.5453125 0.040625 0.0234375
1 0.6765625 0.3921875 0.034375 0.0171875
1 0.63203125 0.378125 0.0359375 0.0171875
1 0.68125 0.55 0.0390625 0.0234375
1 0.23203125 0.95859375 0.046875 0.0296875
1 0.178125 0.32890625 0.034375 0.01875
1 0.34296875 0.3109375 0.034375 0.01875
1 0.18359375 0.978125 0.0484375 0.04375
1 0.9640625 0.92578125 0.0421875 0.0328125
0 0.8109375 0.146875 0.0359375 0.0203125
1 0.36640625 0.34609375 0.0359375 0.01875
1 0.6328125 0.9015625 0.0390625 0.0171875
0 0.2546875 0.1953125 0.034375 0.0171875
1 0.8625 0.91640625 0.0421875 0.0328125
1 0.69453125 0.4125 0.0359375 0.0203125
1 0.5671875 0.3015625 0.034375 0.0171875
1 0.165625 0.85859375 0.034375 0.0171875
3 0.5625 0.8109375 0.06875 0.046875
1 0.71796875 0.90078125 0.0390625 0.0171875
1 0.1703125 0.325 0.0359375 0.0171875
1 0.31171875 0.33984375 0.0359375 0.021875
1 0.39921875 0.325 0.0328125 0.0171875
1 0.87109375 0.2921875 0.0359375 0.021875
1 0.734375 0.5046875 0.0375 0.021875
1 0.12890625 0.3484375 0.0359375 0.0171875
1 0.69609375 0.5359375 0.0390625 0.025
0 0.4078125 0.78984375 0.0375 0.025
1 0.83359375 0.859375 0.034375 0.0234375
1 0.975 0.37890625 0.0375 0.0203125
1 0.91484375 0.865625 0.034375 0.01875
1 0.56875 0.3375 0.0359375 0.01875
1 0.8234375 0.303125 0.0359375 0.01875
1 0.65390625 0.39453125 0.0359375 0.0171875
1 0.984375 0.390625 0.03125 0.021875
1 0.52734375 0.89453125 0.0421875 0.028125
1 0.37890625 0.32109375 0.0359375 0.01875
1 0.08203125 0.37578125 0.0359375 0.0203125
1 0.34453125 0.33984375 0.0359375 0.01875
1 0.11875 0.88984375 0.0375 0.0234375
1 0.35625 0.32578125 0.0359375 0.01875
1 0.27421875 0.4921875 0.0359375 0.021875
1 0.8859375 0.29375 0.034375 0.0171875
0 0.215625 0.03203125 0.0375 0.021875
1 0.40078125 0.3453125 0.0328125 0.0171875
1 0.571875 0.35234375 0.0375 0.01875
1 0.0171875 0.403125 0.034375 0.01875
1 0.578125 0.84296875 0.0359375 0.0171875
1 0.846875 0.31171875 0.0359375 0.0171875
1 0.01171875 0.3921875 0.0234375 0.01875
1 0.984375 0.35546875 0.03125 0.0203125
1 0.715625 0.5109375 0.0375 0.021875
1 0.87109375 0.57578125 0.0375 0.0171875
1 0.70703125 0.540625 0.0390625 0.0234375
1 0.921875 0.3296875 0.0375 0.01875
0 0.175 0.26796875 0.0359375 0.01875
1 0.85859375 0.85859375 0.034375 0.01875
1 0.9515625 0.32734375 0.0359375 0.0203125
1 0.140625 0.34921875 0.034375 0.01875
1 0.88984375 0.8734375 0.0390625 0.0203125
1 0.9421875 0.32734375 0.0375 0.01875
1 0.3546875 0.35703125 0.0359375 0.0171875
1 0.5765625 0.2953125 0.034375 0.01875
1 0.9 0.9234375 0.0390625 0.0296875
1 0.11796875 0.865625 0.0375 0.021875
1 0.6953125 0.35234375 0.0359375 0.0171875
0 0.76328125 0.0453125 0.0359375 0.01875
0 0.8453125 0.21015625 0.0375 0.021875
0 0.2421875 0.25 0.0359375 0.015625
1 0.9359375 0.3375 0.034375 0.015625
1 0.684375 0.334375 0.034375 0.0171875
1 0.9703125 0.34140625 0.0359375 0.01875
0 0.8515625 0.765625 0.0359375 0.0203125
1 0.7609375 0.84453125 0.0328125 0.0171875
1 0.48671875 0.29453125 0.034375 0.015625
1 0.2015625 0.8453125 0.034375 0.015625
1 0.3859375 0.28046875 0.034375 0.0171875
1 0.046875 0.3671875 0.0359375 0.01875
1 0.5875 0.34609375 0.0375 0.01875
1 0.07734375 0.87890625 0.0359375 0.0203125
1 0.1578125 0.3171875 0.034375 0.015625
1 0.92109375 0.31640625 0.034375 0.01875
1 0.55390625 0.29765625 0.0359375 0.0171875
1 0.8578125 0.8265625 0.034375 0.01875
1 0.06640625 0.36484375 0.0375 0.0203125
1 0.559375 0.34765625 0.0390625 0.01875
1 0.89921875 0.3078125 0.0359375 0.0171875
1 0.3578125 0.3109375 0.034375 0.0171875
1 0.52890625 0.84921875 0.0375 0.0171875
1 0.896875 0.8578125 0.0328125 0.015625
1 0.725 0.52578125 0.0390625 0.021875
0 0.19296875 0.8 0.0375 0.01875
1 0.79765625 0.8359375 0.034375 0.015625
1 0.78359375 0.8359375 0.034375 0.0171875
0 0.12578125 0.80078125 0.0359375 0.0234375
1 0.74453125 0.840625 0.034375 0.015625
1 0.84921875 0.8390625 0.034375 0.015625
0 0.4203125 0.75625 0.0375 0.025
1 0.9265625 0.921875 0.0390625 0.0296875
0 0.8875 0.2640625 0.0359375 0.0203125
1 0.91328125 0.93515625 0.04375 0.0265625
1 0.6 0.37578125 0.034375 0.0171875
0 0.24140625 0.73046875 0.0375 0.01875
1 0.14921875 0.35390625 0.0375 0.01875
1 0.5578125 0.84375 0.0359375 0.01875
0 0.259375 0.71484375 0.0375 0.021875
1 0.375 0.3015625 0.034375 0.0171875
1 0.5671875 0.84296875 0.0328125 0.0171875
0 0.28359375 0.71953125 0.034375 0.01875
1 0.16640625 0.834375 0.0359375 0.01875
1 0.93984375 0.8734375 0.0359375 0.0203125
1 0.5765625 0.3421875 0.0359375 0.0203125
1 0.12734375 0.334375 0.0375 0.0203125
1 0.90234375 0.83671875 0.034375 0.015625
1 0.465625 0.30078125 0.0328125 0.015625
1 0.14296875 0.32578125 0.0359375 0.01875
1 0.4140625 0.34609375 0.034375 0.0171875
1 0.5 0.53984375 0.0375 0.01875
1 0.11640625 0.33828125 0.0390625 0.01875
1 0.69140625 0.33515625 0.0359375 0.0171875
1 0.35625 0.4515625 0.034375 0.015625
1 0.10234375 0.33828125 0.0375 0.01875