3 0.503125 0.42421875 0.125 0.1140625
3 0.84140625 0.3640625 0.1140625 0.09375
1 0.34453125 0.453125 0.0484375 0.0234375
3 0.740625 0.83515625 0.1125 0.084375
2 0.76171875 0.2125 0.125 0.065625
1 0.33203125 0.4515625 0.0484375 0.021875
1 0.73828125 0.484375 0.0484375 0.021875
1 0.15234375 0.45546875 0.0484375 0.021875
1 0.76015625 0.503125 0.05 0.0234375
4 0.85 0.82109375 0.0828125 0.0546875
1 0.33125 0.3984375 0.046875 0.0203125
1 0.17578125 0.57734375 0.0515625 0.028125
1 0.6703125 0.471875 0.0484375 0.025
1 0.53203125 0.56640625 0.0515625 0.0265625
1 0.02265625 0.46328125 0.0453125 0.0234375
1 0.33203125 0.88515625 0.046875 0.021875
1 0.36953125 0.3578125 0.0453125 0.01875
1 0.30078125 0.4625 0.0484375 0.021875
0 0.2421875 0.746875 0.0546875 0.0328125
1 0.353125 0.3734375 0.046875 0.01875
1 0.98515625 0.45078125 0.0296875 0.0234375
1 0.56875 0.4421875 0.0484375 0.021875
2 0.23984375 0.2359375 0.13125 0.0578125
1 0.2609375 0.46953125 0.0484375 0.0234375
1 0.65 0.40078125 0.0484375 0.0203125
1 0.3796875 0.40234375 0.046875 0.021875
1 0.5515625 0.5125 0.05 0.025
1 0.7390625 0.50390625 0.05 0.025
1 0.14921875 0.39453125 0.046875 0.0203125
1 0.05703125 0.41328125 0.046875 0.0203125
1 0.92890625 0.425 0.0484375 0.021875
1 0.9 0.9046875 0.053125 0.0296875
1 0.6796875 0.359375 0.046875 0.01875
1 0.18046875 0.90703125 0.05 0.0265625
4 0.5765625 0.3875 0.115625 0.0890625
1 0.31328125 0.45234375 0.0484375 0.021875
1 0.31953125 0.8625 0.0453125 0.01875
1 0.3671875 0.3390625 0.0453125 0.01875
1 0.66640625 0.56796875 0.05 0.025
1 0.49140625 0.32890625 0.046875 0.0203125
1 0.66015625 0.86171875 0.05 0.0234375
1 0.1671875 0.3515625 0.0453125 0.0171875
1 0.06875 0.41015625 0.046875 0.0203125
1 0.54921875 0.49296875 0.05 0.021875
1 0.15625 0.93984375 0.0546875 0.0328125
1 0.6671875 0.41171875 0.0484375 0.01875
1 0.8140625 0.39765625 0.046875 0.021875
1 0.14296875 0.58359375 0.05 0.0265625
1 0.8828125 0.9328125 0.0578125 0.0359375
0 0.034375 0.13671875 0.0546875 0.0296875
1 0.97265625 0.4 0.0484375 0.0234375
1 0.96484375 0.42109375 0.05 0.021875
1 0.77109375 0.8765625 0.05 0.025
1 0.175 0.65234375 0.053125 0.025
1 0.771875 0.9078125 0.0546875 0.03125
0 0.125 0.79609375 0.05625 0.0390625
1 0.79921875 0.88671875 0.0515625 0.025
0 0.2375 0.22734375 0.0484375 0.021875
0 0.16796875 0.7671875 0.0546875 0.03125
0 0.18671875 0.76328125 0.05625 0.0328125
1 0.60234375 0.87421875 0.0484375 0.0234375
1 0.13046875 0.365625 0.046875 0.01875
0 0.1625 0.73359375 0.05625 0.0359375
1 0.828125 0.94921875 0.059375 0.0421875
1 0.75078125 0.88203125 0.0515625 0.0265625
1 0.65390625 0.3390625 0.046875 0.01875
1 0.3390625 0.865625 0.0484375 0.0203125
1 0.178125 0.36171875 0.0453125 0.01875
1 0.5375 0.32734375 0.0453125 0.01875
1 0.35625 0.596875 0.046875 0.015625
1 0.6734375 0.384375 0.046875 0.0203125
1 0.83125 0.875 0.0484375 0.0234375
1 0.61796875 0.371875 0.046875 0.021875
1 0.3234375 0.6203125 0.0515625 0.0265625
1 0.1140625 0.3421875 0.046875 0.01875
1 0.35078125 0.646875 0.0515625 0.025
1 0.975 0.5171875 0.05 0.028125
1 0.7546875 0.928125 0.0546875 0.034375
1 0.36796875 0.31953125 0.0453125 0.01875
1 0.22578125 0.87578125 0.0453125 0.0203125
1 0.32421875 0.353125 0.0453125 0.01875
0 0.06953125 0.74921875 0.0546875 0.0359375
1 0.85234375 0.8765625 0.0484375 0.0234375
1 0.021875 0.44609375 0.04375 0.0203125
1 0.13125 0.97109375 0.0546875 0.040625
1 0.33828125 0.38125 0.0453125 0.0203125
1 0.1140625 0.3734375 0.046875 0.01875
1 0.87890625 0.30546875 0.046875 0.0171875
1 0.14296875 0.321875 0.0453125 0.0171875
1 0.678125 0.3984375 0.046875 0.0203125
1 0.0734375 0.92265625 0.053125 0.0296875
1 0.04140625 0.4125 0.0484375 0.0203125
1 0.24765625 0.85390625 0.04375 0.015625
1 0.4546875 0.31484375 0.04375 0.015625
0 0.1078125 0.12890625 0.0546875 0.028125
1 0.6796875 0.421875 0.046875 0.0203125
1 0.55234375 0.44375 0.0484375 0.021875
1 0.94765625 0.3953125 0.05 0.021875
1 0.60390625 0.90234375 0.046875 0.0140625
1 0.5515625 0.47578125 0.0484375 0.021875
1 0.9234375 0.3921875 0.0484375 0.0203125
1 0.16875 0.86484375 0.04375 0.0171875
1 0.80859375 0.8734375 0.0515625 0.025
1 0.18203125 0.3515625 0.0453125 0.0171875
1 0.1546875 0.646875 0.053125 0.028125
1 0.84375 0.92421875 0.05625 0.034375
1 0.65703125 0.2921875 0.0453125 0.0171875
1 0.68984375 0.3953125 0.046875 0.0203125
1 0.45234375 0.33046875 0.0453125 0.01875
1 0.64765625 0.37109375 0.046875 0.0203125
1 0.690625 0.41640625 0.046875 0.0203125
1 0.14375 0.8984375 0.05 0.025
1 0.64765625 0.321875 0.0453125 0.01875
1 0.86328125 0.9171875 0.053125 0.0296875
1 0.6109375 0.428125 0.046875 0.01875
1 0.9359375 0.41015625 0.0484375 0.021875
1 0.0265625 0.4390625 0.046875 0.01875
1 0.515625 0.31484375 0.046875 0.01875
1 0.496875 0.3640625 0.046875 0.01875
1 0.47421875 0.325 0.0453125 0.015625
1 0.0765625 0.39296875 0.0484375 0.0203125
1 0.5796875 0.440625 0.0484375 0.021875
1 0.62421875 0.390625 0.0453125 0.0171875
1 0.18203125 0.31875 0.0453125 0.0203125
1 0.06640625 0.38359375 0.0453125 0.01875
1 0.909375 0.87890625 0.05 0.0234375
1 0.08984375 0.9078125 0.05 0.021875
1 0.97734375 0.625 0.0453125 0.028125
1 0.93515625 0.39296875 0.0484375 0.01875
1 0.47734375 0.3140625 0.0453125 0.01875
1 0.92265625 0.41171875 0.0484375 0.0203125
3 0.55234375 0.815625 0.084375 0.0578125
1 0.68828125 0.8609375 0.0484375 0.021875
1 0.184375 0.86015625 0.0453125 0.015625
1 0.9359375 0.32421875 0.046875 0.0203125
1 0.8765625 0.2890625 0.046875 0.0171875
1 0.81796875 0.83828125 0.0453125 0.0171875
1 0.17421875 0.315625 0.04375 0.0171875
4 0.4359375 0.8203125 0.0671875 0.0390625
1 0.646875 0.4171875 0.0484375 0.0171875
1 0.84609375 0.30546875 0.04375 0.015625
1 0.2171875 0.8609375 0.0453125 0.015625
1 0.12578125 0.33125 0.0453125 0.0171875
1 0.8953125 0.87890625 0.0515625 0.0234375
1 0.459375 0.8515625 0.0453125 0.0171875
0 0.79609375 0.10078125 0.0484375 0.0234375
1 0.92109375 0.928125 0.053125 0.0296875
1 0.4453125 0.3234375 0.0453125 0.021875
1 0.85703125 0.2953125 0.04375 0.01875
1 0.04609375 0.66484375 0.046875 0.01875
1 0.634375 0.29375 0.0453125 0.0171875
1 0.46640625 0.334375 0.0484375 0.01875
1 0.60078125 0.43359375 0.0484375 0.0234375
1 0.79296875 0.871875 0.046875 0.0171875
1 0.1390625 0.59765625 0.0484375 0.01875
1 0.8328125 0.6328125 0.046875 0.01875
1 0.69765625 0.38515625 0.05 0.01875
1 0.4859375 0.3140625 0.04375 0.0171875
1 0.27265625 0.91640625 0.059375 0.0484375
1 0.16875 0.63125 0.05 0.0203125
1 0.8078125 0.8375 0.046875 0.0171875
1 0.8828125 0.87578125 0.0484375 0.021875
1 0.44765625 0.64921875 0.0484375 0.0171875
1 0.709375 0.84375 0.046875 0.0171875
1 0.39140625 0.34296875 0.0453125 0.0171875
1 0.5484375 0.4578125 0.0484375 0.01875
1 0.6609375 0.33203125 0.046875 0.01875
1 0.44609375 0.85390625 0.0453125 0.015625
1 0.65703125 0.3171875 0.0484375 0.0171875
1 0.496875 0.29921875 0.0453125 0.0171875
1 0.90703125 0.85859375 0.046875 0.0203125
1 0.909375 0.31171875 0.046875 0.01875
1 0.59140625 0.4375 0.046875 0.021875
1 0.09765625 0.34609375 0.0453125 0.0171875
1 0.98046875 0.94296875 0.0390625 0.0296875
1 0.8328125 0.28125 0.046875 0.01875
1 0.21640625 0.84921875 0.04375 0.0140625
1 0.61796875 0.40390625 0.0453125 0.0171875
1 0.10703125 0.99453125 0.0609375 0.0109375
1 0.93125 0.31484375 0.0484375 0.0171875
1 0.58125 0.8421875 0.0484375 0.0203125
1 0.534375 0.29375 0.0453125 0.0171875
1 0.13125 0.87734375 0.046875 0.01875
1 0.4828125 0.2953125 0.046875 0.0171875
1 0.6734375 0.859375 0.05 0.021875