3 0.49765625 0.334375 0.078125 0.0890625
1 0.6921875 0.50625 0.0296875 0.0203125
3 0.57578125 0.30078125 0.090625 0.0921875
2 0.753125 0.20859375 0.109375 0.0578125
1 0.159375 0.45234375 0.028125 0.0171875
4 0.65078125 0.38203125 0.08125 0.103125
1 0.05390625 0.46953125 0.0296875 0.0203125
1 0.259375 0.53125 0.0296875 0.0203125
1 0.4015625 0.5296875 0.03125 0.0234375
1 0.95234375 0.409375 0.0296875 0.0203125
4 0.27421875 0.86640625 0.1078125 0.0953125
1 0.60390625 0.440625 0.028125 0.01875
4 0.13359375 0.4109375 0.103125 0.0953125
1 0.18984375 0.575 0.03125 0.0265625
1 0.66875 0.59140625 0.03125 0.025
1 0.66484375 0.4546875 0.0296875 0.0203125
3 0.55546875 0.4359375 0.09375 0.1171875
1 0.3953125 0.46328125 0.028125 0.0203125
1 0.88828125 0.39765625 0.028125 0.0203125
1 0.85703125 0.58359375 0.03125 0.0234375
1 0.71484375 0.44375 0.0296875 0.0171875
1 0.0671875 0.41953125 0.0296875 0.0171875
1 0.37734375 0.43984375 0.028125 0.01875
1 0.55703125 0.51328125 0.03125 0.0203125
1 0.05234375 0.42421875 0.0296875 0.01875
1 0.62734375 0.4625 0.0296875 0.0203125
1 0.91875 0.35390625 0.028125 0.0171875
1 0.5015625 0.40234375 0.028125 0.0171875
1 0.3015625 0.3296875 0.028125 0.0171875
1 0.65390625 0.5515625 0.03125 0.0234375
1 0.615625 0.41875 0.028125 0.01875
1 0.34453125 0.403125 0.028125 0.0171875
1 0.0125 0.46015625 0.025 0.0203125
1 0.259375 0.5765625 0.03125 0.0234375
1 0.71875 0.53515625 0.03125 0.021875
1 0.428125 0.39765625 0.028125 0.0203125
1 0.36953125 0.3828125 0.028125 0.0171875
1 0.73671875 0.903125 0.0296875 0.0203125
1 0.70859375 0.48515625 0.028125 0.0203125
0 0.11015625 0.2265625 0.03125 0.0203125
1 0.38984375 0.4078125 0.028125 0.0171875
1 0.38515625 0.8921875 0.028125 0.01875
1 0.1078125 0.9421875 0.034375 0.021875
1 0.4640625 0.50078125 0.03125 0.0203125
1 0.7359375 0.54375 0.03125 0.021875
1 0.18203125 0.46171875 0.028125 0.0140625
1 0.43671875 0.43125 0.0296875 0.01875
1 0.25234375 0.55390625 0.03125 0.0234375
1 0.565625 0.37265625 0.028125 0.015625
0 0.18046875 0.140625 0.0296875 0.0203125
1 0.10390625 0.36953125 0.028125 0.0140625
1 0.9703125 0.36953125 0.028125 0.0171875
0 0.77734375 0.77890625 0.028125 0.0203125
1 0.85546875 0.3390625 0.028125 0.0171875
1 0.1484375 0.94765625 0.034375 0.0296875
1 0.34140625 0.3796875 0.028125 0.015625
1 0.90546875 0.328125 0.028125 0.0140625
1 0.3890625 0.43203125 0.03125 0.0171875
1 0.80390625 0.915625 0.03125 0.0234375
1 0.69921875 0.46171875 0.0296875 0.01875
0 0.20703125 0.18671875 0.03125 0.021875
1 0.66015625 0.4390625 0.028125 0.0171875
1 0.70390625 0.4453125 0.0296875 0.0171875
1 0.15234375 0.8890625 0.028125 0.0171875
1 0.17890625 0.90625 0.0296875 0.0203125
1 0.421875 0.346875 0.0265625 0.0171875
0 0.18125 0.15859375 0.0296875 0.0203125
1 0.196875 0.403125 0.028125 0.0171875
1 0.68515625 0.446875 0.0296875 0.01875
1 0.3828125 0.37890625 0.028125 0.0171875
1 0.88828125 0.303125 0.028125 0.0171875
1 0.7265625 0.4875 0.0296875 0.0171875
0 0.80390625 0.17265625 0.028125 0.0171875
1 0.39375 0.315625 0.0265625 0.015625
1 0.171875 0.93203125 0.0328125 0.0265625
0 0.8671875 0.11484375 0.0296875 0.0203125
1 0.703125 0.4203125 0.03125 0.0234375
1 0.0703125 0.38359375 0.028125 0.0171875
1 0.65546875 0.28125 0.0265625 0.0140625
1 0.3515625 0.903125 0.028125 0.0140625
0 0.2296875 0.18671875 0.0296875 0.0203125
1 0.72734375 0.51015625 0.03125 0.01875
1 0.1296875 0.96953125 0.03125 0.0203125
1 0.48203125 0.48984375 0.03125 0.0203125
1 0.928125 0.340625 0.028125 0.015625
2 0.23671875 0.21875 0.1046875 0.0609375
0 0.24375 0.21796875 0.028125 0.0140625
1 0.00859375 0.42421875 0.0171875 0.0171875
0 0.2140625 0.15 0.0296875 0.0203125
0 0.82109375 0.20703125 0.028125 0.015625
1 0.10625 0.9171875 0.03125 0.0234375
1 0.45 0.45 0.0296875 0.0203125
0 0.83828125 0.1609375 0.028125 0.0171875
1 0.775 0.95 0.034375 0.03125
1 0.36796875 0.30078125 0.028125 0.015625
1 0.2640625 0.50546875 0.0296875 0.0203125
0 0.12578125 0.1859375 0.03125 0.0234375
0 0.821875 0.1875 0.028125 0.0171875
1 0.1671875 0.90703125 0.0296875 0.0203125
1 0.8828125 0.28515625 0.0265625 0.0140625
1 0.1421875 0.28984375 0.0265625 0.0140625
1 0.08046875 0.37421875 0.028125 0.015625
1 0.4375 0.4484375 0.03125 0.0171875
1 0.3359375 0.90390625 0.0296875 0.0140625
0 0.340625 0.70625 0.028125 0.0203125
1 0.1828125 0.278125 0.025 0.0140625
1 0.54375 0.36484375 0.0265625 0.0140625
0 0.24140625 0.7953125 0.034375 0.0296875
1 0.61171875 0.40078125 0.028125 0.015625
1 0.35234375 0.3078125 0.028125 0.015625
0 0.76484375 0.74140625 0.0296875 0.01875
0 0.78515625 0.14140625 0.028125 0.0171875
1 0.58125 0.39140625 0.028125 0.0140625
1 0.34921875 0.353125 0.0296875 0.0140625
1 0.415625 0.3703125 0.028125 0.0171875
1 0.27109375 0.48828125 0.028125 0.0171875
1 0.940625 0.34296875 0.028125 0.0171875
1 0.95 0.35703125 0.028125 0.0171875
0 0.87734375 0.17109375 0.028125 0.01875
1 0.37734375 0.28515625 0.028125 0.015625
1 0.78515625 0.8859375 0.028125 0.0171875
1 0.121875 0.30703125 0.0296875 0.0171875
0 0.7828125 0.7953125 0.028125 0.0171875
1 0.38203125 0.58046875 0.0296875 0.0203125
1 0.98984375 0.36484375 0.0203125 0.0203125
1 0.83515625 0.32578125 0.028125 0.015625
1 0.4640625 0.53828125 0.03125 0.015625
1 0.528125 0.3765625 0.028125 0.0171875
1 0.6921875 0.43125 0.028125 0.0140625
1 0.8359375 0.290625 0.028125 0.0140625
1 0.59296875 0.6421875 0.0328125 0.0171875
1 0.13515625 0.89375 0.028125 0.0203125
1 0.5609375 0.35390625 0.028125 0.0171875
1 0.825 0.31953125 0.0296875 0.0140625
1 0.14765625 0.32578125 0.028125 0.0171875
1 0.82109375 0.3 0.0265625 0.0140625
1 0.1953125 0.38671875 0.028125 0.0171875
1 0.95078125 0.98515625 0.0359375 0.0296875
1 0.14140625 0.25546875 0.028125 0.0140625
1 0.69453125 0.38359375 0.028125 0.0203125
1 0.36640625 0.90234375 0.028125 0.015625
1 0.409375 0.27734375 0.028125 0.0140625
0 0.75703125 0.72734375 0.028125 0.0203125
1 0.3328125 0.34140625 0.028125 0.0140625
1 0.33515625 0.30546875 0.028125 0.015625
0 0.06953125 0.25546875 0.028125 0.015625
1 0.59140625 0.40859375 0.0265625 0.0171875
0 0.09296875 0.24765625 0.028125 0.0140625
1 0.0765625 0.35703125 0.028125 0.0140625
1 0.65234375 0.29921875 0.028125 0.015625
0 0.95625 0.23828125 0.028125 0.0140625
1 0.8640625 0.26484375 0.025 0.0140625
1 0.20546875 0.8640625 0.028125 0.0171875
1 0.90859375 0.29296875 0.028125 0.0140625
1 0.86484375 0.2953125 0.028125 0.0140625
1 0.17890625 0.875 0.0265625 0.0140625
1 0.3390625 0.353125 0.028125 0.0171875
1 0.38984375 0.26640625 0.0265625 0.0140625
1 0.21875 0.86875 0.025 0.0109375
1 0.725 0.459375 0.028125 0.015625
1 0.16171875 0.3265625 0.028125 0.0171875
1 0.85859375 0.32265625 0.028125 0.0140625
0 0.73828125 0.715625 0.028125 0.0171875
0 0.95703125 0.20859375 0.028125 0.0171875
0 0.23203125 0.81953125 0.028125 0.0171875
0 0.0765625 0.80625 0.028125 0.0171875
1 0.88125 0.2640625 0.0265625 0.0140625
1 0.3390625 0.265625 0.028125 0.0140625
1 0.175 0.3265625 0.028125 0.015625
1 0.1421875 0.86484375 0.025 0.0125
1 0.878125 0.24375 0.0265625 0.0140625
0 0.14296875 0.10625 0.03125 0.0203125
1 0.82265625 0.27734375 0.025 0.0109375
0 0.05390625 0.28515625 0.028125 0.0171875
1 0.728125 0.46953125 0.0296875 0.0140625
1 0.12578125 0.365625 0.028125 0.0140625
1 0.12578125 0.471875 0.028125 0.0203125
1 0.7359375 0.521875 0.03125 0.0171875
0 0.11015625 0.8140625 0.028125 0.0203125
1 0.6171875 0.26171875 0.025 0.0140625
1 0.6015625 0.98984375 0.0375 0.0203125
0 0.83125 0.1734375 0.0265625 0.015625
1 0.0828125 0.31953125 0.0265625 0.0140625
0 0.89375 0.83046875 0.028125 0.0203125
1 0.35625 0.2921875 0.028125 0.0140625
1 0.14765625 0.27734375 0.025 0.0125
0 0.07734375 0.275 0.028125 0.0140625
1 0.85390625 0.284375 0.028125 0.015625
1 0.4015625 0.85703125 0.0265625 0.0125
1 0.1703125 0.85703125 0.025 0.0125
1 0.215625 0.85546875 0.028125 0.0140625
1 0.16484375 0.27265625 0.028125 0.0125
1 0.35625 0.88828125 0.0265625 0.0140625
1 0.0546875 0.36484375 0.0265625 0.0140625
1 0.09296875 0.30546875 0.028125 0.0140625
1 0.57890625 0.43984375 0.028125 0.0140625
1 0.828125 0.2515625 0.0265625 0.015625
1 0.61015625 0.6453125 0.0265625 0.0171875
1 0.8109375 0.2671875 0.025 0.0109375
1 0.4 0.2578125 0.028125 0.0140625
4 0.53359375 0.8640625 0.0640625 0.0640625
1 0.34609375 0.3 0.028125 0.0140625
1 0.33359375 0.33046875 0.0265625 0.0125
1 0.01328125 0.39453125 0.0265625 0.0171875
1 0.46015625 0.34375 0.028125 0.015625
1 0.065625 0.35234375 0.0265625 0.0140625
1 0.44140625 0.8625 0.0265625 0.0140625
1 0.975 0.34765625 0.028125 0.015625
1 0.9078125 0.27578125 0.028125 0.015625
1 0.56484375 0.25859375 0.025 0.0140625
1 0.51484375 0.28984375 0.025 0.0109375
1 0.71640625 0.4296875 0.0296875 0.0140625
0 0.7890625 0.83203125 0.028125 0.0171875
1 0.64375 0.6484375 0.028125 0.0109375
0 0.9375 0.26171875 0.028125 0.0171875
1 0.478125 0.25703125 0.028125 0.0125
1 0.8640625 0.28359375 0.0296875 0.0140625
1 0.34765625 0.28359375 0.028125 0.0140625
1 0.52109375 0.89140625 0.0265625 0.0140625
1 0.9265625 0.98671875 0.0375 0.0265625
0 0.07578125 0.825 0.0265625 0.0140625
1 0.984375 0.35078125 0.028125 0.015625
0 0.26640625 0.23515625 0.0265625 0.0140625
1 0.14921875 0.840625 0.025 0.0140625
1 0.15859375 0.86015625 0.025 0.0140625
1 0.23203125 0.88203125 0.028125 0.0140625
1 0.65625 0.32109375 0.028125 0.0171875
1 0.66640625 0.34375 0.028125 0.0171875
4 0.45703125 0.5890625 0.1 0.1171875
1 0.40234375 0.8453125 0.025 0.0140625
1 0.28828125 0.81875 0.028125 0.0171875
1 0.015625 0.3609375 0.03125 0.0171875
1 0.2625 0.93359375 0.0296875 0.0265625
0 0.1046875 0.28203125 0.028125 0.0140625
0 0.90546875 0.753125 0.0265625 0.0171875
0 0.81328125 0.76015625 0.028125 0.01875
1 0.44296875 0.8765625 0.025 0.0109375
0 0.09921875 0.84375 0.028125 0.0171875
1 0.32421875 0.26328125 0.028125 0.0140625
1 0.56875 0.646875 0.0296875 0.0140625
0 0.88515625 0.83984375 0.0265625 0.0140625
1 0.6828125 0.36953125 0.025 0.0140625
0 0.96015625 0.2546875 0.028125 0.0171875
1 0.125 0.99375 0.0328125 0.0125
1 0.32578125 0.30625 0.03125 0.015625
0 0.853125 0.8296875 0.03125 0.0203125
1 0.90078125 0.24375 0.0265625 0.0140625
0 0.91796875 0.2546875 0.028125 0.0171875