3 0.846875 0.32421875 0.0734375 0.0796875
4 0.30546875 0.859375 0.096875 0.096875
3 0.82109375 0.83046875 0.06875 0.065625
3 0.409375 0.45390625 0.109375 0.115625
1 0.68125 0.478125 0.0171875 0.0203125
1 0.33359375 0.490625 0.015625 0.021875
1 0.00625 0.4765625 0.0125 0.01875
1 0.971875 0.4125 0.015625 0.0171875
4 0.134375 0.42890625 0.075 0.0890625
1 0.59296875 0.4484375 0.015625 0.0171875
1 0.19375 0.565625 0.01875 0.0234375
1 0.61796875 0.45078125 0.015625 0.0171875
3 0.64609375 0.85 0.1109375 0.1015625
1 0.8703125 0.5828125 0.0203125 0.01875
1 0.62109375 0.40390625 0.0140625 0.015625
1 0.8375 0.884375 0.0171875 0.021875
1 0.709375 0.43046875 0.015625 0.0171875
1 0.78984375 0.86484375 0.0140625 0.015625
4 0.91171875 0.32421875 0.0671875 0.0828125
1 0.30234375 0.48359375 0.015625 0.01875
1 0.546875 0.478125 0.015625 0.0171875
1 0.084375 0.46171875 0.015625 0.01875
1 0.2796875 0.8953125 0.0171875 0.0203125
1 0.44609375 0.55234375 0.01875 0.025
0 0.9671875 0.23125 0.021875 0.0234375
1 0.22734375 0.93125 0.021875 0.0265625
1 0.746875 0.884375 0.0171875 0.021875
1 0.26875 0.5125 0.015625 0.0203125
1 0.6796875 0.41875 0.0140625 0.0171875
0 0.8171875 0.13828125 0.0171875 0.0171875
1 0.8703125 0.55859375 0.01875 0.021875
1 0.08125 0.578125 0.0171875 0.0203125
1 0.37890625 0.88515625 0.0203125 0.025
1 0.4859375 0.4625 0.0140625 0.015625
0 0.83046875 0.21328125 0.0171875 0.0203125
1 0.92734375 0.4296875 0.015625 0.01875
2 0.24140625 0.23125 0.096875 0.046875
1 0.215625 0.58671875 0.0171875 0.01875
2 0.7671875 0.215625 0.09375 0.059375
1 0.3515625 0.36953125 0.0125 0.015625
1 0.28671875 0.4921875 0.015625 0.01875
1 0.8921875 0.87265625 0.015625 0.0171875
0 0.83671875 0.11875 0.01875 0.0203125
1 0.44609375 0.384375 0.0140625 0.015625
1 0.93203125 0.8828125 0.015625 0.0203125
1 0.99296875 0.47734375 0.0140625 0.0203125
1 0.69609375 0.35 0.0140625 0.0140625
1 0.52890625 0.4234375 0.015625 0.0171875
0 0.82109375 0.1546875 0.0171875 0.01875
1 0.4640625 0.46015625 0.015625 0.01875
0 0.98125 0.28359375 0.021875 0.021875
1 0.08203125 0.440625 0.0171875 0.0171875
1 0.33828125 0.346875 0.0125 0.0140625
1 0.8734375 0.9171875 0.0203125 0.028125
1 0.97734375 0.3828125 0.015625 0.015625
1 0.46484375 0.4890625 0.0171875 0.0203125
1 0.690625 0.325 0.0140625 0.015625
1 0.5359375 0.64140625 0.015625 0.0171875
1 0.9546875 0.4734375 0.015625 0.0125
1 0.61953125 0.42734375 0.015625 0.015625
1 0.6140625 0.903125 0.0171875 0.0125
1 0.60234375 0.43359375 0.015625 0.0171875
1 0.4953125 0.34296875 0.0140625 0.0140625
1 0.72421875 0.8703125 0.0171875 0.01875
1 0.540625 0.36484375 0.0140625 0.0171875
1 0.76796875 0.4203125 0.015625 0.01875
1 0.54765625 0.4453125 0.015625 0.0171875
1 0.30546875 0.4359375 0.015625 0.0171875
1 0.62421875 0.38125 0.0140625 0.015625
1 0.6828125 0.89765625 0.01875 0.0171875
1 0.03046875 0.425 0.015625 0.015625
1 0.159375 0.46328125 0.015625 0.01875
1 0.6390625 0.41875 0.015625 0.0171875
1 0.590625 0.378125 0.0140625 0.0140625
1 0.51640625 0.4390625 0.015625 0.0171875
1 0.1125 0.93984375 0.021875 0.0296875
1 0.45234375 0.409375 0.0140625 0.0171875
1 0.7125 0.8515625 0.0140625 0.015625
1 0.67578125 0.39453125 0.015625 0.01875
1 0.196875 0.9140625 0.0203125 0.0265625
1 0.5578125 0.3890625 0.0140625 0.0171875
1 0.45390625 0.36640625 0.0140625 0.015625
1 0.39140625 0.353125 0.0125 0.0140625
1 0.46640625 0.321875 0.0125 0.0140625
1 0.328125 0.36796875 0.0125 0.0140625
1 0.4859375 0.4828125 0.0125 0.015625
1 0.4765625 0.3453125 0.0125 0.015625
1 0.31484375 0.38515625 0.0125 0.015625
1 0.9046875 0.91484375 0.01875 0.028125
0 0.94140625 0.15625 0.021875 0.0265625
1 0.925 0.54140625 0.0140625 0.0171875
1 0.625 0.55703125 0.0171875 0.0203125
0 0.7921875 0.16796875 0.0171875 0.021875
0 0.78203125 0.21796875 0.0171875 0.0171875
1 0.53515625 0.615625 0.01875 0.01875
0 0.90859375 0.115625 0.021875 0.0234375
1 0.23203125 0.965625 0.025 0.0375
1 0.49765625 0.41640625 0.015625 0.0171875
0 0.85078125 0.109375 0.0171875 0.0203125
1 0.2984375 0.42265625 0.0140625 0.0140625
1 0.7171875 0.34375 0.015625 0.0171875
1 0.275 0.48828125 0.0171875 0.0171875
1 0.6625 0.4578125 0.015625 0.0203125
1 0.259375 0.8875 0.015625 0.01875
1 0.8296875 0.6375 0.015625 0.0203125
1 0.5046875 0.39765625 0.0140625 0.015625
1 0.62421875 0.3265625 0.0125 0.0140625
1 0.5703125 0.396875 0.015625 0.0171875
1 0.84140625 0.615625 0.0125 0.0171875
1 0.528125 0.3984375 0.015625 0.015625
1 0.421875 0.36953125 0.0125 0.0125
1 0.05078125 0.45703125 0.015625 0.0171875
1 0.5453125 0.42421875 0.0140625 0.0140625
1 0.05625 0.4421875 0.015625 0.0171875
1 0.7765625 0.834375 0.0109375 0.0109375
1 0.07734375 0.4046875 0.015625 0.015625
1 0.109375 0.9109375 0.01875 0.0171875
1 0.01484375 0.4125 0.0140625 0.0140625
1 0.58828125 0.3921875 0.015625 0.0140625
1 0.72421875 0.8859375 0.015625 0.015625
1 0.68828125 0.38125 0.0140625 0.015625
1 0.2953125 0.45 0.0140625 0.0125
1 0.528125 0.89375 0.0203125 0.0234375
1 0.10078125 0.99765625 0.01875 0.0046875
1 0.5671875 0.35703125 0.0140625 0.015625
1 0.6640625 0.378125 0.0171875 0.0171875
1 0.7625 0.83515625 0.0125 0.0109375
1 0.54296875 0.4046875 0.0171875 0.015625
1 0.721875 0.90078125 0.0171875 0.0109375
1 0.915625 0.9828125 0.0234375 0.01875
1 0.096875 0.89765625 0.0171875 0.021875
1 0.74765625 0.83671875 0.0109375 0.0109375
0 0.8671875 0.096875 0.01875 0.0234375
1 0.54140625 0.46015625 0.0140625 0.0140625
1 0.1640625 0.31328125 0.0140625 0.015625
1 0.08828125 0.3796875 0.0140625 0.015625
1 0.53828125 0.39375 0.0140625 0.015625
1 0.5921875 0.4203125 0.015625 0.01875
1 0.1640625 0.98203125 0.0265625 0.0359375
1 0.5140625 0.38515625 0.015625 0.0171875
1 0.2984375 0.46015625 0.015625 0.015625
1 0.13359375 0.884375 0.01875 0.0203125
1 0.51875 0.303125 0.0140625 0.0125
1 0.4828125 0.41484375 0.015625 0.01875
1 0.5375 0.43515625 0.0140625 0.015625
1 0.67265625 0.34375 0.0140625 0.0140625
1 0.56640625 0.3421875 0.0140625 0.0140625
1 0.05859375 0.4046875 0.015625 0.0140625
1 0.15625 0.3375 0.0125 0.0140625
1 0.5296875 0.38359375 0.0140625 0.0125
1 0.27890625 0.46328125 0.0125 0.0125
1 0.4828125 0.30546875 0.0125 0.0125
1 0.57578125 0.29296875 0.0125 0.0125
1 0.5140625 0.36953125 0.0140625 0.0125
1 0.496875 0.3734375 0.015625 0.0140625
1 0.64921875 0.3875 0.0171875 0.015625
1 0.1765625 0.95078125 0.01875 0.0203125
1 0.125 0.99296875 0.0265625 0.0140625
1 0.58203125 0.34765625 0.015625 0.0140625
1 0.1671875 0.884375 0.015625 0.01875
1 0.52578125 0.3484375 0.015625 0.0140625
1 0.875 0.37578125 0.0140625 0.0125
1 0.56171875 0.3046875 0.0125 0.0125
1 0.578125 0.8453125 0.0140625 0.0140625
1 0.6546875 0.35703125 0.0140625 0.015625
1 0.07421875 0.38203125 0.0125 0.0140625
1 0.59921875 0.8390625 0.0125 0.015625
1 0.559375 0.3453125 0.015625 0.015625
1 0.5046875 0.38203125 0.0140625 0.0140625
1 0.5765625 0.3640625 0.0140625 0.015625
1 0.27265625 0.46953125 0.0140625 0.0140625
1 0.06640625 0.440625 0.0171875 0.015625
1 0.21875 0.89921875 0.0171875 0.0203125
1 0.634375 0.32890625 0.0140625 0.0140625
1 0.6109375 0.3484375 0.015625 0.015625
1 0.94921875 0.3390625 0.0140625 0.015625
1 0.43203125 0.34921875 0.0125 0.0125
0 0.2265625 0.1859375 0.015625 0.0171875
1 0.296875 0.90859375 0.015625 0.0109375
4 0.87734375 0.83046875 0.0671875 0.071875
1 0.078125 0.88046875 0.0171875 0.0171875
1 0.18828125 0.9828125 0.028125 0.034375
1 0.60859375 0.36328125 0.0140625 0.015625
1 0.090625 0.428125 0.0140625 0.0125
1 0.11171875 0.346875 0.0140625 0.0140625
1 0.0328125 0.39609375 0.015625 0.0140625
1 0.4703125 0.85390625 0.0109375 0.0109375
1 0.5734375 0.38203125 0.015625 0.0140625
1 0.91796875 0.43515625 0.0109375 0.015625
1 0.1109375 0.88046875 0.015625 0.0140625
1 0.49765625 0.30625 0.0140625 0.0140625
1 0.00546875 0.565625 0.0109375 0.03125
1 0.46015625 0.8546875 0.0125 0.0109375
1 0.74921875 0.63984375 0.015625 0.0125
1 0.97734375 0.94609375 0.01875 0.0296875
1 0.975 0.98046875 0.021875 0.021875
1 0.1484375 0.325 0.015625 0.015625
1 0.67578125 0.37734375 0.015625 0.0171875
0 0.575 0.78046875 0.0140625 0.015625
1 0.13125 0.32734375 0.0140625 0.0140625
1 0.06328125 0.4140625 0.0125 0.0109375
1 0.9109375 0.86328125 0.0140625 0.0140625
1 0.05078125 0.39140625 0.0140625 0.0140625
1 0.178125 0.8859375 0.0171875 0.0203125
1 0.06796875 0.40546875 0.0140625 0.0140625
1 0.10390625 0.4390625 0.0109375 0.0109375