0 0.06796875 0.12890625 0.0125 0.021875
0 0.0265625 0.20625 0.0140625 0.021875
0 0.05546875 0.1734375 0.01328125 0.02109375
4 0.09375 0.46015625 0.08359375 0.10390625
0 0.0953125 0.21171875 0.01015625 0.01875
0 0.1140625 0.14140625 0.0109375 0.0171875
3 0.09296875 0.3546875 0.0765625 0.08125
0 0.784375 0.16953125 0.0078125 0.01484375
0 0.2265625 0.17890625 0.0109375 0.01796875
0 0.7796875 0.04609375 0.01015625 0.01796875
0 0.1859375 0.121875 0.01171875 0.01796875
0 0.146875 0.10703125 0.01015625 0.01640625
4 0.95078125 0.496875 0.0984375 0.1265625
0 0.78125 0.14375 0.01015625 0.0203125
4 0.57265625 0.8625 0.078125 0.1015625
0 0.00546875 0.30078125 0.0109375 0.01953125
0 0.24140625 0.18828125 0.01015625 0.01875
1 0.3015625 0.43125 0.01015625 0.01875
0 0.72578125 0.20703125 0.01015625 0.0171875
0 0.0953125 0.17578125 0.01015625 0.01640625
0 0.2375 0.22421875 0.01015625 0.0140625
0 0.125 0.07109375 0.0109375 0.01875
0 0.78671875 0.0234375 0.01171875 0.0171875
0 0.1015625 0.16015625 0.01015625 0.015625
0 0.09140625 0.25234375 0.00859375 0.0125
0 0.2125 0.1265625 0.0109375 0.01796875
1 0.90234375 0.353125 0.009375 0.01484375
0 0.22421875 0.78984375 0.01953125 0.03125
1 0.3234375 0.37734375 0.0078125 0.0171875
1 0.95234375 0.4015625 0.01171875 0.0171875
1 0.74296875 0.5671875 0.0140625 0.02421875
0 0.7546875 0.76796875 0.00703125 0.01484375
1 0.73046875 0.50390625 0.0125 0.01953125
1 0.64453125 0.3703125 0.00859375 0.01484375
1 0.3546875 0.35234375 0.0078125 0.01484375
3 0.12109375 0.84140625 0.0375 0.05078125
1 0.92109375 0.38046875 0.009375 0.01484375
1 0.62109375 0.3703125 0.00703125 0.0140625
0 0.27109375 0.2015625 0.00703125 0.0140625
4 0.3265625 0.8625 0.10078125 0.1015625
1 0.04453125 0.41796875 0.01015625 0.01640625
1 0.37734375 0.5796875 0.0140625 0.0234375
1 0.57734375 0.32109375 0.00859375 0.0125
1 0.68125 0.46640625 0.01015625 0.01875
0 0.23828125 0.70703125 0.01640625 0.02734375
0 0.7546875 0.1921875 0.00625 0.0125
1 0.8796875 0.86953125 0.01015625 0.0140625
0 0.16875 0.70859375 0.009375 0.01796875
1 0.3515625 0.3203125 0.00625 0.0109375
1 0.91796875 0.89296875 0.01171875 0.0171875
1 0.60859375 0.49765625 0.0109375 0.01875
1 0.2625 0.5265625 0.01171875 0.021875
1 0.9703125 0.40078125 0.0109375 0.0171875
1 0.128125 0.64453125 0.0140625 0.0171875
1 0.68984375 0.58828125 0.0125 0.02109375
1 0.69375 0.50703125 0.0109375 0.01484375
1 0.640625 0.45859375 0.01015625 0.01796875
1 0.5640625 0.38984375 0.01015625 0.0171875
1 0.05 0.92578125 0.015625 0.0296875
1 0.58359375 0.35078125 0.00703125 0.0140625
1 0.65234375 0.40546875 0.01015625 0.01484375
1 0.61875 0.55625 0.01328125 0.0203125
0 0.1515625 0.06015625 0.01171875 0.0171875
1 0.496875 0.39453125 0.01015625 0.01640625
0 0.06484375 0.1265625 0.0125 0.0234375
0 0.77890625 0.0046875 0.009375 0.009375
1 0.740625 0.52109375 0.0125 0.0203125
1 0.9203125 0.91796875 0.01171875 0.01953125
1 0.66015625 0.48828125 0.0125 0.01875
1 0.1421875 0.57578125 0.0140625 0.02421875
1 0.59921875 0.43984375 0.00859375 0.0140625
1 0.6671875 0.390625 0.00859375 0.01484375
1 0.87421875 0.92109375 0.0140625 0.02265625
1 0.8859375 0.34921875 0.009375 0.01328125
1 0.56796875 0.3171875 0.0078125 0.01171875
1 0.68125 0.41796875 0.00859375 0.01328125
1 0.54453125 0.3328125 0.0078125 0.01328125
1 0.55390625 0.43359375 0.009375 0.0140625
1 0.646875 0.5609375 0.0125 0.02109375
1 0.821875 0.8421875 0.00625 0.01171875
1 0.71640625 0.509375 0.01328125 0.01796875
1 0.58359375 0.4421875 0.01015625 0.01484375
1 0.9046875 0.915625 0.01328125 0.02265625
0 0.809375 0.009375 0.01015625 0.01875
1 0.60859375 0.52109375 0.01171875 0.02109375
1 0.33671875 0.4109375 0.00703125 0.0125
1 0.86640625 0.359375 0.00625 0.01015625
1 0.596875 0.45703125 0.00859375 0.015625
1 0.6296875 0.47578125 0.0109375 0.01953125
1 0.85078125 0.88203125 0.0078125 0.0140625
1 0.85546875 0.31875 0.0078125 0.01328125
1 0.65625 0.615625 0.0109375 0.015625
1 0.140625 0.33359375 0.01015625 0.0140625
1 0.953125 0.928125 0.0140625 0.0203125
1 0.9390625 0.37265625 0.01015625 0.02109375
1 0.3359375 0.40703125 0.009375 0.015625
1 0.065625 0.96640625 0.0203125 0.03984375
1 0.14921875 0.6484375 0.01171875 0.0109375
1 0.48046875 0.3859375 0.009375 0.0140625
1 0.865625 0.3375 0.0078125 0.01328125
1 0.89375 0.8859375 0.0125 0.01953125
2 0.7703125 0.21796875 0.0859375 0.06015625
3 0.640625 0.8578125 0.0609375 0.08984375
1 0.8421875 0.8984375 0.01328125 0.02109375
1 0.72265625 0.46171875 0.0078125 0.01875
0 0.7609375 0.73046875 0.00703125 0.01328125
1 0.7125 0.4640625 0.0109375 0.0171875
1 0.5515625 0.3171875 0.00859375 0.0109375
1 0.621875 0.4359375 0.009375 0.01796875
1 0.69375 0.5484375 0.0140625 0.01953125
1 0.69609375 0.57109375 0.01171875 0.01953125
1 0.64453125 0.39375 0.00859375 0.01640625
1 0.64453125 0.43828125 0.01015625 0.0171875
1 0.4828125 0.3140625 0.00703125 0.0125
1 0.62265625 0.33515625 0.00859375 0.0140625
1 0.928125 0.33984375 0.0078125 0.01171875
1 0.5484375 0.44765625 0.01015625 0.01796875
1 0.3703125 0.32578125 0.00703125 0.0125
1 0.80625 0.86015625 0.00859375 0.0140625
0 0.74453125 0.7171875 0.01015625 0.01484375
1 0.42890625 0.3046875 0.0078125 0.0125
1 0.61015625 0.43984375 0.00859375 0.01640625
1 0.58203125 0.30625 0.00703125 0.009375
1 0.5859375 0.38984375 0.009375 0.01640625
1 0.0609375 0.41953125 0.01015625 0.01484375
1 0.9203125 0.94375 0.0109375 0.01796875
1 0.1828125 0.6265625 0.01328125 0.01953125
1 0.6453125 0.52890625 0.01171875 0.021875
1 0.65390625 0.50625 0.01015625 0.015625
1 0.08125 0.875 0.009375 0.01796875
3 0.21171875 0.8875 0.15546875 0.171875
3 0.73671875 0.87734375 0.128125 0.14296875