2 0.7859375 0.2390625 0.0984375 0.071875
0 0.2984375 0.1828125 0.01875 0.0203125
0 0.25390625 0.13046875 0.0171875 0.01875
4 0.66875 0.29609375 0.084375 0.103125
0 0.25078125 0.2015625 0.01875 0.015625
1 0.2984375 0.40234375 0.01875 0.01875
3 0.76796875 0.871875 0.05625 0.05
2 0.265625 0.18671875 0.1015625 0.0625
0 0.24296875 0.1171875 0.01875 0.01875
1 0.0359375 0.3875 0.0203125 0.0171875
1 0.7140625 0.440625 0.01875 0.015625
1 0.834375 0.33359375 0.0171875 0.0140625
1 0.1796875 0.36171875 0.01875 0.01875
1 0.84609375 0.33515625 0.0171875 0.0140625
1 0.6890625 0.40703125 0.01875 0.0171875
1 0.1765625 0.2515625 0.0171875 0.0171875
0 0.09375 0.20625 0.01875 0.015625
1 0.23359375 0.85625 0.0171875 0.0140625
1 0.42578125 0.26015625 0.015625 0.0125
1 0.865625 0.3765625 0.0171875 0.015625
1 0.3140625 0.534375 0.0234375 0.0234375
1 0.4046875 0.25 0.0140625 0.009375
1 0.28125 0.86484375 0.0125 0.0109375
1 0.0671875 0.35234375 0.01875 0.015625
1 0.0625 0.38515625 0.0203125 0.01875
1 0.64296875 0.3453125 0.0171875 0.0140625
1 0.04296875 0.32890625 0.01875 0.015625
1 0.4046875 0.3875 0.01875 0.01875
1 0.55546875 0.3828125 0.01875 0.0171875
1 0.17578125 0.359375 0.01875 0.0140625
1 0.421875 0.29609375 0.0171875 0.0140625
1 0.3265625 0.35703125 0.01875 0.0171875
1 0.10859375 0.28359375 0.01875 0.0140625
1 0.53984375 0.596875 0.0234375 0.028125
1 0.4421875 0.2734375 0.015625 0.0140625
1 0.6171875 0.37734375 0.0171875 0.015625
1 0.43515625 0.42109375 0.01875 0.0171875
1 0.3109375 0.41796875 0.0203125 0.0203125
1 0.68828125 0.35859375 0.01875 0.0171875
1 0.9328125 0.37109375 0.0171875 0.015625
1 0.4578125 0.33359375 0.0171875 0.0140625
1 0.08671875 0.30078125 0.0171875 0.0140625
1 0.40078125 0.3265625 0.0125 0.0078125
0 0.3984375 0.70546875 0.01875 0.0140625
1 0.63203125 0.340625 0.0203125 0.0171875
1 0.62109375 0.45 0.01875 0.01875
1 0.50859375 0.30859375 0.0171875 0.015625
1 0.396875 0.4140625 0.01875 0.01875
1 0.35078125 0.3671875 0.0171875 0.015625
1 0.90625 0.371875 0.0171875 0.0140625
0 0.40546875 0.8140625 0.021875 0.021875
1 0.496875 0.64296875 0.0171875 0.015625
1 0.121875 0.321875 0.0171875 0.015625
1 0.390625 0.38984375 0.01875 0.0171875
1 0.51640625 0.33515625 0.0171875 0.015625
0 0.20390625 0.71796875 0.021875 0.025
1 0.515625 0.26171875 0.015625 0.0125
1 0.859375 0.30078125 0.0171875 0.0140625
1 0.4109375 0.428125 0.0203125 0.0203125
1 0.44765625 0.3703125 0.01875 0.015625
1 0.94921875 0.3640625 0.01875 0.0203125
1 0.30234375 0.40390625 0.015625 0.015625
1 0.721875 0.32265625 0.0203125 0.0203125
1 0.2703125 0.421875 0.01875 0.01875
1 0.32890625 0.4703125 0.0203125 0.0203125
1 0.696875 0.37421875 0.01875 0.01875
1 0.70859375 0.421875 0.01875 0.0171875
1 0.89296875 0.95546875 0.0234375 0.0265625
1 0.41796875 0.33671875 0.0171875 0.0109375
1 0.684375 0.37421875 0.0171875 0.015625
1 0.490625 0.43671875 0.0203125 0.01875
1 0.409375 0.31484375 0.0171875 0.0171875
0 0.18984375 0.03515625 0.0234375 0.025
0 0.23046875 0.096875 0.0171875 0.0171875
0 0.2484375 0.80078125 0.0203125 0.01875
1 0.1375 0.4265625 0.021875 0.01875
1 0.5234375 0.3765625 0.01875 0.015625
1 0.91796875 0.37265625 0.0171875 0.0140625
1 0.9203125 0.35546875 0.0171875 0.0171875
0 0.27421875 0.14765625 0.0140625 0.0125
1 0.12265625 0.2671875 0.0171875 0.015625
1 0.6359375 0.3609375 0.0203125 0.015625
1 0.38046875 0.89609375 0.01875 0.0140625
1 0.30859375 0.38046875 0.01875 0.0171875
1 0.91484375 0.96484375 0.0203125 0.021875
1 0.38984375 0.346875 0.01875 0.015625
1 0.4671875 0.43671875 0.0203125 0.01875
1 0.16328125 0.25859375 0.0171875 0.0125
4 0.0875 0.49453125 0.1015625 0.1046875
1 0.0296875 0.35390625 0.0171875 0.0125
1 0.05078125 0.35859375 0.01875 0.015625
1 0.48359375 0.35703125 0.0171875 0.015625
1 0.79453125 0.9 0.0171875 0.0125
1 0.49765625 0.49765625 0.021875 0.0203125
1 0.484375 0.45859375 0.0203125 0.01875
1 0.165625 0.28671875 0.015625 0.0140625
1 0.44453125 0.32109375 0.0171875 0.0125
1 0.91328125 0.3375 0.0171875 0.0140625
1 0.34921875 0.371875 0.0203125 0.01875
1 0.66328125 0.35234375 0.01875 0.0125
1 0.61875 0.4515625 0.01875 0.0171875
1 0.61640625 0.33046875 0.01875 0.015625
1 0.12890625 0.4875 0.015625 0.015625
1 0.1515625 0.2953125 0.01875 0.0140625
1 0.8625 0.9125 0.0171875 0.0140625
1 0.459375 0.353125 0.015625 0.0140625
1 0.2125 0.84609375 0.0140625 0.0125
1 0.26875 0.86875 0.015625 0.0125
1 0.303125 0.83984375 0.01875 0.0171875
1 0.46640625 0.27109375 0.015625 0.0125
1 0.14453125 0.5359375 0.0171875 0.0171875
1 0.15234375 0.2640625 0.015625 0.015625
1 0.0875 0.33828125 0.01875 0.015625
1 0.9375 0.35390625 0.0171875 0.0140625
1 0.49140625 0.34140625 0.01875 0.0140625
1 0.8046875 0.9 0.01875 0.0125
1 0.50625 0.3125 0.01875 0.0125
1 0.1109375 0.3 0.021875 0.0171875
1 0.9046875 0.9125 0.01875 0.0125
1 0.43671875 0.328125 0.0171875 0.015625
1 0.159375 0.41484375 0.0171875 0.0125
0 0.30234375 0.7625 0.021875 0.0203125
1 0.02734375 0.37265625 0.0171875 0.0171875
1 0.45703125 0.36953125 0.0171875 0.015625
1 0.825 0.35234375 0.015625 0.0109375
1 0.5015625 0.64453125 0.015625 0.0125
1 0.89140625 0.31015625 0.015625 0.015625
1 0.45625 0.41328125 0.0203125 0.01875
1 0.67109375 0.40625 0.0203125 0.0171875
3 0.2328125 0.559375 0.134375 0.1484375
1 0.40390625 0.36640625 0.0203125 0.0171875
1 0.09296875 0.28359375 0.01875 0.0171875
1 0.4953125 0.45859375 0.01875 0.01875
1 0.88125 0.32578125 0.01875 0.0140625
1 0.16875 0.42734375 0.0203125 0.01875
1 0.575 0.8375 0.015625 0.0125
1 0.13203125 0.265625 0.01875 0.0140625
1 0.871875 0.9984375 0.0140625 0.003125
1 0.4609375 0.48046875 0.0171875 0.0171875
1 0.53984375 0.42890625 0.01875 0.01875
1 0.3140625 0.32265625 0.0203125 0.0171875
1 0.55625 0.43046875 0.0203125 0.0171875
1 0.08125 0.590625 0.01875 0.0125
1 0.41953125 0.35078125 0.0171875 0.0140625
1 0.00546875 0.5296875 0.0109375 0.021875
1 0.91796875 0.94140625 0.0171875 0.009375
1 0.3625 0.346875 0.01875 0.015625
1 0.11015625 0.265625 0.01875 0.0125
1 0.47109375 0.33125 0.0171875 0.015625
1 0.33515625 0.38359375 0.0203125 0.015625
1 0.56171875 0.86171875 0.015625 0.0125