4 0.61796875 0.365625 0.075 0.08671875
3 0.0546875 0.47109375 0.08984375 0.10234375
4 0.77578125 0.83046875 0.059375 0.05703125
3 0.1296875 0.3109375 0.0609375 0.06640625
0 0.078125 0.2390625 0.0109375 0.01796875
3 0.33203125 0.32578125 0.05234375 0.071875
1 0.33203125 0.49140625 0.01171875 0.01953125
1 0.35546875 0.4671875 0.0109375 0.01875
1 0.6453125 0.4296875 0.01015625 0.0171875
0 0.796875 0.17734375 0.01015625 0.01875
2 0.77109375 0.22265625 0.084375 0.05390625
1 0.57109375 0.428125 0.0109375 0.01640625
1 0.38515625 0.39296875 0.009375 0.015625
1 0.3578125 0.39296875 0.00859375 0.015625
1 0.89453125 0.384375 0.009375 0.01640625
1 0.715625 0.56015625 0.0125 0.02265625
1 0.590625 0.45546875 0.009375 0.0140625
3 0.11171875 0.83125 0.04765625 0.0484375
1 0.3828125 0.521875 0.01328125 0.02265625
1 0.29609375 0.4890625 0.01171875 0.01953125
0 0.08125 0.21640625 0.01328125 0.02421875
1 0.55859375 0.43125 0.0109375 0.01640625
0 0.22265625 0.196875 0.0109375 0.01796875
0 0.1828125 0.21171875 0.01171875 0.0203125
1 0.70546875 0.4421875 0.0109375 0.0171875
1 0.7625 0.43984375 0.009375 0.01796875
1 0.91875 0.34296875 0.00859375 0.0140625
1 0.74375 0.859375 0.00859375 0.01640625
1 0.878125 0.3578125 0.009375 0.01484375
1 0.35 0.44609375 0.01015625 0.01796875
1 0.95234375 0.35625 0.01015625 0.01484375
1 0.3296875 0.45703125 0.01015625 0.0171875
1 0.68203125 0.621875 0.01328125 0.02109375
1 0.396875 0.4171875 0.0078125 0.0125
0 0.76953125 0.78125 0.00859375 0.0140625
1 0.08125 0.40078125 0.01015625 0.015625
1 0.95 0.3859375 0.01015625 0.0171875
1 0.15859375 0.3359375 0.00859375 0.01328125
1 0.2796875 0.478125 0.0109375 0.01796875
0 0.0984375 0.1796875 0.015625 0.0203125
4 0.81015625 0.44765625 0.10625 0.14453125
1 0.4796875 0.384375 0.00859375 0.01484375
1 0.56484375 0.40078125 0.009375 0.015625
1 0.33203125 0.615625 0.0140625 0.02265625
0 0.0796875 0.2625 0.01171875 0.01953125
1 0.79296875 0.6390625 0.01484375 0.02421875
0 0.0609375 0.41015625 0.01171875 0.0203125
1 0.3796875 0.62890625 0.0140625 0.021875
0 0.1609375 0.153125 0.01171875 0.01953125
0 0.18515625 0.16484375 0.01171875 0.01953125
1 0.1328125 0.3421875 0.00859375 0.01171875
1 0.80625 0.871875 0.009375 0.0171875
1 0.67734375 0.4375 0.01015625 0.01796875
0 0.2078125 0.19609375 0.01171875 0.01953125
1 0.98125 0.359375 0.01015625 0.015625
1 0.49765625 0.3296875 0.0078125 0.0140625
1 0.92421875 0.8703125 0.00859375 0.01640625
0 0.79765625 0.1296875 0.01015625 0.01640625
1 0.33125 0.42890625 0.0109375 0.0171875
0 0.7953125 0.22109375 0.009375 0.0140625
1 0.6328125 0.32109375 0.00703125 0.0125
0 0.79765625 0.1578125 0.0109375 0.01640625
0 0.1921875 0.1921875 0.0109375 0.021875
0 0.309375 0.7140625 0.0125 0.028125
1 0.1296875 0.38359375 0.00859375 0.01484375
0 0.08359375 0.13046875 0.01328125 0.021875
1 0.18828125 0.86640625 0.0078125 0.0140625
1 0.71484375 0.434375 0.01171875 0.01640625
1 0.06171875 0.90234375 0.01328125 0.02578125
1 0.159375 0.88203125 0.00859375 0.015625
0 0.32421875 0.7578125 0.01328125 0.02734375
1 0.37890625 0.35 0.0078125 0.0140625
0 0.13125 0.1296875 0.0125 0.01953125
1 0.6078125 0.31640625 0.00859375 0.01484375
1 0.41015625 0.34453125 0.01015625 0.0140625
1 0.209375 0.86640625 0.00859375 0.0140625
1 0.22109375 0.8546875 0.0078125 0.0125
1 0.18203125 0.36796875 0.00859375 0.0140625
1 0.69140625 0.41875 0.01015625 0.0171875
1 0.30234375 0.46796875 0.01015625 0.01640625
1 0.4484375 0.34609375 0.009375 0.01484375
1 0.0734375 0.99296875 0.01640625 0.01328125
0 0.33359375 0.809375 0.0140625 0.02421875
2 0.24375 0.22421875 0.09453125 0.05
0 0.2265625 0.16875 0.01015625 0.01875
1 0.725 0.4625 0.01015625 0.0171875
1 0.903125 0.8671875 0.0078125 0.01484375
1 0.4625 0.353125 0.009375 0.0140625
1 0.38984375 0.31875 0.00703125 0.0125
1 0.14140625 0.3875 0.00859375 0.015625
1 0.68515625 0.33984375 0.01015625 0.015625
1 0.32890625 0.64453125 0.0125 0.01640625
1 0.29296875 0.4546875 0.0109375 0.01328125
1 0.478125 0.32890625 0.009375 0.01484375
1 0.29375 0.43125 0.009375 0.01171875
1 0.17578125 0.35234375 0.009375 0.0140625
0 0.0734375 0.3078125 0.0109375 0.01875
1 0.13359375 0.8484375 0.00703125 0.0125
0 0.153125 0.03984375 0.0125 0.0203125
0 0.7578125 0.72421875 0.00859375 0.01640625
1 0.434375 0.30234375 0.00859375 0.01171875
1 0.08359375 0.84921875 0.01171875 0.0171875
1 0.42734375 0.4203125 0.009375 0.01484375
1 0.6609375 0.29765625 0.0078125 0.01171875
1 0.29296875 0.4421875 0.01015625 0.01328125
1 0.89140625 0.85859375 0.0078125 0.0140625
0 0.06171875 0.37421875 0.01015625 0.0171875
1 0.80859375 0.85234375 0.00859375 0.0125
1 0.71953125 0.44921875 0.01015625 0.0140625
1 0.684375 0.38203125 0.00859375 0.0125
1 0.65703125 0.4015625 0.00859375 0.01484375
1 0.42421875 0.35859375 0.00859375 0.01484375
1 0.0921875 0.33359375 0.0078125 0.01328125
1 0.46484375 0.34140625 0.00859375 0.0125
1 0.16484375 0.871875 0.00859375 0.01484375
1 0.7046875 0.4203125 0.01171875 0.01796875
1 0.30390625 0.4515625 0.01015625 0.01484375
1 0.15703125 0.84765625 0.0046875 0.009375
1 0.178125 0.60625 0.0125 0.01328125
1 0.38671875 0.3765625 0.009375 0.0140625
1 0.31640625 0.46328125 0.0109375 0.0171875
1 0.3234375 0.4453125 0.009375 0.0125
1 0.66484375 0.40546875 0.00859375 0.01484375
0 0.00859375 0.0328125 0.015625 0.021875
1 0.41015625 0.328125 0.01015625 0.01484375
1 0.35859375 0.30859375 0.0078125 0.0109375
0 0.1265625 0.0078125 0.01328125 0.015625
1 0.61484375 0.31953125 0.00703125 0.0125
4 0.546875 0.82109375 0.07421875 0.14296875
1 0.0734375 0.3484375 0.0109375 0.015625
1 0.4328125 0.3515625 0.00625 0.0109375
1 0.4234375 0.334375 0.00859375 0.0140625
1 0.85390625 0.871875 0.00546875 0.0125
1 0.74140625 0.83828125 0.00546875 0.01015625
1 0.3015625 0.415625 0.00703125 0.01484375
1 0.45703125 0.3359375 0.00859375 0.01640625
1 0.49296875 0.31953125 0.0078125 0.0125
1 0.3421875 0.4 0.009375 0.015625
1 0.346875 0.35625 0.0078125 0.0125
1 0.4328125 0.36796875 0.0078125 0.0125
1 0.1609375 0.30625 0.0078125 0.01328125
1 0.1890625 0.84609375 0.00625 0.01171875
1 0.19609375 0.8046875 0.0078125 0.01015625
1 0.41015625 0.371875 0.0109375 0.0140625
1 0.6765625 0.29921875 0.00703125 0.0109375
1 0.66328125 0.384375 0.01015625 0.01484375
1 0.56328125 0.41953125 0.00859375 0.0140625
1 0.68125 0.3953125 0.009375 0.015625
0 0.74296875 0.21796875 0.0109375 0.01484375
1 0.4359375 0.84609375 0.00625 0.0109375
1 0.19453125 0.85 0.00703125 0.0125
1 0.828125 0.3765625 0.00703125 0.01171875
0 0.7625 0.7515625 0.01015625 0.0125
1 0.0640625 0.353125 0.009375 0.015625
1 0.5765625 0.8453125 0.00703125 0.0140625
0 0.990625 0.028125 0.0125 0.01796875
0 0.175 0.0625 0.01171875 0.01796875
0 0.14609375 0.078125 0.0125 0.02109375
1 0.4328125 0.340625 0.00703125 0.0109375
0 0.8078125 0.077777778125 0.80234375 0.0736111109375 0.8 0.09444444375 0.80390625 0.09444444375 0.80859375 0.084722221875 0.8078125 0.077777778125
0 0.8 0.1 0.79921875 0.115277778125 0.80390625 0.1166666671875 0.8046875 0.102777778125 0.8 0.1
0 0.7671875 0.1166666671875 0.765625 0.127777778125 0.76953125 0.127777778125 0.77109375 0.11944444375 0.7671875 0.1166666671875