4 0.6109375 0.34765625 0.078125 0.0875
3 0.415625 0.290625 0.06171875 0.06171875
1 0.39609375 0.49375 0.01171875 0.01953125
1 0.446875 0.46484375 0.0109375 0.01875
1 0.8171875 0.584375 0.01328125 0.02109375
1 0.3046875 0.4890625 0.01171875 0.02109375
1 0.121875 0.5796875 0.0109375 0.01875
1 0.28359375 0.56484375 0.0125 0.0234375
1 0.59765625 0.42109375 0.01015625 0.01640625
1 0.6734375 0.49140625 0.01171875 0.0203125
0 0.93359375 0.2296875 0.01484375 0.02265625
1 0.46640625 0.5296875 0.0125 0.02265625
1 0.38984375 0.4640625 0.0109375 0.01796875
2 0.24765625 0.22578125 0.09453125 0.046875
1 0.96015625 0.39296875 0.0109375 0.01640625
1 0.840625 0.57890625 0.015625 0.02421875
1 0.56875 0.434375 0.009375 0.01328125
1 0.73359375 0.54921875 0.01328125 0.021875
1 0.7453125 0.4515625 0.01015625 0.0171875
1 0.1875 0.56640625 0.0125 0.0234375
1 0.26953125 0.5 0.01171875 0.021875
1 0.76171875 0.5125 0.01171875 0.021875
1 0.46875 0.35546875 0.00859375 0.01484375
1 0.4578125 0.43515625 0.01015625 0.01796875
2 0.76953125 0.2203125 0.08359375 0.059375
1 0.05546875 0.4828125 0.01015625 0.01875
1 0.69921875 0.31953125 0.01015625 0.015625
1 0.48671875 0.4359375 0.0109375 0.01796875
1 0.30625 0.41640625 0.009375 0.01640625
0 0.94453125 0.28203125 0.0140625 0.025
1 0.7265625 0.50234375 0.01171875 0.01953125
4 0.65234375 0.865625 0.1203125 0.12265625
1 0.2734375 0.55625 0.0125 0.0203125
1 0.4921875 0.421875 0.009375 0.015625
1 0.4484375 0.5625 0.0125 0.0234375
1 0.61171875 0.44296875 0.01015625 0.0171875
1 0.75703125 0.53984375 0.01171875 0.02109375
1 0.61328125 0.5296875 0.0125 0.021875
1 0.32421875 0.3859375 0.00859375 0.01640625
0 0.92421875 0.19765625 0.01328125 0.02265625
1 0.64375 0.42734375 0.01015625 0.01640625
1 0.4859375 0.38203125 0.009375 0.015625
1 0.4 0.43046875 0.01015625 0.0171875
1 0.4328125 0.903125 0.0125 0.0125
1 0.5078125 0.32109375 0.0078125 0.01328125
1 0.23359375 0.62890625 0.01328125 0.02265625
0 0.8765625 0.14375 0.01328125 0.0203125
1 0.0109375 0.40546875 0.009375 0.01484375
0 0.83984375 0.13828125 0.0125 0.02109375
4 0.24609375 0.9125 0.15 0.16953125
0 0.8109375 0.18515625 0.01171875 0.01875
0 0.90234375 0.16015625 0.0140625 0.02109375
1 0.4359375 0.42890625 0.009375 0.0140625
1 0.85546875 0.63125 0.01484375 0.0234375
1 0.45234375 0.41875 0.009375 0.0140625
1 0.5546875 0.35546875 0.0078125 0.01484375
1 0.67421875 0.465625 0.01171875 0.01875
1 0.9 0.3515625 0.009375 0.015625
3 0.13359375 0.8921875 0.109375 0.14375
1 0.3890625 0.88515625 0.01015625 0.01953125
1 0.68203125 0.3328125 0.009375 0.01484375
1 0.8578125 0.90859375 0.015625 0.02734375
1 0.25859375 0.6125 0.01328125 0.02265625
1 0.13203125 0.6421875 0.01328125 0.02265625
1 0.38046875 0.86953125 0.00859375 0.015625
1 0.39375 0.44609375 0.01015625 0.01640625
1 0.1875 0.39765625 0.009375 0.01640625
1 0.3890625 0.325 0.009375 0.0140625
1 0.67265625 0.3578125 0.0078125 0.015625
0 0.82265625 0.1734375 0.01171875 0.01953125
1 0.640625 0.38828125 0.01015625 0.015625
1 0.49921875 0.38515625 0.01015625 0.0171875
0 0.85859375 0.11796875 0.0125 0.0203125
1 0.6921875 0.40625 0.01171875 0.01484375
1 0.059375 0.40546875 0.01015625 0.01640625
1 0.4640625 0.5953125 0.01015625 0.01171875
1 0.33046875 0.35 0.00703125 0.01328125
1 0.6203125 0.4265625 0.01015625 0.0171875
1 0.2046875 0.4265625 0.00703125 0.015625
1 0.4296875 0.8875 0.01328125 0.02265625
1 0.184375 0.30625 0.00859375 0.01328125
1 0.3671875 0.37578125 0.00859375 0.015625
1 0.08203125 0.4 0.009375 0.015625
1 0.41640625 0.89453125 0.01328125 0.0203125
1 0.56796875 0.33671875 0.0078125 0.0140625
1 0.59453125 0.4578125 0.0078125 0.01640625
1 0.153125 0.33984375 0.009375 0.01484375
0 0.77421875 0.18671875 0.0109375 0.01796875
1 0.3484375 0.3890625 0.01015625 0.01484375
1 0.8875 0.89765625 0.0125 0.01953125
1 0.853125 0.88359375 0.0078125 0.01640625
1 0.65390625 0.365625 0.00703125 0.01328125
1 0.0609375 0.6484375 0.009375 0.01640625
1 0.9234375 0.3484375 0.01015625 0.0140625
1 0.62265625 0.396875 0.0109375 0.01640625
1 0.7359375 0.521875 0.0125 0.0203125
1 0.9234375 0.3296875 0.01015625 0.01484375
1 0.66796875 0.39296875 0.00859375 0.015625
1 0.0046875 0.48203125 0.0078125 0.01484375
1 0.07265625 0.403125 0.009375 0.01484375
1 0.81171875 0.6359375 0.01328125 0.02421875
1 0.1328125 0.3578125 0.01015625 0.0171875
1 0.1453125 0.35 0.0078125 0.0125
1 0.6453125 0.409375 0.009375 0.01015625
1 0.99296875 0.37578125 0.01015625 0.01484375
1 0.88359375 0.88046875 0.01015625 0.01328125
0 0.66328125 0.7875 0.01484375 0.02734375
1 0.35625 0.31015625 0.0078125 0.01328125
1 0.08203125 0.37890625 0.0125 0.01484375
1 0.45234375 0.4015625 0.009375 0.01171875
1 0.85625 0.5890625 0.01328125 0.0203125
1 0.33984375 0.30546875 0.00625 0.01171875
1 0.48046875 0.89609375 0.01171875 0.02109375
1 0.85390625 0.33671875 0.009375 0.01484375
1 0.61015625 0.409375 0.01171875 0.01796875
1 0.6953125 0.39296875 0.01171875 0.01484375
1 0.65390625 0.390625 0.01171875 0.0171875
1 0.07421875 0.99140625 0.01875 0.015625
1 0.11015625 0.49609375 0.009375 0.01484375
1 0.58046875 0.3046875 0.00703125 0.01171875
1 0.4078125 0.63359375 0.0125 0.02734375
1 0.034375 0.6484375 0.01015625 0.01796875
1 0.11484375 0.35 0.00859375 0.01328125
1 0.54765625 0.3109375 0.00703125 0.01328125
1 0.93203125 0.34296875 0.009375 0.01484375
0 0.95390625 0.34296875 0.01328125 0.01953125
1 0.91484375 0.93984375 0.015625 0.01953125
1 0.0296875 0.48828125 0.0109375 0.0140625
1 0.15 0.46171875 0.00859375 0.015625
1 0.9453125 0.91796875 0.01328125 0.0234375
1 0.6265625 0.29609375 0.0078125 0.01171875
1 0.81015625 0.8484375 0.00703125 0.0125
1 0.16015625 0.81953125 0.0125 0.015625
1 0.99140625 0.40078125 0.0109375 0.01640625
1 0.83359375 0.84921875 0.0078125 0.0125
1 0.675 0.39921875 0.01015625 0.01640625
1 0.83984375 0.85234375 0.00703125 0.0125
1 0.53828125 0.32109375 0.0109375 0.0125
1 0.80546875 0.61484375 0.0109375 0.01484375
1 0.7734375 0.840625 0.0078125 0.01015625
1 0.8890625 0.859375 0.0078125 0.0140625
1 0.68671875 0.37890625 0.0078125 0.01171875
1 0.853125 0.85234375 0.0078125 0.01171875
1 0.990625 0.6203125 0.0078125 0.0171875
1 0.16171875 0.3125 0.0078125 0.01171875
1 0.35390625 0.37890625 0.009375 0.0140625
1 0.8703125 0.87890625 0.00703125 0.0125
1 0.79375 0.84453125 0.00703125 0.0125
1 0.48984375 0.303125 0.009375 0.01171875
0 0.7578125 0.234375 0.0125 0.01953125
1 0.48125 0.30078125 0.00625 0.0125
1 0.0265625 0.38671875 0.01015625 0.015625
1 0.1484375 0.30625 0.0078125 0.01328125
3 0.95546875 0.46015625 0.0890625 0.1265625
1 0.784375 0.83984375 0.00703125 0.0109375
1 0.64140625 0.29765625 0.0078125 0.0109375
1 0.10703125 0.35 0.009375 0.0140625
1 0.01328125 0.48671875 0.009375 0.0109375
1 0.45234375 0.2984375 0.00703125 0.01171875
1 0.50546875 0.296875 0.00703125 0.01328125
1 0.003125 0.65 0.00625 0.0140625
1 0.1875 0.63984375 0.0125 0.02265625
1 0.46953125 0.884375 0.0078125 0.0140625
1 0.328125 0.9015625 0.0125 0.0140625
1 0.97578125 0.40234375 0.0109375 0.0140625
1 0.91640625 0.92265625 0.0109375 0.0171875
1 0.0171875 0.61015625 0.0109375 0.01796875
1 0.17265625 0.6421875 0.01328125 0.0203125
1 0.9296875 0.9078125 0.01171875 0.015625
1 0.88984375 0.3078125 0.009375 0.01328125
1 0.90546875 0.859375 0.00859375 0.0140625
1 0.13984375 0.33046875 0.0109375 0.0125
1 0.909375 0.3265625 0.009375 0.0125
1 0.9875 0.6484375 0.0125 0.0125
1 0.41640625 0.3484375 0.00859375 0.0125
1 0.71796875 0.39375 0.0078125 0.01328125