3 0.1234375 0.8609375 0.0875 0.04375
4 0.6625 0.29375 0.103125 0.0765625
3 0.09296875 0.290625 0.109375 0.0625
2 0.753125 0.20625 0.134375 0.0578125
1 0.61640625 0.365625 0.0453125 0.0046875
1 0.1765625 0.334375 0.0453125 0.003125
1 0.4421875 0.36640625 0.046875 0.00625
1 0.428125 0.3 0.0453125 0.0046875
1 0.2578125 0.553125 0.0515625 0.0140625
1 0.40546875 0.49296875 0.05 0.0109375
1 0.6046875 0.28125 0.0453125 0.0046875
1 0.18125 0.3796875 0.046875 0.0078125
4 0.56953125 0.3390625 0.1125 0.084375
1 0.421875 0.4234375 0.046875 0.0078125
1 0.3765625 0.3984375 0.046875 0.00625
2 0.23828125 0.21015625 0.1328125 0.053125
1 0.57890625 0.25703125 0.046875 0.003125
1 0.5078125 0.34765625 0.046875 0.00625
1 0.303125 0.4625 0.0484375 0.0109375
1 0.81640625 0.3390625 0.046875 0.0046875
1 0.29140625 0.50390625 0.05 0.0125
1 0.39609375 0.39453125 0.0484375 0.0046875
1 0.82578125 0.8671875 0.0453125 0.0046875
1 0.10546875 0.3890625 0.0484375 0.00625
1 0.24140625 0.6140625 0.0515625 0.0125
1 0.53203125 0.284375 0.0484375 0.0109375
1 0.7109375 0.48515625 0.0484375 0.009375
1 0.3921875 0.34140625 0.0453125 0.0078125
1 0.82890625 0.34375 0.046875 0.00625
0 0.7671875 0.2171875 0.0484375 0.009375
1 0.4765625 0.2921875 0.0453125 0.0046875
1 0.7078125 0.45546875 0.0453125 0.0078125
1 0.17890625 0.3046875 0.046875 0.0046875
1 0.43515625 0.44453125 0.0484375 0.0078125
1 0.7265625 0.50078125 0.0484375 0.00625
3 0.059375 0.46484375 0.11875 0.1328125
1 0.23828125 0.8859375 0.0453125 0.0046875
1 0.49375 0.303125 0.0453125 0.0046875
3 0.27109375 0.86171875 0.1 0.053125
1 0.18203125 0.934375 0.0546875 0.01875
1 0.28515625 0.47265625 0.0484375 0.0078125
1 0.4765625 0.35 0.046875 0.009375
1 0.3640625 0.3484375 0.0484375 0.00625
1 0.43984375 0.34453125 0.046875 0.00625
1 0.5484375 0.375 0.0484375 0.00625
1 0.73125 0.5171875 0.046875 0.00625
1 0.54765625 0.27421875 0.0484375 0.0046875
1 0.57265625 0.41484375 0.0484375 0.0078125
1 0.46015625 0.31796875 0.046875 0.00625
1 0.74140625 0.53984375 0.0484375 0.009375
1 0.54296875 0.32265625 0.0453125 0.003125
1 0.3421875 0.39609375 0.0453125 0.00625
1 0.3421875 0.3484375 0.0453125 0.003125
1 0.32421875 0.4109375 0.0484375 0.009375
1 0.6390625 0.34765625 0.046875 0.0046875
1 0.803125 0.87109375 0.0484375 0.00625
1 0.721875 0.453125 0.0484375 0.00625
1 0.35859375 0.37109375 0.0484375 0.009375
1 0.3703125 0.3640625 0.046875 0.0015625
1 0.303125 0.43359375 0.0484375 0.0109375
1 0.45703125 0.34609375 0.0484375 0.0078125
1 0.78203125 0.86953125 0.05 0.009375
1 0.22109375 0.65078125 0.05 0.00625
1 0.61328125 0.86796875 0.0453125 0.0015625
1 0.33671875 0.41328125 0.0515625 0.0109375
1 0.290625 0.45390625 0.0484375 0.0078125
1 0.32734375 0.33515625 0.0453125 0.003125
1 0.35 0.3796875 0.046875 0.0046875
1 0.3828125 0.34296875 0.0484375 0.0078125
1 0.3265625 0.8921875 0.0515625 0.0109375
4 0.58203125 0.83828125 0.1125 0.065625
1 0.22109375 0.63984375 0.0515625 0.0125
1 0.49453125 0.3328125 0.0484375 0.003125
1 0.22421875 0.8765625 0.0453125 0.0046875
1 0.303125 0.4265625 0.0484375 0.0109375
1 0.29296875 0.4375 0.0484375 0.00625
1 0.73828125 0.503125 0.0484375 0.00625
1 0.3140625 0.33515625 0.046875 0.00625
1 0.45546875 0.32890625 0.046875 0.00625
1 0.484375 0.33203125 0.046875 0.0046875
1 0.2921875 0.41796875 0.046875 0.003125
0 0.9140625 0.0109375 0.046875 0.0046875
1 0.48359375 0.321875 0.0484375 0.0046875
1 0.92578125 0.9390625 0.0484375 0.00625
1 0.21171875 0.88046875 0.046875 0.0046875
4 0.66015625 0.415625 0.1171875 0.103125
1 0.97734375 0.93515625 0.0453125 0.0046875
1 0.7640625 0.5125 0.0484375 0.003125
1 0.315625 0.82109375 0.0515625 0.015625
1 0.74140625 0.51640625 0.046875 0.0046875
1 0.959375 0.9375 0.0484375 0.0046875
1 0.71640625 0.825 0.046875 0.003125
1 0.6015625 0.3234375 0.046875 0.00625
1 0.68046875 0.71328125 0.0484375 0.0015625
1 0.3046875 0.88984375 0.053125 0.0125
1 0.328125 0.3953125 0.0484375 0.00625
1 0.371875 0.3515625 0.046875 0.0046875
1 0.29609375 0.40703125 0.0484375 0.003125
1 0.809375 0.85078125 0.0484375 0.0015625
1 0.803125 0.85078125 0.0484375 0.0015625
1 0.77265625 0.85 0.046875 0.0015625
1 0.303125 0.375 0.0453125 0.003125
1 0.91640625 0.98046875 0.053125 0.0109375
1 0.31796875 0.40546875 0.05 0.003125
1 0.74453125 0.53203125 0.053125 0.0125
1 0.34296875 0.37421875 0.0484375 0.0078125
1 0.303125 0.4015625 0.05 0.009375
1 0.32890625 0.384375 0.046875 0.003125
1 0.475 0.88125 0.0453125 0.0015625
1 0.475 0.8921875 0.046875 0.0015625
1 0.940625 0.9796875 0.05 0.009375
1 0.92578125 0.9625 0.0484375 0.00625
1 0.30078125 0.3484375 0.0453125 0.003125
1 0.3 0.38671875 0.046875 0.003125