3 0.35703125 0.33359375 0.10625 0.0796875
2 0.7875 0.23671875 0.1234375 0.0609375
4 0.959375 0.4234375 0.08125 0.109375
0 0.23125 0.21640625 0.05 0.01875
0 0.203125 0.2234375 0.0515625 0.021875
0 0.121875 0.1546875 0.0484375 0.01875
4 0.7625 0.87421875 0.125 0.1078125
0 0.89296875 0.1203125 0.0484375 0.015625
0 0.2515625 0.2671875 0.0484375 0.015625
0 0.69296875 0.78125 0.0453125 0.0125
0 0.1390625 0.1625 0.0515625 0.01875
0 0.98046875 0.303125 0.0390625 0.015625
0 0.1796875 0.140625 0.0484375 0.0171875
0 0.171875 0.178125 0.046875 0.015625
0 0.85078125 0.0734375 0.0453125 0.0078125
0 0.9 0.0578125 0.05 0.0203125
0 0.86875 0.05390625 0.046875 0.01875
0 0.9671875 0.1515625 0.0484375 0.01875
1 0.13203125 0.41484375 0.04375 0.0125
0 0.721875 0.27109375 0.04375 0.0125
0 0.79609375 0.175 0.046875 0.0140625
0 0.1625 0.1640625 0.05 0.0171875
1 0.4359375 0.584375 0.040625 0.0046875
1 0.671875 0.37265625 0.0421875 0.0078125
0 0.809375 0.17734375 0.0484375 0.015625
1 0.6484375 0.45078125 0.0453125 0.015625
0 0.12734375 0.12109375 0.05 0.0203125
0 0.75 0.74375 0.0484375 0.021875
1 0.86875 0.48359375 0.046875 0.0140625
0 0.96796875 0.29765625 0.046875 0.0140625
0 0.225 0.2734375 0.0484375 0.0109375
1 0.90703125 0.41328125 0.0453125 0.0125
3 0.3234375 0.509375 0.1421875 0.1453125
1 0.63046875 0.33828125 0.0421875 0.009375
1 0.6359375 0.3515625 0.0421875 0.009375
0 0.91953125 0.07421875 0.0484375 0.0140625
1 0.6015625 0.3375 0.0421875 0.0109375
1 0.6328125 0.5234375 0.0484375 0.0171875
0 0.18828125 0.17421875 0.0515625 0.0203125
0 0.19921875 0.16796875 0.05 0.0171875
1 0.4375 0.4609375 0.04375 0.0140625
1 0.85625 0.3953125 0.04375 0.0109375
1 0.8265625 0.93671875 0.0484375 0.0203125
1 0.8953125 0.415625 0.046875 0.0125
1 0.93203125 0.44453125 0.046875 0.0140625
1 0.56875 0.33671875 0.0421875 0.009375
1 0.61796875 0.33203125 0.0421875 0.009375
1 0.61796875 0.31171875 0.04375 0.0109375
1 0.1390625 0.86484375 0.04375 0.0109375
1 0.865625 0.33671875 0.0453125 0.0109375
1 0.84765625 0.88515625 0.0421875 0.0109375
0 0.98359375 0.20390625 0.0328125 0.0171875
1 0.15625 0.33125 0.0421875 0.0078125
1 0.2546875 0.48046875 0.046875 0.015625
1 0.8203125 0.44375 0.0484375 0.01875
1 0.1359375 0.62578125 0.0484375 0.0140625
1 0.67421875 0.465625 0.0453125 0.0140625
1 0.8984375 0.38046875 0.0421875 0.0109375
1 0.20859375 0.85390625 0.0421875 0.009375
1 0.38828125 0.4109375 0.04375 0.0125
1 0.14921875 0.859375 0.0453125 0.0140625
1 0.8359375 0.91015625 0.0453125 0.0140625
4 0.078125 0.4625 0.146875 0.121875
4 0.36015625 0.86171875 0.1859375 0.11875
0 0.9458518109374999 0.20641329531250002 0.941311096875 0.21390301875 0.95153614375 0.21725317500000002 0.9737786515625 0.216432090625 0.9893125890625001 0.20906906875 0.980111771875 0.2014209703125 0.955377015625 0.20113589375 0.9458518109374999 0.20641329531250002
0 0.9466310734375 0.211255471875 0.9606286640624999 0.2103255015625 0.9796790796874999 0.1996110109375 0.9672178375 0.1939965296875 0.9362183015625 0.19691505625 0.9316775875 0.2045180953125 0.9466310734375 0.211255471875
0 0.9275360234375001 0.1576974578125 0.9425628546875 0.16234299375 0.9748556625000001 0.1616242359375 0.975419640625 0.1471328078125 0.941451675 0.1433699671875 0.9268560359375 0.148767046875 0.9275360234375001 0.1576974578125
0 0.1694848140625 0.13678915 0.139264840625 0.137463978125 0.12967263906249998 0.1467696515625 0.1387370625 0.1510696828125 0.17965122656250002 0.1473853140625 0.1694848140625 0.13678915
0 0.1577482515625 0.138868034375 0.11923876562499999 0.142334896875 0.1178972609375 0.14712766093750002 0.1490375109375 0.1493555984375 0.1650458859375 0.1437455703125 0.1577482515625 0.138868034375
0 0.8462733171875 0.130258678125 0.8391609265625 0.1189607109375 0.8057457843750001 0.121747071875 0.8023907875 0.131936034375 0.8462733171875 0.130258678125
0 0.2423145125 0.2549786921875 0.2131614203125 0.25782880937499997 0.22159902812499999 0.26954229375 0.2442873453125 0.2697907625 0.260581403125 0.2615175109375 0.2423145125 0.2549786921875