2 0.22109375 0.22890625 0.1125 0.0640625
4 0.59375 0.31171875 0.09375 0.0796875
3 0.8625 0.28828125 0.08125 0.065625
3 0.06796875 0.43515625 0.1 0.1046875
1 0.01796875 0.56953125 0.0359375 0.0234375
1 0.6515625 0.4125 0.03125 0.0171875
1 0.290625 0.51328125 0.034375 0.0203125
3 0.90390625 0.8140625 0.0625 0.0484375
3 0.27265625 0.87265625 0.13125 0.109375
4 0.59921875 0.50625 0.1328125 0.13125
1 0.1390625 0.42890625 0.0328125 0.0171875
1 0.975 0.43046875 0.0328125 0.01875
1 0.584375 0.88828125 0.034375 0.021875
1 0.4984375 0.58046875 0.0359375 0.0234375
1 0.675 0.496875 0.034375 0.021875
0 0.7484375 0.1625 0.03125 0.0171875
1 0.72265625 0.43828125 0.0328125 0.01875
1 0.91953125 0.4296875 0.0328125 0.0171875
1 0.6953125 0.42890625 0.03125 0.01875
1 0.1703125 0.95234375 0.040625 0.028125
1 0.8609375 0.3296875 0.0296875 0.0125
1 0.778125 0.8796875 0.034375 0.0203125
1 0.6796875 0.86015625 0.034375 0.01875
1 0.68828125 0.34453125 0.03125 0.015625
1 0.71953125 0.48046875 0.0328125 0.0203125
1 0.7375 0.6 0.034375 0.01875
1 0.3375 0.3984375 0.0328125 0.01875
1 0.728125 0.571875 0.034375 0.0203125
1 0.846875 0.88359375 0.0359375 0.0234375
1 0.621875 0.36015625 0.03125 0.015625
1 0.3125 0.4 0.03125 0.015625
1 0.5421875 0.390625 0.03125 0.015625
1 0.8171875 0.37265625 0.0296875 0.015625
1 0.3359375 0.9015625 0.034375 0.0203125
1 0.07109375 0.478125 0.034375 0.01875
1 0.45625 0.34140625 0.03125 0.015625
1 0.56015625 0.4265625 0.0328125 0.015625
1 0.0796875 0.559375 0.034375 0.0171875
1 0.29453125 0.4390625 0.0328125 0.0171875
1 0.91328125 0.41484375 0.0328125 0.015625
1 0.615625 0.39296875 0.03125 0.0171875
0 0.75390625 0.19609375 0.0328125 0.0171875
1 0.67265625 0.43671875 0.0328125 0.0171875
1 0.640625 0.38046875 0.03125 0.0171875
1 0.8125 0.40625 0.03125 0.015625
1 0.9046875 0.3671875 0.03125 0.0140625
1 0.65859375 0.3359375 0.03125 0.0140625
1 0.17421875 0.9 0.0328125 0.0203125
1 0.47265625 0.575 0.034375 0.01875
1 0.27890625 0.44453125 0.034375 0.0171875
4 0.4984375 0.48828125 0.11875 0.1140625
1 0.34765625 0.86484375 0.03125 0.015625
1 0.109375 0.63828125 0.0375 0.0234375
1 0.8203125 0.39453125 0.03125 0.015625
1 0.89765625 0.4125 0.03125 0.01875
1 0.31640625 0.3734375 0.0296875 0.015625
1 0.33984375 0.34375 0.0296875 0.0140625
1 0.1703125 0.41171875 0.0328125 0.0171875
1 0.48515625 0.89609375 0.0359375 0.0234375
1 0.76875 0.85 0.0296875 0.0140625
1 0.203125 0.89765625 0.0359375 0.021875
1 0.19140625 0.9515625 0.040625 0.03125
1 0.7296875 0.49140625 0.034375 0.0203125
1 0.72890625 0.86171875 0.03125 0.015625
1 0.61171875 0.64140625 0.0296875 0.0140625
1 0.78984375 0.6328125 0.0375 0.0203125
1 0.69375 0.86015625 0.0328125 0.0171875
1 0.871875 0.3359375 0.03125 0.015625
1 0.43984375 0.3171875 0.0296875 0.0140625
1 0.01484375 0.52109375 0.0296875 0.0265625
1 0.54375 0.375 0.0296875 0.0125
1 0.625 0.4375 0.0328125 0.0125
2 0.7421875 0.21796875 0.1171875 0.0484375
1 0.02265625 0.42734375 0.0328125 0.01875
1 0.38515625 0.30703125 0.0296875 0.0125
3 0.54609375 0.82109375 0.059375 0.0453125
0 0.76328125 0.115625 0.0328125 0.0171875
1 0.4625 0.90703125 0.03125 0.009375
1 0.465625 0.31875 0.03125 0.0125
1 0.60546875 0.3515625 0.03125 0.0140625
1 0.4609375 0.3796875 0.0296875 0.0140625
1 0.5765625 0.8484375 0.0296875 0.0109375
0 0.859375 0.16796875 0.0296875 0.0140625
1 0.5421875 0.31953125 0.0296875 0.0125
1 0.66328125 0.34921875 0.03125 0.0140625
1 0.88515625 0.32421875 0.03125 0.0125
1 0.053125 0.359375 0.03125 0.0140625
1 0.71171875 0.86328125 0.03125 0.0140625
1 0.365625 0.91171875 0.03125 0.009375
1 0.54765625 0.33203125 0.0296875 0.0140625
3 0.496875 0.39140625 0.0875 0.096875
1 0.14609375 0.31953125 0.03125 0.0125
1 0.4828125 0.5953125 0.0328125 0.0140625
1 0.1890625 0.915625 0.0375 0.0234375
1 0.79765625 0.8734375 0.034375 0.0203125
1 0.78359375 0.83359375 0.028125 0.009375
1 0.76640625 0.83203125 0.028125 0.0109375
1 0.5921875 0.84765625 0.0296875 0.0109375
0 0.80078125 0.02109375 0.0328125 0.01875
1 0.36953125 0.36171875 0.03125 0.015625
1 0.109375 0.95546875 0.0375 0.025
1 0.3546875 0.34453125 0.0328125 0.0140625
1 0.6390625 0.29375 0.0296875 0.0140625
1 0.9234375 0.33515625 0.03125 0.0140625
1 0.36875 0.3203125 0.03125 0.0140625
1 0.4421875 0.85078125 0.0296875 0.0125
1 0.4640625 0.56484375 0.0328125 0.01875
1 0.8859375 0.72734375 0.0296875 0.0109375
1 0.65703125 0.35390625 0.03125 0.0140625
0 0.7890625 0.05078125 0.0296875 0.015625
1 0.646875 0.48984375 0.0328125 0.0171875
1 0.34453125 0.91171875 0.0328125 0.009375
1 0.30390625 0.37734375 0.03125 0.015625
1 0.36953125 0.3375 0.03125 0.0140625
0 0.86328125 0.22421875 0.0296875 0.0140625
1 0.3203125 0.39140625 0.03125 0.0171875
0 0.85078125 0.13125 0.03125 0.015625
1 0.09765625 0.33359375 0.03125 0.0140625
1 0.82265625 0.83515625 0.0296875 0.0109375
1 0.5796875 0.83515625 0.0265625 0.0109375
1 0.9109375 0.33828125 0.0296875 0.0140625
1 0.35 0.32421875 0.03125 0.0125
1 0.35859375 0.3609375 0.0296875 0.0125
1 0.87890625 0.85390625 0.0296875 0.0125
1 0.63984375 0.5078125 0.034375 0.0171875
1 0.48359375 0.29921875 0.0296875 0.0140625
1 0.840625 0.0734375 0.03125 0.015625
1 0.8859375 0.83671875 0.03125 0.0125
1 0.09453125 0.93359375 0.0359375 0.021875
1 0.8109375 0.96953125 0.0453125 0.0375
1 0.5453125 0.29453125 0.0296875 0.0109375
1 0.59140625 0.8359375 0.028125 0.0109375
1 0.03984375 0.3640625 0.03125 0.015625
1 0.1359375 0.31953125 0.03125 0.0140625
1 0.6421875 0.44375 0.03125 0.0140625
1 0.45546875 0.83203125 0.028125 0.0109375
1 0.28203125 0.43125 0.0296875 0.0109375
1 0.65078125 0.60859375 0.034375 0.0203125
1 0.49375 0.29453125 0.0328125 0.0140625
1 0.5609375 0.84765625 0.0296875 0.0125
1 0.1078125 0.33125 0.03125 0.0125
0 0.8203125 0.0453125 0.03125 0.0140625
1 0.46484375 0.29765625 0.03125 0.0125
1 0.9109375 0.83515625 0.034375 0.015625
1 0.8765625 0.50078125 0.0328125 0.0140625
1 0.1765625 0.85703125 0.03125 0.0109375
1 0.4296875 0.3046875 0.03125 0.0125
1 0.12421875 0.90546875 0.0390625 0.021875
1 0.33828125 0.328125 0.0328125 0.015625
1 0.0734375 0.33359375 0.0359375 0.015625
1 0.171875 0.92890625 0.0359375 0.0125
1 0.53828125 0.2953125 0.0296875 0.0109375
1 0.81171875 0.59453125 0.0296875 0.0109375
1 0.790625 0.82890625 0.028125 0.0109375
1 0.14453125 0.9 0.03125 0.021875
1 0.828125 0.8296875 0.0296875 0.0109375
1 0.62109375 0.38359375 0.03125 0.0125
1 0.04609375 0.97578125 0.034375 0.025
1 0.41875 0.30390625 0.0328125 0.0109375