4 0.51953125 0.36640625 0.08046875 0.0984375
4 0.7703125 0.85390625 0.06328125 0.0640625
3 0.421875 0.253125 0.05859375 0.071875
3 0.1625 0.31484375 0.071875 0.09609375
4 0.8796875 0.459375 0.10234375 0.11484375
3 0.053125 0.4578125 0.10625 0.12578125
2 0.24609375 0.209375 0.0921875 0.06171875
3 0.23359375 0.86171875 0.06875 0.0703125
1 0.571875 0.38359375 0.009375 0.0171875
1 0.15625 0.428125 0.01015625 0.0171875
1 0.79140625 0.609375 0.01328125 0.0234375
1 0.709375 0.446875 0.01171875 0.01796875
0 0.81015625 0.1921875 0.009375 0.01484375
1 0.48203125 0.43203125 0.01015625 0.01796875
1 0.990625 0.4625 0.0125 0.01796875
1 0.09453125 0.36875 0.009375 0.015625
1 0.2328125 0.48515625 0.0109375 0.01953125
2 0.76015625 0.21484375 0.08203125 0.0640625
1 0.328125 0.4546875 0.0109375 0.01875
1 0.18203125 0.89375 0.01015625 0.0171875
1 0.95625 0.40390625 0.01015625 0.01640625
0 0.83203125 0.18046875 0.0109375 0.0171875
1 0.71171875 0.43046875 0.01015625 0.01484375
1 0.20703125 0.91796875 0.01328125 0.02265625
1 0.93671875 0.41953125 0.0109375 0.01640625
1 0.4484375 0.35625 0.00859375 0.01484375
0 0.8109375 0.24453125 0.009375 0.015625
1 0.275 0.55703125 0.01171875 0.02265625
1 0.79140625 0.90625 0.01171875 0.02109375
1 0.36875 0.40390625 0.00859375 0.01640625
1 0.6546875 0.415625 0.009375 0.01640625
1 0.9234375 0.38671875 0.01015625 0.01640625
0 0.78203125 0.1703125 0.009375 0.01640625
1 0.65859375 0.27421875 0.0078125 0.01328125
1 0.44375 0.290625 0.0078125 0.0125
1 0.37734375 0.34296875 0.00859375 0.015625
1 0.14296875 0.89765625 0.01171875 0.01953125
0 0.803125 0.1484375 0.01015625 0.01640625
0 0.83515625 0.21796875 0.01171875 0.0171875
4 0.565625 0.834375 0.03359375 0.04375
0 0.25625 0.2046875 0.01015625 0.015625
1 0.628125 0.40234375 0.009375 0.015625
1 0.85 0.3203125 0.00859375 0.01484375
1 0.9765625 0.4484375 0.01171875 0.01640625
1 0.3 0.46484375 0.0109375 0.01875
1 0.3515625 0.38125 0.009375 0.01484375
1 0.68125 0.43046875 0.01015625 0.01484375
1 0.2296875 0.92890625 0.015625 0.02421875
1 0.765625 0.909375 0.01171875 0.0203125
0 0.74375 0.74296875 0.0078125 0.0140625
1 0.90390625 0.2921875 0.0078125 0.0125
1 0.6203125 0.39375 0.009375 0.015625
0 0.85234375 0.21875 0.01171875 0.02109375
1 0.8296875 0.90390625 0.01015625 0.01484375
1 0.9671875 0.3875 0.009375 0.015625
0 0.80703125 0.06171875 0.0109375 0.01953125
0 0.8109375 0.1625 0.01171875 0.01640625
0 0.8265625 0.1421875 0.01328125 0.01953125
1 0.38828125 0.55703125 0.0125 0.0234375
0 0.85625 0.39765625 0.01171875 0.01953125
1 0.7015625 0.478125 0.0109375 0.01796875
1 0.61796875 0.303125 0.0078125 0.01328125
1 0.6234375 0.58125 0.0125 0.0234375
1 0.82890625 0.93515625 0.015625 0.02421875
1 0.5609375 0.36484375 0.01015625 0.01484375
1 0.64921875 0.371875 0.00859375 0.01484375
0 0.79453125 0.175 0.009375 0.015625
1 0.8515625 0.8953125 0.009375 0.0171875
1 0.690625 0.446875 0.01015625 0.0171875
0 0.821875 0.1703125 0.0109375 0.01953125
1 0.28046875 0.47734375 0.0109375 0.0171875
1 0.909375 0.92421875 0.0125 0.02109375
0 0.84609375 0.23671875 0.01171875 0.01875
1 0.27109375 0.459375 0.009375 0.01875
1 0.26796875 0.41640625 0.009375 0.01796875
0 0.80703125 0.11171875 0.01015625 0.01640625
1 0.58046875 0.265625 0.0078125 0.0125
1 0.5609375 0.290625 0.009375 0.0171875
0 0.78671875 0.203125 0.01171875 0.01328125
1 0.1015625 0.42734375 0.0109375 0.01796875
1 0.4953125 0.2703125 0.0078125 0.01328125
1 0.43203125 0.30234375 0.00703125 0.0140625
0 0.16015625 0.17578125 0.0109375 0.01640625
0 0.278125 0.71328125 0.0109375 0.0234375
1 0.5546875 0.8734375 0.00703125 0.01171875
1 0.9484375 0.9109375 0.01015625 0.02109375
1 0.95234375 0.34609375 0.009375 0.015625
1 0.54296875 0.29140625 0.0078125 0.01171875
0 0.80859375 0.12734375 0.01171875 0.01484375
0 0.25859375 0.8203125 0.0109375 0.0203125
0 0.80703125 0.09296875 0.009375 0.0171875
0 0.73515625 0.71875 0.009375 0.015625
1 0.81640625 0.925 0.0125 0.02109375
1 0.64921875 0.35546875 0.00859375 0.0125
1 0.23046875 0.5046875 0.0078125 0.0125
1 0.9359375 0.8828125 0.009375 0.0140625
0 0.26484375 0.78125 0.009375 0.0171875
1 0.00859375 0.36015625 0.0109375 0.01640625
1 0.8546875 0.875 0.00703125 0.0125
0 0.8328125 0.20234375 0.0125 0.0171875
1 0.90859375 0.41875 0.00859375 0.0140625
0 0.95625 0.0578125 0.009375 0.01328125
1 0.5421875 0.30390625 0.00703125 0.0140625
0 0.7953125 0.2046875 0.00859375 0.015625
1 0.35078125 0.42734375 0.009375 0.0140625
1 0.55390625 0.275 0.00703125 0.01171875
1 0.93203125 0.93125 0.01328125 0.01953125
1 0.89765625 0.8953125 0.01015625 0.01484375
1 0.4203125 0.28671875 0.0078125 0.01328125
1 0.57265625 0.3265625 0.01015625 0.0140625
0 0.1546875 0.2125 0.009375 0.015625
1 0.65625 0.39609375 0.00859375 0.01328125
1 0.0515625 0.37890625 0.01015625 0.015625
0 0.73828125 0.703125 0.01015625 0.015625
1 0.34140625 0.43125 0.009375 0.015625
1 0.56640625 0.2578125 0.00703125 0.01171875
1 0.528125 0.29140625 0.009375 0.0125
0 0.76953125 0.234375 0.0078125 0.01796875
1 0.9609375 0.45 0.01171875 0.01796875
0 0.81484375 0.096875 0.009375 0.01796875
1 0.4640625 0.2640625 0.0078125 0.0125
0 0.74375 0.76015625 0.0078125 0.0125
1 0.3375 0.3578125 0.01015625 0.01328125
0 0.78515625 0.12421875 0.01015625 0.01640625
1 0.70390625 0.415625 0.009375 0.01640625
1 0.328125 0.334375 0.0078125 0.0125
1 0.32109375 0.33046875 0.0078125 0.015625
1 0.13828125 0.98671875 0.0234375 0.02578125
1 0.66875 0.3296875 0.0078125 0.01171875
1 0.5203125 0.309375 0.00703125 0.01171875
0 0.65078125 0.7078125 0.0109375 0.01875
1 0.51328125 0.2609375 0.00859375 0.01171875
0 0.753125 0.81875 0.009375 0.015625
1 0.33125 0.43359375 0.009375 0.01640625
1 0.5828125 0.871875 0.009375 0.01171875
1 0.2578125 0.92109375 0.0171875 0.0234375
0 0.74140625 0.775 0.0078125 0.01328125
1 0.3546875 0.39375 0.009375 0.01171875
1 0.68515625 0.4171875 0.01015625 0.015625
1 0.41953125 0.98984375 0.01953125 0.01875
1 0.11640625 0.88125 0.009375 0.015625
1 0.31328125 0.4421875 0.0125 0.01875
1 0.6609375 0.80390625 0.0125 0.0234375
1 0.81640625 0.2921875 0.00703125 0.0109375
1 0.928125 0.86875 0.00703125 0.01171875
1 0.34140625 0.38359375 0.0109375 0.01484375
1 0.89375 0.946875 0.01015625 0.01171875
0 0.27734375 0.753125 0.00859375 0.0171875
0 0.15859375 0.253125 0.01015625 0.01640625
1 0.67109375 0.40078125 0.01015625 0.01484375
1 0.65390625 0.3828125 0.0078125 0.0125
1 0.57265625 0.87109375 0.01015625 0.01171875
1 0.32421875 0.34609375 0.00859375 0.0125
0 0.16640625 0.2390625 0.0078125 0.01328125
1 0.4390625 0.88359375 0.0078125 0.0109375
1 0.55234375 0.26328125 0.0078125 0.0109375
1 0.51484375 0.3203125 0.0078125 0.0140625
1 0.55 0.3015625 0.0125 0.0125
1 0.47734375 0.2640625 0.0109375 0.01171875
1 0.3234375 0.4328125 0.00859375 0.01484375
1 0.18125 0.26796875 0.00703125 0.01171875
1 0.6578125 0.35703125 0.00859375 0.01484375
1 0.2703125 0.4375 0.0078125 0.01640625