4 0.34296875 0.29375 0.08125 0.078125
2 0.23828125 0.21484375 0.0921875 0.0625
3 0.596875 0.32578125 0.06875 0.0875
4 0.52890625 0.3921875 0.08125 0.103125
3 0.184375 0.85078125 0.075 0.0578125
3 0.7484375 0.85078125 0.075 0.075
1 0.6484375 0.39140625 0.015625 0.015625
1 0.3453125 0.390625 0.015625 0.0171875
2 0.75 0.21015625 0.096875 0.053125
1 0.63203125 0.4421875 0.015625 0.01875
1 0.71015625 0.46640625 0.0171875 0.01875
1 0.10859375 0.3671875 0.0140625 0.015625
1 0.65859375 0.403125 0.015625 0.0171875
1 0.72109375 0.515625 0.01875 0.021875
1 0.90625 0.38359375 0.015625 0.015625
1 0.0640625 0.32734375 0.015625 0.0125
1 0.66953125 0.4046875 0.01875 0.0171875
1 0.709375 0.89375 0.015625 0.0171875
1 0.934375 0.32734375 0.0140625 0.0125
1 0.5625 0.55390625 0.01875 0.021875
1 0.41015625 0.340625 0.015625 0.015625
1 0.58359375 0.64609375 0.01875 0.0125
1 0.60390625 0.4625 0.0171875 0.01875
1 0.04296875 0.4171875 0.015625 0.0171875
1 0.9875 0.43515625 0.01875 0.01875
1 0.11171875 0.2921875 0.0125 0.009375
1 0.4890625 0.378125 0.015625 0.0171875
1 0.47890625 0.4984375 0.01875 0.021875
1 0.25546875 0.534375 0.01875 0.01875
1 0.9453125 0.4171875 0.015625 0.015625
1 0.9734375 0.3453125 0.015625 0.015625
1 0.7359375 0.4921875 0.01875 0.01875
1 0.515625 0.89296875 0.0125 0.0125
1 0.39140625 0.86796875 0.0125 0.0125
1 0.92890625 0.4015625 0.0171875 0.01875
1 0.903125 0.89296875 0.015625 0.015625
1 0.6640625 0.509375 0.015625 0.015625
1 0.29609375 0.521875 0.01875 0.01875
1 0.06875 0.3453125 0.015625 0.015625
1 0.3265625 0.40703125 0.015625 0.015625
1 0.159375 0.2828125 0.0140625 0.009375
1 0.65078125 0.48828125 0.0171875 0.01875
1 0.5578125 0.27890625 0.0125 0.0125
1 0.621875 0.26953125 0.0140625 0.0125
1 0.64765625 0.2953125 0.015625 0.0140625
1 0.884375 0.3015625 0.0171875 0.015625
1 0.59609375 0.3984375 0.015625 0.015625
1 0.57265625 0.4015625 0.015625 0.015625
1 0.56953125 0.28046875 0.0125 0.0125
1 0.73515625 0.54765625 0.01875 0.0203125
1 0.8125 0.92734375 0.021875 0.025
1 0.78125 0.91953125 0.0171875 0.0203125
1 0.95 0.43125 0.015625 0.015625
1 0.3234375 0.5125 0.0171875 0.021875
1 0.89609375 0.30234375 0.015625 0.0140625
1 0.25859375 0.5125 0.0171875 0.0140625
1 0.0734375 0.91953125 0.01875 0.021875
1 0.4078125 0.30390625 0.0125 0.0125
1 0.60625 0.559375 0.01875 0.0203125
1 0.75234375 0.53359375 0.0171875 0.01875
1 0.87109375 0.2703125 0.0140625 0.0125
1 0.63359375 0.29296875 0.015625 0.0140625
1 0.61484375 0.43671875 0.015625 0.0171875
4 0.92890625 0.478125 0.0890625 0.109375
1 0.3953125 0.2921875 0.0140625 0.0140625
1 0.76796875 0.92421875 0.021875 0.0265625
1 0.8984375 0.328125 0.015625 0.0125
1 0.9890625 0.3703125 0.015625 0.015625
1 0.878125 0.37421875 0.015625 0.015625
1 0.69140625 0.45859375 0.015625 0.015625
3 0.4390625 0.834375 0.046875 0.0390625
1 0.1 0.3171875 0.015625 0.0140625
1 0.6828125 0.409375 0.0171875 0.015625
1 0.38515625 0.2953125 0.0140625 0.0125
1 0.9 0.91796875 0.01875 0.0234375
1 0.1296875 0.29453125 0.0125 0.015625
1 0.096875 0.296875 0.0140625 0.0125
1 0.3578125 0.35390625 0.0140625 0.0125
1 0.13125 0.271875 0.0125 0.0125
1 0.53671875 0.8828125 0.0125 0.0109375
1 0.4125 0.3421875 0.0109375 0.0109375
1 0.159375 0.31171875 0.0109375 0.009375
1 0.2765625 0.55859375 0.0171875 0.021875
1 0.8921875 0.27734375 0.0140625 0.0125
1 0.6140625 0.5109375 0.015625 0.01875
1 0.58125 0.390625 0.015625 0.015625
1 0.13359375 0.86953125 0.015625 0.0140625
1 0.31953125 0.3671875 0.0171875 0.01875
1 0.92734375 0.94921875 0.021875 0.034375
1 0.17109375 0.26953125 0.0125 0.009375
1 0.6640625 0.34453125 0.015625 0.009375
1 0.90546875 0.378125 0.015625 0.015625
1 0.7359375 0.52734375 0.01875 0.015625
1 0.70390625 0.45 0.015625 0.0125
1 0.62421875 0.396875 0.01875 0.01875
1 0.3890625 0.31875 0.015625 0.0140625
1 0.7734375 0.89609375 0.015625 0.0171875
1 0.3328125 0.37578125 0.015625 0.0140625
1 0.07890625 0.33515625 0.015625 0.015625
1 0.615625 0.54453125 0.01875 0.021875
1 0.2640625 0.56484375 0.01875 0.021875
1 0.70234375 0.4 0.015625 0.015625
1 0.70390625 0.46796875 0.015625 0.015625
1 0.5703125 0.50859375 0.0171875 0.01875
1 0.26953125 0.52109375 0.01875 0.01875
1 0.0578125 0.98984375 0.021875 0.01875
1 0.86640625 0.2609375 0.0125 0.0125
1 0.0515625 0.9296875 0.01875 0.0203125
1 0.40078125 0.2828125 0.015625 0.0125
1 0.68125 0.29375 0.0125 0.0140625
1 0.06328125 0.91328125 0.0125 0.0125
1 0.9234375 0.303125 0.015625 0.0125
1 0.52109375 0.88046875 0.015625 0.0125
1 0.16796875 0.28046875 0.0125 0.0125
1 0.15234375 0.88671875 0.015625 0.0140625
1 0.6875 0.45703125 0.015625 0.0125
1 0.6015625 0.540625 0.0171875 0.01875
1 0.62890625 0.28046875 0.015625 0.009375
1 0.578125 0.496875 0.015625 0.0171875
1 0.65859375 0.35625 0.015625 0.015625
1 0.634375 0.44453125 0.015625 0.015625
1 0.55390625 0.496875 0.015625 0.0171875
1 0.14765625 0.29375 0.01875 0.0125
1 0.1328125 0.865625 0.0125 0.00625
1 0.0875 0.88125 0.009375 0.0140625
1 0.915625 0.6453125 0.021875 0.0203125
1 0.50078125 0.6125 0.015625 0.025
1 0.909375 0.3015625 0.015625 0.0125
1 0.828125 0.2625 0.0125 0.0125
1 0.62890625 0.2609375 0.0125 0.0125
1 0.846875 0.26171875 0.015625 0.0125
1 0.74453125 0.5046875 0.0171875 0.0125
1 0.340625 0.34921875 0.0125 0.0140625
1 0.89453125 0.2921875 0.015625 0.009375
1 0.08515625 0.88125 0.0171875 0.01875
1 0.16484375 0.309375 0.015625 0.0125
1 0.5421875 0.496875 0.015625 0.015625