4 0.40390625 0.3828125 0.1140625 0.1015625
2 0.24453125 0.20546875 0.1140625 0.0640625
3 0.6765625 0.3 0.084375 0.06875
1 0.225 0.540625 0.040625 0.025
3 0.1375 0.34609375 0.0921875 0.090625
1 0.078125 0.5 0.040625 0.0234375
3 0.2171875 0.8296875 0.115625 0.0859375
1 0.3984375 0.4390625 0.0375 0.0203125
1 0.9515625 0.52109375 0.0390625 0.021875
3 0.378125 0.8515625 0.121875 0.103125
1 0.0328125 0.4203125 0.0390625 0.0203125
1 0.29140625 0.54921875 0.040625 0.0234375
1 0.5125 0.403125 0.0359375 0.01875
1 0.284375 0.4421875 0.0375 0.01875
2 0.765625 0.23984375 0.1203125 0.0515625
1 0.2921875 0.41328125 0.0375 0.0171875
1 0.8171875 0.4109375 0.0359375 0.0171875
1 0.08828125 0.35 0.0375 0.0171875
1 0.46796875 0.40234375 0.0375 0.01875
1 0.05859375 0.39765625 0.0390625 0.01875
1 0.93828125 0.55078125 0.040625 0.021875
1 0.98671875 0.603125 0.0265625 0.021875
1 0.08828125 0.57109375 0.0390625 0.015625
1 0.62265625 0.3625 0.0359375 0.0171875
4 0.69609375 0.83828125 0.071875 0.046875
1 0.6796875 0.58671875 0.040625 0.021875
4 0.21328125 0.4390625 0.109375 0.1140625
1 0.6359375 0.3640625 0.0359375 0.0171875
1 0.58125 0.88359375 0.0375 0.01875
1 0.8875 0.390625 0.034375 0.015625
1 0.9546875 0.4625 0.0375 0.01875
1 0.5484375 0.43515625 0.0375 0.01875
1 0.68359375 0.50546875 0.0390625 0.021875
1 0.5578125 0.884375 0.0375 0.0203125
1 0.37734375 0.43203125 0.0390625 0.0203125
1 0.83671875 0.41484375 0.0375 0.01875
1 0.50546875 0.42578125 0.0375 0.0203125
1 0.1078125 0.5703125 0.040625 0.01875
1 0.75234375 0.909375 0.040625 0.0203125
1 0.0203125 0.3921875 0.040625 0.01875
1 0.3125 0.409375 0.0390625 0.01875
1 0.03515625 0.32890625 0.0359375 0.015625
1 0.72890625 0.49765625 0.0390625 0.0203125
1 0.96875 0.46328125 0.0390625 0.01875
1 0.18671875 0.3671875 0.0375 0.0171875
1 0.12265625 0.875 0.040625 0.021875
1 0.9703125 0.4453125 0.0390625 0.01875
1 0.80703125 0.90078125 0.0390625 0.0203125
1 0.55 0.9078125 0.0375 0.0140625
1 0.2921875 0.42890625 0.0375 0.01875
1 0.71640625 0.4640625 0.0375 0.015625
1 0.20234375 0.884375 0.040625 0.025
1 0.50078125 0.33203125 0.034375 0.015625
1 0.86015625 0.58203125 0.040625 0.025
1 0.715625 0.48046875 0.0390625 0.0203125
1 0.52734375 0.34140625 0.034375 0.015625
1 0.7671875 0.91015625 0.0390625 0.0203125
1 0.69609375 0.465625 0.0390625 0.01875
1 0.8109375 0.92421875 0.0421875 0.0234375
1 0.1828125 0.87109375 0.0390625 0.021875
1 0.79765625 0.953125 0.0453125 0.0328125
1 0.14296875 0.92734375 0.046875 0.034375
1 0.43125 0.31953125 0.034375 0.015625
1 0.0390625 0.37734375 0.040625 0.01875
1 0.3296875 0.4078125 0.0375 0.01875
1 0.44609375 0.33203125 0.0359375 0.0171875
1 0.66875 0.3875 0.0375 0.01875
1 0.946875 0.44375 0.0359375 0.015625
1 0.68515625 0.48671875 0.0390625 0.0171875
1 0.534375 0.6234375 0.0359375 0.0234375
1 0.54296875 0.3328125 0.034375 0.0140625
1 0.08984375 0.86484375 0.0375 0.0203125
1 0.66171875 0.8765625 0.034375 0.015625
1 0.8953125 0.6640625 0.0421875 0.0234375
1 0.303125 0.6140625 0.0421875 0.025
1 0.9359375 0.44375 0.0375 0.015625
1 0.05703125 0.8609375 0.0375 0.0171875
1 0.81875 0.95390625 0.0453125 0.0296875
1 0.9125 0.3953125 0.0359375 0.015625
1 0.709375 0.44375 0.0359375 0.015625
1 0.12890625 0.85 0.0359375 0.015625
1 0.09609375 0.6234375 0.0421875 0.01875
1 0.6375 0.34296875 0.0359375 0.015625
1 0.70546875 0.478125 0.0375 0.01875
1 0.3265625 0.38984375 0.0359375 0.015625
1 0.01328125 0.346875 0.0265625 0.015625
1 0.13828125 0.86328125 0.0359375 0.01875
1 0.5546875 0.33828125 0.034375 0.015625
1 0.640625 0.325 0.034375 0.0140625
1 0.9140625 0.43125 0.0390625 0.0171875
1 0.63046875 0.91171875 0.0375 0.0125
1 0.575 0.3328125 0.034375 0.0140625
1 0.59765625 0.3734375 0.0390625 0.0203125
1 0.11875 0.28359375 0.034375 0.015625
1 0.09453125 0.29296875 0.0359375 0.015625
1 0.8046875 0.99609375 0.05 0.0078125
1 0.515625 0.31015625 0.034375 0.015625
1 0.8625 0.97109375 0.046875 0.0328125
1 0.17109375 0.3015625 0.034375 0.0140625
1 0.43203125 0.29921875 0.034375 0.0140625
1 0.72421875 0.85390625 0.034375 0.0125
1 0.52734375 0.29765625 0.034375 0.0140625
1 0.3125 0.3890625 0.0375 0.015625
1 0.32578125 0.86171875 0.0359375 0.0171875
1 0.834375 0.47109375 0.034375 0.015625
4 0.4578125 0.82890625 0.11875 0.1296875
1 0.69921875 0.41796875 0.0359375 0.0140625
1 0.69921875 0.4390625 0.0375 0.0171875
1 0.55703125 0.325 0.034375 0.0125
1 0.7390625 0.63984375 0.040625 0.025
1 0.9234375 0.403125 0.0375 0.015625
1 0.390625 0.88515625 0.040625 0.021875
1 0.83125 0.33515625 0.0375 0.015625
1 0.8609375 0.6671875 0.0375 0.0125
1 0.12734375 0.28359375 0.0359375 0.015625
1 0.05390625 0.3765625 0.0375 0.0171875
1 0.17109375 0.28203125 0.034375 0.0140625
1 0.134375 0.90625 0.0421875 0.021875
1 0.55703125 0.303125 0.034375 0.0125
1 0.184375 0.2859375 0.0359375 0.015625
1 0.84453125 0.95703125 0.0453125 0.0265625
1 0.68125 0.8796875 0.0375 0.0171875
1 0.9375 0.60625 0.0375 0.0171875
1 0.503125 0.31953125 0.0359375 0.0140625
1 0.63046875 0.3359375 0.034375 0.0140625
1 0.0171875 0.3265625 0.034375 0.015625
0 0.69921875 0.1859375 0.040625 0.0234375
1 0.4671875 0.29765625 0.034375 0.0125
1 0.11796875 0.9234375 0.04375 0.0265625
1 0.0125 0.396875 0.025 0.01875
1 0.415625 0.89296875 0.040625 0.021875
1 0.80703125 0.88359375 0.0359375 0.0171875
1 0.49453125 0.3015625 0.034375 0.0140625
1 0.69296875 0.86484375 0.0359375 0.0140625
1 0.94765625 0.40234375 0.0359375 0.015625
1 0.82265625 0.3203125 0.0359375 0.0140625
1 0.784375 0.88046875 0.0359375 0.0140625
1 0.8859375 0.34921875 0.0359375 0.015625
1 0.878125 0.9203125 0.0390625 0.021875
1 0.6734375 0.85859375 0.0359375 0.0140625
1 0.853125 0.34375 0.0359375 0.015625
1 0.78203125 0.90078125 0.0375 0.0171875
1 0.73515625 0.85390625 0.0359375 0.0109375
1 0.10234375 0.82734375 0.0359375 0.0171875
1 0.84921875 0.91875 0.040625 0.01875
1 0.51640625 0.2984375 0.0359375 0.0125
1 0.7078125 0.465625 0.0375 0.0171875
1 0.0875 0.9109375 0.040625 0.0234375
1 0.65078125 0.86015625 0.034375 0.0140625
1 0.40546875 0.8859375 0.0390625 0.0234375
1 0.49609375 0.31953125 0.0359375 0.0171875
1 0.45078125 0.29140625 0.0359375 0.0140625
1 0.2578125 0.853125 0.0375 0.0140625
1 0.159375 0.825 0.0359375 0.015625
1 0.934375 0.39921875 0.0359375 0.015625
1 0.89609375 0.35234375 0.0359375 0.0140625
1 0.86328125 0.9109375 0.0375 0.015625
1 0.15703125 0.28828125 0.034375 0.0125
1 0.9109375 0.365625 0.0375 0.015625
1 0.15234375 0.3 0.0359375 0.0140625
1 0.4828125 0.29609375 0.0359375 0.0140625
1 0.84375 0.34296875 0.0359375 0.015625
1 0.86796875 0.3453125 0.0375 0.015625
1 0.6859375 0.85703125 0.0359375 0.0140625