3 0.13359375 0.35859375 0.075 0.07734375
3 0.18515625 0.84296875 0.06171875 0.06484375
4 0.5671875 0.46015625 0.0796875 0.11796875
2 0.76953125 0.22109375 0.0875 0.0578125
4 0.7125 0.57109375 0.08515625 0.153125
4 0.515625 0.340625 0.05625 0.08359375
2 0.2484375 0.22734375 0.09140625 0.05
1 0.634375 0.38203125 0.009375 0.01484375
1 0.3828125 0.48359375 0.01171875 0.01875
3 0.45390625 0.33828125 0.05 0.06875
1 0.628125 0.48203125 0.01171875 0.0234375
0 0.7765625 0.1953125 0.01171875 0.01953125
1 0.6046875 0.37421875 0.0078125 0.01328125
1 0.64921875 0.39453125 0.00859375 0.015625
1 0.61328125 0.39609375 0.01015625 0.0171875
1 0.384375 0.45546875 0.0109375 0.015625
1 0.44140625 0.4609375 0.01015625 0.01875
1 0.60859375 0.4671875 0.01015625 0.01796875
1 0.425 0.33359375 0.00859375 0.01484375
1 0.409375 0.34609375 0.00859375 0.0125
1 0.63515625 0.4 0.0109375 0.015625
1 0.39921875 0.4875 0.01171875 0.01953125
1 0.43125 0.4765625 0.0125 0.01640625
1 0.42421875 0.353125 0.00859375 0.0125
1 0.39453125 0.35546875 0.00625 0.01171875
1 0.740625 0.840625 0.00625 0.01171875
1 0.48515625 0.3640625 0.009375 0.015625
1 0.3921875 0.3828125 0.00859375 0.0171875
0 0.1453125 0.01171875 0.0140625 0.01953125
1 0.6015625 0.40703125 0.01015625 0.01640625
1 0.396875 0.4578125 0.0109375 0.01328125
0 0.24609375 0.209375 0.0078125 0.01328125
0 0.98359375 0.21796875 0.00703125 0.0109375
1 0.409375 0.48046875 0.01015625 0.01796875
1 0.6171875 0.4515625 0.01015625 0.01875
1 0.45390625 0.38359375 0.00859375 0.0140625
1 0.39921875 0.42890625 0.01171875 0.01484375
4 0.55546875 0.8109375 0.04453125 0.0390625
1 0.42421875 0.3703125 0.0078125 0.0125
1 0.4453125 0.38046875 0.0078125 0.01171875
1 0.6734375 0.3 0.01015625 0.01015625
1 0.409375 0.40390625 0.01015625 0.01484375
1 0.5609375 0.37265625 0.009375 0.0125
1 0.3859375 0.46875 0.01171875 0.0140625
1 0.734375 0.8375 0.00859375 0.01171875
0 0.78359375 0.12421875 0.01171875 0.015625