2 0.76953125 0.21875 0.08671875 0.0609375
3 0.89140625 0.38125 0.08203125 0.08125
1 0.00703125 0.48125 0.0125 0.01796875
4 0.64921875 0.2890625 0.06171875 0.06484375
1 0.03203125 0.4453125 0.0109375 0.01640625
1 0.871875 0.440625 0.0109375 0.0171875
1 0.77265625 0.5546875 0.0125 0.02265625
1 0.46640625 0.58359375 0.01328125 0.0203125
1 0.74453125 0.534375 0.0125 0.02109375
1 0.65 0.42265625 0.01015625 0.0171875
1 0.30859375 0.4390625 0.01015625 0.0171875
1 0.35625 0.46015625 0.01171875 0.0203125
1 0.32890625 0.50625 0.0109375 0.02109375
4 0.81171875 0.88984375 0.10078125 0.159375
4 0.0765625 0.521875 0.0984375 0.10546875
1 0.79375 0.61796875 0.0140625 0.01953125
2 0.24765625 0.2265625 0.09296875 0.046875
1 0.6203125 0.89609375 0.01328125 0.02265625
1 0.65390625 0.3828125 0.00859375 0.015625
1 0.11171875 0.39375 0.009375 0.01484375
1 0.04453125 0.41875 0.009375 0.015625
1 0.7859375 0.59140625 0.01328125 0.0171875
1 0.63203125 0.34453125 0.009375 0.01640625
1 0.30546875 0.41640625 0.01015625 0.01640625
1 0.621875 0.3984375 0.00859375 0.0171875
1 0.3234375 0.5796875 0.01171875 0.01953125
1 0.665625 0.88203125 0.0109375 0.0203125
1 0.259375 0.92109375 0.015625 0.0265625
1 0.41640625 0.8796875 0.01015625 0.01875
1 0.81953125 0.42578125 0.0109375 0.01796875
1 0.18828125 0.39453125 0.00859375 0.015625
1 0.57109375 0.38125 0.009375 0.015625
1 0.378125 0.5 0.01171875 0.01953125
1 0.7375 0.5796875 0.01328125 0.0234375
1 0.58046875 0.3828125 0.00859375 0.01484375
1 0.01640625 0.44921875 0.0109375 0.0171875
1 0.1671875 0.9296875 0.01640625 0.02890625
1 0.91484375 0.48984375 0.01171875 0.01875
1 0.76640625 0.6265625 0.0140625 0.01953125
1 0.478125 0.3546875 0.009375 0.01484375
1 0.93359375 0.5578125 0.01328125 0.01796875
1 0.06640625 0.41640625 0.01015625 0.01640625
1 0.009375 0.3984375 0.00859375 0.015625
1 0.078125 0.40859375 0.01015625 0.015625
1 0.14609375 0.92734375 0.01484375 0.025
1 0.08046875 0.3953125 0.01015625 0.01328125
1 0.95703125 0.39921875 0.0109375 0.015625
1 0.415625 0.45703125 0.0109375 0.01953125
1 0.384375 0.3484375 0.00859375 0.015625
1 0.83828125 0.33046875 0.00859375 0.01328125
1 0.7265625 0.62734375 0.01328125 0.02109375
1 0.56015625 0.84296875 0.00859375 0.0140625
1 0.21953125 0.8984375 0.0125 0.021875
1 0.1796875 0.884375 0.0109375 0.01796875
1 0.74453125 0.92890625 0.01328125 0.02890625
1 0.0984375 0.365625 0.01015625 0.015625
1 0.11640625 0.95625 0.01875 0.034375
1 0.1453125 0.34375 0.00703125 0.0140625
1 0.60234375 0.3484375 0.00859375 0.01484375
1 0.31875 0.8671875 0.00859375 0.01484375
1 0.575 0.89296875 0.01328125 0.0203125
1 0.09296875 0.94609375 0.0171875 0.03203125
1 0.60546875 0.33046875 0.0078125 0.0125
1 0.6671875 0.859375 0.01015625 0.015625
1 0.8359375 0.3765625 0.01015625 0.015625
1 0.746875 0.62265625 0.01328125 0.0203125
1 0.17265625 0.3171875 0.00859375 0.01328125
1 0.56953125 0.29765625 0.0078125 0.0125
1 0.12890625 0.8890625 0.009375 0.0171875
1 0.22578125 0.87421875 0.01015625 0.015625
1 0.0703125 0.9921875 0.01875 0.01484375
1 0.33125 0.86484375 0.00703125 0.01328125
1 0.5890625 0.88203125 0.01171875 0.01875
1 0.1875 0.3046875 0.009375 0.01171875
1 0.43359375 0.315625 0.00703125 0.01328125
1 0.19765625 0.9078125 0.01328125 0.02265625
1 0.17890625 0.3046875 0.00625 0.0125
1 0.17421875 0.64296875 0.0140625 0.01953125
1 0.159375 0.64453125 0.01484375 0.01953125
1 0.15 0.31796875 0.00859375 0.0125
1 0.62421875 0.31796875 0.0109375 0.0125
1 0.878125 0.99609375 0.0109375 0.00703125
1 0.9734375 0.3921875 0.0109375 0.015625
1 0.12890625 0.915625 0.01171875 0.02109375
1 0.1671875 0.9921875 0.01953125 0.0140625
1 0.96796875 0.38125 0.0078125 0.01328125
1 0.11015625 0.35 0.00859375 0.0125
1 0.45078125 0.3484375 0.009375 0.01484375
1 0.99375 0.39375 0.009375 0.01640625
1 0.11640625 0.33984375 0.00625 0.01171875
1 0.003125 0.459375 0.00625 0.0140625
1 0.55078125 0.8875 0.0109375 0.02265625
1 0.571875 0.8375 0.00859375 0.01484375
1 0.15859375 0.31953125 0.0078125 0.0125
1 0.94140625 0.38359375 0.0078125 0.0125
1 0.615625 0.32578125 0.00859375 0.01328125
1 0.0609375 0.3953125 0.0109375 0.0140625
1 0.8546875 0.303125 0.0078125 0.0140625
1 0.89609375 0.903125 0.009375 0.021875
1 0.08203125 0.36875 0.009375 0.01484375
1 0.04140625 0.396875 0.00703125 0.01328125
1 0.98515625 0.3796875 0.0109375 0.0125
1 0.11171875 0.875 0.01015625 0.015625
1 0.359375 0.30234375 0.009375 0.0109375
1 0.29453125 0.8453125 0.01015625 0.0125
1 0.2734375 0.84609375 0.00859375 0.0109375
1 0.2546875 0.84296875 0.00625 0.01015625
1 0.65703125 0.86953125 0.01015625 0.015625
1 0.1375 0.34296875 0.01015625 0.0140625
1 0.921875 0.9109375 0.01328125 0.021875
1 0.9515625 0.38671875 0.00859375 0.0109375
1 0.34765625 0.296875 0.009375 0.01171875
0 0.85703125 0.809375 0.0125 0.02109375
1 0.56015625 0.82578125 0.00859375 0.0125
1 0.2140625 0.88046875 0.0109375 0.01484375
1 0.165625 0.31015625 0.00703125 0.0125
1 0.61015625 0.31953125 0.00703125 0.01171875
1 0.075 0.38125 0.009375 0.0125
1 0.215625 0.84609375 0.0078125 0.01015625
1 0.94921875 0.3546875 0.0109375 0.0140625
1 0.15 0.87578125 0.01015625 0.015625
1 0.33828125 0.30859375 0.00546875 0.01171875
1 0.20390625 0.88046875 0.009375 0.015625
1 0.8828125 0.9453125 0.01171875 0.01328125
1 0.165625 0.8765625 0.0109375 0.0140625
1 0.9421875 0.3703125 0.0078125 0.0109375
1 0.17265625 0.8453125 0.00859375 0.0125
1 0.121875 0.3296875 0.01015625 0.0140625
1 0.20625 0.84296875 0.00546875 0.01015625
1 0.87421875 0.96875 0.0109375 0.0234375