4 0.975 0.41640625 0.05 0.09609375
2 0.77109375 0.21796875 0.0859375 0.06328125
4 0.46640625 0.315625 0.053125 0.084375
4 0.26875 0.83984375 0.071875 0.0703125
3 0.17421875 0.30390625 0.0453125 0.0625
1 0.68359375 0.86953125 0.009375 0.0171875
1 0.21171875 0.575 0.01328125 0.02421875
1 0.85390625 0.453125 0.01171875 0.01875
1 0.45703125 0.45546875 0.01015625 0.01875
1 0.61953125 0.43203125 0.01015625 0.01796875
1 0.54765625 0.43671875 0.01015625 0.01875
1 0.64921875 0.49453125 0.01171875 0.0203125
1 0.69609375 0.5421875 0.0125 0.01953125
1 0.33046875 0.478125 0.01015625 0.01875
1 0.6765625 0.51875 0.01171875 0.02109375
1 0.67578125 0.57578125 0.01328125 0.02265625
1 0.5921875 0.53203125 0.01328125 0.0234375
1 0.64921875 0.3828125 0.00859375 0.015625
1 0.1078125 0.48203125 0.0109375 0.01875
4 0.81953125 0.8703125 0.1125 0.1203125
1 0.41875 0.48515625 0.0109375 0.0203125
1 0.5671875 0.42109375 0.009375 0.0171875
1 0.88046875 0.92421875 0.01640625 0.028125
1 0.7265625 0.44453125 0.01015625 0.01796875
1 0.453125 0.496875 0.0109375 0.0203125
0 0.8515625 0.02578125 0.01328125 0.0203125
1 0.6609375 0.34375 0.0078125 0.0140625
1 0.684375 0.39453125 0.009375 0.01640625
1 0.25703125 0.51015625 0.01015625 0.0203125
1 0.925 0.42421875 0.0109375 0.01796875
1 0.65546875 0.4078125 0.009375 0.01640625
1 0.49296875 0.4234375 0.009375 0.01796875
1 0.30390625 0.42734375 0.0109375 0.0171875
1 0.4921875 0.3578125 0.009375 0.01640625
1 0.5921875 0.3546875 0.0078125 0.01484375
1 0.38515625 0.878125 0.009375 0.0171875
1 0.93671875 0.40390625 0.0109375 0.01640625
1 0.28984375 0.44140625 0.009375 0.015625
1 0.1453125 0.92265625 0.01640625 0.02890625
1 0.4296875 0.4375 0.009375 0.01796875
1 0.05 0.46484375 0.0109375 0.0171875
1 0.88125 0.378125 0.009375 0.01484375
0 0.77890625 0.1609375 0.009375 0.01796875
1 0.65390625 0.59296875 0.01171875 0.015625
1 0.37421875 0.3734375 0.00859375 0.01328125
1 0.059375 0.3796875 0.009375 0.01484375
1 0.83046875 0.41484375 0.01015625 0.0171875
1 0.5140625 0.428125 0.0109375 0.015625
1 0.62578125 0.3859375 0.009375 0.015625
1 0.24296875 0.90078125 0.0140625 0.025
1 0.53203125 0.4078125 0.009375 0.0171875
1 0.29375 0.45859375 0.01015625 0.0171875
0 0.8171875 0.05234375 0.0125 0.0203125
1 0.875 0.42109375 0.0109375 0.0171875
1 0.57734375 0.38046875 0.0078125 0.0140625
1 0.61875 0.5953125 0.01171875 0.01328125
1 0.446875 0.8984375 0.01328125 0.01875
1 0.3421875 0.9 0.01484375 0.0171875
1 0.17578125 0.578125 0.01328125 0.0203125
1 0.990625 0.465625 0.01328125 0.01796875
1 0.61796875 0.578125 0.01171875 0.01484375
4 0.1828125 0.38046875 0.046875 0.06953125
1 0.22421875 0.89140625 0.0125 0.021875
2 0.246875 0.2265625 0.0921875 0.05078125
1 0.70078125 0.52109375 0.0125 0.01796875
1 0.39140625 0.36953125 0.00859375 0.01484375
1 0.32265625 0.40625 0.01015625 0.01796875
1 0.2078125 0.8875 0.01328125 0.021875
1 0.62421875 0.5421875 0.0125 0.02265625
1 0.6828125 0.3765625 0.01015625 0.015625
1 0.20546875 0.96953125 0.0203125 0.0390625
1 0.35625 0.38515625 0.00859375 0.01640625
1 0.715625 0.8765625 0.0109375 0.01875
1 0.67578125 0.55234375 0.01328125 0.01875
1 0.0453125 0.4234375 0.00703125 0.01484375
1 0.753125 0.9109375 0.01484375 0.02578125
1 0.4 0.42421875 0.01015625 0.01640625
1 0.8734375 0.33359375 0.0078125 0.01328125
0 0.81640625 0.121875 0.01171875 0.0203125
1 0.90859375 0.3875 0.009375 0.015625
1 0.11484375 0.93046875 0.01640625 0.02890625
1 0.65078125 0.55078125 0.01328125 0.02265625
1 0.2890625 0.42578125 0.01171875 0.01796875
0 0.7859375 0.146875 0.0109375 0.015625
1 0.253125 0.478125 0.01015625 0.01875
1 0.38359375 0.33203125 0.0078125 0.01328125
0 0.92734375 0.03984375 0.0140625 0.0234375
1 0.634375 0.37265625 0.009375 0.01484375
1 0.07890625 0.43984375 0.009375 0.01484375
3 0.16796875 0.83046875 0.04453125 0.04453125
1 0.33828125 0.421875 0.01015625 0.015625
1 0.38828125 0.396875 0.0109375 0.01484375
1 0.54296875 0.4859375 0.009375 0.01953125
1 0.9203125 0.37578125 0.009375 0.01484375
1 0.13125 0.3328125 0.0078125 0.0125
1 0.8421875 0.31640625 0.0078125 0.0125
1 0.88984375 0.34765625 0.009375 0.01484375
1 0.36796875 0.8765625 0.01015625 0.0171875
1 0.109375 0.50546875 0.01171875 0.0203125
1 0.37578125 0.3921875 0.0109375 0.01640625
1 0.28046875 0.4546875 0.00859375 0.0125
1 0.8546875 0.32109375 0.0078125 0.0140625
1 0.1828125 0.4109375 0.0109375 0.01640625
1 0.35234375 0.3578125 0.01015625 0.01484375
1 0.49765625 0.3265625 0.0078125 0.0125
0 0.84921875 0.0078125 0.0140625 0.015625
1 0.2859375 0.47578125 0.01015625 0.015625
1 0.678125 0.35546875 0.0078125 0.0140625
1 0.5546875 0.3234375 0.0078125 0.01328125
0 0.26015625 0.1796875 0.0109375 0.01640625
1 0.3671875 0.34375 0.00703125 0.0140625
1 0.71328125 0.42734375 0.01015625 0.0171875
1 0.71640625 0.3484375 0.009375 0.015625
0 0.2640625 0.234375 0.0109375 0.01640625
1 0.3859375 0.40859375 0.009375 0.0125
0 0.83671875 0.1015625 0.01171875 0.02109375
1 0.51328125 0.403125 0.009375 0.01171875
1 0.4078125 0.35546875 0.0078125 0.0140625
0 0.846875 0.071875 0.01015625 0.01875
1 0.65390625 0.30703125 0.00703125 0.0125
1 0.1328125 0.890625 0.01015625 0.02109375
3 0.98515625 0.54140625 0.0296875 0.1078125
1 0.553125 0.4890625 0.01171875 0.01796875
1 0.3953125 0.8984375 0.0171875 0.021875
1 0.15625 0.8828125 0.00546875 0.01328125
1 0.37734375 0.896875 0.01484375 0.0203125
1 0.64765625 0.31796875 0.0078125 0.01328125
1 0.35234375 0.5390625 0.00859375 0.0125
1 0.51328125 0.31875 0.0078125 0.01171875
1 0.35078125 0.3421875 0.00859375 0.01328125
1 0.028125 0.39140625 0.00859375 0.0140625
1 0.734375 0.84375 0.0078125 0.0125
1 0.54140625 0.325 0.0078125 0.0140625
1 0.346875 0.88515625 0.009375 0.01484375
1 0.53359375 0.31875 0.0078125 0.01171875
1 0.5953125 0.30546875 0.00703125 0.0125
0 0.2625 0.196875 0.009375 0.01484375
1 0.528125 0.340625 0.009375 0.0140625
1 0.634375 0.9890625 0.02109375 0.0203125
1 0.14765625 0.32890625 0.00859375 0.01328125
0 0.2359375 0.1703125 0.01015625 0.015625
0 0.77109375 0.14921875 0.01015625 0.0203125
1 0.09921875 0.86640625 0.0109375 0.01796875
1 0.409375 0.3734375 0.00859375 0.0125
1 0.33203125 0.3875 0.009375 0.01640625
1 0.61484375 0.303125 0.0078125 0.0125
1 0.153125 0.640625 0.0140625 0.0234375
0 0.80546875 0.1171875 0.009375 0.01640625
1 0.296875 0.6484375 0.00859375 0.009375
1 0.775 0.99296875 0.0203125 0.01328125
1 0.6234375 0.31953125 0.01015625 0.0125
1 0.58046875 0.30703125 0.0078125 0.01328125
1 0.5546875 0.9890625 0.01875 0.01953125
1 0.67734375 0.83203125 0.00625 0.0109375
1 0.6078125 0.9890625 0.01875 0.01953125
1 0.6015625 0.61796875 0.0109375 0.015625
1 0.05625 0.9359375 0.0171875 0.0296875
1 0.8765625 0.34921875 0.009375 0.0140625
1 0.09140625 0.346875 0.00859375 0.01328125
1 0.63046875 0.31796875 0.0078125 0.0125
1 0.33203125 0.3515625 0.009375 0.015625
1 0.50859375 0.29921875 0.0078125 0.01171875
1 0.59296875 0.78828125 0.01015625 0.01953125
1 0.3140625 0.8640625 0.0109375 0.0171875
1 0.340625 0.34765625 0.0078125 0.01484375
1 0.30234375 0.865625 0.01015625 0.0171875
1 0.11015625 0.334375 0.00859375 0.0125
1 0.559375 0.30078125 0.01015625 0.01328125
1 0.93515625 0.32109375 0.009375 0.01484375
1 0.89921875 0.9921875 0.0125 0.0140625
1 0.62578125 0.30390625 0.0078125 0.0125
1 0.34375 0.33125 0.00703125 0.0125
1 0.3078125 0.64140625 0.01171875 0.021875
1 0.07109375 0.92265625 0.01171875 0.021875
1 0.4359375 0.84765625 0.00703125 0.0140625
1 0.853125 0.30703125 0.00703125 0.009375
1 0.7875 0.35859375 0.0109375 0.01875
1 0.9953125 0.64296875 0.009375 0.025
1 0.30625 0.3078125 0.00859375 0.0140625
1 0.57109375 0.2984375 0.0078125 0.0125
0 0.7671875 0.2453125 0.01484375 0.01171875
1 0.31328125 0.98984375 0.02421875 0.0203125
1 0.42421875 0.31640625 0.00703125 0.01171875
1 0.17265625 0.64296875 0.01328125 0.0171875
1 0.1234375 0.89140625 0.01171875 0.01953125
1 0.07265625 0.35 0.00859375 0.0125
1 0.315625 0.353125 0.0109375 0.0171875
1 0.05390625 0.98515625 0.01875 0.0296875
1 0.4421875 0.853125 0.00625 0.01015625
1 0.884375 0.83046875 0.009375 0.015625
0 0.278125 0.73515625 0.00703125 0.01484375
1 0.25703125 0.603125 0.0078125 0.0125
1 0.7609375 0.88203125 0.0078125 0.0109375
1 0.11328125 0.8859375 0.0109375 0.01875
1 0.41015625 0.30234375 0.0109375 0.01328125