2 0.7828125 0.2328125 0.0984375 0.0640625
1 0.27109375 0.4703125 0.021875 0.0171875
4 0.39765625 0.2859375 0.0765625 0.0734375
3 0.31328125 0.84140625 0.096875 0.0984375
3 0.85859375 0.315625 0.06875 0.071875
4 0.76953125 0.84375 0.0609375 0.053125
3 0.13984375 0.39375 0.1015625 0.0984375
1 0.76953125 0.56875 0.0234375 0.021875
1 0.33203125 0.4953125 0.021875 0.0203125
1 0.7421875 0.54609375 0.021875 0.0203125
1 0.671875 0.41015625 0.01875 0.015625
1 0.4578125 0.53125 0.0234375 0.0203125
1 0.490625 0.58359375 0.0234375 0.0203125
1 0.60078125 0.90078125 0.0234375 0.0203125
1 0.67578125 0.4328125 0.0203125 0.0171875
1 0.31171875 0.42890625 0.0203125 0.015625
2 0.26328125 0.2140625 0.1046875 0.05
1 0.78046875 0.60625 0.0234375 0.015625
1 0.19296875 0.5625 0.0234375 0.0203125
1 0.7875 0.6328125 0.025 0.01875
1 0.36015625 0.871875 0.021875 0.0171875
1 0.04921875 0.3953125 0.0203125 0.0140625
1 0.8578125 0.4453125 0.021875 0.0171875
1 0.64140625 0.878125 0.021875 0.0171875
1 0.31015625 0.40625 0.0203125 0.015625
1 0.1578125 0.43046875 0.021875 0.0171875
1 0.19609375 0.37734375 0.0203125 0.0140625
1 0.65234375 0.8765625 0.0203125 0.0140625
1 0.6390625 0.35234375 0.0203125 0.0140625
1 0.7328125 0.5921875 0.0234375 0.0234375
1 0.81015625 0.96171875 0.0296875 0.03125
1 0.5515625 0.8484375 0.01875 0.0125
1 0.1546875 0.91953125 0.028125 0.0296875
1 0.9515625 0.41015625 0.021875 0.0140625
1 0.95390625 0.4421875 0.021875 0.015625
1 0.9140625 0.39296875 0.0203125 0.0140625
1 0.6734375 0.37578125 0.0171875 0.0140625
1 0.909375 0.509375 0.0234375 0.01875
1 0.54140625 0.884375 0.021875 0.0171875
1 0.759375 0.640625 0.025 0.01875
1 0.02734375 0.37890625 0.01875 0.0125
1 0.67421875 0.8859375 0.0203125 0.0171875
1 0.77734375 0.88125 0.0203125 0.0140625
1 0.4515625 0.36875 0.0171875 0.0125
1 0.9296875 0.58203125 0.0234375 0.0171875
1 0.37734375 0.49453125 0.021875 0.0203125
1 0.5421875 0.321875 0.0171875 0.0125
4 0.26484375 0.5578125 0.140625 0.1515625
1 0.85546875 0.9203125 0.0234375 0.0203125
1 0.653125 0.33828125 0.0171875 0.0125
1 0.4046875 0.89375 0.0234375 0.01875
1 0.01953125 0.42421875 0.0203125 0.0171875
1 0.5640625 0.88515625 0.021875 0.0171875
1 0.03515625 0.41875 0.0171875 0.0125
1 0.09296875 0.9359375 0.0296875 0.0328125
1 0.8234375 0.4421875 0.021875 0.01875
1 0.80859375 0.91015625 0.0234375 0.0203125
1 0.109375 0.89453125 0.025 0.0234375
1 0.19921875 0.8828125 0.0234375 0.01875
1 0.35 0.36796875 0.01875 0.0140625
1 0.084375 0.38671875 0.0203125 0.0140625
1 0.07109375 0.39296875 0.0203125 0.0140625
1 0.7640625 0.965625 0.03125 0.0359375
1 0.1890625 0.2859375 0.0171875 0.0109375
1 0.80390625 0.8625 0.021875 0.0140625
1 0.978125 0.41796875 0.0234375 0.015625
1 0.84921875 0.653125 0.0265625 0.0234375
1 0.18515625 0.9046875 0.0265625 0.0234375
1 0.828125 0.909375 0.021875 0.0171875
1 0.85390625 0.95546875 0.0265625 0.028125
3 0.82578125 0.85078125 0.0453125 0.0484375
1 0.5140625 0.3234375 0.0171875 0.0109375
1 0.9453125 0.396875 0.0203125 0.0140625
1 0.14921875 0.54140625 0.021875 0.021875
1 0.15 0.32265625 0.01875 0.0109375
1 0.13046875 0.9109375 0.0265625 0.0265625
1 0.0703125 0.9234375 0.028125 0.03125
1 0.159375 0.86640625 0.0203125 0.0171875
1 0.82734375 0.93671875 0.025 0.0234375
1 0.99375 0.41796875 0.0125 0.0140625
1 0.475 0.303125 0.0171875 0.0109375
1 0.5875 0.30859375 0.0171875 0.0109375
1 0.08828125 0.3734375 0.0203125 0.0109375
1 0.24375 0.82890625 0.0171875 0.009375
1 0.015625 0.3734375 0.0203125 0.0140625
1 0.49921875 0.321875 0.01875 0.0125
1 0.10625 0.34453125 0.0203125 0.0140625
1 0.98203125 0.45078125 0.021875 0.0140625
1 0.04453125 0.96875 0.028125 0.0140625
1 0.1796875 0.40859375 0.021875 0.015625
1 0.0921875 0.85390625 0.0203125 0.015625
1 0.16953125 0.3203125 0.0171875 0.0125
1 0.82578125 0.8859375 0.0203125 0.0140625
1 0.14296875 0.97421875 0.0296875 0.0140625
1 0.5515625 0.8875 0.0234375 0.0203125
1 0.68515625 0.35859375 0.015625 0.0109375
1 0.98984375 0.43671875 0.0203125 0.0171875
1 0.17578125 0.3015625 0.0171875 0.0109375
1 0.7109375 0.334375 0.01875 0.0125
1 0.69296875 0.84765625 0.0171875 0.0109375
1 0.9 0.93203125 0.0234375 0.0203125
1 0.89453125 0.35234375 0.01875 0.0125
1 0.15625 0.30078125 0.0171875 0.0109375
1 0.88125 0.39609375 0.021875 0.0140625
1 0.19453125 0.8640625 0.0203125 0.0125
1 0.7921875 0.903125 0.021875 0.01875
1 0.73984375 0.6375 0.025 0.021875
1 0.11796875 0.3296875 0.01875 0.0109375
1 0.97421875 0.40546875 0.01875 0.0109375
1 0.46015625 0.32421875 0.01875 0.0125
1 0.440625 0.278125 0.015625 0.0109375
1 0.95546875 0.378125 0.0203125 0.0140625
1 0.940625 0.375 0.0203125 0.0125
1 0.26015625 0.83359375 0.015625 0.009375
1 0.45859375 0.34609375 0.01875 0.0125
1 0.12109375 0.85859375 0.021875 0.0140625
1 0.57109375 0.3046875 0.01875 0.0109375
1 0.35859375 0.2890625 0.01875 0.009375
1 0.675 0.83984375 0.0171875 0.0109375
1 0.98984375 0.40625 0.0203125 0.0125
1 0.13828125 0.30859375 0.0171875 0.0125
1 0.13359375 0.63046875 0.021875 0.0125
1 0.734375 0.86015625 0.01875 0.0109375
1 0.00703125 0.43359375 0.0140625 0.0140625
1 0.08203125 0.359375 0.0203125 0.0125
1 0.915625 0.3734375 0.01875 0.0125
1 0.12421875 0.321875 0.015625 0.0109375
1 0.44140625 0.8484375 0.0171875 0.0078125
1 0.1375 0.8578125 0.021875 0.0140625
1 0.0609375 0.375 0.0171875 0.0109375
1 0.82265625 0.428125 0.01875 0.0109375
1 0.0921875 0.346875 0.0203125 0.0125
1 0.88671875 0.34453125 0.0171875 0.0125
1 0.07734375 0.3734375 0.021875 0.0125
1 0.909375 0.3671875 0.01875 0.0140625
1 0.1484375 0.62265625 0.025 0.025
1 0.52421875 0.825 0.015625 0.0078125
1 0.178125 0.8640625 0.021875 0.015625
1 0.1609375 0.2859375 0.01875 0.0109375
1 0.82421875 0.99140625 0.0328125 0.015625
1 0.9046875 0.38671875 0.0203125 0.0125
1 0.490625 0.28046875 0.0171875 0.0109375
1 0.72421875 0.85546875 0.015625 0.0109375
1 0.48046875 0.2796875 0.0171875 0.0109375
1 0.53984375 0.8265625 0.015625 0.0078125
1 0.06640625 0.3640625 0.01875 0.009375
0 0.53515625 0.22421875 0.0171875 0.0109375
1 0.49375 0.89765625 0.0171875 0.0140625
1 0.21171875 0.81171875 0.015625 0.009375
1 0.996875 0.39375 0.00625 0.0125
4 0.553125 0.8109375 0.03125 0.034375