0 0.10703125 0.2421875 0.0109375 0.01796875
0 0.228125 0.2078125 0.009375 0.0171875
0 0.14453125 0.1828125 0.009375 0.01640625
0 0.134375 0.2125 0.01015625 0.01953125
0 0.1953125 0.13984375 0.009375 0.0171875
0 0.125 0.24765625 0.0109375 0.015625
0 0.15546875 0.15 0.01015625 0.01875
3 0.1109375 0.35078125 0.06953125 0.0828125
4 0.4484375 0.82421875 0.0625 0.0890625
4 0.55859375 0.84609375 0.0828125 0.1109375
1 0.86796875 0.353125 0.0078125 0.01484375
0 0.221875 0.19296875 0.0078125 0.0140625
0 0.17421875 0.128125 0.01015625 0.01640625
2 0.76875 0.2203125 0.0875 0.05546875
1 0.28046875 0.45390625 0.01015625 0.01875
0 0.1640625 0.7921875 0.01015625 0.01953125
1 0.90234375 0.515625 0.0125 0.0203125
1 0.34296875 0.371875 0.0078125 0.01484375
0 0.1796875 0.753125 0.0109375 0.02265625
0 0.22109375 0.14921875 0.009375 0.0171875
1 0.87890625 0.3953125 0.009375 0.01640625
3 0.7828125 0.87265625 0.11484375 0.11171875
1 0.653125 0.40390625 0.009375 0.01484375
4 0.23125 0.46484375 0.05859375 0.10234375
1 0.6703125 0.86875 0.009375 0.01875
1 0.5421875 0.3796875 0.01015625 0.01640625
1 0.74296875 0.56640625 0.0140625 0.02421875
1 0.73046875 0.50390625 0.0125 0.0203125
1 0.6703125 0.484375 0.01171875 0.01796875
1 0.840625 0.90234375 0.01171875 0.01796875
1 0.68125 0.46640625 0.01015625 0.01875
1 0.0046875 0.4640625 0.00859375 0.01796875
1 0.57890625 0.31875 0.00859375 0.0125
0 0.1171875 0.2875 0.0078125 0.0140625
1 0.4578125 0.453125 0.0109375 0.01875
1 0.90390625 0.37109375 0.00859375 0.01328125
0 0.17734375 0.1140625 0.01015625 0.01484375
1 0.37734375 0.5796875 0.0140625 0.0234375
1 0.6890625 0.58828125 0.0125 0.02109375
1 0.5515625 0.3828125 0.009375 0.01484375
1 0.696875 0.503125 0.01171875 0.01640625
1 0.2546875 0.56796875 0.0125 0.01875
1 0.39609375 0.878125 0.0109375 0.0203125
1 0.353125 0.328125 0.00625 0.0109375
3 0.17109375 0.8453125 0.03828125 0.05546875
1 0.95390625 0.59140625 0.015625 0.0171875
1 0.86796875 0.3359375 0.0078125 0.0140625
1 0.60859375 0.496875 0.01171875 0.01875
1 0.90390625 0.915625 0.0125 0.02265625
1 0.640625 0.45859375 0.01015625 0.0171875
0 0.771875 0.18359375 0.00625 0.01015625
1 0.04921875 0.92578125 0.015625 0.0296875
1 0.6171875 0.34609375 0.0078125 0.0140625
1 0.54375 0.33203125 0.0078125 0.0125
1 0.25390625 0.546875 0.01171875 0.01953125
1 0.740625 0.52109375 0.0125 0.0203125
1 0.68125 0.41875 0.00859375 0.0140625
1 0.17734375 0.90625 0.01328125 0.025
1 0.59609375 0.45703125 0.00859375 0.01640625
1 0.7 0.5171875 0.01015625 0.0125
1 0.59921875 0.43984375 0.009375 0.01328125
1 0.92734375 0.3390625 0.00859375 0.0109375
1 0.5859375 0.3875 0.00859375 0.0125
1 0.553125 0.43359375 0.009375 0.0140625
1 0.61953125 0.55625 0.01171875 0.01953125
1 0.60859375 0.5203125 0.01171875 0.02109375
1 0.1640625 0.88125 0.01015625 0.01640625
1 0.921875 0.91953125 0.01484375 0.021875
1 0.6296875 0.4765625 0.0109375 0.01953125
0 0.1875 0.1109375 0.01015625 0.0171875
1 0.84765625 0.9265625 0.015625 0.02734375
1 0.6328125 0.33515625 0.00703125 0.015625
1 0.84921875 0.3171875 0.01015625 0.0109375
1 0.56875 0.31796875 0.00859375 0.01171875
1 0.69609375 0.5703125 0.01171875 0.01796875
1 0.5515625 0.3203125 0.00859375 0.0109375
1 0.65625 0.61484375 0.0109375 0.01640625
1 0.646875 0.56171875 0.0125 0.02265625
1 0.715625 0.50859375 0.01328125 0.01796875
3 0.06640625 0.43359375 0.10703125 0.09921875
1 0.5015625 0.3203125 0.0078125 0.0140625
1 0.88671875 0.34921875 0.01015625 0.0140625
0 0.19765625 0.7140625 0.01171875 0.02109375
1 0.4890625 0.39375 0.01015625 0.015625
1 0.6546875 0.50625 0.01015625 0.01640625
1 0.50078125 0.40703125 0.0109375 0.01640625
1 0.925 0.365625 0.0109375 0.0140625
1 0.34375 0.3375 0.00625 0.0125
4 0.8578125 0.45 0.0859375 0.0828125
1 0.8703125 0.88828125 0.01015625 0.0234375
1 0.9078125 0.87578125 0.00703125 0.0140625
1 0.65390625 0.37109375 0.0078125 0.0140625
1 0.4921875 0.315625 0.00703125 0.01171875
1 0.065625 0.96640625 0.01953125 0.040625
1 0.85078125 0.88515625 0.00859375 0.0171875
1 0.621875 0.4359375 0.009375 0.01796875
1 0.90234375 0.353125 0.009375 0.01328125
2 0.246875 0.2265625 0.090625 0.04453125
1 0.5578125 0.45625 0.009375 0.01640625
1 0.7125 0.4640625 0.0109375 0.0171875
1 0.58203125 0.4453125 0.01171875 0.01796875
1 0.69375 0.5484375 0.0140625 0.01953125
1 0.62734375 0.30703125 0.009375 0.01171875
1 0.08125 0.875 0.009375 0.01875
1 0.5515625 0.3328125 0.009375 0.0125
1 0.4296875 0.303125 0.00703125 0.01328125
1 0.371875 0.33515625 0.0078125 0.01484375
0 0.78671875 0.1671875 0.0109375 0.01328125
1 0.64375 0.39921875 0.009375 0.015625
1 0.64453125 0.43828125 0.01015625 0.0171875
1 0.72265625 0.46171875 0.0078125 0.01875
1 0.5484375 0.44609375 0.00859375 0.01640625
1 0.56328125 0.446875 0.01015625 0.01484375
1 0.6421875 0.52578125 0.01171875 0.021875
1 0.3234375 0.8640625 0.0078125 0.0140625
1 0.646875 0.37421875 0.01015625 0.0171875
1 0.61015625 0.4390625 0.00859375 0.01640625
1 0.13984375 0.8796875 0.0109375 0.01796875
1 0.55546875 0.89296875 0.0125 0.0234375
1 0.84140625 0.3078125 0.0078125 0.0125
1 0.521875 0.303125 0.00859375 0.0109375
1 0.2734375 0.56875 0.0140625 0.021875
1 0.46015625 0.3453125 0.009375 0.01484375
1 0.6609375 0.3015625 0.009375 0.015625
1 0.38828125 0.32734375 0.01015625 0.0125
1 0.46484375 0.3046875 0.0078125 0.01171875
1 0.5625 0.33984375 0.0109375 0.015625
3 0.25703125 0.85625 0.11171875 0.096875
3 0.9625 0.42421875 0.07421875 0.128125
0 0.7796875 0.1166666671875 0.77109375 0.1208333328125 0.77265625 0.13333333281249998 0.77890625 0.13194444375 0.7828125 0.12222222187500001 0.7796875 0.1166666671875
0 0.73359375 0.69305555625 0.734375 0.702777778125 0.74140625 0.7 0.74140625 0.6916666671875 0.73359375 0.69305555625
0 0.74453125 0.690277778125 0.74296875 0.7 0.74765625 0.7013888890625 0.74921875 0.6916666671875 0.74453125 0.690277778125
0 0.75234375 0.6986111109375 0.75234375 0.709722221875 0.7578125 0.7111111109375 0.7578125 0.6986111109375 0.75234375 0.6986111109375
0 0.75703125 0.7513888890625 0.75625 0.7583333328124999 0.76171875 0.7597222218749999 0.7625 0.7513888890625 0.75703125 0.7513888890625
0 0.75078125 0.772222221875 0.75546875 0.76944444375 0.7578125 0.765277778125 0.75703125 0.7597222218749999 0.75546875 0.7569444437499999 0.753125 0.7569444437499999 0.7515625 0.75555555625 0.75078125 0.7569444437499999 0.7484375 0.7569444437499999 0.746875 0.7583333328124999 0.7453125 0.7611111109375 0.7453125 0.7666666671875 0.74765625 0.772222221875 0.75078125 0.772222221875
0 0.12421875 0.1875 0.12109375 0.18194444375000002 0.1109375 0.184722221875 0.109375 0.19583333281249998 0.1125 0.20416666718749998 0.12421875 0.2 0.12421875 0.1875